974 112
974 113
974 114
974 115
974 116
974 117
974 118
974 119
974 120
974 121
974 122
974 123
974 124
974 125
974 126
974 127
975 107
975 108
975 109
975 110
975 111
975 112
975 113
975 114
975 115
975 116
975 117
975 118
975 119
975 120
975 121
975 122
975 123
975 124
975 125
975 126
975 127
976 108
976 109
976 110
976 111
976 112
976 113
976 114
976 115
976 116
976 117
976 118
976 119
976 120
976 121
976 122
1010 111
1010 112
1010 113
1010 114
1010 115
1010 116
1010 117
1010 118
1010 119
1010 120
1010 121
1010 122
1010 123
1010 124
1010 125
1010 126
1010 127
1010 128
1010 129
1010 130
1010 131
1010 132
1010 133
1010 134
1011 105
1011 106
1011 107
1011 108
1011 109
1011 110
1011 111
1011 112
1011 113
1011 114
1011 115
1011 116
1011 117
1011 118
1011 119
1011 120
1011 121
1011 122
1011 123
1011 124
1011 125
1011 126
1011 127
1011 128
1011 129
1011 130
1011 131
1011 132
1011 133
1011 134
1011 135
1011 136
1012 102
1012 103
1012 104
1012 105
1012 106
1012 107
1012 108
1012 109
1012 110
1012 111
1012 112
1012 113
1012 114
1012 115
1012 116
1012 117
1012 118
1012 119
1012 120
1012 121
1012 122
1012 123
1012 124
1012 125
1012 126
1012 127
1012 128
1012 129
1012 130
1012 131
1012 132
1012 133
1012 134
1012 135
1013 102
1013 103
1013 104
1013 105
1013 106
1013 107
1013 108
1013 109
1013 110
1013 111
1013 112
1013 113
1013 114
1013 115
1013 116
1013 117
1013 118
1013 119
1013 120
1013 121
1013 122
1013 123
1013 124
1013 125
1013 126
1013 127
1013 128
1013 129
1013 130
1013 131
1014 108
1014 109
1014 110
1014 111
1014 112
1014 113
1014 114
1014 115
1014 116
1014 117
1014 118
1014 119
1014 120
1046 114
1046 115
1046 116
1046 117
1046 118
1046 119
1046 120
1046 121
1046 122
1046 123
1046 124
1046 125
1046 126
1046 127
1046 128
1046 129
1046 130
1046 131
1046 132
1046 133
1046 134
1046 135
1046 136
1046 137
1047 105
1047 106
1047 107
1047 108
1047 109
1047 110
1047 111
1047 112
1047 113
1047 114
1047 115
1047 116
1047 117
1047 118
1047 119
1047 120
1047 121
1047 122
1047 123
1047 124
1047 125
1047 126
1047 127
1047 128
1047 129
1047 130
1047 131
1047 132
1047 133
1047 134
1047 135
1047 136
1047 137
1047 138
1047 139
1047 140
1047 141
1048 101
1048 102
1048 103
1048 104
1048 105
1048 106
1048 107
1048 108
1048 109
1048 110
1048 111
1048 112
1048 113
1048 114
1048 115
1048 116
1048 117
1048 118
1048 119
1048 120
1048 121
1048 122
1048 123
1048 124
1048 125
1048 126
1048 127
1048 128
1048 129
1048 130
1048 131
1048 132
1048 133
1048 134
1048 135
1048 136
1048 137
1048 138
1048 139
1048 140
1048 141
1048 142
1049 99
1049 100
1049 101
1049 102
1049 103
1049 104
1049 105
1049 106
1049 107
1049 108
1049 109
1049 110
1049 111
1049 112
1049 113
1049 114
1049 115
1049 116
1049 117
1049 118
1049 119
1049 120
1049 121
1049 122
1049 123
1049 124
1049 125
1049 126
1049 127
1049 128
1049 129
1049 130
1049 131
1049 132
1049 133
1049 134
1049 135
1049 136
1049 137
1049 138
1049 139
1049 140
1050 100
1050 101
1050 102
1050 103
1050 104
1050 105
1050 106
1050 107
1050 108
1050 109
1050 110
1050 111
1050 112
1050 113
1050 114
1050 115
1050 116
1050 117
1050 118
1050 119
1050 120
1050 121
1050 122
1050 123
1050 124
1050 125
1050 126
1050 127
1050 128
1050 129
1050 130
1050 131
1050 132
1050 133
1050 134
1050 135
1051 106
1051 107
1051 108
1051 109
1051 110
1051 111
1051 112
1051 113
1051 114
1051 115
1051 116
1051 117
1051 118
1051 119
1051 120
1051 121
1051 122
1051 123
1051 124
1051 125
1082 120
1082 121
1082 122
1082 123
1082 124
1082 125
1082 126
1082 127
1082 128
1082 129
1082 130
1082 131
1082 132
1082 133
1082 134
1082 135
1082 136
1083 108
1083 109
1083 110
1083 111
1083 112
1083 113
1083 114
1083 115
1083 116
1083 117
1083 118
1083 119
1083 120
1083 121
1083 122
1083 123
1083 124
1083 125
1083 126
1083 127
1083 128
1083 129
1083 130
1083 131
1083 132
1083 133
1083 134
1083 135
1083 136
1083 137
1083 138
1083 139
1083 140
1083 141
1083 142
1083 143
1083 144
1084 102
1084 103
1084 104
1084 105
1084 106
1084 107
1084 108
1084 109
1084 110
1084 111
1084 112
1084 113
1084 114
1084 115
1084 116
1084 117
1084 118
1084 119
1084 120
1084 121
1084 122
1084 123
1084 124
1084 125
1084 126
1084 127
1084 128
1084 129
1084 130
1084 131
1084 132
1084 133
1084 134
1084 135
1084 136
1084 137
1084 138
1084 139
1084 140
1084 141
1084 142
1084 143
1084 144
1084 145
1084 146
1085 100
1085 101
1085 102
1085 103
1085 104
1085 105
1085 106
1085 107
1085 108
1085 109
1085 110
1085 111
1085 112
1085 113
1085 114
1085 115
1085 116
1085 117
1085 118
1085 119
1085 120
1085 121
1085 122
1085 123
1085 124
1085 125
1085 126
1085 127
1085 128
1085 129
1085 130
1085 131
1085 132
1085 133
1085 134
1085 135
1085 136
1085 137
1085 138
1085 139
1085 140
1085 141
1085 142
1085 143
1085 144
1085 145
1085 146
1086 99
1086 100
1086 101
1086 102
1086 103
1086 104
1086 105
1086 106
1086 107
1086 108
1086 109
1086 110
1086 111
1086 112
1086 113
1086 114
1086 115
1086 116
1086 117
1086 118
1086 119
1086 120
1086 121
1086 122
1086 123
1086 124
1086 125
1086 126
1086 127
1086 128
1086 129
1086 130
1086 131
1086 132
1086 133
1086 134
1086 135
1086 136
1086 137
1086 138
1086 139
1086 140
1086 141
1086 142
1086 143
1087 101
1087 102
1087 103
1087 104
1087 105
1087 106
1087 107
1087 108
1087 109
1087 110
1087 111
1087 112
1087 113
1087 114
1087 115
1087 116
1087 117
1087 118
1087 119
1087 120
1087 121
1087 122
1087 123
1087 124
1087 125
1087 126
1087 127
1087 128
1087 129
1087 130
1087 131
1087 132
1087 133
1087 134
1087 135
1087 136
1087 137
1087 138
1088 109
1088 110
1088 111
1088 112
1088 113
1088 114
1088 115
1088 116
1088 117
1088 118
1088 119
1088 120
1088 121
1088 122
1088 123
1088 124
1119 114
1119 115
1119 116
1119 117
1119 118
1119 119
1119 120
1119 121
1119 122
1119 123
1119 124
1119 125
1119 126
1119 127
1119 128
1119 129
1119 130
1119 131
1119 132
1119 133
1119 134
1119 135
1119 136
1119 137
1119 138
1119 139
1119 140
1119 141
1119 142
1119 143
1120 106
1120 107
1120 108
1120 109
1120 110
1120 111
1120 112
1120 113
1120 114
1120 115
1120 116
1120 117
1120 118
1120 119
1120 120
1120 121
1120 122
1120 123
1120 124
1120 125
1120 126
1120 127
1120 128
1120 129
1120 130
1120 131
1120 132
1120 133
1120 134
1120 135
1120 136
1120 137
1120 138
1120 139
1120 140
1120 141
1120 142
1120 143
1120 144
1120 145
1120 146
1120 147
1120 148
1121 102
1121 103
1121 104
1121 105
1121 106
1121 107
1121 108
1121 109
1121 110
1121 111
1121 112
1121 113
1121 114
1121 115
1121 116
1121 117
1121 118
1121 119
1121 120
1121 121
1121 122
1121 123
1121 124
1121 125
1121 126
1121 127
1121 128
1121 129
1121 130
1121 131
1121 132
1121 133
1121 134
1121 135
1121 136
1121 137
1121 138
1121 139
1121 140
1121 141
1121 142
1121 143
1121 144
1121 145
1121 146
1121 147
1121 148
1121 149
1122 100
1122 101
1122 102
1122 103
1122 104
1122 105
1122 106
1122 107
1122 108
1122 109
1122 110
1122 111
1122 112
1122 113
1122 114
1122 115
1122 116
1122 117
1122 118
1122 119
1122 120
1122 121
1122 122
1122 123
1122 124
1122 125
1122 126
1122 127
1122 128
1122 129
1122 130
1122 131
1122 132
1122 133
1122 134
1122 135
1122 136
1122 137
1122 138
1122 139
1122 140
1122 141
1122 142
1122 143
1122 144
1122 145
1122 146
1122 147
1122 148
1123 100
1123 101
1123 102
1123 103
1123 104
1123 105
1123 106
1123 107
1123 108
1123 109
1123 110
1123 111
1123 112
1123 113
1123 114
1123 115
1123 116
1123 117
1123 118
1123 119
1123 120
1123 121
1123 122
1123 123
1123 124
1123 125
1123 126
1123 127
1123 128
1123 129
1123 130
1123 131
1123 132
1123 133
1123 134
1123 135
1123 136
1123 137
1123 138
1123 139
1123 140
1123 141
1123 142
1123 143
1123 144
1123 145
1124 104
1124 105
1124 106
1124 107
1124 108
1124 109
1124 110
1124 111
1124 112
1124 113
1124 114
1124 115
1124 116
1124 117
1124 118
1124 119
1124 120
1124 121
1124 122
1124 123
1124 124
1124 125
1124 126
1124 127
1124 128
1124 129
1124 130
1124 131
1124 132
1124 133
1124 134
1124 135
1124 136
1124 137
1155 125
1155 126
1155 127
1155 128
1155 129
1155 130
1155 131
1155 132
1155 133
1155 134
1155 135
1155 136
1155 137
1156 111
1156 112
1156 113
1156 114
1156 115
1156 116
1156 117
1156 118
1156 119
1156 120
1156 121
1156 122
1156 123
1156 124
1156 125
1156 126
1156 127
1156 128
1156 129
1156 130
1156 131
1156 132
1156 133
1156 134
1156 135
1156 136
1156 137
1156 138
1156 139
1156 140
1156 141
1156 142
1156 143
1156 144
1156 145
1156 146
1156 147
1157 106
1157 107
1157 108
1157 109
1157 110
1157 111
1157 112
1157 113
1157 114
1157 115
1157 116
1157 117
1157 118
1157 119
1157 120
1157 121
1157 122
1157 123
1157 124
1157 125
1157 126
1157 127
1157 128
1157 129
1157 130
1157 131
1157 132
1157 133
1157 134
1157 135
1157 136
1157 137
1157 138
1157 139
1157 140
1157 141
1157 142
1157 143
1157 144
1157 145
1157 146
1157 147
1157 148
1157 149
1157 150
1158 103
1158 104
1158 105
1158 106
1158 107
1158 108
1158 109
1158 110
1158 111
1158 112
1158 113
1158 114
1158 115
1158 116
1158 117
1158 118
1158 119
1158 120
1158 121
1158 122
1158 123
1158 124
1158 125
1158 126
1158 127
1158 128
1158 129
1158 130
1158 131
1158 132
1158 133
1158 134
1158 135
1158 136
1158 137
1158 138
1158 139
1158 140
1158 141
1158 142
1158 143
1158 144
1158 145
1158 146
1158 147
1158 148
1158 149
1158 150
1158 151
1159 102
1159 103
1159 104
1159 105
1159 106
1159 107
1159 108
1159 109
1159 110
1159 111
1159 112
1159 113
1159 114
1159 115
1159 116
1159 117
1159 118
1159 119
1159 120
1159 121
1159 122
1159 123
1159 124
1159 125
1159 126
1159 127
1159 128
1159 129
1159 130
1159 131
1159 132
1159 133
1159 134
1159 135
1159 136
1159 137
1159 138
1159 139
1159 140
1159 141
1159 142
1159 143
1159 144
1159 145
1159 146
1159 147
1159 148
1159 149
1160 104
1160 105
1160 106
1160 107
1160 108
1160 109
1160 110
1160 111
1160 112
1160 113
1160 114
1160 115
1160 116
1160 117
1160 118
1160 119
1160 120
1160 121
1160 122
1160 123
1160 124
1160 125
1160 126
1160 127
1160 128
1160 129
1160 130
1160 131
1160 132
1160 133
1160 134
1160 135
1160 136
1160 137
1160 138
1160 139
1160 140
1160 141
1160 142
1160 143
1161 112
1161 113
1161 114
1161 115
1161 116
1161 117
1161 118
1161 119
1161 120
1161 121
1161 122
1161 123
1161 124
1161 125
1161 126
1161 127
1161 128
1161 129
1161 130
1161 131
1192 122
1192 123
1192 124
1192 125
1192 126
1192 127
1192 128
1192 129
1192 130
1192 131
1192 132
1192 133
1192 134
1192 135
1192 136
1192 137
1192 138
1192 139
1192 140
1192 141
1192 142
1193 112
1193 113
1193 114
1193 115
1193 116
1193 117
1193 118
1193 119
1193 120
1193 121
1193 122
1193 123
1193 124
1193 125
1193 126
1193 127
1193 128
1193 129
1193 130
1193 131
1193 132
1193 133
1193 134
1193 135
1193 136
1193 137
1193 138
1193 139
1193 140
1193 141
1193 142
1193 143
1193 144
1193 145
1193 146
1193 147
1193 148
1193 149
1194 108
1194 109
1194 110
1194 111
1194 112
1194 113
1194 114
1194 115
1194 116
1194 117
1194 118
1194 119
1194 120
1194 121
1194 122
1194 123
1194 124
1194 125
1194 126
1194 127
1194 128
1194 129
1194 130
1194 131
1194 132
1194 133
1194 134
1194 135
1194 136
1194 137
1194 138
1194 139
1194 140
1194 141
1194 142
1194 143
1194 144
1194 145
1194 146
1194 147
1194 148
1194 149
1194 150
1194 151
1195 106
1195 107
1195 108
1195 109
1195 110
1195 111
1195 112
1195 113
1195 114
1195 115
1195 116
1195 117
1195 118
1195 119
1195 120
1195 121
1195 122
1195 123
1195 124
1195 125
1195 126
1195 127
1195 128
1195 129
1195 130
1195 131
1195 132
1195 133
1195 134
1195 135
1195 136
1195 137
1195 138
1195 139
1195 140
1195 141
1195 142
1195 143
1195 144
1195 145
1195 146
1195 147
1195 148
1195 149
1195 150
1196 107
1196 108
1196 109
1196 110
1196 111
1196 112
1196 113
1196 114
1196 115
1196 116
1196 117
1196 118
1196 119
1196 120
1196 121
1196 122
1196 123
1196 124
1196 125
1196 126
1196 127
1196 128
1196 129
1196 130
1196 131
1196 132
1196 133
1196 134
1196 135
1196 136
1196 137
1196 138
1196 139
1196 140
1196 141
1196 142
1196 143
1196 144
1196 145
1196 146
1197 113
1197 114
1197 115
1197 116
1197 117
1197 118
1197 119
1197 120
1197 121
1197 122
1197 123
1197 124
1197 125
1197 126
1197 127
1197 128
1197 129
1197 130
1197 131
1197 132
1197 133
1197 134
1197 135
1197 136
1197 137
1229 124
1229 125
1229 126
1229 127
1229 128
1229 129
1229 130
1229 131
1229 132
1229 133
1229 134
1229 135
1229 136
1229 137
1229 138
1229 139
1229 140
1229 141
1230 116
1230 117
1230 118
1230 119
1230 120
1230 121
1230 122
1230 123
1230 124
1230 125
1230 126
1230 127
1230 128
1230 129
1230 130
1230 131
1230 132
1230 133
1230 134
1230 135
1230 136
1230 137
1230 138
1230 139
1230 140
1230 141
1230 142
1230 143
1230 144
1230 145
1230 146
1230 147
1230 148
1231 113
1231 114
1231 115
1231 116
1231 117
1231 118
1231 119
1231 120
1231 121
1231 122
1231 123
1231 124
1231 125
1231 126
1231 127
1231 128
1231 129
1231 130
1231 131
1231 132
1231 133
1231 134
1231 135
1231 136
1231 137
1231 138
1231 139
1231 140
1231 141
1231 142
1231 143
1231 144
1231 145
1231 146
1231 147
1231 148
1232 113
1232 114
1232 115
1232 116
1232 117
1232 118
1232 119
1232 120
1232 121
1232 122
1232 123
1232 124
1232 125
1232 126
1232 127
1232 128
1232 129
1232 130
1232 131
1232 132
1232 133
1232 134
1232 135
1232 136
1232 137
1232 138
1232 139
1232 140
1232 141
1232 142
1232 143
1232 144
1232 145
1232 146
1233 119
1233 120
1233 121
1233 122
1233 123
1233 124
1233 125
1233 126
1233 127
1233 128
1233 129
1233 130
1233 131
1233 132
1233 133
1233 134
1233 135
1233 136
1233 137
1267 127
1267 128
1267 129
1267 130
1267 131
1267 132
1267 133
1267 134
1267 135
1267 136
1267 137
1267 138
1267 139
1268 127
1268 128
1268 129
1268 130
1268 131
1268 132
1268 133
1268 134
1268 135
1268 136
1268 137
3313 272
3313 273
3313 274
3313 275
3313 276
3313 277
3313 278
3313 279
3313 280
3313 281
3313 282
3313 283
3313 284
3313 285
3313 286
3314 260
3314 261
3314 262
3314 263
3314 264
3314 265
3314 266
3314 267
3314 268
3314 269
3314 270
3314 271
3314 272
3314 273
3314 274
3314 275
3314 276
3314 277
3314 278
3314 279
3314 280
3314 281
3314 282
3314 283
3314 284
3314 285
3314 286
3314 287
3314 288
3314 289
3314 290
3314 291
3314 292
3314 293
3314 294
3314 295
3314 296
3314 297
3315 258
3315 259
3315 260
3315 261
3315 262
3315 263
3315 264
3315 265
3315 266
3315 267
3315 268
3315 269
3315 270
3315 271
3315 272
3315 273
3315 274
3315 275
3315 276
3315 277
3315 278
3315 279
3315 280
3315 281
3315 282
3315 283
3315 284
3315 285
3315 286
3315 287
3315 288
3315 289
3315 290
3315 291
3315 292
3315 293
3315 294
3315 295
3315 296
3315 297
3315 298
3316 261
3316 262
3316 263
3316 264
3316 265
3316 266
3316 267
3316 268
3316 269
3316 270
3316 271
3316 272
3316 273
3316 274
3316 275
3316 276
3316 277
3316 278
3316 279
3316 280
3316 281
3316 282
3316 283
3316 284
3316 285
3316 286
3316 287
3316 288
3316 289
3316 290
3316 291
3316 292
3316 293
3316 294
3349 257
3349 258
3349 259
3349 260
3349 261
3349 262
3349 263
3349 264
3349 265
3349 266
3349 267
3349 268
3349 269
3349 270
3349 271
3349 272
3349 273
3349 274
3349 275
3349 276
3349 277
3349 278
3349 279
3349 280
3349 281
3349 282
3349 283
3349 284
3349 285
3349 286
3349 287
3349 288
3349 289
3349 290
3349 291
3349 292
3349 293
3349 294
3349 295
3349 296
3349 297
3349 298
3349 299
3350 248
3350 249
3350 250
3350 251
3350 252
3350 253
3350 254
3350 255
3350 256
3350 257
3350 258
3350 259
3350 260
3350 261
3350 262
3350 263
3350 264
3350 265
3350 266
3350 267
3350 268
3350 269
3350 270
3350 271
3350 272
3350 273
3350 274
3350 275
3350 276
3350 277
3350 278
3350 279
3350 280
3350 281
3350 282
3350 283
3350 284
3350 285
3350 286
3350 287
3350 288
3350 289
3350 290
3350 291
3350 292
3350 293
3350 294
3350 295
3350 296
3350 297
3350 298
3350 299
3350 300
3350 301
3350 302
3350 303
3350 304
3350 305
3350 306
3351 244
3351 245
3351 246
3351 247
3351 248
3351 249
3351 250
3351 251
3351 252
3351 253
3351 254
3351 255
3351 256
3351 257
3351 258
3351 259
3351 260
3351 261
3351 262
3351 263
3351 264
3351 265
3351 266
3351 267
3351 268
3351 269
3351 270
3351 271
3351 272
3351 273
3351 274
3351 275
3351 276
3351 277
3351 278
3351 279
3351 280
3351 281
3351 282
3351 283
3351 284
3351 285
3351 286
3351 287
3351 288
3351 289
3351 290
3351 291
3351 292
3351 293
3351 294
3351 295
3351 296
3351 297
3351 298
3351 299
3351 300
3351 301
3351 302
3351 303
3351 304
3351 305
3351 306
3351 307
3352 244
3352 245
3352 246
3352 247
3352 248
3352 249
3352 250
3352 251
3352 252
3352 253
3352 254
3352 255
3352 256
3352 257
3352 258
3352 259
3352 260
3352 261
3352 262
3352 263
3352 264
3352 265
3352 266
3352 267
3352 268
3352 269
3352 270
3352 271
3352 272
3352 273
3352 274
3352 275
3352 276
3352 277
3352 278
3352 279
3352 280
3352 281
3352 282
3352 283
3352 284
3352 285
3352 286
3352 287
3352 288
3352 289
3352 290
3352 291
3352 292
3352 293
3352 294
3352 295
3352 296
3352 297
3352 298
3352 299
3352 300
3352 301
3352 302
3352 303
3352 304
3352 305
3352 306
3353 247
3353 248
3353 249
3353 250
3353 251
3353 252
3353 253
3353 254
3353 255
3353 256
3353 257
3353 258
3353 259
3353 260
3353 261
3353 262
3353 263
3353 264
3353 265
3353 266
3353 267
3353 268
3353 269
3353 270
3353 271
3353 272
3353 273
3353 274
3353 275
3353 276
3353 277
3353 278
3353 279
3353 280
3353 281
3353 282
3353 283
3353 284
3353 285
3353 286
3353 287
3353 288
3353 289
3353 290
3353 291
3353 292
3353 293
3353 294
3353 295
3353 296
3353 297
3353 298
3353 299
3353 300
3354 257
3354 258
3354 259
3354 260
3354 261
3354 262
3354 263
3354 264
3354 265
3354 266
3354 267
3354 268
3354 269
3354 270
3354 271
3354 272
3354 273
3354 274
3354 275
3354 276
3354 277
3354 278
3354 279
3354 280
3354 281
3354 282
3354 283
3354 284
3354 285
3354 286
3354 287
3354 288
3385 253
3385 254
3385 255
3385 256
3385 257
3385 258
3385 259
3385 260
3385 261
3385 262
3385 263
3385 264
3385 265
3385 266
3385 267
3385 268
3385 269
3385 270
3385 271
3385 272
3385 273
3385 274
3385 275
3385 276
3385 277
3385 278
3385 279
3385 280
3385 281
3385 282
3385 283
3385 284
3385 285
3385 286
3385 287
3385 288
3385 289
3385 290
3385 291
3385 292
3385 293
3385 294
3385 295
3385 296
3385 297
3385 298
3385 299
3385 300
3385 301
3385 302
3386 243
3386 244
3386 245
3386 246
3386 247
3386 248
3386 249
3386 250
3386 251
3386 252
3386 253
3386 254
3386 255
3386 256
3386 257
3386 258
3386 259
3386 260
3386 261
3386 262
3386 263
3386 264
3386 265
3386 266
3386 267
3386 268
3386 269
3386 270
3386 271
3386 272
3386 273
3386 274
3386 275
3386 276
3386 277
3386 278
3386 279
3386 280
3386 281
3386 282
3386 283
3386 284
3386 285
3386 286
3386 287
3386 288
3386 289
3386 290
3386 291
3386 292
3386 293
3386 294
3386 295
3386 296
3386 297
3386 298
3386 299
3386 300
3386 301
3386 302
3386 303
3386 304
3386 305
3386 306
3386 307
3386 308
3386 309
3387 238
3387 239
3387 240
3387 241
3387 242
3387 243
3387 244
3387 245
3387 246
3387 247
3387 248
3387 249
3387 250
3387 251
3387 252
3387 253
3387 254
3387 255
3387 256
3387 257
3387 258
3387 259
3387 260
3387 261
3387 262
3387 263
3387 264
3387 265
3387 266
3387 267
3387 268
3387 269
3387 270
3387 271
3387 272
3387 273
3387 274
3387 275
3387 276
3387 277
3387 278
3387 279
3387 280
3387 281
3387 282
3387 283
3387 284
3387 285
3387 286
3387 287
3387 288
3387 289
3387 290
3387 291
3387 292
3387 293
3387 294
3387 295
3387 296
3387 297
3387 298
3387 299
3387 300
3387 301
3387 302
3387 303
3387 304
3387 305
3387 306
3387 307
3387 308
3387 309
3387 310
3387 311
3387 312
3388 235
3388 236
3388 237
3388 238
3388 239
3388 240
3388 241
3388 242
3388 243
3388 244
3388 245
3388 246
3388 247
3388 248
3388 249
3388 250
3388 251
3388 252
3388 253
3388 254
3388 255
3388 256
3388 257
3388 258
3388 259
3388 260
3388 261
3388 262
3388 263
3388 264
3388 265
3388 266
3388 267
3388 268
3388 269
3388 270
3388 271
3388 272
3388 273
3388 274
3388 275
3388 276
3388 277
3388 278
3388 279
3388 280
3388 281
3388 282
3388 283
3388 284
3388 285
3388 286
3388 287
3388 288
3388 289
3388 290
3388 291
3388 292
3388 293
3388 294
3388 295
3388 296
3388 297
3388 298
3388 299
3388 300
3388 301
3388 302
3388 303
3388 304
3388 305
3388 306
3388 307
3388 308
3388 309
3388 310
3388 311
3389 235
3389 236
3389 237
3389 238
3389 239
3389 240
3389 241
3389 242
3389 243
3389 244
3389 245
3389 246
3389 247
3389 248
3389 249
3389 250
3389 251
3389 252
3389 253
3389 254
3389 255
3389 256
3389 257
3389 258
3389 259
3389 260
3389 261
3389 262
3389 263
3389 264
3389 265
3389 266
3389 267
3389 268
3389 269
3389 270
3389 271
3389 272
3389 273
3389 274
3389 275
3389 276
3389 277
3389 278
3389 279
3389 280
3389 281
3389 282
3389 283
3389 284
3389 285
3389 286
3389 287
3389 288
3389 289
3389 290
3389 291
3389 292
3389 293
3389 294
3389 295
3389 296
3389 297
3389 298
3389 299
3389 300
3389 301
3389 302
3389 303
3389 304
3389 305
3389 306
3389 307
3389 308
3390 238
3390 239
3390 240
3390 241
3390 242
3390 243
3390 244
3390 245
3390 246
3390 247
3390 248
3390 249
3390 250
3390 251
3390 252
3390 253
3390 254
3390 255
3390 256
3390 257
3390 258
3390 259
3390 260
3390 261
3390 262
3390 263
3390 264
3390 265
3390 266
3390 267
3390 268
3390 269
3390 270
3390 271
3390 272
3390 273
3390 274
3390 275
3390 276
3390 277
3390 278
3390 279
3390 280
3390 281
3390 282
3390 283
3390 284
3390 285
3390 286
3390 287
3390 288
3390 289
3390 290
3390 291
3390 292
3390 293
3390 294
3390 295
3390 296
3390 297
3390 298
3390 299
3390 300
3390 301
3391 247
3391 248
3391 249
3391 250
3391 251
3391 252
3391 253
3391 254
3391 255
3391 256
3391 257
3391 258
3391 259
3391 260
3391 261
3391 262
3391 263
3391 264
3391 265
3391 266
3391 267
3391 268
3391 269
3391 270
3391 271
3391 272
3391 273
3391 274
3391 275
3391 276
3391 277
3391 278
3391 279
3391 280
3391 281
3391 282
3391 283
3391 284
3391 285
3391 286
3391 287
3391 288
3421 254
3421 255
3421 256
3421 257
3421 258
3421 259
3421 260
3421 261
3421 262
3421 263
3421 264
3421 265
3421 266
3421 267
3421 268
3421 269
3421 270
3421 271
3421 272
3421 273
3421 274
3421 275
3421 276
3421 277
3421 278
3421 279
3421 280
3421 281
3421 282
3421 283
3421 284
3421 285
3421 286
3421 287
3421 288
3421 289
3421 290
3421 291
3421 292
3421 293
3421 294
3421 295
3421 296
3421 297
3421 298
3421 299
3421 300
3421 301
3421 302
3422 241
3422 242
3422 243
3422 244
3422 245
3422 246
3422 247
3422 248
3422 249
3422 250
3422 251
3422 252
3422 253
3422 254
3422 255
3422 256
3422 257
3422 258
3422 259
3422 260
3422 261
3422 262
3422 263
3422 264
3422 265
3422 266
3422 267
3422 268
3422 269
3422 270
3422 271
3422 272
3422 273
3422 274
3422 275
3422 276
3422 277
3422 278
3422 279
3422 280
3422 281
3422 282
3422 283
3422 284
3422 285
3422 286
3422 287
3422 288
3422 289
3422 290
3422 291
3422 292
3422 293
3422 294
3422 295
3422 296
3422 297
3422 298
3422 299
3422 300
3422 301
3422 302
3422 303
3422 304
3422 305
3422 306
3422 307
3422 308
3422 309
3422 310
3423 234
3423 235
3423 236
3423 237
3423 238
3423 239
3423 240
3423 241
3423 242
3423 243
3423 244
3423 245
3423 246
3423 247
3423 248
3423 249
3423 250
3423 251
3423 252
3423 253
3423 254
3423 255
3423 256
3423 257
3423 258
3423 259
3423 260
3423 261
3423 262
3423 263
3423 264
3423 265
3423 266
3423 267
3423 268
3423 269
3423 270
3423 271
3423 272
3423 273
3423 274
3423 275
3423 276
3423 277
3423 278
3423 279
3423 280
3423 281
3423 282
3423 283
3423 284
3423 285
3423 286
3423 287
3423 288
3423 289
3423 290
3423 291
3423 292
3423 293
3423 294
3423 295
3423 296
3423 297
3423 298
3423 299
3423 300
3423 301
3423 302
3423 303
3423 304
3423 305
3423 306
3423 307
3423 308
3423 309
3423 310
3423 311
3423 312
3423 313
3423 314
3424 230
3424 231
3424 232
3424 233
3424 234
3424 235
3424 236
3424 237
3424 238
3424 239
3424 240
3424 241
3424 242
3424 243
3424 244
3424 245
3424 246
3424 247
3424 248
3424 249
3424 250
3424 251
3424 252
3424 253
3424 254
3424 255
3424 256
3424 257
3424 258
3424 259
3424 260
3424 261
3424 262
3424 263
3424 264
3424 265
3424 266
3424 267
3424 268
3424 269
3424 270
3424 271
3424 272
3424 273
3424 274
3424 275
3424 276
3424 277
3424 278
3424 279
3424 280
3424 281
3424 282
3424 283
3424 284
3424 285
3424 286
3424 287
3424 288
3424 289
3424 290
3424 291
3424 292
3424 293
3424 294
3424 295
3424 296
3424 297
3424 298
3424 299
3424 300
3424 301
3424 302
3424 303
3424 304
3424 305
3424 306
3424 307
3424 308
3424 309
3424 310
3424 311
3424 312
3424 313
3424 314
3425 228
3425 229
3425 230
3425 231
3425 232
3425 233
3425 234
3425 235
3425 236
3425 237
3425 238
3425 239
3425 240
3425 241
3425 242
3425 243
3425 244
3425 245
3425 246
3425 247
3425 248
3425 249
3425 250
3425 251
3425 252
3425 253
3425 254
3425 255
3425 256
3425 257
3425 258
3425 259
3425 260
3425 261
3425 262
3425 263
3425 264
3425 265
3425 266
3425 267
3425 268
3425 269
3425 270
3425 271
3425 272
3425 273
3425 274
3425 275
3425 276
3425 277
3425 278
3425 279
3425 280
3425 281
3425 282
3425 283
3425 284
3425 285
3425 286
3425 287
3425 288
3425 289
3425 290
3425 291
3425 292
3425 293
3425 294
3425 295
3425 296
3425 297
3425 298
3425 299
3425 300
3425 301
3425 302
3425 303
3425 304
3425 305
3425 306
3425 307
3425 308
3425 309
3425 310
3425 311
3425 312
3426 228
3426 229
3426 230
3426 231
3426 232
3426 233
3426 234
3426 235
3426 236
3426 237
3426 238
3426 239
3426 240
3426 241
3426 242
3426 243
3426 244
3426 245
3426 246
3426 247
3426 248
3426 249
3426 250
3426 251
3426 252
3426 253
3426 254
3426 255
3426 256
3426 257
3426 258
3426 259
3426 260
3426 261
3426 262
3426 263
3426 264
3426 265
3426 266
3426 267
3426 268
3426 269
3426 270
3426 271
3426 272
3426 273
3426 274
3426 275
3426 276
3426 277
3426 278
3426 279
3426 280
3426 281
3426 282
3426 283
3426 284
3426 285
3426 286
3426 287
3426 288
3426 289
3426 290
3426 291
3426 292
3426 293
3426 294
3426 295
3426 296
3426 297
3426 298
3426 299
3426 300
3426 301
3426 302
3426 303
3426 304
3426 305
3426 306
3426 307
3426 308
3427 232
3427 233
3427 234
3427 235
3427 236
3427 237
3427 238
3427 239
3427 240
3427 241
3427 242
3427 243
3427 244
3427 245
3427 246
3427 247
3427 248
3427 249
3427 250
3427 251
3427 252
3427 253
3427 254
3427 255
3427 256
3427 257
3427 258
3427 259
3427 260
3427 261
3427 262
3427 263
3427 264
3427 265
3427 266
3427 267
3427 268
3427 269
3427 270
3427 271
3427 272
3427 273
3427 274
3427 275
3427 276
3427 277
3427 278
3427 279
3427 280
3427 281
3427 282
3427 283
3427 284
3427 285
3427 286
3427 287
3427 288
3427 289
3427 290
3427 291
3427 292
3427 293
3427 294
3427 295
3427 296
3427 297
3427 298
3427 299
3428 241
3428 242
3428 243
3428 244
3428 245
3428 246
3428 247
3428 248
3428 249
3428 250
3428 251
3428 252
3428 253
3428 254
3428 255
3428 256
3428 257
3428 258
3428 259
3428 260
3428 261
3428 262
3428 263
3428 264
3428 265
3428 266
3428 267
3428 268
3428 269
3428 270
3428 271
3428 272
3428 273
3428 274
3428 275
3428 276
3428 277
3428 278
3428 279
3428 280
3428 281
3428 282
3428 283
3428 284
3457 258
3457 259
3457 260
3457 261
3457 262
3457 263
3457 264
3457 265
3457 266
3457 267
3457 268
3457 269
3457 270
3457 271
3457 272
3457 273
3457 274
3457 275
3457 276
3457 277
3457 278
3457 279
3457 280
3457 281
3457 282
3457 283
3457 284
3457 285
3457 286
3457 287
3457 288
3457 289
3457 290
3457 291
3457 292
3457 293
3457 294
3457 295
3457 296
3457 297
3458 242
3458 243
3458 244
3458 245
3458 246
3458 247
3458 248
3458 249
3458 250
3458 251
3458 252
3458 253
3458 254
3458 255
3458 256
3458 257
3458 258
3458 259
3458 260
3458 261
3458 262
3458 263
3458 264
3458 265
3458 266
3458 267
3458 268
3458 269
3458 270
3458 271
3458 272
3458 273
3458 274
3458 275
3458 276
3458 277
3458 278
3458 279
3458 280
3458 281
3458 282
3458 283
3458 284
3458 285
3458 286
3458 287
3458 288
3458 289
3458 290
3458 291
3458 292
3458 293
3458 294
3458 295
3458 296
3458 297
3458 298
3458 299
3458 300
3458 301
3458 302
3458 303
3458 304
3458 305
3458 306
3458 307
3458 308
3458 309
3459 233
3459 234
3459 235
3459 236
3459 237
3459 238
3459 239
3459 240
3459 241
3459 242
3459 243
3459 244
3459 245
3459 246
3459 247
3459 248
3459 249
3459 250
3459 251
3459 252
3459 253
3459 254
3459 255
3459 256
3459 257
3459 258
3459 259
3459 260
3459 261
3459 262
3459 263
3459 264
3459 265
3459 266
3459 267
3459 268
3459 269
3459 270
3459 271
3459 272
3459 273
3459 274
3459 275
3459 276
3459 277
3459 278
3459 279
3459 280
3459 281
3459 282
3459 283
3459 284
3459 285
3459 286
3459 287
3459 288
3459 289
3459 290
3459 291
3459 292
3459 293
3459 294
3459 295
3459 296
3459 297
3459 298
3459 299
3459 300
3459 301
3459 302
3459 303
3459 304
3459 305
3459 306
3459 307
3459 308
3459 309
3459 310
3459 311
3459 312
3459 313
3459 314
3460 228
3460 229
3460 230
3460 231
3460 232
3460 233
3460 234
3460 235
3460 236
3460 237
3460 238
3460 239
3460 240
3460 241
3460 242
3460 243
3460 244
3460 245
3460 246
3460 247
3460 248
3460 249
3460 250
3460 251
3460 252
3460 253
3460 254
3460 255
3460 256
3460 257
3460 258
3460 259
3460 260
3460 261
3460 262
3460 263
3460 264
3460 265
3460 266
3460 267
3460 268
3460 269
3460 270
3460 271
3460 272
3460 273
3460 274
3460 275
3460 276
3460 277
3460 278
3460 279
3460 280
3460 281
3460 282
3460 283
3460 284
3460 285
3460 286
3460 287
3460 288
3460 289
3460 290
3460 291
3460 292
3460 293
3460 294
3460 295
3460 296
3460 297
3460 298
3460 299
3460 300
3460 301
3460 302
3460 303
3460 304
3460 305
3460 306
3460 307
3460 308
3460 309
3460 310
3460 311
3460 312
3460 313
3460 314
3460 315
3460 316
3461 224
3461 225
3461 226
3461 227
3461 228
3461 229
3461 230
3461 231
3461 232
3461 233
3461 234
3461 235
3461 236
3461 237
3461 238
3461 239
3461 240
3461 241
3461 242
3461 243
3461 244
3461 245
3461 246
3461 247
3461 248
3461 249
3461 250
3461 251
3461 252
3461 253
3461 254
3461 255
3461 256
3461 257
3461 258
3461 259
3461 260
3461 261
3461 262
3461 263
3461 264
3461 265
3461 266
3461 267
3461 268
3461 269
3461 270
3461 271
3461 272
3461 273
3461 274
3461 275
3461 276
3461 277
3461 278
3461 279
3461 280
3461 281
3461 282
3461 283
3461 284
3461 285
3461 286
3461 287
3461 288
3461 289
3461 290
3461 291
3461 292
3461 293
3461 294
3461 295
3461 296
3461 297
3461 298
3461 299
3461 300
3461 301
3461 302
3461 303
3461 304
3461 305
3461 306
3461 307
3461 308
3461 309
3461 310
3461 311
3461 312
3461 313
3461 314
3461 315
3462 223
3462 224
3462 225
3462 226
3462 227
3462 228
3462 229
3462 230
3462 231
3462 232
3462 233
3462 234
3462 235
3462 236
3462 237
3462 238
3462 239
3462 240
3462 241
3462 242
3462 243
3462 244
3462 245
3462 246
3462 247
3462 248
3462 249
3462 250
3462 251
3462 252
3462 253
3462 254
3462 255
3462 256
3462 257
3462 258
3462 259
3462 260
3462 261
3462 262
3462 263
3462 264
3462 265
3462 266
3462 267
3462 268
3462 269
3462 270
3462 271
3462 272
3462 273
3462 274
3462 275
3462 276
3462 277
3462 278
3462 279
3462 280
3462 281
3462 282
3462 283
3462 284
3462 285
3462 286
3462 287
3462 288
3462 289
3462 290
3462 291
3462 292
3462 293
3462 294
3462 295
3462 296
3462 297
3462 298
3462 299
3462 300
3462 301
3462 302
3462 303
3462 304
3462 305
3462 306
3462 307
3462 308
3462 309
3462 310
3462 311
3463 224
3463 225
3463 226
3463 227
3463 228
3463 229
3463 230
3463 231
3463 232
3463 233
3463 234
3463 235
3463 236
3463 237
3463 238
3463 239
3463 240
3463 241
3463 242
3463 243
3463 244
3463 245
3463 246
3463 247
3463 248
3463 249
3463 250
3463 251
3463 252
3463 253
3463 254
3463 255
3463 256
3463 257
3463 258
3463 259
3463 260
3463 261
3463 262
3463 263
3463 264
3463 265
3463 266
3463 267
3463 268
3463 269
3463 270
3463 271
3463 272
3463 273
3463 274
3463 275
3463 276
3463 277
3463 278
3463 279
3463 280
3463 281
3463 282
3463 283
3463 284
3463 285
3463 286
3463 287
3463 288
3463 289
3463 290
3463 291
3463 292
3463 293
3463 294
3463 295
3463 296
3463 297
3463 298
3463 299
3463 300
3463 301
3463 302
3463 303
3463 304
3463 305
3464 228
3464 229
3464 230
3464 231
3464 232
3464 233
3464 234
3464 235
3464 236
3464 237
3464 238
3464 239
3464 240
3464 241
3464 242
3464 243
3464 244
3464 245
3464 246
3464 247
3464 248
3464 249
3464 250
3464 251
3464 252
3464 253
3464 254
3464 255
3464 256
3464 257
3464 258
3464 259
3464 260
3464 261
3464 262
3464 263
3464 264
3464 265
3464 266
3464 267
3464 268
3464 269
3464 270
3464 271
3464 272
3464 273
3464 274
3464 275
3464 276
3464 277
3464 278
3464 279
3464 280
3464 281
3464 282
3464 283
3464 284
3464 285
3464 286
3464 287
3464 288
3464 289
3464 290
3464 291
3464 292
3464 293
3464 294
3464 295
3465 239
3465 240
3465 241
3465 242
3465 243
3465 244
3465 245
3465 246
3465 247
3465 248
3465 249
3465 250
3465 251
3465 252
3465 253
3465 254
3465 255
3465 256
3465 257
3465 258
3465 259
3465 260
3465 261
3465 262
3465 263
3465 264
3465 265
3465 266
3465 267
3465 268
3465 269
3465 270
3465 271
3465 272
3465 273
3465 274
3465 275
3494 246
3494 247
3494 248
3494 249
3494 250
3494 251
3494 252
3494 253
3494 254
3494 255
3494 256
3494 257
3494 258
3494 259
3494 260
3494 261
3494 262
3494 263
3494 264
3494 265
3494 266
3494 267
3494 268
3494 269
3494 270
3494 271
3494 272
3494 273
3494 274
3494 275
3494 276
3494 277
3494 278
3494 279
3494 280
3494 281
3494 282
3494 283
3494 284
3494 285
3494 286
3494 287
3494 288
3494 289
3494 290
3494 291
3494 292
3494 293
3494 294
3494 295
3494 296
3494 297
3494 298
3494 299
3494 300
3494 301
3494 302
3494 303
3494 304
3494 305
3495 234
3495 235
3495 236
3495 237
3495 238
3495 239
3495 240
3495 241
3495 242
3495 243
3495 244
3495 245
3495 246
3495 247
3495 248
3495 249
3495 250
3495 251
3495 252
3495 253
3495 254
3495 255
3495 256
3495 257
3495 258
3495 259
3495 260
3495 261
3495 262
3495 263
3495 264
3495 265
3495 266
3495 267
3495 268
3495 269
3495 270
3495 271
3495 272
3495 273
3495 274
3495 275
3495 276
3495 277
3495 278
3495 279
3495 280
3495 281
3495 282
3495 283
3495 284
3495 285
3495 286
3495 287
3495 288
3495 289
3495 290
3495 291
3495 292
3495 293
3495 294
3495 295
3495 296
3495 297
3495 298
3495 299
3495 300
3495 301
3495 302
3495 303
3495 304
3495 305
3495 306
3495 307
3495 308
3495 309
3495 310
3495 311
3495 312
3496 227
3496 228
3496 229
3496 230
3496 231
3496 232
3496 233
3496 234
3496 235
3496 236
3496 237
3496 238
3496 239
3496 240
3496 241
3496 242
3496 243
3496 244
3496 245
3496 246
3496 247
3496 248
3496 249
3496 250
3496 251
3496 252
3496 253
3496 254
3496 255
3496 256
3496 257
3496 258
3496 259
3496 260
3496 261
3496 262
3496 263
3496 264
3496 265
3496 266
3496 267
3496 268
3496 269
3496 270
3496 271
3496 272
3496 273
3496 274
3496 275
3496 276
3496 277
3496 278
3496 279
3496 280
3496 281
3496 282
3496 283
3496 284
3496 285
3496 286
3496 287
3496 288
3496 289
3496 290
3496 291
3496 292
3496 293
3496 294
3496 295
3496 296
3496 297
3496 298
3496 299
3496 300
3496 301
3496 302
3496 303
3496 304
3496 305
3496 306
3496 307
3496 308
3496 309
3496 310
3496 311
3496 312
3496 313
3496 314
3496 315
3497 222
3497 223
3497 224
3497 225
3497 226
3497 227
3497 228
3497 229
3497 230
3497 231
3497 232
3497 233
3497 234
3497 235
3497 236
3497 237
3497 238
3497 239
3497 240
3497 241
3497 242
3497 243
3497 244
3497 245
3497 246
3497 247
3497 248
3497 249
3497 250
3497 251
3497 252
3497 253
3497 254
3497 255
3497 256
3497 257
3497 258
3497 259
3497 260
3497 261
3497 262
3497 263
3497 264
3497 265
3497 266
3497 267
3497 268
3497 269
3497 270
3497 271
3497 272
3497 273
3497 274
3497 275
3497 276
3497 277
3497 278
3497 279
3497 280
3497 281
3497 282
3497 283
3497 284
3497 285
3497 286
3497 287
3497 288
3497 289
3497 290
3497 291
3497 292
3497 293
3497 294
3497 295
3497 296
3497 297
3497 298
3497 299
3497 300
3497 301
3497 302
3497 303
3497 304
3497 305
3497 306
3497 307
3497 308
3497 309
3497 310
3497 311
3497 312
3497 313
3497 314
3497 315
3498 220
3498 221
3498 222
3498 223
3498 224
3498 225
3498 226
3498 227
3498 228
3498 229
3498 230
3498 231
3498 232
3498 233
3498 234
3498 235
3498 236
3498 237
3498 238
3498 239
3498 240
3498 241
3498 242
3498 243
3498 244
3498 245
3498 246
3498 247
3498 248
3498 249
3498 250
3498 251
3498 252
3498 253
3498 254
3498 255
3498 256
3498 257
3498 258
3498 259
3498 260
3498 261
3498 262
3498 263
3498 264
3498 265
3498 266
3498 267
3498 268
3498 269
3498 270
3498 271
3498 272
3498 273
3498 274
3498 275
3498 276
3498 277
3498 278
3498 279
3498 280
3498 281
3498 282
3498 283
3498 284
3498 285
3498 286
3498 287
3498 288
3498 289
3498 290
3498 291
3498 292
3498 293
3498 294
3498 295
3498 296
3498 297
3498 298
3498 299
3498 300
3498 301
3498 302
3498 303
3498 304
3498 305
3498 306
3498 307
3498 308
3498 309
3498 310
3498 311
3498 312
3498 313
3499 219
3499 220
3499 221
3499 222
3499 223
3499 224
3499 225
3499 226
3499 227
3499 228
3499 229
3499 230
3499 231
3499 232
3499 233
3499 234
3499 235
3499 236
3499 237
3499 238
3499 239
3499 240
3499 241
3499 242
3499 243
3499 244
3499 245
3499 246
3499 247
3499 248
3499 249
3499 250
3499 251
3499 252
3499 253
3499 254
3499 255
3499 256
3499 257
3499 258
3499 259
3499 260
3499 261
3499 262
3499 263
3499 264
3499 265
3499 266
3499 267
3499 268
3499 269
3499 270
3499 271
3499 272
3499 273
3499 274
3499 275
3499 276
3499 277
3499 278
3499 279
3499 280
3499 281
3499 282
3499 283
3499 284
3499 285
3499 286
3499 287
3499 288
3499 289
3499 290
3499 291
3499 292
3499 293
3499 294
3499 295
3499 296
3499 297
3499 298
3499 299
3499 300
3499 301
3499 302
3499 303
3499 304
3499 305
3499 306
3499 307
3499 308
3500 221
3500 222
3500 223
3500 224
3500 225
3500 226
3500 227
3500 228
3500 229
3500 230
3500 231
3500 232
3500 233
3500 234
3500 235
3500 236
3500 237
3500 238
3500 239
3500 240
3500 241
3500 242
3500 243
3500 244
3500 245
3500 246
3500 247
3500 248
3500 249
3500 250
3500 251
3500 252
3500 253
3500 254
3500 255
3500 256
3500 257
3500 258
3500 259
3500 260
3500 261
3500 262
3500 263
3500 264
3500 265
3500 266
3500 267
3500 268
3500 269
3500 270
3500 271
3500 272
3500 273
3500 274
3500 275
3500 276
3500 277
3500 278
3500 279
3500 280
3500 281
3500 282
3500 283
3500 284
3500 285
3500 286
3500 287
3500 288
3500 289
3500 290
3500 291
3500 292
3500 293
3500 294
3500 295
3500 296
3500 297
3500 298
3500 299
3500 300
3500 301
3501 226
3501 227
3501 228
3501 229
3501 230
3501 231
3501 232
3501 233
3501 234
3501 235
3501 236
3501 237
3501 238
3501 239
3501 240
3501 241
3501 242
3501 243
3501 244
3501 245
3501 246
3501 247
3501 248
3501 249
3501 250
3501 251
3501 252
3501 253
3501 254
3501 255
3501 256
3501 257
3501 258
3501 259
3501 260
3501 261
3501 262
3501 263
3501 264
3501 265
3501 266
3501 267
3501 268
3501 269
3501 270
3501 271
3501 272
3501 273
3501 274
3501 275
3501 276
3501 277
3501 278
3501 279
3501 280
3501 281
3501 282
3501 283
3501 284
3501 285
3501 286
3501 287
3501 288
3502 244
3502 245
3502 246
3502 247
3502 248
3502 249
3502 250
3502 251
3502 252
3502 253
3502 254
3502 255
3502 256
3502 257
3502 258
3502 259
3502 260
3530 253
3530 254
3530 255
3530 256
3530 257
3530 258
3530 259
3530 260
3530 261
3530 262
3530 263
3530 264
3530 265
3530 266
3530 267
3530 268
3530 269
3530 270
3530 271
3530 272
3530 273
3530 274
3530 275
3530 276
3530 277
3530 278
3530 279
3530 280
3530 281
3530 282
3530 283
3530 284
3530 285
3530 286
3530 287
3530 288
3530 289
3530 290
3530 291
3530 292
3530 293
3530 294
3530 295
3530 296
3531 237
3531 238
3531 239
3531 240
3531 241
3531 242
3531 243
3531 244
3531 245
3531 246
3531 247
3531 248
3531 249
3531 250
3531 251
3531 252
3531 253
3531 254
3531 255
3531 256
3531 257
3531 258
3531 259
3531 260
3531 261
3531 262
3531 263
3531 264
3531 265
3531 266
3531 267
3531 268
3531 269
3531 270
3531 271
3531 272
3531 273
3531 274
3531 275
3531 276
3531 277
3531 278
3531 279
3531 280
3531 281
3531 282
3531 283
3531 284
3531 285
3531 286
3531 287
3531 288
3531 289
3531 290
3531 291
3531 292
3531 293
3531 294
3531 295
3531 296
3531 297
3531 298
3531 299
3531 300
3531 301
3531 302
3531 303
3531 304
3531 305
3531 306
3531 307
3531 308
3532 228
3532 229
3532 230
3532 231
3532 232
3532 233
3532 234
3532 235
3532 236
3532 237
3532 238
3532 239
3532 240
3532 241
3532 242
3532 243
3532 244
3532 245
3532 246
3532 247
3532 248
3532 249
3532 250
3532 251
3532 252
3532 253
3532 254
3532 255
3532 256
3532 257
3532 258
3532 259
3532 260
3532 261
3532 262
3532 263
3532 264
3532 265
3532 266
3532 267
3532 268
3532 269
3532 270
3532 271
3532 272
3532 273
3532 274
3532 275
3532 276
3532 277
3532 278
3532 279
3532 280
3532 281
3532 282
3532 283
3532 284
3532 285
3532 286
3532 287
3532 288
3532 289
3532 290
3532 291
3532 292
3532 293
3532 294
3532 295
3532 296
3532 297
3532 298
3532 299
3532 300
3532 301
3532 302
3532 303
3532 304
3532 305
3532 306
3532 307
3532 308
3532 309
3532 310
3532 311
3532 312
3532 313
3533 222
3533 223
3533 224
3533 225
3533 226
3533 227
3533 228
3533 229
3533 230
3533 231
3533 232
3533 233
3533 234
3533 235
3533 236
3533 237
3533 238
3533 239
3533 240
3533 241
3533 242
3533 243
3533 244
3533 245
3533 246
3533 247
3533 248
3533 249
3533 250
3533 251
3533 252
3533 253
3533 254
3533 255
3533 256
3533 257
3533 258
3533 259
3533 260
3533 261
3533 262
3533 263
3533 264
3533 265
3533 266
3533 267
3533 268
3533 269
3533 270
3533 271
3533 272
3533 273
3533 274
3533 275
3533 276
3533 277
3533 278
3533 279
3533 280
3533 281
3533 282
3533 283
3533 284
3533 285
3533 286
3533 287
3533 288
3533 289
3533 290
3533 291
3533 292
3533 293
3533 294
3533 295
3533 296
3533 297
3533 298
3533 299
3533 300
3533 301
3533 302
3533 303
3533 304
3533 305
3533 306
3533 307
3533 308
3533 309
3533 310
3533 311
3533 312
3533 313
3533 314
3534 218
3534 219
3534 220
3534 221
3534 222
3534 223
3534 224
3534 225
3534 226
3534 227
3534 228
3534 229
3534 230
3534 231
3534 232
3534 233
3534 234
3534 235
3534 236
3534 237
3534 238
3534 239
3534 240
3534 241
3534 242
3534 243
3534 244
3534 245
3534 246
3534 247
3534 248
3534 249
3534 250
3534 251
3534 252
3534 253
3534 254
3534 255
3534 256
3534 257
3534 258
3534 259
3534 260
3534 261
3534 262
3534 263
3534 264
3534 265
3534 266
3534 267
3534 268
3534 269
3534 270
3534 271
3534 272
3534 273
3534 274
3534 275
3534 276
3534 277
3534 278
3534 279
3534 280
3534 281
3534 282
3534 283
3534 284
3534 285
3534 286
3534 287
3534 288
3534 289
3534 290
3534 291
3534 292
3534 293
3534 294
3534 295
3534 296
3534 297
3534 298
3534 299
3534 300
3534 301
3534 302
3534 303
3534 304
3534 305
3534 306
3534 307
3534 308
3534 309
3534 310
3534 311
3534 312
3534 313
3535 216
3535 217
3535 218
3535 219
3535 220
3535 221
3535 222
3535 223
3535 224
3535 225
3535 226
3535 227
3535 228
3535 229
3535 230
3535 231
3535 232
3535 233
3535 234
3535 235
3535 236
3535 237
3535 238
3535 239
3535 240
3535 241
3535 242
3535 243
3535 244
3535 245
3535 246
3535 247
3535 248
3535 249
3535 250
3535 251
3535 252
3535 253
3535 254
3535 255
3535 256
3535 257
3535 258
3535 259
3535 260
3535 261
3535 262
3535 263
3535 264
3535 265
3535 266
3535 267
3535 268
3535 269
3535 270
3535 271
3535 272
3535 273
3535 274
3535 275
3535 276
3535 277
3535 278
3535 279
3535 280
3535 281
3535 282
3535 283
3535 284
3535 285
3535 286
3535 287
3535 288
3535 289
3535 290
3535 291
3535 292
3535 293
3535 294
3535 295
3535 296
3535 297
3535 298
3535 299
3535 300
3535 301
3535 302
3535 303
3535 304
3535 305
3535 306
3535 307
3535 308
3535 309
3535 310
3536 216
3536 217
3536 218
3536 219
3536 220
3536 221
3536 222
3536 223
3536 224
3536 225
3536 226
3536 227
3536 228
3536 229
3536 230
3536 231
3536 232
3536 233
3536 234
3536 235
3536 236
3536 237
3536 238
3536 239
3536 240
3536 241
3536 242
3536 243
3536 244
3536 245
3536 246
3536 247
3536 248
3536 249
3536 250
3536 251
3536 252
3536 253
3536 254
3536 255
3536 256
3536 257
3536 258
3536 259
3536 260
3536 261
3536 262
3536 263
3536 264
3536 265
3536 266
3536 267
3536 268
3536 269
3536 270
3536 271
3536 272
3536 273
3536 274
3536 275
3536 276
3536 277
3536 278
3536 279
3536 280
3536 281
3536 282
3536 283
3536 284
3536 285
3536 286
3536 287
3536 288
3536 289
3536 290
3536 291
3536 292
3536 293
3536 294
3536 295
3536 296
3536 297
3536 298
3536 299
3536 300
3536 301
3536 302
3536 303
3536 304
3537 219
3537 220
3537 221
3537 222
3537 223
3537 224
3537 225
3537 226
3537 227
3537 228
3537 229
3537 230
3537 231
3537 232
3537 233
3537 234
3537 235
3537 236
3537 237
3537 238
3537 239
3537 240
3537 241
3537 242
3537 243
3537 244
3537 245
3537 246
3537 247
3537 248
3537 249
3537 250
3537 251
3537 252
3537 253
3537 254
3537 255
3537 256
3537 257
3537 258
3537 259
3537 260
3537 261
3537 262
3537 263
3537 264
3537 265
3537 266
3537 267
3537 268
3537 269
3537 270
3537 271
3537 272
3537 273
3537 274
3537 275
3537 276
3537 277
3537 278
3537 279
3537 280
3537 281
3537 282
3537 283
3537 284
3537 285
3537 286
3537 287
3537 288
3537 289
3537 290
3537 291
3537 292
3537 293
3537 294
3538 226
3538 227
3538 228
3538 229
3538 230
3538 231
3538 232
3538 233
3538 234
3538 235
3538 236
3538 237
3538 238
3538 239
3538 240
3538 241
3538 242
3538 243
3538 244
3538 245
3538 246
3538 247
3538 248
3538 249
3538 250
3538 251
3538 252
3538 253
3538 254
3538 255
3538 256
3538 257
3538 258
3538 259
3538 260
3538 261
3538 262
3538 263
3538 264
3538 265
3538 266
3538 267
3538 268
3538 269
3538 270
3538 271
3538 272
3538 273
3538 274
3538 275
3538 276
3538 277
3538 278
3567 243
3567 244
3567 245
3567 246
3567 247
3567 248
3567 249
3567 250
3567 251
3567 252
3567 253
3567 254
3567 255
3567 256
3567 257
3567 258
3567 259
3567 260
3567 261
3567 262
3567 263
3567 264
3567 265
3567 266
3567 267
3567 268
3567 269
3567 270
3567 271
3567 272
3567 273
3567 274
3567 275
3567 276
3567 277
3567 278
3567 279
3567 280
3567 281
3567 282
3567 283
3567 284
3567 285
3567 286
3567 287
3567 288
3567 289
3567 290
3567 291
3567 292
3567 293
3567 294
3567 295
3567 296
3567 297
3567 298
3567 299
3567 300
3568 231
3568 232
3568 233
3568 234
3568 235
3568 236
3568 237
3568 238
3568 239
3568 240
3568 241
3568 242
3568 243
3568 244
3568 245
3568 246
3568 247
3568 248
3568 249
3568 250
3568 251
3568 252
3568 253
3568 254
3568 255
3568 256
3568 257
3568 258
3568 259
3568 260
3568 261
3568 262
3568 263
3568 264
3568 265
3568 266
3568 267
3568 268
3568 269
3568 270
3568 271
3568 272
3568 273
3568 274
3568 275
3568 276
3568 277
3568 278
3568 279
3568 280
3568 281
3568 282
3568 283
3568 284
3568 285
3568 286
3568 287
3568 288
3568 289
3568 290
3568 291
3568 292
3568 293
3568 294
3568 295
3568 296
3568 297
3568 298
3568 299
3568 300
3568 301
3568 302
3568 303
3568 304
3568 305
3568 306
3568 307
3568 308
3569 223
3569 224
3569 225
3569 226
3569 227
3569 228
3569 229
3569 230
3569 231
3569 232
3569 233
3569 234
3569 235
3569 236
3569 237
3569 238
3569 239
3569 240
3569 241
3569 242
3569 243
3569 244
3569 245
3569 246
3569 247
3569 248
3569 249
3569 250
3569 251
3569 252
3569 253
3569 254
3569 255
3569 256
3569 257
3569 258
3569 259
3569 260
3569 261
3569 262
3569 263
3569 264
3569 265
3569 266
3569 267
3569 268
3569 269
3569 270
3569 271
3569 272
3569 273
3569 274
3569 275
3569 276
3569 277
3569 278
3569 279
3569 280
3569 281
3569 282
3569 283
3569 284
3569 285
3569 286
3569 287
3569 288
3569 289
3569 290
3569 291
3569 292
3569 293
3569 294
3569 295
3569 296
3569 297
3569 298
3569 299
3569 300
3569 301
3569 302
3569 303
3569 304
3569 305
3569 306
3569 307
3569 308
3569 309
3569 310
3569 311
3570 218
3570 219
3570 220
3570 221
3570 222
3570 223
3570 224
3570 225
3570 226
3570 227
3570 228
3570 229
3570 230
3570 231
3570 232
3570 233
3570 234
3570 235
3570 236
3570 237
3570 238
3570 239
3570 240
3570 241
3570 242
3570 243
3570 244
3570 245
3570 246
3570 247
3570 248
3570 249
3570 250
3570 251
3570 252
3570 253
3570 254
3570 255
3570 256
3570 257
3570 258
3570 259
3570 260
3570 261
3570 262
3570 263
3570 264
3570 265
3570 266
3570 267
3570 268
3570 269
3570 270
3570 271
3570 272
3570 273
3570 274
3570 275
3570 276
3570 277
3570 278
3570 279
3570 280
3570 281
3570 282
3570 283
3570 284
3570 285
3570 286
3570 287
3570 288
3570 289
3570 290
3570 291
3570 292
3570 293
3570 294
3570 295
3570 296
3570 297
3570 298
3570 299
3570 300
3570 301
3570 302
3570 303
3570 304
3570 305
3570 306
3570 307
3570 308
3570 309
3570 310
3570 311
3571 215
3571 216
3571 217
3571 218
3571 219
3571 220
3571 221
3571 222
3571 223
3571 224
3571 225
3571 226
3571 227
3571 228
3571 229
3571 230
3571 231
3571 232
3571 233
3571 234
3571 235
3571 236
3571 237
3571 238
3571 239
3571 240
3571 241
3571 242
3571 243
3571 244
3571 245
3571 246
3571 247
3571 248
3571 249
3571 250
3571 251
3571 252
3571 253
3571 254
3571 255
3571 256
3571 257
3571 258
3571 259
3571 260
3571 261
3571 262
3571 263
3571 264
3571 265
3571 266
3571 267
3571 268
3571 269
3571 270
3571 271
3571 272
3571 273
3571 274
3571 275
3571 276
3571 277
3571 278
3571 279
3571 280
3571 281
3571 282
3571 283
3571 284
3571 285
3571 286
3571 287
3571 288
3571 289
3571 290
3571 291
3571 292
3571 293
3571 294
3571 295
3571 296
3571 297
3571 298
3571 299
3571 300
3571 301
3571 302
3571 303
3571 304
3571 305
3571 306
3571 307
3571 308
3571 309
3572 214
3572 215
3572 216
3572 217
3572 218
3572 219
3572 220
3572 221
3572 222
3572 223
3572 224
3572 225
3572 226
3572 227
3572 228
3572 229
3572 230
3572 231
3572 232
3572 233
3572 234
3572 235
3572 236
3572 237
3572 238
3572 239
3572 240
3572 241
3572 242
3572 243
3572 244
3572 245
3572 246
3572 247
3572 248
3572 249
3572 250
3572 251
3572 252
3572 253
3572 254
3572 255
3572 256
3572 257
3572 258
3572 259
3572 260
3572 261
3572 262
3572 263
3572 264
3572 265
3572 266
3572 267
3572 268
3572 269
3572 270
3572 271
3572 272
3572 273
3572 274
3572 275
3572 276
3572 277
3572 278
3572 279
3572 280
3572 281
3572 282
3572 283
3572 284
3572 285
3572 286
3572 287
3572 288
3572 289
3572 290
3572 291
3572 292
3572 293
3572 294
3572 295
3572 296
3572 297
3572 298
3572 299
3572 300
3572 301
3572 302
3572 303
3572 304
3573 215
3573 216
3573 217
3573 218
3573 219
3573 220
3573 221
3573 222
3573 223
3573 224
3573 225
3573 226
3573 227
3573 228
3573 229
3573 230
3573 231
3573 232
3573 233
3573 234
3573 235
3573 236
3573 237
3573 238
3573 239
3573 240
3573 241
3573 242
3573 243
3573 244
3573 245
3573 246
3573 247
3573 248
3573 249
3573 250
3573 251
3573 252
3573 253
3573 254
3573 255
3573 256
3573 257
3573 258
3573 259
3573 260
3573 261
3573 262
3573 263
3573 264
3573 265
3573 266
3573 267
3573 268
3573 269
3573 270
3573 271
3573 272
3573 273
3573 274
3573 275
3573 276
3573 277
3573 278
3573 279
3573 280
3573 281
3573 282
3573 283
3573 284
3573 285
3573 286
3573 287
3573 288
3573 289
3573 290
3573 291
3573 292
3573 293
3573 294
3573 295
3573 296
3573 297
3574 219
3574 220
3574 221
3574 222
3574 223
3574 224
3574 225
3574 226
3574 227
3574 228
3574 229
3574 230
3574 231
3574 232
3574 233
3574 234
3574 235
3574 236
3574 237
3574 238
3574 239
3574 240
3574 241
3574 242
3574 243
3574 244
3574 245
3574 246
3574 247
3574 248
3574 249
3574 250
3574 251
3574 252
3574 253
3574 254
3574 255
3574 256
3574 257
3574 258
3574 259
3574 260
3574 261
3574 262
3574 263
3574 264
3574 265
3574 266
3574 267
3574 268
3574 269
3574 270
3574 271
3574 272
3574 273
3574 274
3574 275
3574 276
3574 277
3574 278
3574 279
3574 280
3574 281
3574 282
3574 283
3574 284
3574 285
3575 231
3575 232
3575 233
3575 234
3575 235
3575 236
3575 237
3575 238
3575 239
3575 240
3575 241
3575 242
3575 243
3575 244
3575 245
3575 246
3575 247
3575 248
3575 249
3575 250
3575 251
3575 252
3575 253
3575 254
3575 255
3575 256
3575 257
3575 258
3575 259
3575 260
3575 261
3575 262
3575 263
3603 257
3603 258
3603 259
3603 260
3603 261
3603 262
3603 263
3603 264
3603 265
3603 266
3603 267
3603 268
3603 269
3603 270
3603 271
3603 272
3603 273
3603 274
3603 275
3603 276
3603 277
3603 278
3603 279
3603 280
3603 281
3603 282
3603 283
3604 236
3604 237
3604 238
3604 239
3604 240
3604 241
3604 242
3604 243
3604 244
3604 245
3604 246
3604 247
3604 248
3604 249
3604 250
3604 251
3604 252
3604 253
3604 254
3604 255
3604 256
3604 257
3604 258
3604 259
3604 260
3604 261
3604 262
3604 263
3604 264
3604 265
3604 266
3604 267
3604 268
3604 269
3604 270
3604 271
3604 272
3604 273
3604 274
3604 275
3604 276
3604 277
3604 278
3604 279
3604 280
3604 281
3604 282
3604 283
3604 284
3604 285
3604 286
3604 287
3604 288
3604 289
3604 290
3604 291
3604 292
3604 293
3604 294
3604 295
3604 296
3604 297
3604 298
3604 299
3605 225
3605 226
3605 227
3605 228
3605 229
3605 230
3605 231
3605 232
3605 233
3605 234
3605 235
3605 236
3605 237
3605 238
3605 239
3605 240
3605 241
3605 242
3605 243
3605 244
3605 245
3605 246
3605 247
3605 248
3605 249
3605 250
3605 251
3605 252
3605 253
3605 254
3605 255
3605 256
3605 257
3605 258
3605 259
3605 260
3605 261
3605 262
3605 263
3605 264
3605 265
3605 266
3605 267
3605 268
3605 269
3605 270
3605 271
3605 272
3605 273
3605 274
3605 275
3605 276
3605 277
3605 278
3605 279
3605 280
3605 281
3605 282
3605 283
3605 284
3605 285
3605 286
3605 287
3605 288
3605 289
3605 290
3605 291
3605 292
3605 293
3605 294
3605 295
3605 296
3605 297
3605 298
3605 299
3605 300
3605 301
3605 302
3605 303
3605 304
3605 305
3606 219
3606 220
3606 221
3606 222
3606 223
3606 224
3606 225
3606 226
3606 227
3606 228
3606 229
3606 230
3606 231
3606 232
3606 233
3606 234
3606 235
3606 236
3606 237
3606 238
3606 239
3606 240
3606 241
3606 242
3606 243
3606 244
3606 245
3606 246
3606 247
3606 248
3606 249
3606 250
3606 251
3606 252
3606 253
3606 254
3606 255
3606 256
3606 257
3606 258
3606 259
3606 260
3606 261
3606 262
3606 263
3606 264
3606 265
3606 266
3606 267
3606 268
3606 269
3606 270
3606 271
3606 272
3606 273
3606 274
3606 275
3606 276
3606 277
3606 278
3606 279
3606 280
3606 281
3606 282
3606 283
3606 284
3606 285
3606 286
3606 287
3606 288
3606 289
3606 290
3606 291
3606 292
3606 293
3606 294
3606 295
3606 296
3606 297
3606 298
3606 299
3606 300
3606 301
3606 302
3606 303
3606 304
3606 305
3606 306
3606 307
3607 215
3607 216
3607 217
3607 218
3607 219
3607 220
3607 221
3607 222
3607 223
3607 224
3607 225
3607 226
3607 227
3607 228
3607 229
3607 230
3607 231
3607 232
3607 233
3607 234
3607 235
3607 236
3607 237
3607 238
3607 239
3607 240
3607 241
3607 242
3607 243
3607 244
3607 245
3607 246
3607 247
3607 248
3607 249
3607 250
3607 251
3607 252
3607 253
3607 254
3607 255
3607 256
3607 257
3607 258
3607 259
3607 260
3607 261
3607 262
3607 263
3607 264
3607 265
3607 266
3607 267
3607 268
3607 269
3607 270
3607 271
3607 272
3607 273
3607 274
3607 275
3607 276
3607 277
3607 278
3607 279
3607 280
3607 281
3607 282
3607 283
3607 284
3607 285
3607 286
3607 287
3607 288
3607 289
3607 290
3607 291
3607 292
3607 293
3607 294
3607 295
3607 296
3607 297
3607 298
3607 299
3607 300
3607 301
3607 302
3607 303
3607 304
3607 305
3607 306
3608 213
3608 214
3608 215
3608 216
3608 217
3608 218
3608 219
3608 220
3608 221
3608 222
3608 223
3608 224
3608 225
3608 226
3608 227
3608 228
3608 229
3608 230
3608 231
3608 232
3608 233
3608 234
3608 235
3608 236
3608 237
3608 238
3608 239
3608 240
3608 241
3608 242
3608 243
3608 244
3608 245
3608 246
3608 247
3608 248
3608 249
3608 250
3608 251
3608 252
3608 253
3608 254
3608 255
3608 256
3608 257
3608 258
3608 259
3608 260
3608 261
3608 262
3608 263
3608 264
3608 265
3608 266
3608 267
3608 268
3608 269
3608 270
3608 271
3608 272
3608 273
3608 274
3608 275
3608 276
3608 277
3608 278
3608 279
3608 280
3608 281
3608 282
3608 283
3608 284
3608 285
3608 286
3608 287
3608 288
3608 289
3608 290
3608 291
3608 292
3608 293
3608 294
3608 295
3608 296
3608 297
3608 298
3608 299
3608 300
3608 301
3608 302
3608 303
3609 213
3609 214
3609 215
3609 216
3609 217
3609 218
3609 219
3609 220
3609 221
3609 222
3609 223
3609 224
3609 225
3609 226
3609 227
3609 228
3609 229
3609 230
3609 231
3609 232
3609 233
3609 234
3609 235
3609 236
3609 237
3609 238
3609 239
3609 240
3609 241
3609 242
3609 243
3609 244
3609 245
3609 246
3609 247
3609 248
3609 249
3609 250
3609 251
3609 252
3609 253
3609 254
3609 255
3609 256
3609 257
3609 258
3609 259
3609 260
3609 261
3609 262
3609 263
3609 264
3609 265
3609 266
3609 267
3609 268
3609 269
3609 270
3609 271
3609 272
3609 273
3609 274
3609 275
3609 276
3609 277
3609 278
3609 279
3609 280
3609 281
3609 282
3609 283
3609 284
3609 285
3609 286
3609 287
3609 288
3609 289
3609 290
3609 291
3609 292
3609 293
3609 294
3609 295
3609 296
3609 297
3610 215
3610 216
3610 217
3610 218
3610 219
3610 220
3610 221
3610 222
3610 223
3610 224
3610 225
3610 226
3610 227
3610 228
3610 229
3610 230
3610 231
3610 232
3610 233
3610 234
3610 235
3610 236
3610 237
3610 238
3610 239
3610 240
3610 241
3610 242
3610 243
3610 244
3610 245
3610 246
3610 247
3610 248
3610 249
3610 250
3610 251
3610 252
3610 253
3610 254
3610 255
3610 256
3610 257
3610 258
3610 259
3610 260
3610 261
3610 262
3610 263
3610 264
3610 265
3610 266
3610 267
3610 268
3610 269
3610 270
3610 271
3610 272
3610 273
3610 274
3610 275
3610 276
3610 277
3610 278
3610 279
3610 280
3610 281
3610 282
3610 283
3610 284
3610 285
3610 286
3610 287
3610 288
3611 222
3611 223
3611 224
3611 225
3611 226
3611 227
3611 228
3611 229
3611 230
3611 231
3611 232
3611 233
3611 234
3611 235
3611 236
3611 237
3611 238
3611 239
3611 240
3611 241
3611 242
3611 243
3611 244
3611 245
3611 246
3611 247
3611 248
3611 249
3611 250
3611 251
3611 252
3611 253
3611 254
3611 255
3611 256
3611 257
3611 258
3611 259
3611 260
3611 261
3611 262
3611 263
3611 264
3611 265
3611 266
3611 267
3611 268
3611 269
3611 270
3611 271
3611 272
3640 246
3640 247
3640 248
3640 249
3640 250
3640 251
3640 252
3640 253
3640 254
3640 255
3640 256
3640 257
3640 258
3640 259
3640 260
3640 261
3640 262
3640 263
3640 264
3640 265
3640 266
3640 267
3640 268
3640 269
3640 270
3640 271
3640 272
3640 273
3640 274
3640 275
3640 276
3640 277
3640 278
3640 279
3640 280
3640 281
3640 282
3640 283
3640 284
3640 285
3641 230
3641 231
3641 232
3641 233
3641 234
3641 235
3641 236
3641 237
3641 238
3641 239
3641 240
3641 241
3641 242
3641 243
3641 244
3641 245
3641 246
3641 247
3641 248
3641 249
3641 250
3641 251
3641 252
3641 253
3641 254
3641 255
3641 256
3641 257
3641 258
3641 259
3641 260
3641 261
3641 262
3641 263
3641 264
3641 265
3641 266
3641 267
3641 268
3641 269
3641 270
3641 271
3641 272
3641 273
3641 274
3641 275
3641 276
3641 277
3641 278
3641 279
3641 280
3641 281
3641 282
3641 283
3641 284
3641 285
3641 286
3641 287
3641 288
3641 289
3641 290
3641 291
3641 292
3641 293
3641 294
3641 295
3641 296
3642 221
3642 222
3642 223
3642 224
3642 225
3642 226
3642 227
3642 228
3642 229
3642 230
3642 231
3642 232
3642 233
3642 234
3642 235
3642 236
3642 237
3642 238
3642 239
3642 240
3642 241
3642 242
3642 243
3642 244
3642 245
3642 246
3642 247
3642 248
3642 249
3642 250
3642 251
3642 252
3642 253
3642 254
3642 255
3642 256
3642 257
3642 258
3642 259
3642 260
3642 261
3642 262
3642 263
3642 264
3642 265
3642 266
3642 267
3642 268
3642 269
3642 270
3642 271
3642 272
3642 273
3642 274
3642 275
3642 276
3642 277
3642 278
3642 279
3642 280
3642 281
3642 282
3642 283
3642 284
3642 285
3642 286
3642 287
3642 288
3642 289
3642 290
3642 291
3642 292
3642 293
3642 294
3642 295
3642 296
3642 297
3642 298
3642 299
3642 300
3643 216
3643 217
3643 218
3643 219
3643 220
3643 221
3643 222
3643 223
3643 224
3643 225
3643 226
3643 227
3643 228
3643 229
3643 230
3643 231
3643 232
3643 233
3643 234
3643 235
3643 236
3643 237
3643 238
3643 239
3643 240
3643 241
3643 242
3643 243
3643 244
3643 245
3643 246
3643 247
3643 248
3643 249
3643 250
3643 251
3643 252
3643 253
3643 254
3643 255
3643 256
3643 257
3643 258
3643 259
3643 260
3643 261
3643 262
3643 263
3643 264
3643 265
3643 266
3643 267
3643 268
3643 269
3643 270
3643 271
3643 272
3643 273
3643 274
3643 275
3643 276
3643 277
3643 278
3643 279
3643 280
3643 281
3643 282
3643 283
3643 284
3643 285
3643 286
3643 287
3643 288
3643 289
3643 290
3643 291
3643 292
3643 293
3643 294
3643 295
3643 296
3643 297
3643 298
3643 299
3643 300
3643 301
3644 212
3644 213
3644 214
3644 215
3644 216
3644 217
3644 218
3644 219
3644 220
3644 221
3644 222
3644 223
3644 224
3644 225
3644 226
3644 227
3644 228
3644 229
3644 230
3644 231
3644 232
3644 233
3644 234
3644 235
3644 236
3644 237
3644 238
3644 239
3644 240
3644 241
3644 242
3644 243
3644 244
3644 245
3644 246
3644 247
3644 248
3644 249
3644 250
3644 251
3644 252
3644 253
3644 254
3644 255
3644 256
3644 257
3644 258
3644 259
3644 260
3644 261
3644 262
3644 263
3644 264
3644 265
3644 266
3644 267
3644 268
3644 269
3644 270
3644 271
3644 272
3644 273
3644 274
3644 275
3644 276
3644 277
3644 278
3644 279
3644 280
3644 281
3644 282
3644 283
3644 284
3644 285
3644 286
3644 287
3644 288
3644 289
3644 290
3644 291
3644 292
3644 293
3644 294
3644 295
3644 296
3644 297
3644 298
3644 299
3644 300
3645 212
3645 213
3645 214
3645 215
3645 216
3645 217
3645 218
3645 219
3645 220
3645 221
3645 222
3645 223
3645 224
3645 225
3645 226
3645 227
3645 228
3645 229
3645 230
3645 231
3645 232
3645 233
3645 234
3645 235
3645 236
3645 237
3645 238
3645 239
3645 240
3645 241
3645 242
3645 243
3645 244
3645 245
3645 246
3645 247
3645 248
3645 249
3645 250
3645 251
3645 252
3645 253
3645 254
3645 255
3645 256
3645 257
3645 258
3645 259
3645 260
3645 261
3645 262
3645 263
3645 264
3645 265
3645 266
3645 267
3645 268
3645 269
3645 270
3645 271
3645 272
3645 273
3645 274
3645 275
3645 276
3645 277
3645 278
3645 279
3645 280
3645 281
3645 282
3645 283
3645 284
3645 285
3645 286
3645 287
3645 288
3645 289
3645 290
3645 291
3645 292
3645 293
3645 294
3645 295
3646 213
3646 214
3646 215
3646 216
3646 217
3646 218
3646 219
3646 220
3646 221
3646 222
3646 223
3646 224
3646 225
3646 226
3646 227
3646 228
3646 229
3646 230
3646 231
3646 232
3646 233
3646 234
3646 235
3646 236
3646 237
3646 238
3646 239
3646 240
3646 241
3646 242
3646 243
3646 244
3646 245
3646 246
3646 247
3646 248
3646 249
3646 250
3646 251
3646 252
3646 253
3646 254
3646 255
3646 256
3646 257
3646 258
3646 259
3646 260
3646 261
3646 262
3646 263
3646 264
3646 265
3646 266
3646 267
3646 268
3646 269
3646 270
3646 271
3646 272
3646 273
3646 274
3646 275
3646 276
3646 277
3646 278
3646 279
3646 280
3646 281
3646 282
3646 283
3646 284
3646 285
3646 286
3646 287
3646 288
3647 218
3647 219
3647 220
3647 221
3647 222
3647 223
3647 224
3647 225
3647 226
3647 227
3647 228
3647 229
3647 230
3647 231
3647 232
3647 233
3647 234
3647 235
3647 236
3647 237
3647 238
3647 239
3647 240
3647 241
3647 242
3647 243
3647 244
3647 245
3647 246
3647 247
3647 248
3647 249
3647 250
3647 251
3647 252
3647 253
3647 254
3647 255
3647 256
3647 257
3647 258
3647 259
3647 260
3647 261
3647 262
3647 263
3647 264
3647 265
3647 266
3647 267
3647 268
3647 269
3647 270
3647 271
3647 272
3647 273
3647 274
3647 275
3647 276
3648 231
3648 232
3648 233
3648 234
3648 235
3648 236
3648 237
3648 238
3648 239
3648 240
3648 241
3648 242
3648 243
3648 244
3648 245
3648 246
3648 247
3648 248
3648 249
3648 250
3648 251
3648 252
3648 253
3677 239
3677 240
3677 241
3677 242
3677 243
3677 244
3677 245
3677 246
3677 247
3677 248
3677 249
3677 250
3677 251
3677 252
3677 253
3677 254
3677 255
3677 256
3677 257
3677 258
3677 259
3677 260
3677 261
3677 262
3677 263
3677 264
3677 265
3677 266
3677 267
3677 268
3677 269
3677 270
3677 271
3677 272
3677 273
3677 274
3677 275
3677 276
3677 277
3677 278
3677 279
3677 280
3677 281
3677 282
3678 226
3678 227
3678 228
3678 229
3678 230
3678 231
3678 232
3678 233
3678 234
3678 235
3678 236
3678 237
3678 238
3678 239
3678 240
3678 241
3678 242
3678 243
3678 244
3678 245
3678 246
3678 247
3678 248
3678 249
3678 250
3678 251
3678 252
3678 253
3678 254
3678 255
3678 256
3678 257
3678 258
3678 259
3678 260
3678 261
3678 262
3678 263
3678 264
3678 265
3678 266
3678 267
3678 268
3678 269
3678 270
3678 271
3678 272
3678 273
3678 274
3678 275
3678 276
3678 277
3678 278
3678 279
3678 280
3678 281
3678 282
3678 283
3678 284
3678 285
3678 286
3678 287
3678 288
3678 289
3678 290
3678 291
3679 218
3679 219
3679 220
3679 221
3679 222
3679 223
3679 224
3679 225
3679 226
3679 227
3679 228
3679 229
3679 230
3679 231
3679 232
3679 233
3679 234
3679 235
3679 236
3679 237
3679 238
3679 239
3679 240
3679 241
3679 242
3679 243
3679 244
3679 245
3679 246
3679 247
3679 248
3679 249
3679 250
3679 251
3679 252
3679 253
3679 254
3679 255
3679 256
3679 257
3679 258
3679 259
3679 260
3679 261
3679 262
3679 263
3679 264
3679 265
3679 266
3679 267
3679 268
3679 269
3679 270
3679 271
3679 272
3679 273
3679 274
3679 275
3679 276
3679 277
3679 278
3679 279
3679 280
3679 281
3679 282
3679 283
3679 284
3679 285
3679 286
3679 287
3679 288
3679 289
3679 290
3679 291
3679 292
3679 293
3679 294
3680 214
3680 215
3680 216
3680 217
3680 218
3680 219
3680 220
3680 221
3680 222
3680 223
3680 224
3680 225
3680 226
3680 227
3680 228
3680 229
3680 230
3680 231
3680 232
3680 233
3680 234
3680 235
3680 236
3680 237
3680 238
3680 239
3680 240
3680 241
3680 242
3680 243
3680 244
3680 245
3680 246
3680 247
3680 248
3680 249
3680 250
3680 251
3680 252
3680 253
3680 254
3680 255
3680 256
3680 257
3680 258
3680 259
3680 260
3680 261
3680 262
3680 263
3680 264
3680 265
3680 266
3680 267
3680 268
3680 269
3680 270
3680 271
3680 272
3680 273
3680 274
3680 275
3680 276
3680 277
3680 278
3680 279
3680 280
3680 281
3680 282
3680 283
3680 284
3680 285
3680 286
3680 287
3680 288
3680 289
3680 290
3680 291
3680 292
3680 293
3680 294
3681 212
3681 213
3681 214
3681 215
3681 216
3681 217
3681 218
3681 219
3681 220
3681 221
3681 222
3681 223
3681 224
3681 225
3681 226
3681 227
3681 228
3681 229
3681 230
3681 231
3681 232
3681 233
3681 234
3681 235
3681 236
3681 237
3681 238
3681 239
3681 240
3681 241
3681 242
3681 243
3681 244
3681 245
3681 246
3681 247
3681 248
3681 249
3681 250
3681 251
3681 252
3681 253
3681 254
3681 255
3681 256
3681 257
3681 258
3681 259
3681 260
3681 261
3681 262
3681 263
3681 264
3681 265
3681 266
3681 267
3681 268
3681 269
3681 270
3681 271
3681 272
3681 273
3681 274
3681 275
3681 276
3681 277
3681 278
3681 279
3681 280
3681 281
3681 282
3681 283
3681 284
3681 285
3681 286
3681 287
3681 288
3681 289
3681 290
3681 291
3682 212
3682 213
3682 214
3682 215
3682 216
3682 217
3682 218
3682 219
3682 220
3682 221
3682 222
3682 223
3682 224
3682 225
3682 226
3682 227
3682 228
3682 229
3682 230
3682 231
3682 232
3682 233
3682 234
3682 235
3682 236
3682 237
3682 238
3682 239
3682 240
3682 241
3682 242
3682 243
3682 244
3682 245
3682 246
3682 247
3682 248
3682 249
3682 250
3682 251
3682 252
3682 253
3682 254
3682 255
3682 256
3682 257
3682 258
3682 259
3682 260
3682 261
3682 262
3682 263
3682 264
3682 265
3682 266
3682 267
3682 268
3682 269
3682 270
3682 271
3682 272
3682 273
3682 274
3682 275
3682 276
3682 277
3682 278
3682 279
3682 280
3682 281
3682 282
3682 283
3682 284
3682 285
3683 215
3683 216
3683 217
3683 218
3683 219
3683 220
3683 221
3683 222
3683 223
3683 224
3683 225
3683 226
3683 227
3683 228
3683 229
3683 230
3683 231
3683 232
3683 233
3683 234
3683 235
3683 236
3683 237
3683 238
3683 239
3683 240
3683 241
3683 242
3683 243
3683 244
3683 245
3683 246
3683 247
3683 248
3683 249
3683 250
3683 251
3683 252
3683 253
3683 254
3683 255
3683 256
3683 257
3683 258
3683 259
3683 260
3683 261
3683 262
3683 263
3683 264
3683 265
3683 266
3683 267
3683 268
3683 269
3683 270
3683 271
3683 272
3683 273
3683 274
3683 275
3683 276
3684 224
3684 225
3684 226
3684 227
3684 228
3684 229
3684 230
3684 231
3684 232
3684 233
3684 234
3684 235
3684 236
3684 237
3684 238
3684 239
3684 240
3684 241
3684 242
3684 243
3684 244
3684 245
3684 246
3684 247
3684 248
3684 249
3684 250
3684 251
3684 252
3684 253
3684 254
3684 255
3684 256
3684 257
3684 258
3684 259
3684 260
3714 235
3714 236
3714 237
3714 238
3714 239
3714 240
3714 241
3714 242
3714 243
3714 244
3714 245
3714 246
3714 247
3714 248
3714 249
3714 250
3714 251
3714 252
3714 253
3714 254
3714 255
3714 256
3714 257
3714 258
3714 259
3714 260
3714 261
3714 262
3714 263
3714 264
3714 265
3714 266
3714 267
3714 268
3714 269
3714 270
3714 271
3714 272
3714 273
3714 274
3714 275
3714 276
3714 277
3715 223
3715 224
3715 225
3715 226
3715 227
3715 228
3715 229
3715 230
3715 231
3715 232
3715 233
3715 234
3715 235
3715 236
3715 237
3715 238
3715 239
3715 240
3715 241
3715 242
3715 243
3715 244
3715 245
3715 246
3715 247
3715 248
3715 249
3715 250
3715 251
3715 252
3715 253
3715 254
3715 255
3715 256
3715 257
3715 258
3715 259
3715 260
3715 261
3715 262
3715 263
3715 264
3715 265
3715 266
3715 267
3715 268
3715 269
3715 270
3715 271
3715 272
3715 273
3715 274
3715 275
3715 276
3715 277
3715 278
3715 279
3715 280
3715 281
3715 282
3715 283
3715 284
3716 216
3716 217
3716 218
3716 219
3716 220
3716 221
3716 222
3716 223
3716 224
3716 225
3716 226
3716 227
3716 228
3716 229
3716 230
3716 231
3716 232
3716 233
3716 234
3716 235
3716 236
3716 237
3716 238
3716 239
3716 240
3716 241
3716 242
3716 243
3716 244
3716 245
3716 246
3716 247
3716 248
3716 249
3716 250
3716 251
3716 252
3716 253
3716 254
3716 255
3716 256
3716 257
3716 258
3716 259
3716 260
3716 261
3716 262
3716 263
3716 264
3716 265
3716 266
3716 267
3716 268
3716 269
3716 270
3716 271
3716 272
3716 273
3716 274
3716 275
3716 276
3716 277
3716 278
3716 279
3716 280
3716 281
3716 282
3716 283
3716 284
3716 285
3716 286
3717 213
3717 214
3717 215
3717 216
3717 217
3717 218
3717 219
3717 220
3717 221
3717 222
3717 223
3717 224
3717 225
3717 226
3717 227
3717 228
3717 229
3717 230
3717 231
3717 232
3717 233
3717 234
3717 235
3717 236
3717 237
3717 238
3717 239
3717 240
3717 241
3717 242
3717 243
3717 244
3717 245
3717 246
3717 247
3717 248
3717 249
3717 250
3717 251
3717 252
3717 253
3717 254
3717 255
3717 256
3717 257
3717 258
3717 259
3717 260
3717 261
3717 262
3717 263
3717 264
3717 265
3717 266
3717 267
3717 268
3717 269
3717 270
3717 271
3717 272
3717 273
3717 274
3717 275
3717 276
3717 277
3717 278
3717 279
3717 280
3717 281
3717 282
3717 283
3717 284
3717 285
3718 213
3718 214
3718 215
3718 216
3718 217
3718 218
3718 219
3718 220
3718 221
3718 222
3718 223
3718 224
3718 225
3718 226
3718 227
3718 228
3718 229
3718 230
3718 231
3718 232
3718 233
3718 234
3718 235
3718 236
3718 237
3718 238
3718 239
3718 240
3718 241
3718 242
3718 243
3718 244
3718 245
3718 246
3718 247
3718 248
3718 249
3718 250
3718 251
3718 252
3718 253
3718 254
3718 255
3718 256
3718 257
3718 258
3718 259
3718 260
3718 261
3718 262
3718 263
3718 264
3718 265
3718 266
3718 267
3718 268
3718 269
3718 270
3718 271
3718 272
3718 273
3718 274
3718 275
3718 276
3718 277
3718 278
3718 279
3718 280
3718 281
3719 215
3719 216
3719 217
3719 218
3719 219
3719 220
3719 221
3719 222
3719 223
3719 224
3719 225
3719 226
3719 227
3719 228
3719 229
3719 230
3719 231
3719 232
3719 233
3719 234
3719 235
3719 236
3719 237
3719 238
3719 239
3719 240
3719 241
3719 242
3719 243
3719 244
3719 245
3719 246
3719 247
3719 248
3719 249
3719 250
3719 251
3719 252
3719 253
3719 254
3719 255
3719 256
3719 257
3719 258
3719 259
3719 260
3719 261
3719 262
3719 263
3719 264
3719 265
3719 266
3719 267
3719 268
3719 269
3719 270
3719 271
3719 272
3719 273
3720 222
3720 223
3720 224
3720 225
3720 226
3720 227
3720 228
3720 229
3720 230
3720 231
3720 232
3720 233
3720 234
3720 235
3720 236
3720 237
3720 238
3720 239
3720 240
3720 241
3720 242
3720 243
3720 244
3720 245
3720 246
3720 247
3720 248
3720 249
3720 250
3720 251
3720 252
3720 253
3720 254
3720 255
3720 256
3720 257
3720 258
3720 259
3720 260
3751 232
3751 233
3751 234
3751 235
3751 236
3751 237
3751 238
3751 239
3751 240
3751 241
3751 242
3751 243
3751 244
3751 245
3751 246
3751 247
3751 248
3751 249
3751 250
3751 251
3751 252
3751 253
3751 254
3751 255
3751 256
3751 257
3751 258
3751 259
3751 260
3751 261
3751 262
3751 263
3751 264
3751 265
3751 266
3751 267
3751 268
3751 269
3752 221
3752 222
3752 223
3752 224
3752 225
3752 226
3752 227
3752 228
3752 229
3752 230
3752 231
3752 232
3752 233
3752 234
3752 235
3752 236
3752 237
3752 238
3752 239
3752 240
3752 241
3752 242
3752 243
3752 244
3752 245
3752 246
3752 247
3752 248
3752 249
3752 250
3752 251
3752 252
3752 253
3752 254
3752 255
3752 256
3752 257
3752 258
3752 259
3752 260
3752 261
3752 262
3752 263
3752 264
3752 265
3752 266
3752 267
3752 268
3752 269
3752 270
3752 271
3752 272
3752 273
3752 274
3752 275
3753 216
3753 217
3753 218
3753 219
3753 220
3753 221
3753 222
3753 223
3753 224
3753 225
3753 226
3753 227
3753 228
3753 229
3753 230
3753 231
3753 232
3753 233
3753 234
3753 235
3753 236
3753 237
3753 238
3753 239
3753 240
3753 241
3753 242
3753 243
3753 244
3753 245
3753 246
3753 247
3753 248
3753 249
3753 250
3753 251
3753 252
3753 253
3753 254
3753 255
3753 256
3753 257
3753 258
3753 259
3753 260
3753 261
3753 262
3753 263
3753 264
3753 265
3753 266
3753 267
3753 268
3753 269
3753 270
3753 271
3753 272
3753 273
3753 274
3753 275
3753 276
3754 215
3754 216
3754 217
3754 218
3754 219
3754 220
3754 221
3754 222
3754 223
3754 224
3754 225
3754 226
3754 227
3754 228
3754 229
3754 230
3754 231
3754 232
3754 233
3754 234
3754 235
3754 236
3754 237
3754 238
3754 239
3754 240
3754 241
3754 242
3754 243
3754 244
3754 245
3754 246
3754 247
3754 248
3754 249
3754 250
3754 251
3754 252
3754 253
3754 254
3754 255
3754 256
3754 257
3754 258
3754 259
3754 260
3754 261
3754 262
3754 263
3754 264
3754 265
3754 266
3754 267
3754 268
3754 269
3754 270
3754 271
3754 272
3754 273
3754 274
3755 216
3755 217
3755 218
3755 219
3755 220
3755 221
3755 222
3755 223
3755 224
3755 225
3755 226
3755 227
3755 228
3755 229
3755 230
3755 231
3755 232
3755 233
3755 234
3755 235
3755 236
3755 237
3755 238
3755 239
3755 240
3755 241
3755 242
3755 243
3755 244
3755 245
3755 246
3755 247
3755 248
3755 249
3755 250
3755 251
3755 252
3755 253
3755 254
3755 255
3755 256
3755 257
3755 258
3755 259
3755 260
3755 261
3755 262
3755 263
3755 264
3755 265
3755 266
3755 267
3755 268
3756 222
3756 223
3756 224
3756 225
3756 226
3756 227
3756 228
3756 229
3756 230
3756 231
3756 232
3756 233
3756 234
3756 235
3756 236
3756 237
3756 238
3756 239
3756 240
3756 241
3756 242
3756 243
3756 244
3756 245
3756 246
3756 247
3756 248
3756 249
3756 250
3756 251
3756 252
3756 253
3756 254
3756 255
3756 256
3756 257
3788 233
3788 234
3788 235
3788 236
3788 237
3788 238
3788 239
3788 240
3788 241
3788 242
3788 243
3788 244
3788 245
3788 246
3788 247
3788 248
3788 249
3788 250
3788 251
3788 252
3788 253
3788 254
3788 255
3788 256
3788 257
3788 258
3789 223
3789 224
3789 225
3789 226
3789 227
3789 228
3789 229
3789 230
3789 231
3789 232
3789 233
3789 234
3789 235
3789 236
3789 237
3789 238
3789 239
3789 240
3789 241
3789 242
3789 243
3789 244
3789 245
3789 246
3789 247
3789 248
3789 249
3789 250
3789 251
3789 252
3789 253
3789 254
3789 255
3789 256
3789 257
3789 258
3789 259
3789 260
3789 261
3789 262
3789 263
3789 264
3790 219
3790 220
3790 221
3790 222
3790 223
3790 224
3790 225
3790 226
3790 227
3790 228
3790 229
3790 230
3790 231
3790 232
3790 233
3790 234
3790 235
3790 236
3790 237
3790 238
3790 239
3790 240
3790 241
3790 242
3790 243
3790 244
3790 245
3790 246
3790 247
3790 248
3790 249
3790 250
3790 251
3790 252
3790 253
3790 254
3790 255
3790 256
3790 257
3790 258
3790 259
3790 260
3790 261
3790 262
3790 263
3790 264
3791 220
3791 221
3791 222
3791 223
3791 224
3791 225
3791 226
3791 227
3791 228
3791 229
3791 230
3791 231
3791 232
3791 233
3791 234
3791 235
3791 236
3791 237
3791 238
3791 239
3791 240
3791 241
3791 242
3791 243
3791 244
3791 245
3791 246
3791 247
3791 248
3791 249
3791 250
3791 251
3791 252
3791 253
3791 254
3791 255
3791 256
3791 257
3791 258
3791 259
3791 260
3792 225
3792 226
3792 227
3792 228
3792 229
3792 230
3792 231
3792 232
3792 233
3792 234
3792 235
3792 236
3792 237
3792 238
3792 239
3792 240
3792 241
3792 242
3792 243
3792 244
3792 245
3792 246
3792 247
3792 248
3792 249
3792 250
3826 232
3826 233
3826 234
3826 235
3826 236
3826 237
3826 238
3826 239
3826 240
3826 241
3826 242
3826 243
3826 244
3826 245
3826 246
3826 247
3827 230
3827 231
3827 232
3827 233
3827 234
3827 235
3827 236
3827 237
3827 238
3827 239
3827 240
3827 241
3827 242
3827 243
3827 244
3827 245
