1995 112
1995 113
1995 114
1995 115
1995 116
1995 117
1997 117
1997 118
1997 119
1997 120
1997 121
2026 110
2026 111
2026 112
2026 113
2026 114
2026 115
2026 116
2026 117
2026 118
2026 119
2026 120
2026 121
2026 122
2028 114
2028 115
2028 116
2028 117
2028 118
2028 119
2028 120
2028 121
2028 122
2028 123
2028 124
2028 125
2028 126
2028 127
2057 110
2057 111
2057 112
2057 113
2057 114
2057 115
2057 116
2057 117
2057 118
2057 119
2057 120
2057 121
2057 122
2057 123
2057 124
2059 114
2059 115
2059 116
2059 117
2059 118
2059 119
2059 120
2059 121
2059 122
2059 123
2059 124
2059 125
2059 126
2059 127
2059 128
2059 129
2059 130
2059 131
2061 121
2061 122
2061 123
2061 124
2061 125
2061 126
2061 127
2061 128
2061 129
2061 130
2061 131
2061 132
2061 133
2061 134
2088 111
2088 112
2088 113
2088 114
2088 115
2088 116
2088 117
2088 118
2088 119
2088 120
2088 121
2088 122
2088 123
2088 124
2088 125
2088 126
2090 114
2090 115
2090 116
2090 117
2090 118
2090 119
2090 120
2090 121
2090 122
2090 123
2090 124
2090 125
2090 126
2090 127
2090 128
2090 129
2090 130
2090 131
2090 132
2090 133
2092 121
2092 122
2092 123
2092 124
2092 125
2092 126
2092 127
2092 128
2092 129
2092 130
2092 131
2092 132
2092 133
2092 134
2092 135
2092 136
2092 137
2092 138
2094 130
2094 131
2094 132
2094 133
2094 134
2094 135
2094 136
2094 137
2094 138
2094 139
2094 140
2094 141
2119 113
2119 114
2119 115
2119 116
2119 117
2119 118
2119 119
2119 120
2119 121
2119 122
2119 123
2119 124
2119 125
2119 126
2119 127
2121 116
2121 117
2121 118
2121 119
2121 120
2121 121
2121 122
2121 123
2121 124
2121 125
2121 126
2121 127
2121 128
2121 129
2121 130
2121 131
2121 132
2121 133
2121 134
2121 135
2121 136
2123 121
2123 122
2123 123
2123 124
2123 125
2123 126
2123 127
2123 128
2123 129
2123 130
2123 131
2123 132
2123 133
2123 134
2123 135
2123 136
2123 137
2123 138
2123 139
2123 140
2123 141
2123 142
2125 129
2125 130
2125 131
2125 132
2125 133
2125 134
2125 135
2125 136
2125 137
2125 138
2125 139
2125 140
2125 141
2125 142
2125 143
2125 144
2125 145
2125 146
2125 147
2127 139
2127 140
2127 141
2127 142
2127 143
2127 144
2127 145
2127 146
2127 147
2127 148
2127 149
2150 117
2150 118
2150 119
2150 120
2150 121
2150 122
2150 123
2150 124
2150 125
2150 126
2150 127
2152 117
2152 118
2152 119
2152 120
2152 121
2152 122
2152 123
2152 124
2152 125
2152 126
2152 127
2152 128
2152 129
2152 130
2152 131
2152 132
2152 133
2152 134
2152 135
2152 136
2152 137
2154 122
2154 123
2154 124
2154 125
2154 126
2154 127
2154 128
2154 129
2154 130
2154 131
2154 132
2154 133
2154 134
2154 135
2154 136
2154 137
2154 138
2154 139
2154 140
2154 141
2154 142
2154 143
2154 144
2154 145
2156 129
2156 130
2156 131
2156 132
2156 133
2156 134
2156 135
2156 136
2156 137
2156 138
2156 139
2156 140
2156 141
2156 142
2156 143
2156 144
2156 145
2156 146
2156 147
2156 148
2156 149
2156 150
2156 151
2158 137
2158 138
2158 139
2158 140
2158 141
2158 142
2158 143
2158 144
2158 145
2158 146
2158 147
2158 148
2158 149
2158 150
2158 151
2158 152
2158 153
2158 154
2158 155
2158 156
2160 147
2160 148
2160 149
2160 150
2160 151
2160 152
2160 153
2160 154
2160 155
2160 156
2160 157
2160 158
2160 159
2160 160
2183 120
2183 121
2183 122
2183 123
2183 124
2183 125
2183 126
2183 127
2183 128
2183 129
2183 130
2183 131
2183 132
2183 133
2183 134
2183 135
2183 136
2183 137
2183 138
2185 124
2185 125
2185 126
2185 127
2185 128
2185 129
2185 130
2185 131
2185 132
2185 133
2185 134
2185 135
2185 136
2185 137
2185 138
2185 139
2185 140
2185 141
2185 142
2185 143
2185 144
2185 145
2185 146
2185 147
2187 129
2187 130
2187 131
2187 132
2187 133
2187 134
2187 135
2187 136
2187 137
2187 138
2187 139
2187 140
2187 141
2187 142
2187 143
2187 144
2187 145
2187 146
2187 147
2187 148
2187 149
2187 150
2187 151
2187 152
2187 153
2187 154
2189 137
2189 138
2189 139
2189 140
2189 141
2189 142
2189 143
2189 144
2189 145
2189 146
2189 147
2189 148
2189 149
2189 150
2189 151
2189 152
2189 153
2189 154
2189 155
2189 156
2189 157
2189 158
2189 159
2189 160
2189 161
2191 145
2191 146
2191 147
2191 148
2191 149
2191 150
2191 151
2191 152
2191 153
2191 154
2191 155
2191 156
2191 157
2191 158
2191 159
2191 160
2191 161
2191 162
2191 163
2191 164
2191 165
2191 166
2191 167
2193 155
2193 156
2193 157
2193 158
2193 159
2193 160
2193 161
2193 162
2193 163
2193 164
2193 165
2193 166
2193 167
2193 168
2193 169
2193 170
2193 171
2195 168
2195 169
2195 170
2195 171
2195 172
2195 173
2214 124
2214 125
2214 126
2214 127
2214 128
2214 129
2214 130
2214 131
2214 132
2214 133
2214 134
2214 135
2214 136
2214 137
2214 138
2216 126
2216 127
2216 128
2216 129
2216 130
2216 131
2216 132
2216 133
2216 134
2216 135
2216 136
2216 137
2216 138
2216 139
2216 140
2216 141
2216 142
2216 143
2216 144
2216 145
2216 146
2216 147
2216 148
2216 149
2218 131
2218 132
2218 133
2218 134
2218 135
2218 136
2218 137
2218 138
2218 139
2218 140
2218 141
2218 142
2218 143
2218 144
2218 145
2218 146
2218 147
2218 148
2218 149
2218 150
2218 151
2218 152
2218 153
2218 154
2218 155
2218 156
2218 157
2220 137
2220 138
2220 139
2220 140
2220 141
2220 142
2220 143
2220 144
2220 145
2220 146
2220 147
2220 148
2220 149
2220 150
2220 151
2220 152
2220 153
2220 154
2220 155
2220 156
2220 157
2220 158
2220 159
2220 160
2220 161
2220 162
2220 163
2220 164
2220 165
2222 145
2222 146
2222 147
2222 148
2222 149
2222 150
2222 151
2222 152
2222 153
2222 154
2222 155
2222 156
2222 157
2222 158
2222 159
2222 160
2222 161
2222 162
2222 163
2222 164
2222 165
2222 166
2222 167
2222 168
2222 169
2222 170
2222 171
2224 154
2224 155
2224 156
2224 157
2224 158
2224 159
2224 160
2224 161
2224 162
2224 163
2224 164
2224 165
2224 166
2224 167
2224 168
2224 169
2224 170
2224 171
2224 172
2224 173
2224 174
2224 175
2224 176
2224 177
2226 164
2226 165
2226 166
2226 167
2226 168
2226 169
2226 170
2226 171
2226 172
2226 173
2226 174
2226 175
2226 176
2226 177
2226 178
2226 179
2226 180
2226 181
2226 182
2245 131
2245 132
2245 133
2245 134
2247 129
2247 130
2247 131
2247 132
2247 133
2247 134
2247 135
2247 136
2247 137
2247 138
2247 139
2247 140
2247 141
2247 142
2247 143
2247 144
2247 145
2247 146
2247 147
2247 148
2247 149
2247 150
2249 133
2249 134
2249 135
2249 136
2249 137
2249 138
2249 139
2249 140
2249 141
2249 142
2249 143
2249 144
2249 145
2249 146
2249 147
2249 148
2249 149
2249 150
2249 151
2249 152
2249 153
2249 154
2249 155
2249 156
2249 157
2249 158
2249 159
2249 160
2251 139
2251 140
2251 141
2251 142
2251 143
2251 144
2251 145
2251 146
2251 147
2251 148
2251 149
2251 150
2251 151
2251 152
2251 153
2251 154
2251 155
2251 156
2251 157
2251 158
2251 159
2251 160
2251 161
2251 162
2251 163
2251 164
2251 165
2251 166
2251 167
2251 168
2253 146
2253 147
2253 148
2253 149
2253 150
2253 151
2253 152
2253 153
2253 154
2253 155
2253 156
2253 157
2253 158
2253 159
2253 160
2253 161
2253 162
2253 163
2253 164
2253 165
2253 166
2253 167
2253 168
2253 169
2253 170
2253 171
2253 172
2253 173
2253 174
2253 175
2255 155
2255 156
2255 157
2255 158
2255 159
2255 160
2255 161
2255 162
2255 163
2255 164
2255 165
2255 166
2255 167
2255 168
2255 169
2255 170
2255 171
2255 172
2255 173
2255 174
2255 175
2255 176
2255 177
2255 178
2255 179
2255 180
2255 181
2255 182
2257 164
2257 165
2257 166
2257 167
2257 168
2257 169
2257 170
2257 171
2257 172
2257 173
2257 174
2257 175
2257 176
2257 177
2257 178
2257 179
2257 180
2257 181
2257 182
2257 183
2257 184
2257 185
2257 186
2257 187
2259 177
2259 178
2259 179
2259 180
2259 181
2259 182
2259 183
2259 184
2259 185
2259 186
2259 187
2259 188
2278 134
2278 135
2278 136
2278 137
2278 138
2278 139
2278 140
2278 141
2278 142
2278 143
2278 144
2278 145
2278 146
2278 147
2278 148
2278 149
2280 137
2280 138
2280 139
2280 140
2280 141
2280 142
2280 143
2280 144
2280 145
2280 146
2280 147
2280 148
2280 149
2280 150
2280 151
2280 152
2280 153
2280 154
2280 155
2280 156
2280 157
2280 158
2280 159
2280 160
2280 161
2282 142
2282 143
2282 144
2282 145
2282 146
2282 147
2282 148
2282 149
2282 150
2282 151
2282 152
2282 153
2282 154
2282 155
2282 156
2282 157
2282 158
2282 159
2282 160
2282 161
2282 162
2282 163
2282 164
2282 165
2282 166
2282 167
2282 168
2282 169
2282 170
2284 149
2284 150
2284 151
2284 152
2284 153
2284 154
2284 155
2284 156
2284 157
2284 158
2284 159
2284 160
2284 161
2284 162
2284 163
2284 164
2284 165
2284 166
2284 167
2284 168
2284 169
2284 170
2284 171
2284 172
2284 173
2284 174
2284 175
2284 176
2284 177
2284 178
2286 157
2286 158
2286 159
2286 160
2286 161
2286 162
2286 163
2286 164
2286 165
2286 166
2286 167
2286 168
2286 169
2286 170
2286 171
2286 172
2286 173
2286 174
2286 175
2286 176
2286 177
2286 178
2286 179
2286 180
2286 181
2286 182
2286 183
2286 184
2286 185
2288 167
2288 168
2288 169
2288 170
2288 171
2288 172
2288 173
2288 174
2288 175
2288 176
2288 177
2288 178
2288 179
2288 180
2288 181
2288 182
2288 183
2288 184
2288 185
2288 186
2288 187
2288 188
2288 189
2288 190
2290 180
2290 181
2290 182
2290 183
2290 184
2290 185
2290 186
2290 187
2290 188
2290 189
2290 190
2290 191
2290 192
2311 142
2311 143
2311 144
2311 145
2311 146
2311 147
2311 148
2311 149
2311 150
2311 151
2311 152
2311 153
2311 154
2311 155
2311 156
2311 157
2311 158
2311 159
2311 160
2311 161
2313 146
2313 147
2313 148
2313 149
2313 150
2313 151
2313 152
2313 153
2313 154
2313 155
2313 156
2313 157
2313 158
2313 159
2313 160
2313 161
2313 162
2313 163
2313 164
2313 165
2313 166
2313 167
2313 168
2313 169
2313 170
2313 171
2313 172
2315 152
2315 153
2315 154
2315 155
2315 156
2315 157
2315 158
2315 159
2315 160
2315 161
2315 162
2315 163
2315 164
2315 165
2315 166
2315 167
2315 168
2315 169
2315 170
2315 171
2315 172
2315 173
2315 174
2315 175
2315 176
2315 177
2315 178
2315 179
2315 180
2315 181
2317 160
2317 161
2317 162
2317 163
2317 164
2317 165
2317 166
2317 167
2317 168
2317 169
2317 170
2317 171
2317 172
2317 173
2317 174
2317 175
2317 176
2317 177
2317 178
2317 179
2317 180
2317 181
2317 182
2317 183
2317 184
2317 185
2317 186
2317 187
2317 188
2319 170
2319 171
2319 172
2319 173
2319 174
2319 175
2319 176
2319 177
2319 178
2319 179
2319 180
2319 181
2319 182
2319 183
2319 184
2319 185
2319 186
2319 187
2319 188
2319 189
2319 190
2319 191
2319 192
2319 193
2321 188
2321 189
2344 152
2344 153
2344 154
2344 155
2344 156
2344 157
2344 158
2344 159
2344 160
2344 161
2344 162
2344 163
2344 164
2344 165
2344 166
2344 167
2344 168
2344 169
2344 170
2344 171
2344 172
2346 158
2346 159
2346 160
2346 161
2346 162
2346 163
2346 164
2346 165
2346 166
2346 167
2346 168
2346 169
2346 170
2346 171
2346 172
2346 173
2346 174
2346 175
2346 176
2346 177
2346 178
2346 179
2346 180
2346 181
2346 182
2348 166
2348 167
2348 168
2348 169
2348 170
2348 171
2348 172
2348 173
2348 174
2348 175
2348 176
2348 177
2348 178
2348 179
2348 180
2348 181
2348 182
2348 183
2348 184
2348 185
2348 186
2348 187
2348 188
2348 189
2350 177
2350 178
2350 179
2350 180
2350 181
2350 182
2350 183
2350 184
2350 185
2350 186
2350 187
2350 188
2350 189
2350 190
2350 191
2350 192
2350 193
2377 167
2377 168
2377 169
2377 170
2377 171
2377 172
2377 173
2377 174
2377 175
2377 176
2377 177
2377 178
2377 179
2377 180
2377 181
2379 175
2379 176
2379 177
2379 178
2379 179
2379 180
2379 181
2379 182
2379 183
2379 184
2379 185
2379 186
2379 187
2379 188
3133 44
3133 45
3133 46
3133 47
3133 48
3133 49
3133 50
3133 51
3133 52
3133 53
3135 44
3135 45
3135 46
3135 47
3135 48
3135 49
3135 50
3135 51
3135 52
3135 53
3135 54
3135 55
3135 56
3135 57
3135 58
3135 59
3135 60
3135 61
3135 62
3135 63
3135 64
3135 65
3137 54
3137 55
3137 56
3137 57
3137 58
3137 59
3137 60
3137 61
3137 62
3137 63
3137 64
3164 38
3164 39
3164 40
3164 41
3164 42
3164 43
3164 44
3164 45
3164 46
3164 47
3164 48
3164 49
3164 50
3164 51
3164 52
3164 53
3164 54
3164 55
3164 56
3164 57
3164 58
3164 59
3166 40
3166 41
3166 42
3166 43
3166 44
3166 45
3166 46
3166 47
3166 48
3166 49
3166 50
3166 51
3166 52
3166 53
3166 54
3166 55
3166 56
3166 57
3166 58
3166 59
3166 60
3166 61
3166 62
3166 63
3166 64
3166 65
3166 66
3166 67
3166 68
3166 69
3168 48
3168 49
3168 50
3168 51
3168 52
3168 53
3168 54
3168 55
3168 56
3168 57
3168 58
3168 59
3168 60
3168 61
3168 62
3168 63
3168 64
3168 65
3168 66
3168 67
3168 68
3168 69
3168 70
3195 36
3195 37
3195 38
3195 39
3195 40
3195 41
3195 42
3195 43
3195 44
3195 45
3195 46
3195 47
3195 48
3195 49
3195 50
3195 51
3195 52
3195 53
3195 54
3195 55
3195 56
3195 57
3195 58
3195 59
3195 60
3197 38
3197 39
3197 40
3197 41
3197 42
3197 43
3197 44
3197 45
3197 46
3197 47
3197 48
3197 49
3197 50
3197 51
3197 52
3197 53
3197 54
3197 55
3197 56
3197 57
3197 58
3197 59
3197 60
3197 61
3197 62
3197 63
3197 64
3197 65
3197 66
3197 67
3197 68
3197 69
3197 70
3199 45
3199 46
3199 47
3199 48
3199 49
3199 50
3199 51
3199 52
3199 53
3199 54
3199 55
3199 56
3199 57
3199 58
3199 59
3199 60
3199 61
3199 62
3199 63
3199 64
3199 65
3199 66
3199 67
3199 68
3199 69
3199 70
3199 71
3199 72
3199 73
3226 35
3226 36
3226 37
3226 38
3226 39
3226 40
3226 41
3226 42
3226 43
3226 44
3226 45
3226 46
3226 47
3226 48
3226 49
3226 50
3226 51
3226 52
3226 53
3226 54
3226 55
3226 56
3226 57
3226 58
3226 59
3226 60
3228 38
3228 39
3228 40
3228 41
3228 42
3228 43
3228 44
3228 45
3228 46
3228 47
3228 48
3228 49
3228 50
3228 51
3228 52
3228 53
3228 54
3228 55
3228 56
3228 57
3228 58
3228 59
3228 60
3228 61
3228 62
3228 63
3228 64
3228 65
3228 66
3228 67
3228 68
3228 69
3228 70
3228 71
3230 44
3230 45
3230 46
3230 47
3230 48
3230 49
3230 50
3230 51
3230 52
3230 53
3230 54
3230 55
3230 56
3230 57
3230 58
3230 59
3230 60
3230 61
3230 62
3230 63
3230 64
3230 65
3230 66
3230 67
3230 68
3230 69
3230 70
3230 71
3230 72
3230 73
3230 74
3257 36
3257 37
3257 38
3257 39
3257 40
3257 41
3257 42
3257 43
3257 44
3257 45
3257 46
3257 47
3257 48
3257 49
3257 50
3257 51
3257 52
3257 53
3257 54
3257 55
3257 56
3257 57
3257 58
3257 59
3259 38
3259 39
3259 40
3259 41
3259 42
3259 43
3259 44
3259 45
3259 46
3259 47
3259 48
3259 49
3259 50
3259 51
3259 52
3259 53
3259 54
3259 55
3259 56
3259 57
3259 58
3259 59
3259 60
3259 61
3259 62
3259 63
3259 64
3259 65
3259 66
3259 67
3259 68
3259 69
3259 70
3261 44
3261 45
3261 46
3261 47
3261 48
3261 49
3261 50
3261 51
3261 52
3261 53
3261 54
3261 55
3261 56
3261 57
3261 58
3261 59
3261 60
3261 61
3261 62
3261 63
3261 64
3261 65
3261 66
3261 67
3261 68
3261 69
3261 70
3261 71
3261 72
3261 73
3263 62
3263 63
3263 64
3288 38
3288 39
3288 40
3288 41
3288 42
3288 43
3288 44
3288 45
3288 46
3288 47
3288 48
3288 49
3288 50
3288 51
3288 52
3288 53
3288 54
3288 55
3288 56
3290 39
3290 40
3290 41
3290 42
3290 43
3290 44
3290 45
3290 46
3290 47
3290 48
3290 49
3290 50
3290 51
3290 52
3290 53
3290 54
3290 55
3290 56
3290 57
3290 58
3290 59
3290 60
3290 61
3290 62
3290 63
3290 64
3290 65
3290 66
3290 67
3292 45
3292 46
3292 47
3292 48
3292 49
3292 50
3292 51
3292 52
3292 53
3292 54
3292 55
3292 56
3292 57
3292 58
3292 59
3292 60
3292 61
3292 62
3292 63
3292 64
3292 65
3292 66
3292 67
3292 68
3292 69
3292 70
3292 71
3292 72
3319 45
3319 46
3319 47
3321 42
3321 43
3321 44
3321 45
3321 46
3321 47
3321 48
3321 49
3321 50
3321 51
3321 52
3321 53
3321 54
3321 55
3321 56
3321 57
3321 58
3321 59
3321 60
3321 61
3321 62
3321 63
3321 64
3323 48
3323 49
3323 50
3323 51
3323 52
3323 53
3323 54
3323 55
3323 56
3323 57
3323 58
3323 59
3323 60
3323 61
3323 62
3323 63
3323 64
3323 65
3323 66
3323 67
3323 68
3323 69
3352 49
3352 50
3352 51
3352 52
3352 53
3352 54
3352 55
3354 57
3354 58
3354 59
3837 172
3866 160
3866 161
3866 162
3866 163
3866 164
3866 165
3866 166
3866 167
3866 168
3866 169
3866 170
3866 171
3866 172
3866 173
3866 174
3868 162
3868 163
3868 164
3868 165
3868 166
3868 167
3868 168
3868 169
3868 170
3868 171
3868 172
3868 173
3868 174
3868 175
3868 176
3868 177
3868 178
3868 179
3868 180
3868 181
3868 182
3868 183
3870 169
3870 170
3870 171
3870 172
3870 173
3870 174
3870 175
3870 176
3870 177
3870 178
3870 179
3870 180
3870 181
3870 182
3870 183
3870 184
3870 185
3870 186
3870 187
3897 157
3897 158
3897 159
3897 160
3897 161
3897 162
3897 163
3897 164
3897 165
3897 166
3897 167
3897 168
3897 169
3897 170
3897 171
3897 172
3897 173
3897 174
3897 175
3897 176
3897 177
3897 178
3897 179
3899 159
3899 160
3899 161
3899 162
3899 163
3899 164
3899 165
3899 166
3899 167
3899 168
3899 169
3899 170
3899 171
3899 172
3899 173
3899 174
3899 175
3899 176
3899 177
3899 178
3899 179
3899 180
3899 181
3899 182
3899 183
3899 184
3899 185
3899 186
3899 187
3901 165
3901 166
3901 167
3901 168
3901 169
3901 170
3901 171
3901 172
3901 173
3901 174
3901 175
3901 176
3901 177
3901 178
3901 179
3901 180
3901 181
3901 182
3901 183
3901 184
3901 185
3901 186
3901 187
3901 188
3901 189
3901 190
3901 191
3901 192
3903 174
3903 175
3903 176
3903 177
3903 178
3903 179
3903 180
3903 181
3903 182
3903 183
3903 184
3903 185
3903 186
3903 187
3903 188
3903 189
3903 190
3903 191
3903 192
3903 193
3903 194
3926 160
3926 161
3926 162
3926 163
3926 164
3926 165
3926 166
3926 167
3928 155
3928 156
3928 157
3928 158
3928 159
3928 160
3928 161
3928 162
3928 163
3928 164
3928 165
3928 166
3928 167
3928 168
3928 169
3928 170
3928 171
3928 172
3928 173
3928 174
3928 175
3928 176
3928 177
3928 178
3928 179
3928 180
3928 181
3928 182
3930 157
3930 158
3930 159
3930 160
3930 161
3930 162
3930 163
3930 164
3930 165
3930 166
3930 167
3930 168
3930 169
3930 170
3930 171
3930 172
3930 173
3930 174
3930 175
3930 176
3930 177
3930 178
3930 179
3930 180
3930 181
3930 182
3930 183
3930 184
3930 185
3930 186
3930 187
3930 188
3930 189
3930 190
3932 162
3932 163
3932 164
3932 165
3932 166
3932 167
3932 168
3932 169
3932 170
3932 171
3932 172
3932 173
3932 174
3932 175
3932 176
3932 177
3932 178
3932 179
3932 180
3932 181
3932 182
3932 183
3932 184
3932 185
3932 186
3932 187
3932 188
3932 189
3932 190
3932 191
3932 192
3932 193
3932 194
3932 195
3932 196
3934 170
3934 171
3934 172
3934 173
3934 174
3934 175
3934 176
3934 177
3934 178
3934 179
3934 180
3934 181
3934 182
3934 183
3934 184
3934 185
3934 186
3934 187
3934 188
3934 189
3934 190
3934 191
3934 192
3934 193
3934 194
3934 195
3934 196
3934 197
3934 198
3936 186
3936 187
3936 188
3936 189
3936 190
3936 191
3936 192
3957 158
3957 159
3957 160
3957 161
3957 162
3957 163
3957 164
3957 165
3957 166
3957 167
3957 168
3957 169
3957 170
3959 154
3959 155
3959 156
3959 157
3959 158
3959 159
3959 160
3959 161
3959 162
3959 163
3959 164
3959 165
3959 166
3959 167
3959 168
3959 169
3959 170
3959 171
3959 172
3959 173
3959 174
3959 175
3959 176
3959 177
3959 178
3959 179
3959 180
3959 181
3959 182
3959 183
3959 184
3961 156
3961 157
3961 158
3961 159
3961 160
3961 161
3961 162
3961 163
3961 164
3961 165
3961 166
3961 167
3961 168
3961 169
3961 170
3961 171
3961 172
3961 173
3961 174
3961 175
3961 176
3961 177
3961 178
3961 179
3961 180
3961 181
3961 182
3961 183
3961 184
3961 185
3961 186
3961 187
3961 188
3961 189
3961 190
3961 191
3961 192
3961 193
3963 161
3963 162
3963 163
3963 164
3963 165
3963 166
3963 167
3963 168
3963 169
3963 170
3963 171
3963 172
3963 173
3963 174
3963 175
3963 176
3963 177
3963 178
3963 179
3963 180
3963 181
3963 182
3963 183
3963 184
3963 185
3963 186
3963 187
3963 188
3963 189
3963 190
3963 191
3963 192
3963 193
3963 194
3963 195
3963 196
3963 197
3963 198
3965 168
3965 169
3965 170
3965 171
3965 172
3965 173
3965 174
3965 175
3965 176
3965 177
3965 178
3965 179
3965 180
3965 181
3965 182
3965 183
3965 184
3965 185
3965 186
3965 187
3965 188
3965 189
3965 190
3965 191
3965 192
3965 193
3965 194
3965 195
3965 196
3965 197
3965 198
3965 199
3965 200
3967 182
3967 183
3967 184
3967 185
3967 186
3967 187
3967 188
3967 189
3967 190
3967 191
3967 192
3967 193
3967 194
3967 195
3967 196
3988 158
3988 159
3988 160
3988 161
3988 162
3988 163
3988 164
3988 165
3988 166
3988 167
3988 168
3988 169
3988 170
3988 171
3990 153
3990 154
3990 155
3990 156
3990 157
3990 158
3990 159
3990 160
3990 161
3990 162
3990 163
3990 164
3990 165
3990 166
3990 167
3990 168
3990 169
3990 170
3990 171
3990 172
3990 173
3990 174
3990 175
3990 176
3990 177
3990 178
3990 179
3990 180
3990 181
3990 182
3990 183
3990 184
3990 185
3992 155
3992 156
3992 157
3992 158
3992 159
3992 160
3992 161
3992 162
3992 163
3992 164
3992 165
3992 166
3992 167
3992 168
3992 169
3992 170
3992 171
3992 172
3992 173
3992 174
3992 175
3992 176
3992 177
3992 178
3992 179
3992 180
3992 181
3992 182
3992 183
3992 184
3992 185
3992 186
3992 187
3992 188
3992 189
3992 190
3992 191
3992 192
3992 193
3992 194
3994 159
3994 160
3994 161
3994 162
3994 163
3994 164
3994 165
3994 166
3994 167
3994 168
3994 169
3994 170
3994 171
3994 172
3994 173
3994 174
3994 175
3994 176
3994 177
3994 178
3994 179
3994 180
3994 181
3994 182
3994 183
3994 184
3994 185
3994 186
3994 187
3994 188
3994 189
3994 190
3994 191
3994 192
3994 193
3994 194
3994 195
3994 196
3994 197
3994 198
3994 199
3996 167
3996 168
3996 169
3996 170
3996 171
3996 172
3996 173
3996 174
3996 175
3996 176
3996 177
3996 178
3996 179
3996 180
3996 181
3996 182
3996 183
3996 184
3996 185
3996 186
3996 187
3996 188
3996 189
3996 190
3996 191
3996 192
3996 193
3996 194
3996 195
3996 196
3996 197
3996 198
3996 199
3996 200
3996 201
3998 180
3998 181
3998 182
3998 183
3998 184
3998 185
3998 186
3998 187
3998 188
3998 189
3998 190
3998 191
3998 192
3998 193
3998 194
3998 195
3998 196
3998 197
3998 198
4019 158
4019 159
4019 160
4019 161
4019 162
4019 163
4019 164
4019 165
4019 166
4019 167
4019 168
4019 169
4019 170
4019 171
4021 153
4021 154
4021 155
4021 156
4021 157
4021 158
4021 159
4021 160
4021 161
4021 162
4021 163
4021 164
4021 165
4021 166
4021 167
4021 168
4021 169
4021 170
4021 171
4021 172
4021 173
4021 174
4021 175
4021 176
4021 177
4021 178
4021 179
4021 180
4021 181
4021 182
4021 183
4021 184
4021 185
4021 186
4023 155
4023 156
4023 157
4023 158
4023 159
4023 160
4023 161
4023 162
4023 163
4023 164
4023 165
4023 166
4023 167
4023 168
4023 169
4023 170
4023 171
4023 172
4023 173
4023 174
4023 175
4023 176
4023 177
4023 178
4023 179
4023 180
4023 181
4023 182
4023 183
4023 184
4023 185
4023 186
4023 187
4023 188
4023 189
4023 190
4023 191
4023 192
4023 193
4023 194
4025 159
4025 160
4025 161
4025 162
4025 163
4025 164
4025 165
4025 166
4025 167
4025 168
4025 169
4025 170
4025 171
4025 172
4025 173
4025 174
4025 175
4025 176
4025 177
4025 178
4025 179
4025 180
4025 181
4025 182
4025 183
4025 184
4025 185
4025 186
4025 187
4025 188
4025 189
4025 190
4025 191
4025 192
4025 193
4025 194
4025 195
4025 196
4025 197
4025 198
4025 199
4027 166
4027 167
4027 168
4027 169
4027 170
4027 171
4027 172
4027 173
4027 174
4027 175
4027 176
4027 177
4027 178
4027 179
4027 180
4027 181
4027 182
4027 183
4027 184
4027 185
4027 186
4027 187
4027 188
4027 189
4027 190
4027 191
4027 192
4027 193
4027 194
4027 195
4027 196
4027 197
4027 198
4027 199
4027 200
4027 201
4029 181
4029 182
4029 183
4029 184
4029 185
4029 186
4029 187
4029 188
4029 189
4029 190
4029 191
4029 192
4029 193
4029 194
4029 195
4029 196
4050 159
4050 160
4050 161
4050 162
4050 163
4050 164
4050 165
4050 166
4050 167
4050 168
4050 169
4052 153
4052 154
4052 155
4052 156
4052 157
4052 158
4052 159
4052 160
4052 161
4052 162
4052 163
4052 164
4052 165
4052 166
4052 167
4052 168
4052 169
4052 170
4052 171
4052 172
4052 173
4052 174
4052 175
4052 176
4052 177
4052 178
4052 179
4052 180
4052 181
4052 182
4052 183
4052 184
4052 185
4054 154
4054 155
4054 156
4054 157
4054 158
4054 159
4054 160
4054 161
4054 162
4054 163
4054 164
4054 165
4054 166
4054 167
4054 168
4054 169
4054 170
4054 171
4054 172
4054 173
4054 174
4054 175
4054 176
4054 177
4054 178
4054 179
4054 180
4054 181
4054 182
4054 183
4054 184
4054 185
4054 186
4054 187
4054 188
4054 189
4054 190
4054 191
4054 192
4054 193
4054 194
4056 159
4056 160
4056 161
4056 162
4056 163
4056 164
4056 165
4056 166
4056 167
4056 168
4056 169
4056 170
4056 171
4056 172
4056 173
4056 174
4056 175
4056 176
4056 177
4056 178
4056 179
4056 180
4056 181
4056 182
4056 183
4056 184
4056 185
4056 186
4056 187
4056 188
4056 189
4056 190
4056 191
4056 192
4056 193
4056 194
4056 195
4056 196
4056 197
4056 198
4056 199
4058 167
4058 168
4058 169
4058 170
4058 171
4058 172
4058 173
4058 174
4058 175
4058 176
4058 177
4058 178
4058 179
4058 180
4058 181
4058 182
4058 183
4058 184
4058 185
4058 186
4058 187
4058 188
4058 189
4058 190
4058 191
4058 192
4058 193
4058 194
4058 195
4058 196
4058 197
4058 198
4058 199
4058 200
4060 184
4060 185
4060 186
4060 187
4060 188
4060 189
4060 190
4060 191
4060 192
4083 154
4083 155
4083 156
4083 157
4083 158
4083 159
4083 160
4083 161
4083 162
4083 163
4083 164
4083 165
4083 166
4083 167
4083 168
4083 169
4083 170
4083 171
4083 172
4083 173
4083 174
4083 175
4083 176
4083 177
4083 178
4083 179
4083 180
4083 181
4083 182
4083 183
4083 184
4085 155
4085 156
4085 157
4085 158
4085 159
4085 160
4085 161
4085 162
4085 163
4085 164
4085 165
4085 166
4085 167
4085 168
4085 169
4085 170
4085 171
4085 172
4085 173
4085 174
4085 175
4085 176
4085 177
4085 178
4085 179
4085 180
4085 181
4085 182
4085 183
4085 184
4085 185
4085 186
4085 187
4085 188
4085 189
4085 190
4085 191
4085 192
4087 159
4087 160
4087 161
4087 162
4087 163
4087 164
4087 165
4087 166
4087 167
4087 168
4087 169
4087 170
4087 171
4087 172
4087 173
4087 174
4087 175
4087 176
4087 177
4087 178
4087 179
4087 180
4087 181
4087 182
4087 183
4087 184
4087 185
4087 186
4087 187
4087 188
4087 189
4087 190
4087 191
4087 192
4087 193
4087 194
4087 195
4087 196
4087 197
4089 168
4089 169
4089 170
4089 171
4089 172
4089 173
4089 174
4089 175
4089 176
4089 177
4089 178
4089 179
4089 180
4089 181
4089 182
4089 183
4089 184
4089 185
4089 186
4089 187
4089 188
4089 189
4089 190
4089 191
4089 192
4089 193
4089 194
4089 195
4089 196
4089 197
4114 155
4114 156
4114 157
4114 158
4114 159
4114 160
4114 161
4114 162
4114 163
4114 164
4114 165
4114 166
4114 167
4114 168
4114 169
4114 170
4114 171
4114 172
4114 173
4114 174
4114 175
4114 176
4114 177
4114 178
4114 179
4114 180
4114 181
4116 155
4116 156
4116 157
4116 158
4116 159
4116 160
4116 161
4116 162
4116 163
4116 164
4116 165
4116 166
4116 167
4116 168
4116 169
4116 170
4116 171
4116 172
4116 173
4116 174
4116 175
4116 176
4116 177
4116 178
4116 179
4116 180
4116 181
4116 182
4116 183
4116 184
4116 185
4116 186
4116 187
4116 188
4116 189
4116 190
4118 160
4118 161
4118 162
4118 163
4118 164
4118 165
4118 166
4118 167
4118 168
4118 169
4118 170
4118 171
4118 172
4118 173
4118 174
4118 175
4118 176
4118 177
4118 178
4118 179
4118 180
4118 181
4118 182
4118 183
4118 184
4118 185
4118 186
4118 187
4118 188
4118 189
4118 190
4118 191
4118 192
4118 193
4118 194
4120 170
4120 171
4120 172
4120 173
4120 174
4120 175
4120 176
4120 177
4120 178
4120 179
4120 180
4120 181
4120 182
4120 183
4120 184
4120 185
4120 186
4120 187
4120 188
4120 189
4120 190
4120 191
4120 192
4145 157
4145 158
4145 159
4145 160
4145 161
4145 162
4145 163
4145 164
4145 165
4145 166
4145 167
4145 168
4145 169
4145 170
4145 171
4145 172
4145 173
4145 174
4145 175
4145 176
4145 177
4147 157
4147 158
4147 159
4147 160
4147 161
4147 162
4147 163
4147 164
4147 165
4147 166
4147 167
4147 168
4147 169
4147 170
4147 171
4147 172
4147 173
4147 174
4147 175
4147 176
4147 177
4147 178
4147 179
4147 180
4147 181
4147 182
4147 183
4147 184
4147 185
4147 186
4149 162
4149 163
4149 164
4149 165
4149 166
4149 167
4149 168
4149 169
4149 170
4149 171
4149 172
4149 173
4149 174
4149 175
4149 176
4149 177
4149 178
4149 179
4149 180
4149 181
4149 182
4149 183
4149 184
4149 185
4149 186
4149 187
4149 188
4149 189
4176 162
4176 163
4176 164
4176 165
4176 166
4176 167
4176 168
4176 169
4178 160
4178 161
4178 162
4178 163
4178 164
4178 165
4178 166
4178 167
4178 168
4178 169
4178 170
4178 171
4178 172
4178 173
4178 174
4178 175
4178 176
4178 177
4178 178
4178 179
4178 180
4180 167
4180 168
4180 169
4180 170
4180 171
4180 172
4180 173
4180 174
4180 175
4180 176
4180 177
4180 178
4180 179
4180 180
