127 1
127 2
127 3
127 4
127 5
127 6
127 7
127 8
127 9
127 10
127 11
127 12
127 13
129 0
129 1
129 2
129 3
129 4
129 5
129 6
129 7
129 8
129 9
129 10
129 11
129 12
129 13
129 14
129 15
129 16
129 17
129 574
129 575
131 0
131 1
131 2
131 3
131 4
131 5
131 6
131 7
131 8
131 9
131 10
131 11
131 12
131 13
131 14
131 15
131 16
131 17
131 18
131 19
131 20
131 573
131 574
131 575
133 0
133 1
133 2
133 3
133 4
133 5
133 6
133 7
133 8
133 9
133 10
133 11
133 12
133 13
133 14
133 15
133 16
133 17
133 18
133 19
133 20
133 21
133 22
133 23
133 571
133 572
133 573
133 574
133 575
135 0
135 1
135 2
135 3
135 4
135 5
135 6
135 7
135 8
135 9
135 10
135 11
135 12
135 13
135 14
135 15
135 16
135 17
135 18
135 19
135 20
135 21
135 22
135 23
135 24
135 25
135 570
135 571
135 572
135 573
135 574
135 575
137 0
137 1
137 2
137 3
137 4
137 5
137 6
137 7
137 8
137 9
137 10
137 11
137 12
137 13
137 14
137 15
137 16
137 17
137 18
137 19
137 20
137 21
137 22
137 23
137 24
137 25
137 26
137 27
137 570
137 571
137 572
137 573
137 574
137 575
139 0
139 1
139 2
139 3
139 4
139 5
139 6
139 7
139 8
139 9
139 10
139 11
139 12
139 13
139 14
139 15
139 16
139 17
139 18
139 19
139 20
139 21
139 22
139 23
139 24
139 25
139 26
139 27
139 28
139 29
139 569
139 570
139 571
139 572
139 573
139 574
139 575
141 0
141 1
141 2
141 3
141 4
141 5
141 6
141 7
141 8
141 9
141 10
141 11
141 12
141 13
141 14
141 15
141 16
141 17
141 18
141 19
141 20
141 21
141 22
141 23
141 24
141 25
141 26
141 27
141 28
141 29
141 30
141 569
141 570
141 571
141 572
141 573
141 574
141 575
143 0
143 1
143 2
143 3
143 4
143 5
143 6
143 7
143 8
143 9
143 10
143 11
143 12
143 13
143 14
143 15
143 16
143 17
143 18
143 19
143 20
143 21
143 22
143 23
143 24
143 25
143 26
143 27
143 28
143 29
143 30
143 31
143 32
143 568
143 569
143 570
143 571
143 572
143 573
143 574
143 575
145 0
145 1
145 2
145 3
145 4
145 5
145 6
145 7
145 8
145 9
145 10
145 11
145 12
145 13
145 14
145 15
145 16
145 17
145 18
145 19
145 20
145 21
145 22
145 23
145 24
145 25
145 26
145 27
145 28
145 29
145 30
145 31
145 32
145 33
145 568
145 569
145 570
145 571
145 572
145 573
145 574
145 575
147 0
147 1
147 2
147 3
147 4
147 5
147 6
147 7
147 8
147 9
147 10
147 11
147 12
147 13
147 14
147 15
147 16
147 17
147 18
147 19
147 20
147 21
147 22
147 23
147 24
147 25
147 26
147 27
147 28
147 29
147 30
147 31
147 32
147 33
147 34
147 568
147 569
147 570
147 571
147 572
147 573
147 574
147 575
149 0
149 1
149 2
149 3
149 4
149 5
149 6
149 7
149 8
149 9
149 10
149 11
149 12
149 13
149 14
149 15
149 16
149 17
149 18
149 19
149 20
149 21
149 22
149 23
149 24
149 25
149 26
149 27
149 28
149 29
149 30
149 31
149 32
149 33
149 34
149 35
149 36
149 568
149 569
149 570
149 571
149 572
149 573
149 574
149 575
151 0
151 1
151 2
151 3
151 4
151 5
151 6
151 7
151 8
151 9
151 10
151 11
151 12
151 13
151 14
151 15
151 16
151 17
151 18
151 19
151 20
151 21
151 22
151 23
151 24
151 25
151 26
151 27
151 28
151 29
151 30
151 31
151 32
151 33
151 34
151 35
151 36
151 37
151 568
151 569
151 570
151 571
151 572
151 573
151 574
151 575
153 0
153 1
153 2
153 3
153 4
153 5
153 6
153 7
153 8
153 9
153 10
153 11
153 12
153 13
153 14
153 15
153 16
153 17
153 18
153 19
153 20
153 21
153 22
153 23
153 24
153 25
153 26
153 27
153 28
153 29
153 30
153 31
153 32
153 33
153 34
153 35
153 36
153 37
153 38
153 568
153 569
153 570
153 571
153 572
153 573
153 574
153 575
155 0
155 1
155 2
155 3
155 4
155 5
155 6
155 7
155 8
155 9
155 10
155 11
155 12
155 13
155 14
155 15
155 16
155 17
155 18
155 19
155 20
155 21
155 22
155 23
155 24
155 25
155 26
155 27
155 28
155 29
155 30
155 31
155 32
155 33
155 34
155 35
155 36
155 37
155 38
155 39
155 568
155 569
155 570
155 571
155 572
155 573
155 574
155 575
157 0
157 1
157 2
157 3
157 4
157 5
157 6
157 7
157 8
157 9
157 10
157 11
157 12
157 13
157 14
157 15
157 16
157 17
157 18
157 19
157 20
157 21
157 22
157 23
157 24
157 25
157 26
157 27
157 28
157 29
157 30
157 31
157 32
157 33
157 34
157 35
157 36
157 37
157 38
157 39
157 40
157 569
157 570
157 571
157 572
157 573
157 574
157 575
159 0
159 1
159 2
159 3
159 4
159 5
159 6
159 7
159 8
159 9
159 10
159 11
159 12
159 13
159 14
159 15
159 16
159 17
159 18
159 19
159 20
159 21
159 22
159 23
159 24
159 25
159 26
159 27
159 28
159 29
159 30
159 31
159 32
159 33
159 34
159 35
159 36
159 37
159 38
159 39
159 40
159 41
159 569
159 570
159 571
159 572
159 573
159 574
159 575
161 0
161 1
161 2
161 3
161 4
161 5
161 6
161 7
161 8
161 9
161 10
161 11
161 12
161 13
161 14
161 15
161 16
161 17
161 18
161 19
161 20
161 21
161 22
161 23
161 24
161 25
161 26
161 27
161 28
161 29
161 30
161 31
161 32
161 33
161 34
161 35
161 36
161 37
161 38
161 39
161 40
161 41
161 569
161 570
161 571
161 572
161 573
161 574
161 575
163 0
163 1
163 2
163 3
163 4
163 5
163 6
163 7
163 8
163 9
163 10
163 11
163 12
163 13
163 14
163 15
163 16
163 17
163 18
163 19
163 20
163 21
163 22
163 23
163 24
163 25
163 26
163 27
163 28
163 29
163 30
163 31
163 32
163 33
163 34
163 35
163 36
163 37
163 38
163 39
163 40
163 41
163 42
163 570
163 571
163 572
163 573
163 574
163 575
165 0
165 1
165 2
165 3
165 4
165 5
165 6
165 7
165 8
165 9
165 10
165 11
165 12
165 13
165 14
165 15
165 16
165 17
165 18
165 19
165 20
165 21
165 22
165 23
165 24
165 25
165 26
165 27
165 28
165 29
165 30
165 31
165 32
165 33
165 34
165 35
165 36
165 37
165 38
165 39
165 40
165 41
165 42
165 43
165 570
165 571
165 572
165 573
165 574
165 575
167 0
167 1
167 2
167 3
167 4
167 5
167 6
167 7
167 8
167 9
167 10
167 11
167 12
167 13
167 14
167 15
167 16
167 17
167 18
167 19
167 20
167 21
167 22
167 23
167 24
167 25
167 26
167 27
167 28
167 29
167 30
167 31
167 32
167 33
167 34
167 35
167 36
167 37
167 38
167 39
167 40
167 41
167 42
167 43
167 571
167 572
167 573
167 574
167 575
169 0
169 1
169 2
169 3
169 4
169 5
169 6
169 7
169 8
169 9
169 10
169 11
169 12
169 13
169 14
169 15
169 16
169 17
169 18
169 19
169 20
169 21
169 22
169 23
169 24
169 25
169 26
169 27
169 28
169 29
169 30
169 31
169 32
169 33
169 34
169 35
169 36
169 37
169 38
169 39
169 40
169 41
169 42
169 43
169 44
169 571
169 572
169 573
169 574
169 575
171 0
171 1
171 2
171 3
171 4
171 5
171 6
171 7
171 8
171 9
171 10
171 11
171 12
171 13
171 14
171 15
171 16
171 17
171 18
171 19
171 20
171 21
171 22
171 23
171 24
171 25
171 26
171 27
171 28
171 29
171 30
171 31
171 32
171 33
171 34
171 35
171 36
171 37
171 38
171 39
171 40
171 41
171 42
171 43
171 44
171 572
171 573
171 574
171 575
173 0
173 1
173 2
173 3
173 4
173 5
173 6
173 7
173 8
173 9
173 10
173 11
173 12
173 13
173 14
173 15
173 16
173 17
173 18
173 19
173 20
173 21
173 22
173 23
173 24
173 25
173 26
173 27
173 28
173 29
173 30
173 31
173 32
173 33
173 34
173 35
173 36
173 37
173 38
173 39
173 40
173 41
173 42
173 43
173 44
173 45
173 573
173 574
173 575
175 0
175 1
175 2
175 3
175 4
175 5
175 6
175 7
175 8
175 9
175 10
175 11
175 12
175 13
175 14
175 15
175 16
175 17
175 18
175 19
175 20
175 21
175 22
175 23
175 24
175 25
175 26
175 27
175 28
175 29
175 30
175 31
175 32
175 33
175 34
175 35
175 36
175 37
175 38
175 39
175 40
175 41
175 42
175 43
175 44
175 45
175 574
175 575
177 0
177 1
177 2
177 3
177 4
177 5
177 6
177 7
177 8
177 9
177 10
177 11
177 12
177 13
177 14
177 15
177 16
177 17
177 18
177 19
177 20
177 21
177 22
177 23
177 24
177 25
177 26
177 27
177 28
177 29
177 30
177 31
177 32
177 33
177 34
177 35
177 36
177 37
177 38
177 39
177 40
177 41
177 42
177 43
177 44
177 45
177 46
177 575
179 0
179 1
179 2
179 3
179 4
179 5
179 6
179 7
179 8
179 9
179 10
179 11
179 12
179 13
179 14
179 15
179 16
179 17
179 18
179 19
179 20
179 21
179 22
179 23
179 24
179 25
179 26
179 27
179 28
179 29
179 30
179 31
179 32
179 33
179 34
179 35
179 36
179 37
179 38
179 39
179 40
179 41
179 42
179 43
179 44
179 45
179 46
179 575
181 0
181 1
181 2
181 3
181 4
181 5
181 6
181 7
181 8
181 9
181 10
181 11
181 12
181 13
181 14
181 15
181 16
181 17
181 18
181 19
181 20
181 21
181 22
181 23
181 24
181 25
181 26
181 27
181 28
181 29
181 30
181 31
181 32
181 33
181 34
181 35
181 36
181 37
181 38
181 39
181 40
181 41
181 42
181 43
181 44
181 45
181 46
183 1
183 2
183 3
183 4
183 5
183 6
183 7
183 8
183 9
183 10
183 11
183 12
183 13
183 14
183 15
183 16
183 17
183 18
183 19
183 20
183 21
183 22
183 23
183 24
183 25
183 26
183 27
183 28
183 29
183 30
183 31
183 32
183 33
183 34
183 35
183 36
183 37
183 38
183 39
183 40
183 41
183 42
183 43
183 44
183 45
183 46
185 3
185 4
185 5
185 6
185 7
185 8
185 9
185 10
185 11
185 12
185 13
185 14
185 15
185 16
185 17
185 18
185 19
185 20
185 21
185 22
185 23
185 24
185 25
185 26
185 27
185 28
185 29
185 30
185 31
185 32
185 33
185 34
185 35
185 36
185 37
185 38
185 39
185 40
185 41
185 42
185 43
185 44
185 45
185 46
187 4
187 5
187 6
187 7
187 8
187 9
187 10
187 11
187 12
187 13
187 14
187 15
187 16
187 17
187 18
187 19
187 20
187 21
187 22
187 23
187 24
187 25
187 26
187 27
187 28
187 29
187 30
187 31
187 32
187 33
187 34
187 35
187 36
187 37
187 38
187 39
187 40
187 41
187 42
187 43
187 44
187 45
187 46
189 5
189 6
189 7
189 8
189 9
189 10
189 11
189 12
189 13
189 14
189 15
189 16
189 17
189 18
189 19
189 20
189 21
189 22
189 23
189 24
189 25
189 26
189 27
189 28
189 29
189 30
189 31
189 32
189 33
189 34
189 35
189 36
189 37
189 38
189 39
189 40
189 41
189 42
189 43
189 44
189 45
189 46
191 6
191 7
191 8
191 9
191 10
191 11
191 12
191 13
191 14
191 15
191 16
191 17
191 18
191 19
191 20
191 21
191 22
191 23
191 24
191 25
191 26
191 27
191 28
191 29
191 30
191 31
191 32
191 33
191 34
191 35
191 36
191 37
191 38
191 39
191 40
191 41
191 42
191 43
191 44
191 45
191 46
193 8
193 9
193 10
193 11
193 12
193 13
193 14
193 15
193 16
193 17
193 18
193 19
193 20
193 21
193 22
193 23
193 24
193 25
193 26
193 27
193 28
193 29
193 30
193 31
193 32
193 33
193 34
193 35
193 36
193 37
193 38
193 39
193 40
193 41
193 42
193 43
193 44
193 45
193 46
195 9
195 10
195 11
195 12
195 13
195 14
195 15
195 16
195 17
195 18
195 19
195 20
195 21
195 22
195 23
195 24
195 25
195 26
195 27
195 28
195 29
195 30
195 31
195 32
195 33
195 34
195 35
195 36
195 37
195 38
195 39
195 40
195 41
195 42
195 43
195 44
195 45
195 46
197 11
197 12
197 13
197 14
197 15
197 16
197 17
197 18
197 19
197 20
197 21
197 22
197 23
197 24
197 25
197 26
197 27
197 28
197 29
197 30
197 31
197 32
197 33
197 34
197 35
197 36
197 37
197 38
197 39
197 40
197 41
197 42
197 43
197 44
197 45
199 13
199 14
199 15
199 16
199 17
199 18
199 19
199 20
199 21
199 22
199 23
199 24
199 25
199 26
199 27
199 28
199 29
199 30
199 31
199 32
199 33
199 34
199 35
199 36
199 37
199 38
199 39
199 40
199 41
199 42
199 43
199 44
199 45
201 15
201 16
201 17
201 18
201 19
201 20
201 21
201 22
201 23
201 24
201 25
201 26
201 27
201 28
201 29
201 30
201 31
201 32
201 33
201 34
201 35
201 36
201 37
201 38
201 39
201 40
201 41
201 42
201 43
201 44
203 17
203 18
203 19
203 20
203 21
203 22
203 23
203 24
203 25
203 26
203 27
203 28
203 29
203 30
203 31
203 32
203 33
203 34
203 35
203 36
203 37
203 38
203 39
203 40
203 41
203 42
203 43
203 44
205 19
205 20
205 21
205 22
205 23
205 24
205 25
205 26
205 27
205 28
205 29
205 30
205 31
205 32
205 33
205 34
205 35
205 36
205 37
205 38
205 39
205 40
205 41
205 42
205 43
207 22
207 23
207 24
207 25
207 26
207 27
207 28
207 29
207 30
207 31
207 32
207 33
207 34
207 35
207 36
207 37
207 38
207 39
207 40
207 41
209 26
209 27
209 28
209 29
209 30
209 31
209 32
209 33
209 34
209 35
209 36
209 37
209 38
209 39
211 32
211 33
211 34
211 35
