1408 139
1408 140
1408 141
1408 142
1408 143
1408 144
1408 145
1408 146
1408 147
1408 148
1408 149
1408 150
1421 147
1421 148
1421 149
1421 150
1421 151
1421 152
1421 153
1421 154
1421 155
1421 156
1421 157
1421 158
1430 131
1430 132
1430 133
1430 134
1430 135
1430 136
1430 137
1430 138
1430 139
1430 140
1430 141
1430 142
1430 143
1430 144
1430 145
1430 146
1430 147
1430 148
1430 149
1443 137
1443 138
1443 139
1443 140
1443 141
1443 142
1443 143
1443 144
1443 145
1443 146
1443 147
1443 148
1443 149
1443 150
1443 151
1443 152
1443 153
1443 154
1443 155
1443 156
1443 157
1443 158
1452 125
1452 126
1452 127
1452 128
1452 129
1452 130
1452 131
1452 132
1452 133
1452 134
1452 135
1452 136
1452 137
1452 138
1452 139
1452 140
1452 141
1452 142
1452 143
1452 144
1452 145
1456 153
1456 154
1456 155
1456 156
1456 157
1465 131
1465 132
1465 133
1465 134
1465 135
1465 136
1465 137
1465 138
1465 139
1465 140
1465 141
1465 142
1465 143
1465 144
1465 145
1465 146
1465 147
1465 148
1465 149
1465 150
1465 151
1465 152
1465 153
1465 154
1465 155
1474 120
1474 121
1474 122
1474 123
1474 124
1474 125
1474 126
1474 127
1474 128
1474 129
1474 130
1474 131
1474 132
1474 133
1474 134
1474 135
1474 136
1474 137
1474 138
1474 139
1478 142
1478 143
1478 144
1478 145
1478 146
1478 147
1478 148
1478 149
1478 150
1478 151
1478 152
1478 153
1478 154
1478 155
1478 156
1478 157
1478 158
1487 125
1487 126
1487 127
1487 128
1487 129
1487 130
1487 131
1487 132
1487 133
1487 134
1487 135
1487 136
1487 137
1487 138
1487 139
1487 140
1487 141
1487 142
1487 143
1487 144
1487 145
1487 146
1487 147
1487 148
1487 149
1487 150
1487 151
1496 118
1496 119
1496 120
1496 121
1496 122
1496 123
1496 124
1496 125
1496 126
1496 127
1496 128
1496 129
1496 130
1500 135
1500 136
1500 137
1500 138
1500 139
1500 140
1500 141
1500 142
1500 143
1500 144
1500 145
1500 146
1500 147
1500 148
1500 149
1500 150
1500 151
1500 152
1500 153
1500 154
1500 155
1500 156
1509 121
1509 122
1509 123
1509 124
1509 125
1509 126
1509 127
1509 128
1509 129
1509 130
1509 131
1509 132
1509 133
1509 134
1509 135
1509 136
1509 137
1509 138
1509 139
1509 140
1509 141
1509 142
1509 143
1509 144
1522 130
1522 131
1522 132
1522 133
1522 134
1522 135
1522 136
1522 137
1522 138
1522 139
1522 140
1522 141
1522 142
1522 143
1522 144
1522 145
1522 146
1522 147
1522 148
1522 149
1522 150
1522 151
1531 119
1531 120
1531 121
1531 122
1531 123
1531 124
1531 125
1531 126
1531 127
1531 128
1531 129
1531 130
1531 131
1531 132
1531 133
1531 134
1531 135
1541 30
1541 31
1541 32
1541 33
1541 34
1541 35
1541 36
1541 37
1541 38
1541 39
1541 40
1541 41
1541 42
1541 43
1541 44
1541 45
1544 126
1544 127
1544 128
1544 129
1544 130
1544 131
1544 132
1544 133
1544 134
1544 135
1544 136
1544 137
1544 138
1544 139
1544 140
1544 141
1544 142
1544 143
1544 144
1550 24
1550 25
1550 26
1550 27
1550 28
1550 29
1554 35
1554 36
1554 37
1554 38
1554 39
1554 40
1554 41
1554 42
1554 43
1554 44
1554 45
1554 46
1554 47
1554 48
1554 49
1554 50
1554 51
1554 52
1563 21
1563 22
1563 23
1563 24
1563 25
1563 26
1563 27
1563 28
1563 29
1563 30
1563 31
1563 32
1563 33
1563 34
1563 35
1563 36
1563 37
1563 38
1563 39
1563 40
1563 41
1563 42
1563 43
1567 44
1567 45
1567 46
1567 47
1567 48
1567 49
1567 50
1567 51
1567 52
1567 53
1567 54
1567 55
1567 56
1567 57
1576 25
1576 26
1576 27
1576 28
1576 29
1576 30
1576 31
1576 32
1576 33
1576 34
1576 35
1576 36
1576 37
1576 38
1576 39
1576 40
1576 41
1576 42
1576 43
1576 44
1576 45
1576 46
1576 47
1576 48
1576 49
1576 50
1576 51
1585 15
1585 16
1585 17
1585 18
1585 19
1585 20
1585 21
1585 22
1585 23
1585 24
1585 25
1585 26
1585 27
1585 28
1585 29
1585 30
1585 31
1585 32
1585 33
1585 34
1585 35
1585 36
1585 37
1585 38
1585 39
1589 32
1589 33
1589 34
1589 35
1589 36
1589 37
1589 38
1589 39
1589 40
1589 41
1589 42
1589 43
1589 44
1589 45
1589 46
1589 47
1589 48
1589 49
1589 50
1589 51
1589 52
1589 53
1589 54
1589 55
1589 56
1589 57
1598 17
1598 18
1598 19
1598 20
1598 21
1598 22
1598 23
1598 24
1598 25
1598 26
1598 27
1598 28
1598 29
1598 30
1598 31
1598 32
1598 33
1598 34
1598 35
1598 36
1598 37
1598 38
1598 39
1598 40
1598 41
1598 42
1598 43
1598 44
1598 45
1598 46
1598 47
1602 41
1602 42
1602 43
1602 44
1602 45
1602 46
1602 47
1602 48
1602 49
1602 50
1602 51
1602 52
1602 53
1602 54
1602 55
1602 56
1602 57
1602 58
1602 59
1602 60
1602 61
1602 62
1607 10
1607 11
1607 12
1607 13
1607 14
1607 15
1607 16
1607 17
1607 18
1607 19
1607 20
1607 21
1607 22
1607 23
1607 24
1607 25
1607 26
1607 27
1607 28
1607 29
1607 30
1607 31
1607 32
1607 33
1611 22
1611 23
1611 24
1611 25
1611 26
1611 27
1611 28
1611 29
1611 30
1611 31
1611 32
1611 33
1611 34
1611 35
1611 36
1611 37
1611 38
1611 39
1611 40
1611 41
1611 42
1611 43
1611 44
1611 45
1611 46
1611 47
1611 48
1611 49
1611 50
1611 51
1611 52
1611 53
1611 54
1620 11
1620 12
1620 13
1620 14
1620 15
1620 16
1620 17
1620 18
1620 19
1620 20
1620 21
1620 22
1620 23
1620 24
1620 25
1620 26
1620 27
1620 28
1620 29
1620 30
1620 31
1620 32
1620 33
1620 34
1620 35
1620 36
1620 37
1620 38
1620 39
1620 40
1620 41
1620 42
1620 43
1624 30
1624 31
1624 32
1624 33
1624 34
1624 35
1624 36
1624 37
1624 38
1624 39
1624 40
1624 41
1624 42
1624 43
1624 44
1624 45
1624 46
1624 47
1624 48
1624 49
1624 50
1624 51
1624 52
1624 53
1624 54
1624 55
1624 56
1624 57
1624 58
1624 59
1624 60
1629 7
1629 8
1629 9
1629 10
1629 11
1629 12
1629 13
1629 14
1629 15
1629 16
1629 17
1629 18
1629 19
1629 20
1629 21
1629 22
1629 23
1629 24
1629 25
1629 26
1633 14
1633 15
1633 16
1633 17
1633 18
1633 19
1633 20
1633 21
1633 22
1633 23
1633 24
1633 25
1633 26
1633 27
1633 28
1633 29
1633 30
1633 31
1633 32
1633 33
1633 34
1633 35
1633 36
1633 37
1633 38
1633 39
1633 40
1633 41
1633 42
1633 43
1633 44
1633 45
1633 46
1633 47
1633 48
1633 49
1633 50
1633 51
1637 41
1637 42
1637 43
1637 44
1637 45
1637 46
1637 47
1637 48
1637 49
1637 50
1637 51
1637 52
1637 53
1637 54
1637 55
1637 56
1637 57
1637 58
1637 59
1637 60
1637 61
1637 62
1637 63
1637 64
1642 6
1642 7
1642 8
1642 9
1642 10
1642 11
1642 12
1642 13
1642 14
1642 15
1642 16
1642 17
1642 18
1642 19
1642 20
1642 21
1642 22
1642 23
1642 24
1642 25
1642 26
1642 27
1642 28
1642 29
1642 30
1642 31
1642 32
1642 33
1642 34
1642 35
1642 36
1642 37
1642 38
1646 21
1646 22
1646 23
1646 24
1646 25
1646 26
1646 27
1646 28
1646 29
1646 30
1646 31
1646 32
1646 33
1646 34
1646 35
1646 36
1646 37
1646 38
1646 39
1646 40
1646 41
1646 42
1646 43
1646 44
1646 45
1646 46
1646 47
1646 48
1646 49
1646 50
1646 51
1646 52
1646 53
1646 54
1646 55
1646 56
1646 57
1651 10
1651 11
1651 12
1651 13
1651 14
1655 8
1655 9
1655 10
1655 11
1655 12
1655 13
1655 14
1655 15
1655 16
1655 17
1655 18
1655 19
1655 20
1655 21
1655 22
1655 23
1655 24
1655 25
1655 26
1655 27
1655 28
1655 29
1655 30
1655 31
1655 32
1655 33
1655 34
1655 35
1655 36
1655 37
1655 38
1655 39
1655 40
1655 41
1655 42
1655 43
1655 44
1655 45
1655 46
1659 29
1659 30
1659 31
1659 32
1659 33
1659 34
1659 35
1659 36
1659 37
1659 38
1659 39
1659 40
1659 41
1659 42
1659 43
1659 44
1659 45
1659 46
1659 47
1659 48
1659 49
1659 50
1659 51
1659 52
1659 53
1659 54
1659 55
1659 56
1659 57
1659 58
1659 59
1659 60
1659 61
1664 2
1664 3
1664 4
1664 5
1664 6
1664 7
1664 8
1664 9
1664 10
1664 11
1664 12
1664 13
1664 14
1664 15
1664 16
1664 17
1664 18
1664 19
1664 20
1664 21
1664 22
1664 23
1664 24
1664 25
1664 26
1664 27
1664 28
1664 29
1664 30
1664 31
1668 13
1668 14
1668 15
1668 16
1668 17
1668 18
1668 19
1668 20
1668 21
1668 22
1668 23
1668 24
1668 25
1668 26
1668 27
1668 28
1668 29
1668 30
1668 31
1668 32
1668 33
1668 34
1668 35
1668 36
1668 37
1668 38
1668 39
1668 40
1668 41
1668 42
1668 43
1668 44
1668 45
1668 46
1668 47
1668 48
1668 49
1668 50
1668 51
1668 52
1668 53
1672 41
1672 42
1672 43
1672 44
1672 45
1672 46
1672 47
1672 48
1672 49
1672 50
1672 51
1672 52
1672 53
1672 54
1672 55
1672 56
1672 57
1672 58
1672 59
1672 60
1672 61
1672 62
1672 63
1672 64
1677 3
1677 4
1677 5
1677 6
1677 7
1677 8
1677 9
1677 10
1677 11
1677 12
1677 13
1677 14
1677 15
1677 16
1677 17
1677 18
1677 19
1677 20
1677 21
1677 22
1677 23
1677 24
1677 25
1677 26
1677 27
1677 28
1677 29
1677 30
1677 31
1677 32
1677 33
1677 34
1677 35
1677 36
1677 37
1677 38
1677 39
1677 40
1677 41
1681 20
1681 21
1681 22
1681 23
1681 24
1681 25
1681 26
1681 27
1681 28
1681 29
1681 30
1681 31
1681 32
1681 33
1681 34
1681 35
1681 36
1681 37
1681 38
1681 39
1681 40
1681 41
1681 42
1681 43
1681 44
1681 45
1681 46
1681 47
1681 48
1681 49
1681 50
1681 51
1681 52
1681 53
1681 54
1681 55
1681 56
1681 57
1681 58
1686 1
1686 2
1686 3
1686 4
1686 5
1686 6
1686 7
1686 8
1686 9
1686 10
1686 11
1686 12
1686 13
1686 14
1686 15
1686 16
1686 17
1686 18
1686 19
1686 20
1686 21
1686 22
1686 23
1690 7
1690 8
1690 9
1690 10
1690 11
1690 12
1690 13
1690 14
1690 15
1690 16
1690 17
1690 18
1690 19
1690 20
1690 21
1690 22
1690 23
1690 24
1690 25
1690 26
1690 27
1690 28
1690 29
1690 30
1690 31
1690 32
1690 33
1690 34
1690 35
1690 36
1690 37
1690 38
1690 39
1690 40
1690 41
1690 42
1690 43
1690 44
1690 45
1690 46
1690 47
1690 48
1694 30
1694 31
1694 32
1694 33
1694 34
1694 35
1694 36
1694 37
1694 38
1694 39
1694 40
1694 41
1694 42
1694 43
1694 44
1694 45
1694 46
1694 47
1694 48
1694 49
1694 50
1694 51
1694 52
1694 53
1694 54
1694 55
1694 56
1694 57
1694 58
1694 59
1694 60
1694 61
1694 62
1699 0
1699 1
1699 2
1699 3
1699 4
1699 5
1699 6
1699 7
1699 8
1699 9
1699 10
1699 11
1699 12
1699 13
1699 14
1699 15
1699 16
1699 17
1699 18
1699 19
1699 20
1699 21
1699 22
1699 23
1699 24
1699 25
1699 26
1699 27
1699 28
1699 29
1699 30
1699 31
1699 32
1699 33
1699 34
1699 35
1699 575
1703 12
1703 13
1703 14
1703 15
1703 16
1703 17
1703 18
1703 19
1703 20
1703 21
1703 22
1703 23
1703 24
1703 25
1703 26
1703 27
1703 28
1703 29
1703 30
1703 31
1703 32
1703 33
1703 34
1703 35
1703 36
1703 37
1703 38
1703 39
1703 40
1703 41
1703 42
1703 43
1703 44
1703 45
1703 46
1703 47
1703 48
1703 49
1703 50
1703 51
1703 52
1703 53
1703 54
1703 55
1707 43
1707 44
1707 45
1707 46
1707 47
1707 48
1707 49
1707 50
1707 51
1707 52
1707 53
1707 54
1707 55
1707 56
1707 57
1707 58
1707 59
1707 60
1707 61
1707 62
1707 63
1712 2
1712 3
1712 4
1712 5
1712 6
1712 7
1712 8
1712 9
1712 10
1712 11
1712 12
1712 13
1712 14
1712 15
1712 16
1712 17
1712 18
1712 19
1712 20
1712 21
1712 22
1712 23
1712 24
1712 25
1712 26
1712 27
1712 28
1712 29
1712 30
1712 31
1712 32
1712 33
1712 34
1712 35
1712 36
1712 37
1712 38
1712 39
1712 40
1712 41
1712 42
1712 43
1716 20
1716 21
1716 22
1716 23
1716 24
1716 25
1716 26
1716 27
1716 28
1716 29
1716 30
1716 31
1716 32
1716 33
1716 34
1716 35
1716 36
1716 37
1716 38
1716 39
1716 40
1716 41
1716 42
1716 43
1716 44
1716 45
1716 46
1716 47
1716 48
1716 49
1716 50
1716 51
1716 52
1716 53
1716 54
1716 55
1716 56
1716 57
1716 58
1716 59
1721 0
1721 1
1721 2
1721 3
1721 4
1721 5
1721 6
1721 7
1721 8
1721 9
1721 10
1721 11
1721 12
1721 13
1721 14
1721 15
1721 16
1721 17
1721 18
1721 19
1721 20
1721 21
1721 22
1721 23
1721 24
1721 25
1721 26
1721 27
1721 573
1721 574
1721 575
1725 6
1725 7
1725 8
1725 9
1725 10
1725 11
1725 12
1725 13
1725 14
1725 15
1725 16
1725 17
1725 18
1725 19
1725 20
1725 21
1725 22
1725 23
1725 24
1725 25
1725 26
1725 27
1725 28
1725 29
1725 30
1725 31
1725 32
1725 33
1725 34
1725 35
1725 36
1725 37
1725 38
1725 39
1725 40
1725 41
1725 42
1725 43
1725 44
1725 45
1725 46
1725 47
1725 48
1725 49
1725 50
1729 31
1729 32
1729 33
1729 34
1729 35
1729 36
1729 37
1729 38
1729 39
1729 40
1729 41
1729 42
1729 43
1729 44
1729 45
1729 46
1729 47
1729 48
1729 49
1729 50
1729 51
1729 52
1729 53
1729 54
1729 55
1729 56
1729 57
1729 58
1729 59
1729 60
1729 61
1729 62
1734 0
1734 1
1734 2
1734 3
1734 4
1734 5
1734 6
1734 7
1734 8
1734 9
1734 10
1734 11
1734 12
1734 13
1734 14
1734 15
1734 16
1734 17
1734 18
1734 19
1734 20
1734 21
1734 22
1734 23
1734 24
1734 25
1734 26
1734 27
1734 28
1734 29
1734 30
1734 31
1734 32
1734 33
1734 34
1734 35
1734 36
1734 37
1734 574
1734 575
1738 12
1738 13
1738 14
1738 15
1738 16
1738 17
1738 18
1738 19
1738 20
1738 21
1738 22
1738 23
1738 24
1738 25
1738 26
1738 27
1738 28
1738 29
1738 30
1738 31
1738 32
1738 33
1738 34
1738 35
1738 36
1738 37
1738 38
1738 39
1738 40
1738 41
1738 42
1738 43
1738 44
1738 45
1738 46
1738 47
1738 48
1738 49
1738 50
1738 51
1738 52
1738 53
1738 54
1738 55
1738 56
1742 48
1742 49
1742 50
1742 51
1742 52
1742 53
1742 54
1742 55
1742 56
1742 57
1742 58
1742 59
1743 0
1743 1
1743 2
1743 3
1743 4
1743 5
1743 6
1743 7
1743 8
1743 9
1743 10
1743 11
1743 12
1743 13
1743 14
1743 15
1743 16
1743 17
1743 574
1743 575
1747 1
1747 2
1747 3
1747 4
1747 5
1747 6
1747 7
1747 8
1747 9
1747 10
1747 11
1747 12
1747 13
1747 14
1747 15
1747 16
1747 17
1747 18
1747 19
1747 20
1747 21
1747 22
1747 23
1747 24
1747 25
1747 26
1747 27
1747 28
1747 29
1747 30
1747 31
1747 32
1747 33
1747 34
1747 35
1747 36
1747 37
1747 38
1747 39
1747 40
1747 41
1747 42
1747 43
1747 44
1747 45
1751 21
1751 22
1751 23
1751 24
1751 25
1751 26
1751 27
1751 28
1751 29
1751 30
1751 31
1751 32
1751 33
1751 34
1751 35
1751 36
1751 37
1751 38
1751 39
1751 40
1751 41
1751 42
1751 43
1751 44
1751 45
1751 46
1751 47
1751 48
1751 49
1751 50
1751 51
1751 52
1751 53
1751 54
1751 55
1751 56
1751 57
1751 58
1751 59
1756 0
1756 1
1756 2
1756 3
1756 4
1756 5
1756 6
1756 7
1756 8
1756 9
1756 10
1756 11
1756 12
1756 13
1756 14
1756 15
1756 16
1756 17
1756 18
1756 19
1756 20
1756 21
1756 22
1756 23
1756 24
1756 25
1756 26
1756 27
1756 28
1756 29
1756 30
1756 571
1756 572
1756 573
1756 574
1756 575
1760 5
1760 6
1760 7
1760 8
1760 9
1760 10
1760 11
1760 12
1760 13
1760 14
1760 15
1760 16
1760 17
1760 18
1760 19
1760 20
1760 21
1760 22
1760 23
1760 24
1760 25
1760 26
1760 27
1760 28
1760 29
1760 30
1760 31
1760 32
1760 33
1760 34
1760 35
1760 36
1760 37
1760 38
1760 39
1760 40
1760 41
1760 42
1760 43
1760 44
1760 45
1760 46
1760 47
1760 48
1760 49
1760 50
1760 51
1764 33
1764 34
1764 35
1764 36
1764 37
1764 38
1764 39
1764 40
1764 41
1764 42
1764 43
1764 44
1764 45
1764 46
1764 47
1764 48
1764 49
1764 50
1764 51
1764 52
1764 53
1764 54
1764 55
1764 56
1764 57
1764 58
1764 59
1764 60
1769 0
1769 1
1769 2
1769 3
1769 4
1769 5
1769 6
1769 7
1769 8
1769 9
1769 10
1769 11
1769 12
1769 13
1769 14
1769 15
1769 16
1769 17
1769 18
1769 19
1769 20
1769 21
1769 22
1769 23
1769 24
1769 25
1769 26
1769 27
1769 28
1769 29
1769 30
1769 31
1769 32
1769 33
1769 34
1769 35
1769 36
1769 37
1769 38
1769 39
1769 573
1769 574
1769 575
1773 12
1773 13
1773 14
1773 15
1773 16
1773 17
1773 18
1773 19
1773 20
1773 21
1773 22
1773 23
1773 24
1773 25
1773 26
1773 27
1773 28
1773 29
1773 30
1773 31
1773 32
1773 33
1773 34
1773 35
1773 36
1773 37
1773 38
1773 39
1773 40
1773 41
1773 42
1773 43
1773 44
1773 45
1773 46
1773 47
1773 48
1773 49
1773 50
1773 51
1773 52
1773 53
1773 54
1773 55
1773 56
1778 0
1778 1
1778 2
1778 3
1778 4
1778 5
1778 6
1778 7
1778 8
1778 9
1778 10
1778 11
1778 12
1778 13
1778 14
1778 15
1778 16
1778 17
1778 18
1778 19
1778 20
1778 21
1778 571
1778 572
1778 573
1778 574
1778 575
1782 0
1782 1
1782 2
1782 3
1782 4
1782 5
1782 6
1782 7
1782 8
1782 9
1782 10
1782 11
1782 12
1782 13
1782 14
1782 15
1782 16
1782 17
1782 18
1782 19
1782 20
1782 21
1782 22
1782 23
1782 24
1782 25
1782 26
1782 27
1782 28
1782 29
1782 30
1782 31
1782 32
1782 33
1782 34
1782 35
1782 36
1782 37
1782 38
1782 39
1782 40
1782 41
1782 42
1782 43
1782 44
1782 45
1782 46
1786 22
1786 23
1786 24
1786 25
1786 26
1786 27
1786 28
1786 29
1786 30
1786 31
1786 32
1786 33
1786 34
1786 35
1786 36
1786 37
1786 38
1786 39
1786 40
1786 41
1786 42
1786 43
1786 44
1786 45
1786 46
1786 47
1786 48
1786 49
1786 50
1786 51
1786 52
1786 53
1786 54
1786 55
1786 56
1786 57
1786 58
1786 59
1791 0
1791 1
1791 2
1791 3
1791 4
1791 5
1791 6
1791 7
1791 8
1791 9
1791 10
1791 11
1791 12
1791 13
1791 14
1791 15
1791 16
1791 17
1791 18
1791 19
1791 20
1791 21
1791 22
1791 23
1791 24
1791 25
1791 26
1791 27
1791 28
1791 29
1791 30
1791 31
1791 32
1791 570
1791 571
1791 572
1791 573
1791 574
1791 575
1795 6
1795 7
1795 8
1795 9
1795 10
1795 11
1795 12
1795 13
1795 14
1795 15
1795 16
1795 17
1795 18
1795 19
1795 20
1795 21
1795 22
1795 23
1795 24
1795 25
1795 26
1795 27
1795 28
1795 29
1795 30
1795 31
1795 32
1795 33
1795 34
1795 35
1795 36
1795 37
1795 38
1795 39
1795 40
1795 41
1795 42
1795 43
1795 44
1795 45
1795 46
1795 47
1795 48
1795 49
1795 50
1795 51
1795 52
1799 36
1799 37
1799 38
1799 39
1799 40
1799 41
1799 42
1799 43
1799 44
1799 45
1799 46
1799 47
1799 48
1799 49
1799 50
1799 51
1799 52
1799 53
1799 54
1799 55
1799 56
1799 57
1804 0
1804 1
1804 2
1804 3
1804 4
1804 5
1804 6
1804 7
1804 8
1804 9
1804 10
1804 11
1804 12
1804 13
1804 14
1804 15
1804 16
1804 17
1804 18
1804 19
1804 20
1804 21
1804 22
1804 23
1804 24
1804 25
1804 26
1804 27
1804 28
1804 29
1804 30
1804 31
1804 32
1804 33
1804 34
1804 35
1804 36
1804 37
1804 38
1804 39
1804 40
1804 41
1804 572
1804 573
1804 574
1804 575
1808 13
1808 14
1808 15
1808 16
1808 17
1808 18
1808 19
1808 20
1808 21
1808 22
1808 23
1808 24
1808 25
1808 26
1808 27
1808 28
1808 29
1808 30
1808 31
1808 32
1808 33
1808 34
1808 35
1808 36
1808 37
1808 38
1808 39
1808 40
1808 41
1808 42
1808 43
1808 44
1808 45
1808 46
1808 47
1808 48
1808 49
1808 50
1808 51
1808 52
1808 53
1808 54
1808 55
1808 56
1813 0
1813 1
1813 2
1813 3
1813 4
1813 5
1813 6
1813 7
1813 8
1813 9
1813 10
1813 11
1813 12
1813 13
1813 14
1813 15
1813 16
1813 17
1813 18
1813 19
1813 20
1813 21
1813 22
1813 23
1813 569
1813 570
1813 571
1813 572
1813 573
1813 574
1813 575
1817 0
1817 1
1817 2
1817 3
1817 4
1817 5
1817 6
1817 7
1817 8
1817 9
1817 10
1817 11
1817 12
1817 13
1817 14
1817 15
1817 16
1817 17
1817 18
1817 19
1817 20
1817 21
1817 22
1817 23
1817 24
1817 25
1817 26
1817 27
1817 28
1817 29
1817 30
1817 31
1817 32
1817 33
1817 34
1817 35
1817 36
1817 37
1817 38
1817 39
1817 40
1817 41
1817 42
1817 43
1817 44
1817 45
1817 46
1817 47
1821 24
1821 25
1821 26
1821 27
1821 28
1821 29
1821 30
1821 31
1821 32
1821 33
1821 34
1821 35
1821 36
1821 37
1821 38
1821 39
1821 40
1821 41
1821 42
1821 43
1821 44
1821 45
1821 46
1821 47
1821 48
1821 49
1821 50
1821 51
1821 52
1821 53
1821 54
1821 55
1821 56
1821 57
1826 0
1826 1
1826 2
1826 3
1826 4
1826 5
1826 6
1826 7
1826 8
1826 9
1826 10
1826 11
1826 12
1826 13
1826 14
1826 15
1826 16
1826 17
1826 18
1826 19
1826 20
1826 21
1826 22
1826 23
1826 24
1826 25
1826 26
1826 27
1826 28
1826 29
1826 30
1826 31
1826 32
1826 33
1826 34
1826 569
1826 570
1826 571
1826 572
1826 573
1826 574
1826 575
1830 6
1830 7
1830 8
1830 9
1830 10
1830 11
1830 12
1830 13
1830 14
1830 15
1830 16
1830 17
1830 18
1830 19
1830 20
1830 21
1830 22
1830 23
1830 24
1830 25
1830 26
1830 27
1830 28
1830 29
1830 30
1830 31
1830 32
1830 33
1830 34
1830 35
1830 36
1830 37
1830 38
1830 39
1830 40
1830 41
1830 42
1830 43
1830 44
1830 45
1830 46
1830 47
1830 48
1830 49
1830 50
1830 51
1830 52
1834 45
1834 46
1834 47
1834 48
1835 0
1835 1
1835 2
1835 3
1835 4
1835 5
1835 6
1835 7
1835 8
1835 9
1835 573
1835 574
1835 575
1839 0
1839 1
1839 2
1839 3
1839 4
1839 5
1839 6
1839 7
1839 8
1839 9
1839 10
1839 11
1839 12
1839 13
1839 14
1839 15
1839 16
1839 17
1839 18
1839 19
1839 20
1839 21
1839 22
1839 23
1839 24
1839 25
1839 26
1839 27
1839 28
1839 29
1839 30
1839 31
1839 32
1839 33
1839 34
1839 35
1839 36
1839 37
1839 38
1839 39
1839 40
1839 41
1839 572
1839 573
1839 574
1839 575
1843 15
1843 16
1843 17
1843 18
1843 19
1843 20
1843 21
1843 22
1843 23
1843 24
1843 25
1843 26
1843 27
1843 28
1843 29
1843 30
1843 31
1843 32
1843 33
1843 34
1843 35
1843 36
1843 37
1843 38
1843 39
1843 40
1843 41
1843 42
1843 43
1843 44
1843 45
1843 46
1843 47
1843 48
1843 49
1843 50
1843 51
1843 52
1843 53
1843 54
1848 0
1848 1
1848 2
1848 3
1848 4
1848 5
1848 6
1848 7
1848 8
1848 9
1848 10
1848 11
1848 12
1848 13
1848 14
1848 15
1848 16
1848 17
1848 18
1848 19
1848 20
1848 21
1848 22
1848 23
1848 24
1848 25
1848 569
1848 570
1848 571
1848 572
1848 573
1848 574
1848 575
1852 1
1852 2
1852 3
1852 4
1852 5
1852 6
1852 7
1852 8
1852 9
1852 10
1852 11
1852 12
1852 13
1852 14
1852 15
1852 16
1852 17
1852 18
1852 19
1852 20
1852 21
1852 22
1852 23
1852 24
1852 25
1852 26
1852 27
1852 28
1852 29
1852 30
1852 31
1852 32
1852 33
1852 34
1852 35
1852 36
1852 37
1852 38
1852 39
1852 40
1852 41
1852 42
1852 43
1852 44
1852 45
1852 46
1852 47
1856 27
1856 28
1856 29
1856 30
1856 31
1856 32
1856 33
1856 34
1856 35
1856 36
1856 37
1856 38
1856 39
1856 40
1856 41
1856 42
1856 43
1856 44
1856 45
1856 46
1856 47
1856 48
1856 49
1856 50
1856 51
1856 52
1856 53
1861 0
1861 1
1861 2
1861 3
1861 4
1861 5
1861 6
1861 7
1861 8
1861 9
1861 10
1861 11
1861 12
1861 13
1861 14
1861 15
1861 16
1861 17
1861 18
1861 19
1861 20
1861 21
1861 22
1861 23
1861 24
1861 25
1861 26
1861 27
1861 28
1861 29
1861 30
1861 31
1861 32
1861 33
1861 34
1861 35
1861 569
1861 570
1861 571
1861 572
1861 573
1861 574
1861 575
1865 7
1865 8
1865 9
1865 10
1865 11
1865 12
1865 13
1865 14
1865 15
1865 16
1865 17
1865 18
1865 19
1865 20
1865 21
1865 22
1865 23
1865 24
1865 25
1865 26
1865 27
1865 28
1865 29
1865 30
1865 31
1865 32
1865 33
1865 34
1865 35
1865 36
1865 37
1865 38
1865 39
1865 40
1865 41
1865 42
1865 43
1865 44
1865 45
1865 46
1865 47
1865 48
1865 49
1865 50
1865 51
1870 0
1870 1
1870 2
1870 3
1870 4
1870 5
1870 6
1870 7
1870 8
1870 9
1870 10
1870 11
1870 12
1870 572
1870 573
1870 574
1870 575
1874 0
1874 1
1874 2
1874 3
1874 4
1874 5
1874 6
1874 7
1874 8
1874 9
1874 10
1874 11
1874 12
1874 13
1874 14
1874 15
1874 16
1874 17
1874 18
1874 19
1874 20
1874 21
1874 22
1874 23
1874 24
1874 25
1874 26
1874 27
1874 28
1874 29
1874 30
1874 31
1874 32
1874 33
1874 34
1874 35
1874 36
1874 37
1874 38
1874 39
1874 40
1874 41
1874 42
1874 573
1874 574
1874 575
1878 17
1878 18
1878 19
1878 20
1878 21
1878 22
1878 23
1878 24
1878 25
1878 26
1878 27
1878 28
1878 29
1878 30
1878 31
1878 32
1878 33
1878 34
1878 35
1878 36
1878 37
1878 38
1878 39
1878 40
1878 41
1878 42
1878 43
1878 44
1878 45
1878 46
1878 47
1878 48
1878 49
1878 50
1878 51
1878 52
1883 0
1883 1
1883 2
1883 3
1883 4
1883 5
1883 6
1883 7
1883 8
1883 9
1883 10
1883 11
1883 12
1883 13
1883 14
1883 15
1883 16
1883 17
1883 18
1883 19
1883 20
1883 21
1883 22
1883 23
1883 24
1883 25
1883 26
1883 569
1883 570
1883 571
1883 572
1883 573
1883 574
1883 575
1887 2
1887 3
1887 4
1887 5
1887 6
1887 7
1887 8
1887 9
1887 10
1887 11
1887 12
1887 13
1887 14
1887 15
1887 16
1887 17
1887 18
1887 19
1887 20
1887 21
1887 22
1887 23
1887 24
1887 25
1887 26
1887 27
1887 28
1887 29
1887 30
1887 31
1887 32
1887 33
1887 34
1887 35
1887 36
1887 37
1887 38
1887 39
1887 40
1887 41
1887 42
1887 43
1887 44
1887 45
1887 46
1887 47
1891 33
1891 34
1891 35
1891 36
1891 37
1891 38
1891 39
1891 40
1891 41
1891 42
1891 43
1891 44
1891 45
1891 46
1891 47
1896 0
1896 1
1896 2
1896 3
1896 4
1896 5
1896 6
1896 7
1896 8
1896 9
1896 10
1896 11
1896 12
1896 13
1896 14
1896 15
1896 16
1896 17
1896 18
1896 19
1896 20
1896 21
1896 22
1896 23
1896 24
1896 25
1896 26
1896 27
1896 28
1896 29
1896 30
1896 31
1896 32
1896 33
1896 34
1896 35
1896 570
1896 571
1896 572
1896 573
1896 574
1896 575
1900 9
1900 10
1900 11
1900 12
1900 13
1900 14
1900 15
1900 16
1900 17
1900 18
1900 19
1900 20
1900 21
1900 22
1900 23
1900 24
1900 25
1900 26
1900 27
1900 28
1900 29
1900 30
1900 31
1900 32
1900 33
1900 34
1900 35
1900 36
1900 37
1900 38
1900 39
1900 40
1900 41
1900 42
1900 43
1900 44
1900 45
1900 46
1900 47
1900 48
1900 49
1905 0
1905 1
1905 2
1905 3
1905 4
1905 5
1905 6
1905 7
1905 8
1905 9
1905 10
1905 11
1905 12
1905 13
1905 571
1905 572
1905 573
1905 574
1905 575
1909 0
1909 1
1909 2
1909 3
1909 4
1909 5
1909 6
1909 7
1909 8
1909 9
1909 10
1909 11
1909 12
1909 13
1909 14
1909 15
1909 16
1909 17
1909 18
1909 19
1909 20
1909 21
1909 22
1909 23
1909 24
1909 25
1909 26
1909 27
1909 28
1909 29
1909 30
1909 31
1909 32
1909 33
1909 34
1909 35
1909 36
1909 37
1909 38
1909 39
1909 40
1909 41
1909 574
1909 575
1913 20
1913 21
1913 22
1913 23
1913 24
1913 25
1913 26
1913 27
1913 28
1913 29
1913 30
1913 31
1913 32
1913 33
1913 34
1913 35
1913 36
1913 37
1913 38
1913 39
1913 40
1913 41
1913 42
1913 43
1913 44
1913 45
1913 46
1913 47
1913 48
1913 49
1918 0
1918 1
1918 2
1918 3
1918 4
1918 5
1918 6
1918 7
1918 8
1918 9
1918 10
1918 11
1918 12
1918 13
1918 14
1918 15
1918 16
1918 17
1918 18
1918 19
1918 20
1918 21
1918 22
1918 23
1918 24
1918 25
1918 26
1918 569
1918 570
1918 571
1918 572
1918 573
1918 574
1918 575
1922 3
1922 4
1922 5
1922 6
1922 7
1922 8
1922 9
1922 10
1922 11
1922 12
1922 13
1922 14
1922 15
1922 16
1922 17
1922 18
1922 19
1922 20
1922 21
1922 22
1922 23
1922 24
1922 25
1922 26
1922 27
1922 28
1922 29
1922 30
1922 31
1922 32
1922 33
1922 34
1922 35
1922 36
1922 37
1922 38
1922 39
1922 40
1922 41
1922 42
1922 43
1922 44
1922 45
1931 0
1931 1
1931 2
1931 3
1931 4
1931 5
1931 6
1931 7
1931 8
1931 9
1931 10
1931 11
1931 12
1931 13
1931 14
1931 15
1931 16
1931 17
1931 18
1931 19
1931 20
1931 21
1931 22
1931 23
1931 24
1931 25
1931 26
1931 27
1931 28
1931 29
1931 30
1931 31
1931 32
1931 33
1931 34
1931 35
1931 571
1931 572
1931 573
1931 574
1931 575
1935 12
1935 13
1935 14
1935 15
1935 16
1935 17
1935 18
1935 19
1935 20
1935 21
1935 22
1935 23
1935 24
1935 25
1935 26
1935 27
1935 28
1935 29
1935 30
1935 31
1935 32
1935 33
1935 34
1935 35
1935 36
1935 37
1935 38
1935 39
1935 40
1935 41
1935 42
1935 43
1935 44
1935 45
1935 46
1935 47
1940 0
1940 1
1940 2
1940 3
1940 4
1940 5
1940 6
1940 7
1940 8
1940 9
1940 10
1940 11
1940 12
1940 13
1940 572
1940 573
1940 574
1940 575
1944 0
1944 1
1944 2
1944 3
1944 4
1944 5
1944 6
1944 7
1944 8
1944 9
1944 10
1944 11
1944 12
1944 13
1944 14
1944 15
1944 16
1944 17
1944 18
1944 19
1944 20
1944 21
1944 22
1944 23
1944 24
1944 25
1944 26
1944 27
1944 28
1944 29
1944 30
1944 31
1944 32
1944 33
1944 34
1944 35
1944 36
1944 37
1944 38
1944 39
1944 40
1944 575
1948 26
1948 27
1948 28
1948 29
1948 30
1948 31
1948 32
1948 33
1948 34
1948 35
1948 36
1948 37
1948 38
1948 39
1948 40
1948 41
1948 42
1953 0
1953 1
1953 2
1953 3
1953 4
1953 5
1953 6
1953 7
1953 8
1953 9
1953 10
1953 11
1953 12
1953 13
1953 14
1953 15
1953 16
1953 17
1953 18
1953 19
1953 20
1953 21
1953 22
1953 23
1953 24
1953 25
1953 26
1953 570
1953 571
1953 572
1953 573
1953 574
1953 575
1957 6
1957 7
1957 8
1957 9
1957 10
1957 11
1957 12
1957 13
1957 14
1957 15
1957 16
1957 17
1957 18
1957 19
1957 20
1957 21
1957 22
1957 23
1957 24
1957 25
1957 26
1957 27
1957 28
1957 29
1957 30
1957 31
1957 32
1957 33
1957 34
1957 35
1957 36
1957 37
1957 38
1957 39
1957 40
1957 41
1957 42
1957 43
1966 0
1966 1
1966 2
1966 3
1966 4
1966 5
1966 6
1966 7
1966 8
1966 9
1966 10
1966 11
1966 12
1966 13
1966 14
1966 15
1966 16
1966 17
1966 18
1966 19
1966 20
1966 21
1966 22
1966 23
1966 24
1966 25
1966 26
1966 27
1966 28
1966 29
1966 30
1966 31
1966 32
1966 33
1966 34
1966 573
1966 574
1966 575
1970 16
1970 17
1970 18
1970 19
1970 20
1970 21
1970 22
1970 23
1970 24
1970 25
1970 26
1970 27
1970 28
1970 29
1970 30
1970 31
1970 32
1970 33
1970 34
1970 35
1970 36
1970 37
1970 38
1970 39
1970 40
1970 41
1970 42
1970 43
1975 0
1975 1
1975 2
1975 3
1975 4
1975 5
1975 6
1975 7
1975 8
1975 9
1975 10
1975 11
1975 12
1975 575
1979 1
1979 2
1979 3
1979 4
1979 5
1979 6
1979 7
1979 8
1979 9
1979 10
1979 11
1979 12
1979 13
1979 14
1979 15
1979 16
1979 17
1979 18
1979 19
1979 20
1979 21
1979 22
1979 23
1979 24
1979 25
1979 26
1979 27
1979 28
1979 29
1979 30
1979 31
1979 32
1979 33
1979 34
1979 35
1979 36
1979 37
1979 38
1988 0
1988 1
1988 2
1988 3
1988 4
1988 5
1988 6
1988 7
1988 8
1988 9
1988 10
1988 11
1988 12
1988 13
1988 14
1988 15
1988 16
1988 17
1988 18
1988 19
1988 20
1988 21
1988 22
1988 23
1988 24
1988 573
1988 574
1988 575
1992 9
1992 10
1992 11
1992 12
1992 13
1992 14
1992 15
1992 16
1992 17
1992 18
1992 19
1992 20
1992 21
1992 22
1992 23
1992 24
1992 25
1992 26
1992 27
1992 28
1992 29
1992 30
1992 31
1992 32
1992 33
1992 34
1992 35
1992 36
1992 37
1992 38
1992 39
1992 40
2001 0
2001 1
2001 2
2001 3
2001 4
2001 5
2001 6
2001 7
2001 8
2001 9
2001 10
2001 11
2001 12
2001 13
2001 14
2001 15
2001 16
2001 17
2001 18
2001 19
2001 20
2001 21
2001 22
2001 23
2001 24
2001 25
2001 26
2001 27
2001 28
2001 29
2001 30
2001 31
2001 575
2005 23
2005 24
2005 25
2005 26
2005 27
2005 28
2005 29
2005 30
2005 31
2005 32
2005 33
2005 34
2014 5
2014 6
2014 7
2014 8
2014 9
2014 10
2014 11
2014 12
2014 13
2014 14
2014 15
2014 16
2014 17
2014 18
2014 19
2014 20
2014 21
2014 22
2014 23
2014 24
2014 25
2014 26
2014 27
2014 28
2014 29
2014 30
2014 31
2014 32
2014 33
2014 34
2014 35
2023 0
2023 1
2023 2
2023 3
2023 4
2023 5
2023 6
2023 7
2023 8
2023 9
2023 10
2023 11
2023 12
2023 13
2023 14
2023 15
2023 16
2023 17
2023 18
2023 19
2023 20
2023 21
2027 15
2027 16
2027 17
2027 18
2027 19
2027 20
2027 21
2027 22
2027 23
2027 24
2027 25
2027 26
2027 27
2027 28
2027 29
2027 30
2027 31
2027 32
2027 33
2027 34
2036 3
2036 4
2036 5
2036 6
2036 7
2036 8
2036 9
2036 10
2036 11
2036 12
2036 13
2036 14
2036 15
2036 16
2036 17
2036 18
2036 19
2036 20
2036 21
2036 22
2036 23
2036 24
2036 25
2036 26
2036 27
2036 28
2049 11
2049 12
2049 13
2049 14
2049 15
2049 16
2049 17
2049 18
2049 19
2049 20
2049 21
2049 22
2049 23
2049 24
2049 25
2049 26
2049 27
2049 28
2049 29
2058 8
2058 9
2058 10
2058 11
2058 12
2058 13
2071 12
2071 13
2071 14
2071 15
2071 16
2071 17
2071 18
