0 110
0 111
0 112
0 113
0 114
0 115
0 116
0 117
0 118
0 119
0 120
0 121
0 122
0 123
0 124
0 125
0 126
0 127
0 128
0 129
0 130
0 131
0 132
0 133
0 134
0 135
0 136
0 137
0 138
0 139
0 140
0 141
0 142
0 143
0 144
0 145
0 146
0 147
0 148
22 126
22 127
22 128
22 129
22 130
22 131
22 132
22 133
22 134
22 135
22 136
22 137
22 138
22 139
22 140
22 141
22 142
22 143
22 144
22 145
22 146
22 147
22 148
22 149
23 107
23 108
23 109
23 110
23 111
23 112
23 113
23 114
23 115
23 116
23 117
23 118
23 119
23 120
23 121
23 122
23 123
23 124
23 125
23 126
23 127
23 128
23 129
23 130
23 131
23 132
23 133
23 134
23 135
23 136
23 137
23 138
23 139
23 140
23 141
23 142
23 143
23 144
23 145
23 146
23 147
23 148
23 149
23 150
23 151
23 152
23 153
23 154
23 155
23 156
23 157
23 158
23 159
23 160
23 161
23 162
23 163
23 164
23 165
24 99
24 100
24 101
24 102
24 103
24 104
24 105
24 106
24 107
24 108
24 109
24 110
24 111
24 112
24 113
24 114
24 115
24 116
24 117
24 118
24 119
24 120
24 121
24 122
24 123
24 124
24 125
24 126
24 127
24 128
24 129
24 130
24 131
24 132
24 133
24 134
24 135
24 136
24 137
24 138
24 139
24 140
24 141
24 142
24 143
24 144
24 145
24 146
24 147
24 148
24 149
24 150
24 151
24 152
24 153
24 154
24 155
24 156
24 157
24 158
24 159
24 160
24 161
24 162
24 163
24 164
24 165
24 166
24 167
24 168
24 169
24 170
25 97
25 98
25 99
25 100
25 101
25 102
25 103
25 104
25 105
25 106
25 107
25 108
25 109
25 110
25 111
25 112
25 113
25 114
25 115
25 116
25 117
25 118
25 119
25 120
25 121
25 122
25 123
25 124
25 125
25 126
25 127
25 128
25 129
25 130
25 131
25 132
25 133
25 134
25 135
25 136
25 137
25 138
25 139
25 140
25 141
25 142
25 143
25 144
25 145
25 146
25 147
25 148
25 149
25 150
25 151
25 152
25 153
25 154
25 155
25 156
25 157
25 158
25 159
25 160
25 161
25 162
25 163
25 164
25 165
25 166
25 167
25 168
25 169
25 170
25 171
25 172
26 97
26 98
26 99
26 100
26 101
26 102
26 103
26 104
26 105
26 106
26 107
26 108
26 109
26 110
26 111
26 112
26 113
26 114
26 115
26 116
26 117
26 118
26 119
26 120
26 121
26 122
26 123
26 124
26 125
26 126
26 127
26 128
26 129
26 130
26 131
26 132
26 133
26 134
26 135
26 136
26 137
26 138
26 139
26 140
26 141
26 142
26 143
26 144
26 145
26 146
26 147
26 148
26 149
26 150
26 151
26 152
26 153
26 154
26 155
26 156
26 157
26 158
26 159
26 160
26 161
26 162
26 163
26 164
26 165
26 166
26 167
26 168
26 169
26 170
27 101
27 102
27 103
27 104
27 105
27 106
27 107
27 108
27 109
27 110
27 111
27 112
27 113
27 114
27 115
27 116
27 117
27 118
27 119
27 120
27 121
27 122
27 123
27 124
27 125
27 126
27 127
27 128
27 129
27 130
27 131
27 132
27 133
27 134
27 135
27 136
27 137
27 138
27 139
27 140
27 141
27 142
27 143
27 144
27 145
27 146
27 147
27 148
27 149
27 150
27 151
27 152
27 153
27 154
27 155
27 156
27 157
27 158
27 159
27 160
27 161
27 162
27 163
28 112
28 113
28 114
28 115
28 116
28 117
28 118
28 119
28 120
28 121
28 122
28 123
28 124
28 125
28 126
28 127
28 128
28 129
28 130
28 131
28 132
28 133
28 134
28 135
28 136
28 137
28 138
28 139
28 140
28 141
28 142
28 143
28 144
28 145
50 113
50 114
50 115
50 116
50 117
50 118
50 119
50 120
50 121
50 122
50 123
50 124
50 125
50 126
50 127
50 128
50 129
50 130
50 131
50 132
50 133
50 134
50 135
50 136
50 137
50 138
50 139
50 140
50 141
50 142
50 143
50 144
50 145
50 146
50 147
50 148
50 149
50 150
50 151
50 152
50 153
50 154
50 155
50 156
50 157
50 158
51 101
51 102
51 103
51 104
51 105
51 106
51 107
51 108
51 109
51 110
51 111
51 112
51 113
51 114
51 115
51 116
51 117
51 118
51 119
51 120
51 121
51 122
51 123
51 124
51 125
51 126
51 127
51 128
51 129
51 130
51 131
51 132
51 133
51 134
51 135
51 136
51 137
51 138
51 139
51 140
51 141
51 142
51 143
51 144
51 145
51 146
51 147
51 148
51 149
51 150
51 151
51 152
51 153
51 154
51 155
51 156
51 157
51 158
51 159
51 160
51 161
51 162
51 163
51 164
51 165
51 166
51 167
51 168
52 96
52 97
52 98
52 99
52 100
52 101
52 102
52 103
52 104
52 105
52 106
52 107
52 108
52 109
52 110
52 111
52 112
52 113
52 114
52 115
52 116
52 117
52 118
52 119
52 120
52 121
52 122
52 123
52 124
52 125
52 126
52 127
52 128
52 129
52 130
52 131
52 132
52 133
52 134
52 135
52 136
52 137
52 138
52 139
52 140
52 141
52 142
52 143
52 144
52 145
52 146
52 147
52 148
52 149
52 150
52 151
52 152
52 153
52 154
52 155
52 156
52 157
52 158
52 159
52 160
52 161
52 162
52 163
52 164
52 165
52 166
52 167
52 168
52 169
52 170
52 171
52 172
52 173
53 95
53 96
53 97
53 98
53 99
53 100
53 101
53 102
53 103
53 104
53 105
53 106
53 107
53 108
53 109
53 110
53 111
53 112
53 113
53 114
53 115
53 116
53 117
53 118
53 119
53 120
53 121
53 122
53 123
53 124
53 125
53 126
53 127
53 128
53 129
53 130
53 131
53 132
53 133
53 134
53 135
53 136
53 137
53 138
53 139
53 140
53 141
53 142
53 143
53 144
53 145
53 146
53 147
53 148
53 149
53 150
53 151
53 152
53 153
53 154
53 155
53 156
53 157
53 158
53 159
53 160
53 161
53 162
53 163
53 164
53 165
53 166
53 167
53 168
53 169
53 170
53 171
53 172
53 173
54 97
54 98
54 99
54 100
54 101
54 102
54 103
54 104
54 105
54 106
54 107
54 108
54 109
54 110
54 111
54 112
54 113
54 114
54 115
54 116
54 117
54 118
54 119
54 120
54 121
54 122
54 123
54 124
54 125
54 126
54 127
54 128
54 129
54 130
54 131
54 132
54 133
54 134
54 135
54 136
54 137
54 138
54 139
54 140
54 141
54 142
54 143
54 144
54 145
54 146
54 147
54 148
54 149
54 150
54 151
54 152
54 153
54 154
54 155
54 156
54 157
54 158
54 159
54 160
54 161
54 162
54 163
54 164
54 165
54 166
54 167
54 168
54 169
54 170
55 102
55 103
55 104
55 105
55 106
55 107
55 108
55 109
55 110
55 111
55 112
55 113
55 114
55 115
55 116
55 117
55 118
55 119
55 120
55 121
55 122
55 123
55 124
55 125
55 126
55 127
55 128
55 129
55 130
55 131
55 132
55 133
55 134
55 135
55 136
55 137
55 138
55 139
55 140
55 141
55 142
55 143
55 144
55 145
55 146
55 147
55 148
55 149
55 150
55 151
55 152
55 153
55 154
55 155
55 156
55 157
55 158
55 159
55 160
55 161
56 120
56 121
56 122
56 123
56 124
56 125
56 126
56 127
56 128
56 129
56 130
56 131
56 132
56 133
56 134
56 135
56 136
56 137
77 131
77 132
77 133
77 134
77 135
77 136
77 137
77 138
77 139
77 140
77 141
77 142
78 105
78 106
78 107
78 108
78 109
78 110
78 111
78 112
78 113
78 114
78 115
78 116
78 117
78 118
78 119
78 120
78 121
78 122
78 123
78 124
78 125
78 126
78 127
78 128
78 129
78 130
78 131
78 132
78 133
78 134
78 135
78 136
78 137
78 138
78 139
78 140
78 141
78 142
78 143
78 144
78 145
78 146
78 147
78 148
78 149
78 150
78 151
78 152
78 153
78 154
78 155
78 156
78 157
78 158
78 159
78 160
78 161
78 162
78 163
78 164
79 97
79 98
79 99
79 100
79 101
79 102
79 103
79 104
79 105
79 106
79 107
79 108
79 109
79 110
79 111
79 112
79 113
79 114
79 115
79 116
79 117
79 118
79 119
79 120
79 121
79 122
79 123
79 124
79 125
79 126
79 127
79 128
79 129
79 130
79 131
79 132
79 133
79 134
79 135
79 136
79 137
79 138
79 139
79 140
79 141
79 142
79 143
79 144
79 145
79 146
79 147
79 148
79 149
79 150
79 151
79 152
79 153
79 154
79 155
79 156
79 157
79 158
79 159
79 160
79 161
79 162
79 163
79 164
79 165
79 166
79 167
79 168
79 169
79 170
79 171
80 94
80 95
80 96
80 97
80 98
80 99
80 100
80 101
80 102
80 103
80 104
80 105
80 106
80 107
80 108
80 109
80 110
80 111
80 112
80 113
80 114
80 115
80 116
80 117
80 118
80 119
80 120
80 121
80 122
80 123
80 124
80 125
80 126
80 127
80 128
80 129
80 130
80 131
80 132
80 133
80 134
80 135
80 136
80 137
80 138
80 139
80 140
80 141
80 142
80 143
80 144
80 145
80 146
80 147
80 148
80 149
80 150
80 151
80 152
80 153
80 154
80 155
80 156
80 157
80 158
80 159
80 160
80 161
80 162
80 163
80 164
80 165
80 166
80 167
80 168
80 169
80 170
80 171
80 172
80 173
80 174
81 94
81 95
81 96
81 97
81 98
81 99
81 100
81 101
81 102
81 103
81 104
81 105
81 106
81 107
81 108
81 109
81 110
81 111
81 112
81 113
81 114
81 115
81 116
81 117
81 118
81 119
81 120
81 121
81 122
81 123
81 124
81 125
81 126
81 127
81 128
81 129
81 130
81 131
81 132
81 133
81 134
81 135
81 136
81 137
81 138
81 139
81 140
81 141
81 142
81 143
81 144
81 145
81 146
81 147
81 148
81 149
81 150
81 151
81 152
81 153
81 154
81 155
81 156
81 157
81 158
81 159
81 160
81 161
81 162
81 163
81 164
81 165
81 166
81 167
81 168
81 169
81 170
81 171
81 172
81 173
81 174
82 97
82 98
82 99
82 100
82 101
82 102
82 103
82 104
82 105
82 106
82 107
82 108
82 109
82 110
82 111
82 112
82 113
82 114
82 115
82 116
82 117
82 118
82 119
82 120
82 121
82 122
82 123
82 124
82 125
82 126
82 127
82 128
82 129
82 130
82 131
82 132
82 133
82 134
82 135
82 136
82 137
82 138
82 139
82 140
82 141
82 142
82 143
82 144
82 145
82 146
82 147
82 148
82 149
82 150
82 151
82 152
82 153
82 154
82 155
82 156
82 157
82 158
82 159
82 160
82 161
82 162
82 163
82 164
82 165
82 166
82 167
82 168
82 169
83 105
83 106
83 107
83 108
83 109
83 110
83 111
83 112
83 113
83 114
83 115
83 116
83 117
83 118
83 119
83 120
83 121
83 122
83 123
83 124
83 125
83 126
83 127
83 128
83 129
83 130
83 131
83 132
83 133
83 134
83 135
83 136
83 137
83 138
83 139
83 140
83 141
83 142
83 143
83 144
83 145
83 146
83 147
83 148
83 149
83 150
83 151
83 152
83 153
83 154
83 155
83 156
83 157
83 158
105 114
105 115
105 116
105 117
105 118
105 119
105 120
105 121
105 122
105 123
105 124
105 125
105 126
105 127
105 128
105 129
105 130
105 131
105 132
105 133
105 134
105 135
105 136
105 137
105 138
105 139
105 140
105 141
105 142
105 143
105 144
105 145
105 146
105 147
105 148
105 149
105 150
105 151
105 152
105 153
105 154
105 155
105 156
106 100
106 101
106 102
106 103
106 104
106 105
106 106
106 107
106 108
106 109
106 110
106 111
106 112
106 113
106 114
106 115
106 116
106 117
106 118
106 119
106 120
106 121
106 122
106 123
106 124
106 125
106 126
106 127
106 128
106 129
106 130
106 131
106 132
106 133
106 134
106 135
106 136
106 137
106 138
106 139
106 140
106 141
106 142
106 143
106 144
106 145
106 146
106 147
106 148
106 149
106 150
106 151
106 152
106 153
106 154
106 155
106 156
106 157
106 158
106 159
106 160
106 161
106 162
106 163
106 164
106 165
106 166
106 167
106 168
107 94
107 95
107 96
107 97
107 98
107 99
107 100
107 101
107 102
107 103
107 104
107 105
107 106
107 107
107 108
107 109
107 110
107 111
107 112
107 113
107 114
107 115
107 116
107 117
107 118
107 119
107 120
107 121
107 122
107 123
107 124
107 125
107 126
107 127
107 128
107 129
107 130
107 131
107 132
107 133
107 134
107 135
107 136
107 137
107 138
107 139
107 140
107 141
107 142
107 143
107 144
107 145
107 146
107 147
107 148
107 149
107 150
107 151
107 152
107 153
107 154
107 155
107 156
107 157
107 158
107 159
107 160
107 161
107 162
107 163
107 164
107 165
107 166
107 167
107 168
107 169
107 170
107 171
107 172
107 173
108 93
108 94
108 95
108 96
108 97
108 98
108 99
108 100
108 101
108 102
108 103
108 104
108 105
108 106
108 107
108 108
108 109
108 110
108 111
108 112
108 113
108 114
108 115
108 116
108 117
108 118
108 119
108 120
108 121
108 122
108 123
108 124
108 125
108 126
108 127
108 128
108 129
108 130
108 131
108 132
108 133
108 134
108 135
108 136
108 137
108 138
108 139
108 140
108 141
108 142
108 143
108 144
108 145
108 146
108 147
108 148
108 149
108 150
108 151
108 152
108 153
108 154
108 155
108 156
108 157
108 158
108 159
108 160
108 161
108 162
108 163
108 164
108 165
108 166
108 167
108 168
108 169
108 170
108 171
108 172
108 173
108 174
108 175
109 95
109 96
109 97
109 98
109 99
109 100
109 101
109 102
109 103
109 104
109 105
109 106
109 107
109 108
109 109
109 110
109 111
109 112
109 113
109 114
109 115
109 116
109 117
109 118
109 119
109 120
109 121
109 122
109 123
109 124
109 125
109 126
109 127
109 128
109 129
109 130
109 131
109 132
109 133
109 134
109 135
109 136
109 137
109 138
109 139
109 140
109 141
109 142
109 143
109 144
109 145
109 146
109 147
109 148
109 149
109 150
109 151
109 152
109 153
109 154
109 155
109 156
109 157
109 158
109 159
109 160
109 161
109 162
109 163
109 164
109 165
109 166
109 167
109 168
109 169
109 170
109 171
109 172
109 173
110 100
110 101
110 102
110 103
110 104
110 105
110 106
110 107
110 108
110 109
110 110
110 111
110 112
110 113
110 114
110 115
110 116
110 117
110 118
110 119
110 120
110 121
110 122
110 123
110 124
110 125
110 126
110 127
110 128
110 129
110 130
110 131
110 132
110 133
110 134
110 135
110 136
110 137
110 138
110 139
110 140
110 141
110 142
110 143
110 144
110 145
110 146
110 147
110 148
110 149
110 150
110 151
110 152
110 153
110 154
110 155
110 156
110 157
110 158
110 159
110 160
110 161
110 162
110 163
110 164
110 165
110 166
110 167
111 112
111 113
111 114
111 115
111 116
111 117
111 118
111 119
111 120
111 121
111 122
111 123
111 124
111 125
111 126
111 127
111 128
111 129
111 130
111 131
111 132
111 133
111 134
111 135
111 136
111 137
111 138
111 139
111 140
111 141
111 142
111 143
111 144
111 145
111 146
111 147
111 148
111 149
111 150
111 151
133 105
133 106
133 107
133 108
133 109
133 110
133 111
133 112
133 113
133 114
133 115
133 116
133 117
133 118
133 119
133 120
133 121
133 122
133 123
133 124
133 125
133 126
133 127
133 128
133 129
133 130
133 131
133 132
133 133
133 134
133 135
133 136
133 137
133 138
133 139
133 140
133 141
133 142
133 143
133 144
133 145
133 146
133 147
133 148
133 149
133 150
133 151
133 152
133 153
133 154
133 155
133 156
133 157
133 158
133 159
133 160
133 161
134 96
134 97
134 98
134 99
134 100
134 101
134 102
134 103
134 104
134 105
134 106
134 107
134 108
134 109
134 110
134 111
134 112
134 113
134 114
134 115
134 116
134 117
134 118
134 119
134 120
134 121
134 122
134 123
134 124
134 125
134 126
134 127
134 128
134 129
134 130
134 131
134 132
134 133
134 134
134 135
134 136
134 137
134 138
134 139
134 140
134 141
134 142
134 143
134 144
134 145
134 146
134 147
134 148
134 149
134 150
134 151
134 152
134 153
134 154
134 155
134 156
134 157
134 158
134 159
134 160
134 161
134 162
134 163
134 164
134 165
134 166
134 167
134 168
134 169
134 170
135 93
135 94
135 95
135 96
135 97
135 98
135 99
135 100
135 101
135 102
135 103
135 104
135 105
135 106
135 107
135 108
135 109
135 110
135 111
135 112
135 113
135 114
135 115
135 116
135 117
135 118
135 119
135 120
135 121
135 122
135 123
135 124
135 125
135 126
135 127
135 128
135 129
135 130
135 131
135 132
135 133
135 134
135 135
135 136
135 137
135 138
135 139
135 140
135 141
135 142
135 143
135 144
135 145
135 146
135 147
135 148
135 149
135 150
135 151
135 152
135 153
135 154
135 155
135 156
135 157
135 158
135 159
135 160
135 161
135 162
135 163
135 164
135 165
135 166
135 167
135 168
135 169
135 170
135 171
135 172
135 173
135 174
136 93
136 94
136 95
136 96
136 97
136 98
136 99
136 100
136 101
136 102
136 103
136 104
136 105
136 106
136 107
136 108
136 109
136 110
136 111
136 112
136 113
136 114
136 115
136 116
136 117
136 118
136 119
136 120
136 121
136 122
136 123
136 124
136 125
136 126
136 127
136 128
136 129
136 130
136 131
136 132
136 133
136 134
136 135
136 136
136 137
136 138
136 139
136 140
136 141
136 142
136 143
136 144
136 145
136 146
136 147
136 148
136 149
136 150
136 151
136 152
136 153
136 154
136 155
136 156
136 157
136 158
136 159
136 160
136 161
136 162
136 163
136 164
136 165
136 166
136 167
136 168
136 169
136 170
136 171
136 172
136 173
136 174
136 175
137 97
137 98
137 99
137 100
137 101
137 102
137 103
137 104
137 105
137 106
137 107
137 108
137 109
137 110
137 111
137 112
137 113
137 114
137 115
137 116
137 117
137 118
137 119
137 120
137 121
137 122
137 123
137 124
137 125
137 126
137 127
137 128
137 129
137 130
137 131
137 132
137 133
137 134
137 135
137 136
137 137
137 138
137 139
137 140
137 141
137 142
137 143
137 144
137 145
137 146
137 147
137 148
137 149
137 150
137 151
137 152
137 153
137 154
137 155
137 156
137 157
137 158
137 159
137 160
137 161
137 162
137 163
137 164
137 165
137 166
137 167
137 168
137 169
137 170
137 171
137 172
138 104
138 105
138 106
138 107
138 108
138 109
138 110
138 111
138 112
138 113
138 114
138 115
138 116
138 117
138 118
138 119
138 120
138 121
138 122
138 123
138 124
138 125
138 126
138 127
138 128
138 129
138 130
138 131
138 132
138 133
138 134
138 135
138 136
138 137
138 138
138 139
138 140
138 141
138 142
138 143
138 144
138 145
138 146
138 147
138 148
138 149
138 150
138 151
138 152
138 153
138 154
138 155
138 156
138 157
138 158
138 159
138 160
138 161
138 162
138 163
160 117
160 118
160 119
160 120
160 121
160 122
160 123
160 124
160 125
160 126
160 127
160 128
160 129
160 130
160 131
160 132
160 133
160 134
160 135
160 136
160 137
160 138
160 139
160 140
160 141
160 142
160 143
160 144
160 145
160 146
160 147
160 148
160 149
160 150
161 100
161 101
161 102
161 103
161 104
161 105
161 106
161 107
161 108
161 109
161 110
161 111
161 112
161 113
161 114
161 115
161 116
161 117
161 118
161 119
161 120
161 121
161 122
161 123
161 124
161 125
161 126
161 127
161 128
161 129
161 130
161 131
161 132
161 133
161 134
161 135
161 136
161 137
161 138
161 139
161 140
161 141
161 142
161 143
161 144
161 145
161 146
161 147
161 148
161 149
161 150
161 151
161 152
161 153
161 154
161 155
161 156
161 157
161 158
161 159
161 160
161 161
161 162
161 163
161 164
161 165
162 94
162 95
162 96
162 97
162 98
162 99
162 100
162 101
162 102
162 103
162 104
162 105
162 106
162 107
162 108
162 109
162 110
162 111
162 112
162 113
162 114
162 115
162 116
162 117
162 118
162 119
162 120
162 121
162 122
162 123
162 124
162 125
162 126
162 127
162 128
162 129
162 130
162 131
162 132
162 133
162 134
162 135
162 136
162 137
162 138
162 139
162 140
162 141
162 142
162 143
162 144
162 145
162 146
162 147
162 148
162 149
162 150
162 151
162 152
162 153
162 154
162 155
162 156
162 157
162 158
162 159
162 160
162 161
162 162
162 163
162 164
162 165
162 166
162 167
162 168
162 169
162 170
162 171
163 93
163 94
163 95
163 96
163 97
163 98
163 99
163 100
163 101
163 102
163 103
163 104
163 105
163 106
163 107
163 108
163 109
163 110
163 111
163 112
163 113
163 114
163 115
163 116
163 117
163 118
163 119
163 120
163 121
163 122
163 123
163 124
163 125
163 126
163 127
163 128
163 129
163 130
163 131
163 132
163 133
163 134
163 135
163 136
163 137
163 138
163 139
163 140
163 141
163 142
163 143
163 144
163 145
163 146
163 147
163 148
163 149
163 150
163 151
163 152
163 153
163 154
163 155
163 156
163 157
163 158
163 159
163 160
163 161
163 162
163 163
163 164
163 165
163 166
163 167
163 168
163 169
163 170
163 171
163 172
163 173
163 174
164 95
164 96
164 97
164 98
164 99
164 100
164 101
164 102
164 103
164 104
164 105
164 106
164 107
164 108
164 109
164 110
164 111
164 112
164 113
164 114
164 115
164 116
164 117
164 118
164 119
164 120
164 121
164 122
164 123
164 124
164 125
164 126
164 127
164 128
164 129
164 130
164 131
164 132
164 133
164 134
164 135
164 136
164 137
164 138
164 139
164 140
164 141
164 142
164 143
164 144
164 145
164 146
164 147
164 148
164 149
164 150
164 151
164 152
164 153
164 154
164 155
164 156
164 157
164 158
164 159
164 160
164 161
164 162
164 163
164 164
164 165
164 166
164 167
164 168
164 169
164 170
164 171
164 172
164 173
165 100
165 101
165 102
165 103
165 104
165 105
165 106
165 107
165 108
165 109
165 110
165 111
165 112
165 113
165 114
165 115
165 116
165 117
165 118
165 119
165 120
165 121
165 122
165 123
165 124
165 125
165 126
165 127
165 128
165 129
165 130
165 131
165 132
165 133
165 134
165 135
165 136
165 137
165 138
165 139
165 140
165 141
165 142
165 143
165 144
165 145
165 146
165 147
165 148
165 149
165 150
165 151
165 152
165 153
165 154
165 155
165 156
165 157
165 158
165 159
165 160
165 161
165 162
165 163
165 164
165 165
165 166
165 167
165 168
166 113
166 114
166 115
166 116
166 117
166 118
166 119
166 120
166 121
166 122
166 123
166 124
166 125
166 126
166 127
166 128
166 129
166 130
166 131
166 132
166 133
166 134
166 135
166 136
166 137
166 138
166 139
166 140
166 141
166 142
166 143
166 144
166 145
166 146
166 147
166 148
166 149
166 150
166 151
166 152
166 153
188 108
188 109
188 110
188 111
188 112
188 113
188 114
188 115
188 116
188 117
188 118
188 119
188 120
188 121
188 122
188 123
188 124
188 125
188 126
188 127
188 128
188 129
188 130
188 131
188 132
188 133
188 134
188 135
188 136
188 137
188 138
188 139
188 140
188 141
188 142
188 143
188 144
188 145
188 146
188 147
188 148
188 149
188 150
188 151
188 152
188 153
188 154
188 155
188 156
189 98
189 99
189 100
189 101
189 102
189 103
189 104
189 105
189 106
189 107
189 108
189 109
189 110
189 111
189 112
189 113
189 114
189 115
189 116
189 117
189 118
189 119
189 120
189 121
189 122
189 123
189 124
189 125
189 126
189 127
189 128
189 129
189 130
189 131
189 132
189 133
189 134
189 135
189 136
189 137
189 138
189 139
189 140
189 141
189 142
189 143
189 144
189 145
189 146
189 147
189 148
189 149
189 150
189 151
189 152
189 153
189 154
189 155
189 156
189 157
189 158
189 159
189 160
189 161
189 162
189 163
189 164
189 165
189 166
190 94
190 95
190 96
190 97
190 98
190 99
190 100
190 101
190 102
190 103
190 104
190 105
190 106
190 107
190 108
190 109
190 110
190 111
190 112
190 113
190 114
190 115
190 116
190 117
190 118
190 119
190 120
190 121
190 122
190 123
190 124
190 125
190 126
190 127
190 128
190 129
190 130
190 131
190 132
190 133
190 134
190 135
190 136
190 137
190 138
190 139
190 140
190 141
190 142
190 143
190 144
190 145
190 146
190 147
190 148
190 149
190 150
190 151
190 152
190 153
190 154
190 155
190 156
190 157
190 158
190 159
190 160
190 161
190 162
190 163
190 164
190 165
190 166
190 167
190 168
190 169
190 170
190 171
191 95
191 96
191 97
191 98
191 99
191 100
191 101
191 102
191 103
191 104
191 105
191 106
191 107
191 108
191 109
191 110
191 111
191 112
191 113
191 114
191 115
191 116
191 117
191 118
191 119
191 120
191 121
191 122
191 123
191 124
191 125
191 126
191 127
191 128
191 129
191 130
191 131
191 132
191 133
191 134
191 135
191 136
191 137
191 138
191 139
191 140
191 141
191 142
191 143
191 144
191 145
191 146
191 147
191 148
191 149
191 150
191 151
191 152
191 153
191 154
191 155
191 156
191 157
191 158
191 159
191 160
191 161
191 162
191 163
191 164
191 165
191 166
191 167
191 168
191 169
191 170
191 171
191 172
192 99
192 100
192 101
192 102
192 103
192 104
192 105
192 106
192 107
192 108
192 109
192 110
192 111
192 112
192 113
192 114
192 115
192 116
192 117
192 118
192 119
192 120
192 121
192 122
192 123
192 124
192 125
192 126
192 127
192 128
192 129
192 130
192 131
192 132
192 133
192 134
192 135
192 136
192 137
192 138
192 139
192 140
192 141
192 142
192 143
192 144
192 145
192 146
192 147
192 148
192 149
192 150
192 151
192 152
192 153
192 154
192 155
192 156
192 157
192 158
192 159
192 160
192 161
192 162
192 163
192 164
192 165
192 166
192 167
192 168
192 169
192 170
193 107
193 108
193 109
193 110
193 111
193 112
193 113
193 114
193 115
193 116
193 117
193 118
193 119
193 120
193 121
193 122
193 123
193 124
193 125
193 126
193 127
193 128
193 129
193 130
193 131
193 132
193 133
193 134
193 135
193 136
193 137
193 138
193 139
193 140
193 141
193 142
193 143
193 144
193 145
193 146
193 147
193 148
193 149
193 150
193 151
193 152
193 153
193 154
193 155
193 156
193 157
193 158
193 159
193 160
193 161
216 104
216 105
216 106
216 107
216 108
216 109
216 110
216 111
216 112
216 113
216 114
216 115
216 116
216 117
216 118
216 119
216 120
216 121
216 122
216 123
216 124
216 125
216 126
216 127
216 128
216 129
216 130
216 131
216 132
216 133
216 134
216 135
216 136
216 137
216 138
216 139
216 140
216 141
216 142
216 143
216 144
216 145
216 146
216 147
216 148
216 149
216 150
216 151
216 152
216 153
216 154
216 155
216 156
216 157
216 158
216 159
217 97
217 98
217 99
217 100
217 101
217 102
217 103
217 104
217 105
217 106
217 107
217 108
217 109
217 110
217 111
217 112
217 113
217 114
217 115
217 116
217 117
217 118
217 119
217 120
217 121
217 122
217 123
217 124
217 125
217 126
217 127
217 128
217 129
217 130
217 131
217 132
217 133
217 134
217 135
217 136
217 137
217 138
217 139
217 140
217 141
217 142
217 143
217 144
217 145
217 146
217 147
217 148
217 149
217 150
217 151
217 152
217 153
217 154
217 155
217 156
217 157
217 158
217 159
217 160
217 161
217 162
217 163
217 164
217 165
217 166
217 167
218 96
218 97
218 98
218 99
218 100
218 101
218 102
218 103
218 104
218 105
218 106
218 107
218 108
218 109
218 110
218 111
218 112
218 113
218 114
218 115
218 116
218 117
218 118
218 119
218 120
218 121
218 122
218 123
218 124
218 125
218 126
218 127
218 128
218 129
218 130
218 131
218 132
218 133
218 134
218 135
218 136
218 137
218 138
218 139
218 140
218 141
218 142
218 143
218 144
218 145
218 146
218 147
218 148
218 149
218 150
218 151
218 152
218 153
218 154
218 155
218 156
218 157
218 158
218 159
218 160
218 161
218 162
218 163
218 164
218 165
218 166
218 167
218 168
218 169
218 170
219 98
219 99
219 100
219 101
219 102
219 103
219 104
219 105
219 106
219 107
219 108
219 109
219 110
219 111
219 112
219 113
219 114
219 115
219 116
219 117
219 118
219 119
219 120
219 121
219 122
219 123
219 124
219 125
219 126
219 127
219 128
219 129
219 130
219 131
219 132
219 133
219 134
219 135
219 136
219 137
219 138
219 139
219 140
219 141
219 142
219 143
219 144
219 145
219 146
219 147
219 148
219 149
219 150
219 151
219 152
219 153
219 154
219 155
219 156
219 157
219 158
219 159
219 160
219 161
219 162
219 163
219 164
219 165
219 166
219 167
219 168
219 169
220 105
220 106
220 107
220 108
220 109
220 110
220 111
220 112
220 113
220 114
220 115
220 116
220 117
220 118
220 119
220 120
220 121
220 122
220 123
220 124
220 125
220 126
220 127
220 128
220 129
220 130
220 131
220 132
220 133
220 134
220 135
220 136
220 137
220 138
220 139
220 140
220 141
220 142
220 143
220 144
220 145
220 146
220 147
220 148
220 149
220 150
220 151
220 152
220 153
220 154
220 155
220 156
220 157
220 158
220 159
220 160
220 161
220 162
220 163
220 164
221 122
221 123
221 124
221 125
221 126
221 127
221 128
221 129
221 130
221 131
221 132
221 133
221 134
221 135
221 136
221 137
221 138
221 139
221 140
221 141
221 142
221 143
221 144
221 145
221 146
243 118
243 119
243 120
243 121
243 122
243 123
243 124
243 125
243 126
243 127
243 128
243 129
243 130
243 131
243 132
243 133
243 134
243 135
243 136
243 137
243 138
243 139
243 140
243 141
243 142
243 143
243 144
243 145
244 103
244 104
244 105
244 106
244 107
244 108
244 109
244 110
244 111
244 112
244 113
244 114
244 115
244 116
244 117
244 118
244 119
244 120
244 121
244 122
244 123
244 124
244 125
244 126
244 127
244 128
244 129
244 130
244 131
244 132
244 133
244 134
244 135
244 136
244 137
244 138
244 139
244 140
244 141
244 142
244 143
244 144
244 145
244 146
244 147
244 148
244 149
244 150
244 151
244 152
244 153
244 154
244 155
244 156
244 157
244 158
244 159
245 99
245 100
245 101
245 102
245 103
245 104
245 105
245 106
245 107
245 108
245 109
245 110
245 111
245 112
245 113
245 114
245 115
245 116
245 117
245 118
245 119
245 120
245 121
245 122
245 123
245 124
245 125
245 126
245 127
245 128
245 129
245 130
245 131
245 132
245 133
245 134
245 135
245 136
245 137
245 138
245 139
245 140
245 141
245 142
245 143
245 144
245 145
245 146
245 147
245 148
245 149
245 150
245 151
245 152
245 153
245 154
245 155
245 156
245 157
245 158
245 159
245 160
245 161
245 162
245 163
245 164
245 165
246 100
246 101
246 102
246 103
246 104
246 105
246 106
246 107
246 108
246 109
246 110
246 111
246 112
246 113
246 114
246 115
246 116
246 117
246 118
246 119
246 120
246 121
246 122
246 123
246 124
246 125
246 126
246 127
246 128
246 129
246 130
246 131
246 132
246 133
246 134
246 135
246 136
246 137
246 138
246 139
246 140
246 141
246 142
246 143
246 144
246 145
246 146
246 147
246 148
246 149
246 150
246 151
246 152
246 153
246 154
246 155
246 156
246 157
246 158
246 159
246 160
246 161
246 162
246 163
246 164
246 165
246 166
246 167
247 105
247 106
247 107
247 108
247 109
247 110
247 111
247 112
247 113
247 114
247 115
247 116
247 117
247 118
247 119
247 120
247 121
247 122
247 123
247 124
247 125
247 126
247 127
247 128
247 129
247 130
247 131
247 132
247 133
247 134
247 135
247 136
247 137
247 138
247 139
247 140
247 141
247 142
247 143
247 144
247 145
247 146
247 147
247 148
247 149
247 150
247 151
247 152
247 153
247 154
247 155
247 156
247 157
247 158
247 159
247 160
247 161
247 162
247 163
247 164
248 117
248 118
248 119
248 120
248 121
248 122
248 123
248 124
248 125
248 126
248 127
248 128
248 129
248 130
248 131
248 132
248 133
248 134
248 135
248 136
248 137
248 138
248 139
248 140
248 141
248 142
248 143
248 144
248 145
248 146
248 147
248 148
248 149
248 150
248 151
248 152
271 115
271 116
271 117
271 118
271 119
271 120
271 121
271 122
271 123
271 124
271 125
271 126
271 127
271 128
271 129
271 130
271 131
271 132
271 133
271 134
271 135
271 136
271 137
271 138
271 139
271 140
271 141
271 142
271 143
271 144
271 145
271 146
271 147
272 105
272 106
272 107
272 108
272 109
272 110
272 111
272 112
272 113
272 114
272 115
272 116
272 117
272 118
272 119
272 120
272 121
272 122
272 123
272 124
272 125
272 126
272 127
272 128
272 129
272 130
272 131
272 132
272 133
272 134
272 135
272 136
272 137
272 138
272 139
272 140
272 141
272 142
272 143
272 144
272 145
272 146
272 147
272 148
272 149
272 150
272 151
272 152
272 153
272 154
272 155
272 156
272 157
272 158
273 103
273 104
273 105
273 106
273 107
273 108
273 109
273 110
273 111
273 112
273 113
273 114
273 115
273 116
273 117
273 118
273 119
273 120
273 121
273 122
273 123
273 124
273 125
273 126
273 127
273 128
273 129
273 130
273 131
273 132
273 133
273 134
273 135
273 136
273 137
273 138
273 139
273 140
273 141
273 142
273 143
273 144
273 145
273 146
273 147
273 148
273 149
273 150
273 151
273 152
273 153
273 154
273 155
273 156
273 157
273 158
273 159
273 160
273 161
274 107
274 108
274 109
274 110
274 111
274 112
274 113
274 114
274 115
274 116
274 117
274 118
274 119
274 120
274 121
274 122
274 123
274 124
274 125
274 126
274 127
274 128
274 129
274 130
274 131
274 132
274 133
274 134
274 135
274 136
274 137
274 138
274 139
274 140
274 141
274 142
274 143
274 144
274 145
274 146
274 147
274 148
274 149
274 150
274 151
274 152
274 153
274 154
274 155
274 156
274 157
274 158
274 159
274 160
275 117
275 118
275 119
275 120
275 121
275 122
275 123
275 124
275 125
275 126
275 127
275 128
275 129
275 130
275 131
275 132
275 133
275 134
275 135
275 136
275 137
275 138
275 139
275 140
275 141
275 142
275 143
275 144
275 145
275 146
275 147
275 148
275 149
275 150
275 151
299 117
299 118
299 119
299 120
299 121
299 122
299 123
299 124
299 125
299 126
299 127
299 128
299 129
299 130
299 131
299 132
299 133
299 134
299 135
299 136
299 137
299 138
299 139
299 140
299 141
299 142
299 143
299 144
300 110
300 111
300 112
300 113
300 114
300 115
300 116
300 117
300 118
300 119
300 120
300 121
300 122
300 123
300 124
300 125
300 126
300 127
300 128
300 129
300 130
300 131
300 132
300 133
300 134
300 135
300 136
300 137
300 138
300 139
300 140
300 141
300 142
300 143
300 144
300 145
300 146
300 147
300 148
300 149
300 150
300 151
300 152
301 112
301 113
301 114
301 115
301 116
301 117
301 118
301 119
301 120
301 121
301 122
301 123
301 124
301 125
301 126
301 127
301 128
301 129
301 130
301 131
301 132
301 133
301 134
301 135
301 136
301 137
301 138
301 139
301 140
301 141
301 142
301 143
301 144
301 145
301 146
301 147
301 148
301 149
301 150
301 151
301 152
301 153
302 122
302 123
302 124
302 125
302 126
302 127
302 128
302 129
302 130
302 131
302 132
302 133
302 134
302 135
302 136
302 137
302 138
302 139
302 140
302 141
302 142
302 143
302 144
302 145
328 130
328 131
328 132
328 133
2861 238
2861 239
2861 240
2861 241
2861 242
2861 243
2861 244
2861 245
2861 246
2861 247
2888 233
2888 234
2888 235
2888 236
2888 237
2888 238
2888 239
2888 240
2888 241
2888 242
2888 243
2888 244
2888 245
2888 246
2888 247
2888 248
2888 249
2888 250
2888 251
2888 252
2889 236
2889 237
2889 238
2889 239
2889 240
2889 241
2889 242
2889 243
2889 244
2889 245
2889 246
2889 247
2915 234
2915 235
2915 236
2915 237
2915 238
2915 239
2915 240
2915 241
2915 242
2915 243
2915 244
2915 245
2915 246
2915 247
2915 248
2915 249
2915 250
2916 230
2916 231
2916 232
2916 233
2916 234
2916 235
2916 236
2916 237
2916 238
2916 239
2916 240
2916 241
2916 242
2916 243
2916 244
2916 245
2916 246
2916 247
2916 248
2916 249
2916 250
2916 251
2916 252
2916 253
2943 230
2943 231
2943 232
2943 233
2943 234
2943 235
2943 236
2943 237
2943 238
2943 239
2943 240
2943 241
2943 242
2943 243
2943 244
2943 245
2943 246
2943 247
2943 248
2943 249
2943 250
2943 251
2943 252
2944 239
2944 240
2944 241
2970 234
2970 235
2970 236
2970 237
2970 238
2970 239
2970 240
2970 241
2970 242
2970 243
2970 244
2970 245
2970 246
2970 247
2970 248
2971 234
2971 235
2971 236
2971 237
2971 238
2971 239
2971 240
2971 241
2971 242
2971 243
2971 244
2971 245
3963 136
3963 137
3963 138
3963 139
3963 140
3963 141
3963 142
3963 143
3963 144
3963 145
3963 146
3963 147
3963 148
3963 149
3963 150
3963 151
3964 139
3964 140
3964 141
3964 142
3964 143
3964 144
3964 145
3964 146
3990 138
3990 139
3990 140
3990 141
3990 142
3990 143
3990 144
3990 145
3990 146
3990 147
3990 148
3990 149
3990 150
3991 133
3991 134
3991 135
3991 136
3991 137
3991 138
3991 139
3991 140
3991 141
3991 142
3991 143
3991 144
3991 145
3991 146
3991 147
3991 148
3991 149
3991 150
3991 151
3991 152
3991 153
4018 133
4018 134
4018 135
4018 136
4018 137
4018 138
4018 139
4018 140
4018 141
4018 142
4018 143
4018 144
4018 145
4018 146
4018 147
4018 148
4018 149
4018 150
4018 151
4018 152
4018 153
4018 154
4019 132
4019 133
4019 134
4019 135
4019 136
4019 137
4019 138
4019 139
4019 140
4019 141
4019 142
4019 143
4019 144
4019 145
4019 146
4019 147
4019 148
4019 149
4019 150
4019 151
4019 152
4019 153
4045 141
4045 142
4045 143
4045 144
4045 145
4045 146
4045 147
4045 148
4046 131
4046 132
4046 133
4046 134
4046 135
4046 136
4046 137
4046 138
4046 139
4046 140
4046 141
4046 142
4046 143
4046 144
4046 145
4046 146
4046 147
4046 148
4046 149
4046 150
4046 151
4046 152
4046 153
4046 154
4046 155
4047 132
4047 133
4047 134
4047 135
4047 136
4047 137
4047 138
4047 139
4047 140
4047 141
4047 142
4047 143
4047 144
4047 145
4047 146
4047 147
4047 148
4047 149
4047 150
4047 151
4073 137
4073 138
4073 139
4073 140
4073 141
4073 142
4073 143
4073 144
4073 145
4073 146
4073 147
4073 148
4073 149
4073 150
4073 151
4074 131
4074 132
4074 133
4074 134
4074 135
4074 136
4074 137
4074 138
4074 139
4074 140
4074 141
4074 142
4074 143
4074 144
4074 145
4074 146
4074 147
4074 148
4074 149
4074 150
4074 151
4074 152
4074 153
4074 154
4075 134
4075 135
4075 136
4075 137
4075 138
4075 139
4075 140
4075 141
4075 142
4075 143
4075 144
4075 145
4075 146
4075 147
4075 148
4101 134
4101 135
4101 136
4101 137
4101 138
4101 139
4101 140
4101 141
4101 142
4101 143
4101 144
4101 145
4101 146
4101 147
4101 148
4101 149
4101 150
4101 151
4101 152
4102 130
4102 131
4102 132
4102 133
4102 134
4102 135
4102 136
4102 137
4102 138
4102 139
4102 140
4102 141
4102 142
4102 143
4102 144
4102 145
4102 146
4102 147
4102 148
4102 149
4102 150
4102 151
4102 152
4102 153
4103 137
4103 138
4103 139
4103 140
4103 141
4129 132
4129 133
4129 134
4129 135
4129 136
4129 137
4129 138
4129 139
4129 140
4129 141
4129 142
4129 143
4129 144
4129 145
4129 146
4129 147
4129 148
4129 149
4129 150
4129 151
4129 152
4130 129
4130 130
4130 131
4130 132
4130 133
4130 134
4130 135
4130 136
4130 137
4130 138
4130 139
4130 140
4130 141
4130 142
4130 143
4130 144
4130 145
4130 146
4130 147
4130 148
4130 149
4130 150
4130 151
4130 152
4157 130
4157 131
4157 132
4157 133
4157 134
4157 135
4157 136
4157 137
4157 138
4157 139
4157 140
4157 141
4157 142
4157 143
4157 144
4157 145
4157 146
4157 147
4157 148
4157 149
4157 150
4157 151
4157 152
4157 153
4158 128
4158 129
4158 130
4158 131
4158 132
4158 133
4158 134
4158 135
4158 136
4158 137
4158 138
4158 139
4158 140
4158 141
4158 142
4158 143
4158 144
4158 145
4158 146
4158 147
4158 148
4158 149
4158 150
4158 151
4184 140
4184 141
4184 142
4184 143
4184 144
4185 127
4185 128
4185 129
4185 130
4185 131
4185 132
4185 133
4185 134
4185 135
4185 136
4185 137
4185 138
4185 139
4185 140
4185 141
4185 142
4185 143
4185 144
4185 145
4185 146
4185 147
4185 148
4185 149
4185 150
4185 151
4185 152
4185 153
4186 125
4186 126
4186 127
4186 128
4186 129
4186 130
4186 131
4186 132
4186 133
4186 134
4186 135
4186 136
4186 137
4186 138
4186 139
4186 140
4186 141
4186 142
4186 143
4186 144
4186 145
4186 146
4186 147
4186 148
4186 149
4186 150
4186 151
4212 132
4212 133
4212 134
4212 135
4212 136
4212 137
4212 138
4212 139
4212 140
4212 141
4212 142
4212 143
4212 144
4212 145
4212 146
4212 147
4212 148
4212 149
4212 150
4213 123
4213 124
4213 125
4213 126
4213 127
4213 128
4213 129
4213 130
4213 131
4213 132
4213 133
4213 134
4213 135
4213 136
4213 137
4213 138
4213 139
4213 140
4213 141
4213 142
4213 143
4213 144
4213 145
4213 146
4213 147
4213 148
4213 149
4213 150
4213 151
4213 152
4213 153
4213 154
4213 155
4214 121
4214 122
4214 123
4214 124
4214 125
4214 126
4214 127
4214 128
4214 129
4214 130
4214 131
4214 132
4214 133
4214 134
4214 135
4214 136
4214 137
4214 138
4214 139
4214 140
4214 141
4214 142
4214 143
4214 144
4214 145
4214 146
4214 147
4214 148
4214 149
4214 150
4214 151
4214 152
4215 131
4215 132
4215 133
4215 134
4215 135
4240 126
4240 127
4240 128
4240 129
4240 130
4240 131
4240 132
4240 133
4240 134
4240 135
4240 136
4240 137
4240 138
4240 139
4240 140
4240 141
4240 142
4240 143
4240 144
4240 145
4240 146
4240 147
4240 148
4240 149
4240 150
4240 151
4240 152
4240 153
4240 154
4241 119
4241 120
4241 121
4241 122
4241 123
4241 124
4241 125
4241 126
4241 127
4241 128
4241 129
4241 130
4241 131
4241 132
4241 133
4241 134
4241 135
4241 136
4241 137
4241 138
4241 139
4241 140
4241 141
4241 142
4241 143
4241 144
4241 145
4241 146
4241 147
4241 148
4241 149
4241 150
4241 151
4241 152
4241 153
4241 154
4241 155
4241 156
4241 157
4242 117
4242 118
4242 119
4242 120
4242 121
4242 122
4242 123
4242 124
4242 125
4242 126
4242 127
4242 128
4242 129
4242 130
4242 131
4242 132
4242 133
4242 134
4242 135
4242 136
4242 137
4242 138
4242 139
4242 140
4242 141
4242 142
4242 143
4242 144
4242 145
4242 146
4242 147
4242 148
4242 149
4242 150
4242 151
4242 152
4242 153
4243 123
4243 124
4243 125
4243 126
4243 127
4243 128
4243 129
4243 130
4243 131
4243 132
4243 133
4243 134
4243 135
4243 136
4243 137
4243 138
4243 139
4243 140
4267 138
4267 139
4267 140
4267 141
4267 142
4267 143
4268 120
4268 121
4268 122
4268 123
4268 124
4268 125
4268 126
4268 127
4268 128
4268 129
4268 130
4268 131
4268 132
4268 133
4268 134
4268 135
4268 136
4268 137
4268 138
4268 139
4268 140
4268 141
4268 142
4268 143
4268 144
4268 145
4268 146
4268 147
4268 148
4268 149
4268 150
4268 151
4268 152
4268 153
4268 154
4268 155
4268 156
4268 157
4269 114
4269 115
4269 116
4269 117
4269 118
4269 119
4269 120
4269 121
4269 122
4269 123
4269 124
4269 125
4269 126
4269 127
4269 128
4269 129
4269 130
4269 131
4269 132
4269 133
4269 134
4269 135
4269 136
4269 137
4269 138
4269 139
4269 140
4269 141
4269 142
4269 143
4269 144
4269 145
4269 146
4269 147
4269 148
4269 149
4269 150
4269 151
4269 152
4269 153
4269 154
4269 155
4269 156
4269 157
4269 158
4269 159
4270 113
4270 114
4270 115
4270 116
4270 117
4270 118
4270 119
4270 120
4270 121
4270 122
4270 123
4270 124
4270 125
4270 126
4270 127
4270 128
4270 129
4270 130
4270 131
4270 132
4270 133
4270 134
4270 135
4270 136
4270 137
4270 138
4270 139
4270 140
4270 141
4270 142
4270 143
4270 144
4270 145
4270 146
4270 147
4270 148
4270 149
4270 150
4270 151
4270 152
4270 153
4270 154
4270 155
4270 156
4271 118
4271 119
4271 120
4271 121
4271 122
4271 123
4271 124
4271 125
4271 126
4271 127
4271 128
4271 129
4271 130
4271 131
4271 132
4271 133
4271 134
4271 135
4271 136
4271 137
4271 138
4271 139
4271 140
4271 141
4271 142
4271 143
4271 144
4295 125
4295 126
4295 127
4295 128
4295 129
4295 130
4295 131
4295 132
4295 133
4295 134
4295 135
4295 136
4295 137
4295 138
4295 139
4295 140
4295 141
4295 142
4295 143
4295 144
4295 145
4295 146
4295 147
4295 148
4295 149
4295 150
4295 151
4295 152
4295 153
4296 114
4296 115
4296 116
4296 117
4296 118
4296 119
4296 120
4296 121
4296 122
4296 123
4296 124
4296 125
4296 126
4296 127
4296 128
4296 129
4296 130
4296 131
4296 132
4296 133
4296 134
4296 135
4296 136
4296 137
4296 138
4296 139
4296 140
4296 141
4296 142
4296 143
4296 144
4296 145
4296 146
4296 147
4296 148
4296 149
4296 150
4296 151
4296 152
4296 153
4296 154
4296 155
4296 156
4296 157
4296 158
4296 159
4296 160
4296 161
4297 109
4297 110
4297 111
4297 112
4297 113
4297 114
4297 115
4297 116
4297 117
4297 118
4297 119
4297 120
4297 121
4297 122
4297 123
4297 124
4297 125
4297 126
4297 127
4297 128
4297 129
4297 130
4297 131
4297 132
4297 133
4297 134
4297 135
4297 136
4297 137
4297 138
4297 139
4297 140
4297 141
4297 142
4297 143
4297 144
4297 145
4297 146
4297 147
4297 148
4297 149
4297 150
4297 151
4297 152
4297 153
4297 154
4297 155
4297 156
4297 157
4297 158
4297 159
4297 160
4297 161
4297 162
4298 109
4298 110
4298 111
4298 112
4298 113
4298 114
4298 115
4298 116
4298 117
4298 118
4298 119
4298 120
4298 121
4298 122
4298 123
4298 124
4298 125
4298 126
4298 127
4298 128
4298 129
4298 130
4298 131
4298 132
4298 133
4298 134
4298 135
4298 136
4298 137
4298 138
4298 139
4298 140
4298 141
4298 142
4298 143
4298 144
4298 145
4298 146
4298 147
4298 148
4298 149
4298 150
4298 151
4298 152
4298 153
4298 154
4298 155
4298 156
4298 157
4298 158
4299 114
4299 115
4299 116
4299 117
4299 118
4299 119
4299 120
4299 121
4299 122
4299 123
4299 124
4299 125
4299 126
4299 127
4299 128
4299 129
4299 130
4299 131
4299 132
4299 133
4299 134
4299 135
4299 136
4299 137
4299 138
4299 139
4299 140
4299 141
4299 142
4299 143
4299 144
4299 145
4299 146
4323 117
4323 118
4323 119
4323 120
4323 121
4323 122
4323 123
4323 124
4323 125
4323 126
4323 127
4323 128
4323 129
4323 130
4323 131
4323 132
4323 133
4323 134
4323 135
4323 136
4323 137
4323 138
4323 139
4323 140
4323 141
4323 142
4323 143
4323 144
4323 145
4323 146
4323 147
4323 148
4323 149
4323 150
4323 151
4323 152
4323 153
4323 154
4323 155
4323 156
4323 157
4323 158
4323 159
4324 108
4324 109
4324 110
4324 111
4324 112
4324 113
4324 114
4324 115
4324 116
4324 117
4324 118
4324 119
4324 120
4324 121
4324 122
4324 123
4324 124
4324 125
4324 126
4324 127
4324 128
4324 129
4324 130
4324 131
4324 132
4324 133
4324 134
4324 135
4324 136
4324 137
4324 138
4324 139
4324 140
4324 141
4324 142
4324 143
4324 144
4324 145
4324 146
4324 147
4324 148
4324 149
4324 150
4324 151
4324 152
4324 153
4324 154
4324 155
4324 156
4324 157
4324 158
4324 159
4324 160
4324 161
4324 162
4324 163
4324 164
4325 105
4325 106
4325 107
4325 108
4325 109
4325 110
4325 111
4325 112
4325 113
4325 114
4325 115
4325 116
4325 117
4325 118
4325 119
4325 120
4325 121
4325 122
4325 123
4325 124
4325 125
4325 126
4325 127
4325 128
4325 129
4325 130
4325 131
4325 132
4325 133
4325 134
4325 135
4325 136
4325 137
4325 138
4325 139
4325 140
4325 141
4325 142
4325 143
4325 144
4325 145
4325 146
4325 147
4325 148
4325 149
4325 150
4325 151
4325 152
4325 153
4325 154
4325 155
4325 156
4325 157
4325 158
4325 159
4325 160
4325 161
4325 162
4325 163
4325 164
4325 165
4326 106
4326 107
4326 108
4326 109
4326 110
4326 111
4326 112
4326 113
4326 114
4326 115
4326 116
4326 117
4326 118
4326 119
4326 120
4326 121
4326 122
4326 123
4326 124
4326 125
4326 126
4326 127
4326 128
4326 129
4326 130
4326 131
4326 132
4326 133
4326 134
4326 135
4326 136
4326 137
4326 138
4326 139
4326 140
4326 141
4326 142
4326 143
4326 144
4326 145
4326 146
4326 147
4326 148
4326 149
4326 150
4326 151
4326 152
4326 153
4326 154
4326 155
4326 156
4326 157
4326 158
4326 159
4326 160
4327 111
4327 112
4327 113
4327 114
4327 115
4327 116
4327 117
4327 118
4327 119
4327 120
4327 121
4327 122
4327 123
4327 124
4327 125
4327 126
4327 127
4327 128
4327 129
4327 130
4327 131
4327 132
4327 133
4327 134
4327 135
4327 136
4327 137
4327 138
4327 139
4327 140
4327 141
4327 142
4327 143
4327 144
4327 145
4327 146
4327 147
4327 148
4350 125
4350 126
4350 127
4350 128
4350 129
4350 130
4350 131
4350 132
4350 133
4350 134
4350 135
4350 136
4350 137
4350 138
4350 139
4350 140
4350 141
4350 142
4350 143
4350 144
4350 145
4350 146
4350 147
4350 148
4350 149
4350 150
4350 151
4350 152
4351 110
4351 111
4351 112
4351 113
4351 114
4351 115
4351 116
4351 117
4351 118
4351 119
4351 120
4351 121
4351 122
4351 123
4351 124
4351 125
4351 126
4351 127
4351 128
4351 129
4351 130
4351 131
4351 132
4351 133
4351 134
4351 135
4351 136
4351 137
4351 138
4351 139
4351 140
4351 141
4351 142
4351 143
4351 144
4351 145
4351 146
4351 147
4351 148
4351 149
4351 150
4351 151
4351 152
4351 153
4351 154
4351 155
4351 156
4351 157
4351 158
4351 159
4351 160
4351 161
4351 162
4351 163
4351 164
4352 104
4352 105
4352 106
4352 107
4352 108
4352 109
4352 110
4352 111
4352 112
4352 113
4352 114
4352 115
4352 116
4352 117
4352 118
4352 119
4352 120
4352 121
4352 122
4352 123
4352 124
4352 125
4352 126
4352 127
4352 128
4352 129
4352 130
4352 131
4352 132
4352 133
4352 134
4352 135
4352 136
4352 137
4352 138
4352 139
4352 140
4352 141
4352 142
4352 143
4352 144
4352 145
4352 146
4352 147
4352 148
4352 149
4352 150
4352 151
4352 152
4352 153
4352 154
4352 155
4352 156
4352 157
4352 158
4352 159
4352 160
4352 161
4352 162
4352 163
4352 164
4352 165
4352 166
4352 167
4353 102
4353 103
4353 104
4353 105
4353 106
4353 107
4353 108
4353 109
4353 110
4353 111
4353 112
4353 113
4353 114
4353 115
4353 116
4353 117
4353 118
4353 119
4353 120
4353 121
4353 122
4353 123
4353 124
4353 125
4353 126
4353 127
4353 128
4353 129
4353 130
4353 131
4353 132
4353 133
4353 134
4353 135
4353 136
4353 137
4353 138
4353 139
4353 140
4353 141
4353 142
4353 143
4353 144
4353 145
4353 146
4353 147
4353 148
4353 149
4353 150
4353 151
4353 152
4353 153
4353 154
4353 155
4353 156
4353 157
4353 158
4353 159
4353 160
4353 161
4353 162
4353 163
4353 164
4353 165
4353 166
4353 167
4354 103
4354 104
4354 105
4354 106
4354 107
4354 108
4354 109
4354 110
4354 111
4354 112
4354 113
4354 114
4354 115
4354 116
4354 117
4354 118
4354 119
4354 120
4354 121
4354 122
4354 123
4354 124
4354 125
4354 126
4354 127
4354 128
4354 129
4354 130
4354 131
4354 132
4354 133
4354 134
4354 135
4354 136
4354 137
4354 138
4354 139
4354 140
4354 141
4354 142
4354 143
4354 144
4354 145
4354 146
4354 147
4354 148
4354 149
4354 150
4354 151
4354 152
4354 153
4354 154
4354 155
4354 156
4354 157
4354 158
4354 159
4354 160
4354 161
4354 162
4355 110
4355 111
4355 112
4355 113
4355 114
4355 115
4355 116
4355 117
4355 118
4355 119
4355 120
4355 121
4355 122
4355 123
4355 124
4355 125
4355 126
4355 127
4355 128
4355 129
4355 130
4355 131
4355 132
4355 133
4355 134
4355 135
4355 136
4355 137
4355 138
4355 139
4355 140
4355 141
4355 142
4355 143
4355 144
4355 145
4355 146
4355 147
4355 148
4355 149
4378 115
4378 116
4378 117
4378 118
4378 119
4378 120
4378 121
4378 122
4378 123
4378 124
4378 125
4378 126
4378 127
4378 128
4378 129
4378 130
4378 131
4378 132
4378 133
4378 134
4378 135
4378 136
4378 137
4378 138
4378 139
4378 140
4378 141
4378 142
4378 143
4378 144
4378 145
4378 146
4378 147
4378 148
4378 149
4378 150
4378 151
4378 152
4378 153
4378 154
4378 155
4378 156
4378 157
4378 158
4378 159
4379 104
4379 105
4379 106
4379 107
4379 108
4379 109
4379 110
4379 111
4379 112
4379 113
4379 114
4379 115
4379 116
4379 117
4379 118
4379 119
4379 120
4379 121
4379 122
4379 123
4379 124
4379 125
4379 126
4379 127
4379 128
4379 129
4379 130
4379 131
4379 132
4379 133
4379 134
4379 135
4379 136
4379 137
4379 138
4379 139
4379 140
4379 141
4379 142
4379 143
4379 144
4379 145
4379 146
4379 147
4379 148
4379 149
4379 150
4379 151
4379 152
4379 153
4379 154
4379 155
4379 156
4379 157
4379 158
4379 159
4379 160
4379 161
4379 162
4379 163
4379 164
4379 165
4379 166
4379 167
4380 100
4380 101
4380 102
4380 103
4380 104
4380 105
4380 106
4380 107
4380 108
4380 109
4380 110
4380 111
4380 112
4380 113
4380 114
4380 115
4380 116
4380 117
4380 118
4380 119
4380 120
4380 121
4380 122
4380 123
4380 124
4380 125
4380 126
4380 127
4380 128
4380 129
4380 130
4380 131
4380 132
4380 133
4380 134
4380 135
4380 136
4380 137
4380 138
4380 139
4380 140
4380 141
4380 142
4380 143
4380 144
4380 145
4380 146
4380 147
4380 148
4380 149
4380 150
4380 151
4380 152
4380 153
4380 154
4380 155
4380 156
4380 157
4380 158
4380 159
4380 160
4380 161
4380 162
4380 163
4380 164
4380 165
4380 166
4380 167
4380 168
4380 169
4380 170
4381 99
4381 100
4381 101
4381 102
4381 103
4381 104
4381 105
4381 106
4381 107
4381 108
4381 109
4381 110
4381 111
4381 112
4381 113
4381 114
4381 115
4381 116
4381 117
4381 118
4381 119
4381 120
4381 121
4381 122
4381 123
4381 124
4381 125
4381 126
4381 127
4381 128
4381 129
4381 130
4381 131
4381 132
4381 133
4381 134
4381 135
4381 136
4381 137
4381 138
4381 139
4381 140
4381 141
4381 142
4381 143
4381 144
4381 145
4381 146
4381 147
4381 148
4381 149
4381 150
4381 151
4381 152
4381 153
4381 154
4381 155
4381 156
4381 157
4381 158
4381 159
4381 160
4381 161
4381 162
4381 163
4381 164
4381 165
4381 166
4381 167
4381 168
4381 169
4382 101
4382 102
4382 103
4382 104
4382 105
4382 106
4382 107
4382 108
4382 109
4382 110
4382 111
4382 112
4382 113
4382 114
4382 115
4382 116
4382 117
4382 118
4382 119
4382 120
4382 121
4382 122
4382 123
4382 124
4382 125
4382 126
4382 127
4382 128
4382 129
4382 130
4382 131
4382 132
4382 133
4382 134
4382 135
4382 136
4382 137
4382 138
4382 139
4382 140
4382 141
4382 142
4382 143
4382 144
4382 145
4382 146
4382 147
4382 148
4382 149
4382 150
4382 151
4382 152
4382 153
4382 154
4382 155
4382 156
4382 157
4382 158
4382 159
4382 160
4382 161
4382 162
4382 163
