3197 440
3197 441
3197 442
3197 443
3197 444
3197 445
3197 446
3197 447
3197 448
3197 449
3197 450
3197 451
3197 452
3197 453
3197 454
3197 455
3197 456
3197 457
3197 458
3197 459
3216 439
3216 440
3216 441
3216 442
3216 443
3216 444
3216 445
3216 446
3216 447
3216 448
3216 449
3216 450
3216 451
3216 452
3216 453
3216 454
3216 455
3216 456
3216 457
3216 458
3216 459
3216 460
3216 461
3216 462
3229 431
3229 432
3229 433
3229 434
3229 435
3229 436
3229 437
3229 438
3229 439
3229 440
3229 441
3229 442
3229 443
3229 444
3229 445
3229 446
3229 447
3229 448
3229 449
3229 450
3229 451
3235 441
3235 442
3235 443
3235 444
3235 445
3235 446
3235 447
3235 448
3235 449
3235 450
3235 451
3235 452
3235 453
3235 454
3235 455
3235 456
3235 457
3235 458
3235 459
3235 460
3235 461
3235 462
3248 429
3248 430
3248 431
3248 432
3248 433
3248 434
3248 435
3248 436
3248 437
3248 438
3248 439
3248 440
3248 441
3248 442
3248 443
3248 444
3248 445
3248 446
3248 447
3248 448
3248 449
3248 450
3248 451
3248 452
3248 453
3248 454
3248 455
3254 447
3254 448
3254 449
3254 450
3254 451
3254 452
3254 453
3254 454
3254 455
3254 456
3254 457
3254 458
3267 430
3267 431
3267 432
3267 433
3267 434
3267 435
3267 436
3267 437
3267 438
3267 439
3267 440
3267 441
3267 442
3267 443
3267 444
3267 445
3267 446
3267 447
3267 448
3267 449
3267 450
3267 451
3267 452
3267 453
3267 454
3267 455
3267 456
3267 457
3286 433
3286 434
3286 435
3286 436
3286 437
3286 438
3286 439
3286 440
3286 441
3286 442
3286 443
3286 444
3286 445
3286 446
3286 447
3286 448
3286 449
3286 450
3286 451
3286 452
3286 453
3286 454
3286 455
3286 456
3286 457
3299 431
3299 432
3299 433
3299 434
3299 435
3299 436
3299 437
3299 438
3299 439
3299 440
3299 441
3305 440
3305 441
3305 442
3305 443
3305 444
3305 445
3305 446
3305 447
3305 448
3305 449
3305 450
3305 451
3305 452
3318 433
3318 434
3318 435
3318 436
3318 437
3318 438
3318 439
3318 440
3318 441
3318 442
