3770 80
3770 81
3770 82
3770 83
3770 84
3770 85
3777 78
3777 79
3777 80
3777 81
3777 82
3777 83
3777 84
3777 85
3777 86
3777 87
3784 77
3784 78
3784 79
3784 80
3784 81
3784 82
3784 83
3784 84
3784 85
3784 86
3784 87
3784 88
3791 76
3791 77
3791 78
3791 79
3791 80
3791 81
3791 82
3791 83
3791 84
3791 85
3791 86
3791 87
3791 88
3798 75
3798 76
3798 77
3798 78
3798 79
3798 80
3798 81
3798 82
3798 83
3798 84
3798 85
3798 86
3798 87
3798 88
3798 89
3805 74
3805 75
3805 76
3805 77
3805 78
3805 79
3805 80
3805 81
3805 82
3805 83
3805 84
3805 85
3805 86
3805 87
3805 88
3805 89
3812 74
3812 75
3812 76
3812 77
3812 78
3812 79
3812 80
3812 81
3812 82
3812 83
3812 84
3812 85
3812 86
3812 87
3812 88
3812 89
3819 73
3819 74
3819 75
3819 76
3819 77
3819 78
3819 79
3819 80
3819 81
3819 82
3819 83
3819 84
3819 85
3819 86
3819 87
3819 88
3819 89
3826 73
3826 74
3826 75
3826 76
3826 77
3826 78
3826 79
3826 80
3826 81
3826 82
3826 83
3826 84
3826 85
3826 86
3826 87
3826 88
3826 89
3833 73
3833 74
3833 75
3833 76
3833 77
3833 78
3833 79
3833 80
3833 81
3833 82
3833 83
3833 84
3833 85
3833 86
3833 87
3833 88
3840 73
3840 74
3840 75
3840 76
3840 77
3840 78
3840 79
3840 80
3840 81
3840 82
3840 83
3840 84
3840 85
3840 86
3840 87
3840 88
3847 73
3847 74
3847 75
3847 76
3847 77
3847 78
3847 79
3847 80
3847 81
3847 82
3847 83
3847 84
3847 85
3847 86
3847 87
3847 88
3854 73
3854 74
3854 75
3854 76
3854 77
3854 78
3854 79
3854 80
3854 81
3854 82
3854 83
3854 84
3854 85
3854 86
3854 87
3861 73
3861 74
3861 75
3861 76
3861 77
3861 78
3861 79
3861 80
3861 81
3861 82
3861 83
3861 84
3861 85
3861 86
3868 73
3868 74
3868 75
3868 76
3868 77
3868 78
3868 79
3868 80
3868 81
3868 82
3868 83
3868 84
3868 85
3875 73
3875 74
3875 75
3875 76
3875 77
3875 78
3875 79
3875 80
3875 81
3875 82
3875 83
3875 84
3882 74
3882 75
3882 76
3882 77
3882 78
3882 79
3882 80
3882 81
3882 82
3882 83
3889 75
3889 76
3889 77
3889 78
3889 79
3889 80
3889 81
