32 267
32 268
32 269
32 270
32 271
32 272
32 273
32 274
32 275
32 276
32 277
32 278
32 279
32 280
32 281
32 282
32 283
32 284
32 285
32 286
32 287
32 288
32 289
32 290
32 291
32 292
33 260
33 261
33 262
33 263
33 264
33 265
33 266
33 267
33 268
33 269
33 270
33 271
33 272
33 273
33 274
33 275
33 276
33 277
33 278
33 279
33 280
33 281
33 282
33 283
33 284
33 285
33 286
33 287
33 288
33 289
33 290
33 291
33 292
33 293
33 294
33 295
34 255
34 256
34 257
34 258
34 259
34 260
34 261
34 262
34 263
34 264
34 265
34 266
34 267
34 268
34 269
34 270
34 271
34 272
34 273
34 274
34 275
34 276
34 277
34 278
34 279
34 280
34 281
34 282
34 283
34 284
34 285
34 286
34 287
34 288
34 289
34 290
34 291
34 292
34 293
34 294
34 295
34 296
35 251
35 252
35 253
35 254
35 255
35 256
35 257
35 258
35 259
35 260
35 261
35 262
35 263
35 264
35 265
35 266
35 267
35 268
35 269
35 270
35 271
35 272
35 273
35 274
35 275
35 276
35 277
35 278
35 279
35 280
35 281
35 282
35 283
35 284
35 285
35 286
35 287
35 288
35 289
35 290
35 291
35 292
35 293
35 294
35 295
35 296
36 248
36 249
36 250
36 251
36 252
36 253
36 254
36 255
36 256
36 257
36 258
36 259
36 260
36 261
36 262
36 263
36 264
36 265
36 266
36 267
36 268
36 269
36 270
36 271
36 272
36 273
36 274
36 275
36 276
36 277
36 278
36 279
36 280
36 281
36 282
36 283
36 284
36 285
36 286
36 287
36 288
36 289
36 290
36 291
36 292
36 293
36 294
36 295
37 246
37 247
37 248
37 249
37 250
37 251
37 252
37 253
37 254
37 255
37 256
37 257
37 258
37 259
37 260
37 261
37 262
37 263
37 264
37 265
37 266
37 267
37 268
37 269
37 270
37 271
37 272
37 273
37 274
37 275
37 276
37 277
37 278
37 279
37 280
37 281
37 282
37 283
37 284
37 285
37 286
37 287
37 288
37 289
37 290
37 291
37 292
37 293
37 294
38 245
38 246
38 247
38 248
38 249
38 250
38 251
38 252
38 253
38 254
38 255
38 256
38 257
38 258
38 259
38 260
38 261
38 262
38 263
38 264
38 265
38 266
38 267
38 268
38 269
38 270
38 271
38 272
38 273
38 274
38 275
38 276
38 277
38 278
38 279
38 280
38 281
38 282
38 283
38 284
38 285
38 286
38 287
38 288
38 289
38 290
38 291
38 292
39 244
39 245
39 246
39 247
39 248
39 249
39 250
39 251
39 252
39 253
39 254
39 255
39 256
39 257
39 258
39 259
39 260
39 261
39 262
39 263
39 264
39 265
39 266
39 267
39 268
39 269
39 270
39 271
39 272
39 273
39 274
39 275
39 276
39 277
39 278
39 279
39 280
39 281
39 282
39 283
39 284
39 285
39 286
39 287
39 288
39 289
40 243
40 244
40 245
40 246
40 247
40 248
40 249
40 250
40 251
40 252
40 253
40 254
40 255
40 256
40 257
40 258
40 259
40 260
40 261
40 262
40 263
40 264
40 265
40 266
40 267
40 268
40 269
40 270
40 271
40 272
40 273
40 274
40 275
40 276
40 277
40 278
40 279
40 280
40 281
40 282
40 283
40 284
40 285
40 286
41 244
41 245
41 246
41 247
41 248
41 249
41 250
41 251
41 252
41 253
41 254
41 255
41 256
41 257
41 258
41 259
41 260
41 261
41 262
41 263
41 264
41 265
41 266
41 267
41 268
41 269
41 270
41 271
41 272
41 273
41 274
41 275
41 276
41 277
41 278
41 279
41 280
41 281
41 282
41 283
42 245
42 246
42 247
42 248
42 249
42 250
42 251
42 252
42 253
42 254
42 255
42 256
42 257
42 258
42 259
42 260
42 261
42 262
42 263
42 264
42 265
42 266
42 267
42 268
42 269
42 270
42 271
42 272
42 273
42 274
42 275
42 276
42 277
42 278
43 248
43 249
43 250
43 251
43 252
43 253
43 254
43 255
43 256
43 257
43 258
43 259
43 260
43 261
43 262
43 263
43 264
43 265
43 266
43 267
43 268
43 269
43 270
43 271
43 272
44 256
44 257
44 258
44 259
44 260
103 270
103 271
103 272
103 273
103 274
103 275
103 276
103 277
103 278
103 279
103 280
103 281
103 282
103 283
103 284
103 285
103 286
103 287
103 288
103 289
103 290
103 291
103 292
104 262
104 263
104 264
104 265
104 266
104 267
104 268
104 269
104 270
104 271
104 272
104 273
104 274
104 275
104 276
104 277
104 278
104 279
104 280
104 281
104 282
104 283
104 284
104 285
104 286
104 287
104 288
104 289
104 290
104 291
104 292
104 293
104 294
104 295
105 256
105 257
105 258
105 259
105 260
105 261
105 262
105 263
105 264
105 265
105 266
105 267
105 268
105 269
105 270
105 271
105 272
105 273
105 274
105 275
105 276
105 277
105 278
105 279
105 280
105 281
105 282
105 283
105 284
105 285
105 286
105 287
105 288
105 289
105 290
105 291
105 292
105 293
105 294
105 295
105 296
106 252
106 253
106 254
106 255
106 256
106 257
106 258
106 259
106 260
106 261
106 262
106 263
106 264
106 265
106 266
106 267
106 268
106 269
106 270
106 271
106 272
106 273
106 274
106 275
106 276
106 277
106 278
106 279
106 280
106 281
106 282
106 283
106 284
106 285
106 286
106 287
106 288
106 289
106 290
106 291
106 292
106 293
106 294
106 295
106 296
107 249
107 250
107 251
107 252
107 253
107 254
107 255
107 256
107 257
107 258
107 259
107 260
107 261
107 262
107 263
107 264
107 265
107 266
107 267
107 268
107 269
107 270
107 271
107 272
107 273
107 274
107 275
107 276
107 277
107 278
107 279
107 280
107 281
107 282
107 283
107 284
107 285
107 286
107 287
107 288
107 289
107 290
107 291
107 292
107 293
107 294
107 295
107 296
108 246
108 247
108 248
108 249
108 250
108 251
108 252
108 253
108 254
108 255
108 256
108 257
108 258
108 259
108 260
108 261
108 262
108 263
108 264
108 265
108 266
108 267
108 268
108 269
108 270
108 271
108 272
108 273
108 274
108 275
108 276
108 277
108 278
108 279
108 280
108 281
108 282
108 283
108 284
108 285
108 286
108 287
108 288
108 289
108 290
108 291
108 292
108 293
108 294
108 295
109 245
109 246
109 247
109 248
109 249
109 250
109 251
109 252
109 253
109 254
109 255
109 256
109 257
109 258
109 259
109 260
109 261
109 262
109 263
109 264
109 265
109 266
109 267
109 268
109 269
109 270
109 271
109 272
109 273
109 274
109 275
109 276
109 277
109 278
109 279
109 280
109 281
109 282
109 283
109 284
109 285
109 286
109 287
109 288
109 289
109 290
109 291
109 292
109 293
110 243
110 244
110 245
110 246
110 247
110 248
110 249
110 250
110 251
110 252
110 253
110 254
110 255
110 256
110 257
110 258
110 259
110 260
110 261
110 262
110 263
110 264
110 265
110 266
110 267
110 268
110 269
110 270
110 271
110 272
110 273
110 274
110 275
110 276
110 277
110 278
110 279
110 280
110 281
110 282
110 283
110 284
110 285
110 286
110 287
110 288
110 289
110 290
111 243
111 244
111 245
111 246
111 247
111 248
111 249
111 250
111 251
111 252
111 253
111 254
111 255
111 256
111 257
111 258
111 259
111 260
111 261
111 262
111 263
111 264
111 265
111 266
111 267
111 268
111 269
111 270
111 271
111 272
111 273
111 274
111 275
111 276
111 277
111 278
111 279
111 280
111 281
111 282
111 283
111 284
111 285
111 286
111 287
112 243
112 244
112 245
112 246
112 247
112 248
112 249
112 250
112 251
112 252
112 253
112 254
112 255
112 256
112 257
112 258
112 259
112 260
112 261
112 262
112 263
112 264
112 265
112 266
112 267
112 268
112 269
112 270
112 271
112 272
112 273
112 274
112 275
112 276
112 277
112 278
112 279
112 280
112 281
112 282
112 283
112 284
113 244
113 245
113 246
113 247
113 248
113 249
113 250
113 251
113 252
113 253
113 254
113 255
113 256
113 257
113 258
113 259
113 260
113 261
113 262
113 263
113 264
113 265
113 266
113 267
113 268
113 269
113 270
113 271
113 272
113 273
113 274
113 275
113 276
113 277
113 278
113 279
114 247
114 248
114 249
114 250
114 251
114 252
114 253
114 254
114 255
114 256
114 257
114 258
114 259
114 260
114 261
114 262
114 263
114 264
114 265
114 266
114 267
114 268
114 269
114 270
114 271
114 272
114 273
115 252
115 253
115 254
115 255
115 256
115 257
115 258
115 259
115 260
115 261
115 262
115 263
115 264
174 270
174 271
174 272
174 273
174 274
174 275
174 276
174 277
174 278
174 279
174 280
174 281
174 282
174 283
174 284
174 285
174 286
174 287
174 288
174 289
174 290
174 291
174 292
175 262
175 263
175 264
175 265
175 266
175 267
175 268
175 269
175 270
175 271
175 272
175 273
175 274
175 275
175 276
175 277
175 278
175 279
175 280
175 281
175 282
175 283
175 284
175 285
175 286
175 287
175 288
175 289
175 290
175 291
175 292
175 293
175 294
175 295
175 296
176 256
176 257
176 258
176 259
176 260
176 261
176 262
176 263
176 264
176 265
176 266
176 267
176 268
176 269
176 270
176 271
176 272
176 273
176 274
176 275
176 276
176 277
176 278
176 279
176 280
176 281
176 282
176 283
176 284
176 285
176 286
176 287
176 288
176 289
176 290
176 291
176 292
176 293
176 294
176 295
176 296
176 297
177 252
177 253
177 254
177 255
177 256
177 257
177 258
177 259
177 260
177 261
177 262
177 263
177 264
177 265
177 266
177 267
177 268
177 269
177 270
177 271
177 272
177 273
177 274
177 275
177 276
177 277
177 278
177 279
177 280
177 281
177 282
177 283
177 284
177 285
177 286
177 287
177 288
177 289
177 290
177 291
177 292
177 293
177 294
177 295
177 296
177 297
178 248
178 249
178 250
178 251
178 252
178 253
178 254
178 255
178 256
178 257
178 258
178 259
178 260
178 261
178 262
178 263
178 264
178 265
178 266
178 267
178 268
178 269
178 270
178 271
178 272
178 273
178 274
178 275
178 276
178 277
178 278
178 279
178 280
178 281
178 282
178 283
178 284
178 285
178 286
178 287
178 288
178 289
178 290
178 291
178 292
178 293
178 294
178 295
178 296
178 297
179 246
179 247
179 248
179 249
179 250
179 251
179 252
179 253
179 254
179 255
179 256
179 257
179 258
179 259
179 260
179 261
179 262
179 263
179 264
179 265
179 266
179 267
179 268
179 269
179 270
179 271
179 272
179 273
179 274
179 275
179 276
179 277
179 278
179 279
179 280
179 281
179 282
179 283
179 284
179 285
179 286
179 287
179 288
179 289
179 290
179 291
179 292
179 293
179 294
179 295
180 244
180 245
180 246
180 247
180 248
180 249
180 250
180 251
180 252
180 253
180 254
180 255
180 256
180 257
180 258
180 259
180 260
180 261
180 262
180 263
180 264
180 265
180 266
180 267
180 268
180 269
180 270
180 271
180 272
180 273
180 274
180 275
180 276
180 277
180 278
180 279
180 280
180 281
180 282
180 283
180 284
180 285
180 286
180 287
180 288
180 289
180 290
180 291
180 292
180 293
180 294
181 243
181 244
181 245
181 246
181 247
181 248
181 249
181 250
181 251
181 252
181 253
181 254
181 255
181 256
181 257
181 258
181 259
181 260
181 261
181 262
181 263
181 264
181 265
181 266
181 267
181 268
181 269
181 270
181 271
181 272
181 273
181 274
181 275
181 276
181 277
181 278
181 279
181 280
181 281
181 282
181 283
181 284
181 285
181 286
181 287
181 288
181 289
181 290
181 291
182 242
182 243
182 244
182 245
182 246
182 247
182 248
182 249
182 250
182 251
182 252
182 253
182 254
182 255
182 256
182 257
182 258
182 259
182 260
182 261
182 262
182 263
182 264
182 265
182 266
182 267
182 268
182 269
182 270
182 271
182 272
182 273
182 274
182 275
182 276
182 277
182 278
182 279
182 280
182 281
182 282
182 283
182 284
182 285
182 286
182 287
182 288
183 242
183 243
183 244
183 245
183 246
183 247
183 248
183 249
183 250
183 251
183 252
183 253
183 254
183 255
183 256
183 257
183 258
183 259
183 260
183 261
183 262
183 263
183 264
183 265
183 266
183 267
183 268
183 269
183 270
183 271
183 272
183 273
183 274
183 275
183 276
183 277
183 278
183 279
183 280
183 281
183 282
183 283
183 284
183 285
184 243
184 244
184 245
184 246
184 247
184 248
184 249
184 250
184 251
184 252
184 253
184 254
184 255
184 256
184 257
184 258
184 259
184 260
184 261
184 262
184 263
184 264
184 265
184 266
184 267
184 268
184 269
184 270
184 271
184 272
184 273
184 274
184 275
184 276
184 277
184 278
184 279
184 280
185 245
185 246
185 247
185 248
185 249
185 250
185 251
185 252
185 253
185 254
185 255
185 256
185 257
185 258
185 259
185 260
185 261
185 262
185 263
185 264
185 265
185 266
185 267
185 268
185 269
185 270
185 271
185 272
185 273
185 274
186 249
186 250
186 251
186 252
186 253
186 254
186 255
186 256
186 257
186 258
186 259
186 260
186 261
186 262
186 263
186 264
186 265
186 266
244 279
244 280
244 281
244 282
244 283
244 284
244 285
244 286
244 287
244 288
245 267
245 268
245 269
245 270
245 271
245 272
245 273
245 274
245 275
245 276
245 277
245 278
245 279
245 280
245 281
245 282
245 283
245 284
245 285
245 286
245 287
245 288
245 289
245 290
245 291
245 292
245 293
245 294
245 295
245 296
246 260
246 261
246 262
246 263
246 264
246 265
246 266
246 267
246 268
246 269
246 270
246 271
246 272
246 273
246 274
246 275
246 276
246 277
246 278
246 279
246 280
246 281
246 282
246 283
246 284
246 285
246 286
246 287
246 288
246 289
246 290
246 291
246 292
246 293
246 294
246 295
246 296
246 297
246 298
247 254
247 255
247 256
247 257
247 258
247 259
247 260
247 261
247 262
247 263
247 264
247 265
247 266
247 267
247 268
247 269
247 270
247 271
247 272
247 273
247 274
247 275
247 276
247 277
247 278
247 279
247 280
247 281
247 282
247 283
247 284
247 285
247 286
247 287
247 288
247 289
247 290
247 291
247 292
247 293
247 294
247 295
247 296
247 297
247 298
247 299
248 250
248 251
248 252
248 253
248 254
248 255
248 256
248 257
248 258
248 259
248 260
248 261
248 262
248 263
248 264
248 265
248 266
248 267
248 268
248 269
248 270
248 271
248 272
248 273
248 274
248 275
248 276
248 277
248 278
248 279
248 280
248 281
248 282
248 283
248 284
248 285
248 286
248 287
248 288
248 289
248 290
248 291
248 292
248 293
248 294
248 295
248 296
248 297
248 298
248 299
249 246
249 247
249 248
249 249
249 250
249 251
249 252
249 253
249 254
249 255
249 256
249 257
249 258
249 259
249 260
249 261
249 262
249 263
249 264
249 265
249 266
249 267
249 268
249 269
249 270
249 271
249 272
249 273
249 274
249 275
249 276
249 277
249 278
249 279
249 280
249 281
249 282
249 283
249 284
249 285
249 286
249 287
249 288
249 289
249 290
249 291
249 292
249 293
249 294
249 295
249 296
249 297
249 298
249 299
250 244
250 245
250 246
250 247
250 248
250 249
250 250
250 251
250 252
250 253
250 254
250 255
250 256
250 257
250 258
250 259
250 260
250 261
250 262
250 263
250 264
250 265
250 266
250 267
250 268
250 269
250 270
250 271
250 272
250 273
250 274
250 275
250 276
250 277
250 278
250 279
250 280
250 281
250 282
250 283
250 284
250 285
250 286
250 287
250 288
250 289
250 290
250 291
250 292
250 293
250 294
250 295
250 296
250 297
251 242
251 243
251 244
251 245
251 246
251 247
251 248
251 249
251 250
251 251
251 252
251 253
251 254
251 255
251 256
251 257
251 258
251 259
251 260
251 261
251 262
251 263
251 264
251 265
251 266
251 267
251 268
251 269
251 270
251 271
251 272
251 273
251 274
251 275
251 276
251 277
251 278
251 279
251 280
251 281
251 282
251 283
251 284
251 285
251 286
251 287
251 288
251 289
251 290
251 291
251 292
251 293
251 294
251 295
251 296
252 240
252 241
252 242
252 243
252 244
252 245
252 246
252 247
252 248
252 249
252 250
252 251
252 252
252 253
252 254
252 255
252 256
252 257
252 258
252 259
252 260
252 261
252 262
252 263
252 264
252 265
252 266
252 267
252 268
252 269
252 270
252 271
252 272
252 273
252 274
252 275
252 276
252 277
252 278
252 279
252 280
252 281
252 282
252 283
252 284
252 285
252 286
252 287
252 288
252 289
252 290
252 291
252 292
252 293
253 240
253 241
253 242
253 243
253 244
253 245
253 246
253 247
253 248
253 249
253 250
253 251
253 252
253 253
253 254
253 255
253 256
253 257
253 258
253 259
253 260
253 261
253 262
253 263
253 264
253 265
253 266
253 267
253 268
253 269
253 270
253 271
253 272
253 273
253 274
253 275
253 276
253 277
253 278
253 279
253 280
253 281
253 282
253 283
253 284
253 285
253 286
253 287
253 288
253 289
253 290
254 239
254 240
254 241
254 242
254 243
254 244
254 245
254 246
254 247
254 248
254 249
254 250
254 251
254 252
254 253
254 254
254 255
254 256
254 257
254 258
254 259
254 260
254 261
254 262
254 263
254 264
254 265
254 266
254 267
254 268
254 269
254 270
254 271
254 272
254 273
254 274
254 275
254 276
254 277
254 278
254 279
254 280
254 281
254 282
254 283
254 284
254 285
254 286
254 287
255 240
255 241
255 242
255 243
255 244
255 245
255 246
255 247
255 248
255 249
255 250
255 251
255 252
255 253
255 254
255 255
255 256
255 257
255 258
255 259
255 260
255 261
255 262
255 263
255 264
255 265
255 266
255 267
255 268
255 269
255 270
255 271
255 272
255 273
255 274
255 275
255 276
255 277
255 278
255 279
255 280
255 281
255 282
256 241
256 242
256 243
256 244
256 245
256 246
256 247
256 248
256 249
256 250
256 251
256 252
256 253
256 254
256 255
256 256
256 257
256 258
256 259
256 260
256 261
256 262
256 263
256 264
256 265
256 266
256 267
256 268
256 269
256 270
256 271
256 272
256 273
256 274
256 275
256 276
256 277
257 245
257 246
257 247
257 248
257 249
257 250
257 251
257 252
257 253
257 254
257 255
257 256
257 257
257 258
257 259
257 260
257 261
257 262
257 263
257 264
257 265
257 266
257 267
257 268
257 269
257 270
315 271
315 272
315 273
315 274
315 275
315 276
315 277
315 278
315 279
315 280
315 281
315 282
315 283
315 284
315 285
315 286
315 287
315 288
315 289
315 290
315 291
315 292
315 293
315 294
315 295
315 296
316 262
316 263
316 264
316 265
316 266
316 267
316 268
316 269
316 270
316 271
316 272
316 273
316 274
316 275
316 276
316 277
316 278
316 279
316 280
316 281
316 282
316 283
316 284
316 285
316 286
316 287
316 288
316 289
316 290
316 291
316 292
316 293
316 294
316 295
316 296
316 297
316 298
316 299
316 300
317 256
317 257
317 258
317 259
317 260
317 261
317 262
317 263
317 264
317 265
317 266
317 267
317 268
317 269
317 270
317 271
317 272
317 273
317 274
317 275
317 276
317 277
317 278
317 279
317 280
317 281
317 282
317 283
317 284
317 285
317 286
317 287
317 288
317 289
317 290
317 291
317 292
317 293
317 294
317 295
317 296
317 297
317 298
317 299
317 300
317 301
317 302
318 251
318 252
318 253
318 254
318 255
318 256
318 257
318 258
318 259
318 260
318 261
318 262
318 263
318 264
318 265
318 266
318 267
318 268
318 269
318 270
318 271
318 272
318 273
318 274
318 275
318 276
318 277
318 278
318 279
318 280
318 281
318 282
318 283
318 284
318 285
318 286
318 287
318 288
318 289
318 290
318 291
318 292
318 293
318 294
318 295
318 296
318 297
318 298
318 299
318 300
318 301
318 302
318 303
319 247
319 248
319 249
319 250
319 251
319 252
319 253
319 254
319 255
319 256
319 257
319 258
319 259
319 260
319 261
319 262
319 263
319 264
319 265
319 266
319 267
319 268
319 269
319 270
319 271
319 272
319 273
319 274
319 275
319 276
319 277
319 278
319 279
319 280
319 281
319 282
319 283
319 284
319 285
319 286
319 287
319 288
319 289
319 290
319 291
319 292
319 293
319 294
319 295
319 296
319 297
319 298
319 299
319 300
319 301
319 302
319 303
320 243
320 244
320 245
320 246
320 247
320 248
320 249
320 250
320 251
320 252
320 253
320 254
320 255
320 256
320 257
320 258
320 259
320 260
320 261
320 262
320 263
320 264
320 265
320 266
320 267
320 268
320 269
320 270
320 271
320 272
320 273
320 274
320 275
320 276
320 277
320 278
320 279
320 280
320 281
320 282
320 283
320 284
320 285
320 286
320 287
320 288
320 289
320 290
320 291
320 292
320 293
320 294
320 295
320 296
320 297
320 298
320 299
320 300
320 301
320 302
321 241
321 242
321 243
321 244
321 245
321 246
321 247
321 248
321 249
321 250
321 251
321 252
321 253
321 254
321 255
321 256
321 257
321 258
321 259
321 260
321 261
321 262
321 263
321 264
321 265
321 266
321 267
321 268
321 269
321 270
321 271
321 272
321 273
321 274
321 275
321 276
321 277
321 278
321 279
321 280
321 281
321 282
321 283
321 284
321 285
321 286
321 287
321 288
321 289
321 290
321 291
321 292
321 293
321 294
321 295
321 296
321 297
321 298
321 299
321 300
321 301
322 239
322 240
322 241
322 242
322 243
322 244
322 245
322 246
322 247
322 248
322 249
322 250
322 251
322 252
322 253
322 254
322 255
322 256
322 257
322 258
322 259
322 260
322 261
322 262
322 263
322 264
322 265
322 266
322 267
322 268
322 269
322 270
322 271
322 272
322 273
322 274
322 275
322 276
322 277
322 278
322 279
322 280
322 281
322 282
322 283
322 284
322 285
322 286
322 287
322 288
322 289
322 290
322 291
322 292
322 293
322 294
322 295
322 296
322 297
322 298
322 299
323 237
323 238
323 239
323 240
323 241
323 242
323 243
323 244
323 245
323 246
323 247
323 248
323 249
323 250
323 251
323 252
323 253
323 254
323 255
323 256
323 257
323 258
323 259
323 260
323 261
323 262
323 263
323 264
323 265
323 266
323 267
323 268
323 269
323 270
323 271
323 272
323 273
323 274
323 275
323 276
323 277
323 278
323 279
323 280
323 281
323 282
323 283
323 284
323 285
323 286
323 287
323 288
323 289
323 290
323 291
323 292
323 293
323 294
323 295
323 296
323 297
324 236
324 237
324 238
324 239
324 240
324 241
324 242
324 243
324 244
324 245
324 246
324 247
324 248
324 249
324 250
324 251
324 252
324 253
324 254
324 255
324 256
324 257
324 258
324 259
324 260
324 261
324 262
324 263
324 264
324 265
324 266
324 267
324 268
324 269
324 270
324 271
324 272
324 273
324 274
324 275
324 276
324 277
324 278
324 279
324 280
324 281
324 282
324 283
324 284
324 285
324 286
324 287
324 288
324 289
324 290
324 291
324 292
324 293
324 294
325 235
325 236
325 237
325 238
325 239
325 240
325 241
325 242
325 243
325 244
325 245
325 246
325 247
325 248
325 249
325 250
325 251
325 252
325 253
325 254
325 255
325 256
325 257
325 258
325 259
325 260
325 261
325 262
325 263
325 264
325 265
325 266
325 267
325 268
325 269
325 270
325 271
325 272
325 273
325 274
325 275
325 276
325 277
325 278
325 279
325 280
325 281
325 282
325 283
325 284
325 285
325 286
325 287
325 288
325 289
325 290
325 291
326 236
326 237
326 238
326 239
326 240
326 241
326 242
326 243
326 244
326 245
326 246
326 247
326 248
326 249
326 250
326 251
326 252
326 253
326 254
326 255
326 256
326 257
326 258
326 259
326 260
326 261
326 262
326 263
326 264
326 265
326 266
326 267
326 268
326 269
326 270
326 271
326 272
326 273
326 274
326 275
326 276
326 277
326 278
326 279
326 280
326 281
326 282
326 283
326 284
326 285
326 286
327 236
327 237
327 238
327 239
327 240
327 241
327 242
327 243
327 244
327 245
327 246
327 247
327 248
327 249
327 250
327 251
327 252
327 253
327 254
327 255
327 256
327 257
327 258
327 259
327 260
327 261
327 262
327 263
327 264
327 265
327 266
327 267
327 268
327 269
327 270
327 271
327 272
327 273
327 274
327 275
327 276
327 277
327 278
327 279
327 280
327 281
328 238
328 239
328 240
328 241
328 242
328 243
328 244
328 245
328 246
328 247
328 248
328 249
328 250
328 251
328 252
328 253
328 254
328 255
328 256
328 257
328 258
328 259
328 260
328 261
328 262
328 263
328 264
328 265
328 266
328 267
328 268
328 269
328 270
328 271
328 272
328 273
328 274
328 275
329 242
329 243
329 244
329 245
329 246
329 247
329 248
329 249
329 250
329 251
329 252
329 253
329 254
329 255
329 256
329 257
329 258
329 259
329 260
329 261
329 262
329 263
329 264
329 265
329 266
329 267
385 277
385 278
385 279
385 280
385 281
385 282
385 283
385 284
385 285
385 286
385 287
385 288
385 289
385 290
385 291
385 292
385 293
386 266
386 267
386 268
386 269
386 270
386 271
386 272
386 273
386 274
386 275
386 276
386 277
386 278
386 279
386 280
386 281
386 282
386 283
386 284
386 285
386 286
386 287
386 288
386 289
386 290
386 291
386 292
386 293
386 294
386 295
386 296
386 297
386 298
386 299
386 300
387 258
387 259
387 260
387 261
387 262
387 263
387 264
387 265
387 266
387 267
387 268
387 269
387 270
387 271
387 272
387 273
387 274
387 275
387 276
387 277
387 278
387 279
387 280
387 281
387 282
387 283
387 284
387 285
387 286
387 287
387 288
387 289
387 290
387 291
387 292
387 293
387 294
387 295
387 296
387 297
387 298
387 299
387 300
387 301
387 302
387 303
388 253
388 254
388 255
388 256
388 257
388 258
388 259
388 260
388 261
388 262
388 263
388 264
388 265
388 266
388 267
388 268
388 269
388 270
388 271
388 272
388 273
388 274
388 275
388 276
388 277
388 278
388 279
388 280
388 281
388 282
388 283
388 284
388 285
388 286
388 287
388 288
388 289
388 290
388 291
388 292
388 293
388 294
388 295
388 296
388 297
388 298
388 299
388 300
388 301
388 302
388 303
388 304
388 305
389 248
389 249
389 250
389 251
389 252
389 253
389 254
389 255
389 256
389 257
389 258
389 259
389 260
389 261
389 262
389 263
389 264
389 265
389 266
389 267
389 268
389 269
389 270
389 271
389 272
389 273
389 274
389 275
389 276
389 277
389 278
389 279
389 280
389 281
389 282
389 283
389 284
389 285
389 286
389 287
389 288
389 289
389 290
389 291
389 292
389 293
389 294
389 295
389 296
389 297
389 298
389 299
389 300
389 301
389 302
389 303
389 304
389 305
389 306
390 244
390 245
390 246
390 247
390 248
390 249
390 250
390 251
390 252
390 253
390 254
390 255
390 256
390 257
390 258
390 259
390 260
390 261
390 262
390 263
390 264
390 265
390 266
390 267
390 268
390 269
390 270
390 271
390 272
390 273
390 274
390 275
390 276
390 277
390 278
390 279
390 280
390 281
390 282
390 283
390 284
390 285
390 286
390 287
390 288
390 289
390 290
390 291
390 292
390 293
390 294
390 295
390 296
390 297
390 298
390 299
390 300
390 301
390 302
390 303
390 304
390 305
390 306
391 241
391 242
391 243
391 244
391 245
391 246
391 247
391 248
391 249
391 250
391 251
391 252
391 253
391 254
391 255
391 256
391 257
391 258
391 259
391 260
391 261
391 262
391 263
391 264
391 265
391 266
391 267
391 268
391 269
391 270
391 271
391 272
391 273
391 274
391 275
391 276
391 277
391 278
391 279
391 280
391 281
391 282
391 283
391 284
391 285
391 286
391 287
391 288
391 289
391 290
391 291
391 292
391 293
391 294
391 295
391 296
391 297
391 298
391 299
391 300
391 301
391 302
391 303
391 304
391 305
392 238
392 239
392 240
392 241
392 242
392 243
392 244
392 245
392 246
392 247
392 248
392 249
392 250
392 251
392 252
392 253
392 254
392 255
392 256
392 257
392 258
392 259
392 260
392 261
392 262
392 263
392 264
392 265
392 266
392 267
392 268
392 269
392 270
392 271
392 272
392 273
392 274
392 275
392 276
392 277
392 278
392 279
392 280
392 281
392 282
392 283
392 284
392 285
392 286
392 287
392 288
392 289
392 290
392 291
392 292
392 293
392 294
392 295
392 296
392 297
392 298
392 299
392 300
392 301
392 302
392 303
392 304
393 235
393 236
393 237
393 238
393 239
393 240
393 241
393 242
393 243
393 244
393 245
393 246
393 247
393 248
393 249
393 250
393 251
393 252
393 253
393 254
393 255
393 256
393 257
393 258
393 259
393 260
393 261
393 262
393 263
393 264
393 265
393 266
393 267
393 268
393 269
393 270
393 271
393 272
393 273
393 274
393 275
393 276
393 277
393 278
393 279
393 280
393 281
393 282
393 283
393 284
393 285
393 286
393 287
393 288
393 289
393 290
393 291
393 292
393 293
393 294
393 295
393 296
393 297
393 298
393 299
393 300
393 301
393 302
393 303
394 234
394 235
394 236
394 237
394 238
394 239
394 240
394 241
394 242
394 243
394 244
394 245
394 246
394 247
394 248
394 249
394 250
394 251
394 252
394 253
394 254
394 255
394 256
394 257
394 258
394 259
394 260
394 261
394 262
394 263
394 264
394 265
394 266
394 267
394 268
394 269
394 270
394 271
394 272
394 273
394 274
394 275
394 276
394 277
394 278
394 279
394 280
394 281
394 282
394 283
394 284
394 285
394 286
394 287
394 288
394 289
394 290
394 291
394 292
394 293
394 294
394 295
394 296
394 297
394 298
394 299
394 300
394 301
395 232
395 233
395 234
395 235
395 236
395 237
395 238
395 239
395 240
395 241
395 242
395 243
395 244
395 245
395 246
395 247
395 248
395 249
395 250
395 251
395 252
395 253
395 254
395 255
395 256
395 257
395 258
395 259
395 260
395 261
395 262
395 263
395 264
395 265
395 266
395 267
395 268
395 269
395 270
395 271
395 272
395 273
395 274
395 275
395 276
395 277
395 278
395 279
395 280
395 281
395 282
395 283
395 284
395 285
395 286
395 287
395 288
395 289
395 290
395 291
395 292
395 293
395 294
395 295
395 296
395 297
395 298
395 299
396 231
396 232
396 233
396 234
396 235
396 236
396 237
396 238
396 239
396 240
396 241
396 242
396 243
396 244
396 245
396 246
396 247
396 248
396 249
396 250
396 251
396 252
396 253
396 254
396 255
396 256
396 257
396 258
396 259
396 260
396 261
396 262
396 263
396 264
396 265
396 266
396 267
396 268
396 269
396 270
396 271
396 272
396 273
396 274
396 275
396 276
396 277
396 278
396 279
396 280
396 281
396 282
396 283
396 284
396 285
396 286
396 287
396 288
396 289
396 290
396 291
396 292
396 293
396 294
396 295
396 296
397 231
397 232
397 233
397 234
397 235
397 236
397 237
397 238
397 239
397 240
397 241
397 242
397 243
397 244
397 245
397 246
397 247
397 248
397 249
397 250
397 251
397 252
397 253
397 254
397 255
397 256
397 257
397 258
397 259
397 260
397 261
397 262
397 263
397 264
397 265
397 266
397 267
397 268
397 269
397 270
397 271
397 272
397 273
397 274
397 275
397 276
397 277
397 278
397 279
397 280
397 281
397 282
397 283
397 284
397 285
397 286
397 287
397 288
397 289
397 290
397 291
397 292
398 231
398 232
398 233
398 234
398 235
398 236
398 237
398 238
398 239
398 240
398 241
398 242
398 243
398 244
398 245
398 246
398 247
398 248
398 249
398 250
398 251
398 252
398 253
398 254
398 255
398 256
398 257
398 258
398 259
398 260
398 261
398 262
398 263
398 264
398 265
398 266
398 267
398 268
398 269
398 270
398 271
398 272
398 273
398 274
398 275
398 276
398 277
398 278
398 279
398 280
398 281
398 282
398 283
398 284
398 285
398 286
398 287
399 231
399 232
399 233
399 234
399 235
399 236
399 237
399 238
399 239
399 240
399 241
399 242
399 243
399 244
399 245
399 246
399 247
399 248
399 249
399 250
399 251
399 252
399 253
399 254
399 255
399 256
399 257
399 258
399 259
399 260
399 261
399 262
399 263
399 264
399 265
399 266
399 267
399 268
399 269
399 270
399 271
399 272
399 273
399 274
399 275
399 276
399 277
399 278
399 279
399 280
399 281
399 282
400 233
400 234
400 235
400 236
400 237
400 238
400 239
400 240
400 241
400 242
400 243
400 244
400 245
400 246
400 247
400 248
400 249
400 250
400 251
400 252
400 253
400 254
400 255
400 256
400 257
400 258
400 259
400 260
400 261
400 262
400 263
400 264
400 265
400 266
400 267
400 268
400 269
400 270
400 271
400 272
400 273
400 274
400 275
400 276
401 236
401 237
401 238
401 239
401 240
401 241
401 242
401 243
401 244
401 245
401 246
401 247
401 248
401 249
401 250
401 251
401 252
401 253
401 254
401 255
401 256
401 257
401 258
401 259
401 260
401 261
401 262
401 263
401 264
401 265
401 266
401 267
401 268
402 244
402 245
402 246
402 247
402 248
402 249
402 250
402 251
402 252
402 253
402 254
402 255
456 275
456 276
456 277
456 278
456 279
456 280
456 281
456 282
456 283
456 284
456 285
456 286
456 287
456 288
456 289
456 290
456 291
456 292
456 293
456 294
456 295
457 264
457 265
457 266
457 267
457 268
457 269
457 270
457 271
457 272
457 273
457 274
457 275
457 276
457 277
457 278
457 279
457 280
457 281
457 282
457 283
457 284
457 285
457 286
457 287
457 288
457 289
457 290
457 291
457 292
457 293
457 294
457 295
457 296
457 297
457 298
457 299
457 300
457 301
457 302
458 257
458 258
458 259
458 260
458 261
458 262
458 263
458 264
458 265
458 266
458 267
458 268
458 269
458 270
458 271
458 272
458 273
458 274
458 275
458 276
458 277
458 278
458 279
458 280
458 281
458 282
458 283
458 284
458 285
458 286
458 287
458 288
458 289
458 290
458 291
458 292
458 293
458 294
458 295
458 296
458 297
458 298
458 299
458 300
458 301
458 302
458 303
458 304
458 305
459 251
459 252
459 253
459 254
459 255
459 256
459 257
459 258
459 259
459 260
459 261
459 262
459 263
459 264
459 265
459 266
459 267
459 268
459 269
459 270
459 271
459 272
459 273
459 274
459 275
459 276
459 277
459 278
459 279
459 280
459 281
459 282
459 283
459 284
459 285
459 286
459 287
459 288
459 289
459 290
459 291
459 292
459 293
459 294
459 295
459 296
459 297
459 298
459 299
459 300
459 301
459 302
459 303
459 304
459 305
459 306
459 307
460 246
460 247
460 248
460 249
460 250
460 251
460 252
460 253
460 254
460 255
460 256
460 257
460 258
460 259
460 260
460 261
460 262
460 263
460 264
460 265
460 266
460 267
460 268
460 269
460 270
460 271
460 272
460 273
460 274
460 275
460 276
460 277
460 278
460 279
460 280
460 281
460 282
460 283
460 284
460 285
460 286
460 287
460 288
460 289
460 290
460 291
460 292
460 293
460 294
460 295
460 296
460 297
460 298
460 299
460 300
460 301
460 302
460 303
460 304
460 305
460 306
460 307
460 308
461 242
461 243
461 244
461 245
461 246
461 247
461 248
461 249
461 250
461 251
461 252
461 253
461 254
461 255
461 256
461 257
461 258
461 259
461 260
461 261
461 262
461 263
461 264
461 265
461 266
461 267
461 268
461 269
461 270
461 271
461 272
461 273
461 274
461 275
461 276
461 277
461 278
461 279
461 280
461 281
461 282
461 283
461 284
461 285
461 286
461 287
461 288
461 289
461 290
461 291
461 292
461 293
461 294
461 295
461 296
461 297
461 298
461 299
461 300
461 301
461 302
461 303
461 304
461 305
461 306
461 307
461 308
462 239
462 240
462 241
462 242
462 243
462 244
462 245
462 246
462 247
462 248
462 249
462 250
462 251
462 252
462 253
462 254
462 255
462 256
462 257
462 258
462 259
462 260
462 261
462 262
462 263
462 264
462 265
462 266
462 267
462 268
462 269
462 270
462 271
462 272
462 273
462 274
462 275
462 276
462 277
462 278
462 279
462 280
462 281
462 282
462 283
462 284
462 285
462 286
462 287
462 288
462 289
462 290
462 291
462 292
462 293
462 294
462 295
462 296
462 297
462 298
462 299
462 300
462 301
462 302
462 303
462 304
462 305
462 306
462 307
462 308
463 236
463 237
463 238
463 239
463 240
463 241
463 242
463 243
463 244
463 245
463 246
463 247
463 248
463 249
463 250
463 251
463 252
463 253
463 254
463 255
463 256
463 257
463 258
463 259
463 260
463 261
463 262
463 263
463 264
463 265
463 266
463 267
463 268
463 269
463 270
463 271
463 272
463 273
463 274
463 275
463 276
463 277
463 278
463 279
463 280
463 281
463 282
463 283
463 284
463 285
463 286
463 287
463 288
463 289
463 290
463 291
463 292
463 293
463 294
463 295
463 296
463 297
463 298
463 299
463 300
463 301
463 302
463 303
463 304
463 305
463 306
463 307
463 308
464 233
464 234
464 235
464 236
464 237
464 238
464 239
464 240
464 241
464 242
464 243
464 244
464 245
464 246
464 247
464 248
464 249
464 250
464 251
464 252
464 253
464 254
464 255
464 256
464 257
464 258
464 259
464 260
464 261
464 262
464 263
464 264
464 265
464 266
464 267
464 268
464 269
464 270
464 271
464 272
464 273
464 274
464 275
464 276
464 277
464 278
464 279
464 280
464 281
464 282
464 283
464 284
464 285
464 286
464 287
464 288
464 289
464 290
464 291
464 292
464 293
464 294
464 295
464 296
464 297
464 298
464 299
464 300
464 301
464 302
464 303
464 304
464 305
464 306
464 307
465 231
465 232
465 233
465 234
465 235
465 236
465 237
465 238
465 239
465 240
465 241
465 242
465 243
465 244
465 245
465 246
465 247
465 248
465 249
465 250
465 251
465 252
465 253
465 254
465 255
465 256
465 257
465 258
465 259
465 260
465 261
465 262
465 263
465 264
465 265
465 266
465 267
465 268
465 269
465 270
465 271
465 272
465 273
465 274
465 275
465 276
465 277
465 278
465 279
465 280
465 281
465 282
465 283
465 284
465 285
465 286
465 287
465 288
465 289
465 290
465 291
465 292
465 293
465 294
465 295
465 296
465 297
465 298
465 299
465 300
465 301
465 302
465 303
465 304
465 305
466 229
466 230
466 231
466 232
466 233
466 234
466 235
466 236
466 237
466 238
466 239
466 240
466 241
466 242
466 243
466 244
466 245
466 246
466 247
466 248
466 249
466 250
466 251
466 252
466 253
466 254
466 255
466 256
466 257
466 258
466 259
466 260
466 261
466 262
466 263
466 264
466 265
466 266
466 267
466 268
466 269
466 270
466 271
466 272
466 273
466 274
466 275
466 276
466 277
466 278
466 279
466 280
466 281
466 282
466 283
466 284
466 285
466 286
466 287
466 288
466 289
466 290
466 291
466 292
466 293
466 294
466 295
466 296
466 297
466 298
466 299
466 300
466 301
466 302
466 303
467 228
467 229
467 230
467 231
467 232
467 233
467 234
467 235
467 236
467 237
467 238
467 239
467 240
467 241
467 242
467 243
467 244
467 245
467 246
467 247
467 248
467 249
467 250
467 251
467 252
467 253
467 254
467 255
467 256
467 257
467 258
467 259
467 260
467 261
467 262
467 263
467 264
467 265
467 266
467 267
467 268
467 269
467 270
467 271
467 272
467 273
467 274
467 275
467 276
467 277
467 278
467 279
467 280
467 281
467 282
467 283
467 284
467 285
467 286
467 287
467 288
467 289
467 290
467 291
467 292
467 293
467 294
467 295
467 296
467 297
467 298
467 299
467 300
467 301
468 227
468 228
468 229
468 230
468 231
468 232
468 233
468 234
468 235
468 236
468 237
468 238
468 239
468 240
468 241
468 242
468 243
468 244
468 245
468 246
468 247
468 248
468 249
468 250
468 251
468 252
468 253
468 254
468 255
468 256
468 257
468 258
468 259
468 260
468 261
468 262
468 263
468 264
468 265
468 266
468 267
468 268
468 269
468 270
468 271
468 272
468 273
468 274
468 275
468 276
468 277
468 278
468 279
468 280
468 281
468 282
468 283
468 284
468 285
468 286
468 287
468 288
468 289
468 290
468 291
468 292
468 293
468 294
468 295
468 296
468 297
468 298
469 226
469 227
469 228
469 229
469 230
469 231
469 232
469 233
469 234
469 235
469 236
469 237
469 238
469 239
469 240
469 241
469 242
469 243
469 244
469 245
469 246
469 247
469 248
469 249
469 250
469 251
469 252
469 253
469 254
469 255
469 256
469 257
469 258
469 259
469 260
469 261
469 262
469 263
469 264
469 265
469 266
469 267
469 268
469 269
469 270
469 271
469 272
469 273
469 274
469 275
469 276
469 277
469 278
469 279
469 280
469 281
469 282
469 283
469 284
469 285
469 286
469 287
469 288
469 289
469 290
469 291
469 292
469 293
469 294
470 226
470 227
470 228
470 229
470 230
470 231
470 232
470 233
470 234
470 235
470 236
470 237
470 238
470 239
470 240
470 241
470 242
470 243
470 244
470 245
470 246
470 247
470 248
470 249
470 250
470 251
470 252
470 253
470 254
470 255
470 256
470 257
470 258
470 259
470 260
470 261
470 262
470 263
470 264
470 265
470 266
470 267
470 268
470 269
470 270
470 271
470 272
470 273
470 274
470 275
470 276
470 277
470 278
470 279
470 280
470 281
470 282
470 283
470 284
470 285
470 286
470 287
470 288
470 289
470 290
471 226
471 227
471 228
471 229
471 230
471 231
471 232
471 233
471 234
471 235
471 236
471 237
471 238
471 239
471 240
471 241
471 242
471 243
471 244
471 245
471 246
471 247
471 248
471 249
471 250
471 251
471 252
471 253
471 254
471 255
471 256
471 257
471 258
471 259
471 260
471 261
471 262
471 263
471 264
471 265
471 266
471 267
471 268
471 269
471 270
471 271
471 272
471 273
471 274
471 275
471 276
471 277
471 278
471 279
471 280
471 281
471 282
471 283
471 284
472 227
472 228
472 229
472 230
472 231
472 232
472 233
472 234
472 235
472 236
472 237
472 238
472 239
472 240
472 241
472 242
472 243
472 244
472 245
472 246
472 247
472 248
472 249
472 250
472 251
472 252
472 253
472 254
472 255
472 256
472 257
472 258
472 259
472 260
472 261
472 262
472 263
472 264
472 265
472 266
472 267
472 268
472 269
472 270
472 271
472 272
472 273
472 274
472 275
472 276
472 277
472 278
473 229
473 230
473 231
473 232
473 233
473 234
473 235
473 236
473 237
473 238
473 239
473 240
473 241
473 242
473 243
473 244
473 245
473 246
473 247
473 248
473 249
473 250
473 251
473 252
473 253
473 254
473 255
473 256
473 257
473 258
473 259
473 260
473 261
473 262
473 263
473 264
473 265
473 266
473 267
473 268
473 269
473 270
473 271
474 233
474 234
474 235
474 236
474 237
474 238
474 239
474 240
474 241
474 242
474 243
474 244
474 245
474 246
474 247
474 248
474 249
474 250
474 251
474 252
474 253
474 254
474 255
474 256
474 257
474 258
474 259
474 260
474 261
528 267
528 268
528 269
528 270
528 271
528 272
528 273
528 274
528 275
528 276
528 277
528 278
528 279
528 280
528 281
528 282
528 283
528 284
528 285
528 286
528 287
528 288
528 289
528 290
528 291
528 292
528 293
528 294
528 295
528 296
528 297
528 298
528 299
529 259
529 260
529 261
529 262
529 263
529 264
529 265
529 266
529 267
529 268
529 269
529 270
529 271
529 272
529 273
529 274
529 275
529 276
529 277
529 278
529 279
529 280
529 281
529 282
529 283
529 284
529 285
529 286
529 287
529 288
529 289
529 290
529 291
529 292
529 293
529 294
529 295
529 296
529 297
529 298
529 299
529 300
529 301
529 302
529 303
529 304
530 253
530 254
530 255
530 256
530 257
530 258
530 259
530 260
530 261
530 262
530 263
530 264
530 265
530 266
530 267
530 268
530 269
530 270
530 271
530 272
530 273
530 274
530 275
530 276
530 277
530 278
530 279
530 280
530 281
530 282
530 283
530 284
530 285
530 286
530 287
530 288
530 289
530 290
530 291
530 292
530 293
530 294
530 295
530 296
530 297
530 298
530 299
530 300
530 301
530 302
530 303
530 304
530 305
530 306
531 248
531 249
531 250
531 251
531 252
531 253
531 254
531 255
531 256
531 257
531 258
531 259
531 260
531 261
531 262
531 263
531 264
531 265
531 266
531 267
531 268
531 269
531 270
531 271
531 272
531 273
531 274
531 275
531 276
531 277
531 278
531 279
531 280
531 281
531 282
531 283
531 284
531 285
531 286
531 287
531 288
531 289
531 290
531 291
531 292
531 293
531 294
531 295
531 296
531 297
531 298
531 299
531 300
531 301
531 302
531 303
531 304
531 305
531 306
531 307
531 308
532 243
532 244
532 245
532 246
532 247
532 248
532 249
532 250
532 251
532 252
532 253
532 254
532 255
532 256
532 257
532 258
532 259
532 260
532 261
532 262
532 263
532 264
532 265
532 266
532 267
532 268
532 269
532 270
532 271
532 272
532 273
532 274
532 275
532 276
532 277
532 278
532 279
532 280
532 281
532 282
532 283
532 284
532 285
532 286
532 287
532 288
532 289
532 290
532 291
532 292
532 293
532 294
532 295
532 296
532 297
532 298
532 299
532 300
532 301
532 302
532 303
532 304
532 305
532 306
532 307
532 308
532 309
533 239
533 240
533 241
533 242
533 243
533 244
533 245
533 246
533 247
533 248
533 249
533 250
533 251
533 252
533 253
533 254
533 255
533 256
533 257
533 258
533 259
533 260
533 261
533 262
533 263
533 264
533 265
533 266
533 267
533 268
533 269
533 270
533 271
533 272
533 273
533 274
533 275
533 276
533 277
533 278
533 279
533 280
533 281
533 282
533 283
533 284
533 285
533 286
533 287
533 288
533 289
533 290
533 291
533 292
533 293
533 294
533 295
533 296
533 297
533 298
533 299
533 300
533 301
533 302
533 303
533 304
533 305
533 306
533 307
533 308
533 309
533 310
534 236
534 237
534 238
534 239
534 240
534 241
534 242
534 243
534 244
534 245
534 246
534 247
534 248
534 249
534 250
534 251
534 252
534 253
534 254
534 255
534 256
534 257
534 258
534 259
534 260
534 261
534 262
534 263
534 264
534 265
534 266
534 267
534 268
534 269
534 270
534 271
534 272
534 273
534 274
534 275
534 276
534 277
534 278
534 279
534 280
534 281
534 282
534 283
534 284
534 285
534 286
534 287
534 288
534 289
534 290
534 291
534 292
534 293
534 294
534 295
534 296
534 297
534 298
534 299
534 300
534 301
534 302
534 303
534 304
534 305
534 306
534 307
534 308
534 309
535 233
535 234
535 235
535 236
535 237
535 238
535 239
535 240
535 241
535 242
535 243
535 244
535 245
535 246
535 247
535 248
535 249
535 250
535 251
535 252
535 253
535 254
535 255
535 256
535 257
535 258
535 259
535 260
535 261
535 262
535 263
535 264
535 265
535 266
535 267
535 268
535 269
535 270
535 271
535 272
535 273
535 274
535 275
535 276
535 277
535 278
535 279
535 280
535 281
535 282
535 283
535 284
535 285
535 286
535 287
535 288
535 289
535 290
535 291
535 292
535 293
535 294
535 295
535 296
535 297
535 298
535 299
535 300
535 301
535 302
535 303
535 304
535 305
535 306
535 307
535 308
535 309
536 231
536 232
536 233
536 234
536 235
536 236
536 237
536 238
536 239
536 240
536 241
536 242
536 243
536 244
536 245
536 246
536 247
536 248
536 249
536 250
536 251
536 252
536 253
536 254
536 255
536 256
536 257
536 258
536 259
536 260
536 261
536 262
536 263
536 264
536 265
536 266
536 267
536 268
536 269
536 270
536 271
536 272
536 273
536 274
536 275
536 276
536 277
536 278
536 279
536 280
536 281
536 282
536 283
536 284
536 285
536 286
536 287
536 288
536 289
536 290
536 291
536 292
536 293
536 294
536 295
536 296
536 297
536 298
536 299
536 300
536 301
536 302
536 303
536 304
536 305
536 306
536 307
536 308
537 228
537 229
537 230
537 231
537 232
537 233
537 234
537 235
537 236
537 237
537 238
537 239
537 240
537 241
537 242
537 243
537 244
537 245
537 246
537 247
537 248
537 249
537 250
537 251
537 252
537 253
537 254
537 255
537 256
537 257
537 258
537 259
537 260
537 261
537 262
537 263
537 264
537 265
537 266
537 267
537 268
537 269
537 270
537 271
537 272
537 273
537 274
537 275
537 276
537 277
537 278
537 279
537 280
537 281
537 282
537 283
537 284
537 285
537 286
537 287
537 288
537 289
537 290
537 291
537 292
537 293
537 294
537 295
537 296
537 297
537 298
537 299
537 300
537 301
537 302
537 303
537 304
537 305
537 306
537 307
538 226
538 227
538 228
538 229
538 230
538 231
538 232
538 233
538 234
538 235
538 236
538 237
538 238
538 239
538 240
538 241
538 242
538 243
538 244
538 245
538 246
538 247
538 248
538 249
538 250
538 251
538 252
538 253
538 254
538 255
538 256
538 257
538 258
538 259
538 260
538 261
538 262
538 263
538 264
538 265
538 266
538 267
538 268
538 269
538 270
538 271
538 272
538 273
538 274
538 275
538 276
538 277
538 278
538 279
538 280
538 281
538 282
538 283
538 284
538 285
538 286
538 287
538 288
538 289
538 290
538 291
538 292
538 293
538 294
538 295
538 296
538 297
538 298
538 299
538 300
538 301
538 302
538 303
538 304
538 305
539 225
539 226
539 227
539 228
539 229
539 230
539 231
539 232
539 233
539 234
539 235
539 236
539 237
539 238
539 239
539 240
539 241
539 242
539 243
539 244
539 245
539 246
539 247
539 248
539 249
539 250
539 251
539 252
539 253
539 254
539 255
539 256
539 257
539 258
539 259
539 260
539 261
539 262
539 263
539 264
539 265
539 266
539 267
539 268
539 269
539 270
539 271
539 272
539 273
539 274
539 275
539 276
539 277
539 278
539 279
539 280
539 281
539 282
539 283
539 284
539 285
539 286
539 287
539 288
539 289
539 290
539 291
539 292
539 293
539 294
539 295
539 296
539 297
539 298
539 299
539 300
539 301
539 302
539 303
540 223
540 224
540 225
540 226
540 227
540 228
540 229
540 230
540 231
540 232
540 233
540 234
540 235
540 236
540 237
540 238
540 239
540 240
540 241
540 242
540 243
540 244
540 245
540 246
540 247
540 248
540 249
540 250
540 251
540 252
540 253
540 254
540 255
540 256
540 257
540 258
540 259
540 260
540 261
540 262
540 263
540 264
540 265
540 266
540 267
540 268
540 269
540 270
540 271
540 272
540 273
540 274
540 275
540 276
540 277
540 278
540 279
540 280
540 281
540 282
540 283
540 284
540 285
540 286
540 287
540 288
540 289
540 290
540 291
540 292
540 293
540 294
540 295
540 296
540 297
540 298
540 299
540 300
541 222
541 223
541 224
541 225
541 226
541 227
541 228
541 229
541 230
541 231
541 232
541 233
541 234
541 235
541 236
541 237
541 238
541 239
541 240
541 241
541 242
541 243
541 244
541 245
541 246
541 247
541 248
541 249
541 250
541 251
541 252
541 253
541 254
541 255
541 256
541 257
541 258
541 259
541 260
541 261
541 262
541 263
541 264
541 265
541 266
541 267
541 268
541 269
541 270
541 271
541 272
541 273
541 274
541 275
541 276
541 277
541 278
541 279
541 280
541 281
541 282
541 283
541 284
541 285
541 286
541 287
541 288
541 289
541 290
541 291
541 292
541 293
541 294
541 295
541 296
542 222
542 223
542 224
542 225
542 226
542 227
542 228
542 229
542 230
542 231
542 232
542 233
542 234
542 235
542 236
542 237
542 238
542 239
542 240
542 241
542 242
542 243
542 244
542 245
542 246
542 247
542 248
542 249
542 250
542 251
542 252
542 253
542 254
542 255
542 256
542 257
542 258
542 259
542 260
542 261
542 262
542 263
542 264
542 265
542 266
542 267
542 268
542 269
542 270
542 271
542 272
542 273
542 274
542 275
542 276
542 277
542 278
542 279
542 280
542 281
542 282
542 283
542 284
542 285
542 286
542 287
542 288
542 289
542 290
542 291
542 292
543 221
543 222
543 223
543 224
543 225
543 226
543 227
543 228
543 229
543 230
543 231
543 232
543 233
543 234
543 235
543 236
543 237
543 238
543 239
543 240
543 241
543 242
543 243
543 244
543 245
543 246
543 247
543 248
543 249
543 250
543 251
543 252
543 253
543 254
543 255
543 256
543 257
543 258
543 259
543 260
543 261
543 262
543 263
543 264
543 265
543 266
543 267
543 268
543 269
543 270
543 271
543 272
543 273
543 274
543 275
543 276
543 277
543 278
543 279
543 280
543 281
543 282
543 283
543 284
543 285
543 286
543 287
544 222
544 223
544 224
544 225
544 226
544 227
544 228
544 229
544 230
544 231
544 232
544 233
544 234
544 235
544 236
544 237
544 238
544 239
544 240
544 241
544 242
544 243
544 244
544 245
544 246
544 247
544 248
544 249
544 250
544 251
544 252
544 253
544 254
544 255
544 256
544 257
544 258
544 259
544 260
544 261
544 262
544 263
544 264
544 265
544 266
544 267
544 268
544 269
544 270
544 271
544 272
544 273
544 274
544 275
544 276
544 277
544 278
544 279
544 280
544 281
545 222
545 223
545 224
545 225
545 226
545 227
545 228
545 229
545 230
545 231
545 232
545 233
545 234
545 235
545 236
545 237
545 238
545 239
545 240
545 241
545 242
545 243
545 244
545 245
545 246
545 247
545 248
545 249
545 250
545 251
545 252
545 253
545 254
545 255
545 256
545 257
545 258
545 259
545 260
545 261
545 262
545 263
545 264
545 265
545 266
545 267
545 268
545 269
545 270
545 271
545 272
545 273
545 274
545 275
546 224
546 225
546 226
546 227
546 228
546 229
546 230
546 231
546 232
546 233
546 234
546 235
546 236
546 237
546 238
546 239
546 240
546 241
546 242
546 243
546 244
546 245
546 246
546 247
546 248
546 249
546 250
546 251
546 252
546 253
546 254
546 255
546 256
546 257
546 258
546 259
546 260
546 261
546 262
546 263
546 264
546 265
546 266
547 228
547 229
547 230
547 231
547 232
547 233
547 234
547 235
547 236
547 237
547 238
547 239
547 240
547 241
547 242
547 243
547 244
547 245
547 246
547 247
547 248
547 249
547 250
547 251
547 252
547 253
547 254
547 255
547 256
600 268
600 269
600 270
600 271
600 272
600 273
600 274
600 275
600 276
600 277
600 278
600 279
600 280
600 281
600 282
600 283
600 284
600 285
600 286
600 287
600 288
600 289
600 290
600 291
600 292
600 293
600 294
600 295
600 296
600 297
601 259
601 260
601 261
601 262
601 263
601 264
601 265
601 266
601 267
601 268
601 269
601 270
601 271
601 272
601 273
601 274
601 275
601 276
601 277
601 278
601 279
601 280
601 281
601 282
601 283
601 284
601 285
601 286
601 287
601 288
601 289
601 290
601 291
601 292
601 293
601 294
601 295
601 296
601 297
601 298
601 299
601 300
601 301
601 302
602 253
602 254
602 255
602 256
602 257
602 258
602 259
602 260
602 261
602 262
602 263
602 264
602 265
602 266
602 267
602 268
602 269
602 270
602 271
602 272
602 273
602 274
602 275
602 276
602 277
602 278
602 279
602 280
602 281
602 282
602 283
602 284
602 285
602 286
602 287
602 288
602 289
602 290
602 291
602 292
602 293
602 294
602 295
602 296
602 297
602 298
602 299
602 300
602 301
602 302
602 303
602 304
602 305
603 248
603 249
603 250
603 251
603 252
603 253
603 254
603 255
603 256
603 257
603 258
603 259
603 260
603 261
603 262
603 263
603 264
603 265
603 266
603 267
603 268
603 269
603 270
603 271
603 272
603 273
603 274
603 275
603 276
603 277
603 278
603 279
603 280
603 281
603 282
603 283
603 284
603 285
603 286
603 287
603 288
603 289
603 290
603 291
603 292
603 293
603 294
603 295
603 296
603 297
603 298
603 299
603 300
603 301
603 302
603 303
603 304
603 305
603 306
603 307
604 243
604 244
604 245
604 246
604 247
604 248
604 249
604 250
604 251
604 252
604 253
604 254
604 255
604 256
604 257
604 258
604 259
604 260
604 261
604 262
604 263
604 264
604 265
604 266
604 267
604 268
604 269
604 270
604 271
604 272
604 273
604 274
604 275
604 276
604 277
604 278
604 279
604 280
604 281
604 282
604 283
604 284
604 285
604 286
604 287
604 288
604 289
604 290
604 291
604 292
604 293
604 294
604 295
604 296
604 297
604 298
604 299
604 300
604 301
604 302
604 303
604 304
604 305
604 306
604 307
604 308
605 239
605 240
605 241
605 242
605 243
605 244
605 245
605 246
605 247
605 248
605 249
605 250
605 251
605 252
605 253
605 254
605 255
605 256
605 257
605 258
605 259
605 260
605 261
605 262
605 263
605 264
605 265
605 266
605 267
605 268
605 269
605 270
605 271
605 272
605 273
605 274
605 275
605 276
605 277
605 278
605 279
605 280
605 281
605 282
605 283
605 284
605 285
605 286
605 287
605 288
605 289
605 290
605 291
605 292
605 293
605 294
605 295
605 296
605 297
605 298
605 299
605 300
605 301
605 302
605 303
605 304
605 305
605 306
605 307
605 308
605 309
606 236
606 237
606 238
606 239
606 240
606 241
606 242
606 243
606 244
606 245
606 246
606 247
606 248
606 249
606 250
606 251
606 252
606 253
606 254
606 255
606 256
606 257
606 258
606 259
606 260
606 261
606 262
606 263
606 264
606 265
606 266
606 267
606 268
606 269
606 270
606 271
606 272
606 273
606 274
606 275
606 276
606 277
606 278
606 279
606 280
606 281
606 282
606 283
606 284
606 285
606 286
606 287
606 288
606 289
606 290
606 291
606 292
606 293
606 294
606 295
606 296
606 297
606 298
606 299
606 300
606 301
606 302
606 303
606 304
606 305
606 306
606 307
606 308
606 309
607 233
607 234
607 235
607 236
607 237
607 238
607 239
607 240
607 241
607 242
607 243
607 244
607 245
607 246
607 247
607 248
607 249
607 250
607 251
607 252
607 253
607 254
607 255
607 256
607 257
607 258
607 259
607 260
607 261
607 262
607 263
607 264
607 265
607 266
607 267
607 268
607 269
607 270
607 271
607 272
607 273
607 274
607 275
607 276
607 277
607 278
607 279
607 280
607 281
607 282
607 283
607 284
607 285
607 286
607 287
607 288
607 289
607 290
607 291
607 292
607 293
607 294
607 295
607 296
607 297
607 298
607 299
607 300
607 301
607 302
607 303
607 304
607 305
607 306
607 307
607 308
607 309
608 230
608 231
608 232
608 233
608 234
608 235
608 236
608 237
608 238
608 239
608 240
608 241
608 242
608 243
608 244
608 245
608 246
608 247
608 248
608 249
608 250
608 251
608 252
608 253
608 254
608 255
608 256
608 257
608 258
608 259
608 260
608 261
608 262
608 263
608 264
608 265
608 266
608 267
608 268
608 269
608 270
608 271
608 272
608 273
608 274
608 275
608 276
608 277
608 278
608 279
608 280
608 281
608 282
608 283
608 284
608 285
608 286
608 287
608 288
608 289
608 290
608 291
608 292
608 293
608 294
608 295
608 296
608 297
608 298
608 299
608 300
608 301
608 302
608 303
608 304
608 305
608 306
608 307
608 308
609 227
609 228
609 229
609 230
609 231
609 232
609 233
609 234
609 235
609 236
609 237
609 238
609 239
609 240
609 241
609 242
609 243
609 244
609 245
609 246
609 247
609 248
609 249
609 250
609 251
609 252
609 253
609 254
609 255
609 256
609 257
609 258
609 259
609 260
609 261
609 262
609 263
609 264
609 265
609 266
609 267
609 268
609 269
609 270
609 271
609 272
609 273
609 274
609 275
609 276
609 277
609 278
609 279
609 280
609 281
609 282
609 283
609 284
609 285
609 286
609 287
609 288
609 289
609 290
609 291
609 292
609 293
609 294
609 295
609 296
609 297
609 298
609 299
609 300
609 301
609 302
609 303
609 304
609 305
609 306
609 307
610 225
610 226
610 227
610 228
610 229
610 230
610 231
610 232
610 233
610 234
610 235
610 236
610 237
610 238
610 239
610 240
610 241
610 242
610 243
610 244
610 245
610 246
610 247
610 248
610 249
610 250
610 251
610 252
610 253
610 254
610 255
610 256
610 257
610 258
610 259
610 260
610 261
610 262
610 263
610 264
610 265
610 266
610 267
610 268
610 269
610 270
610 271
610 272
610 273
610 274
610 275
610 276
610 277
610 278
610 279
610 280
610 281
610 282
610 283
610 284
610 285
610 286
610 287
610 288
610 289
610 290
610 291
610 292
610 293
610 294
610 295
610 296
610 297
610 298
610 299
610 300
610 301
610 302
610 303
610 304
610 305
611 223
611 224
611 225
611 226
611 227
611 228
611 229
611 230
611 231
611 232
611 233
611 234
611 235
611 236
611 237
611 238
611 239
611 240
611 241
611 242
611 243
611 244
611 245
611 246
611 247
611 248
611 249
611 250
611 251
611 252
611 253
611 254
611 255
611 256
611 257
611 258
611 259
611 260
611 261
611 262
611 263
611 264
611 265
611 266
611 267
611 268
611 269
611 270
611 271
611 272
611 273
611 274
611 275
611 276
611 277
611 278
611 279
611 280
611 281
611 282
611 283
611 284
611 285
611 286
611 287
611 288
611 289
611 290
611 291
611 292
611 293
611 294
611 295
611 296
611 297
611 298
611 299
611 300
611 301
611 302
611 303
612 222
612 223
612 224
612 225
612 226
612 227
612 228
612 229
612 230
612 231
612 232
612 233
612 234
612 235
612 236
612 237
612 238
612 239
612 240
612 241
612 242
612 243
612 244
612 245
612 246
612 247
612 248
612 249
612 250
612 251
612 252
612 253
612 254
612 255
612 256
612 257
612 258
612 259
612 260
612 261
612 262
612 263
612 264
612 265
612 266
612 267
612 268
612 269
612 270
612 271
612 272
612 273
612 274
612 275
612 276
612 277
612 278
612 279
612 280
612 281
612 282
612 283
612 284
612 285
612 286
612 287
612 288
612 289
612 290
612 291
612 292
612 293
612 294
612 295
612 296
612 297
612 298
612 299
612 300
612 301
613 220
613 221
613 222
613 223
613 224
613 225
613 226
613 227
613 228
613 229
613 230
613 231
613 232
613 233
613 234
613 235
613 236
613 237
613 238
613 239
613 240
613 241
613 242
613 243
613 244
613 245
613 246
613 247
613 248
613 249
613 250
613 251
613 252
613 253
613 254
613 255
613 256
613 257
613 258
613 259
613 260
613 261
613 262
613 263
613 264
613 265
613 266
613 267
613 268
613 269
613 270
613 271
613 272
613 273
613 274
613 275
613 276
613 277
613 278
613 279
613 280
613 281
613 282
613 283
613 284
613 285
613 286
613 287
613 288
613 289
613 290
613 291
613 292
613 293
613 294
613 295
613 296
613 297
613 298
614 219
614 220
614 221
614 222
614 223
614 224
614 225
614 226
614 227
614 228
614 229
614 230
614 231
614 232
614 233
614 234
614 235
614 236
614 237
614 238
614 239
614 240
614 241
614 242
614 243
614 244
614 245
614 246
614 247
614 248
614 249
614 250
614 251
614 252
614 253
614 254
614 255
614 256
614 257
614 258
614 259
614 260
614 261
614 262
614 263
614 264
614 265
614 266
614 267
614 268
614 269
614 270
614 271
614 272
614 273
614 274
614 275
614 276
614 277
614 278
614 279
614 280
614 281
614 282
614 283
614 284
614 285
614 286
614 287
614 288
614 289
614 290
614 291
614 292
614 293
614 294
615 218
615 219
615 220
615 221
615 222
615 223
615 224
615 225
615 226
615 227
615 228
615 229
615 230
615 231
615 232
615 233
615 234
615 235
615 236
615 237
615 238
615 239
615 240
615 241
615 242
615 243
615 244
615 245
615 246
615 247
615 248
615 249
615 250
615 251
615 252
615 253
615 254
615 255
615 256
615 257
615 258
615 259
615 260
615 261
615 262
615 263
615 264
615 265
615 266
615 267
615 268
615 269
615 270
615 271
615 272
615 273
615 274
615 275
615 276
615 277
615 278
615 279
615 280
615 281
615 282
615 283
615 284
615 285
615 286
615 287
615 288
615 289
615 290
616 218
616 219
616 220
616 221
616 222
616 223
616 224
616 225
616 226
616 227
616 228
616 229
616 230
616 231
616 232
616 233
616 234
616 235
616 236
616 237
616 238
616 239
616 240
616 241
616 242
616 243
616 244
616 245
616 246
616 247
616 248
616 249
616 250
616 251
616 252
616 253
616 254
616 255
616 256
616 257
616 258
616 259
616 260
616 261
616 262
616 263
616 264
616 265
616 266
616 267
616 268
616 269
616 270
616 271
616 272
616 273
616 274
616 275
616 276
616 277
616 278
616 279
616 280
616 281
616 282
616 283
616 284
617 218
617 219
617 220
617 221
617 222
617 223
617 224
617 225
617 226
617 227
617 228
617 229
617 230
617 231
617 232
617 233
617 234
617 235
617 236
617 237
617 238
617 239
617 240
617 241
617 242
617 243
617 244
617 245
617 246
617 247
617 248
617 249
617 250
617 251
617 252
617 253
617 254
617 255
617 256
617 257
617 258
617 259
617 260
617 261
617 262
617 263
617 264
617 265
617 266
617 267
617 268
617 269
617 270
617 271
617 272
617 273
617 274
617 275
617 276
617 277
617 278
618 218
618 219
618 220
618 221
618 222
618 223
618 224
618 225
618 226
618 227
618 228
618 229
618 230
618 231
618 232
618 233
618 234
618 235
618 236
618 237
618 238
618 239
618 240
618 241
618 242
618 243
618 244
618 245
618 246
618 247
618 248
618 249
618 250
618 251
618 252
618 253
618 254
618 255
618 256
618 257
618 258
618 259
618 260
618 261
618 262
618 263
618 264
618 265
618 266
618 267
618 268
618 269
618 270
618 271
619 220
619 221
619 222
619 223
619 224
619 225
619 226
619 227
619 228
619 229
619 230
619 231
619 232
619 233
619 234
619 235
619 236
619 237
619 238
619 239
619 240
619 241
619 242
619 243
619 244
619 245
619 246
619 247
619 248
619 249
619 250
619 251
619 252
619 253
619 254
619 255
619 256
619 257
619 258
619 259
619 260
619 261
619 262
620 223
620 224
620 225
620 226
620 227
620 228
620 229
620 230
620 231
620 232
620 233
620 234
620 235
620 236
620 237
620 238
620 239
620 240
620 241
620 242
620 243
620 244
620 245
620 246
620 247
620 248
620 249
620 250
620 251
673 266
673 267
673 268
673 269
673 270
673 271
673 272
673 273
673 274
673 275
673 276
673 277
673 278
673 279
673 280
673 281
673 282
673 283
673 284
673 285
673 286
673 287
673 288
673 289
673 290
673 291
673 292
673 293
673 294
673 295
674 258
674 259
674 260
674 261
674 262
674 263
674 264
674 265
674 266
674 267
674 268
674 269
674 270
674 271
674 272
674 273
674 274
674 275
674 276
674 277
674 278
674 279
674 280
674 281
674 282
674 283
674 284
674 285
674 286
674 287
674 288
674 289
674 290
674 291
674 292
674 293
674 294
674 295
674 296
674 297
674 298
674 299
675 251
675 252
675 253
675 254
675 255
675 256
675 257
675 258
675 259
675 260
675 261
675 262
675 263
675 264
675 265
675 266
675 267
675 268
675 269
675 270
675 271
675 272
675 273
675 274
675 275
675 276
675 277
675 278
675 279
675 280
675 281
675 282
675 283
675 284
675 285
675 286
675 287
675 288
675 289
675 290
675 291
675 292
675 293
675 294
675 295
675 296
675 297
675 298
675 299
675 300
675 301
675 302
676 246
676 247
676 248
676 249
676 250
676 251
676 252
676 253
676 254
676 255
676 256
676 257
676 258
676 259
676 260
676 261
676 262
676 263
676 264
676 265
676 266
676 267
676 268
676 269
676 270
676 271
676 272
676 273
676 274
676 275
676 276
676 277
676 278
676 279
676 280
676 281
676 282
676 283
676 284
676 285
676 286
676 287
676 288
676 289
676 290
676 291
676 292
676 293
676 294
676 295
676 296
676 297
676 298
676 299
676 300
676 301
676 302
676 303
676 304
677 242
677 243
677 244
677 245
677 246
677 247
677 248
677 249
677 250
677 251
677 252
677 253
677 254
677 255
677 256
677 257
677 258
677 259
677 260
677 261
677 262
677 263
677 264
677 265
677 266
677 267
677 268
677 269
677 270
677 271
677 272
677 273
677 274
677 275
677 276
677 277
677 278
677 279
677 280
677 281
677 282
677 283
677 284
677 285
677 286
677 287
677 288
677 289
677 290
677 291
677 292
677 293
677 294
677 295
677 296
677 297
677 298
677 299
677 300
677 301
677 302
677 303
677 304
677 305
677 306
678 238
678 239
678 240
678 241
678 242
678 243
678 244
678 245
678 246
678 247
678 248
678 249
678 250
678 251
678 252
678 253
678 254
678 255
678 256
678 257
678 258
678 259
678 260
678 261
678 262
678 263
678 264
678 265
678 266
678 267
678 268
678 269
678 270
678 271
678 272
678 273
678 274
678 275
678 276
678 277
678 278
678 279
678 280
678 281
678 282
678 283
678 284
678 285
678 286
678 287
678 288
678 289
678 290
678 291
678 292
678 293
678 294
678 295
678 296
678 297
678 298
678 299
678 300
678 301
678 302
678 303
678 304
678 305
678 306
679 235
679 236
679 237
679 238
679 239
679 240
679 241
679 242
679 243
679 244
679 245
679 246
679 247
679 248
679 249
679 250
679 251
679 252
679 253
679 254
679 255
679 256
679 257
679 258
679 259
679 260
679 261
679 262
679 263
679 264
679 265
679 266
679 267
679 268
679 269
679 270
679 271
679 272
679 273
679 274
679 275
679 276
679 277
679 278
679 279
679 280
679 281
679 282
679 283
679 284
679 285
679 286
679 287
679 288
679 289
679 290
679 291
679 292
679 293
679 294
679 295
679 296
679 297
679 298
679 299
679 300
679 301
679 302
679 303
679 304
679 305
679 306
680 232
680 233
680 234
680 235
680 236
680 237
680 238
680 239
680 240
680 241
680 242
680 243
680 244
680 245
680 246
680 247
680 248
680 249
680 250
680 251
680 252
680 253
680 254
680 255
680 256
680 257
680 258
680 259
680 260
680 261
680 262
680 263
680 264
680 265
680 266
680 267
680 268
680 269
680 270
680 271
680 272
680 273
680 274
680 275
680 276
680 277
680 278
680 279
680 280
680 281
680 282
680 283
680 284
680 285
680 286
680 287
680 288
680 289
680 290
680 291
680 292
680 293
680 294
680 295
680 296
680 297
680 298
680 299
680 300
680 301
680 302
680 303
680 304
680 305
680 306
681 229
681 230
681 231
681 232
681 233
681 234
681 235
681 236
681 237
681 238
681 239
681 240
681 241
681 242
681 243
681 244
681 245
681 246
681 247
681 248
681 249
681 250
681 251
681 252
681 253
681 254
681 255
681 256
681 257
681 258
681 259
681 260
681 261
681 262
681 263
681 264
681 265
681 266
681 267
681 268
681 269
681 270
681 271
681 272
681 273
681 274
681 275
681 276
681 277
681 278
681 279
681 280
681 281
681 282
681 283
681 284
681 285
681 286
681 287
681 288
681 289
681 290
681 291
681 292
681 293
681 294
681 295
681 296
681 297
681 298
681 299
681 300
681 301
681 302
681 303
681 304
681 305
681 306
682 226
682 227
682 228
682 229
682 230
682 231
682 232
682 233
682 234
682 235
682 236
682 237
682 238
682 239
682 240
682 241
682 242
682 243
682 244
682 245
682 246
682 247
682 248
682 249
682 250
682 251
682 252
682 253
682 254
682 255
682 256
682 257
682 258
682 259
682 260
682 261
682 262
682 263
682 264
682 265
682 266
682 267
682 268
682 269
682 270
682 271
682 272
682 273
682 274
682 275
682 276
682 277
682 278
682 279
682 280
682 281
682 282
682 283
682 284
682 285
682 286
682 287
682 288
682 289
682 290
682 291
682 292
682 293
682 294
682 295
682 296
682 297
682 298
682 299
682 300
682 301
682 302
682 303
682 304
683 224
683 225
683 226
683 227
683 228
683 229
683 230
683 231
683 232
683 233
683 234
683 235
683 236
683 237
683 238
683 239
683 240
683 241
683 242
683 243
683 244
683 245
683 246
683 247
683 248
683 249
683 250
683 251
683 252
683 253
683 254
683 255
683 256
683 257
683 258
683 259
683 260
683 261
683 262
683 263
683 264
683 265
683 266
683 267
683 268
683 269
683 270
683 271
683 272
683 273
683 274
683 275
683 276
683 277
683 278
683 279
683 280
683 281
683 282
683 283
683 284
683 285
683 286
683 287
683 288
683 289
683 290
683 291
683 292
683 293
683 294
683 295
683 296
683 297
683 298
683 299
683 300
683 301
683 302
683 303
684 222
684 223
684 224
684 225
684 226
684 227
684 228
684 229
684 230
684 231
684 232
684 233
684 234
684 235
684 236
684 237
684 238
684 239
684 240
684 241
684 242
684 243
684 244
684 245
684 246
684 247
684 248
684 249
684 250
684 251
684 252
684 253
684 254
684 255
684 256
684 257
684 258
684 259
684 260
684 261
684 262
684 263
684 264
684 265
684 266
684 267
684 268
684 269
684 270
684 271
684 272
684 273
684 274
684 275
684 276
684 277
684 278
684 279
684 280
684 281
684 282
684 283
684 284
684 285
684 286
684 287
684 288
684 289
684 290
684 291
684 292
684 293
684 294
684 295
684 296
684 297
684 298
684 299
684 300
684 301
685 220
685 221
685 222
685 223
685 224
685 225
685 226
685 227
685 228
685 229
685 230
685 231
685 232
685 233
685 234
685 235
685 236
685 237
685 238
685 239
685 240
685 241
685 242
685 243
685 244
685 245
685 246
685 247
685 248
685 249
685 250
685 251
685 252
685 253
685 254
685 255
685 256
685 257
685 258
685 259
685 260
685 261
685 262
685 263
685 264
685 265
685 266
685 267
685 268
685 269
685 270
685 271
685 272
685 273
685 274
685 275
685 276
685 277
685 278
685 279
685 280
685 281
685 282
685 283
685 284
685 285
685 286
685 287
685 288
685 289
685 290
685 291
685 292
685 293
685 294
685 295
685 296
685 297
685 298
686 219
686 220
686 221
686 222
686 223
686 224
686 225
686 226
686 227
686 228
686 229
686 230
686 231
686 232
686 233
686 234
686 235
686 236
686 237
686 238
686 239
686 240
686 241
686 242
686 243
686 244
686 245
686 246
686 247
686 248
686 249
686 250
686 251
686 252
686 253
686 254
686 255
686 256
686 257
686 258
686 259
686 260
686 261
686 262
686 263
686 264
686 265
686 266
686 267
686 268
686 269
686 270
686 271
686 272
686 273
686 274
686 275
686 276
686 277
686 278
686 279
686 280
686 281
686 282
686 283
686 284
686 285
686 286
686 287
686 288
686 289
686 290
686 291
686 292
686 293
686 294
686 295
687 217
687 218
687 219
687 220
687 221
687 222
687 223
687 224
687 225
687 226
687 227
687 228
687 229
687 230
687 231
687 232
687 233
687 234
687 235
687 236
687 237
687 238
687 239
687 240
687 241
687 242
687 243
687 244
687 245
687 246
687 247
687 248
687 249
687 250
687 251
687 252
687 253
687 254
687 255
687 256
687 257
687 258
687 259
687 260
687 261
687 262
687 263
687 264
687 265
687 266
687 267
687 268
687 269
687 270
687 271
687 272
687 273
687 274
687 275
687 276
687 277
687 278
687 279
687 280
687 281
687 282
687 283
687 284
687 285
687 286
687 287
687 288
687 289
687 290
687 291
688 216
688 217
688 218
688 219
688 220
688 221
688 222
688 223
688 224
688 225
688 226
688 227
688 228
688 229
688 230
688 231
688 232
688 233
688 234
688 235
688 236
688 237
688 238
688 239
688 240
688 241
688 242
688 243
688 244
688 245
688 246
688 247
688 248
688 249
688 250
688 251
688 252
688 253
688 254
688 255
688 256
688 257
688 258
688 259
688 260
688 261
688 262
688 263
688 264
688 265
688 266
688 267
688 268
688 269
688 270
688 271
688 272
688 273
688 274
688 275
688 276
688 277
688 278
688 279
688 280
688 281
688 282
688 283
688 284
688 285
688 286
689 216
689 217
689 218
689 219
689 220
689 221
689 222
689 223
689 224
689 225
689 226
689 227
689 228
689 229
689 230
689 231
689 232
689 233
689 234
689 235
689 236
689 237
689 238
689 239
689 240
689 241
689 242
689 243
689 244
689 245
689 246
689 247
689 248
689 249
689 250
689 251
689 252
689 253
689 254
689 255
689 256
689 257
689 258
689 259
689 260
689 261
689 262
689 263
689 264
689 265
689 266
689 267
689 268
689 269
689 270
689 271
689 272
689 273
689 274
689 275
689 276
689 277
689 278
689 279
689 280
689 281
690 216
690 217
690 218
690 219
690 220
690 221
690 222
690 223
690 224
690 225
690 226
690 227
690 228
690 229
690 230
690 231
690 232
690 233
690 234
690 235
690 236
690 237
690 238
690 239
690 240
690 241
690 242
690 243
690 244
690 245
690 246
690 247
690 248
690 249
690 250
690 251
690 252
690 253
690 254
690 255
690 256
690 257
690 258
690 259
690 260
690 261
690 262
690 263
690 264
690 265
690 266
690 267
690 268
690 269
690 270
690 271
690 272
690 273
690 274
690 275
691 216
691 217
691 218
691 219
691 220
691 221
691 222
691 223
691 224
691 225
691 226
691 227
691 228
691 229
691 230
691 231
691 232
691 233
691 234
691 235
691 236
691 237
691 238
691 239
691 240
691 241
691 242
691 243
691 244
691 245
691 246
691 247
691 248
691 249
691 250
691 251
691 252
691 253
691 254
691 255
691 256
691 257
691 258
691 259
691 260
691 261
691 262
691 263
691 264
691 265
691 266
691 267
692 217
692 218
692 219
692 220
692 221
692 222
692 223
692 224
692 225
692 226
692 227
692 228
692 229
692 230
692 231
692 232
692 233
692 234
692 235
692 236
692 237
692 238
692 239
692 240
692 241
692 242
692 243
692 244
692 245
692 246
692 247
692 248
692 249
692 250
692 251
692 252
692 253
692 254
692 255
692 256
692 257
692 258
693 220
693 221
693 222
693 223
693 224
693 225
693 226
693 227
693 228
693 229
693 230
693 231
693 232
693 233
693 234
693 235
693 236
693 237
693 238
693 239
693 240
693 241
693 242
693 243
693 244
693 245
693 246
693 247
747 263
747 264
747 265
747 266
747 267
747 268
747 269
747 270
747 271
747 272
747 273
747 274
747 275
747 276
747 277
747 278
747 279
747 280
747 281
747 282
747 283
747 284
747 285
747 286
747 287
747 288
747 289
747 290
748 255
748 256
748 257
748 258
748 259
748 260
748 261
748 262
748 263
748 264
748 265
748 266
748 267
748 268
748 269
748 270
748 271
748 272
748 273
748 274
748 275
748 276
748 277
748 278
748 279
748 280
748 281
748 282
748 283
748 284
748 285
748 286
748 287
748 288
748 289
748 290
748 291
748 292
748 293
748 294
748 295
749 249
749 250
749 251
749 252
749 253
749 254
749 255
749 256
749 257
749 258
749 259
749 260
749 261
749 262
749 263
749 264
749 265
749 266
749 267
749 268
749 269
749 270
749 271
749 272
749 273
749 274
749 275
749 276
749 277
749 278
749 279
749 280
749 281
749 282
749 283
749 284
749 285
749 286
749 287
749 288
749 289
749 290
749 291
749 292
749 293
749 294
749 295
749 296
749 297
749 298
750 245
750 246
750 247
750 248
750 249
750 250
750 251
750 252
750 253
750 254
750 255
750 256
750 257
750 258
750 259
750 260
750 261
750 262
750 263
750 264
750 265
750 266
750 267
750 268
750 269
750 270
750 271
750 272
750 273
750 274
750 275
750 276
750 277
750 278
750 279
750 280
750 281
750 282
750 283
750 284
750 285
750 286
750 287
750 288
750 289
750 290
750 291
750 292
750 293
750 294
750 295
750 296
750 297
750 298
750 299
751 240
751 241
751 242
751 243
751 244
751 245
751 246
751 247
751 248
751 249
751 250
751 251
751 252
751 253
751 254
751 255
751 256
751 257
751 258
751 259
751 260
751 261
751 262
751 263
751 264
751 265
751 266
751 267
751 268
751 269
751 270
751 271
751 272
751 273
751 274
751 275
751 276
751 277
751 278
751 279
751 280
751 281
751 282
751 283
751 284
751 285
751 286
751 287
751 288
751 289
751 290
751 291
751 292
751 293
751 294
751 295
751 296
751 297
751 298
751 299
751 300
752 237
752 238
752 239
752 240
752 241
752 242
752 243
752 244
752 245
752 246
752 247
752 248
752 249
752 250
752 251
752 252
752 253
752 254
752 255
752 256
752 257
752 258
752 259
752 260
752 261
752 262
752 263
752 264
752 265
752 266
752 267
752 268
752 269
752 270
752 271
752 272
752 273
752 274
752 275
752 276
752 277
752 278
752 279
752 280
752 281
752 282
752 283
752 284
752 285
752 286
752 287
752 288
752 289
752 290
752 291
752 292
752 293
752 294
752 295
752 296
752 297
752 298
752 299
752 300
752 301
753 233
753 234
753 235
753 236
753 237
753 238
753 239
753 240
753 241
753 242
753 243
753 244
753 245
753 246
753 247
753 248
753 249
753 250
753 251
753 252
753 253
753 254
753 255
753 256
753 257
753 258
753 259
753 260
753 261
753 262
753 263
753 264
753 265
753 266
753 267
753 268
753 269
753 270
753 271
753 272
753 273
753 274
753 275
753 276
753 277
753 278
753 279
753 280
753 281
753 282
753 283
753 284
753 285
753 286
753 287
753 288
753 289
753 290
753 291
753 292
753 293
753 294
753 295
753 296
753 297
753 298
753 299
753 300
753 301
754 230
754 231
754 232
754 233
754 234
754 235
754 236
754 237
754 238
754 239
754 240
754 241
754 242
754 243
754 244
754 245
754 246
754 247
754 248
754 249
754 250
754 251
754 252
754 253
754 254
754 255
754 256
754 257
754 258
754 259
754 260
754 261
754 262
754 263
754 264
754 265
754 266
754 267
754 268
754 269
754 270
754 271
754 272
754 273
754 274
754 275
754 276
754 277
754 278
754 279
754 280
754 281
754 282
754 283
754 284
754 285
754 286
754 287
754 288
754 289
754 290
754 291
754 292
754 293
754 294
754 295
754 296
754 297
754 298
754 299
754 300
755 228
755 229
755 230
755 231
755 232
755 233
755 234
755 235
755 236
755 237
755 238
755 239
755 240
755 241
755 242
755 243
755 244
755 245
755 246
755 247
755 248
755 249
755 250
755 251
755 252
755 253
755 254
755 255
755 256
755 257
755 258
755 259
755 260
755 261
755 262
755 263
755 264
755 265
755 266
755 267
755 268
755 269
755 270
755 271
755 272
755 273
755 274
755 275
755 276
755 277
755 278
755 279
755 280
755 281
755 282
755 283
755 284
755 285
755 286
755 287
755 288
755 289
755 290
755 291
755 292
755 293
755 294
755 295
755 296
755 297
755 298
755 299
756 225
756 226
756 227
756 228
756 229
756 230
756 231
756 232
756 233
756 234
756 235
756 236
756 237
756 238
756 239
756 240
756 241
756 242
756 243
756 244
756 245
756 246
756 247
756 248
756 249
756 250
756 251
756 252
756 253
756 254
756 255
756 256
756 257
756 258
756 259
756 260
756 261
756 262
756 263
756 264
756 265
756 266
756 267
756 268
756 269
756 270
756 271
756 272
756 273
756 274
756 275
756 276
756 277
756 278
756 279
756 280
756 281
756 282
756 283
756 284
756 285
756 286
756 287
756 288
756 289
756 290
756 291
756 292
756 293
756 294
756 295
756 296
756 297
756 298
757 223
757 224
757 225
757 226
757 227
757 228
757 229
757 230
757 231
757 232
757 233
757 234
757 235
757 236
757 237
757 238
757 239
757 240
757 241
757 242
757 243
757 244
757 245
757 246
757 247
757 248
757 249
757 250
757 251
757 252
757 253
757 254
757 255
757 256
757 257
757 258
757 259
757 260
757 261
757 262
757 263
757 264
757 265
757 266
757 267
757 268
757 269
757 270
757 271
757 272
757 273
757 274
757 275
757 276
757 277
757 278
757 279
757 280
757 281
757 282
757 283
757 284
757 285
757 286
757 287
757 288
757 289
757 290
757 291
757 292
757 293
757 294
757 295
757 296
758 221
758 222
758 223
758 224
758 225
758 226
758 227
758 228
758 229
758 230
758 231
758 232
758 233
758 234
758 235
758 236
758 237
758 238
758 239
758 240
758 241
758 242
758 243
758 244
758 245
758 246
758 247
758 248
758 249
758 250
758 251
758 252
758 253
758 254
758 255
758 256
758 257
758 258
758 259
758 260
758 261
758 262
758 263
758 264
758 265
758 266
758 267
758 268
758 269
758 270
758 271
758 272
758 273
758 274
758 275
758 276
758 277
758 278
758 279
758 280
758 281
758 282
758 283
758 284
758 285
758 286
758 287
758 288
758 289
758 290
758 291
758 292
758 293
759 219
759 220
759 221
759 222
759 223
759 224
759 225
759 226
759 227
759 228
759 229
759 230
759 231
759 232
759 233
759 234
759 235
759 236
759 237
759 238
759 239
759 240
759 241
759 242
759 243
759 244
759 245
759 246
759 247
759 248
759 249
759 250
759 251
759 252
759 253
759 254
759 255
759 256
759 257
759 258
759 259
759 260
759 261
759 262
759 263
759 264
759 265
759 266
759 267
759 268
759 269
759 270
759 271
759 272
759 273
759 274
759 275
759 276
759 277
759 278
759 279
759 280
759 281
759 282
759 283
759 284
759 285
759 286
759 287
759 288
759 289
759 290
760 218
760 219
760 220
760 221
760 222
760 223
760 224
760 225
760 226
760 227
760 228
760 229
760 230
760 231
760 232
760 233
760 234
760 235
760 236
760 237
760 238
760 239
760 240
760 241
760 242
760 243
760 244
760 245
760 246
760 247
760 248
760 249
760 250
760 251
760 252
760 253
760 254
760 255
760 256
760 257
760 258
760 259
760 260
760 261
760 262
760 263
760 264
760 265
760 266
760 267
760 268
760 269
760 270
760 271
760 272
760 273
760 274
760 275
760 276
760 277
760 278
760 279
760 280
760 281
760 282
760 283
760 284
760 285
760 286
761 217
761 218
761 219
761 220
761 221
761 222
761 223
761 224
761 225
761 226
761 227
761 228
761 229
761 230
761 231
761 232
761 233
761 234
761 235
761 236
761 237
761 238
761 239
761 240
761 241
761 242
761 243
761 244
761 245
761 246
761 247
761 248
761 249
761 250
761 251
761 252
761 253
761 254
761 255
761 256
761 257
761 258
761 259
761 260
761 261
761 262
761 263
761 264
761 265
761 266
761 267
761 268
761 269
761 270
761 271
761 272
761 273
761 274
761 275
761 276
761 277
761 278
761 279
761 280
761 281
762 216
762 217
762 218
762 219
762 220
762 221
762 222
762 223
762 224
762 225
762 226
762 227
762 228
762 229
762 230
762 231
762 232
762 233
762 234
762 235
762 236
762 237
762 238
762 239
762 240
762 241
762 242
762 243
762 244
762 245
762 246
762 247
762 248
762 249
762 250
762 251
762 252
762 253
762 254
762 255
762 256
762 257
762 258
762 259
762 260
762 261
762 262
762 263
762 264
762 265
762 266
762 267
762 268
762 269
762 270
762 271
762 272
762 273
762 274
762 275
762 276
763 216
763 217
763 218
763 219
763 220
763 221
763 222
763 223
763 224
763 225
763 226
763 227
763 228
763 229
763 230
763 231
763 232
763 233
763 234
763 235
763 236
763 237
763 238
763 239
763 240
763 241
763 242
763 243
763 244
763 245
763 246
763 247
763 248
763 249
763 250
763 251
763 252
763 253
763 254
763 255
763 256
763 257
763 258
763 259
763 260
763 261
763 262
763 263
763 264
763 265
763 266
763 267
763 268
763 269
764 216
764 217
764 218
764 219
764 220
764 221
764 222
764 223
764 224
764 225
764 226
764 227
764 228
764 229
764 230
764 231
764 232
764 233
764 234
764 235
764 236
764 237
764 238
764 239
764 240
764 241
764 242
764 243
764 244
764 245
764 246
764 247
764 248
764 249
764 250
764 251
764 252
764 253
764 254
764 255
764 256
764 257
764 258
764 259
764 260
764 261
764 262
765 218
765 219
765 220
765 221
765 222
765 223
765 224
765 225
765 226
765 227
765 228
765 229
765 230
765 231
765 232
765 233
765 234
765 235
765 236
765 237
765 238
765 239
765 240
765 241
765 242
765 243
765 244
765 245
765 246
765 247
765 248
765 249
765 250
765 251
765 252
766 223
766 224
766 225
766 226
766 227
766 228
766 229
766 230
766 231
766 232
766 233
766 234
766 235
766 236
766 237
766 238
766 239
822 265
822 266
822 267
822 268
822 269
822 270
822 271
822 272
822 273
822 274
822 275
822 276
822 277
822 278
822 279
823 256
823 257
823 258
823 259
823 260
823 261
823 262
823 263
823 264
823 265
823 266
823 267
823 268
823 269
823 270
823 271
823 272
823 273
823 274
823 275
823 276
823 277
823 278
823 279
823 280
823 281
823 282
823 283
823 284
823 285
824 249
824 250
824 251
824 252
824 253
824 254
824 255
824 256
824 257
824 258
824 259
824 260
824 261
824 262
824 263
824 264
824 265
824 266
824 267
824 268
824 269
824 270
824 271
824 272
824 273
824 274
824 275
824 276
824 277
824 278
824 279
824 280
824 281
824 282
824 283
824 284
824 285
824 286
824 287
824 288
825 245
825 246
825 247
825 248
825 249
825 250
825 251
825 252
825 253
825 254
825 255
825 256
825 257
825 258
825 259
825 260
825 261
825 262
825 263
825 264
825 265
825 266
825 267
825 268
825 269
825 270
825 271
825 272
825 273
825 274
825 275
825 276
825 277
825 278
825 279
825 280
825 281
825 282
825 283
825 284
825 285
825 286
825 287
825 288
825 289
825 290
826 240
826 241
826 242
826 243
826 244
826 245
826 246
826 247
826 248
826 249
826 250
826 251
826 252
826 253
826 254
826 255
826 256
826 257
826 258
826 259
826 260
826 261
826 262
826 263
826 264
826 265
826 266
826 267
826 268
826 269
826 270
826 271
826 272
826 273
826 274
826 275
826 276
826 277
826 278
826 279
826 280
826 281
826 282
826 283
826 284
826 285
826 286
826 287
826 288
826 289
826 290
826 291
827 237
827 238
827 239
827 240
827 241
827 242
827 243
827 244
827 245
827 246
827 247
827 248
827 249
827 250
827 251
827 252
827 253
827 254
827 255
827 256
827 257
827 258
827 259
827 260
827 261
827 262
827 263
827 264
827 265
827 266
827 267
827 268
827 269
827 270
827 271
827 272
827 273
827 274
827 275
827 276
827 277
827 278
827 279
827 280
827 281
827 282
827 283
827 284
827 285
827 286
827 287
827 288
827 289
827 290
827 291
828 234
828 235
828 236
828 237
828 238
828 239
828 240
828 241
828 242
828 243
828 244
828 245
828 246
828 247
828 248
828 249
828 250
828 251
828 252
828 253
828 254
828 255
828 256
828 257
828 258
828 259
828 260
828 261
828 262
828 263
828 264
828 265
828 266
828 267
828 268
828 269
828 270
828 271
828 272
828 273
828 274
828 275
828 276
828 277
828 278
828 279
828 280
828 281
828 282
828 283
828 284
828 285
828 286
828 287
828 288
828 289
828 290
829 231
829 232
829 233
829 234
829 235
829 236
829 237
829 238
829 239
829 240
829 241
829 242
829 243
829 244
829 245
829 246
829 247
829 248
829 249
829 250
829 251
829 252
829 253
829 254
829 255
829 256
829 257
829 258
829 259
829 260
829 261
829 262
829 263
829 264
829 265
829 266
829 267
829 268
829 269
829 270
829 271
829 272
829 273
829 274
829 275
829 276
829 277
829 278
829 279
829 280
829 281
829 282
829 283
829 284
829 285
829 286
829 287
829 288
829 289
830 228
830 229
830 230
830 231
830 232
830 233
830 234
830 235
830 236
830 237
830 238
830 239
830 240
830 241
830 242
830 243
830 244
830 245
830 246
830 247
830 248
830 249
830 250
830 251
830 252
830 253
830 254
830 255
830 256
830 257
830 258
830 259
830 260
830 261
830 262
830 263
830 264
830 265
830 266
830 267
830 268
830 269
830 270
830 271
830 272
830 273
830 274
830 275
830 276
830 277
830 278
830 279
830 280
830 281
830 282
830 283
830 284
830 285
830 286
830 287
831 226
831 227
831 228
831 229
831 230
831 231
831 232
831 233
831 234
831 235
831 236
831 237
831 238
831 239
831 240
831 241
831 242
831 243
831 244
831 245
831 246
831 247
831 248
831 249
831 250
831 251
831 252
831 253
831 254
831 255
831 256
831 257
831 258
831 259
831 260
831 261
831 262
831 263
831 264
831 265
831 266
831 267
831 268
831 269
831 270
831 271
831 272
831 273
831 274
831 275
831 276
831 277
831 278
831 279
831 280
831 281
831 282
831 283
831 284
831 285
832 224
832 225
832 226
832 227
832 228
832 229
832 230
832 231
832 232
832 233
832 234
832 235
832 236
832 237
832 238
832 239
832 240
832 241
832 242
832 243
832 244
832 245
832 246
832 247
832 248
832 249
832 250
832 251
832 252
832 253
832 254
832 255
832 256
832 257
832 258
832 259
832 260
832 261
832 262
832 263
832 264
832 265
832 266
832 267
832 268
832 269
832 270
832 271
832 272
832 273
832 274
832 275
832 276
832 277
832 278
832 279
832 280
832 281
832 282
833 223
833 224
833 225
833 226
833 227
833 228
833 229
833 230
833 231
833 232
833 233
833 234
833 235
833 236
833 237
833 238
833 239
833 240
833 241
833 242
833 243
833 244
833 245
833 246
833 247
833 248
833 249
833 250
833 251
833 252
833 253
833 254
833 255
833 256
833 257
833 258
833 259
833 260
833 261
833 262
833 263
833 264
833 265
833 266
833 267
833 268
833 269
833 270
833 271
833 272
833 273
833 274
833 275
833 276
833 277
833 278
834 222
834 223
834 224
834 225
834 226
834 227
834 228
834 229
834 230
834 231
834 232
834 233
834 234
834 235
834 236
834 237
834 238
834 239
834 240
834 241
834 242
834 243
834 244
834 245
834 246
834 247
834 248
834 249
834 250
834 251
834 252
834 253
834 254
834 255
834 256
834 257
834 258
834 259
834 260
834 261
834 262
834 263
834 264
834 265
834 266
834 267
834 268
834 269
834 270
834 271
834 272
834 273
835 222
835 223
835 224
835 225
835 226
835 227
835 228
835 229
835 230
835 231
835 232
835 233
835 234
835 235
835 236
835 237
835 238
835 239
835 240
835 241
835 242
835 243
835 244
835 245
835 246
835 247
835 248
835 249
835 250
835 251
835 252
835 253
835 254
835 255
835 256
835 257
835 258
835 259
835 260
835 261
835 262
835 263
835 264
835 265
835 266
835 267
835 268
836 222
836 223
836 224
836 225
836 226
836 227
836 228
836 229
836 230
836 231
836 232
836 233
836 234
836 235
836 236
836 237
836 238
836 239
836 240
836 241
836 242
836 243
836 244
836 245
836 246
836 247
836 248
836 249
836 250
836 251
836 252
836 253
836 254
836 255
836 256
836 257
836 258
836 259
836 260
837 225
837 226
837 227
837 228
837 229
837 230
837 231
837 232
837 233
837 234
837 235
837 236
837 237
837 238
837 239
837 240
837 241
837 242
837 243
837 244
837 245
837 246
837 247
837 248
837 249
837 250
837 251
902 256
902 257
902 258
902 259
902 260
902 261
903 250
903 251
903 252
903 253
903 254
903 255
903 256
903 257
903 258
903 259
903 260
903 261
903 262
903 263
903 264
904 247
904 248
904 249
904 250
904 251
904 252
904 253
904 254
904 255
904 256
904 257
904 258
904 259
904 260
904 261
904 262
905 246
905 247
905 248
905 249
905 250
905 251
905 252
905 253
905 254
905 255
905 256
905 257
905 258
905 259
4132 263
4132 264
4132 265
4132 266
4132 267
4132 268
4132 269
4132 270
4132 271
4132 272
4132 273
4132 274
4132 275
4132 276
4132 277
4132 278
4133 258
4133 259
4133 260
4133 261
4133 262
4133 263
4133 264
4133 265
4133 266
4133 267
4133 268
4133 269
4133 270
4133 271
4133 272
4133 273
4133 274
4133 275
4133 276
4133 277
4133 278
4133 279
4133 280
4134 255
4134 256
4134 257
4134 258
4134 259
4134 260
4134 261
4134 262
4134 263
4134 264
4134 265
4134 266
4134 267
4134 268
4134 269
4134 270
4134 271
4134 272
4134 273
4134 274
4134 275
4134 276
4134 277
4134 278
4134 279
4135 254
4135 255
4135 256
4135 257
4135 258
4135 259
4135 260
4135 261
4135 262
4135 263
4135 264
4135 265
4135 266
4135 267
4135 268
4135 269
4135 270
4135 271
4135 272
4135 273
4135 274
4135 275
4135 276
4135 277
4135 278
4136 254
4136 255
4136 256
4136 257
4136 258
4136 259
4136 260
4136 261
4136 262
4136 263
4136 264
4136 265
4136 266
4136 267
4136 268
4136 269
4136 270
4136 271
4136 272
4136 273
4136 274
4136 275
4137 255
4137 256
4137 257
4137 258
4137 259
4137 260
4137 261
4137 262
4137 263
4137 264
4137 265
4137 266
4137 267
4137 268
4137 269
4137 270
4202 263
4202 264
4202 265
4202 266
4202 267
4202 268
4202 269
4202 270
4202 271
4202 272
4202 273
4202 274
4202 275
4202 276
4202 277
4202 278
4202 279
4202 280
4202 281
4202 282
4202 283
4202 284
4202 285
4203 258
4203 259
4203 260
4203 261
4203 262
4203 263
4203 264
4203 265
4203 266
4203 267
4203 268
4203 269
4203 270
4203 271
4203 272
4203 273
4203 274
4203 275
4203 276
4203 277
4203 278
4203 279
4203 280
4203 281
4203 282
4203 283
4203 284
4203 285
4203 286
4203 287
4203 288
4204 254
4204 255
4204 256
4204 257
4204 258
4204 259
4204 260
4204 261
4204 262
4204 263
4204 264
4204 265
4204 266
4204 267
4204 268
4204 269
4204 270
4204 271
4204 272
4204 273
4204 274
4204 275
4204 276
4204 277
4204 278
4204 279
4204 280
4204 281
4204 282
4204 283
4204 284
4204 285
4204 286
4204 287
4204 288
4205 251
4205 252
4205 253
4205 254
4205 255
4205 256
4205 257
4205 258
4205 259
4205 260
4205 261
4205 262
4205 263
4205 264
4205 265
4205 266
4205 267
4205 268
4205 269
4205 270
4205 271
4205 272
4205 273
4205 274
4205 275
4205 276
4205 277
4205 278
4205 279
4205 280
4205 281
4205 282
4205 283
4205 284
4205 285
4205 286
4205 287
4205 288
4206 249
4206 250
4206 251
4206 252
4206 253
4206 254
4206 255
4206 256
4206 257
4206 258
4206 259
4206 260
4206 261
4206 262
4206 263
4206 264
4206 265
4206 266
4206 267
4206 268
4206 269
4206 270
4206 271
4206 272
4206 273
4206 274
4206 275
4206 276
4206 277
4206 278
4206 279
4206 280
4206 281
4206 282
4206 283
4206 284
4206 285
4206 286
4206 287
4207 248
4207 249
4207 250
4207 251
4207 252
4207 253
4207 254
4207 255
4207 256
4207 257
4207 258
4207 259
4207 260
4207 261
4207 262
4207 263
4207 264
4207 265
4207 266
4207 267
4207 268
4207 269
4207 270
4207 271
4207 272
4207 273
4207 274
4207 275
4207 276
4207 277
4207 278
4207 279
4207 280
4207 281
4207 282
4207 283
4207 284
4207 285
4208 248
4208 249
4208 250
4208 251
4208 252
4208 253
4208 254
4208 255
4208 256
4208 257
4208 258
4208 259
4208 260
4208 261
4208 262
4208 263
4208 264
4208 265
4208 266
4208 267
4208 268
4208 269
4208 270
4208 271
4208 272
4208 273
4208 274
4208 275
4208 276
4208 277
4208 278
4208 279
4208 280
4208 281
4208 282
4209 248
4209 249
4209 250
4209 251
4209 252
4209 253
4209 254
4209 255
4209 256
4209 257
4209 258
4209 259
4209 260
4209 261
4209 262
4209 263
4209 264
4209 265
4209 266
4209 267
4209 268
4209 269
4209 270
4209 271
4209 272
4209 273
4209 274
4209 275
4209 276
4209 277
4209 278
4210 250
4210 251
4210 252
4210 253
4210 254
4210 255
4210 256
4210 257
4210 258
4210 259
4210 260
4210 261
4210 262
4210 263
4210 264
4210 265
4210 266
4210 267
4210 268
4210 269
4210 270
4210 271
4210 272
4210 273
4211 255
4211 256
4211 257
4211 258
4211 259
4211 260
4211 261
4211 262
4211 263
4211 264
4272 272
4272 273
4272 274
4272 275
4272 276
4272 277
4272 278
4272 279
4272 280
4272 281
4272 282
4272 283
4272 284
4272 285
4273 263
4273 264
4273 265
4273 266
4273 267
4273 268
4273 269
4273 270
4273 271
4273 272
4273 273
4273 274
4273 275
4273 276
4273 277
4273 278
4273 279
4273 280
4273 281
4273 282
4273 283
4273 284
4273 285
4273 286
4273 287
4273 288
4273 289
4273 290
4274 257
4274 258
4274 259
4274 260
4274 261
4274 262
4274 263
4274 264
4274 265
4274 266
4274 267
4274 268
4274 269
4274 270
4274 271
4274 272
4274 273
4274 274
4274 275
4274 276
4274 277
4274 278
4274 279
4274 280
4274 281
4274 282
4274 283
4274 284
4274 285
4274 286
4274 287
4274 288
4274 289
4274 290
4274 291
4274 292
4275 253
4275 254
4275 255
4275 256
4275 257
4275 258
4275 259
4275 260
4275 261
4275 262
4275 263
4275 264
4275 265
4275 266
4275 267
4275 268
4275 269
4275 270
4275 271
4275 272
4275 273
4275 274
4275 275
4275 276
4275 277
4275 278
4275 279
4275 280
4275 281
4275 282
4275 283
4275 284
4275 285
4275 286
4275 287
4275 288
4275 289
4275 290
4275 291
4275 292
4275 293
4276 250
4276 251
4276 252
4276 253
4276 254
4276 255
4276 256
4276 257
4276 258
4276 259
4276 260
4276 261
4276 262
4276 263
4276 264
4276 265
4276 266
4276 267
4276 268
4276 269
4276 270
4276 271
4276 272
4276 273
4276 274
4276 275
4276 276
4276 277
4276 278
4276 279
4276 280
4276 281
4276 282
4276 283
4276 284
4276 285
4276 286
4276 287
4276 288
4276 289
4276 290
4276 291
4276 292
4276 293
4277 248
4277 249
4277 250
4277 251
4277 252
4277 253
4277 254
4277 255
4277 256
4277 257
4277 258
4277 259
4277 260
4277 261
4277 262
4277 263
4277 264
4277 265
4277 266
4277 267
4277 268
4277 269
4277 270
4277 271
4277 272
4277 273
4277 274
4277 275
4277 276
4277 277
4277 278
4277 279
4277 280
4277 281
4277 282
4277 283
4277 284
4277 285
4277 286
4277 287
4277 288
4277 289
4277 290
4277 291
4277 292
4278 246
4278 247
4278 248
4278 249
4278 250
4278 251
4278 252
4278 253
4278 254
4278 255
4278 256
4278 257
4278 258
4278 259
4278 260
4278 261
4278 262
4278 263
4278 264
4278 265
4278 266
4278 267
4278 268
4278 269
4278 270
4278 271
4278 272
4278 273
4278 274
4278 275
4278 276
4278 277
4278 278
4278 279
4278 280
4278 281
4278 282
4278 283
4278 284
4278 285
4278 286
4278 287
4278 288
4278 289
4278 290
4279 245
4279 246
4279 247
4279 248
4279 249
4279 250
4279 251
4279 252
4279 253
4279 254
4279 255
4279 256
4279 257
4279 258
4279 259
4279 260
4279 261
4279 262
4279 263
4279 264
4279 265
4279 266
4279 267
4279 268
4279 269
4279 270
4279 271
4279 272
4279 273
4279 274
4279 275
4279 276
4279 277
4279 278
4279 279
4279 280
4279 281
4279 282
4279 283
4279 284
4279 285
4279 286
4279 287
4280 245
4280 246
4280 247
4280 248
4280 249
4280 250
4280 251
4280 252
4280 253
4280 254
4280 255
4280 256
4280 257
4280 258
4280 259
4280 260
4280 261
4280 262
4280 263
4280 264
4280 265
4280 266
4280 267
4280 268
4280 269
4280 270
4280 271
4280 272
4280 273
4280 274
4280 275
4280 276
4280 277
4280 278
4280 279
4280 280
4280 281
4280 282
4280 283
4280 284
4281 246
4281 247
4281 248
4281 249
4281 250
4281 251
4281 252
4281 253
4281 254
4281 255
4281 256
4281 257
4281 258
4281 259
4281 260
4281 261
4281 262
4281 263
4281 264
4281 265
4281 266
4281 267
4281 268
4281 269
4281 270
4281 271
4281 272
4281 273
4281 274
4281 275
4281 276
4281 277
4281 278
4281 279
4281 280
4281 281
4282 247
4282 248
4282 249
4282 250
4282 251
4282 252
4282 253
4282 254
4282 255
4282 256
4282 257
4282 258
4282 259
4282 260
4282 261
4282 262
4282 263
4282 264
4282 265
4282 266
4282 267
4282 268
4282 269
4282 270
4282 271
4282 272
4282 273
4282 274
4282 275
4282 276
4283 250
4283 251
4283 252
4283 253
4283 254
4283 255
4283 256
4283 257
4283 258
4283 259
4283 260
4283 261
4283 262
4283 263
4283 264
4283 265
4283 266
4283 267
4283 268
4283 269
4343 275
4343 276
4343 277
4343 278
4343 279
4343 280
4343 281
4343 282
4343 283
4343 284
4343 285
4343 286
4344 264
4344 265
4344 266
4344 267
4344 268
4344 269
4344 270
4344 271
4344 272
4344 273
4344 274
4344 275
4344 276
4344 277
4344 278
4344 279
4344 280
4344 281
4344 282
4344 283
4344 284
4344 285
4344 286
4344 287
4344 288
4344 289
4344 290
4344 291
4344 292
4345 258
4345 259
4345 260
4345 261
4345 262
4345 263
4345 264
4345 265
4345 266
4345 267
4345 268
4345 269
4345 270
4345 271
4345 272
4345 273
4345 274
4345 275
4345 276
4345 277
4345 278
4345 279
4345 280
4345 281
4345 282
4345 283
4345 284
4345 285
4345 286
4345 287
4345 288
4345 289
4345 290
4345 291
4345 292
4345 293
4345 294
4346 254
4346 255
4346 256
4346 257
4346 258
4346 259
4346 260
4346 261
4346 262
4346 263
4346 264
4346 265
4346 266
4346 267
4346 268
4346 269
4346 270
4346 271
4346 272
4346 273
4346 274
4346 275
4346 276
4346 277
4346 278
4346 279
4346 280
4346 281
4346 282
4346 283
4346 284
4346 285
4346 286
4346 287
4346 288
4346 289
4346 290
4346 291
4346 292
4346 293
4346 294
4346 295
4347 250
4347 251
4347 252
4347 253
4347 254
4347 255
4347 256
4347 257
4347 258
4347 259
4347 260
4347 261
4347 262
4347 263
4347 264
4347 265
4347 266
4347 267
4347 268
4347 269
4347 270
4347 271
4347 272
4347 273
4347 274
4347 275
4347 276
4347 277
4347 278
4347 279
4347 280
4347 281
4347 282
4347 283
4347 284
4347 285
4347 286
4347 287
4347 288
4347 289
4347 290
4347 291
4347 292
4347 293
4347 294
4347 295
4348 248
4348 249
4348 250
4348 251
4348 252
4348 253
4348 254
4348 255
4348 256
4348 257
4348 258
4348 259
4348 260
4348 261
4348 262
4348 263
4348 264
4348 265
4348 266
4348 267
4348 268
4348 269
4348 270
4348 271
4348 272
4348 273
4348 274
4348 275
4348 276
4348 277
4348 278
4348 279
4348 280
4348 281
4348 282
4348 283
4348 284
4348 285
4348 286
4348 287
4348 288
4348 289
4348 290
4348 291
4348 292
4348 293
4348 294
4349 246
4349 247
4349 248
4349 249
4349 250
4349 251
4349 252
4349 253
4349 254
4349 255
4349 256
4349 257
4349 258
4349 259
4349 260
4349 261
4349 262
4349 263
4349 264
4349 265
4349 266
4349 267
4349 268
4349 269
4349 270
4349 271
4349 272
4349 273
4349 274
4349 275
4349 276
4349 277
4349 278
4349 279
4349 280
4349 281
4349 282
4349 283
4349 284
4349 285
4349 286
4349 287
4349 288
4349 289
4349 290
4349 291
4349 292
4349 293
4350 245
4350 246
4350 247
4350 248
4350 249
4350 250
4350 251
4350 252
4350 253
4350 254
4350 255
4350 256
4350 257
4350 258
4350 259
4350 260
4350 261
4350 262
4350 263
4350 264
4350 265
4350 266
4350 267
4350 268
4350 269
4350 270
4350 271
4350 272
4350 273
4350 274
4350 275
4350 276
4350 277
4350 278
4350 279
4350 280
4350 281
4350 282
4350 283
4350 284
4350 285
4350 286
4350 287
4350 288
4350 289
4350 290
4350 291
4351 244
4351 245
4351 246
4351 247
4351 248
4351 249
4351 250
4351 251
4351 252
4351 253
4351 254
4351 255
4351 256
4351 257
4351 258
4351 259
4351 260
4351 261
4351 262
4351 263
4351 264
4351 265
4351 266
4351 267
4351 268
4351 269
4351 270
4351 271
4351 272
4351 273
4351 274
4351 275
4351 276
4351 277
4351 278
4351 279
4351 280
4351 281
4351 282
4351 283
4351 284
4351 285
4351 286
4351 287
4351 288
4352 244
4352 245
4352 246
4352 247
4352 248
4352 249
4352 250
4352 251
4352 252
4352 253
4352 254
4352 255
4352 256
4352 257
4352 258
4352 259
4352 260
4352 261
4352 262
4352 263
4352 264
4352 265
4352 266
4352 267
4352 268
4352 269
4352 270
4352 271
4352 272
4352 273
4352 274
4352 275
4352 276
4352 277
4352 278
4352 279
4352 280
4352 281
4352 282
4352 283
4352 284
4352 285
4353 245
4353 246
4353 247
4353 248
4353 249
4353 250
4353 251
4353 252
4353 253
4353 254
4353 255
4353 256
4353 257
4353 258
4353 259
4353 260
4353 261
4353 262
4353 263
4353 264
4353 265
4353 266
4353 267
4353 268
4353 269
4353 270
4353 271
4353 272
4353 273
4353 274
4353 275
4353 276
4353 277
4353 278
4353 279
4353 280
4354 247
4354 248
4354 249
4354 250
4354 251
4354 252
4354 253
4354 254
4354 255
4354 256
4354 257
4354 258
4354 259
4354 260
4354 261
4354 262
4354 263
4354 264
4354 265
4354 266
4354 267
4354 268
4354 269
4354 270
4354 271
4354 272
4354 273
4354 274
4354 275
4355 250
4355 251
4355 252
4355 253
4355 254
4355 255
4355 256
4355 257
4355 258
4355 259
4355 260
4355 261
4355 262
4355 263
4355 264
4355 265
4355 266
4355 267
4355 268
