1036 208
1043 210
1043 211
1048 204
1048 205
1050 212
1050 213
1055 206
1055 207
1055 208
1057 215
1062 208
1062 209
1062 210
1064 217
1064 218
1067 203
1067 204
1069 211
1069 212
1069 213
1071 220
1074 205
1074 206
1074 207
1076 213
1076 214
1076 215
1081 207
1081 208
1081 209
1083 216
1083 217
1086 202
1086 203
1088 210
1088 211
1088 212
1090 218
1090 219
1090 220
1093 204
1093 205
1093 206
1095 212
1095 213
1095 214
1097 221
1097 222
1100 206
1100 207
1100 208
1102 214
1102 215
1102 216
1102 217
1104 224
1107 209
1107 210
1107 211
1109 217
1109 218
1109 219
1112 203
1112 204
1114 211
1114 212
1114 213
1116 219
1116 220
1116 221
1119 205
1119 206
1119 207
1121 213
1121 214
1121 215
1121 216
1123 222
1123 223
1123 224
1126 208
1126 209
1126 210
1128 216
1128 217
1128 218
1130 225
1130 226
1133 210
1133 211
1133 212
1135 218
1135 219
1135 220
1135 221
1138 205
1138 206
1140 212
1140 213
1140 214
1140 215
1142 221
1142 222
1142 223
1145 207
1145 208
1147 215
1147 216
1147 217
1149 224
1149 225
1152 209
1152 210
1152 211
1154 218
1154 219
1154 220
1156 227
1159 212
1159 213
1159 214
1161 220
1161 221
1161 222
1166 214
1166 215
1166 216
1168 223
1168 224
1173 217
1173 218
1175 226
1175 227
1178 212
1180 219
1180 220
1180 221
1185 214
1187 222
1187 223
1192 217
1194 225
1194 226
2862 13
2867 7
2867 8
2869 14
2869 15
2869 16
2874 8
2874 9
2874 10
2874 11
2876 16
2876 17
2876 18
2879 3
2879 4
2879 5
2881 10
2881 11
2881 12
2881 13
2883 19
2883 20
2883 21
2886 5
2886 6
2886 7
2888 12
2888 13
2888 14
2888 15
2888 16
2890 21
2890 22
2890 23
2891 0
2891 1
2893 6
2893 7
2893 8
2893 9
2893 10
2895 14
2895 15
2895 16
2895 17
2895 18
2897 24
2897 25
2898 1
2898 2
2898 3
2898 4
2900 9
2900 10
2900 11
2900 12
2900 13
2902 17
2902 18
2902 19
2902 20
2902 21
2903 573
2904 26
2904 27
2905 3
2905 4
2905 5
2905 6
2905 7
2907 11
2907 12
2907 13
2907 14
2907 15
2909 19
2909 20
2909 21
2909 22
2909 23
2910 0
2910 1
2910 574
2910 575
2912 5
2912 6
2912 7
2912 8
2912 9
2912 10
2914 13
2914 14
2914 15
2914 16
2914 17
2914 18
2916 22
2916 23
2916 24
2916 25
2917 0
2917 1
2917 2
2917 3
2919 7
2919 8
2919 9
2919 10
2919 11
2919 12
2921 15
2921 16
2921 17
2921 18
2921 19
2921 20
2922 572
2923 24
2923 25
2923 26
2923 27
2924 2
2924 3
2924 4
2924 5
2924 6
2926 9
2926 10
2926 11
2926 12
2926 13
2926 14
2926 15
2928 18
2928 19
2928 20
2928 21
2928 22
2929 0
2929 573
2929 574
2929 575
2930 27
2930 28
2930 29
2931 4
2931 5
2931 6
2931 7
2931 8
2931 9
2933 12
2933 13
2933 14
2933 15
2933 16
2933 17
2935 20
2935 21
2935 22
2935 23
2935 24
2935 25
2936 0
2936 1
2936 2
2936 575
2937 30
2937 31
2938 6
2938 7
2938 8
2938 9
2938 10
2938 11
2940 14
2940 15
2940 16
2940 17
2940 18
2940 19
2941 571
2942 23
2942 24
2942 25
2942 26
2942 27
2943 1
2943 2
2943 3
2943 4
2943 5
2945 8
2945 9
2945 10
2945 11
2945 12
2945 13
2945 14
2947 16
2947 17
2947 18
2947 19
2947 20
2947 21
2947 22
2948 572
2948 573
2948 574
2949 25
2949 26
2949 27
2949 28
2949 29
2950 3
2950 4
2950 5
2950 6
2950 7
2950 8
2952 10
2952 11
2952 12
2952 13
2952 14
2952 15
2952 16
2954 19
2954 20
2954 21
2954 22
2954 23
2954 24
2955 0
2955 1
2955 574
2955 575
2956 28
2956 29
2956 30
2956 31
2957 5
2957 6
2957 7
2957 8
2957 9
2957 10
2959 13
2959 14
2959 15
2959 16
2959 17
2959 18
2961 21
2961 22
2961 23
2961 24
2961 25
2961 26
2962 0
2962 1
2962 2
2962 3
2962 4
2963 31
2963 32
2964 7
2964 8
2964 9
2964 10
2964 11
2964 12
2964 13
2966 15
2966 16
2966 17
2966 18
2966 19
2966 20
2966 21
2967 572
2967 573
2968 24
2968 25
2968 26
2968 27
2968 28
2969 2
2969 3
2969 4
2969 5
2969 6
2969 7
2971 9
2971 10
2971 11
2971 12
2971 13
2971 14
2971 15
2973 17
2973 18
2973 19
2973 20
2973 21
2973 22
2973 23
2974 0
2974 573
2974 574
2974 575
2975 26
2975 27
2975 28
2975 29
2975 30
2976 4
2976 5
2976 6
2976 7
2976 8
2976 9
2978 12
2978 13
2978 14
2978 15
2978 16
2978 17
2978 18
2980 20
2980 21
2980 22
2980 23
2980 24
2980 25
2981 0
2981 1
2981 2
2981 3
2981 575
2982 29
2982 30
2982 31
2982 32
2983 6
2983 7
2983 8
2983 9
2983 10
2983 11
2983 12
2985 14
2985 15
2985 16
2985 17
2985 18
2985 19
2985 20
2987 23
2987 24
2987 25
2987 26
2987 27
2988 1
2988 2
2988 3
2988 4
2988 5
2990 8
2990 9
2990 10
2990 11
2990 12
2990 13
2990 14
2992 16
2992 17
2992 18
2992 19
2992 20
2992 21
2992 22
2993 573
2993 574
2994 25
2994 26
2994 27
2994 28
2994 29
2995 3
2995 4
2995 5
2995 6
2995 7
2995 8
2997 11
2997 12
2997 13
2997 14
2997 15
2997 16
2999 19
2999 20
2999 21
2999 22
2999 23
2999 24
3000 0
3000 1
3000 574
3000 575
3001 28
3001 29
3001 30
3001 31
3002 5
3002 6
3002 7
3002 8
3002 9
3002 10
3004 13
3004 14
3004 15
3004 16
3004 17
3004 18
3004 19
3006 22
3006 23
3006 24
3006 25
3006 26
3007 0
3007 1
3007 2
3007 3
3007 4
3008 32
3009 8
3009 9
3009 10
3009 11
3009 12
3009 13
3011 16
3011 17
3011 18
3011 19
3011 20
3011 21
3013 24
3013 25
3013 26
3013 27
3013 28
3014 2
3014 3
3014 4
3014 5
3014 6
3014 7
3016 10
3016 11
3016 12
3016 13
3016 14
3016 15
3018 18
3018 19
3018 20
3018 21
3018 22
3018 23
3019 575
3020 27
3020 28
3020 29
3020 30
3021 5
3021 6
3021 7
3021 8
3021 9
3023 12
3023 13
3023 14
3023 15
3023 16
3023 17
3025 21
3025 22
3025 23
3025 24
3025 25
3026 0
3026 1
3026 2
3027 31
3028 7
3028 8
3028 9
3028 10
3028 11
3030 15
3030 16
3030 17
3030 18
3030 19
3030 20
3032 23
3032 24
3032 25
3032 26
3032 27
3033 2
3033 3
3033 4
3033 5
3035 9
3035 10
3035 11
3035 12
3035 13
3035 14
3037 17
3037 18
3037 19
3037 20
3037 21
3037 22
3039 26
3039 27
3039 28
3040 4
3040 5
3040 6
3040 7
3042 12
3042 13
3042 14
3042 15
3042 16
3044 20
3044 21
3044 22
3044 23
3044 24
3047 7
3047 8
3047 9
3047 10
3049 14
3049 15
3049 16
3049 17
3049 18
3051 23
3051 24
3051 25
3054 9
3054 10
3054 11
3054 12
3056 17
3056 18
3056 19
3056 20
3058 26
3058 27
3059 5
3061 11
3061 12
3061 13
3061 14
3063 19
3063 20
3063 21
3063 22
3066 7
3068 14
3068 15
3068 16
3070 23
3073 9
3073 10
3075 17
3075 18
