675 147
690 153
691 149
691 150
692 146
692 147
693 143
693 144
707 152
707 153
708 148
708 149
708 150
709 145
709 146
709 147
710 142
710 143
724 151
724 152
725 148
725 149
726 145
726 146
727 142
727 143
741 151
741 152
742 148
742 149
743 145
744 142
1675 524
1690 530
1691 526
1691 527
1692 523
1692 524
1693 521
1698 129
1699 125
1699 126
1699 127
1700 121
1700 122
1700 123
1700 124
1701 118
1701 119
1701 120
1701 121
1702 114
1702 115
1702 116
1702 117
1702 118
1703 111
1703 112
1703 113
1703 114
1704 108
1704 109
1704 110
1704 111
1705 106
1705 107
1707 529
1707 530
1708 526
1708 527
1709 523
1709 524
1710 520
1710 521
1714 130
1714 131
1714 132
1714 133
1715 127
1715 128
1715 129
1715 130
1716 123
1716 124
1716 125
1716 126
1716 127
1717 119
1717 120
1717 121
1717 122
1717 123
1717 124
1718 116
1718 117
1718 118
1718 119
1718 120
1718 121
1719 113
1719 114
1719 115
1719 116
1719 117
1719 118
1720 110
1720 111
1720 112
1720 113
1720 114
1720 115
1721 106
1721 107
1721 108
1721 109
1721 110
1721 111
1722 103
1722 104
1722 105
1722 106
1722 107
1722 108
1723 101
1723 102
1723 103
1723 104
1723 532
1723 533
1724 98
1724 99
1724 528
1724 529
1724 530
1725 525
1725 526
1725 527
1726 522
1726 523
1726 524
1727 520
1727 521
1730 133
1730 134
1730 135
1730 136
1731 129
1731 130
1731 131
1731 132
1731 133
1732 125
1732 126
1732 127
1732 128
1732 129
1732 130
1733 122
1733 123
1733 124
1733 125
1733 126
1733 127
1734 118
1734 119
1734 120
1734 121
1734 122
1734 123
1734 124
1735 115
1735 116
1735 117
1735 118
1735 119
1735 120
1735 121
1736 111
1736 112
1736 113
1736 114
1736 115
1736 116
1736 117
1736 118
1737 108
1737 109
1737 110
1737 111
1737 112
1737 113
1737 114
1737 115
1738 105
1738 106
1738 107
1738 108
1738 109
1738 110
1738 111
1739 102
1739 103
1739 104
1739 105
1739 106
1739 107
1739 108
1740 99
1740 100
1740 101
1740 102
1740 103
1740 104
1740 532
1741 96
1741 97
1741 98
1741 99
1741 100
1741 528
1741 529
1741 530
1742 94
1742 95
1742 96
1742 525
1742 526
1742 527
1743 522
1743 523
1743 524
1744 520
1746 135
1746 136
1746 137
1746 138
1746 139
1747 131
1747 132
1747 133
1747 134
1747 135
1747 136
1748 128
1748 129
1748 130
1748 131
1748 132
1748 133
1749 124
1749 125
1749 126
1749 127
1749 128
1749 129
1749 130
1750 121
1750 122
1750 123
1750 124
1750 125
1750 126
1750 127
1751 117
1751 118
1751 119
1751 120
1751 121
1751 122
1751 123
1751 124
1752 114
1752 115
1752 116
1752 117
1752 118
1752 119
1752 120
1752 121
1753 110
1753 111
1753 112
1753 113
1753 114
1753 115
1753 116
1753 117
1753 118
1754 107
1754 108
1754 109
1754 110
1754 111
1754 112
1754 113
1754 114
1754 115
1755 104
1755 105
1755 106
1755 107
1755 108
1755 109
1755 110
1755 111
1756 101
1756 102
1756 103
1756 104
1756 105
1756 106
1756 107
1756 108
1757 98
1757 99
1757 100
1757 101
1757 102
1757 103
1757 104
1757 531
1757 532
1758 95
1758 96
1758 97
1758 98
1758 99
1758 100
1758 528
1758 529
1759 92
1759 93
1759 94
1759 95
1759 96
1759 97
1759 525
1759 526
1760 90
1760 91
1760 92
1760 522
1760 523
1762 138
1762 139
1762 140
1762 141
1763 134
1763 135
1763 136
1763 137
1763 138
1763 139
1764 130
1764 131
1764 132
1764 133
1764 134
1764 135
1764 136
1765 127
1765 128
1765 129
1765 130
1765 131
1765 132
1765 133
1766 123
1766 124
1766 125
1766 126
1766 127
1766 128
1766 129
1766 130
1767 120
1767 121
1767 122
1767 123
1767 124
1767 125
1767 126
1767 127
1768 116
1768 117
1768 118
1768 119
1768 120
1768 121
1768 122
1768 123
1768 124
1769 113
1769 114
1769 115
1769 116
1769 117
1769 118
1769 119
1769 120
1769 121
1770 109
1770 110
1770 111
1770 112
1770 113
1770 114
1770 115
1770 116
1770 117
1770 118
1771 106
1771 107
1771 108
1771 109
1771 110
1771 111
1771 112
1771 113
1771 114
1772 103
1772 104
1772 105
1772 106
1772 107
1772 108
1772 109
1772 110
1772 111
1773 100
1773 101
1773 102
1773 103
1773 104
1773 105
1773 106
1773 107
1773 108
1774 97
1774 98
1774 99
1774 100
1774 101
1774 102
1774 103
1774 104
1775 94
1775 95
1775 96
1775 97
1775 98
1775 99
1775 100
1775 528
1775 529
1776 91
1776 92
1776 93
1776 94
1776 95
1776 96
1776 97
1776 525
1776 526
1777 88
1777 89
1777 90
1777 91
1777 92
1777 93
1778 86
1778 87
1778 88
1778 142
1778 143
1779 137
1779 138
1779 139
1779 140
1779 141
1780 133
1780 134
1780 135
1780 136
1780 137
1780 138
1780 139
1781 129
1781 130
1781 131
1781 132
1781 133
1781 134
1781 135
1781 136
1782 126
1782 127
1782 128
1782 129
1782 130
1782 131
1782 132
1782 133
1783 122
1783 123
1783 124
1783 125
1783 126
1783 127
1783 128
1783 129
1783 130
1784 119
1784 120
1784 121
1784 122
1784 123
1784 124
1784 125
1784 126
1784 127
1785 115
1785 116
1785 117
1785 118
1785 119
1785 120
1785 121
1785 122
1785 123
1785 124
1786 112
1786 113
1786 114
1786 115
1786 116
1786 117
1786 118
1786 119
1786 120
1786 121
1787 108
1787 109
1787 110
1787 111
1787 112
1787 113
1787 114
1787 115
1787 116
1787 117
1787 118
1788 105
1788 106
1788 107
1788 108
1788 109
1788 110
1788 111
1788 112
1788 113
1788 114
1789 102
1789 103
1789 104
1789 105
1789 106
1789 107
1789 108
1789 109
1789 110
1789 111
1790 99
1790 100
1790 101
1790 102
1790 103
1790 104
1790 105
1790 106
1790 107
1791 96
1791 97
1791 98
1791 99
1791 100
1791 101
1791 102
1791 103
1791 104
1792 92
1792 93
1792 94
1792 95
1792 96
1792 97
1792 98
1792 99
1792 100
1793 90
1793 91
1793 92
1793 93
1793 94
1793 95
1793 96
1794 87
1794 88
1794 89
1794 90
1794 91
1794 92
1794 93
1795 84
1795 85
1795 86
1795 87
1795 88
1795 140
1795 141
1795 142
1795 143
1795 144
1796 82
1796 83
1796 84
1796 136
1796 137
1796 138
1796 139
1796 140
1796 141
1797 132
1797 133
1797 134
1797 135
1797 136
1797 137
1797 138
1797 139
1798 128
1798 129
1798 130
1798 131
1798 132
1798 133
1798 134
1798 135
1798 136
1799 125
1799 126
1799 127
1799 128
1799 129
1799 130
1799 131
1799 132
1799 133
1800 121
1800 122
1800 123
1800 124
1800 125
1800 126
1800 127
1800 128
1800 129
1800 130
1801 118
1801 119
1801 120
1801 121
1801 122
1801 123
1801 124
1801 125
1801 126
1801 127
1802 114
1802 115
1802 116
1802 117
1802 118
1802 119
1802 120
1802 121
1802 122
1802 123
1802 124
1803 111
1803 112
1803 113
1803 114
1803 115
1803 116
1803 117
1803 118
1803 119
1803 120
1803 121
1804 108
1804 109
1804 110
1804 111
1804 112
1804 113
1804 114
1804 115
1804 116
1804 117
1805 104
1805 105
1805 106
1805 107
1805 108
1805 109
1805 110
1805 111
1805 112
1805 113
1805 114
1806 101
1806 102
1806 103
1806 104
1806 105
1806 106
1806 107
1806 108
1806 109
1806 110
1807 98
1807 99
1807 100
1807 101
1807 102
1807 103
1807 104
1807 105
1807 106
1807 107
1808 95
1808 96
1808 97
1808 98
1808 99
1808 100
1808 101
1808 102
1808 103
1808 104
1809 91
1809 92
1809 93
1809 94
1809 95
1809 96
1809 97
1809 98
1809 99
1809 100
1810 88
1810 89
1810 90
1810 91
1810 92
1810 93
1810 94
1810 95
1810 96
1811 86
1811 87
1811 88
1811 89
1811 90
1811 91
1811 92
1811 144
1811 145
1811 146
1812 83
1812 84
1812 85
1812 86
1812 87
1812 88
1812 139
1812 140
1812 141
1812 142
1812 143
1812 144
1813 81
1813 82
1813 83
1813 84
1813 135
1813 136
1813 137
1813 138
1813 139
1813 140
1813 141
1814 131
1814 132
1814 133
1814 134
1814 135
1814 136
1814 137
1814 138
1814 139
1815 128
1815 129
1815 130
1815 131
1815 132
1815 133
1815 134
1815 135
1815 136
1816 124
1816 125
1816 126
1816 127
1816 128
1816 129
1816 130
1816 131
1816 132
1816 133
1817 120
1817 121
1817 122
1817 123
1817 124
1817 125
1817 126
1817 127
1817 128
1817 129
1817 130
1818 117
1818 118
1818 119
1818 120
1818 121
1818 122
1818 123
1818 124
1818 125
1818 126
1818 127
1819 113
1819 114
1819 115
1819 116
1819 117
1819 118
1819 119
1819 120
1819 121
1819 122
1819 123
1820 110
1820 111
1820 112
1820 113
1820 114
1820 115
1820 116
1820 117
1820 118
1820 119
1820 120
1821 107
1821 108
1821 109
1821 110
1821 111
1821 112
1821 113
1821 114
1821 115
1821 116
1821 117
1822 103
1822 104
1822 105
1822 106
1822 107
1822 108
1822 109
1822 110
1822 111
1822 112
1822 113
1822 114
1823 100
1823 101
1823 102
1823 103
1823 104
1823 105
1823 106
1823 107
1823 108
1823 109
1823 110
1824 97
1824 98
1824 99
1824 100
1824 101
1824 102
1824 103
1824 104
1824 105
1824 106
1824 107
1825 94
1825 95
1825 96
1825 97
1825 98
1825 99
1825 100
1825 101
1825 102
1825 103
1826 91
1826 92
1826 93
1826 94
1826 95
1826 96
1826 97
1826 98
1826 99
1826 100
1827 88
1827 89
1827 90
1827 91
1827 92
1827 93
1827 94
1827 95
1827 96
1828 85
1828 86
1828 87
1828 88
1828 89
1828 90
1828 91
1828 92
1828 143
1828 144
1828 145
1828 146
1829 82
1829 83
1829 84
1829 85
1829 86
1829 87
1829 88
1829 138
1829 139
1829 140
1829 141
1829 142
1829 143
1829 144
1830 79
1830 80
1830 81
1830 82
1830 83
1830 84
1830 134
1830 135
1830 136
1830 137
1830 138
1830 139
1830 140
1830 141
1831 78
1831 79
1831 131
1831 132
1831 133
1831 134
1831 135
1831 136
1831 137
1831 138
1832 127
1832 128
1832 129
1832 130
1832 131
1832 132
1832 133
1832 134
1832 135
1832 136
1833 123
1833 124
1833 125
1833 126
1833 127
1833 128
1833 129
1833 130
1833 131
1833 132
1833 133
1834 120
1834 121
1834 122
1834 123
1834 124
1834 125
1834 126
1834 127
1834 128
1834 129
1835 116
1835 117
1835 118
1835 119
1835 120
1835 121
1835 122
1835 123
1835 124
1835 125
1835 126
1836 113
1836 114
1836 115
1836 116
1836 117
1836 118
1836 119
1836 120
1836 121
1836 122
1836 123
1837 109
1837 110
1837 111
1837 112
1837 113
1837 114
1837 115
1837 116
1837 117
1837 118
1837 119
1837 120
1838 106
1838 107
1838 108
1838 109
1838 110
1838 111
1838 112
1838 113
1838 114
1838 115
1838 116
1838 117
1839 103
1839 104
1839 105
1839 106
1839 107
1839 108
1839 109
1839 110
1839 111
1839 112
1839 113
1840 99
1840 100
1840 101
1840 102
1840 103
1840 104
1840 105
1840 106
1840 107
1840 108
1840 109
1840 110
1841 96
1841 97
1841 98
1841 99
1841 100
1841 101
1841 102
1841 103
1841 104
1841 105
1841 106
1842 93
1842 94
1842 95
1842 96
1842 97
1842 98
1842 99
1842 100
1842 101
1842 102
1842 103
1843 90
1843 91
1843 92
1843 93
1843 94
1843 95
1843 96
1843 97
1843 98
1843 99
1844 87
1844 88
1844 89
1844 90
1844 91
1844 92
1844 93
1844 94
1844 95
1844 96
1844 147
1844 148
1845 84
1845 85
1845 86
1845 87
1845 88
1845 89
1845 90
1845 91
1845 92
1845 142
1845 143
1845 144
1845 145
1845 146
1846 81
1846 82
1846 83
1846 84
1846 85
1846 86
1846 87
1846 88
1846 138
1846 139
1846 140
1846 141
1846 142
1846 143
1846 144
1847 78
1847 79
1847 80
1847 81
1847 82
1847 83
1847 84
1847 134
1847 135
1847 136
1847 137
1847 138
1847 139
1847 140
1847 141
1848 76
1848 77
1848 78
1848 79
1848 130
1848 131
1848 132
1848 133
1848 134
1848 135
1848 136
1848 137
1848 138
1849 126
1849 127
1849 128
1849 129
1849 130
1849 131
1849 132
1849 133
1849 134
1849 135
1850 123
1850 124
1850 125
1850 126
1850 127
1850 128
1850 129
1850 130
1850 131
1850 132
1851 119
1851 120
1851 121
1851 122
1851 123
1851 124
1851 125
1851 126
1851 127
1851 128
1851 129
1852 115
1852 116
1852 117
1852 118
1852 119
1852 120
1852 121
1852 122
1852 123
1852 124
1852 125
1852 126
1853 112
1853 113
1853 114
1853 115
1853 116
1853 117
1853 118
1853 119
1853 120
1853 121
1853 122
1853 123
1854 109
1854 110
1854 111
1854 112
1854 113
1854 114
1854 115
1854 116
1854 117
1854 118
1854 119
1855 105
1855 106
1855 107
1855 108
1855 109
1855 110
1855 111
1855 112
1855 113
1855 114
1855 115
1855 116
1856 102
1856 103
1856 104
1856 105
1856 106
1856 107
1856 108
1856 109
1856 110
1856 111
1856 112
1856 113
1857 99
1857 100
1857 101
1857 102
1857 103
1857 104
1857 105
1857 106
1857 107
1857 108
1857 109
1858 95
1858 96
1858 97
1858 98
1858 99
1858 100
1858 101
1858 102
1858 103
1858 104
1858 105
1858 106
1859 92
1859 93
1859 94
1859 95
1859 96
1859 97
1859 98
1859 99
1859 100
1859 101
1859 102
1860 89
1860 90
1860 91
1860 92
1860 93
1860 94
1860 95
1860 96
1860 97
1860 98
1860 99
1861 86
1861 87
1861 88
1861 89
1861 90
1861 91
1861 92
1861 93
1861 94
1861 95
1861 145
1861 146
1861 147
1861 148
1862 83
1862 84
1862 85
1862 86
1862 87
1862 88
1862 89
1862 90
1862 91
1862 141
1862 142
1862 143
1862 144
1862 145
1862 146
1863 80
1863 81
1863 82
1863 83
1863 84
1863 85
1863 86
1863 87
1863 137
1863 138
1863 139
1863 140
1863 141
1863 142
1863 143
1864 77
1864 78
1864 79
1864 80
1864 81
1864 82
1864 83
1864 133
1864 134
1864 135
1864 136
1864 137
1864 138
1864 139
1864 140
1864 141
1865 75
1865 76
1865 77
1865 78
1865 79
1865 129
1865 130
1865 131
1865 132
1865 133
1865 134
1865 135
1865 136
1865 137
1865 138
1866 125
1866 126
1866 127
1866 128
1866 129
1866 130
1866 131
1866 132
1866 133
1866 134
1866 135
1867 122
1867 123
1867 124
1867 125
1867 126
1867 127
1867 128
1867 129
1867 130
1867 131
1867 132
1868 118
1868 119
1868 120
1868 121
1868 122
1868 123
1868 124
1868 125
1868 126
1868 127
1868 128
1868 129
1869 115
1869 116
1869 117
1869 118
1869 119
1869 120
1869 121
1869 122
1869 123
1869 124
1869 125
1869 126
1870 111
1870 112
1870 113
1870 114
1870 115
1870 116
1870 117
1870 118
1870 119
1870 120
1870 121
1870 122
1871 108
1871 109
1871 110
1871 111
1871 112
1871 113
1871 114
1871 115
1871 116
1871 117
1871 118
1871 119
1872 105
1872 106
1872 107
1872 108
1872 109
1872 110
1872 111
1872 112
1872 113
1872 114
1872 115
1872 116
1873 101
1873 102
1873 103
1873 104
1873 105
1873 106
1873 107
1873 108
1873 109
1873 110
1873 111
1873 112
1874 98
1874 99
1874 100
1874 101
1874 102
1874 103
1874 104
1874 105
1874 106
1874 107
1874 108
1874 109
1875 95
1875 96
1875 97
1875 98
1875 99
1875 100
1875 101
1875 102
1875 103
1875 104
1875 105
1876 91
1876 92
1876 93
1876 94
1876 95
1876 96
1876 97
1876 98
1876 99
1876 100
1876 101
1876 102
1877 88
1877 89
1877 90
1877 91
1877 92
1877 93
1877 94
1877 95
1877 96
1877 97
1877 98
1878 85
1878 86
1878 87
1878 88
1878 89
1878 90
1878 91
1878 92
1878 93
1878 94
1878 95
1878 145
1878 146
1878 147
1878 148
1879 82
1879 83
1879 84
1879 85
1879 86
1879 87
1879 88
1879 89
1879 90
1879 91
1879 140
1879 141
1879 142
1879 143
1879 144
1879 145
1879 146
1880 79
1880 80
1880 81
1880 82
1880 83
1880 84
1880 85
1880 86
1880 87
1880 136
1880 137
1880 138
1880 139
1880 140
1880 141
1880 142
1880 143
1881 77
1881 78
1881 79
1881 80
1881 81
1881 82
1881 83
1881 132
1881 133
1881 134
1881 135
1881 136
1881 137
1881 138
1881 139
1881 140
1882 74
1882 75
1882 76
1882 77
1882 78
1882 79
1882 128
1882 129
1882 130
1882 131
1882 132
1882 133
1882 134
1882 135
1882 136
1882 137
1883 125
1883 126
1883 127
1883 128
1883 129
1883 130
1883 131
1883 132
1883 133
1883 134
1884 121
1884 122
1884 123
1884 124
1884 125
1884 126
1884 127
1884 128
1884 129
1884 130
1884 131
1885 118
1885 119
1885 120
1885 121
1885 122
1885 123
1885 124
1885 125
1885 126
1885 127
1885 128
1886 114
1886 115
1886 116
1886 117
1886 118
1886 119
1886 120
1886 121
1886 122
1886 123
1886 124
1886 125
1887 111
1887 112
1887 113
1887 114
1887 115
1887 116
1887 117
1887 118
1887 119
1887 120
1887 121
1887 122
1888 107
1888 108
1888 109
1888 110
1888 111
1888 112
1888 113
1888 114
1888 115
1888 116
1888 117
1888 118
1888 119
1889 104
1889 105
1889 106
1889 107
1889 108
1889 109
1889 110
1889 111
1889 112
1889 113
1889 114
1889 115
1890 101
1890 102
1890 103
1890 104
1890 105
1890 106
1890 107
1890 108
1890 109
1890 110
1890 111
1890 112
1891 97
1891 98
1891 99
1891 100
1891 101
1891 102
1891 103
1891 104
1891 105
1891 106
1891 107
1891 108
1892 94
1892 95
1892 96
1892 97
1892 98
1892 99
1892 100
1892 101
1892 102
1892 103
1892 104
1892 105
1893 91
1893 92
1893 93
1893 94
1893 95
1893 96
1893 97
1893 98
1893 99
1893 100
1893 101
1894 88
1894 89
1894 90
1894 91
1894 92
1894 93
1894 94
1894 95
1894 96
1894 97
1894 98
1895 85
1895 86
1895 87
1895 88
1895 89
1895 90
1895 91
1895 92
1895 93
1895 94
1895 144
1895 145
1895 146
1895 147
1895 148
1896 82
1896 83
1896 84
1896 85
1896 86
1896 87
1896 88
1896 89
1896 90
1896 139
1896 140
1896 141
1896 142
1896 143
1896 144
1896 145
1897 79
1897 80
1897 81
1897 82
1897 83
1897 84
1897 85
1897 86
1897 87
1897 135
1897 136
1897 137
1897 138
1897 139
1897 140
1897 141
1897 142
1897 143
1898 76
1898 77
1898 78
1898 79
1898 80
1898 81
1898 82
1898 83
1898 132
1898 133
1898 134
1898 135
1898 136
1898 137
1898 138
1898 139
1898 140
1899 74
1899 75
1899 76
1899 77
1899 78
1899 128
1899 129
1899 130
1899 131
1899 132
1899 133
1899 134
1899 135
1899 136
1899 137
1900 72
1900 73
1900 124
1900 125
1900 126
1900 127
1900 128
1900 129
1900 130
1900 131
1900 132
1900 133
1900 134
1901 121
1901 122
1901 123
1901 124
1901 125
1901 126
1901 127
1901 128
1901 129
1901 130
1901 131
1902 117
1902 118
1902 119
1902 120
1902 121
1902 122
1902 123
1902 124
1902 125
1902 126
1902 127
1902 128
1903 114
1903 115
1903 116
1903 117
1903 118
1903 119
1903 120
1903 121
1903 122
1903 123
1903 124
1903 125
1904 110
1904 111
1904 112
1904 113
1904 114
1904 115
1904 116
1904 117
1904 118
1904 119
1904 120
1904 121
1905 107
1905 108
1905 109
1905 110
1905 111
1905 112
1905 113
1905 114
1905 115
1905 116
1905 117
1905 118
1906 103
1906 104
1906 105
1906 106
1906 107
1906 108
1906 109
1906 110
1906 111
1906 112
1906 113
1906 114
1906 115
1907 100
1907 101
1907 102
1907 103
1907 104
1907 105
1907 106
1907 107
1907 108
1907 109
1907 110
1907 111
1908 97
1908 98
1908 99
1908 100
1908 101
1908 102
1908 103
1908 104
1908 105
1908 106
1908 107
1908 108
1909 93
1909 94
1909 95
1909 96
1909 97
1909 98
1909 99
1909 100
1909 101
1909 102
1909 103
1909 104
1910 90
1910 91
1910 92
1910 93
1910 94
1910 95
1910 96
1910 97
1910 98
1910 99
1910 100
1910 101
1911 87
1911 88
1911 89
1911 90
1911 91
1911 92
1911 93
1911 94
1911 95
1911 96
1911 97
1911 148
1911 149
1912 84
1912 85
1912 86
1912 87
1912 88
1912 89
1912 90
1912 91
1912 92
1912 93
1912 94
1912 143
1912 144
1912 145
1912 146
1912 147
1912 148
1913 81
1913 82
1913 83
1913 84
1913 85
1913 86
1913 87
1913 88
1913 89
1913 90
1913 139
1913 140
1913 141
1913 142
1913 143
1913 144
1913 145
1914 78
1914 79
1914 80
1914 81
1914 82
1914 83
1914 84
1914 85
1914 86
1914 135
1914 136
1914 137
1914 138
1914 139
1914 140
1914 141
1914 142
1915 75
1915 76
1915 77
1915 78
1915 79
1915 80
1915 81
1915 82
1915 131
1915 132
1915 133
1915 134
1915 135
1915 136
1915 137
1915 138
1915 139
1915 140
1916 73
1916 74
1916 75
1916 76
1916 77
1916 78
1916 127
1916 128
1916 129
1916 130
1916 131
1916 132
1916 133
1916 134
1916 135
1916 136
1916 137
1917 71
1917 72
1917 73
1917 124
1917 125
1917 126
1917 127
1917 128
1917 129
1917 130
1917 131
1917 132
1917 133
1917 134
1918 120
1918 121
1918 122
1918 123
1918 124
1918 125
1918 126
1918 127
1918 128
1918 129
1918 130
1919 116
1919 117
1919 118
1919 119
1919 120
1919 121
1919 122
1919 123
1919 124
1919 125
1919 126
1919 127
1920 113
1920 114
1920 115
1920 116
1920 117
1920 118
1920 119
1920 120
1920 121
1920 122
1920 123
1920 124
1921 110
1921 111
1921 112
1921 113
1921 114
1921 115
1921 116
1921 117
1921 118
1921 119
1921 120
1921 121
1922 106
1922 107
1922 108
1922 109
1922 110
1922 111
1922 112
1922 113
1922 114
1922 115
1922 116
1922 117
1922 118
1923 103
1923 104
1923 105
1923 106
1923 107
1923 108
1923 109
1923 110
1923 111
1923 112
1923 113
1923 114
1924 99
1924 100
1924 101
1924 102
1924 103
1924 104
1924 105
1924 106
1924 107
1924 108
1924 109
1924 110
1924 111
1925 96
1925 97
1925 98
1925 99
1925 100
1925 101
1925 102
1925 103
1925 104
1925 105
1925 106
1925 107
1926 93
1926 94
1926 95
1926 96
1926 97
1926 98
1926 99
1926 100
1926 101
1926 102
1926 103
1926 104
1927 90
1927 91
1927 92
1927 93
1927 94
1927 95
1927 96
1927 97
1927 98
1927 99
1927 100
1928 86
1928 87
1928 88
1928 89
1928 90
1928 91
1928 92
1928 93
1928 94
1928 95
1928 96
1928 97
1928 147
1928 148
1928 149
1929 83
1929 84
1929 85
1929 86
1929 87
1929 88
1929 89
1929 90
1929 91
1929 92
1929 93
1929 143
1929 144
1929 145
1929 146
1929 147
1930 80
1930 81
1930 82
1930 83
1930 84
1930 85
1930 86
1930 87
1930 88
1930 89
1930 138
1930 139
1930 140
1930 141
1930 142
1930 143
1930 144
1930 145
1931 77
1931 78
1931 79
1931 80
1931 81
1931 82
1931 83
1931 84
1931 85
1931 134
1931 135
1931 136
1931 137
1931 138
1931 139
1931 140
1931 141
1931 142
1932 75
1932 76
1932 77
1932 78
1932 79
1932 80
1932 81
1932 131
1932 132
1932 133
1932 134
1932 135
1932 136
1932 137
1932 138
1932 139
1933 72
1933 73
1933 74
1933 75
1933 76
1933 77
1933 127
1933 128
1933 129
1933 130
1933 131
1933 132
1933 133
1933 134
1933 135
1933 136
1934 71
1934 72
1934 123
1934 124
1934 125
1934 126
1934 127
1934 128
1934 129
1934 130
1934 131
1934 132
1934 133
1935 120
1935 121
1935 122
1935 123
1935 124
1935 125
1935 126
1935 127
1935 128
1935 129
1935 130
1936 116
1936 117
1936 118
1936 119
1936 120
1936 121
1936 122
1936 123
1936 124
1936 125
1936 126
1936 127
1937 112
1937 113
1937 114
1937 115
1937 116
1937 117
1937 118
1937 119
1937 120
1937 121
1937 122
1937 123
1937 124
1938 109
1938 110
1938 111
1938 112
1938 113
1938 114
1938 115
1938 116
1938 117
1938 118
1938 119
1938 120
1939 106
1939 107
1939 108
1939 109
1939 110
1939 111
1939 112
1939 113
1939 114
1939 115
1939 116
1939 117
1940 102
1940 103
1940 104
1940 105
1940 106
1940 107
1940 108
1940 109
1940 110
1940 111
1940 112
1940 113
1940 114
1941 99
1941 100
1941 101
1941 102
1941 103
1941 104
1941 105
1941 106
1941 107
1941 108
1941 109
1941 110
1942 95
1942 96
1942 97
1942 98
1942 99
1942 100
1942 101
1942 102
1942 103
1942 104
1942 105
1942 106
1942 107
1943 92
1943 93
1943 94
1943 95
1943 96
1943 97
1943 98
1943 99
1943 100
1943 101
1943 102
1943 103
1944 89
1944 90
1944 91
1944 92
1944 93
1944 94
1944 95
1944 96
1944 97
1944 98
1944 99
1944 100
1945 86
1945 87
1945 88
1945 89
1945 90
1945 91
1945 92
1945 93
1945 94
1945 95
1945 96
1945 147
1945 148
1945 149
1946 83
1946 84
1946 85
1946 86
1946 87
1946 88
1946 89
1946 90
1946 91
1946 92
1946 142
1946 143
1946 144
1946 145
1946 146
1946 147
1947 80
1947 81
1947 82
1947 83
1947 84
1947 85
1947 86
1947 87
1947 88
1947 89
1947 138
1947 139
1947 140
1947 141
1947 142
1947 143
1947 144
1948 77
1948 78
1948 79
1948 80
1948 81
1948 82
1948 83
1948 84
1948 85
1948 134
1948 135
1948 136
1948 137
1948 138
1948 139
1948 140
1948 141
1948 142
1949 74
1949 75
1949 76
1949 77
1949 78
1949 79
1949 80
1949 81
1949 130
1949 131
1949 132
1949 133
1949 134
1949 135
1949 136
1949 137
1949 138
1949 139
1950 72
1950 73
1950 74
1950 75
1950 76
1950 126
1950 127
1950 128
1950 129
1950 130
1950 131
1950 132
1950 133
1950 134
1950 135
1950 136
1951 71
1951 123
1951 124
1951 125
1951 126
1951 127
1951 128
1951 129
1951 130
1951 131
1951 132
1951 133
1952 119
1952 120
1952 121
1952 122
1952 123
1952 124
1952 125
1952 126
1952 127
1952 128
1952 129
1953 115
1953 116
1953 117
1953 118
1953 119
1953 120
1953 121
1953 122
1953 123
1953 124
1953 125
1953 126
1954 112
1954 113
1954 114
1954 115
1954 116
1954 117
1954 118
1954 119
1954 120
1954 121
1954 122
1954 123
1955 108
1955 109
1955 110
1955 111
1955 112
1955 113
1955 114
1955 115
1955 116
1955 117
1955 118
1955 119
1955 120
1956 105
1956 106
1956 107
1956 108
1956 109
1956 110
1956 111
1956 112
1956 113
1956 114
1956 115
1956 116
1957 102
1957 103
1957 104
1957 105
1957 106
1957 107
1957 108
1957 109
1957 110
1957 111
1957 112
1957 113
1958 98
1958 99
1958 100
1958 101
1958 102
1958 103
1958 104
1958 105
1958 106
1958 107
1958 108
1958 109
1958 110
1959 95
1959 96
1959 97
1959 98
1959 99
1959 100
1959 101
1959 102
1959 103
1959 104
1959 105
1959 106
1960 92
1960 93
1960 94
1960 95
1960 96
1960 97
1960 98
1960 99
1960 100
1960 101
1960 102
1960 103
1961 88
1961 89
1961 90
1961 91
1961 92
1961 93
1961 94
1961 95
1961 96
1961 97
1961 98
1961 99
1962 85
1962 86
1962 87
1962 88
1962 89
1962 90
1962 91
1962 92
1962 93
1962 94
1962 95
1962 146
1962 147
1962 148
1963 82
1963 83
1963 84
1963 85
1963 86
1963 87
1963 88
1963 89
1963 90
1963 91
1963 92
1963 142
1963 143
1963 144
1963 145
1963 146
1964 79
1964 80
1964 81
1964 82
1964 83
1964 84
1964 85
1964 86
1964 87
1964 88
1964 137
1964 138
1964 139
1964 140
1964 141
1964 142
1964 143
1964 144
1965 76
1965 77
1965 78
1965 79
1965 80
1965 81
1965 82
1965 83
1965 84
1965 133
1965 134
1965 135
1965 136
1965 137
1965 138
1965 139
1965 140
1965 141
1966 74
1966 75
1966 76
1966 77
1966 78
1966 79
1966 80
1966 130
1966 131
1966 132
1966 133
1966 134
1966 135
1966 136
1966 137
1966 138
1967 71
1967 72
1967 73
1967 74
1967 75
1967 76
1967 126
1967 127
1967 128
1967 129
1967 130
1967 131
1967 132
1967 133
1967 134
1967 135
1968 122
1968 123
1968 124
1968 125
1968 126
1968 127
1968 128
1968 129
1968 130
1968 131
1968 132
1969 119
1969 120
1969 121
1969 122
1969 123
1969 124
1969 125
1969 126
1969 127
1969 128
1969 129
1970 115
1970 116
1970 117
1970 118
1970 119
1970 120
1970 121
1970 122
1970 123
1970 124
1970 125
1970 126
1971 111
1971 112
1971 113
1971 114
1971 115
1971 116
1971 117
1971 118
1971 119
1971 120
1971 121
1971 122
1972 108
1972 109
1972 110
1972 111
1972 112
1972 113
1972 114
1972 115
1972 116
1972 117
1972 118
1972 119
1973 105
1973 106
1973 107
1973 108
1973 109
1973 110
1973 111
1973 112
1973 113
1973 114
1973 115
1973 116
1974 101
1974 102
1974 103
1974 104
1974 105
1974 106
1974 107
1974 108
1974 109
1974 110
1974 111
1974 112
1975 98
1975 99
1975 100
1975 101
1975 102
1975 103
1975 104
1975 105
1975 106
1975 107
1975 108
1975 109
1976 94
1976 95
1976 96
1976 97
1976 98
1976 99
1976 100
1976 101
1976 102
1976 103
1976 104
1976 105
1977 91
1977 92
1977 93
1977 94
1977 95
1977 96
1977 97
1977 98
1977 99
1977 100
1977 101
1977 102
1978 88
1978 89
1978 90
1978 91
1978 92
1978 93
1978 94
1978 95
1978 96
1978 97
1978 98
1979 85
1979 86
1979 87
1979 88
1979 89
1979 90
1979 91
1979 92
1979 93
1979 94
1979 95
1979 146
1979 147
1979 148
1980 82
1980 83
1980 84
1980 85
1980 86
1980 87
1980 88
1980 89
1980 90
1980 91
1980 141
1980 142
1980 143
1980 144
1980 145
1980 146
1981 79
1981 80
1981 81
1981 82
1981 83
1981 84
1981 85
1981 86
1981 87
1981 137
1981 138
1981 139
1981 140
1981 141
1981 142
1981 143
1982 76
1982 77
1982 78
1982 79
1982 80
1982 81
1982 82
1982 83
1982 133
1982 134
1982 135
1982 136
1982 137
1982 138
1982 139
1982 140
1983 73
1983 74
1983 75
1983 76
1983 77
1983 78
1983 79
1983 129
1983 130
1983 131
1983 132
1983 133
1983 134
1983 135
1983 136
1983 137
1984 71
1984 72
1984 73
1984 74
1984 75
1984 125
1984 126
1984 127
1984 128
1984 129
1984 130
1984 131
1984 132
1984 133
1984 134
1985 122
1985 123
1985 124
1985 125
1985 126
1985 127
1985 128
1985 129
1985 130
1985 131
1986 118
1986 119
1986 120
1986 121
1986 122
1986 123
1986 124
1986 125
1986 126
1986 127
1986 128
1987 115
1987 116
1987 117
1987 118
1987 119
1987 120
1987 121
1987 122
1987 123
1987 124
1987 125
1988 111
1988 112
1988 113
1988 114
1988 115
1988 116
1988 117
1988 118
1988 119
1988 120
1988 121
1988 122
1989 108
1989 109
1989 110
1989 111
1989 112
1989 113
1989 114
1989 115
1989 116
1989 117
1989 118
1990 104
1990 105
1990 106
1990 107
1990 108
1990 109
1990 110
1990 111
1990 112
1990 113
1990 114
1990 115
1991 101
1991 102
1991 103
1991 104
1991 105
1991 106
1991 107
1991 108
1991 109
1991 110
1991 111
1991 112
1992 97
1992 98
1992 99
1992 100
1992 101
1992 102
1992 103
1992 104
1992 105
1992 106
1992 107
1992 108
1993 94
1993 95
1993 96
1993 97
1993 98
1993 99
1993 100
1993 101
1993 102
1993 103
1993 104
1993 105
1994 91
1994 92
1994 93
1994 94
1994 95
1994 96
1994 97
1994 98
1994 99
1994 100
1994 101
1995 88
1995 89
1995 90
1995 91
1995 92
1995 93
1995 94
1995 95
1995 96
1995 97
1995 98
1996 84
1996 85
1996 86
1996 87
1996 88
1996 89
1996 90
1996 91
1996 92
1996 93
1996 94
1996 146
1996 147
1997 81
1997 82
1997 83
1997 84
1997 85
1997 86
1997 87
1997 88
1997 89
1997 90
1997 141
1997 142
1997 143
1997 144
1997 145
1998 78
1998 79
1998 80
1998 81
1998 82
1998 83
1998 84
1998 85
1998 86
1998 137
1998 138
1998 139
1998 140
1998 141
1998 142
1998 143
1999 76
1999 77
1999 78
1999 79
1999 80
1999 81
1999 82
1999 133
1999 134
1999 135
1999 136
1999 137
1999 138
1999 139
1999 140
2000 73
2000 74
2000 75
2000 76
2000 77
2000 78
2000 129
2000 130
2000 131
2000 132
2000 133
2000 134
2000 135
2000 136
2000 137
2001 71
2001 72
2001 73
2001 74
2001 125
2001 126
2001 127
2001 128
2001 129
2001 130
2001 131
2001 132
2001 133
2001 134
2002 121
2002 122
2002 123
2002 124
2002 125
2002 126
2002 127
2002 128
2002 129
2002 130
2002 131
2003 118
2003 119
2003 120
2003 121
2003 122
2003 123
2003 124
2003 125
2003 126
2003 127
2003 128
2004 114
2004 115
2004 116
2004 117
2004 118
2004 119
2004 120
2004 121
2004 122
2004 123
2004 124
2005 111
2005 112
2005 113
2005 114
2005 115
2005 116
2005 117
2005 118
2005 119
2005 120
2005 121
2006 107
2006 108
2006 109
2006 110
2006 111
2006 112
2006 113
2006 114
2006 115
2006 116
2006 117
2006 118
2007 104
2007 105
2007 106
2007 107
2007 108
2007 109
2007 110
2007 111
2007 112
2007 113
2007 114
2008 100
2008 101
2008 102
2008 103
2008 104
2008 105
2008 106
2008 107
2008 108
2008 109
2008 110
2008 111
2009 97
2009 98
2009 99
2009 100
2009 101
2009 102
2009 103
2009 104
2009 105
2009 106
2009 107
2010 94
2010 95
2010 96
2010 97
2010 98
2010 99
2010 100
2010 101
2010 102
2010 103
2010 104
2011 90
2011 91
2011 92
2011 93
2011 94
2011 95
2011 96
2011 97
2011 98
2011 99
2011 100
2012 87
2012 88
2012 89
2012 90
2012 91
2012 92
2012 93
2012 94
2012 95
2012 96
2012 97
2013 84
2013 85
2013 86
2013 87
2013 88
2013 89
2013 90
2013 91
2013 92
2013 93
2014 81
2014 82
2014 83
2014 84
2014 85
2014 86
2014 87
2014 88
2014 89
2014 141
2014 142
2014 143
2014 144
2015 78
2015 79
2015 80
2015 81
2015 82
2015 83
2015 84
2015 85
2015 86
2015 136
2015 137
2015 138
2015 139
2015 140
2015 141
2015 142
2016 75
2016 76
2016 77
2016 78
2016 79
2016 80
2016 81
2016 82
2016 132
2016 133
2016 134
2016 135
2016 136
2016 137
2016 138
2016 139
2017 73
2017 74
2017 75
2017 76
2017 77
2017 129
2017 130
2017 131
2017 132
2017 133
2017 134
2017 135
2017 136
2018 71
2018 72
2018 125
2018 126
2018 127
2018 128
2018 129
2018 130
2018 131
2018 132
2018 133
2019 121
2019 122
2019 123
2019 124
2019 125
2019 126
2019 127
2019 128
2019 129
2019 130
2020 117
2020 118
2020 119
2020 120
2020 121
2020 122
2020 123
2020 124
2020 125
2020 126
2020 127
2021 114
2021 115
2021 116
2021 117
2021 118
2021 119
2021 120
2021 121
2021 122
2021 123
2021 124
2022 110
2022 111
2022 112
2022 113
2022 114
2022 115
2022 116
2022 117
2022 118
2022 119
2022 120
2023 107
2023 108
2023 109
2023 110
2023 111
2023 112
2023 113
2023 114
2023 115
2023 116
2023 117
2024 103
2024 104
2024 105
2024 106
2024 107
2024 108
2024 109
2024 110
2024 111
2024 112
2024 113
2024 114
2025 100
2025 101
2025 102
2025 103
2025 104
2025 105
2025 106
2025 107
2025 108
2025 109
2025 110
2026 97
2026 98
2026 99
2026 100
2026 101
2026 102
2026 103
2026 104
2026 105
2026 106
2026 107
2027 93
2027 94
2027 95
2027 96
2027 97
2027 98
2027 99
2027 100
2027 101
2027 102
2027 103
2028 90
2028 91
2028 92
2028 93
2028 94
2028 95
2028 96
2028 97
2028 98
2028 99
2028 100
2029 87
2029 88
2029 89
2029 90
2029 91
2029 92
2029 93
2029 94
2029 95
2029 96
2030 84
2030 85
2030 86
2030 87
2030 88
2030 89
2030 90
2030 91
2030 92
2031 81
2031 82
2031 83
2031 84
2031 85
2031 86
2031 87
2031 88
2031 89
2031 141
2031 142
2031 143
2032 78
2032 79
2032 80
2032 81
2032 82
2032 83
2032 84
2032 85
2032 136
2032 137
2032 138
2032 139
2032 140
2032 141
2033 75
2033 76
2033 77
2033 78
2033 79
2033 80
2033 81
2033 132
2033 133
2033 134
2033 135
2033 136
2033 137
2033 138
2034 73
2034 74
2034 75
2034 76
2034 128
2034 129
2034 130
2034 131
2034 132
2034 133
2034 134
2034 135
2035 125
2035 126
2035 127
2035 128
2035 129
2035 130
2035 131
2035 132
2036 121
2036 122
2036 123
2036 124
2036 125
2036 126
2036 127
2036 128
2036 129
2037 117
2037 118
2037 119
2037 120
2037 121
2037 122
2037 123
2037 124
2037 125
2037 126
2038 114
2038 115
2038 116
2038 117
2038 118
2038 119
2038 120
2038 121
2038 122
2038 123
2039 110
2039 111
2039 112
2039 113
2039 114
2039 115
2039 116
2039 117
2039 118
2039 119
2040 107
2040 108
2040 109
2040 110
2040 111
2040 112
2040 113
2040 114
2040 115
2040 116
2041 103
2041 104
2041 105
2041 106
2041 107
2041 108
2041 109
2041 110
2041 111
2041 112
2041 113
2042 100
2042 101
2042 102
2042 103
2042 104
2042 105
2042 106
2042 107
2042 108
2042 109
2043 96
2043 97
2043 98
2043 99
2043 100
2043 101
2043 102
2043 103
2043 104
2043 105
2043 106
2044 93
2044 94
2044 95
2044 96
2044 97
2044 98
2044 99
2044 100
2044 101
2044 102
2045 90
2045 91
2045 92
2045 93
2045 94
2045 95
2045 96
2045 97
2045 98
2045 99
2046 87
2046 88
2046 89
2046 90
2046 91
2046 92
2046 93
2046 94
2046 95
2047 83
2047 84
2047 85
2047 86
2047 87
2047 88
2047 89
2047 90
2047 91
2048 80
2048 81
2048 82
2048 83
2048 84
2048 85
2048 86
2048 87
2048 88
2048 141
2048 142
2049 78
2049 79
2049 80
2049 81
2049 82
2049 83
2049 84
2049 136
2049 137
2049 138
2049 139
2049 140
2050 75
2050 76
2050 77
2050 78
2050 79
2050 80
2050 132
2050 133
2050 134
2050 135
2050 136
2050 137
2051 73
2051 74
2051 75
2051 128
2051 129
2051 130
2051 131
2051 132
2051 133
2051 134
2052 124
2052 125
2052 126
2052 127
2052 128
2052 129
2052 130
2052 131
2053 121
2053 122
2053 123
2053 124
2053 125
2053 126
2053 127
2053 128
2054 117
2054 118
2054 119
2054 120
2054 121
2054 122
2054 123
2054 124
2054 125
2055 113
2055 114
2055 115
2055 116
2055 117
2055 118
2055 119
2055 120
2055 121
2055 122
2056 110
2056 111
2056 112
2056 113
2056 114
2056 115
2056 116
2056 117
2056 118
2056 119
2057 106
2057 107
2057 108
2057 109
2057 110
2057 111
2057 112
2057 113
2057 114
2057 115
2058 103
2058 104
2058 105
2058 106
2058 107
2058 108
2058 109
2058 110
2058 111
2058 112
2059 99
2059 100
2059 101
2059 102
2059 103
2059 104
2059 105
2059 106
2059 107
2059 108
2060 96
2060 97
2060 98
2060 99
2060 100
2060 101
2060 102
2060 103
2060 104
2060 105
2061 93
2061 94
2061 95
2061 96
2061 97
2061 98
2061 99
2061 100
2061 101
2062 89
2062 90
2062 91
2062 92
2062 93
2062 94
2062 95
2062 96
2062 97
2062 98
2063 86
2063 87
2063 88
2063 89
2063 90
2063 91
2063 92
2063 93
2063 94
2064 83
2064 84
2064 85
2064 86
2064 87
2064 88
2064 89
2064 90
2065 80
2065 81
2065 82
2065 83
2065 84
2065 85
2065 86
2065 87
2066 78
2066 79
2066 80
2066 81
2066 82
2066 83
2066 137
2066 138
2066 139
2067 75
2067 76
2067 77
2067 78
2067 132
2067 133
2067 134
2067 135
2067 136
2068 128
2068 129
2068 130
2068 131
2068 132
2068 133
2069 124
2069 125
2069 126
2069 127
2069 128
2069 129
2069 130
2070 121
2070 122
2070 123
2070 124
2070 125
2070 126
2070 127
2071 117
2071 118
2071 119
2071 120
2071 121
2071 122
2071 123
2071 124
2072 113
2072 114
2072 115
2072 116
2072 117
2072 118
2072 119
2072 120
2072 121
2073 110
2073 111
2073 112
2073 113
2073 114
2073 115
2073 116
2073 117
2073 118
2074 106
2074 107
2074 108
2074 109
2074 110
2074 111
2074 112
2074 113
2074 114
2075 103
2075 104
2075 105
2075 106
2075 107
2075 108
2075 109
2075 110
2075 111
2076 99
2076 100
2076 101
2076 102
2076 103
2076 104
2076 105
2076 106
2076 107
2077 96
2077 97
2077 98
2077 99
2077 100
2077 101
2077 102
2077 103
2077 104
2078 93
2078 94
2078 95
2078 96
2078 97
2078 98
2078 99
2078 100
2079 89
2079 90
2079 91
2079 92
2079 93
2079 94
2079 95
2079 96
2079 97
2080 86
2080 87
2080 88
2080 89
2080 90
2080 91
2080 92
2080 93
2081 83
2081 84
2081 85
2081 86
2081 87
2081 88
2081 89
2082 80
2082 81
2082 82
2082 83
2082 84
2082 85
2083 78
2083 79
2083 80
2083 81
2084 76
2084 133
2084 134
2084 135
2085 129
2085 130
2085 131
2085 132
2086 125
2086 126
2086 127
2086 128
2086 129
2087 121
2087 122
2087 123
2087 124
2087 125
2087 126
2088 117
2088 118
2088 119
2088 120
2088 121
2088 122
2088 123
2089 113
2089 114
2089 115
2089 116
2089 117
2089 118
2089 119
2089 120
2090 110
2090 111
2090 112
2090 113
2090 114
2090 115
2090 116
2090 117
2091 106
2091 107
2091 108
2091 109
2091 110
2091 111
2091 112
2091 113
2092 103
2092 104
2092 105
2092 106
2092 107
2092 108
2092 109
2092 110
2093 99
2093 100
2093 101
2093 102
2093 103
2093 104
2093 105
2093 106
2094 96
2094 97
2094 98
2094 99
2094 100
2094 101
2094 102
2094 103
2095 93
2095 94
2095 95
2095 96
2095 97
2095 98
2095 99
2096 89
2096 90
2096 91
2096 92
2096 93
2096 94
2096 95
2096 96
2097 86
2097 87
2097 88
2097 89
2097 90
2097 91
2097 92
2098 83
2098 84
2098 85
2098 86
2098 87
2098 88
2099 81
2099 82
2099 83
2099 84
2100 79
2102 130
2103 125
2103 126
2103 127
2103 128
2104 121
2104 122
2104 123
2104 124
2104 125
2105 117
2105 118
2105 119
2105 120
2105 121
2105 122
2106 114
2106 115
2106 116
2106 117
2106 118
2106 119
2107 110
2107 111
2107 112
2107 113
2107 114
2107 115
2108 106
2108 107
2108 108
2108 109
2108 110
2108 111
2108 112
2109 103
2109 104
2109 105
2109 106
2109 107
2109 108
2110 99
2110 100
2110 101
2110 102
2110 103
2110 104
2110 105
2111 96
2111 97
2111 98
2111 99
2111 100
2111 101
2112 93
2112 94
2112 95
2112 96
2112 97
2112 98
2113 90
2113 91
2113 92
2113 93
2113 94
2114 87
2114 88
2114 89
2114 90
2115 84
2115 85
2115 86
2122 118
2122 119
2122 120
2123 114
2123 115
2123 116
2123 117
2124 110
2124 111
2124 112
2124 113
2125 107
2125 108
2125 109
2125 110
2126 103
2126 104
2126 105
2126 106
2126 107
2127 100
2127 101
2127 102
2127 103
2128 96
2128 97
2128 98
2128 99
2128 100
2129 93
2129 94
2129 95
2129 96
2130 90
2130 91
2130 92
