1638 139
1638 140
1639 137
1639 138
1640 134
1640 135
1640 136
1641 132
1641 133
1641 134
1642 130
1642 131
1642 132
1643 127
1643 128
1643 129
1643 130
1644 125
1644 126
1644 127
1644 128
1645 123
1645 124
1645 125
1646 121
1646 122
1646 123
1647 120
1660 144
1660 145
1661 142
1661 143
1662 139
1662 140
1662 141
1663 137
1663 138
1663 139
1664 134
1664 135
1664 136
1664 137
1665 132
1665 133
1665 134
1665 135
1666 130
1666 131
1666 132
1666 133
1667 127
1667 128
1667 129
1667 130
1667 131
1668 125
1668 126
1668 127
1668 128
1668 129
1669 123
1669 124
1669 125
1669 126
1670 121
1670 122
1670 123
1670 124
1671 119
1671 120
1671 121
1671 122
1672 118
1672 119
1684 144
1684 145
1684 146
1685 142
1685 143
1685 144
1686 139
1686 140
1686 141
1686 142
1687 137
1687 138
1687 139
1687 140
1688 135
1688 136
1688 137
1688 138
1689 132
1689 133
1689 134
1689 135
1689 136
1690 130
1690 131
1690 132
1690 133
1690 134
1691 128
1691 129
1691 130
1691 131
1691 132
1692 126
1692 127
1692 128
1692 129
1692 130
1693 124
1693 125
1693 126
1693 127
1694 122
1694 123
1694 124
1694 125
1695 120
1695 121
1695 122
1696 118
1696 119
1696 120
1697 116
1697 117
1708 145
1708 146
1709 142
1709 143
1709 144
1710 140
1710 141
1710 142
1710 143
1711 137
1711 138
1711 139
1711 140
1711 141
1712 135
1712 136
1712 137
1712 138
1712 139
1713 133
1713 134
1713 135
1713 136
1713 137
1714 131
1714 132
1714 133
1714 134
1715 128
1715 129
1715 130
1715 131
1715 132
1716 126
1716 127
1716 128
1716 129
1716 130
1717 124
1717 125
1717 126
1717 127
1717 128
1718 122
1718 123
1718 124
1718 125
1718 126
1719 120
1719 121
1719 122
1719 123
1720 118
1720 119
1720 120
1720 121
1721 117
1721 118
1732 146
1733 143
1733 144
1733 145
1734 141
1734 142
1734 143
1735 138
1735 139
1735 140
1735 141
1736 136
1736 137
1736 138
1736 139
1737 133
1737 134
1737 135
1737 136
1737 137
1738 131
1738 132
1738 133
1738 134
1738 135
1739 129
1739 130
1739 131
1739 132
1739 133
1740 127
1740 128
1740 129
1740 130
1740 131
1741 125
1741 126
1741 127
1741 128
1742 123
1742 124
1742 125
1742 126
1743 121
1743 122
1743 123
1743 124
1744 119
1744 120
1744 121
1745 117
1745 118
1758 142
1758 143
1759 139
1759 140
1759 141
1760 137
1760 138
1760 139
1761 134
1761 135
1761 136
1761 137
1762 132
1762 133
1762 134
1762 135
1763 130
1763 131
1763 132
1763 133
1764 128
1764 129
1764 130
1764 131
1765 126
1765 127
1765 128
1765 129
1766 124
1766 125
1766 126
1767 122
1767 123
1767 124
1768 120
1768 121
1769 118
1784 138
1784 139
1785 136
1785 137
1786 133
1786 134
1786 135
1787 131
1787 132
1787 133
1788 129
1788 130
1788 131
1789 127
1789 128
1790 125
1790 126
1791 123
1791 124
3755 259
3756 256
3756 257
3757 254
3757 255
3758 251
3758 252
3758 253
3759 249
3759 250
3760 247
3760 248
3778 262
3779 259
3779 260
3779 261
3780 256
3780 257
3780 258
3780 259
3781 254
3781 255
3781 256
3781 257
3782 251
3782 252
3782 253
3782 254
3783 249
3783 250
3783 251
3783 252
3784 247
3784 248
3784 249
3785 244
3785 245
3785 246
3785 247
3786 242
3786 243
3786 244
3787 241
3802 263
3803 260
3803 261
3804 257
3804 258
3804 259
3805 254
3805 255
3805 256
3805 257
3806 252
3806 253
3806 254
3806 255
3807 249
3807 250
3807 251
3807 252
3807 253
3808 247
3808 248
3808 249
3808 250
3809 245
3809 246
3809 247
3809 248
3810 242
3810 243
3810 244
3810 245
3810 246
3811 240
3811 241
3811 242
3811 243
3812 238
3812 239
3812 240
3813 237
3827 261
3828 258
3828 259
3828 260
3829 255
3829 256
3829 257
3829 258
3830 252
3830 253
3830 254
3830 255
3830 256
3831 250
3831 251
3831 252
3831 253
3832 247
3832 248
3832 249
3832 250
3832 251
3833 245
3833 246
3833 247
3833 248
3833 249
3834 243
3834 244
3834 245
3834 246
3835 241
3835 242
3835 243
3835 244
3836 238
3836 239
3836 240
3836 241
3837 236
3837 237
3837 238
3837 239
3838 235
3838 236
3852 259
3853 256
3853 257
3853 258
3854 253
3854 254
3854 255
3854 256
3855 251
3855 252
3855 253
3855 254
3856 248
3856 249
3856 250
3856 251
3856 252
3857 246
3857 247
3857 248
3857 249
3858 243
3858 244
3858 245
3858 246
3858 247
3859 241
3859 242
3859 243
3859 244
3859 245
3860 239
3860 240
3860 241
3860 242
3861 237
3861 238
3861 239
3861 240
3862 235
3862 236
3862 237
3863 233
3863 234
3878 254
3878 255
3878 256
3879 252
3879 253
3879 254
3880 249
3880 250
3880 251
3880 252
3881 247
3881 248
3881 249
3881 250
3882 244
3882 245
3882 246
3882 247
3883 242
3883 243
3883 244
3883 245
3884 240
3884 241
3884 242
3884 243
3885 238
3885 239
3885 240
3886 236
3886 237
3886 238
3887 234
3887 235
3904 250
3904 251
3905 248
3905 249
3906 245
3906 246
3906 247
3907 243
3907 244
3907 245
3908 241
3908 242
3908 243
3909 238
3909 239
3909 240
3910 236
3910 237
3910 238
3911 235
3932 242
3933 240
