755 234
755 235
756 231
756 232
756 233
757 227
757 228
757 229
757 230
758 224
758 225
758 226
758 227
759 221
759 222
759 223
759 224
760 218
760 219
760 220
761 216
770 241
770 242
770 243
771 238
771 239
771 240
771 241
772 234
772 235
772 236
772 237
772 238
773 231
773 232
773 233
773 234
773 235
774 228
774 229
774 230
774 231
774 232
775 225
775 226
775 227
775 228
775 229
776 222
776 223
776 224
776 225
776 226
777 219
777 220
777 221
777 222
777 223
778 216
778 217
778 218
778 219
779 213
779 214
779 215
779 216
780 210
780 211
780 212
786 246
786 247
786 248
787 242
787 243
787 244
787 245
787 246
788 238
788 239
788 240
788 241
788 242
788 243
789 235
789 236
789 237
789 238
789 239
789 240
790 232
790 233
790 234
790 235
790 236
790 237
791 229
791 230
791 231
791 232
791 233
791 234
791 235
792 225
792 226
792 227
792 228
792 229
792 230
792 231
793 222
793 223
793 224
793 225
793 226
793 227
793 228
794 219
794 220
794 221
794 222
794 223
794 224
794 225
795 216
795 217
795 218
795 219
795 220
795 221
795 222
796 214
796 215
796 216
796 217
796 218
797 211
797 212
797 213
797 214
797 215
798 208
798 209
798 210
798 211
799 206
799 207
802 250
802 251
802 252
803 246
803 247
803 248
803 249
803 250
804 243
804 244
804 245
804 246
804 247
804 248
805 239
805 240
805 241
805 242
805 243
805 244
805 245
806 236
806 237
806 238
806 239
806 240
806 241
806 242
807 233
807 234
807 235
807 236
807 237
807 238
807 239
808 230
808 231
808 232
808 233
808 234
808 235
808 236
809 227
809 228
809 229
809 230
809 231
809 232
809 233
810 223
810 224
810 225
810 226
810 227
810 228
810 229
810 230
811 220
811 221
811 222
811 223
811 224
811 225
811 226
811 227
812 217
812 218
812 219
812 220
812 221
812 222
812 223
812 224
813 214
813 215
813 216
813 217
813 218
813 219
813 220
813 221
814 212
814 213
814 214
814 215
814 216
814 217
815 209
815 210
815 211
815 212
815 213
816 206
816 207
816 208
816 209
816 210
817 204
817 205
819 251
819 252
819 253
819 254
820 248
820 249
820 250
820 251
820 252
821 244
821 245
821 246
821 247
821 248
821 249
821 250
822 241
822 242
822 243
822 244
822 245
822 246
822 247
823 237
823 238
823 239
823 240
823 241
823 242
823 243
823 244
824 234
824 235
824 236
824 237
824 238
824 239
824 240
824 241
825 231
825 232
825 233
825 234
825 235
825 236
825 237
825 238
826 228
826 229
826 230
826 231
826 232
826 233
826 234
826 235
827 225
827 226
827 227
827 228
827 229
827 230
827 231
827 232
828 222
828 223
828 224
828 225
828 226
828 227
828 228
828 229
829 219
829 220
829 221
829 222
829 223
829 224
829 225
829 226
830 216
830 217
830 218
830 219
830 220
830 221
830 222
830 223
831 213
831 214
831 215
831 216
831 217
831 218
831 219
832 210
832 211
832 212
832 213
832 214
832 215
832 216
833 207
833 208
833 209
833 210
833 211
833 212
834 205
834 206
834 207
834 208
835 203
836 253
836 254
836 255
836 256
837 249
837 250
837 251
837 252
837 253
837 254
838 245
838 246
838 247
838 248
838 249
838 250
838 251
839 242
839 243
839 244
839 245
839 246
839 247
839 248
839 249
840 239
840 240
840 241
840 242
840 243
840 244
840 245
840 246
841 235
841 236
841 237
841 238
841 239
841 240
841 241
841 242
841 243
842 232
842 233
842 234
842 235
842 236
842 237
842 238
842 239
842 240
843 229
843 230
843 231
843 232
843 233
843 234
843 235
843 236
843 237
844 226
844 227
844 228
844 229
844 230
844 231
844 232
844 233
844 234
845 223
845 224
845 225
845 226
845 227
845 228
845 229
845 230
845 231
846 220
846 221
846 222
846 223
846 224
846 225
846 226
846 227
846 228
847 217
847 218
847 219
847 220
847 221
847 222
847 223
847 224
847 225
848 214
848 215
848 216
848 217
848 218
848 219
848 220
848 221
849 211
849 212
849 213
849 214
849 215
849 216
849 217
849 218
850 208
850 209
850 210
850 211
850 212
850 213
850 214
851 206
851 207
851 208
851 209
851 210
852 203
852 204
852 205
852 206
852 259
853 254
853 255
853 256
853 257
853 258
854 250
854 251
854 252
854 253
854 254
854 255
854 256
855 247
855 248
855 249
855 250
855 251
855 252
855 253
856 243
856 244
856 245
856 246
856 247
856 248
856 249
856 250
857 240
857 241
857 242
857 243
857 244
857 245
857 246
857 247
857 248
858 237
858 238
858 239
858 240
858 241
858 242
858 243
858 244
858 245
859 234
859 235
859 236
859 237
859 238
859 239
859 240
859 241
859 242
860 230
860 231
860 232
860 233
860 234
860 235
860 236
860 237
860 238
860 239
861 227
861 228
861 229
861 230
861 231
861 232
861 233
861 234
861 235
861 236
862 224
862 225
862 226
862 227
862 228
862 229
862 230
862 231
862 232
862 233
863 221
863 222
863 223
863 224
863 225
863 226
863 227
863 228
863 229
863 230
864 218
864 219
864 220
864 221
864 222
864 223
864 224
864 225
864 226
865 215
865 216
865 217
865 218
865 219
865 220
865 221
865 222
865 223
866 212
866 213
866 214
866 215
866 216
866 217
866 218
866 219
866 220
867 210
867 211
867 212
867 213
867 214
867 215
867 216
868 207
868 208
868 209
868 210
868 211
868 212
869 204
869 205
869 206
869 207
869 208
870 202
870 203
870 204
870 256
870 257
870 258
870 259
871 252
871 253
871 254
871 255
871 256
871 257
872 248
872 249
872 250
872 251
872 252
872 253
872 254
872 255
873 245
873 246
873 247
873 248
873 249
873 250
873 251
873 252
874 242
874 243
874 244
874 245
874 246
874 247
874 248
874 249
875 238
875 239
875 240
875 241
875 242
875 243
875 244
875 245
875 246
875 247
876 235
876 236
876 237
876 238
876 239
876 240
876 241
876 242
876 243
876 244
877 232
877 233
877 234
877 235
877 236
877 237
877 238
877 239
877 240
877 241
878 229
878 230
878 231
878 232
878 233
878 234
878 235
878 236
878 237
878 238
879 226
879 227
879 228
879 229
879 230
879 231
879 232
879 233
879 234
879 235
880 223
880 224
880 225
880 226
880 227
880 228
880 229
880 230
880 231
881 220
881 221
881 222
881 223
881 224
881 225
881 226
881 227
881 228
882 217
882 218
882 219
882 220
882 221
882 222
882 223
882 224
882 225
883 214
883 215
883 216
883 217
883 218
883 219
883 220
883 221
884 211
884 212
884 213
884 214
884 215
884 216
884 217
884 218
885 208
885 209
885 210
885 211
885 212
885 213
885 214
886 206
886 207
886 208
886 209
886 210
887 203
887 204
887 205
887 206
887 257
887 258
887 259
887 260
887 261
888 254
888 255
888 256
888 257
888 258
888 259
889 250
889 251
889 252
889 253
889 254
889 255
889 256
890 246
890 247
890 248
890 249
890 250
890 251
890 252
890 253
890 254
891 243
891 244
891 245
891 246
891 247
891 248
891 249
891 250
891 251
892 240
892 241
892 242
892 243
892 244
892 245
892 246
892 247
892 248
893 237
893 238
893 239
893 240
893 241
893 242
893 243
893 244
893 245
894 233
894 234
894 235
894 236
894 237
894 238
894 239
894 240
894 241
894 242
895 230
895 231
895 232
895 233
895 234
895 235
895 236
895 237
895 238
895 239
896 227
896 228
896 229
896 230
896 231
896 232
896 233
896 234
896 235
896 236
897 224
897 225
897 226
897 227
897 228
897 229
897 230
897 231
897 232
897 233
898 221
898 222
898 223
898 224
898 225
898 226
898 227
898 228
898 229
898 230
899 218
899 219
899 220
899 221
899 222
899 223
899 224
899 225
899 226
899 227
900 215
900 216
900 217
900 218
900 219
900 220
900 221
900 222
900 223
901 212
901 213
901 214
901 215
901 216
901 217
901 218
901 219
901 220
902 210
902 211
902 212
902 213
902 214
902 215
902 216
903 207
903 208
903 209
903 210
903 211
903 212
904 205
904 206
904 207
904 208
904 259
904 260
904 261
904 262
905 203
905 255
905 256
905 257
905 258
905 259
905 260
906 252
906 253
906 254
906 255
906 256
906 257
906 258
907 248
907 249
907 250
907 251
907 252
907 253
907 254
907 255
908 245
908 246
908 247
908 248
908 249
908 250
908 251
908 252
909 241
909 242
909 243
909 244
909 245
909 246
909 247
909 248
909 249
909 250
910 238
910 239
910 240
910 241
910 242
910 243
910 244
910 245
910 246
910 247
911 235
911 236
911 237
911 238
911 239
911 240
911 241
911 242
911 243
911 244
912 232
912 233
912 234
912 235
912 236
912 237
912 238
912 239
912 240
912 241
913 229
913 230
913 231
913 232
913 233
913 234
913 235
913 236
913 237
913 238
914 226
914 227
914 228
914 229
914 230
914 231
914 232
914 233
914 234
914 235
915 223
915 224
915 225
915 226
915 227
915 228
915 229
915 230
915 231
915 232
916 220
916 221
916 222
916 223
916 224
916 225
916 226
916 227
916 228
917 217
917 218
917 219
917 220
917 221
917 222
917 223
917 224
917 225
918 214
918 215
918 216
918 217
918 218
918 219
918 220
918 221
919 211
919 212
919 213
919 214
919 215
919 216
919 217
919 218
920 208
920 209
920 210
920 211
920 212
920 213
920 214
921 206
921 207
921 208
921 209
921 210
921 262
921 263
922 204
922 205
922 206
922 257
922 258
922 259
922 260
922 261
923 253
923 254
923 255
923 256
923 257
923 258
923 259
924 250
924 251
924 252
924 253
924 254
924 255
924 256
924 257
925 246
925 247
925 248
925 249
925 250
925 251
925 252
925 253
925 254
926 243
926 244
926 245
926 246
926 247
926 248
926 249
926 250
926 251
927 240
927 241
927 242
927 243
927 244
927 245
927 246
927 247
927 248
928 237
928 238
928 239
928 240
928 241
928 242
928 243
928 244
928 245
929 233
929 234
929 235
929 236
929 237
929 238
929 239
929 240
929 241
929 242
930 230
930 231
930 232
930 233
930 234
930 235
930 236
930 237
930 238
930 239
931 227
931 228
931 229
931 230
931 231
931 232
931 233
931 234
931 235
931 236
932 224
932 225
932 226
932 227
932 228
932 229
932 230
932 231
932 232
932 233
933 221
933 222
933 223
933 224
933 225
933 226
933 227
933 228
933 229
933 230
934 218
934 219
934 220
934 221
934 222
934 223
934 224
934 225
934 226
934 227
935 215
935 216
935 217
935 218
935 219
935 220
935 221
935 222
935 223
936 213
936 214
936 215
936 216
936 217
936 218
936 219
936 220
937 210
937 211
937 212
937 213
937 214
937 215
937 216
938 208
938 209
938 210
938 211
938 212
939 206
939 207
939 208
939 259
939 260
939 261
939 262
940 255
940 256
940 257
940 258
940 259
940 260
941 252
941 253
941 254
941 255
941 256
941 257
941 258
942 248
942 249
942 250
942 251
942 252
942 253
942 254
942 255
943 245
943 246
943 247
943 248
943 249
943 250
943 251
943 252
943 253
944 242
944 243
944 244
944 245
944 246
944 247
944 248
944 249
944 250
945 238
945 239
945 240
945 241
945 242
945 243
945 244
945 245
945 246
945 247
946 235
946 236
946 237
946 238
946 239
946 240
946 241
946 242
946 243
946 244
947 232
947 233
947 234
947 235
947 236
947 237
947 238
947 239
947 240
947 241
948 229
948 230
948 231
948 232
948 233
948 234
948 235
948 236
948 237
948 238
949 226
949 227
949 228
949 229
949 230
949 231
949 232
949 233
949 234
949 235
950 223
950 224
950 225
950 226
950 227
950 228
950 229
950 230
950 231
951 220
951 221
951 222
951 223
951 224
951 225
951 226
951 227
951 228
952 217
952 218
952 219
952 220
952 221
952 222
952 223
952 224
952 225
953 214
953 215
953 216
953 217
953 218
953 219
953 220
953 221
954 212
954 213
954 214
954 215
954 216
954 217
954 218
955 209
955 210
955 211
955 212
955 213
955 214
956 207
956 208
956 209
956 262
957 257
957 258
957 259
957 260
957 261
958 254
958 255
958 256
958 257
958 258
958 259
959 250
959 251
959 252
959 253
959 254
959 255
959 256
959 257
960 247
960 248
960 249
960 250
960 251
960 252
960 253
960 254
961 243
961 244
961 245
961 246
961 247
961 248
961 249
961 250
961 251
962 240
962 241
962 242
962 243
962 244
962 245
962 246
962 247
962 248
963 237
963 238
963 239
963 240
963 241
963 242
963 243
963 244
963 245
964 234
964 235
964 236
964 237
964 238
964 239
964 240
964 241
964 242
965 231
965 232
965 233
965 234
965 235
965 236
965 237
965 238
965 239
966 228
966 229
966 230
966 231
966 232
966 233
966 234
966 235
966 236
967 225
967 226
967 227
967 228
967 229
967 230
967 231
967 232
967 233
968 222
968 223
968 224
968 225
968 226
968 227
968 228
968 229
968 230
969 219
969 220
969 221
969 222
969 223
969 224
969 225
969 226
970 216
970 217
970 218
970 219
970 220
970 221
970 222
970 223
971 213
971 214
971 215
971 216
971 217
971 218
971 219
972 211
972 212
972 213
972 214
972 215
973 209
973 210
973 211
974 260
974 261
974 262
975 256
975 257
975 258
975 259
975 260
976 252
976 253
976 254
976 255
976 256
976 257
976 258
977 249
977 250
977 251
977 252
977 253
977 254
977 255
978 245
978 246
978 247
978 248
978 249
978 250
978 251
978 252
979 242
979 243
979 244
979 245
979 246
979 247
979 248
979 249
979 250
980 239
980 240
980 241
980 242
980 243
980 244
980 245
980 246
980 247
981 236
981 237
981 238
981 239
981 240
981 241
981 242
981 243
981 244
982 232
982 233
982 234
982 235
982 236
982 237
982 238
982 239
982 240
982 241
983 229
983 230
983 231
983 232
983 233
983 234
983 235
983 236
983 237
983 238
984 226
984 227
984 228
984 229
984 230
984 231
984 232
984 233
984 234
985 223
985 224
985 225
985 226
985 227
985 228
985 229
985 230
985 231
986 221
986 222
986 223
986 224
986 225
986 226
986 227
986 228
987 218
987 219
987 220
987 221
987 222
987 223
987 224
988 215
988 216
988 217
988 218
988 219
988 220
988 221
989 213
989 214
989 215
989 216
989 217
990 211
990 212
992 258
992 259
992 260
992 261
993 254
993 255
993 256
993 257
993 258
993 259
994 251
994 252
994 253
994 254
994 255
994 256
995 247
995 248
995 249
995 250
995 251
995 252
995 253
995 254
996 244
996 245
996 246
996 247
996 248
996 249
996 250
996 251
997 241
997 242
997 243
997 244
997 245
997 246
997 247
997 248
998 237
998 238
998 239
998 240
998 241
998 242
998 243
998 244
998 245
999 234
999 235
999 236
999 237
999 238
999 239
999 240
999 241
999 242
1000 231
1000 232
1000 233
1000 234
1000 235
1000 236
1000 237
1000 238
1000 239
1001 228
1001 229
1001 230
1001 231
1001 232
1001 233
1001 234
1001 235
1001 236
1002 225
1002 226
1002 227
1002 228
1002 229
1002 230
1002 231
1002 232
1002 233
1003 222
1003 223
1003 224
1003 225
1003 226
1003 227
1003 228
1003 229
1004 220
1004 221
1004 222
1004 223
1004 224
1004 225
1004 226
1005 217
1005 218
1005 219
1005 220
1005 221
1005 222
1006 215
1006 216
1006 217
1006 218
1010 257
1010 258
1010 259
1011 253
1011 254
1011 255
1011 256
1011 257
1012 249
1012 250
1012 251
1012 252
1012 253
1012 254
1012 255
1013 246
1013 247
1013 248
1013 249
1013 250
1013 251
1013 252
1014 243
1014 244
1014 245
1014 246
1014 247
1014 248
1014 249
1015 239
1015 240
1015 241
1015 242
1015 243
1015 244
1015 245
1015 246
1016 236
1016 237
1016 238
1016 239
1016 240
1016 241
1016 242
1016 243
1017 233
1017 234
1017 235
1017 236
1017 237
1017 238
1017 239
1017 240
1018 230
1018 231
1018 232
1018 233
1018 234
1018 235
1018 236
1018 237
1019 227
1019 228
1019 229
1019 230
1019 231
1019 232
1019 233
1019 234
1020 224
1020 225
1020 226
1020 227
1020 228
1020 229
1020 230
1020 231
1021 222
1021 223
1021 224
1021 225
1021 226
1021 227
1022 219
1022 220
1022 221
1022 222
1022 223
1023 217
1023 218
1023 219
1028 256
1028 257
1029 252
1029 253
1029 254
1029 255
1030 248
1030 249
1030 250
1030 251
1030 252
1030 253
1031 245
1031 246
1031 247
1031 248
1031 249
1031 250
1032 242
1032 243
1032 244
1032 245
1032 246
1032 247
1033 238
1033 239
1033 240
1033 241
1033 242
1033 243
1033 244
1034 235
1034 236
1034 237
1034 238
1034 239
1034 240
1034 241
1035 232
1035 233
1035 234
1035 235
1035 236
1035 237
1035 238
1036 229
1036 230
1036 231
1036 232
1036 233
1036 234
1036 235
1037 227
1037 228
1037 229
1037 230
1037 231
1037 232
1038 224
1038 225
1038 226
1038 227
1038 228
1039 222
1039 223
1039 224
1047 251
1047 252
1047 253
1048 247
1048 248
1048 249
1048 250
1048 251
1049 244
1049 245
1049 246
1049 247
1049 248
1050 241
1050 242
1050 243
1050 244
1050 245
1051 238
1051 239
1051 240
1051 241
1051 242
1052 235
1052 236
1052 237
1052 238
1052 239
1053 232
1053 233
1053 234
1053 235
1053 236
1054 229
1054 230
1054 231
1054 232
1054 233
1055 226
1055 227
1055 228
1055 229
1056 225
1066 247
1066 248
1067 243
1067 244
1067 245
1067 246
1068 240
1068 241
1068 242
1068 243
1069 237
1069 238
1069 239
1069 240
1070 234
1070 235
1070 236
1070 237
1071 232
1071 233
2971 185
2988 186
2989 183
2990 179
2990 180
3005 188
3006 184
3006 185
3007 181
3007 182
3008 178
3024 183
3025 180
