2592 476
2595 478
2595 479
2598 480
2598 481
2598 482
2601 482
2601 483
2601 484
2601 485
2604 484
2604 485
2604 486
2604 487
2607 487
2607 488
2607 489
2608 471
2608 472
2608 473
2610 489
2610 490
2610 491
2610 492
2611 473
2611 474
2611 475
2611 476
2613 492
2613 493
2613 494
2614 475
2614 476
2614 477
2614 478
2616 494
2616 495
2616 496
2617 477
2617 478
2617 479
2617 480
2617 481
2619 497
2619 498
2620 480
2620 481
2620 482
2620 483
2620 484
2622 500
2623 482
2623 483
2623 484
2623 485
2623 486
2624 468
2626 484
2626 485
2626 486
2626 487
2626 488
2626 489
2627 469
2627 470
2627 471
2627 472
2629 487
2629 488
2629 489
2629 490
2629 491
2630 471
2630 472
2630 473
2630 474
2630 475
2632 489
2632 490
2632 491
2632 492
2632 493
2632 494
2633 473
2633 474
2633 475
2633 476
2633 477
2635 492
2635 493
2635 494
2635 495
2635 496
2636 475
2636 476
2636 477
2636 478
2636 479
2636 480
2638 494
2638 495
2638 496
2638 497
2638 498
2639 478
2639 479
2639 480
2639 481
2639 482
2639 483
2641 497
2641 498
2641 499
2641 500
2642 480
2642 481
2642 482
2642 483
2642 484
2642 485
2643 466
2643 467
2644 499
2644 500
2644 501
2644 502
2644 503
2645 482
2645 483
2645 484
2645 485
2645 486
2645 487
2645 488
2646 467
2646 468
2646 469
2646 470
2647 502
2647 503
2647 504
2647 505
2648 485
2648 486
2648 487
2648 488
2648 489
2648 490
2649 469
2649 470
2649 471
2649 472
2649 473
2650 505
2650 506
2650 507
2651 487
2651 488
2651 489
2651 490
2651 491
2651 492
2651 493
2652 471
2652 472
2652 473
2652 474
2652 475
2652 476
2654 489
2654 490
2654 491
2654 492
2654 493
2654 494
2654 495
2655 474
2655 475
2655 476
2655 477
2655 478
2655 479
2657 492
2657 493
2657 494
2657 495
2657 496
2657 497
2658 476
2658 477
2658 478
2658 479
2658 480
2658 481
2660 494
2660 495
2660 496
2660 497
2660 498
2660 499
2660 500
2661 478
2661 479
2661 480
2661 481
2661 482
2661 483
2661 484
2662 464
2662 465
2662 466
2663 497
2663 498
2663 499
2663 500
2663 501
2663 502
2664 480
2664 481
2664 482
2664 483
2664 484
2664 485
2664 486
2665 466
2665 467
2665 468
2665 469
2666 499
2666 500
2666 501
2666 502
2666 503
2666 504
2667 483
2667 484
2667 485
2667 486
2667 487
2667 488
2667 489
2668 468
2668 469
2668 470
2668 471
2668 472
2669 502
2669 503
2669 504
2669 505
2669 506
2669 507
2670 485
2670 486
2670 487
2670 488
2670 489
2670 490
2670 491
2671 470
2671 471
2671 472
2671 473
2671 474
2672 505
2672 506
2672 507
2672 508
2672 509
2673 487
2673 488
2673 489
2673 490
2673 491
2673 492
2673 493
2673 494
2674 472
2674 473
2674 474
2674 475
2674 476
2674 477
2675 508
2675 509
2675 510
2675 511
2676 490
2676 491
2676 492
2676 493
2676 494
2676 495
2676 496
2677 474
2677 475
2677 476
2677 477
2677 478
2677 479
2677 480
2678 511
2678 512
2679 492
2679 493
2679 494
2679 495
2679 496
2679 497
2679 498
2679 499
2680 476
2680 477
2680 478
2680 479
2680 480
2680 481
2680 482
2680 483
2681 463
2681 464
2682 495
2682 496
2682 497
2682 498
2682 499
2682 500
2682 501
2683 478
2683 479
2683 480
2683 481
2683 482
2683 483
2683 484
2683 485
2684 464
2684 465
2684 466
2684 467
2685 497
2685 498
2685 499
2685 500
2685 501
2685 502
2685 503
2685 504
2686 481
2686 482
2686 483
2686 484
2686 485
2686 486
2686 487
2686 488
2687 466
2687 467
2687 468
2687 469
2687 470
2688 500
2688 501
2688 502
2688 503
2688 504
2688 505
2688 506
2689 483
2689 484
2689 485
2689 486
2689 487
2689 488
2689 489
2689 490
2690 468
2690 469
2690 470
2690 471
2690 472
2690 473
2691 502
2691 503
2691 504
2691 505
2691 506
2691 507
2691 508
2692 485
2692 486
2692 487
2692 488
2692 489
2692 490
2692 491
2692 492
2692 493
2693 470
2693 471
2693 472
2693 473
2693 474
2693 475
2693 476
2694 505
2694 506
2694 507
2694 508
2694 509
2694 510
2695 488
2695 489
2695 490
2695 491
2695 492
2695 493
2695 494
2695 495
2696 472
2696 473
2696 474
2696 475
2696 476
2696 477
2696 478
2697 508
2697 509
2697 510
2697 511
2697 512
2698 490
2698 491
2698 492
2698 493
2698 494
2698 495
2698 496
2698 497
2698 498
2699 475
2699 476
2699 477
2699 478
2699 479
2699 480
2699 481
2700 511
2700 512
2700 513
2700 514
2700 515
2701 493
2701 494
2701 495
2701 496
2701 497
2701 498
2701 499
2701 500
2702 477
2702 478
2702 479
2702 480
2702 481
2702 482
2702 483
2702 484
2703 463
2703 464
2703 465
2703 514
2703 515
2703 516
2704 495
2704 496
2704 497
2704 498
2704 499
2704 500
2704 501
2704 502
2704 503
2705 479
2705 480
2705 481
2705 482
2705 483
2705 484
2705 485
2705 486
2706 465
2706 466
2706 467
2706 468
2706 517
2706 518
2707 498
2707 499
2707 500
2707 501
2707 502
2707 503
2707 504
2707 505
2708 481
2708 482
2708 483
2708 484
2708 485
2708 486
2708 487
2708 488
2708 489
2709 467
2709 468
2709 469
2709 470
2709 471
2710 500
2710 501
2710 502
2710 503
2710 504
2710 505
2710 506
2710 507
2711 484
2711 485
2711 486
2711 487
2711 488
2711 489
2711 490
2711 491
2712 469
2712 470
2712 471
2712 472
2712 473
2712 474
2713 503
2713 504
2713 505
2713 506
2713 507
2713 508
2713 509
2713 510
2714 486
2714 487
2714 488
2714 489
2714 490
2714 491
2714 492
2714 493
2714 494
2715 471
2715 472
2715 473
2715 474
2715 475
2715 476
2715 477
2716 506
2716 507
2716 508
2716 509
2716 510
2716 511
2716 512
2717 489
2717 490
2717 491
2717 492
2717 493
2717 494
2717 495
2717 496
2718 473
2718 474
2718 475
2718 476
2718 477
2718 478
2718 479
2718 480
2719 508
2719 509
2719 510
2719 511
2719 512
2719 513
2719 514
2720 491
2720 492
2720 493
2720 494
2720 495
2720 496
2720 497
2720 498
2720 499
2721 475
2721 476
2721 477
2721 478
2721 479
2721 480
2721 481
2721 482
2722 462
2722 463
2722 511
2722 512
2722 513
2722 514
2722 515
2722 516
2723 493
2723 494
2723 495
2723 496
2723 497
2723 498
2723 499
2723 500
2723 501
2724 477
2724 478
2724 479
2724 480
2724 481
2724 482
2724 483
2724 484
2724 485
2725 464
2725 465
2725 466
2725 514
2725 515
2725 516
2725 517
2725 518
2726 496
2726 497
2726 498
2726 499
2726 500
2726 501
2726 502
2726 503
2726 504
2727 480
2727 481
2727 482
2727 483
2727 484
2727 485
2727 486
2727 487
2728 465
2728 466
2728 467
2728 468
2728 469
2728 470
2728 517
2728 518
2728 519
2728 520
2729 498
2729 499
2729 500
2729 501
2729 502
2729 503
2729 504
2729 505
2729 506
2730 482
2730 483
2730 484
2730 485
2730 486
2730 487
2730 488
2730 489
2730 490
2731 467
2731 468
2731 469
2731 470
2731 471
2731 472
2731 520
2731 521
2731 522
2732 501
2732 502
2732 503
2732 504
2732 505
2732 506
2732 507
2732 508
2732 509
2733 484
2733 485
2733 486
2733 487
2733 488
2733 489
2733 490
2733 491
2733 492
2733 493
2734 469
2734 470
2734 471
2734 472
2734 473
2734 474
2734 475
2735 504
2735 505
2735 506
2735 507
2735 508
2735 509
2735 510
2735 511
2736 487
2736 488
2736 489
2736 490
2736 491
2736 492
2736 493
2736 494
2736 495
2737 471
2737 472
2737 473
2737 474
2737 475
2737 476
2737 477
2737 478
2738 506
2738 507
2738 508
2738 509
2738 510
2738 511
2738 512
2738 513
2739 489
2739 490
2739 491
2739 492
2739 493
2739 494
2739 495
2739 496
2739 497
2739 498
2740 474
2740 475
2740 476
2740 477
2740 478
2740 479
2740 480
2740 481
2741 509
2741 510
2741 511
2741 512
2741 513
2741 514
2741 515
2742 492
2742 493
2742 494
2742 495
2742 496
2742 497
2742 498
2742 499
2742 500
2743 476
2743 477
2743 478
2743 479
2743 480
2743 481
2743 482
2743 483
2744 463
2744 464
2744 512
2744 513
2744 514
2744 515
2744 516
2744 517
2744 518
2745 494
2745 495
2745 496
2745 497
2745 498
2745 499
2745 500
2745 501
2745 502
2745 503
2746 478
2746 479
2746 480
2746 481
2746 482
2746 483
2746 484
2746 485
2746 486
2747 464
2747 465
2747 466
2747 467
2747 468
2747 515
2747 516
2747 517
2747 518
2747 519
2747 520
2748 497
2748 498
2748 499
2748 500
2748 501
2748 502
2748 503
2748 504
2748 505
2749 480
2749 481
2749 482
2749 483
2749 484
2749 485
2749 486
2749 487
2749 488
2749 489
2750 466
2750 467
2750 468
2750 469
2750 470
2750 471
2750 517
2750 518
2750 519
2750 520
2750 521
2750 522
2751 499
2751 500
2751 501
2751 502
2751 503
2751 504
2751 505
2751 506
2751 507
2752 483
2752 484
2752 485
2752 486
2752 487
2752 488
2752 489
2752 490
2752 491
2753 468
2753 469
2753 470
2753 471
2753 472
2753 473
2753 521
2753 522
2753 523
2753 524
2754 502
2754 503
2754 504
2754 505
2754 506
2754 507
2754 508
2754 509
2754 510
2755 485
2755 486
2755 487
2755 488
2755 489
2755 490
2755 491
2755 492
2755 493
2755 494
2756 470
2756 471
2756 472
2756 473
2756 474
2756 475
2756 476
2756 524
2756 525
2757 504
2757 505
2757 506
2757 507
2757 508
2757 509
2757 510
2757 511
2757 512
2758 488
2758 489
2758 490
2758 491
2758 492
2758 493
2758 494
2758 495
2758 496
2759 472
2759 473
2759 474
2759 475
2759 476
2759 477
2759 478
2759 479
2760 507
2760 508
2760 509
2760 510
2760 511
2760 512
2760 513
2760 514
2760 515
2761 490
2761 491
2761 492
2761 493
2761 494
2761 495
2761 496
2761 497
2761 498
2761 499
2762 474
2762 475
2762 476
2762 477
2762 478
2762 479
2762 480
2762 481
2762 482
2763 510
2763 511
2763 512
2763 513
2763 514
2763 515
2763 516
2763 517
2764 492
2764 493
2764 494
2764 495
2764 496
2764 497
2764 498
2764 499
2764 500
2764 501
2765 477
2765 478
2765 479
2765 480
2765 481
2765 482
2765 483
2765 484
2766 463
2766 464
2766 465
2766 512
2766 513
2766 514
2766 515
2766 516
2766 517
2766 518
2766 519
2767 495
2767 496
2767 497
2767 498
2767 499
2767 500
2767 501
2767 502
2767 503
2767 504
2768 479
2768 480
2768 481
2768 482
2768 483
2768 484
2768 485
2768 486
2768 487
2769 465
2769 466
2769 467
2769 468
2769 469
2769 515
2769 516
2769 517
2769 518
2769 519
2769 520
2769 521
2770 497
2770 498
2770 499
2770 500
2770 501
2770 502
2770 503
2770 504
2770 505
2770 506
2771 481
2771 482
2771 483
2771 484
2771 485
2771 486
2771 487
2771 488
2771 489
2771 490
2772 467
2772 468
2772 469
2772 470
2772 471
2772 472
2772 518
2772 519
2772 520
2772 521
2772 522
2772 523
2773 500
2773 501
2773 502
2773 503
2773 504
2773 505
2773 506
2773 507
2773 508
2773 509
2774 484
2774 485
2774 486
2774 487
2774 488
2774 489
2774 490
2774 491
2774 492
2775 469
2775 470
2775 471
2775 472
2775 473
2775 474
2775 521
2775 522
2775 523
2775 524
2775 525
2776 503
2776 504
2776 505
2776 506
2776 507
2776 508
2776 509
2776 510
2776 511
2777 486
2777 487
2777 488
2777 489
2777 490
2777 491
2777 492
2777 493
2777 494
2777 495
2778 471
2778 472
2778 473
2778 474
2778 475
2778 476
2778 477
2778 524
2778 525
2778 526
2778 527
2779 505
2779 506
2779 507
2779 508
2779 509
2779 510
2779 511
2779 512
2779 513
2780 488
2780 489
2780 490
2780 491
2780 492
2780 493
2780 494
2780 495
2780 496
2780 497
2781 473
2781 474
2781 475
2781 476
2781 477
2781 478
2781 479
2781 480
2781 528
2782 508
2782 509
2782 510
2782 511
2782 512
2782 513
2782 514
2782 515
2782 516
2783 491
2783 492
2783 493
2783 494
2783 495
2783 496
2783 497
2783 498
2783 499
2783 500
2784 475
2784 476
2784 477
2784 478
2784 479
2784 480
2784 481
2784 482
2784 483
2785 511
2785 512
2785 513
2785 514
2785 515
2785 516
2785 517
2785 518
2786 493
2786 494
2786 495
2786 496
2786 497
2786 498
2786 499
2786 500
2786 501
2786 502
2787 478
2787 479
2787 480
2787 481
2787 482
2787 483
2787 484
2787 485
2788 464
2788 465
2788 466
2788 513
2788 514
2788 515
2788 516
2788 517
2788 518
2788 519
2788 520
2789 496
2789 497
2789 498
2789 499
2789 500
2789 501
2789 502
2789 503
2789 504
2789 505
2790 480
2790 481
2790 482
2790 483
2790 484
2790 485
2790 486
2790 487
2790 488
2791 466
2791 467
2791 468
2791 469
2791 516
2791 517
2791 518
2791 519
2791 520
2791 521
2791 522
2791 523
2792 498
2792 499
2792 500
2792 501
2792 502
2792 503
2792 504
2792 505
2792 506
2792 507
2793 482
2793 483
2793 484
2793 485
2793 486
2793 487
2793 488
2793 489
2793 490
2793 491
2794 468
2794 469
2794 470
2794 471
2794 472
2794 473
2794 519
2794 520
2794 521
2794 522
2794 523
2794 524
2794 525
2795 501
2795 502
2795 503
2795 504
2795 505
2795 506
2795 507
2795 508
2795 509
2795 510
2796 484
2796 485
2796 486
2796 487
2796 488
2796 489
2796 490
2796 491
2796 492
2796 493
2797 470
2797 471
2797 472
2797 473
2797 474
2797 475
2797 522
2797 523
2797 524
2797 525
2797 526
2797 527
2798 504
2798 505
2798 506
2798 507
2798 508
2798 509
2798 510
2798 511
2798 512
2799 487
2799 488
2799 489
2799 490
2799 491
2799 492
2799 493
2799 494
2799 495
2799 496
2800 472
2800 473
2800 474
2800 475
2800 476
2800 477
2800 478
2800 525
2800 526
2800 527
2800 528
2800 529
2801 506
2801 507
2801 508
2801 509
2801 510
2801 511
2801 512
2801 513
2801 514
2801 515
2802 489
2802 490
2802 491
2802 492
2802 493
2802 494
2802 495
2802 496
2802 497
2802 498
2803 474
2803 475
2803 476
2803 477
2803 478
2803 479
2803 480
2803 481
2803 528
2803 529
2803 530
2803 531
2804 509
2804 510
2804 511
2804 512
2804 513
2804 514
2804 515
2804 516
2804 517
2805 492
2805 493
2805 494
2805 495
2805 496
2805 497
2805 498
2805 499
2805 500
2805 501
2806 476
2806 477
2806 478
2806 479
2806 480
2806 481
2806 482
2806 483
2806 484
2807 511
2807 512
2807 513
2807 514
2807 515
2807 516
2807 517
2807 518
2807 519
2808 494
2808 495
2808 496
2808 497
2808 498
2808 499
2808 500
2808 501
2808 502
2808 503
2808 504
2809 478
2809 479
2809 480
2809 481
2809 482
2809 483
2809 484
2809 485
2809 486
2810 465
2810 466
2810 467
2810 514
2810 515
2810 516
2810 517
2810 518
2810 519
2810 520
2810 521
2810 522
2811 497
2811 498
2811 499
2811 500
2811 501
2811 502
2811 503
2811 504
2811 505
2811 506
2812 481
2812 482
2812 483
2812 484
2812 485
2812 486
2812 487
2812 488
2812 489
2813 467
2813 468
2813 469
2813 470
2813 517
2813 518
2813 519
2813 520
2813 521
2813 522
2813 523
2813 524
2814 499
2814 500
2814 501
2814 502
2814 503
2814 504
2814 505
2814 506
2814 507
2814 508
2814 509
2815 483
2815 484
2815 485
2815 486
2815 487
2815 488
2815 489
2815 490
2815 491
2815 492
2816 469
2816 470
2816 471
2816 472
2816 473
2816 520
2816 521
2816 522
2816 523
2816 524
2816 525
2816 526
2817 502
2817 503
2817 504
2817 505
2817 506
2817 507
2817 508
2817 509
2817 510
2817 511
2818 485
2818 486
2818 487
2818 488
2818 489
2818 490
2818 491
2818 492
2818 493
2818 494
2819 471
2819 472
2819 473
2819 474
2819 475
2819 476
2819 523
2819 524
2819 525
2819 526
2819 527
2819 528
2820 504
2820 505
2820 506
2820 507
2820 508
2820 509
2820 510
2820 511
2820 512
2820 513
2821 488
2821 489
2821 490
2821 491
2821 492
2821 493
2821 494
2821 495
2821 496
2821 497
2822 473
2822 474
2822 475
2822 476
2822 477
2822 478
2822 479
2822 526
2822 527
2822 528
2822 529
2822 530
2823 507
2823 508
2823 509
2823 510
2823 511
2823 512
2823 513
2823 514
2823 515
2823 516
2824 490
2824 491
2824 492
2824 493
2824 494
2824 495
2824 496
2824 497
2824 498
2824 499
2824 500
2825 475
2825 476
2825 477
2825 478
2825 479
2825 480
2825 481
2825 482
2825 529
2825 530
2825 531
2825 532
2826 510
2826 511
2826 512
2826 513
2826 514
2826 515
2826 516
2826 517
2826 518
2827 493
2827 494
2827 495
2827 496
2827 497
2827 498
2827 499
2827 500
2827 501
2827 502
2828 477
2828 478
2828 479
2828 480
2828 481
2828 482
2828 483
2828 484
2828 485
2828 532
2828 533
2828 534
2829 512
2829 513
2829 514
2829 515
2829 516
2829 517
2829 518
2829 519
2829 520
2829 521
2830 495
2830 496
2830 497
2830 498
2830 499
2830 500
2830 501
2830 502
2830 503
2830 504
2830 505
2831 479
2831 480
2831 481
2831 482
2831 483
2831 484
2831 485
2831 486
2831 487
2832 467
2832 515
2832 516
2832 517
2832 518
2832 519
2832 520
2832 521
2832 522
2832 523
2833 498
2833 499
2833 500
2833 501
2833 502
2833 503
2833 504
2833 505
2833 506
2833 507
2834 482
2834 483
2834 484
2834 485
2834 486
2834 487
2834 488
2834 489
2834 490
2835 468
2835 469
2835 470
2835 471
2835 518
2835 519
2835 520
2835 521
2835 522
2835 523
2835 524
2835 525
2836 500
2836 501
2836 502
2836 503
2836 504
2836 505
2836 506
2836 507
2836 508
2836 509
2836 510
2837 484
2837 485
2837 486
2837 487
2837 488
2837 489
2837 490
2837 491
2837 492
2837 493
2838 470
2838 471
2838 472
2838 473
2838 474
2838 521
2838 522
2838 523
2838 524
2838 525
2838 526
2838 527
2839 503
2839 504
2839 505
2839 506
2839 507
2839 508
2839 509
2839 510
2839 511
2839 512
2840 486
2840 487
2840 488
2840 489
2840 490
2840 491
2840 492
2840 493
2840 494
2840 495
2841 472
2841 473
2841 474
2841 475
2841 476
2841 477
2841 523
2841 524
2841 525
2841 526
2841 527
2841 528
2841 529
2841 530
2842 505
2842 506
2842 507
2842 508
2842 509
2842 510
2842 511
2842 512
2842 513
2842 514
2842 515
2843 489
2843 490
2843 491
2843 492
2843 493
2843 494
2843 495
2843 496
2843 497
2843 498
2844 474
2844 475
2844 476
2844 477
2844 478
2844 479
2844 480
2844 526
2844 527
2844 528
2844 529
2844 530
2844 531
2844 532
2845 508
2845 509
2845 510
2845 511
2845 512
2845 513
2845 514
2845 515
2845 516
2845 517
2846 491
2846 492
2846 493
2846 494
2846 495
2846 496
2846 497
2846 498
2846 499
2846 500
2846 501
2847 476
2847 477
2847 478
2847 479
2847 480
2847 481
2847 482
2847 483
2847 529
2847 530
2847 531
2847 532
2847 533
2847 534
2848 511
2848 512
2848 513
2848 514
2848 515
2848 516
2848 517
2848 518
2848 519
2849 494
2849 495
2849 496
2849 497
2849 498
2849 499
2849 500
2849 501
2849 502
2849 503
2850 478
2850 479
2850 480
2850 481
2850 482
2850 483
2850 484
2850 485
2850 486
2850 533
2850 534
2850 535
2851 513
2851 514
2851 515
2851 516
2851 517
2851 518
2851 519
2851 520
2851 521
2851 522
2852 496
2852 497
2852 498
2852 499
2852 500
2852 501
2852 502
2852 503
2852 504
2852 505
2852 506
2853 480
2853 481
2853 482
2853 483
2853 484
2853 485
2853 486
2853 487
2853 488
2854 516
2854 517
2854 518
2854 519
2854 520
2854 521
2854 522
2854 523
2854 524
2855 499
2855 500
2855 501
2855 502
2855 503
2855 504
2855 505
2855 506
2855 507
2855 508
2856 483
2856 484
2856 485
2856 486
2856 487
2856 488
2856 489
2856 490
2856 491
2857 469
2857 470
2857 471
2857 472
2857 519
2857 520
2857 521
2857 522
2857 523
2857 524
2857 525
2857 526
2858 501
2858 502
2858 503
2858 504
2858 505
2858 506
2858 507
2858 508
2858 509
2858 510
2858 511
2859 485
2859 486
2859 487
2859 488
2859 489
2859 490
2859 491
2859 492
2859 493
2859 494
2860 471
2860 472
2860 473
2860 474
2860 475
2860 522
2860 523
2860 524
2860 525
2860 526
2860 527
2860 528
2860 529
2861 504
2861 505
2861 506
2861 507
2861 508
2861 509
2861 510
2861 511
2861 512
2861 513
2862 488
2862 489
2862 490
2862 491
2862 492
2862 493
2862 494
2862 495
2862 496
2863 473
2863 474
2863 475
2863 476
2863 477
2863 478
2863 524
2863 525
2863 526
2863 527
2863 528
2863 529
2863 530
2863 531
2864 507
2864 508
2864 509
2864 510
2864 511
2864 512
2864 513
2864 514
2864 515
2864 516
2865 490
2865 491
2865 492
2865 493
2865 494
2865 495
2865 496
2865 497
2865 498
2865 499
2866 475
2866 476
2866 477
2866 478
2866 479
2866 480
2866 481
2866 527
2866 528
2866 529
2866 530
2866 531
2866 532
2866 533
2867 509
2867 510
2867 511
2867 512
2867 513
2867 514
2867 515
2867 516
2867 517
2867 518
2868 492
2868 493
2868 494
2868 495
2868 496
2868 497
2868 498
2868 499
2868 500
2868 501
2868 502
2869 477
2869 478
2869 479
2869 480
2869 481
2869 482
2869 483
2869 484
2869 530
2869 531
2869 532
2869 533
2869 534
2869 535
2870 512
2870 513
2870 514
2870 515
2870 516
2870 517
2870 518
2870 519
2870 520
2871 495
2871 496
2871 497
2871 498
2871 499
2871 500
2871 501
2871 502
2871 503
2871 504
2872 479
2872 480
2872 481
2872 482
2872 483
2872 484
2872 485
2872 486
2872 534
2872 535
2872 536
2872 537
2873 514
2873 515
2873 516
2873 517
2873 518
2873 519
2873 520
2873 521
2873 522
2873 523
2874 497
2874 498
2874 499
2874 500
2874 501
2874 502
2874 503
2874 504
2874 505
2874 506
2874 507
2875 482
2875 483
2875 484
2875 485
2875 486
2875 487
2875 488
2875 489
2875 537
2875 538
2876 517
2876 518
2876 519
2876 520
2876 521
2876 522
2876 523
2876 524
2876 525
2877 500
2877 501
2877 502
2877 503
2877 504
2877 505
2877 506
2877 507
2877 508
2877 509
2878 484
2878 485
2878 486
2878 487
2878 488
2878 489
2878 490
2878 491
2878 492
2879 471
2879 472
2879 520
2879 521
2879 522
2879 523
2879 524
2879 525
2879 526
2879 527
2879 528
2880 502
2880 503
2880 504
2880 505
2880 506
2880 507
2880 508
2880 509
2880 510
2880 511
2880 512
2881 486
2881 487
2881 488
2881 489
2881 490
2881 491
2881 492
2881 493
2881 494
2881 495
2882 472
2882 473
2882 474
2882 475
2882 523
2882 524
2882 525
2882 526
2882 527
2882 528
2882 529
2882 530
2883 505
2883 506
2883 507
2883 508
2883 509
2883 510
2883 511
2883 512
2883 513
2883 514
2884 489
2884 490
2884 491
2884 492
2884 493
2884 494
2884 495
2884 496
2884 497
2885 474
2885 475
2885 476
2885 477
2885 478
2885 479
2885 526
2885 527
2885 528
2885 529
2885 530
2885 531
2885 532
2886 508
2886 509
2886 510
2886 511
2886 512
2886 513
2886 514
2886 515
2886 516
2886 517
2887 491
2887 492
2887 493
2887 494
2887 495
2887 496
2887 497
2887 498
2887 499
2887 500
2888 476
2888 477
2888 478
2888 479
2888 480
2888 481
2888 528
2888 529
2888 530
2888 531
2888 532
2888 533
2888 534
2889 510
2889 511
2889 512
2889 513
2889 514
2889 515
2889 516
2889 517
2889 518
2889 519
2890 494
2890 495
2890 496
2890 497
2890 498
2890 499
2890 500
2890 501
2890 502
2891 478
2891 479
2891 480
2891 481
2891 482
2891 483
2891 484
2891 531
2891 532
2891 533
2891 534
2891 535
2891 536
2892 513
2892 514
2892 515
2892 516
2892 517
2892 518
2892 519
2892 520
2892 521
2892 522
2893 496
2893 497
2893 498
2893 499
2893 500
2893 501
2893 502
2893 503
2893 504
2893 505
2894 480
2894 481
2894 482
2894 483
2894 484
2894 485
2894 486
2894 487
2894 534
2894 535
2894 536
2894 537
2894 538
2895 516
2895 517
2895 518
2895 519
2895 520
2895 521
2895 522
2895 523
2895 524
2896 499
2896 500
2896 501
2896 502
2896 503
2896 504
2896 505
2896 506
2896 507
2896 508
2897 483
2897 484
2897 485
2897 486
2897 487
2897 488
2897 489
2897 490
2897 538
2897 539
2897 540
2898 518
2898 519
2898 520
2898 521
2898 522
2898 523
2898 524
2898 525
2898 526
2899 501
2899 502
2899 503
2899 504
2899 505
2899 506
2899 507
2899 508
2899 509
2899 510
2900 485
2900 486
2900 487
2900 488
2900 489
2900 490
2900 491
2900 492
2900 493
2901 521
2901 522
2901 523
2901 524
2901 525
2901 526
2901 527
2901 528
2901 529
2902 504
2902 505
2902 506
2902 507
2902 508
2902 509
2902 510
2902 511
2902 512
2902 513
2903 487
2903 488
2903 489
2903 490
2903 491
2903 492
2903 493
2903 494
2903 495
2904 474
2904 475
2904 476
2904 524
2904 525
2904 526
2904 527
2904 528
2904 529
2904 530
2904 531
2905 506
2905 507
2905 508
2905 509
2905 510
2905 511
2905 512
2905 513
2905 514
2905 515
2906 490
2906 491
2906 492
2906 493
2906 494
2906 495
2906 496
2906 497
2906 498
2907 476
2907 477
2907 478
2907 479
2907 527
2907 528
2907 529
2907 530
2907 531
2907 532
2907 533
2908 509
2908 510
2908 511
2908 512
2908 513
2908 514
2908 515
2908 516
2908 517
2908 518
2909 492
2909 493
2909 494
2909 495
2909 496
2909 497
2909 498
2909 499
2909 500
2909 501
2910 478
2910 479
2910 480
2910 481
2910 482
2910 529
2910 530
2910 531
2910 532
2910 533
2910 534
2910 535
2911 511
2911 512
2911 513
2911 514
2911 515
2911 516
2911 517
2911 518
2911 519
2911 520
2912 495
2912 496
2912 497
2912 498
2912 499
2912 500
2912 501
2912 502
2912 503
2913 480
2913 481
2913 482
2913 483
2913 484
2913 485
2913 532
2913 533
2913 534
2913 535
2913 536
2913 537
2913 538
2914 514
2914 515
2914 516
2914 517
2914 518
2914 519
2914 520
2914 521
2914 522
2914 523
2915 497
2915 498
2915 499
2915 500
2915 501
2915 502
2915 503
2915 504
2915 505
2915 506
2916 482
2916 483
2916 484
2916 485
2916 486
2916 487
2916 488
2916 535
2916 536
2916 537
2916 538
2916 539
2917 517
2917 518
2917 519
2917 520
2917 521
2917 522
2917 523
2917 524
2917 525
2918 500
2918 501
2918 502
2918 503
2918 504
2918 505
2918 506
2918 507
2918 508
2918 509
2919 484
2919 485
2919 486
2919 487
2919 488
2919 489
2919 490
2919 491
2919 539
2919 540
2919 541
2920 519
2920 520
2920 521
2920 522
2920 523
2920 524
2920 525
2920 526
2920 527
2921 502
2921 503
2921 504
2921 505
2921 506
2921 507
2921 508
2921 509
2921 510
2921 511
2922 486
2922 487
2922 488
2922 489
2922 490
2922 491
2922 492
2922 493
2923 522
2923 523
2923 524
2923 525
2923 526
2923 527
2923 528
2923 529
2923 530
2924 505
2924 506
2924 507
2924 508
2924 509
2924 510
2924 511
2924 512
2924 513
2924 514
2925 489
2925 490
2925 491
2925 492
2925 493
2925 494
2925 495
2925 496
2926 525
2926 526
2926 527
2926 528
2926 529
2926 530
2926 531
2926 532
2927 507
2927 508
2927 509
2927 510
2927 511
2927 512
2927 513
2927 514
2927 515
2927 516
2928 491
2928 492
2928 493
2928 494
2928 495
2928 496
2928 497
2928 498
2928 499
2929 477
2929 478
2929 479
2929 528
2929 529
2929 530
2929 531
2929 532
2929 533
2929 534
2930 510
2930 511
2930 512
2930 513
2930 514
2930 515
2930 516
2930 517
2930 518
2930 519
2931 493
2931 494
2931 495
2931 496
2931 497
2931 498
2931 499
2931 500
2931 501
2931 502
2932 479
2932 480
2932 481
2932 482
2932 531
2932 532
2932 533
2932 534
2932 535
2932 536
2932 537
2933 513
2933 514
2933 515
2933 516
2933 517
2933 518
2933 519
2933 520
2933 521
2934 496
2934 497
2934 498
2934 499
2934 500
2934 501
2934 502
2934 503
2934 504
2935 481
2935 482
2935 483
2935 484
2935 485
2935 534
2935 535
2935 536
2935 537
2935 538
2935 539
2936 515
2936 516
2936 517
2936 518
2936 519
2936 520
2936 521
2936 522
2936 523
2936 524
2937 498
2937 499
2937 500
2937 501
2937 502
2937 503
2937 504
2937 505
2937 506
2937 507
2938 483
2938 484
2938 485
2938 486
2938 487
2938 488
2938 537
2938 538
2938 539
2938 540
2938 541
2939 518
2939 519
2939 520
2939 521
2939 522
2939 523
2939 524
2939 525
2939 526
2940 501
2940 502
2940 503
2940 504
2940 505
2940 506
2940 507
2940 508
2940 509
2941 485
2941 486
2941 487
2941 488
2941 489
2941 490
2941 491
2941 540
2941 541
2941 542
2941 543
2942 521
2942 522
2942 523
2942 524
2942 525
2942 526
2942 527
2942 528
2943 504
2943 505
2943 506
2943 507
2943 508
2943 509
2943 510
2943 511
2943 512
2944 488
2944 489
2944 490
2944 491
2944 492
2944 493
2944 494
2944 544
2945 523
2945 524
2945 525
2945 526
2945 527
2945 528
2945 529
2945 530
2945 531
2946 506
2946 507
2946 508
2946 509
2946 510
2946 511
2946 512
2946 513
2946 514
2946 515
2947 490
2947 491
2947 492
2947 493
2947 494
2947 495
2947 496
2947 497
2948 526
2948 527
2948 528
2948 529
2948 530
2948 531
2948 532
2948 533
2949 509
2949 510
2949 511
2949 512
2949 513
2949 514
2949 515
2949 516
2949 517
2950 492
2950 493
2950 494
2950 495
2950 496
2950 497
2950 498
2950 499
2950 500
2951 529
2951 530
2951 531
2951 532
2951 533
2951 534
2951 535
2952 511
2952 512
2952 513
2952 514
2952 515
2952 516
2952 517
2952 518
2952 519
2952 520
2953 495
2953 496
2953 497
2953 498
2953 499
2953 500
2953 501
2953 502
2954 481
2954 482
2954 532
2954 533
2954 534
2954 535
2954 536
2954 537
2954 538
2955 514
2955 515
2955 516
2955 517
2955 518
2955 519
2955 520
2955 521
2955 522
2956 497
2956 498
2956 499
2956 500
2956 501
2956 502
2956 503
2956 504
2956 505
2957 483
2957 484
2957 485
2957 486
2957 535
2957 536
2957 537
2957 538
2957 539
2957 540
2958 517
2958 518
2958 519
2958 520
2958 521
2958 522
2958 523
2958 524
2958 525
2959 500
2959 501
2959 502
2959 503
2959 504
2959 505
2959 506
2959 507
2959 508
2960 485
2960 486
2960 487
2960 488
2960 489
2960 538
2960 539
2960 540
2960 541
2960 542
2961 519
2961 520
2961 521
2961 522
2961 523
2961 524
2961 525
2961 526
2961 527
2962 502
2962 503
2962 504
2962 505
2962 506
2962 507
2962 508
2962 509
2962 510
2963 487
2963 488
2963 489
2963 490
2963 491
2963 492
2963 541
2963 542
2963 543
2963 544
2964 522
2964 523
2964 524
2964 525
2964 526
2964 527
2964 528
2964 529
2965 505
2965 506
2965 507
2965 508
2965 509
2965 510
2965 511
2965 512
2965 513
2966 489
2966 490
2966 491
2966 492
2966 493
2966 494
2966 495
2966 545
2967 525
2967 526
2967 527
2967 528
2967 529
2967 530
2967 531
2967 532
2968 507
2968 508
2968 509
2968 510
2968 511
2968 512
2968 513
2968 514
2968 515
2969 491
2969 492
2969 493
2969 494
2969 495
2969 496
2969 497
2970 527
2970 528
2970 529
2970 530
2970 531
2970 532
2970 533
2970 534
2971 510
2971 511
2971 512
2971 513
2971 514
2971 515
2971 516
2971 517
2971 518
2972 494
2972 495
2972 496
2972 497
2972 498
2972 499
2972 500
2973 530
2973 531
2973 532
2973 533
2973 534
2973 535
2973 536
2974 513
2974 514
2974 515
2974 516
2974 517
2974 518
2974 519
2974 520
2975 496
2975 497
2975 498
2975 499
2975 500
2975 501
2975 502
2975 503
2976 533
2976 534
2976 535
2976 536
2976 537
2976 538
2976 539
2977 515
2977 516
2977 517
2977 518
2977 519
2977 520
2977 521
2977 522
2977 523
2978 499
2978 500
2978 501
2978 502
2978 503
2978 504
2978 505
2978 506
2979 536
2979 537
2979 538
2979 539
2979 540
2979 541
2980 518
2980 519
2980 520
2980 521
2980 522
2980 523
2980 524
2980 525
2981 501
2981 502
2981 503
2981 504
2981 505
2981 506
2981 507
2981 508
2982 487
2982 488
2982 489
2982 539
2982 540
2982 541
2982 542
2982 543
2983 521
2983 522
2983 523
2983 524
2983 525
2983 526
2983 527
2983 528
2984 504
2984 505
2984 506
2984 507
2984 508
2984 509
2984 510
2984 511
2985 489
2985 490
2985 491
2985 492
2985 542
2985 543
2985 544
2985 545
2986 523
2986 524
2986 525
2986 526
2986 527
2986 528
2986 529
2986 530
2987 506
2987 507
2987 508
2987 509
2987 510
2987 511
2987 512
2987 513
2987 514
2988 491
2988 492
2988 493
2988 494
2988 495
2988 546
2989 526
2989 527
2989 528
2989 529
2989 530
2989 531
2989 532
2989 533
2990 509
2990 510
2990 511
2990 512
2990 513
2990 514
2990 515
2990 516
2991 493
2991 494
2991 495
2991 496
2991 497
2991 498
2992 529
2992 530
2992 531
2992 532
2992 533
2992 534
2992 535
2993 511
2993 512
2993 513
2993 514
2993 515
2993 516
2993 517
2993 518
2993 519
2994 495
2994 496
2994 497
2994 498
2994 499
2994 500
2994 501
2995 531
2995 532
2995 533
2995 534
2995 535
2995 536
2995 537
2996 514
2996 515
2996 516
2996 517
2996 518
2996 519
2996 520
2996 521
2997 498
2997 499
2997 500
2997 501
2997 502
2997 503
2997 504
2998 534
2998 535
2998 536
2998 537
2998 538
2998 539
2999 517
2999 518
2999 519
2999 520
2999 521
2999 522
2999 523
2999 524
3000 500
3000 501
3000 502
3000 503
3000 504
3000 505
3000 506
3001 537
3001 538
3001 539
3001 540
3001 541
3001 542
3002 519
3002 520
3002 521
3002 522
3002 523
3002 524
3002 525
3002 526
3003 503
3003 504
3003 505
3003 506
3003 507
3003 508
3003 509
3004 540
3004 541
3004 542
3004 543
3004 544
3005 522
3005 523
3005 524
3005 525
3005 526
3005 527
3005 528
3005 529
3006 505
3006 506
3006 507
3006 508
3006 509
3006 510
3006 511
3006 512
3007 543
3007 544
3007 545
3007 546
3008 525
3008 526
3008 527
3008 528
3008 529
3008 530
3008 531
3009 508
3009 509
3009 510
3009 511
3009 512
3009 513
3009 514
3010 493
3010 494
3010 495
3010 547
3011 527
3011 528
3011 529
3011 530
3011 531
3011 532
3011 533
3012 510
3012 511
3012 512
3012 513
3012 514
3012 515
3012 516
3012 517
3013 495
3013 496
3013 497
3013 498
3014 530
3014 531
3014 532
3014 533
3014 534
3014 535
3014 536
3015 513
3015 514
3015 515
3015 516
3015 517
3015 518
3015 519
3016 497
3016 498
3016 499
3016 500
3016 501
3017 533
3017 534
3017 535
3017 536
3017 537
3017 538
3018 515
3018 516
3018 517
3018 518
3018 519
3018 520
3018 521
3018 522
3019 500
3019 501
3019 502
3019 503
3019 504
3020 536
3020 537
3020 538
3020 539
3020 540
3021 518
3021 519
3021 520
3021 521
3021 522
3021 523
3021 524
3021 525
3022 502
3022 503
3022 504
3022 505
3022 506
3022 507
3023 539
3023 540
3023 541
3023 542
3024 521
3024 522
3024 523
3024 524
3024 525
3024 526
3024 527
3025 504
3025 505
3025 506
3025 507
3025 508
3025 509
3026 541
3026 542
3026 543
3026 544
3026 545
3027 523
3027 524
3027 525
3027 526
3027 527
3027 528
3027 529
3028 507
3028 508
3028 509
3028 510
3028 511
3028 512
3029 545
3029 546
3030 526
3030 527
3030 528
3030 529
3030 530
3030 531
3030 532
3031 509
3031 510
3031 511
3031 512
3031 513
3031 514
3031 515
3033 529
3033 530
3033 531
3033 532
3033 533
3033 534
3034 512
3034 513
3034 514
3034 515
3034 516
3034 517
3036 531
3036 532
3036 533
3036 534
3036 535
3036 536
3036 537
3037 514
3037 515
3037 516
3037 517
3037 518
3037 519
3037 520
3038 500
3038 501
3039 534
3039 535
3039 536
3039 537
3039 538
3039 539
3040 517
3040 518
3040 519
3040 520
3040 521
3040 522
3040 523
3041 502
3041 503
3041 504
3042 537
3042 538
3042 539
3042 540
3042 541
3043 520
3043 521
3043 522
3043 523
3043 524
3043 525
3044 504
3044 505
3044 506
3044 507
3045 540
3045 541
3045 542
3045 543
3046 522
3046 523
3046 524
3046 525
3046 526
3046 527
3046 528
3047 506
3047 507
3047 508
3047 509
3047 510
3048 543
3048 544
3048 545
3049 525
3049 526
3049 527
3049 528
3049 529
3049 530
3050 509
3050 510
3050 511
3050 512
3050 513
3051 546
3051 547
3052 527
3052 528
3052 529
3052 530
3052 531
3052 532
3052 533
3053 511
3053 512
3053 513
3053 514
3053 515
3055 530
3055 531
3055 532
3055 533
3055 534
3055 535
3056 513
3056 514
3056 515
3056 516
3056 517
3056 518
3058 533
3058 534
3058 535
3058 536
3058 537
3059 516
3059 517
3059 518
3059 519
3059 520
3059 521
3061 536
3061 537
3061 538
3061 539
3061 540
3062 519
3062 520
3062 521
3062 522
3062 523
3064 538
3064 539
3064 540
3064 541
3064 542
3065 521
3065 522
3065 523
3065 524
3065 525
3065 526
3067 541
3067 542
3067 543
3067 544
3068 524
3068 525
3068 526
3068 527
3068 528
3069 509
3070 544
3070 545
3070 546
3071 526
3071 527
3071 528
3071 529
3071 530
3071 531
3072 511
3072 512
3074 529
3074 530
3074 531
3074 532
3074 533
3075 513
3075 514
3075 515
3077 532
3077 533
3077 534
3077 535
3077 536
3078 515
3078 516
3078 517
3078 518
3080 534
3080 535
3080 536
3080 537
3080 538
3081 518
3081 519
3081 520
3081 521
3083 537
3083 538
3083 539
3083 540
3084 520
3084 521
3084 522
3084 523
3086 540
3086 541
3086 542
3087 523
3087 524
3087 525
3087 526
3089 543
3089 544
3090 525
3090 526
3090 527
3090 528
3090 529
3093 528
3093 529
3093 530
3093 531
3096 531
3096 532
3096 533
3096 534
3099 533
3099 534
3099 535
3099 536
3102 536
3102 537
3102 538
3105 539
3105 540
3108 542
3109 525
3109 526
3112 528
3115 530
3115 531
3118 533
