66 22
71 25
72 16
77 18
77 19
77 20
82 21
82 22
82 23
83 13
87 25
87 26
88 15
88 16
88 17
92 28
92 29
93 18
93 19
93 20
98 21
98 22
98 23
98 24
99 12
99 13
99 14
103 25
103 26
103 27
104 15
104 16
104 17
108 28
108 29
108 30
109 18
109 19
109 20
109 21
110 10
114 21
114 22
114 23
114 24
115 12
115 13
115 14
119 25
119 26
119 27
120 15
120 16
120 17
120 18
124 28
124 29
124 30
125 18
125 19
125 20
125 21
126 10
126 11
130 21
130 22
130 23
130 24
131 12
131 13
131 14
135 25
135 26
135 27
136 15
136 16
136 17
136 18
140 28
140 29
140 30
141 18
141 19
141 20
141 21
142 10
142 11
145 33
146 21
146 22
146 23
146 24
146 25
147 12
147 13
147 14
147 15
151 25
151 26
151 27
151 28
152 15
152 16
152 17
152 18
156 29
156 30
156 31
157 18
157 19
157 20
157 21
157 22
158 10
158 11
162 22
162 23
162 24
162 25
163 12
163 13
163 14
163 15
167 25
167 26
167 27
167 28
168 15
168 16
168 17
168 18
172 29
172 30
172 31
173 19
173 20
173 21
173 22
174 10
174 11
178 22
178 23
178 24
178 25
179 13
179 14
179 15
183 26
183 27
183 28
184 16
184 17
184 18
188 30
189 19
189 20
189 21
189 22
190 10
190 11
194 22
194 23
194 24
194 25
195 13
195 14
195 15
199 26
199 27
199 28
200 16
200 17
200 18
205 19
205 20
205 21
205 22
206 11
210 23
210 24
210 25
211 14
211 15
216 17
216 18
221 20
221 21
