964 114
964 115
970 118
970 119
970 120
971 111
971 112
976 124
976 125
977 115
977 116
977 117
977 118
978 108
978 109
983 120
983 121
983 122
983 123
984 113
984 114
984 115
985 106
989 126
989 127
990 117
990 118
990 119
990 120
990 121
991 110
991 111
991 112
991 113
996 123
996 124
996 125
997 114
997 115
997 116
997 117
997 118
998 107
998 108
998 109
998 110
1002 128
1002 129
1003 119
1003 120
1003 121
1003 122
1003 123
1004 112
1004 113
1004 114
1004 115
1004 116
1005 105
1005 106
1005 107
1009 125
1009 126
1009 127
1009 128
1010 117
1010 118
1010 119
1010 120
1010 121
1011 109
1011 110
1011 111
1011 112
1011 113
1012 102
1012 103
1012 104
1016 122
1016 123
1016 124
1016 125
1017 114
1017 115
1017 116
1017 117
1017 118
1018 106
1018 107
1018 108
1018 109
1018 110
1019 100
1019 101
1022 127
1022 128
1022 129
1022 130
1023 119
1023 120
1023 121
1023 122
1023 123
1024 111
1024 112
1024 113
1024 114
1024 115
1024 116
1025 104
1025 105
1025 106
1025 107
1029 124
1029 125
1029 126
1029 127
1029 128
1030 116
1030 117
1030 118
1030 119
1030 120
1030 121
1031 108
1031 109
1031 110
1031 111
1031 112
1031 113
1032 101
1032 102
1032 103
1032 104
1035 130
1035 131
1036 121
1036 122
1036 123
1036 124
1036 125
1037 113
1037 114
1037 115
1037 116
1037 117
1037 118
1038 106
1038 107
1038 108
1038 109
1038 110
1039 99
1039 100
1039 101
1042 127
1042 128
1042 129
1042 130
1043 118
1043 119
1043 120
1043 121
1043 122
1043 123
1044 110
1044 111
1044 112
1044 113
1044 114
1044 115
1045 103
1045 104
1045 105
1045 106
1045 107
1049 124
1049 125
1049 126
1049 127
1049 128
1050 115
1050 116
1050 117
1050 118
1050 119
1050 120
1051 108
1051 109
1051 110
1051 111
1051 112
1051 113
1052 101
1052 102
1052 103
1052 104
1055 130
1055 131
1056 121
1056 122
1056 123
1056 124
1056 125
1057 113
1057 114
1057 115
1057 116
1057 117
1057 118
1058 105
1058 106
1058 107
1058 108
1058 109
1058 110
1059 98
1059 99
1059 100
1059 101
1062 126
1062 127
1062 128
1062 129
1063 118
1063 119
1063 120
1063 121
1063 122
1063 123
1064 110
1064 111
1064 112
1064 113
1064 114
1064 115
1065 103
1065 104
1065 105
1065 106
1065 107
1066 97
1069 123
1069 124
1069 125
1069 126
1069 127
1070 115
1070 116
1070 117
1070 118
1070 119
1070 120
1071 107
1071 108
1071 109
1071 110
1071 111
1071 112
1072 100
1072 101
1072 102
1072 103
1072 104
1075 129
1075 130
1075 131
1076 120
1076 121
1076 122
1076 123
1076 124
1076 125
1077 112
1077 113
1077 114
1077 115
1077 116
1077 117
1077 118
1078 105
1078 106
1078 107
1078 108
1078 109
1078 110
1079 98
1079 99
1079 100
1079 101
1082 126
1082 127
1082 128
1082 129
1083 117
1083 118
1083 119
1083 120
1083 121
1083 122
1084 109
1084 110
1084 111
1084 112
1084 113
1084 114
1084 115
1085 102
1085 103
1085 104
1085 105
1085 106
1085 107
1086 96
1086 97
1089 123
1089 124
1089 125
1089 126
1089 127
1090 115
1090 116
1090 117
1090 118
1090 119
1090 120
1091 107
1091 108
1091 109
1091 110
1091 111
1091 112
1092 100
1092 101
1092 102
1092 103
1095 129
1095 130
1096 120
1096 121
1096 122
1096 123
1096 124
1097 112
1097 113
1097 114
1097 115
1097 116
1097 117
1098 104
1098 105
1098 106
1098 107
1098 108
1098 109
1099 98
1099 99
1099 100
1102 126
1102 127
1102 128
1103 117
1103 118
1103 119
1103 120
1103 121
1103 122
1104 109
1104 110
1104 111
1104 112
1104 113
1104 114
1105 102
1105 103
1105 104
1105 105
1105 106
1106 96
1109 123
1109 124
1109 125
1109 126
1110 114
1110 115
1110 116
1110 117
1110 118
1110 119
1111 107
1111 108
1111 109
1111 110
1111 111
1112 100
1112 101
1112 102
1112 103
1116 120
1116 121
1116 122
1116 123
1116 124
1117 112
1117 113
1117 114
1117 115
1117 116
1118 104
1118 105
1118 106
1118 107
1118 108
1119 97
1119 98
1119 99
1119 100
1122 126
1122 127
1122 128
1123 117
1123 118
1123 119
1123 120
1123 121
1124 109
1124 110
1124 111
1124 112
1124 113
1124 114
1125 102
1125 103
1125 104
1125 105
1129 123
1129 124
1129 125
1130 114
1130 115
1130 116
1130 117
1130 118
1131 106
1131 107
1131 108
1131 109
1131 110
1131 111
1132 99
1132 100
1132 101
1132 102
1136 120
1136 121
1136 122
1136 123
1137 111
1137 112
1137 113
1137 114
1137 115
1137 116
1138 104
1138 105
1138 106
1138 107
1138 108
1139 98
1143 117
1143 118
1143 119
1143 120
1144 109
1144 110
1144 111
1144 112
1144 113
1145 102
1145 103
1145 104
1145 105
1149 123
1149 124
1150 114
1150 115
1150 116
1150 117
1150 118
1151 106
1151 107
1151 108
1151 109
1151 110
1152 100
1152 101
1156 120
1156 121
1156 122
1157 112
1157 113
1157 114
1157 115
1158 104
1158 105
1158 106
1158 107
1163 117
1163 118
1163 119
1164 109
1164 110
1164 111
1164 112
1165 102
1165 103
1170 115
1170 116
1171 107
1171 108
1171 109
1177 112
1177 113
1178 105
1184 110
