3308 127
3319 132
3319 133
3320 127
3320 128
3320 129
3321 123
3321 124
3330 138
3331 132
3331 133
3331 134
3332 127
3332 128
3332 129
3332 130
3333 123
3333 124
3333 125
3334 119
3342 138
3342 139
3343 132
3343 133
3343 134
3343 135
3344 128
3344 129
3344 130
3344 131
3345 123
3345 124
3345 125
3345 126
3346 119
3346 120
3346 121
3354 138
3354 139
3354 140
3355 133
3355 134
3355 135
3355 136
3356 128
3356 129
3356 130
3356 131
3356 132
3357 124
3357 125
3357 126
3357 127
3358 120
3358 121
3358 122
3366 139
3366 140
3366 141
3367 134
3367 135
3367 136
3367 137
3368 129
3368 130
3368 131
3368 132
3368 133
3369 124
3369 125
3369 126
3369 127
3369 128
3370 120
3370 121
3370 122
3370 123
3371 117
3378 140
3378 141
3378 142
3379 134
3379 135
3379 136
3379 137
3379 138
3380 129
3380 130
3380 131
3380 132
3380 133
3380 134
3381 125
3381 126
3381 127
3381 128
3381 129
3382 121
3382 122
3382 123
3382 124
3383 117
3383 118
3383 119
3390 141
3390 142
3390 143
3391 135
3391 136
3391 137
3391 138
3391 139
3392 130
3392 131
3392 132
3392 133
3392 134
3392 135
3393 126
3393 127
3393 128
3393 129
3393 130
3394 121
3394 122
3394 123
3394 124
3394 125
3395 118
3395 119
3395 120
3402 141
3402 142
3402 143
3402 144
3403 136
3403 137
3403 138
3403 139
3403 140
3404 131
3404 132
3404 133
3404 134
3404 135
3404 136
3405 126
3405 127
3405 128
3405 129
3405 130
3405 131
3406 122
3406 123
3406 124
3406 125
3406 126
3407 118
3407 119
3407 120
3414 142
3414 143
3414 144
3414 145
3415 137
3415 138
3415 139
3415 140
3415 141
3416 132
3416 133
3416 134
3416 135
3416 136
3417 127
3417 128
3417 129
3417 130
3417 131
3417 132
3418 123
3418 124
3418 125
3418 126
3418 127
3419 119
3419 120
3419 121
3426 143
3426 144
3426 145
3427 138
3427 139
3427 140
3427 141
3428 133
3428 134
3428 135
3428 136
3428 137
3429 128
3429 129
3429 130
3429 131
3429 132
3430 124
3430 125
3430 126
3430 127
3430 128
3431 120
3431 121
3431 122
3438 144
3438 145
3438 146
3439 139
3439 140
3439 141
3439 142
3440 134
3440 135
3440 136
3440 137
3440 138
3441 129
3441 130
3441 131
3441 132
3441 133
3442 124
3442 125
3442 126
3442 127
3442 128
3443 121
3443 122
3443 123
3450 146
3451 140
3451 141
3451 142
3451 143
3452 134
3452 135
3452 136
3452 137
3452 138
3453 130
3453 131
3453 132
3453 133
3453 134
3454 125
3454 126
3454 127
3454 128
3454 129
3455 121
3455 122
3455 123
3455 124
3463 141
3463 142
3463 143
3464 135
3464 136
3464 137
3464 138
3464 139
3465 131
3465 132
3465 133
3465 134
3465 135
3466 126
3466 127
3466 128
3466 129
3466 130
3467 122
3467 123
3467 124
3475 142
3475 143
3475 144
3476 137
3476 138
3476 139
3476 140
3477 132
3477 133
3477 134
3477 135
3478 127
3478 128
3478 129
3478 130
3479 123
3479 124
3479 125
3487 143
3487 144
3488 138
3488 139
3488 140
3489 133
3489 134
3489 135
3489 136
3490 128
3490 129
3490 130
3490 131
3491 125
3500 139
3500 140
3500 141
3501 134
3501 135
3501 136
3502 129
3502 130
3502 131
3512 140
3512 141
3513 135
3513 136
3513 137
3514 131
3514 132
3525 137
3883 233
3884 228
3884 229
3885 223
3885 224
3885 225
3886 219
3886 220
3894 238
3895 232
3895 233
3895 234
3895 235
3896 228
3896 229
3896 230
3896 231
3897 223
3897 224
3897 225
3897 226
3898 219
3898 220
3898 221
3898 222
3899 215
3899 216
3899 217
3906 237
3906 238
3906 239
3906 240
3907 233
3907 234
3907 235
3907 236
3908 228
3908 229
3908 230
3908 231
3908 232
3909 224
3909 225
3909 226
3909 227
3909 228
3910 219
3910 220
3910 221
3910 222
3910 223
3911 215
3911 216
3911 217
3911 218
3912 212
3917 243
3917 244
3917 245
3918 238
3918 239
3918 240
3918 241
3919 233
3919 234
3919 235
3919 236
3919 237
3920 228
3920 229
3920 230
3920 231
3920 232
3920 233
3921 224
3921 225
3921 226
3921 227
3921 228
3921 229
3922 220
3922 221
3922 222
3922 223
3922 224
3923 216
3923 217
3923 218
3923 219
3924 212
3924 213
3924 214
3929 243
3929 244
3929 245
3929 246
3930 238
3930 239
3930 240
3930 241
3930 242
3931 233
3931 234
3931 235
3931 236
3931 237
3931 238
3932 229
3932 230
3932 231
3932 232
3932 233
3932 234
3933 225
3933 226
3933 227
3933 228
3933 229
3933 230
3934 220
3934 221
3934 222
3934 223
3934 224
3934 225
3935 216
3935 217
3935 218
3935 219
3935 220
3936 212
3936 213
3936 214
3936 215
3940 249
3940 250
3941 243
3941 244
3941 245
3941 246
3941 247
3942 239
3942 240
3942 241
3942 242
3942 243
3943 234
3943 235
3943 236
3943 237
3943 238
3943 239
3944 229
3944 230
3944 231
3944 232
3944 233
3944 234
3944 235
3945 225
3945 226
3945 227
3945 228
3945 229
3945 230
3945 231
3946 221
3946 222
3946 223
3946 224
3946 225
3946 226
3947 217
3947 218
3947 219
3947 220
3947 221
3947 222
3948 213
3948 214
3948 215
3948 216
3948 217
3949 209
3949 210
3949 211
3952 249
3952 250
3952 251
3953 244
3953 245
3953 246
3953 247
3953 248
3954 239
3954 240
3954 241
3954 242
3954 243
3954 244
3955 234
3955 235
3955 236
3955 237
3955 238
3955 239
3955 240
3956 230
3956 231
3956 232
3956 233
3956 234
3956 235
3956 236
3957 226
3957 227
3957 228
3957 229
3957 230
3957 231
3957 232
3958 221
3958 222
3958 223
3958 224
3958 225
3958 226
3958 227
3959 217
3959 218
3959 219
3959 220
3959 221
3959 222
3959 223
3960 213
3960 214
3960 215
3960 216
3960 217
3960 218
3961 210
3961 211
3961 212
3964 249
3964 250
3964 251
3964 252
3965 244
3965 245
3965 246
3965 247
3965 248
3965 249
3966 240
3966 241
3966 242
3966 243
3966 244
3966 245
3967 235
3967 236
3967 237
3967 238
3967 239
3967 240
3967 241
3968 231
3968 232
3968 233
3968 234
3968 235
3968 236
3968 237
3969 226
3969 227
3969 228
3969 229
3969 230
3969 231
3969 232
3969 233
3970 222
3970 223
3970 224
3970 225
3970 226
3970 227
3970 228
3971 218
3971 219
3971 220
3971 221
3971 222
3971 223
3971 224
3972 214
3972 215
3972 216
3972 217
3972 218
3972 219
3973 210
3973 211
3973 212
3973 213
3976 250
3976 251
3976 252
3976 253
3977 245
3977 246
3977 247
3977 248
3977 249
3977 250
3978 240
3978 241
3978 242
3978 243
3978 244
3978 245
3978 246
3979 236
3979 237
3979 238
3979 239
3979 240
3979 241
3979 242
3980 231
3980 232
3980 233
3980 234
3980 235
3980 236
3980 237
3980 238
3981 227
3981 228
3981 229
3981 230
3981 231
3981 232
3981 233
3981 234
3982 223
3982 224
3982 225
3982 226
3982 227
3982 228
3982 229
3983 218
3983 219
3983 220
3983 221
3983 222
3983 223
3983 224
3983 225
3984 214
3984 215
3984 216
3984 217
3984 218
3984 219
3984 220
3985 211
3985 212
3985 213
3985 214
3986 208
3987 256
3987 257
3988 251
3988 252
3988 253
3988 254
3989 246
3989 247
3989 248
3989 249
3989 250
3989 251
3990 241
3990 242
3990 243
3990 244
3990 245
3990 246
3990 247
3991 236
3991 237
3991 238
3991 239
3991 240
3991 241
3991 242
3991 243
3992 232
3992 233
3992 234
3992 235
3992 236
3992 237
3992 238
3992 239
3993 228
3993 229
3993 230
3993 231
3993 232
3993 233
3993 234
3993 235
3994 223
3994 224
3994 225
3994 226
3994 227
3994 228
3994 229
3994 230
3995 219
3995 220
3995 221
3995 222
3995 223
3995 224
3995 225
3996 215
3996 216
3996 217
3996 218
3996 219
3996 220
3996 221
3997 211
3997 212
3997 213
3997 214
3997 215
3998 208
3998 209
3998 210
3999 257
3999 258
4000 251
4000 252
4000 253
4000 254
4000 255
4001 246
4001 247
4001 248
4001 249
4001 250
4001 251
4001 252
4002 242
4002 243
4002 244
4002 245
4002 246
4002 247
4002 248
4003 237
4003 238
4003 239
4003 240
4003 241
4003 242
4003 243
4003 244
4004 233
4004 234
4004 235
4004 236
4004 237
4004 238
4004 239
4004 240
4005 228
4005 229
4005 230
4005 231
4005 232
4005 233
4005 234
4005 235
4006 224
4006 225
4006 226
4006 227
4006 228
4006 229
4006 230
4006 231
4007 220
4007 221
4007 222
4007 223
4007 224
4007 225
4007 226
4008 216
4008 217
4008 218
4008 219
4008 220
4008 221
4008 222
4009 212
4009 213
4009 214
4009 215
4009 216
4010 209
4010 210
4010 211
4011 258
4012 252
4012 253
4012 254
4012 255
4012 256
4013 247
4013 248
4013 249
4013 250
4013 251
4013 252
4014 242
4014 243
4014 244
4014 245
4014 246
4014 247
4014 248
4014 249
4015 238
4015 239
4015 240
4015 241
4015 242
4015 243
4015 244
4015 245
4016 233
4016 234
4016 235
4016 236
4016 237
4016 238
4016 239
4016 240
4016 241
4017 229
4017 230
4017 231
4017 232
4017 233
4017 234
4017 235
4017 236
4018 225
4018 226
4018 227
4018 228
4018 229
4018 230
4018 231
4018 232
4019 221
4019 222
4019 223
4019 224
4019 225
4019 226
4019 227
4020 216
4020 217
4020 218
4020 219
4020 220
4020 221
4020 222
4021 213
4021 214
4021 215
4021 216
4021 217
4022 209
4022 210
4022 211
4022 212
4023 259
4024 253
4024 254
4024 255
4024 256
4024 257
4025 248
4025 249
4025 250
4025 251
4025 252
4025 253
4026 243
4026 244
4026 245
4026 246
4026 247
4026 248
4026 249
4027 239
4027 240
4027 241
4027 242
4027 243
4027 244
4027 245
4028 234
4028 235
4028 236
4028 237
4028 238
4028 239
4028 240
4028 241
4029 230
4029 231
4029 232
4029 233
4029 234
4029 235
4029 236
4029 237
4030 225
4030 226
4030 227
4030 228
4030 229
4030 230
4030 231
4030 232
4030 233
4031 221
4031 222
4031 223
4031 224
4031 225
4031 226
4031 227
4031 228
4032 217
4032 218
4032 219
4032 220
4032 221
4032 222
4032 223
4033 213
4033 214
4033 215
4033 216
4033 217
4033 218
4034 210
4034 211
4034 212
4034 213
4036 254
4036 255
4036 256
4036 257
4037 249
4037 250
4037 251
4037 252
4037 253
4037 254
4038 244
4038 245
4038 246
4038 247
4038 248
4038 249
4038 250
4039 239
4039 240
4039 241
4039 242
4039 243
4039 244
4039 245
4039 246
4040 235
4040 236
4040 237
4040 238
4040 239
4040 240
4040 241
4040 242
4041 231
4041 232
4041 233
4041 234
4041 235
4041 236
4041 237
4041 238
4042 226
4042 227
4042 228
4042 229
4042 230
4042 231
4042 232
4042 233
4043 222
4043 223
4043 224
4043 225
4043 226
4043 227
4043 228
4043 229
4044 218
4044 219
4044 220
4044 221
4044 222
4044 223
4044 224
4045 214
4045 215
4045 216
4045 217
4045 218
4045 219
4046 210
4046 211
4046 212
4046 213
4046 214
4048 255
4048 256
4048 257
4048 258
4049 250
4049 251
4049 252
4049 253
4049 254
4049 255
4050 245
4050 246
4050 247
4050 248
4050 249
4050 250
4050 251
4051 240
4051 241
4051 242
4051 243
4051 244
4051 245
4051 246
4051 247
4052 236
4052 237
4052 238
4052 239
4052 240
4052 241
4052 242
4052 243
4053 231
4053 232
4053 233
4053 234
4053 235
4053 236
4053 237
4053 238
4053 239
4054 227
4054 228
4054 229
4054 230
4054 231
4054 232
4054 233
4054 234
4055 223
4055 224
4055 225
4055 226
4055 227
4055 228
4055 229
4055 230
4056 219
4056 220
4056 221
4056 222
4056 223
4056 224
4056 225
4057 215
4057 216
4057 217
4057 218
4057 219
4057 220
4058 211
4058 212
4058 213
4058 214
4058 215
4060 256
4060 257
4060 258
4061 251
4061 252
4061 253
4061 254
4061 255
4062 246
4062 247
4062 248
4062 249
4062 250
4062 251
4062 252
4063 241
4063 242
4063 243
4063 244
4063 245
4063 246
4063 247
4063 248
4064 237
4064 238
4064 239
4064 240
4064 241
4064 242
4064 243
4064 244
4065 232
4065 233
4065 234
4065 235
4065 236
4065 237
4065 238
4065 239
4066 228
4066 229
4066 230
4066 231
4066 232
4066 233
4066 234
4066 235
4067 224
4067 225
4067 226
4067 227
4067 228
4067 229
4067 230
4068 220
4068 221
4068 222
4068 223
4068 224
4068 225
4068 226
4069 216
4069 217
4069 218
4069 219
4069 220
4069 221
4070 212
4070 213
4070 214
4070 215
4070 216
4072 257
4072 258
4072 259
4073 252
4073 253
4073 254
4073 255
4073 256
4074 247
4074 248
4074 249
4074 250
4074 251
4074 252
4075 242
4075 243
4075 244
4075 245
4075 246
4075 247
4075 248
4076 237
4076 238
4076 239
4076 240
4076 241
4076 242
4076 243
4076 244
4077 233
4077 234
4077 235
4077 236
4077 237
4077 238
4077 239
4077 240
4078 229
4078 230
4078 231
4078 232
4078 233
4078 234
4078 235
4078 236
4079 224
4079 225
4079 226
4079 227
4079 228
4079 229
4079 230
4079 231
4080 220
4080 221
4080 222
4080 223
4080 224
4080 225
4080 226
4080 227
4081 216
4081 217
4081 218
4081 219
4081 220
4081 221
4081 222
4082 213
4082 214
4082 215
4082 216
4083 210
4085 253
4085 254
4085 255
4085 256
4086 248
4086 249
4086 250
4086 251
4086 252
4086 253
4087 243
4087 244
4087 245
4087 246
4087 247
4087 248
4087 249
4088 238
4088 239
4088 240
4088 241
4088 242
4088 243
4088 244
4088 245
4089 234
4089 235
4089 236
4089 237
4089 238
4089 239
4089 240
4089 241
4090 230
4090 231
4090 232
4090 233
4090 234
4090 235
4090 236
4091 225
4091 226
4091 227
4091 228
4091 229
4091 230
4091 231
4091 232
4092 221
4092 222
4092 223
4092 224
4092 225
4092 226
4092 227
4093 217
4093 218
4093 219
4093 220
4093 221
4093 222
4094 214
4094 215
4094 216
4094 217
4095 211
4097 254
4097 255
4097 256
4098 249
4098 250
4098 251
4098 252
4098 253
4099 244
4099 245
4099 246
4099 247
4099 248
4099 249
4100 239
4100 240
4100 241
4100 242
4100 243
4100 244
4100 245
4101 235
4101 236
4101 237
4101 238
4101 239
4101 240
4101 241
4102 231
4102 232
4102 233
4102 234
4102 235
4102 236
4102 237
4103 226
4103 227
4103 228
4103 229
4103 230
4103 231
4103 232
4103 233
4104 222
4104 223
4104 224
4104 225
4104 226
4104 227
4104 228
4105 218
4105 219
4105 220
4105 221
4105 222
4105 223
4106 215
4106 216
4106 217
4106 218
4109 256
4110 250
4110 251
4110 252
4110 253
4110 254
4111 245
4111 246
4111 247
4111 248
4111 249
4111 250
4112 240
4112 241
4112 242
4112 243
4112 244
4112 245
4112 246
4113 236
4113 237
4113 238
4113 239
4113 240
4113 241
4113 242
4114 231
4114 232
4114 233
4114 234
4114 235
4114 236
4114 237
4114 238
4115 227
4115 228
4115 229
4115 230
4115 231
4115 232
4115 233
4116 223
4116 224
4116 225
4116 226
4116 227
4116 228
4116 229
4117 219
4117 220
4117 221
4117 222
4117 223
4117 224
4118 215
4118 216
4118 217
4118 218
4118 219
4122 251
4122 252
4122 253
4122 254
4123 246
4123 247
4123 248
4123 249
4123 250
4124 241
4124 242
4124 243
4124 244
4124 245
4124 246
4125 237
4125 238
4125 239
4125 240
4125 241
4125 242
4126 232
4126 233
4126 234
4126 235
4126 236
4126 237
4126 238
4127 228
4127 229
4127 230
4127 231
4127 232
4127 233
4127 234
4128 224
4128 225
4128 226
4128 227
4128 228
4128 229
4129 220
4129 221
4129 222
4129 223
4129 224
4130 216
4130 217
4130 218
4130 219
4135 248
4135 249
4135 250
4135 251
4136 243
4136 244
4136 245
4136 246
4136 247
4137 238
4137 239
4137 240
4137 241
4137 242
4137 243
4138 234
4138 235
4138 236
4138 237
4138 238
4138 239
4139 229
4139 230
4139 231
4139 232
4139 233
4139 234
4140 225
4140 226
4140 227
4140 228
4140 229
4140 230
4141 221
4141 222
4141 223
4141 224
4141 225
4142 218
4142 219
4142 220
4147 249
4147 250
4148 244
4148 245
4148 246
4148 247
4149 239
4149 240
4149 241
4149 242
4149 243
4150 235
4150 236
4150 237
4150 238
4150 239
4151 230
4151 231
4151 232
4151 233
4151 234
4151 235
4152 226
4152 227
4152 228
4152 229
4152 230
4153 222
4153 223
4153 224
4153 225
4154 219
4154 220
4160 246
4160 247
4161 241
4161 242
4161 243
4162 236
4162 237
4162 238
4162 239
4163 232
4163 233
4163 234
4163 235
4164 227
4164 228
4164 229
4164 230
4164 231
4165 224
4165 225
4165 226
4173 243
4174 238
4174 239
4175 233
4175 234
4175 235
4176 229
4176 230
4176 231
4177 225
4177 226
