1285 233
1285 234
1287 235
1287 236
1289 237
1289 238
1291 239
1291 240
1291 241
1293 242
1293 243
1295 244
1295 245
1297 246
1297 247
1298 221
1298 222
1298 223
1300 223
1300 224
1300 225
1302 224
1302 225
1302 226
1302 227
1302 228
1304 226
1304 227
1304 228
1304 229
1304 230
1306 228
1306 229
1306 230
1306 231
1306 232
1306 233
1308 230
1308 231
1308 232
1308 233
1308 234
1308 235
1310 232
1310 233
1310 234
1310 235
1310 236
1310 237
1312 235
1312 236
1312 237
1312 238
1312 239
1314 237
1314 238
1314 239
1314 240
1314 241
1315 213
1315 214
1315 215
1316 239
1316 240
1316 241
1316 242
1316 243
1316 244
1317 215
1317 216
1317 217
1317 218
1318 241
1318 242
1318 243
1318 244
1318 245
1318 246
1319 217
1319 218
1319 219
1319 220
1319 221
1320 243
1320 244
1320 245
1320 246
1320 247
1320 248
1321 218
1321 219
1321 220
1321 221
1321 222
1321 223
1322 246
1322 247
1322 248
1322 249
1322 250
1323 220
1323 221
1323 222
1323 223
1323 224
1323 225
1323 226
1324 248
1324 249
1324 250
1324 251
1324 252
1325 222
1325 223
1325 224
1325 225
1325 226
1325 227
1325 228
1326 250
1326 251
1326 252
1326 253
1327 224
1327 225
1327 226
1327 227
1327 228
1327 229
1327 230
1328 253
1328 254
1328 255
1329 226
1329 227
1329 228
1329 229
1329 230
1329 231
1329 232
1329 233
1330 255
1330 256
1330 257
1331 229
1331 230
1331 231
1331 232
1331 233
1331 234
1331 235
1332 258
1333 231
1333 232
1333 233
1333 234
1333 235
1333 236
1333 237
1334 208
1334 209
1335 233
1335 234
1335 235
1335 236
1335 237
1335 238
1335 239
1336 209
1336 210
1336 211
1336 212
1336 213
1337 235
1337 236
1337 237
1337 238
1337 239
1337 240
1337 241
1338 211
1338 212
1338 213
1338 214
1338 215
1339 237
1339 238
1339 239
1339 240
1339 241
1339 242
1339 243
1339 244
1340 213
1340 214
1340 215
1340 216
1340 217
1340 218
1341 239
1341 240
1341 241
1341 242
1341 243
1341 244
1341 245
1341 246
1342 215
1342 216
1342 217
1342 218
1342 219
1342 220
1342 221
1343 242
1343 243
1343 244
1343 245
1343 246
1343 247
1343 248
1344 217
1344 218
1344 219
1344 220
1344 221
1344 222
1344 223
1345 244
1345 245
1345 246
1345 247
1345 248
1345 249
1345 250
1346 219
1346 220
1346 221
1346 222
1346 223
1346 224
1346 225
1347 246
1347 247
1347 248
1347 249
1347 250
1347 251
1347 252
1348 221
1348 222
1348 223
1348 224
1348 225
1348 226
1348 227
1348 228
1349 248
1349 249
1349 250
1349 251
1349 252
1349 253
1349 254
1350 223
1350 224
1350 225
1350 226
1350 227
1350 228
1350 229
1350 230
1351 251
1351 252
1351 253
1351 254
1351 255
1351 256
1352 225
1352 226
1352 227
1352 228
1352 229
1352 230
1352 231
1352 232
1353 253
1353 254
1353 255
1353 256
1353 257
1354 227
1354 228
1354 229
1354 230
1354 231
1354 232
1354 233
1354 234
1354 235
1355 205
1355 206
1355 207
1355 255
1355 256
1355 257
1355 258
1355 259
1356 229
1356 230
1356 231
1356 232
1356 233
1356 234
1356 235
1356 236
1356 237
1357 206
1357 207
1357 208
1357 209
1357 210
1357 258
1357 259
1357 260
1357 261
1358 231
1358 232
1358 233
1358 234
1358 235
1358 236
1358 237
1358 238
1358 239
1359 208
1359 209
1359 210
1359 211
1359 212
1359 260
1359 261
1359 262
1360 233
1360 234
1360 235
1360 236
1360 237
1360 238
1360 239
1360 240
1360 241
1361 210
1361 211
1361 212
1361 213
1361 214
1361 215
1362 236
1362 237
1362 238
1362 239
1362 240
1362 241
1362 242
1362 243
1363 211
1363 212
1363 213
1363 214
1363 215
1363 216
1363 217
1363 218
1364 238
1364 239
1364 240
1364 241
1364 242
1364 243
1364 244
1364 245
1365 213
1365 214
1365 215
1365 216
1365 217
1365 218
1365 219
1365 220
1366 240
1366 241
1366 242
1366 243
1366 244
1366 245
1366 246
1366 247
1367 215
1367 216
1367 217
1367 218
1367 219
1367 220
1367 221
1367 222
1367 223
1368 242
1368 243
1368 244
1368 245
1368 246
1368 247
1368 248
1368 249
1368 250
1369 217
1369 218
1369 219
1369 220
1369 221
1369 222
1369 223
1369 224
1369 225
1370 244
1370 245
1370 246
1370 247
1370 248
1370 249
1370 250
1370 251
1370 252
1371 219
1371 220
1371 221
1371 222
1371 223
1371 224
1371 225
1371 226
1371 227
1372 247
1372 248
1372 249
1372 250
1372 251
1372 252
1372 253
1373 222
1373 223
1373 224
1373 225
1373 226
1373 227
1373 228
1373 229
1373 230
1374 249
1374 250
1374 251
1374 252
1374 253
1374 254
1374 255
1375 224
1375 225
1375 226
1375 227
1375 228
1375 229
1375 230
1375 231
1375 232
1376 201
1376 202
1376 203
1376 251
1376 252
1376 253
1376 254
1376 255
1376 256
1376 257
1377 226
1377 227
1377 228
1377 229
1377 230
1377 231
1377 232
1377 233
1377 234
1378 203
1378 204
1378 205
1378 206
1378 254
1378 255
1378 256
1378 257
1378 258
1378 259
1379 228
1379 229
1379 230
1379 231
1379 232
1379 233
1379 234
1379 235
1379 236
1380 204
1380 205
1380 206
1380 207
1380 208
1380 209
1380 256
1380 257
1380 258
1380 259
1380 260
1380 261
1381 230
1381 231
1381 232
1381 233
1381 234
1381 235
1381 236
1381 237
1381 238
1381 239
1382 206
1382 207
1382 208
1382 209
1382 210
1382 211
1382 212
1382 258
1382 259
1382 260
1382 261
1382 262
1382 263
1383 232
1383 233
1383 234
1383 235
1383 236
1383 237
1383 238
1383 239
1383 240
1383 241
1384 208
1384 209
1384 210
1384 211
1384 212
1384 213
1384 214
1384 215
1384 261
1384 262
1384 263
1384 264
1385 234
1385 235
1385 236
1385 237
1385 238
1385 239
1385 240
1385 241
1385 242
1385 243
1386 210
1386 211
1386 212
1386 213
1386 214
1386 215
1386 216
1386 217
1386 264
1386 265
1386 266
1387 236
1387 237
1387 238
1387 239
1387 240
1387 241
1387 242
1387 243
1387 244
1387 245
1388 212
1388 213
1388 214
1388 215
1388 216
1388 217
1388 218
1388 219
1388 220
1389 239
1389 240
1389 241
1389 242
1389 243
1389 244
1389 245
1389 246
1389 247
1390 214
1390 215
1390 216
1390 217
1390 218
1390 219
1390 220
1390 221
1390 222
1391 241
1391 242
1391 243
1391 244
1391 245
1391 246
1391 247
1391 248
1391 249
1392 216
1392 217
1392 218
1392 219
1392 220
1392 221
1392 222
1392 223
1392 224
1393 243
1393 244
1393 245
1393 246
1393 247
1393 248
1393 249
1393 250
1393 251
1394 218
1394 219
1394 220
1394 221
1394 222
1394 223
1394 224
1394 225
1394 226
1394 227
1395 245
1395 246
1395 247
1395 248
1395 249
1395 250
1395 251
1395 252
1395 253
1396 220
1396 221
1396 222
1396 223
1396 224
1396 225
1396 226
1396 227
1396 228
1396 229
1397 199
1397 248
1397 249
1397 250
1397 251
1397 252
1397 253
1397 254
1397 255
1398 222
1398 223
1398 224
1398 225
1398 226
1398 227
1398 228
1398 229
1398 230
1398 231
1399 200
1399 201
1399 202
1399 203
1399 250
1399 251
1399 252
1399 253
1399 254
1399 255
1399 256
1399 257
1400 224
1400 225
1400 226
1400 227
1400 228
1400 229
1400 230
1400 231
1400 232
1400 233
1400 234
1401 201
1401 202
1401 203
1401 204
1401 205
1401 206
1401 252
1401 253
1401 254
1401 255
1401 256
1401 257
1401 258
1401 259
1402 227
1402 228
1402 229
1402 230
1402 231
1402 232
1402 233
1402 234
1402 235
1402 236
1403 203
1403 204
1403 205
1403 206
1403 207
1403 208
1403 209
1403 255
1403 256
1403 257
1403 258
1403 259
1403 260
1403 261
1404 229
1404 230
1404 231
1404 232
1404 233
1404 234
1404 235
1404 236
1404 237
1404 238
1405 205
1405 206
1405 207
1405 208
1405 209
1405 210
1405 211
1405 257
1405 258
1405 259
1405 260
1405 261
1405 262
1405 263
1406 231
1406 232
1406 233
1406 234
1406 235
1406 236
1406 237
1406 238
1406 239
1406 240
1407 207
1407 208
1407 209
1407 210
1407 211
1407 212
1407 213
1407 214
1407 259
1407 260
1407 261
1407 262
1407 263
1407 264
1408 233
1408 234
1408 235
1408 236
1408 237
1408 238
1408 239
1408 240
1408 241
1408 242
1409 209
1409 210
1409 211
1409 212
1409 213
1409 214
1409 215
1409 216
1409 217
1409 262
1409 263
1409 264
1409 265
1409 266
1410 235
1410 236
1410 237
1410 238
1410 239
1410 240
1410 241
1410 242
1410 243
1410 244
1411 211
1411 212
1411 213
1411 214
1411 215
1411 216
1411 217
1411 218
1411 219
1411 265
1411 266
1411 267
1412 237
1412 238
1412 239
1412 240
1412 241
1412 242
1412 243
1412 244
1412 245
1412 246
1413 213
1413 214
1413 215
1413 216
1413 217
1413 218
1413 219
1413 220
1413 221
1413 267
1413 268
1413 269
1414 240
1414 241
1414 242
1414 243
1414 244
1414 245
1414 246
1414 247
1414 248
1415 215
1415 216
1415 217
1415 218
1415 219
1415 220
1415 221
1415 222
1415 223
1415 224
1416 242
1416 243
1416 244
1416 245
1416 246
1416 247
1416 248
1416 249
1416 250
1416 251
1417 217
1417 218
1417 219
1417 220
1417 221
1417 222
1417 223
1417 224
1417 225
1417 226
1418 244
1418 245
1418 246
1418 247
1418 248
1418 249
1418 250
1418 251
1418 252
1418 253
1419 219
1419 220
1419 221
1419 222
1419 223
1419 224
1419 225
1419 226
1419 227
1419 228
1420 197
1420 198
1420 199
1420 246
1420 247
1420 248
1420 249
1420 250
1420 251
1420 252
1420 253
1420 254
1421 221
1421 222
1421 223
1421 224
1421 225
1421 226
1421 227
1421 228
1421 229
1421 230
1421 231
1422 199
1422 200
1422 201
1422 202
1422 249
1422 250
1422 251
1422 252
1422 253
1422 254
1422 255
1422 256
1423 223
1423 224
1423 225
1423 226
1423 227
1423 228
1423 229
1423 230
1423 231
1423 232
1423 233
1424 200
1424 201
1424 202
1424 203
1424 204
1424 205
1424 251
1424 252
1424 253
1424 254
1424 255
1424 256
1424 257
1424 258
1425 226
1425 227
1425 228
1425 229
1425 230
1425 231
1425 232
1425 233
1425 234
1425 235
1426 202
1426 203
1426 204
1426 205
1426 206
1426 207
1426 208
1426 253
1426 254
1426 255
1426 256
1426 257
1426 258
1426 259
1426 260
1427 228
1427 229
1427 230
1427 231
1427 232
1427 233
1427 234
1427 235
1427 236
1427 237
1428 204
1428 205
1428 206
1428 207
1428 208
1428 209
1428 210
1428 211
1428 256
1428 257
1428 258
1428 259
1428 260
1428 261
1428 262
1429 230
1429 231
1429 232
1429 233
1429 234
1429 235
1429 236
1429 237
1429 238
1429 239
1430 206
1430 207
1430 208
1430 209
1430 210
1430 211
1430 212
1430 213
1430 258
1430 259
1430 260
1430 261
1430 262
1430 263
1430 264
1431 232
1431 233
1431 234
1431 235
1431 236
1431 237
1431 238
1431 239
1431 240
1431 241
1431 242
1432 208
1432 209
1432 210
1432 211
1432 212
1432 213
1432 214
1432 215
1432 216
1432 260
1432 261
1432 262
1432 263
1432 264
1432 265
1432 266
1433 234
1433 235
1433 236
1433 237
1433 238
1433 239
1433 240
1433 241
1433 242
1433 243
1433 244
1434 210
1434 211
1434 212
1434 213
1434 214
1434 215
1434 216
1434 217
1434 218
1434 263
1434 264
1434 265
1434 266
1434 267
1435 236
1435 237
1435 238
1435 239
1435 240
1435 241
1435 242
1435 243
1435 244
1435 245
1435 246
1436 212
1436 213
1436 214
1436 215
1436 216
1436 217
1436 218
1436 219
1436 220
1436 221
1436 266
1436 267
1436 268
1436 269
1437 239
1437 240
1437 241
1437 242
1437 243
1437 244
1437 245
1437 246
1437 247
1437 248
1438 214
1438 215
1438 216
1438 217
1438 218
1438 219
1438 220
1438 221
1438 222
1438 223
1438 269
1438 270
1439 241
1439 242
1439 243
1439 244
1439 245
1439 246
1439 247
1439 248
1439 249
1439 250
1440 216
1440 217
1440 218
1440 219
1440 220
1440 221
1440 222
1440 223
1440 224
1440 225
1441 243
1441 244
1441 245
1441 246
1441 247
1441 248
1441 249
1441 250
1441 251
1441 252
1442 218
1442 219
1442 220
1442 221
1442 222
1442 223
1442 224
1442 225
1442 226
1442 227
1442 228
1443 196
1443 197
1443 198
1443 245
1443 246
1443 247
1443 248
1443 249
1443 250
1443 251
1443 252
1443 253
1443 254
1444 220
1444 221
1444 222
1444 223
1444 224
1444 225
1444 226
1444 227
1444 228
1444 229
1444 230
1445 198
1445 199
1445 200
1445 201
1445 202
1445 248
1445 249
1445 250
1445 251
1445 252
1445 253
1445 254
1445 255
1445 256
1446 222
1446 223
1446 224
1446 225
1446 226
1446 227
1446 228
1446 229
1446 230
1446 231
1446 232
1447 199
1447 200
1447 201
1447 202
1447 203
1447 204
1447 250
1447 251
1447 252
1447 253
1447 254
1447 255
1447 256
1447 257
1447 258
1448 224
1448 225
1448 226
1448 227
1448 228
1448 229
1448 230
1448 231
1448 232
1448 233
1448 234
1449 201
1449 202
1449 203
1449 204
1449 205
1449 206
1449 207
1449 252
1449 253
1449 254
1449 255
1449 256
1449 257
1449 258
1449 259
1449 260
1450 227
1450 228
1450 229
1450 230
1450 231
1450 232
1450 233
1450 234
1450 235
1450 236
1451 203
1451 204
1451 205
1451 206
1451 207
1451 208
1451 209
1451 210
1451 255
1451 256
1451 257
1451 258
1451 259
1451 260
1451 261
1452 229
1452 230
1452 231
1452 232
1452 233
1452 234
1452 235
1452 236
1452 237
1452 238
1452 239
1453 205
1453 206
1453 207
1453 208
1453 209
1453 210
1453 211
1453 212
1453 257
1453 258
1453 259
1453 260
1453 261
1453 262
1453 263
1454 231
1454 232
1454 233
1454 234
1454 235
1454 236
1454 237
1454 238
1454 239
1454 240
1454 241
1455 207
1455 208
1455 209
1455 210
1455 211
1455 212
1455 213
1455 214
1455 215
1455 259
1455 260
1455 261
1455 262
1455 263
1455 264
1455 265
1456 233
1456 234
1456 235
1456 236
1456 237
1456 238
1456 239
1456 240
1456 241
1456 242
1456 243
1457 209
1457 210
1457 211
1457 212
1457 213
1457 214
1457 215
1457 216
1457 217
1457 262
1457 263
1457 264
1457 265
1457 266
1457 267
1458 235
1458 236
1458 237
1458 238
1458 239
1458 240
1458 241
1458 242
1458 243
1458 244
1458 245
1459 211
1459 212
1459 213
1459 214
1459 215
1459 216
1459 217
1459 218
1459 219
1459 220
1459 264
1459 265
1459 266
1459 267
1459 268
1460 238
1460 239
1460 240
1460 241
1460 242
1460 243
1460 244
1460 245
1460 246
1460 247
1461 213
1461 214
1461 215
1461 216
1461 217
1461 218
1461 219
1461 220
1461 221
1461 222
1461 267
1461 268
1461 269
1461 270
1462 240
1462 241
1462 242
1462 243
1462 244
1462 245
1462 246
1462 247
1462 248
1462 249
1463 215
1463 216
1463 217
1463 218
1463 219
1463 220
1463 221
1463 222
1463 223
1463 224
1463 270
1463 271
1464 242
1464 243
1464 244
1464 245
1464 246
1464 247
1464 248
1464 249
1464 250
1464 251
1465 217
1465 218
1465 219
1465 220
1465 221
1465 222
1465 223
1465 224
1465 225
1465 226
1465 227
1466 196
1466 197
1466 244
1466 245
1466 246
1466 247
1466 248
1466 249
1466 250
1466 251
1466 252
1466 253
1467 219
1467 220
1467 221
1467 222
1467 223
1467 224
1467 225
1467 226
1467 227
1467 228
1467 229
1468 197
1468 198
1468 199
1468 200
1468 201
1468 247
1468 248
1468 249
1468 250
1468 251
1468 252
1468 253
1468 254
1468 255
1469 221
1469 222
1469 223
1469 224
1469 225
1469 226
1469 227
1469 228
1469 229
1469 230
1469 231
1470 198
1470 199
1470 200
1470 201
1470 202
1470 203
1470 204
1470 249
1470 250
1470 251
1470 252
1470 253
1470 254
1470 255
1470 256
1470 257
1471 224
1471 225
1471 226
1471 227
1471 228
1471 229
1471 230
1471 231
1471 232
1471 233
1472 200
1472 201
1472 202
1472 203
1472 204
1472 205
1472 206
1472 251
1472 252
1472 253
1472 254
1472 255
1472 256
1472 257
1472 258
1472 259
1473 226
1473 227
1473 228
1473 229
1473 230
1473 231
1473 232
1473 233
1473 234
1473 235
1473 236
1474 202
1474 203
1474 204
1474 205
1474 206
1474 207
1474 208
1474 209
1474 253
1474 254
1474 255
1474 256
1474 257
1474 258
1474 259
1474 260
1474 261
1475 228
1475 229
1475 230
1475 231
1475 232
1475 233
1475 234
1475 235
1475 236
1475 237
1475 238
1476 204
1476 205
1476 206
1476 207
1476 208
1476 209
1476 210
1476 211
1476 256
1476 257
1476 258
1476 259
1476 260
1476 261
1476 262
1476 263
1477 230
1477 231
1477 232
1477 233
1477 234
1477 235
1477 236
1477 237
1477 238
1477 239
1477 240
1478 206
1478 207
1478 208
1478 209
1478 210
1478 211
1478 212
1478 213
1478 214
1478 258
1478 259
1478 260
1478 261
1478 262
1478 263
1478 264
1479 232
1479 233
1479 234
1479 235
1479 236
1479 237
1479 238
1479 239
1479 240
1479 241
1479 242
1480 208
1480 209
1480 210
1480 211
1480 212
1480 213
1480 214
1480 215
1480 216
1480 261
1480 262
1480 263
1480 264
1480 265
1480 266
1481 234
1481 235
1481 236
1481 237
1481 238
1481 239
1481 240
1481 241
1481 242
1481 243
1481 244
1482 210
1482 211
1482 212
1482 213
1482 214
1482 215
1482 216
1482 217
1482 218
1482 219
1482 263
1482 264
1482 265
1482 266
1482 267
1482 268
1483 237
1483 238
1483 239
1483 240
1483 241
1483 242
1483 243
1483 244
1483 245
1483 246
1484 212
1484 213
1484 214
1484 215
1484 216
1484 217
1484 218
1484 219
1484 220
1484 221
1484 266
1484 267
1484 268
1484 269
1485 239
1485 240
1485 241
1485 242
1485 243
1485 244
1485 245
1485 246
1485 247
1485 248
1486 214
1486 215
1486 216
1486 217
1486 218
1486 219
1486 220
1486 221
1486 222
1486 223
1486 224
1486 269
1486 270
1487 241
1487 242
1487 243
1487 244
1487 245
1487 246
1487 247
1487 248
1487 249
1487 250
1488 216
1488 217
1488 218
1488 219
1488 220
1488 221
1488 222
1488 223
1488 224
1488 225
1488 226
1489 195
1489 196
1489 243
1489 244
1489 245
1489 246
1489 247
1489 248
1489 249
1489 250
1489 251
1489 252
1490 218
1490 219
1490 220
1490 221
1490 222
1490 223
1490 224
1490 225
1490 226
1490 227
1490 228
1491 196
1491 197
1491 198
1491 199
1491 246
1491 247
1491 248
1491 249
1491 250
1491 251
1491 252
1491 253
1491 254
1492 221
1492 222
1492 223
1492 224
1492 225
1492 226
1492 227
1492 228
1492 229
1492 230
1493 198
1493 199
1493 200
1493 201
1493 202
1493 248
1493 249
1493 250
1493 251
1493 252
1493 253
1493 254
1493 255
1493 256
1494 223
1494 224
1494 225
1494 226
1494 227
1494 228
1494 229
1494 230
1494 231
1494 232
1494 233
1495 199
1495 200
1495 201
1495 202
1495 203
1495 204
1495 205
1495 250
1495 251
1495 252
1495 253
1495 254
1495 255
1495 256
1495 257
1495 258
1496 225
1496 226
1496 227
1496 228
1496 229
1496 230
1496 231
1496 232
1496 233
1496 234
1496 235
1497 201
1497 202
1497 203
1497 204
1497 205
1497 206
1497 207
1497 208
1497 253
1497 254
1497 255
1497 256
1497 257
1497 258
1497 259
1497 260
1498 227
1498 228
1498 229
1498 230
1498 231
1498 232
1498 233
1498 234
1498 235
1498 236
1498 237
1499 203
1499 204
1499 205
1499 206
1499 207
1499 208
1499 209
1499 210
1499 211
1499 255
1499 256
1499 257
1499 258
1499 259
1499 260
1499 261
1499 262
1500 229
1500 230
1500 231
1500 232
1500 233
1500 234
1500 235
1500 236
1500 237
1500 238
1500 239
1501 205
1501 206
1501 207
1501 208
1501 209
1501 210
1501 211
1501 212
1501 213
1501 257
1501 258
1501 259
1501 260
1501 261
1501 262
1501 263
1501 264
1502 231
1502 232
1502 233
1502 234
1502 235
1502 236
1502 237
1502 238
1502 239
1502 240
1502 241
1503 207
1503 208
1503 209
1503 210
1503 211
1503 212
1503 213
1503 214
1503 215
1503 260
1503 261
1503 262
1503 263
1503 264
1503 265
1504 234
1504 235
1504 236
1504 237
1504 238
1504 239
1504 240
1504 241
1504 242
1504 243
1505 209
1505 210
1505 211
1505 212
1505 213
1505 214
1505 215
1505 216
1505 217
1505 218
1505 262
1505 263
1505 264
1505 265
1505 266
1505 267
1506 236
1506 237
1506 238
1506 239
1506 240
1506 241
1506 242
1506 243
1506 244
1506 245
1507 211
1507 212
1507 213
1507 214
1507 215
1507 216
1507 217
1507 218
1507 219
1507 220
1507 265
1507 266
1507 267
1507 268
1508 238
1508 239
1508 240
1508 241
1508 242
1508 243
1508 244
1508 245
1508 246
1508 247
1509 213
1509 214
1509 215
1509 216
1509 217
1509 218
1509 219
1509 220
1509 221
1509 222
1509 223
1509 268
1509 269
1509 270
1510 240
1510 241
1510 242
1510 243
1510 244
1510 245
1510 246
1510 247
1510 248
1510 249
1511 215
1511 216
1511 217
1511 218
1511 219
1511 220
1511 221
1511 222
1511 223
1511 224
1511 225
1512 242
1512 243
1512 244
1512 245
1512 246
1512 247
1512 248
1512 249
1512 250
1512 251
1513 218
1513 219
1513 220
1513 221
1513 222
1513 223
1513 224
1513 225
1513 226
1513 227
1514 196
1514 197
1514 198
1514 245
1514 246
1514 247
1514 248
1514 249
1514 250
1514 251
1514 252
1514 253
1515 220
1515 221
1515 222
1515 223
1515 224
1515 225
1515 226
1515 227
1515 228
1515 229
1516 197
1516 198
1516 199
1516 200
1516 201
1516 247
1516 248
1516 249
1516 250
1516 251
1516 252
1516 253
1516 254
1516 255
1517 222
1517 223
1517 224
1517 225
1517 226
1517 227
1517 228
1517 229
1517 230
1517 231
1517 232
1518 199
1518 200
1518 201
1518 202
1518 203
1518 204
1518 249
1518 250
1518 251
1518 252
1518 253
1518 254
1518 255
1518 256
1518 257
1519 224
1519 225
1519 226
1519 227
1519 228
1519 229
1519 230
1519 231
1519 232
1519 233
1519 234
1520 201
1520 202
1520 203
1520 204
1520 205
1520 206
1520 207
1520 252
1520 253
1520 254
1520 255
1520 256
1520 257
1520 258
1520 259
1521 226
1521 227
1521 228
1521 229
1521 230
1521 231
1521 232
1521 233
1521 234
1521 235
1521 236
1522 203
1522 204
1522 205
1522 206
1522 207
1522 208
1522 209
1522 254
1522 255
1522 256
1522 257
1522 258
1522 259
1522 260
1522 261
1523 228
1523 229
1523 230
1523 231
1523 232
1523 233
1523 234
1523 235
1523 236
1523 237
1523 238
1524 205
1524 206
1524 207
1524 208
1524 209
1524 210
1524 211
1524 212
1524 256
1524 257
1524 258
1524 259
1524 260
1524 261
1524 262
1524 263
1525 231
1525 232
1525 233
1525 234
1525 235
1525 236
1525 237
1525 238
1525 239
1525 240
1526 207
1526 208
1526 209
1526 210
1526 211
1526 212
1526 213
1526 214
1526 259
1526 260
1526 261
1526 262
1526 263
1526 264
1527 233
1527 234
1527 235
1527 236
1527 237
1527 238
1527 239
1527 240
1527 241
1527 242
1528 209
1528 210
1528 211
1528 212
1528 213
1528 214
1528 215
1528 216
1528 217
1528 261
1528 262
1528 263
1528 264
1528 265
1528 266
1529 235
1529 236
1529 237
1529 238
1529 239
1529 240
1529 241
1529 242
1529 243
1529 244
1530 211
1530 212
1530 213
1530 214
1530 215
1530 216
1530 217
1530 218
1530 219
1530 264
1530 265
1530 266
1530 267
1531 237
1531 238
1531 239
1531 240
1531 241
1531 242
1531 243
1531 244
1531 245
1531 246
1532 213
1532 214
1532 215
1532 216
1532 217
1532 218
1532 219
1532 220
1532 221
1532 222
1532 267
1532 268
1532 269
1533 239
1533 240
1533 241
1533 242
1533 243
1533 244
1533 245
1533 246
1533 247
1533 248
1534 215
1534 216
1534 217
1534 218
1534 219
1534 220
1534 221
1534 222
1534 223
1534 224
1535 242
1535 243
1535 244
1535 245
1535 246
1535 247
1535 248
1535 249
1535 250
1536 217
1536 218
1536 219
1536 220
1536 221
1536 222
1536 223
1536 224
1536 225
1536 226
1537 244
1537 245
1537 246
1537 247
1537 248
1537 249
1537 250
1537 251
1537 252
1538 219
1538 220
1538 221
1538 222
1538 223
1538 224
1538 225
1538 226
1538 227
1538 228
1539 197
1539 198
1539 199
1539 200
1539 246
1539 247
1539 248
1539 249
1539 250
1539 251
1539 252
1539 253
1539 254
1540 221
1540 222
1540 223
1540 224
1540 225
1540 226
1540 227
1540 228
1540 229
1540 230
1540 231
1541 198
1541 199
1541 200
1541 201
1541 202
1541 203
1541 249
1541 250
1541 251
1541 252
1541 253
1541 254
1541 255
1541 256
1542 223
1542 224
1542 225
1542 226
1542 227
1542 228
1542 229
1542 230
1542 231
1542 232
1542 233
1543 200
1543 201
1543 202
1543 203
1543 204
1543 205
1543 206
1543 251
1543 252
1543 253
1543 254
1543 255
1543 256
1543 257
1543 258
1544 225
1544 226
1544 227
1544 228
1544 229
1544 230
1544 231
1544 232
1544 233
1544 234
1544 235
1545 202
1545 203
1545 204
1545 205
1545 206
1545 207
1545 208
1545 253
1545 254
1545 255
1545 256
1545 257
1545 258
1545 259
1545 260
1546 228
1546 229
1546 230
1546 231
1546 232
1546 233
1546 234
1546 235
1546 236
1546 237
1547 204
1547 205
1547 206
1547 207
1547 208
1547 209
1547 210
1547 211
1547 256
1547 257
1547 258
1547 259
1547 260
1547 261
1547 262
1548 230
1548 231
1548 232
1548 233
1548 234
1548 235
1548 236
1548 237
1548 238
1548 239
1549 206
1549 207
1549 208
1549 209
1549 210
1549 211
1549 212
1549 213
1549 258
1549 259
1549 260
1549 261
1549 262
1549 263
1550 232
1550 233
1550 234
1550 235
1550 236
1550 237
1550 238
1550 239
1550 240
1550 241
1551 208
1551 209
1551 210
1551 211
1551 212
1551 213
1551 214
1551 215
1551 216
1551 261
1551 262
1551 263
1551 264
1551 265
1552 234
1552 235
1552 236
1552 237
1552 238
1552 239
1552 240
1552 241
1552 242
1552 243
1553 210
1553 211
1553 212
1553 213
1553 214
1553 215
1553 216
1553 217
1553 218
1553 264
1553 265
1553 266
1554 237
1554 238
1554 239
1554 240
1554 241
1554 242
1554 243
1554 244
1554 245
1555 212
1555 213
1555 214
1555 215
1555 216
1555 217
1555 218
1555 219
1555 220
1555 221
1555 267
1556 239
1556 240
1556 241
1556 242
1556 243
1556 244
1556 245
1556 246
1556 247
1557 214
1557 215
1557 216
1557 217
1557 218
1557 219
1557 220
1557 221
1557 222
1557 223
1558 241
1558 242
1558 243
1558 244
1558 245
1558 246
1558 247
1558 248
1558 249
1559 216
1559 217
1559 218
1559 219
1559 220
1559 221
1559 222
1559 223
1559 224
1559 225
1560 243
1560 244
1560 245
1560 246
1560 247
1560 248
1560 249
1560 250
1560 251
1561 218
1561 219
1561 220
1561 221
1561 222
1561 223
1561 224
1561 225
1561 226
1561 227
1562 246
1562 247
1562 248
1562 249
1562 250
1562 251
1562 252
1562 253
1563 221
1563 222
1563 223
1563 224
1563 225
1563 226
1563 227
1563 228
1563 229
1563 230
1564 198
1564 199
1564 200
1564 201
1564 248
1564 249
1564 250
1564 251
1564 252
1564 253
1564 254
1564 255
1565 223
1565 224
1565 225
1565 226
1565 227
1565 228
1565 229
1565 230
1565 231
1565 232
1566 200
1566 201
1566 202
1566 203
1566 204
1566 250
1566 251
1566 252
1566 253
1566 254
1566 255
1566 256
1566 257
1567 225
1567 226
1567 227
1567 228
1567 229
1567 230
1567 231
1567 232
1567 233
1567 234
1568 202
1568 203
1568 204
1568 205
1568 206
1568 207
1568 253
1568 254
1568 255
1568 256
1568 257
1568 258
1568 259
1569 227
1569 228
1569 229
1569 230
1569 231
1569 232
1569 233
1569 234
1569 235
1569 236
1570 204
1570 205
1570 206
1570 207
1570 208
1570 209
1570 210
1570 255
1570 256
1570 257
1570 258
1570 259
1570 260
1571 229
1571 230
1571 231
1571 232
1571 233
1571 234
1571 235
1571 236
1571 237
1571 238
1572 206
1572 207
1572 208
1572 209
1572 210
1572 211
1572 212
1572 258
1572 259
1572 260
1572 261
1572 262
1573 231
1573 232
1573 233
1573 234
1573 235
1573 236
1573 237
1573 238
1573 239
1573 240
1574 208
1574 209
1574 210
1574 211
1574 212
1574 213
1574 214
1574 215
1574 260
1574 261
1574 262
1574 263
1575 234
1575 235
1575 236
1575 237
1575 238
1575 239
1575 240
1575 241
1575 242
1576 210
1576 211
1576 212
1576 213
1576 214
1576 215
1576 216
1576 217
1576 263
1576 264
1576 265
1577 236
1577 237
1577 238
1577 239
1577 240
1577 241
1577 242
1577 243
1577 244
1578 212
1578 213
1578 214
1578 215
1578 216
1578 217
1578 218
1578 219
1579 238
1579 239
1579 240
1579 241
1579 242
1579 243
1579 244
1579 245
1579 246
1580 214
1580 215
1580 216
1580 217
1580 218
1580 219
1580 220
1580 221
1580 222
1581 240
1581 241
1581 242
1581 243
1581 244
1581 245
1581 246
1581 247
1581 248
1582 216
1582 217
1582 218
1582 219
1582 220
1582 221
1582 222
1582 223
1582 224
1583 243
1583 244
1583 245
1583 246
1583 247
1583 248
1583 249
1583 250
1584 218
1584 219
1584 220
1584 221
1584 222
1584 223
1584 224
1584 225
1584 226
1585 245
1585 246
1585 247
1585 248
1585 249
1585 250
1585 251
1585 252
1586 220
1586 221
1586 222
1586 223
1586 224
1586 225
1586 226
1586 227
1586 228
1587 247
1587 248
1587 249
1587 250
1587 251
1587 252
1587 253
1587 254
1588 222
1588 223
1588 224
1588 225
1588 226
1588 227
1588 228
1588 229
1588 230
1588 231
1589 200
1589 201
1589 202
1589 203
1589 250
1589 251
1589 252
1589 253
1589 254
1589 255
1589 256
1590 224
1590 225
1590 226
1590 227
1590 228
1590 229
1590 230
1590 231
1590 232
1590 233
1591 202
1591 203
1591 204
1591 205
1591 252
1591 253
1591 254
1591 255
1591 256
1591 257
1592 227
1592 228
1592 229
1592 230
1592 231
1592 232
1592 233
1592 234
1592 235
1593 203
1593 204
1593 205
1593 206
1593 207
1593 208
1593 255
1593 256
1593 257
1593 258
1593 259
1594 229
1594 230
1594 231
1594 232
1594 233
1594 234
1594 235
1594 236
1594 237
1595 205
1595 206
1595 207
1595 208
1595 209
1595 210
1595 211
1595 258
1595 259
1595 260
1595 261
1596 231
1596 232
1596 233
1596 234
1596 235
1596 236
1596 237
1596 238
1596 239
1597 207
1597 208
1597 209
1597 210
1597 211
1597 212
1597 213
1597 261
1597 262
1598 233
1598 234
1598 235
1598 236
1598 237
1598 238
1598 239
1598 240
1598 241
1599 209
1599 210
1599 211
1599 212
1599 213
1599 214
1599 215
1599 216
1600 235
1600 236
1600 237
1600 238
1600 239
1600 240
1600 241
1600 242
1600 243
1601 211
1601 212
1601 213
1601 214
1601 215
1601 216
1601 217
1601 218
1602 238
1602 239
1602 240
1602 241
1602 242
1602 243
1602 244
1602 245
1603 213
1603 214
1603 215
1603 216
1603 217
1603 218
1603 219
1603 220
1604 240
1604 241
1604 242
1604 243
1604 244
1604 245
1604 246
1604 247
1605 215
1605 216
1605 217
1605 218
1605 219
1605 220
1605 221
1605 222
1605 223
1606 242
1606 243
1606 244
1606 245
1606 246
1606 247
1606 248
1606 249
1607 217
1607 218
1607 219
1607 220
1607 221
1607 222
1607 223
1607 224
1607 225
1608 245
1608 246
1608 247
1608 248
1608 249
1608 250
1608 251
1609 220
1609 221
1609 222
1609 223
1609 224
1609 225
1609 226
1609 227
1610 247
1610 248
1610 249
1610 250
1610 251
1610 252
1610 253
1611 222
1611 223
1611 224
1611 225
1611 226
1611 227
1611 228
1611 229
1612 250
1612 251
1612 252
1612 253
1612 254
1613 224
1613 225
1613 226
1613 227
1613 228
1613 229
1613 230
1613 231
1613 232
1614 202
1614 203
1614 252
1614 253
1614 254
1614 255
1614 256
1615 226
1615 227
1615 228
1615 229
1615 230
1615 231
1615 232
1615 233
1615 234
1616 203
1616 204
1616 205
1616 206
1616 207
1616 255
1616 256
1616 257
1617 228
1617 229
1617 230
1617 231
1617 232
1617 233
1617 234
1617 235
1617 236
1618 205
1618 206
1618 207
1618 208
1618 209
1618 258
1619 231
1619 232
1619 233
1619 234
1619 235
1619 236
1619 237
1619 238
1620 207
1620 208
1620 209
1620 210
1620 211
1620 212
1621 233
1621 234
1621 235
1621 236
1621 237
1621 238
1621 239
1621 240
1622 209
1622 210
1622 211
1622 212
1622 213
1622 214
1623 235
1623 236
1623 237
1623 238
1623 239
1623 240
1623 241
1623 242
1624 211
1624 212
1624 213
1624 214
1624 215
1624 216
1624 217
1625 237
1625 238
1625 239
1625 240
1625 241
1625 242
1625 243
1625 244
1626 213
1626 214
1626 215
1626 216
1626 217
1626 218
1626 219
1627 240
1627 241
1627 242
1627 243
1627 244
1627 245
1627 246
1628 215
1628 216
1628 217
1628 218
1628 219
1628 220
1628 221
1629 242
1629 243
1629 244
1629 245
1629 246
1629 247
1630 217
1630 218
1630 219
1630 220
1630 221
1630 222
1630 223
1630 224
1631 245
1631 246
1631 247
1631 248
1631 249
1632 219
1632 220
1632 221
1632 222
1632 223
1632 224
1632 225
1632 226
1633 247
1633 248
1633 249
1633 250
1633 251
1634 222
1634 223
1634 224
1634 225
1634 226
1634 227
1634 228
1635 250
1635 251
1635 252
1636 224
1636 225
1636 226
1636 227
1636 228
1636 229
1636 230
1637 253
1637 254
1638 226
1638 227
1638 228
1638 229
1638 230
1638 231
1638 232
1640 228
1640 229
1640 230
1640 231
1640 232
1640 233
1640 234
1641 206
1641 207
1642 230
1642 231
1642 232
1642 233
1642 234
1642 235
1642 236
1643 207
1643 208
1643 209
1643 210
1644 233
1644 234
1644 235
1644 236
1644 237
1644 238
1645 209
1645 210
1645 211
1645 212
1645 213
1646 235
1646 236
1646 237
1646 238
1646 239
1646 240
1647 211
1647 212
1647 213
1647 214
1647 215
1648 237
1648 238
1648 239
1648 240
1648 241
1648 242
1649 213
1649 214
1649 215
1649 216
1649 217
1649 218
1650 240
1650 241
1650 242
1650 243
1650 244
1651 215
1651 216
1651 217
1651 218
1651 219
1651 220
1652 242
1652 243
1652 244
1652 245
1652 246
1653 217
1653 218
1653 219
1653 220
1653 221
1653 222
1654 245
1654 246
1654 247
1655 219
1655 220
1655 221
1655 222
1655 223
1655 224
1656 248
1657 222
1657 223
1657 224
1657 225
1657 226
1657 227
1659 224
1659 225
1659 226
1659 227
1659 228
1659 229
1661 226
1661 227
1661 228
1661 229
1661 230
1661 231
1663 228
1663 229
1663 230
1663 231
1663 232
1663 233
1665 231
1665 232
1665 233
1665 234
1665 235
1667 233
1667 234
1667 235
1667 236
1667 237
1669 235
1669 236
1669 237
1669 238
1670 212
1670 213
1671 238
1671 239
1671 240
1672 214
1672 215
1673 241
1674 216
1674 217
1674 218
1676 218
1676 219
1676 220
1678 220
1678 221
1678 222
1680 222
1680 223
1680 224
1680 225
1682 224
1682 225
1682 226
1682 227
1684 227
1684 228
1684 229
1686 229
1686 230
1688 232
