979 513
979 514
982 522
986 514
986 515
989 522
989 523
989 524
990 507
990 508
993 514
993 515
993 516
993 517
996 523
996 524
996 525
997 507
997 508
997 509
997 510
1000 515
1000 516
1000 517
1000 518
1003 524
1003 525
1003 526
1003 527
1004 508
1004 509
1004 510
1004 511
1007 516
1007 517
1007 518
1007 519
1007 520
1008 501
1008 502
1008 503
1010 525
1010 526
1010 527
1010 528
1011 509
1011 510
1011 511
1011 512
1013 535
1014 517
1014 518
1014 519
1014 520
1014 521
1015 502
1015 503
1015 504
1015 505
1017 526
1017 527
1017 528
1017 529
1018 510
1018 511
1018 512
1018 513
1018 514
1020 536
1020 537
1021 518
1021 519
1021 520
1021 521
1021 522
1022 503
1022 504
1022 505
1022 506
1024 527
1024 528
1024 529
1024 530
1024 531
1025 511
1025 512
1025 513
1025 514
1025 515
1026 497
1027 537
1027 538
1028 519
1028 520
1028 521
1028 522
1028 523
1028 524
1029 504
1029 505
1029 506
1029 507
1031 528
1031 529
1031 530
1031 531
1031 532
1032 511
1032 512
1032 513
1032 514
1032 515
1032 516
1033 498
1033 499
1034 538
1034 539
1035 520
1035 521
1035 522
1035 523
1035 524
1035 525
1036 505
1036 506
1036 507
1036 508
1036 509
1038 529
1038 530
1038 531
1038 532
1038 533
1039 512
1039 513
1039 514
1039 515
1039 516
1039 517
1039 518
1040 498
1040 499
1040 500
1040 501
1041 539
1041 540
1041 541
1042 521
1042 522
1042 523
1042 524
1042 525
1042 526
1043 505
1043 506
1043 507
1043 508
1043 509
1043 510
1045 530
1045 531
1045 532
1045 533
1045 534
1046 514
1046 515
1046 516
1046 517
1046 518
1046 519
1047 499
1047 500
1047 501
1047 502
1048 540
1048 541
1048 542
1049 522
1049 523
1049 524
1049 525
1049 526
1049 527
1050 506
1050 507
1050 508
1050 509
1050 510
1050 511
1052 531
1052 532
1052 533
1052 534
1052 535
1052 536
1053 515
1053 516
1053 517
1053 518
1053 519
1053 520
1054 500
1054 501
1054 502
1054 503
1055 541
1055 542
1055 543
1056 523
1056 524
1056 525
1056 526
1056 527
1056 528
1056 529
1057 507
1057 508
1057 509
1057 510
1057 511
1057 512
1057 513
1059 532
1059 533
1059 534
1059 535
1059 536
1059 537
1060 516
1060 517
1060 518
1060 519
1060 520
1060 521
1061 501
1061 502
1061 503
1061 504
1061 505
1062 542
1062 543
1062 544
1063 524
1063 525
1063 526
1063 527
1063 528
1063 529
1063 530
1064 508
1064 509
1064 510
1064 511
1064 512
1064 513
1064 514
1065 495
1065 496
1066 533
1066 534
1066 535
1066 536
1066 537
1066 538
1067 517
1067 518
1067 519
1067 520
1067 521
1067 522
1067 523
1068 502
1068 503
1068 504
1068 505
1068 506
1069 543
1069 544
1069 545
1069 546
1070 525
1070 526
1070 527
1070 528
1070 529
1070 530
1070 531
1071 509
1071 510
1071 511
1071 512
1071 513
1071 514
1071 515
1072 496
1072 497
1072 498
1073 535
1073 536
1073 537
1073 538
1073 539
1074 518
1074 519
1074 520
1074 521
1074 522
1074 523
1074 524
1075 503
1075 504
1075 505
1075 506
1075 507
1076 545
1076 546
1076 547
1077 526
1077 527
1077 528
1077 529
1077 530
1077 531
1077 532
1078 511
1078 512
1078 513
1078 514
1078 515
1078 516
1079 497
1079 498
1079 499
1080 536
1080 537
1080 538
1080 539
1080 540
1081 519
1081 520
1081 521
1081 522
1081 523
1081 524
1081 525
1082 504
1082 505
1082 506
1082 507
1082 508
1082 509
1083 546
1083 547
1083 548
1084 528
1084 529
1084 530
1084 531
1084 532
1084 533
1085 512
1085 513
1085 514
1085 515
1085 516
1085 517
1086 498
1086 499
1086 500
1087 537
1087 538
1087 539
1087 540
1087 541
1087 542
1088 520
1088 521
1088 522
1088 523
1088 524
1088 525
1088 526
1089 505
1089 506
1089 507
1089 508
1089 509
1089 510
1090 547
1090 548
1090 549
1091 529
1091 530
1091 531
1091 532
1091 533
1091 534
1092 513
1092 514
1092 515
1092 516
1092 517
1092 518
1092 519
1093 498
1093 499
1093 500
1093 501
1093 502
1094 538
1094 539
1094 540
1094 541
1094 542
1094 543
1095 521
1095 522
1095 523
1095 524
1095 525
1095 526
1095 527
1096 506
1096 507
1096 508
1096 509
1096 510
1096 511
1097 548
1097 549
1097 550
1098 530
1098 531
1098 532
1098 533
1098 534
1098 535
1098 536
1099 514
1099 515
1099 516
1099 517
1099 518
1099 519
1099 520
1100 499
1100 500
1100 501
1100 502
1100 503
1101 539
1101 540
1101 541
1101 542
1101 543
1101 544
1102 522
1102 523
1102 524
1102 525
1102 526
1102 527
1102 528
1103 507
1103 508
1103 509
1103 510
1103 511
1103 512
1104 549
1104 550
1104 551
1104 552
1105 531
1105 532
1105 533
1105 534
1105 535
1105 536
1105 537
1106 515
1106 516
1106 517
1106 518
1106 519
1106 520
1106 521
1107 500
1107 501
1107 502
1107 503
1107 504
1108 541
1108 542
1108 543
1108 544
1108 545
1109 523
1109 524
1109 525
1109 526
1109 527
1109 528
1109 529
1110 508
1110 509
1110 510
1110 511
1110 512
1110 513
1111 551
1111 552
1111 553
1112 532
1112 533
1112 534
1112 535
1112 536
1112 537
1112 538
1113 516
1113 517
1113 518
1113 519
1113 520
1113 521
1113 522
1114 501
1114 502
1114 503
1114 504
1114 505
1115 542
1115 543
1115 544
1115 545
1115 546
1116 525
1116 526
1116 527
1116 528
1116 529
1116 530
1116 531
1117 509
1117 510
1117 511
1117 512
1117 513
1117 514
1118 496
1118 552
1118 553
1118 554
1119 534
1119 535
1119 536
1119 537
1119 538
1119 539
1120 517
1120 518
1120 519
1120 520
1120 521
1120 522
1120 523
1121 502
1121 503
1121 504
1121 505
1121 506
1121 507
1122 543
1122 544
1122 545
1122 546
1122 547
1123 526
1123 527
1123 528
1123 529
1123 530
1123 531
1123 532
1124 510
1124 511
1124 512
1124 513
1124 514
1124 515
1124 516
1125 497
1125 498
1125 553
1125 554
1125 555
1126 535
1126 536
1126 537
1126 538
1126 539
1126 540
1127 518
1127 519
1127 520
1127 521
1127 522
1127 523
1127 524
1128 504
1128 505
1128 506
1128 507
1128 508
1129 544
1129 545
1129 546
1129 547
1129 548
1130 527
1130 528
1130 529
1130 530
1130 531
1130 532
1130 533
1131 511
1131 512
1131 513
1131 514
1131 515
1131 516
1131 517
1132 498
1132 499
1132 554
1132 555
1132 556
1133 536
1133 537
1133 538
1133 539
1133 540
1133 541
1134 520
1134 521
1134 522
1134 523
1134 524
1134 525
1135 505
1135 506
1135 507
1135 508
1135 509
1136 546
1136 547
1136 548
1136 549
1137 528
1137 529
1137 530
1137 531
1137 532
1137 533
1137 534
1138 512
1138 513
1138 514
1138 515
1138 516
1138 517
1138 518
1139 499
1139 500
1139 556
1139 557
1140 537
1140 538
1140 539
1140 540
1140 541
1140 542
1141 521
1141 522
1141 523
1141 524
1141 525
1141 526
1142 506
1142 507
1142 508
1142 509
1142 510
1143 547
1143 548
1143 549
1143 550
1143 551
1144 529
1144 530
1144 531
1144 532
1144 533
1144 534
1144 535
1145 514
1145 515
1145 516
1145 517
1145 518
1145 519
1146 500
1146 501
1146 557
1146 558
1147 539
1147 540
1147 541
1147 542
1147 543
1148 522
1148 523
1148 524
1148 525
1148 526
1148 527
1149 507
1149 508
1149 509
1149 510
1149 511
1150 548
1150 549
1150 550
1150 551
1150 552
1151 531
1151 532
1151 533
1151 534
1151 535
1151 536
1152 515
1152 516
1152 517
1152 518
1152 519
1152 520
1153 501
1153 502
1153 503
1153 558
1153 559
1154 540
1154 541
1154 542
1154 543
1154 544
1155 523
1155 524
1155 525
1155 526
1155 527
1155 528
1155 529
1156 508
1156 509
1156 510
1156 511
1156 512
1157 549
1157 550
1157 551
1157 552
1157 553
1158 532
1158 533
1158 534
1158 535
1158 536
1158 537
1159 516
1159 517
1159 518
1159 519
1159 520
1159 521
1160 502
1160 503
1160 504
1160 559
1160 560
1161 541
1161 542
1161 543
1161 544
1161 545
1161 546
1162 524
1162 525
1162 526
1162 527
1162 528
1162 529
1162 530
1163 509
1163 510
1163 511
1163 512
1163 513
1164 551
1164 552
1164 553
1164 554
1165 533
1165 534
1165 535
1165 536
1165 537
1165 538
1166 517
1166 518
1166 519
1166 520
1166 521
1166 522
1167 503
1167 504
1167 505
1167 561
1168 542
1168 543
1168 544
1168 545
1168 546
1168 547
1169 526
1169 527
1169 528
1169 529
1169 530
1169 531
1170 510
1170 511
1170 512
1170 513
1170 514
1171 552
1171 553
1171 554
1171 555
1172 534
1172 535
1172 536
1172 537
1172 538
1172 539
1173 518
1173 519
1173 520
1173 521
1173 522
1173 523
1174 505
1174 506
1174 562
1175 544
1175 545
1175 546
1175 547
1175 548
1176 527
1176 528
1176 529
1176 530
1176 531
1176 532
1177 512
1177 513
1177 514
1177 515
1178 553
1178 554
1178 555
1178 556
1179 536
1179 537
1179 538
1179 539
1179 540
1180 520
1180 521
1180 522
1180 523
1180 524
1181 506
1181 507
1181 563
1182 545
1182 546
1182 547
1182 548
1182 549
1183 528
1183 529
1183 530
1183 531
1183 532
1183 533
1184 513
1184 514
1184 515
1184 516
1185 554
1185 555
1185 556
1185 557
1186 537
1186 538
1186 539
1186 540
1186 541
1187 521
1187 522
1187 523
1187 524
1187 525
1188 507
1189 546
1189 547
1189 548
1189 549
1189 550
1190 530
1190 531
1190 532
1190 533
1190 534
1191 514
1191 515
1191 516
1191 517
1192 556
1192 557
1192 558
1193 538
1193 539
1193 540
1193 541
1193 542
1194 522
1194 523
1194 524
1194 525
1194 526
1196 548
1196 549
1196 550
1196 551
1197 531
1197 532
1197 533
1197 534
1197 535
1198 516
1198 517
1198 518
1199 557
1199 558
1199 559
1200 540
1200 541
1200 542
1200 543
1201 524
1201 525
1201 526
1201 527
1203 549
1203 550
1203 551
1203 552
1204 532
1204 533
1204 534
1204 535
1204 536
1205 517
1205 518
1205 519
1206 558
1206 559
1206 560
1207 541
1207 542
1207 543
1207 544
1208 525
1208 526
1208 527
1208 528
1210 550
1210 551
1210 552
1210 553
1211 534
1211 535
1211 536
1212 518
1212 519
1212 520
1213 560
1213 561
1214 543
1214 544
1214 545
1215 526
1215 527
1215 528
1215 529
1217 552
1217 553
1217 554
1218 535
1218 536
1218 537
1219 520
1220 561
1220 562
1221 544
1221 545
1221 546
1222 528
1222 529
1224 553
1224 554
1225 537
1225 538
1228 545
1228 546
1228 547
1229 530
1231 555
1232 538
1232 539
1235 547
