2773 24
2776 28
2776 29
2777 11
2777 12
2780 15
2780 16
2780 17
2783 18
2783 19
2783 20
2783 21
2786 22
2786 23
2786 24
2786 25
2786 26
2787 6
2787 7
2787 8
2789 27
2789 28
2789 29
2789 30
2790 10
2790 11
2790 12
2790 13
2792 31
2792 32
2792 33
2792 34
2793 13
2793 14
2793 15
2793 16
2793 17
2795 36
2795 37
2795 38
2796 17
2796 18
2796 19
2796 20
2796 21
2796 22
2797 2
2797 3
2798 41
2799 21
2799 22
2799 23
2799 24
2799 25
2799 26
2800 5
2800 6
2800 7
2800 8
2800 9
2802 26
2802 27
2802 28
2802 29
2802 30
2803 9
2803 10
2803 11
2803 12
2803 13
2805 30
2805 31
2805 32
2805 33
2805 34
2805 35
2806 13
2806 14
2806 15
2806 16
2806 17
2806 18
2807 574
2808 34
2808 35
2808 36
2808 37
2808 38
2808 39
2809 17
2809 18
2809 19
2809 20
2809 21
2809 22
2810 1
2810 2
2810 3
2810 4
2811 39
2811 40
2811 41
2811 42
2812 21
2812 22
2812 23
2812 24
2812 25
2812 26
2812 27
2813 4
2813 5
2813 6
2813 7
2813 8
2813 9
2814 44
2814 45
2814 46
2815 25
2815 26
2815 27
2815 28
2815 29
2815 30
2815 31
2816 8
2816 9
2816 10
2816 11
2816 12
2816 13
2816 14
2818 29
2818 30
2818 31
2818 32
2818 33
2818 34
2818 35
2819 12
2819 13
2819 14
2819 15
2819 16
2819 17
2819 18
2820 573
2820 574
2820 575
2821 34
2821 35
2821 36
2821 37
2821 38
2821 39
2822 16
2822 17
2822 18
2822 19
2822 20
2822 21
2822 22
2823 0
2823 1
2823 2
2823 3
2823 4
2824 38
2824 39
2824 40
2824 41
2824 42
2824 43
2825 20
2825 21
2825 22
2825 23
2825 24
2825 25
2825 26
2825 27
2826 4
2826 5
2826 6
2826 7
2826 8
2826 9
2827 43
2827 44
2827 45
2827 46
2828 24
2828 25
2828 26
2828 27
2828 28
2828 29
2828 30
2828 31
2829 8
2829 9
2829 10
2829 11
2829 12
2829 13
2829 14
2830 48
2830 49
2831 28
2831 29
2831 30
2831 31
2831 32
2831 33
2831 34
2831 35
2832 11
2832 12
2832 13
2832 14
2832 15
2832 16
2832 17
2832 18
2833 0
2833 572
2833 573
2833 574
2833 575
2834 33
2834 34
2834 35
2834 36
2834 37
2834 38
2834 39
2835 15
2835 16
2835 17
2835 18
2835 19
2835 20
2835 21
2835 22
2836 0
2836 1
2836 2
2836 3
2836 4
2836 5
2837 37
2837 38
2837 39
2837 40
2837 41
2837 42
2837 43
2838 19
2838 20
2838 21
2838 22
2838 23
2838 24
2838 25
2838 26
2838 27
2839 3
2839 4
2839 5
2839 6
2839 7
2839 8
2839 9
2840 42
2840 43
2840 44
2840 45
2840 46
2840 47
2841 24
2841 25
2841 26
2841 27
2841 28
2841 29
2841 30
2841 31
2842 7
2842 8
2842 9
2842 10
2842 11
2842 12
2842 13
2842 14
2843 47
2843 48
2843 49
2843 50
2843 569
2843 570
2844 28
2844 29
2844 30
2844 31
2844 32
2844 33
2844 34
2844 35
2845 11
2845 12
2845 13
2845 14
2845 15
2845 16
2845 17
2845 18
2846 0
2846 53
2846 572
2846 573
2846 574
2846 575
2847 32
2847 33
2847 34
2847 35
2847 36
2847 37
2847 38
2847 39
2848 15
2848 16
2848 17
2848 18
2848 19
2848 20
2848 21
2848 22
2849 0
2849 1
2849 2
2849 3
2849 4
2849 5
2849 575
2850 37
2850 38
2850 39
2850 40
2850 41
2850 42
2850 43
2851 19
2851 20
2851 21
2851 22
2851 23
2851 24
2851 25
2851 26
2851 27
2852 3
2852 4
2852 5
2852 6
2852 7
2852 8
2852 9
2853 41
2853 42
2853 43
2853 44
2853 45
2853 46
2853 47
2854 23
2854 24
2854 25
2854 26
2854 27
2854 28
2854 29
2854 30
2854 31
2855 7
2855 8
2855 9
2855 10
2855 11
2855 12
2855 13
2855 14
2856 46
2856 47
2856 48
2856 49
2856 50
2856 569
2856 570
2857 27
2857 28
2857 29
2857 30
2857 31
2857 32
2857 33
2857 34
2857 35
2858 11
2858 12
2858 13
2858 14
2858 15
2858 16
2858 17
2858 18
2859 0
2859 51
2859 52
2859 53
2859 54
2859 572
2859 573
2859 574
2859 575
2860 32
2860 33
2860 34
2860 35
2860 36
2860 37
2860 38
2860 39
2861 15
2861 16
2861 17
2861 18
2861 19
2861 20
2861 21
2861 22
2862 0
2862 1
2862 2
2862 3
2862 4
2862 5
2862 575
2863 36
2863 37
2863 38
2863 39
2863 40
2863 41
2863 42
2863 43
2864 19
2864 20
2864 21
2864 22
2864 23
2864 24
2864 25
2864 26
2864 27
2865 3
2865 4
2865 5
2865 6
2865 7
2865 8
2865 9
2866 41
2866 42
2866 43
2866 44
2866 45
2866 46
2866 47
2867 23
2867 24
2867 25
2867 26
2867 27
2867 28
2867 29
2867 30
2867 31
2868 6
2868 7
2868 8
2868 9
2868 10
2868 11
2868 12
2868 13
2868 14
2869 45
2869 46
2869 47
2869 48
2869 49
2869 50
2869 51
2869 568
2869 569
2869 570
2870 27
2870 28
2870 29
2870 30
2870 31
2870 32
2870 33
2870 34
2870 35
2871 10
2871 11
2871 12
2871 13
2871 14
2871 15
2871 16
2871 17
2871 18
2872 0
2872 50
2872 51
2872 52
2872 53
2872 54
2872 571
2872 572
2872 573
2872 574
2872 575
2873 31
2873 32
2873 33
2873 34
2873 35
2873 36
2873 37
2873 38
2873 39
2874 14
2874 15
2874 16
2874 17
2874 18
2874 19
2874 20
2874 21
2874 22
2875 0
2875 1
2875 2
2875 3
2875 4
2875 56
2875 57
2875 575
2876 36
2876 37
2876 38
2876 39
2876 40
2876 41
2876 42
2876 43
2877 18
2877 19
2877 20
2877 21
2877 22
2877 23
2877 24
2877 25
2877 26
2877 27
2878 2
2878 3
2878 4
2878 5
2878 6
2878 7
2878 8
2878 9
2879 40
2879 41
2879 42
2879 43
2879 44
2879 45
2879 46
2879 47
2880 22
2880 23
2880 24
2880 25
2880 26
2880 27
2880 28
2880 29
2880 30
2880 31
2881 6
2881 7
2881 8
2881 9
2881 10
2881 11
2881 12
2881 13
2882 45
2882 46
2882 47
2882 48
2882 49
2882 50
2882 51
2882 568
2882 569
2882 570
2883 27
2883 28
2883 29
2883 30
2883 31
2883 32
2883 33
2883 34
2883 35
2884 10
2884 11
2884 12
2884 13
2884 14
2884 15
2884 16
2884 17
2884 18
2885 0
2885 49
2885 50
2885 51
2885 52
2885 53
2885 54
2885 571
2885 572
2885 573
2885 574
2885 575
2886 31
2886 32
2886 33
2886 34
2886 35
2886 36
2886 37
2886 38
2886 39
2887 14
2887 15
2887 16
2887 17
2887 18
2887 19
2887 20
2887 21
2887 22
2888 0
2888 1
2888 2
2888 3
2888 4
2888 55
2888 56
2888 57
2888 58
2888 574
2888 575
2889 35
2889 36
2889 37
2889 38
2889 39
2889 40
2889 41
2889 42
2889 43
2890 18
2890 19
2890 20
2890 21
2890 22
2890 23
2890 24
2890 25
2890 26
2891 2
2891 3
2891 4
2891 5
2891 6
2891 7
2891 8
2891 9
2892 40
2892 41
2892 42
2892 43
2892 44
2892 45
2892 46
2892 47
2893 22
2893 23
2893 24
2893 25
2893 26
2893 27
2893 28
2893 29
2893 30
2893 31
2894 6
2894 7
2894 8
2894 9
2894 10
2894 11
2894 12
2894 13
2895 44
2895 45
2895 46
2895 47
2895 48
2895 49
2895 50
2895 51
2895 568
2895 569
2895 570
2896 26
2896 27
2896 28
2896 29
2896 30
2896 31
2896 32
2896 33
2896 34
2896 35
2897 10
2897 11
2897 12
2897 13
2897 14
2897 15
2897 16
2897 17
2897 18
2898 49
2898 50
2898 51
2898 52
2898 53
2898 54
2898 571
2898 572
2898 573
2898 574
2898 575
2899 30
2899 31
2899 32
2899 33
2899 34
2899 35
2899 36
2899 37
2899 38
2899 39
2900 14
2900 15
2900 16
2900 17
2900 18
2900 19
2900 20
2900 21
2900 22
2901 0
2901 1
2901 2
2901 3
2901 4
2901 54
2901 55
2901 56
2901 57
2901 58
2901 574
2901 575
2902 35
2902 36
2902 37
2902 38
2902 39
2902 40
2902 41
2902 42
2902 43
2903 18
2903 19
2903 20
2903 21
2903 22
2903 23
2903 24
2903 25
2903 26
2904 2
2904 3
2904 4
2904 5
2904 6
2904 7
2904 8
2904 9
2904 60
2905 39
2905 40
2905 41
2905 42
2905 43
2905 44
2905 45
2905 46
2905 47
2906 22
2906 23
2906 24
2906 25
2906 26
2906 27
2906 28
2906 29
2906 30
2907 6
2907 7
2907 8
2907 9
2907 10
2907 11
2907 12
2907 13
2908 44
2908 45
2908 46
2908 47
2908 48
2908 49
2908 50
2908 51
2908 568
2908 569
2908 570
2909 26
2909 27
2909 28
2909 29
2909 30
2909 31
2909 32
2909 33
2909 34
2909 35
2910 9
2910 10
2910 11
2910 12
2910 13
2910 14
2910 15
2910 16
2910 17
2910 18
2911 48
2911 49
2911 50
2911 51
2911 52
2911 53
2911 54
2911 571
2911 572
2911 573
2911 574
2911 575
2912 30
2912 31
2912 32
2912 33
2912 34
2912 35
2912 36
2912 37
2912 38
2912 39
2913 13
2913 14
2913 15
2913 16
2913 17
2913 18
2913 19
2913 20
2913 21
2913 22
2914 0
2914 1
2914 2
2914 3
2914 4
2914 53
2914 54
2914 55
2914 56
2914 57
2914 58
2914 574
2914 575
2915 34
2915 35
2915 36
2915 37
2915 38
2915 39
2915 40
2915 41
2915 42
2915 43
2916 17
2916 18
2916 19
2916 20
2916 21
2916 22
2916 23
2916 24
2916 25
2916 26
2917 2
2917 3
2917 4
2917 5
2917 6
2917 7
2917 8
2917 59
2917 60
2917 61
2918 39
2918 40
2918 41
2918 42
2918 43
2918 44
2918 45
2918 46
2918 47
2919 21
2919 22
2919 23
2919 24
2919 25
2919 26
2919 27
2919 28
2919 29
2919 30
2920 5
2920 6
2920 7
2920 8
2920 9
2920 10
2920 11
2920 12
2920 13
2921 43
2921 44
2921 45
2921 46
2921 47
2921 48
2921 49
2921 50
2921 51
2921 569
2922 26
2922 27
2922 28
2922 29
2922 30
2922 31
2922 32
2922 33
2922 34
2923 9
2923 10
2923 11
2923 12
2923 13
2923 14
2923 15
2923 16
2923 17
2924 48
2924 49
2924 50
2924 51
2924 52
2924 53
2924 54
2924 571
2924 572
2924 573
2924 574
2924 575
2925 30
2925 31
2925 32
2925 33
2925 34
2925 35
2925 36
2925 37
2925 38
2925 39
2926 13
2926 14
2926 15
2926 16
2926 17
2926 18
2926 19
2926 20
2926 21
2926 22
2927 0
2927 1
2927 2
2927 3
2927 53
2927 54
2927 55
2927 56
2927 57
2927 58
2927 574
2927 575
2928 34
2928 35
2928 36
2928 37
2928 38
2928 39
2928 40
2928 41
2928 42
2928 43
2929 17
2929 18
2929 19
2929 20
2929 21
2929 22
2929 23
2929 24
2929 25
2929 26
2930 2
2930 3
2930 4
2930 5
2930 6
2930 7
2930 8
2930 58
2930 59
2930 60
2930 61
2931 38
2931 39
2931 40
2931 41
2931 42
2931 43
2931 44
2931 45
2931 46
2931 47
2932 21
2932 22
2932 23
2932 24
2932 25
2932 26
2932 27
2932 28
2932 29
2932 30
2933 5
2933 6
2933 7
2933 8
2933 9
2933 10
2933 11
2933 12
2933 13
2934 43
2934 44
2934 45
2934 46
2934 47
2934 48
2934 49
2934 50
2935 25
2935 26
2935 27
2935 28
2935 29
2935 30
2935 31
2935 32
2935 33
2935 34
2936 9
2936 10
2936 11
2936 12
2936 13
2936 14
2936 15
2936 16
2936 17
2937 48
2937 49
2937 50
2937 51
2937 52
2937 53
2937 54
2937 571
2937 572
2937 573
2937 574
2938 30
2938 31
2938 32
2938 33
2938 34
2938 35
2938 36
2938 37
2938 38
2939 13
2939 14
2939 15
2939 16
2939 17
2939 18
2939 19
2939 20
2939 21
2940 0
2940 1
2940 2
2940 3
2940 52
2940 53
2940 54
2940 55
2940 56
2940 57
2940 58
2940 574
2940 575
2941 34
2941 35
2941 36
2941 37
2941 38
2941 39
2941 40
2941 41
2941 42
2942 17
2942 18
2942 19
2942 20
2942 21
2942 22
2942 23
2942 24
2942 25
2942 26
2943 2
2943 3
2943 4
2943 5
2943 6
2943 7
2943 8
2943 57
2943 58
2943 59
2943 60
2943 61
2944 38
2944 39
2944 40
2944 41
2944 42
2944 43
2944 44
2944 45
2944 46
2945 21
2945 22
2945 23
2945 24
2945 25
2945 26
2945 27
2945 28
2945 29
2945 30
2946 5
2946 6
2946 7
2946 8
2946 9
2946 10
2946 11
2946 12
2946 63
2947 43
2947 44
2947 45
2947 46
2947 47
2947 48
2947 49
2947 50
2948 25
2948 26
2948 27
2948 28
2948 29
2948 30
2948 31
2948 32
2948 33
2948 34
2949 9
2949 10
2949 11
2949 12
2949 13
2949 14
2949 15
2949 16
2949 17
2950 47
2950 48
2950 49
2950 50
2950 51
2950 52
2950 53
2950 54
2950 571
2950 572
2950 573
2950 574
2951 29
2951 30
2951 31
2951 32
2951 33
2951 34
2951 35
2951 36
2951 37
2951 38
2952 13
2952 14
2952 15
2952 16
2952 17
2952 18
2952 19
2952 20
2952 21
2953 0
2953 1
2953 2
2953 3
2953 52
2953 53
2953 54
2953 55
2953 56
2953 57
2953 58
2953 574
2953 575
2954 34
2954 35
2954 36
2954 37
2954 38
2954 39
2954 40
2954 41
2954 42
2955 17
2955 18
2955 19
2955 20
2955 21
2955 22
2955 23
2955 24
2955 25
2956 2
2956 3
2956 4
2956 5
2956 6
2956 7
2956 57
2956 58
2956 59
2956 60
2956 61
2957 38
2957 39
2957 40
2957 41
2957 42
2957 43
2957 44
2957 45
2957 46
2958 21
2958 22
2958 23
2958 24
2958 25
2958 26
2958 27
2958 28
2958 29
2958 30
2959 5
2959 6
2959 7
2959 8
2959 9
2959 10
2959 11
2959 12
2959 62
2959 63
2959 64
2960 42
2960 43
2960 44
2960 45
2960 46
2960 47
2960 48
2960 49
2960 50
2961 25
2961 26
2961 27
2961 28
2961 29
2961 30
2961 31
2961 32
2961 33
2961 34
2962 9
2962 10
2962 11
2962 12
2962 13
2962 14
2962 15
2962 16
2963 47
2963 48
2963 49
2963 50
2963 51
2963 52
2963 53
2963 54
2963 572
2963 573
2964 29
2964 30
2964 31
2964 32
2964 33
2964 34
2964 35
2964 36
2964 37
2964 38
2965 13
2965 14
2965 15
2965 16
2965 17
2965 18
2965 19
2965 20
2965 21
2966 0
2966 1
2966 2
2966 51
2966 52
2966 53
2966 54
2966 55
2966 56
2966 57
2966 574
2966 575
2967 33
2967 34
2967 35
2967 36
2967 37
2967 38
2967 39
2967 40
2967 41
2967 42
2968 17
2968 18
2968 19
2968 20
2968 21
2968 22
2968 23
2968 24
2968 25
2969 2
2969 3
2969 4
2969 5
2969 6
2969 7
2969 56
2969 57
2969 58
2969 59
2969 60
2969 61
2970 38
2970 39
2970 40
2970 41
2970 42
2970 43
2970 44
2970 45
2970 46
2971 21
2971 22
2971 23
2971 24
2971 25
2971 26
2971 27
2971 28
2971 29
2972 5
2972 6
2972 7
2972 8
2972 9
2972 10
2972 11
2972 62
2972 63
2972 64
2973 42
2973 43
2973 44
2973 45
2973 46
2973 47
2973 48
2973 49
2973 50
2974 25
2974 26
2974 27
2974 28
2974 29
2974 30
2974 31
2974 32
2974 33
2975 9
2975 10
2975 11
2975 12
2975 13
2975 14
2975 15
2975 16
2976 47
2976 48
2976 49
2976 50
2976 51
2976 52
2976 53
2976 54
2977 29
2977 30
2977 31
2977 32
2977 33
2977 34
2977 35
2977 36
2977 37
2978 13
2978 14
2978 15
2978 16
2978 17
2978 18
2978 19
2978 20
2979 0
2979 1
2979 51
2979 52
2979 53
2979 54
2979 55
2979 56
2979 57
2979 575
2980 33
2980 34
2980 35
2980 36
2980 37
2980 38
2980 39
2980 40
2980 41
2980 42
2981 17
2981 18
2981 19
2981 20
2981 21
2981 22
2981 23
2981 24
2981 25
2982 2
2982 3
2982 4
2982 5
2982 6
2982 56
2982 57
2982 58
2982 59
2982 60
2982 61
2983 37
2983 38
2983 39
2983 40
2983 41
2983 42
2983 43
2983 44
2983 45
2983 46
2984 21
2984 22
2984 23
2984 24
2984 25
2984 26
2984 27
2984 28
2984 29
2985 5
2985 6
2985 7
2985 8
2985 9
2985 10
2985 11
2985 61
2985 62
2985 63
2985 64
2986 42
2986 43
2986 44
2986 45
2986 46
2986 47
2986 48
2986 49
2987 25
2987 26
2987 27
2987 28
2987 29
2987 30
2987 31
2987 32
2987 33
2988 9
2988 10
2988 11
2988 12
2988 13
2988 14
2988 15
2988 16
2989 46
2989 47
2989 48
2989 49
2989 50
2989 51
2989 52
2989 53
2990 29
2990 30
2990 31
2990 32
2990 33
2990 34
2990 35
2990 36
2990 37
2991 13
2991 14
2991 15
2991 16
2991 17
2991 18
2991 19
2991 20
2992 0
2992 51
2992 52
2992 53
2992 54
2992 55
2992 56
2992 57
2992 575
2993 33
2993 34
2993 35
2993 36
2993 37
2993 38
2993 39
2993 40
2993 41
2994 16
2994 17
2994 18
2994 19
2994 20
2994 21
2994 22
2994 23
2994 24
2995 2
2995 3
2995 4
2995 5
2995 6
2995 56
2995 57
2995 58
2995 59
2995 60
2995 61
2996 37
2996 38
2996 39
2996 40
2996 41
2996 42
2996 43
2996 44
2996 45
2997 20
2997 21
2997 22
2997 23
2997 24
2997 25
2997 26
2997 27
2997 28
2998 5
2998 6
2998 7
2998 8
2998 9
2998 10
2998 61
2998 62
2998 63
2998 64
2999 42
2999 43
2999 44
2999 45
2999 46
2999 47
2999 48
2999 49
3000 24
3000 25
3000 26
3000 27
3000 28
3000 29
3000 30
3000 31
3000 32
3000 33
3001 9
3001 10
3001 11
3001 12
3001 13
3001 14
3001 15
3002 46
3002 47
3002 48
3002 49
3002 50
3002 51
3002 52
3002 53
3003 29
3003 30
3003 31
3003 32
3003 33
3003 34
3003 35
3003 36
3003 37
3004 13
3004 14
3004 15
3004 16
3004 17
3004 18
3004 19
3005 51
3005 52
3005 53
3005 54
3005 55
3005 56
3005 57
3006 33
3006 34
3006 35
3006 36
3006 37
3006 38
3006 39
3006 40
3006 41
3007 16
3007 17
3007 18
3007 19
3007 20
3007 21
3007 22
3007 23
3007 24
3008 3
3008 4
3008 5
3008 55
3008 56
3008 57
3008 58
3008 59
3008 60
3009 37
3009 38
3009 39
3009 40
3009 41
3009 42
3009 43
3009 44
3009 45
3010 20
3010 21
3010 22
3010 23
3010 24
3010 25
3010 26
3010 27
3010 28
3011 6
3011 7
3011 8
3011 9
3011 10
3011 60
3011 61
3011 62
3011 63
3011 64
3012 41
3012 42
3012 43
3012 44
3012 45
3012 46
3012 47
3012 48
3012 49
3013 24
3013 25
3013 26
3013 27
3013 28
3013 29
3013 30
3013 31
3013 32
3014 9
3014 10
3014 11
3014 12
3014 13
3014 14
3015 46
3015 47
3015 48
3015 49
3015 50
3015 51
3015 52
3015 53
3016 29
3016 30
3016 31
3016 32
3016 33
3016 34
3016 35
3016 36
3017 13
3017 14
3017 15
3017 16
3017 17
3017 18
3017 19
3018 50
3018 51
3018 52
3018 53
3018 54
3018 55
3018 56
3019 33
3019 34
3019 35
3019 36
3019 37
3019 38
3019 39
3019 40
3020 17
3020 18
3020 19
3020 20
3020 21
3020 22
3020 23
3021 55
3021 56
3021 57
3021 58
3021 59
3021 60
3022 37
3022 38
3022 39
3022 40
3022 41
3022 42
3022 43
3022 44
3023 20
3023 21
3023 22
3023 23
3023 24
3023 25
3023 26
3023 27
3023 28
3024 6
3024 7
3024 8
3024 9
3024 60
3024 61
3024 62
3024 63
3025 41
3025 42
3025 43
3025 44
3025 45
3025 46
3025 47
3025 48
3026 24
3026 25
3026 26
3026 27
3026 28
3026 29
3026 30
3026 31
3026 32
3027 9
3027 10
3027 11
3027 12
3027 13
3027 14
3028 46
3028 47
3028 48
3028 49
3028 50
3028 51
3028 52
3029 28
3029 29
3029 30
3029 31
3029 32
3029 33
3029 34
3029 35
3029 36
3030 13
3030 14
3030 15
3030 16
3030 17
3030 18
3031 50
3031 51
3031 52
3031 53
3031 54
3031 55
3031 56
3032 33
3032 34
3032 35
3032 36
3032 37
3032 38
3032 39
3032 40
3033 17
3033 18
3033 19
3033 20
3033 21
3033 22
3033 23
3034 55
3034 56
3034 57
3034 58
3034 59
3034 60
3035 37
3035 38
3035 39
3035 40
3035 41
3035 42
3035 43
3035 44
3036 21
3036 22
3036 23
3036 24
3036 25
3036 26
3036 27
3037 60
3037 61
3037 62
3037 63
3038 41
3038 42
3038 43
3038 44
3038 45
3038 46
3038 47
3038 48
3039 24
3039 25
3039 26
3039 27
3039 28
3039 29
3039 30
3039 31
3040 10
3040 11
3040 12
3040 13
3041 46
3041 47
3041 48
3041 49
3041 50
3041 51
3041 52
3042 29
3042 30
3042 31
3042 32
3042 33
3042 34
3042 35
3043 13
3043 14
3043 15
3043 16
3043 17
3044 50
3044 51
3044 52
3044 53
3044 54
3044 55
3044 56
3045 33
3045 34
3045 35
3045 36
3045 37
3045 38
3045 39
3045 40
3046 17
3046 18
3046 19
3046 20
3046 21
3046 22
3047 55
3047 56
3047 57
3047 58
3047 59
3048 37
3048 38
3048 39
3048 40
3048 41
3048 42
3048 43
3048 44
3049 21
3049 22
3049 23
3049 24
3049 25
3049 26
3050 60
3050 61
3050 62
3050 63
3051 41
3051 42
3051 43
3051 44
3051 45
3051 46
3051 47
3051 48
3052 25
3052 26
3052 27
3052 28
3052 29
3052 30
3052 31
3054 46
3054 47
3054 48
3054 49
3054 50
3054 51
3055 29
3055 30
3055 31
3055 32
3055 33
3055 34
3055 35
3056 14
3056 15
3056 16
3057 50
3057 51
3057 52
3057 53
3057 54
3057 55
3058 33
3058 34
3058 35
3058 36
3058 37
3058 38
3058 39
3059 17
3059 18
3059 19
3059 20
3059 21
3060 55
3060 56
3060 57
3060 58
3060 59
3061 37
3061 38
3061 39
3061 40
3061 41
3061 42
3061 43
3062 21
3062 22
3062 23
3062 24
3062 25
3062 26
3063 60
3063 61
3063 62
3064 41
3064 42
3064 43
3064 44
3064 45
3064 46
3064 47
3065 25
3065 26
3065 27
3065 28
3065 29
3065 30
3067 46
3067 47
3067 48
3067 49
3067 50
3067 51
3068 29
3068 30
3068 31
3068 32
3068 33
3068 34
3070 50
3070 51
3070 52
3070 53
3070 54
3070 55
3071 33
3071 34
3071 35
3071 36
3071 37
3071 38
3072 18
3072 19
3072 20
3073 55
3073 56
3073 57
3073 58
3074 37
3074 38
3074 39
3074 40
3074 41
3074 42
3075 21
3075 22
3075 23
3075 24
3075 25
3076 60
3076 61
3077 41
3077 42
3077 43
3077 44
3077 45
3077 46
3078 25
3078 26
3078 27
3078 28
3078 29
3080 46
3080 47
3080 48
3080 49
3080 50
3081 29
3081 30
3081 31
3081 32
3081 33
3083 50
3083 51
3083 52
3083 53
3083 54
3084 33
3084 34
3084 35
3084 36
3084 37
3084 38
3086 55
3086 56
3086 57
3086 58
3087 37
3087 38
3087 39
3087 40
3087 41
3087 42
3088 23
3089 60
3090 41
3090 42
3090 43
3090 44
3090 45
3090 46
3091 26
3091 27
3091 28
3093 46
3093 47
3093 48
3093 49
3093 50
3094 30
3094 31
3094 32
3096 50
3096 51
3096 52
3096 53
3097 33
3097 34
3097 35
3097 36
3097 37
3099 55
3099 56
3099 57
3100 38
3100 39
3100 40
3100 41
3103 42
3103 43
3103 44
3103 45
3106 46
3106 47
3106 48
3106 49
3109 51
3109 52
3110 34
3110 35
3113 38
3113 39
3113 40
3116 43
3119 47
