1317 175
1317 176
1318 172
1318 173
1318 174
1319 170
1319 171
1319 172
1320 167
1320 168
1320 169
1321 165
1321 166
1321 167
1322 163
1322 164
1322 165
1323 161
1323 162
1324 159
1324 160
1325 157
1335 179
1335 180
1336 177
1336 178
1337 174
1337 175
1337 176
1338 172
1338 173
1338 174
1339 169
1339 170
1339 171
1339 172
1340 167
1340 168
1340 169
1340 170
1341 164
1341 165
1341 166
1341 167
1342 162
1342 163
1342 164
1342 165
1343 160
1343 161
1343 162
1343 163
1344 158
1344 159
1344 160
1345 156
1345 157
1345 158
1346 154
1346 155
1354 181
1354 182
1355 179
1355 180
1355 181
1356 176
1356 177
1356 178
1356 179
1357 173
1357 174
1357 175
1357 176
1357 177
1358 171
1358 172
1358 173
1358 174
1359 169
1359 170
1359 171
1359 172
1360 166
1360 167
1360 168
1360 169
1360 170
1361 164
1361 165
1361 166
1361 167
1361 168
1362 162
1362 163
1362 164
1362 165
1363 159
1363 160
1363 161
1363 162
1363 163
1364 157
1364 158
1364 159
1364 160
1365 155
1365 156
1365 157
1365 158
1366 153
1366 154
1366 155
1367 151
1367 152
1368 149
1373 184
1374 181
1374 182
1374 183
1375 178
1375 179
1375 180
1375 181
1376 176
1376 177
1376 178
1376 179
1377 173
1377 174
1377 175
1377 176
1377 177
1378 171
1378 172
1378 173
1378 174
1379 168
1379 169
1379 170
1379 171
1379 172
1380 166
1380 167
1380 168
1380 169
1380 170
1381 164
1381 165
1381 166
1381 167
1381 168
1382 161
1382 162
1382 163
1382 164
1382 165
1383 159
1383 160
1383 161
1383 162
1383 163
1384 157
1384 158
1384 159
1384 160
1384 161
1385 155
1385 156
1385 157
1385 158
1386 152
1386 153
1386 154
1386 155
1387 150
1387 151
1387 152
1387 153
1388 148
1388 149
1388 150
1392 186
1393 183
1393 184
1393 185
1394 180
1394 181
1394 182
1394 183
1395 178
1395 179
1395 180
1395 181
1396 175
1396 176
1396 177
1396 178
1396 179
1397 173
1397 174
1397 175
1397 176
1397 177
1398 170
1398 171
1398 172
1398 173
1398 174
1398 175
1399 168
1399 169
1399 170
1399 171
1399 172
1400 166
1400 167
1400 168
1400 169
1400 170
1401 163
1401 164
1401 165
1401 166
1401 167
1401 168
1402 161
1402 162
1402 163
1402 164
1402 165
1403 159
1403 160
1403 161
1403 162
1403 163
1404 156
1404 157
1404 158
1404 159
1404 160
1404 161
1405 154
1405 155
1405 156
1405 157
1405 158
1406 152
1406 153
1406 154
1406 155
1407 150
1407 151
1407 152
1407 153
1408 148
1408 149
1408 150
1409 146
1409 147
1412 186
1413 183
1413 184
1413 185
1414 180
1414 181
1414 182
1414 183
1415 177
1415 178
1415 179
1415 180
1415 181
1416 175
1416 176
1416 177
1416 178
1416 179
1417 173
1417 174
1417 175
1417 176
1417 177
1418 170
1418 171
1418 172
1418 173
1418 174
1419 168
1419 169
1419 170
1419 171
1419 172
1420 165
1420 166
1420 167
1420 168
1420 169
1420 170
1421 163
1421 164
1421 165
1421 166
1421 167
1421 168
1422 161
1422 162
1422 163
1422 164
1422 165
1423 159
1423 160
1423 161
1423 162
1423 163
1424 156
1424 157
1424 158
1424 159
1424 160
1425 154
1425 155
1425 156
1425 157
1425 158
1426 152
1426 153
1426 154
1426 155
1427 150
1427 151
1427 152
1427 153
1428 148
1428 149
1428 150
1429 146
1429 147
1432 185
1432 186
1432 187
1433 182
1433 183
1433 184
1433 185
1434 180
1434 181
1434 182
1434 183
1435 177
1435 178
1435 179
1435 180
1435 181
1436 175
1436 176
1436 177
1436 178
1436 179
1437 172
1437 173
1437 174
1437 175
1437 176
1437 177
1438 170
1438 171
1438 172
1438 173
1438 174
1439 168
1439 169
1439 170
1439 171
1439 172
1440 165
1440 166
1440 167
1440 168
1440 169
1440 170
1441 163
1441 164
1441 165
1441 166
1441 167
1441 168
1442 161
1442 162
1442 163
1442 164
1442 165
1443 158
1443 159
1443 160
1443 161
1443 162
1443 163
1444 156
1444 157
1444 158
1444 159
1444 160
1445 154
1445 155
1445 156
1445 157
1445 158
1446 152
1446 153
1446 154
1446 155
1447 150
1447 151
1447 152
1447 153
1448 148
1448 149
1448 150
1449 146
1449 147
1452 185
1452 186
1453 182
1453 183
1453 184
1453 185
1454 180
1454 181
1454 182
1454 183
1455 177
1455 178
1455 179
1455 180
1455 181
1456 175
1456 176
1456 177
1456 178
1456 179
1457 172
1457 173
1457 174
1457 175
1457 176
1458 170
1458 171
1458 172
1458 173
1458 174
1459 167
1459 168
1459 169
1459 170
1459 171
1459 172
1460 165
1460 166
1460 167
1460 168
1460 169
1460 170
1461 163
1461 164
1461 165
1461 166
1461 167
1462 161
1462 162
1462 163
1462 164
1462 165
1463 158
1463 159
1463 160
1463 161
1463 162
1463 163
1464 156
1464 157
1464 158
1464 159
1464 160
1465 154
1465 155
1465 156
1465 157
1465 158
1466 152
1466 153
1466 154
1466 155
1467 150
1467 151
1467 152
1468 148
1468 149
1468 150
1469 146
1469 147
1472 185
1472 186
1473 182
1473 183
1473 184
1474 180
1474 181
1474 182
1475 177
1475 178
1475 179
1475 180
1476 175
1476 176
1476 177
1476 178
1477 172
1477 173
1477 174
1477 175
1477 176
1478 170
1478 171
1478 172
1478 173
1478 174
1479 167
1479 168
1479 169
1479 170
1479 171
1479 172
1480 165
1480 166
1480 167
1480 168
1480 169
1481 163
1481 164
1481 165
1481 166
1481 167
1482 161
1482 162
1482 163
1482 164
1482 165
1483 158
1483 159
1483 160
1483 161
1483 162
1484 156
1484 157
1484 158
1484 159
1484 160
1485 154
1485 155
1485 156
1485 157
1486 152
1486 153
1486 154
1486 155
1487 150
1487 151
1487 152
1488 148
1488 149
1493 182
1493 183
1493 184
1494 180
1494 181
1494 182
1495 177
1495 178
1495 179
1495 180
1496 175
1496 176
1496 177
1496 178
1497 172
1497 173
1497 174
1497 175
1497 176
1498 170
1498 171
1498 172
1498 173
1499 168
1499 169
1499 170
1499 171
1500 165
1500 166
1500 167
1500 168
1500 169
1501 163
1501 164
1501 165
1501 166
1501 167
1502 161
1502 162
1502 163
1502 164
1503 158
1503 159
1503 160
1503 161
1503 162
1504 156
1504 157
1504 158
1504 159
1505 154
1505 155
1505 156
1505 157
1506 152
1506 153
1506 154
1507 150
1507 151
1508 148
1513 183
1514 180
1514 181
1515 177
1515 178
1515 179
1516 175
1516 176
1516 177
1517 172
1517 173
1517 174
1517 175
1518 170
1518 171
1518 172
1518 173
1519 168
1519 169
1519 170
1519 171
1520 165
1520 166
1520 167
1520 168
1521 163
1521 164
1521 165
1521 166
1522 161
1522 162
1522 163
1522 164
1523 159
1523 160
1523 161
1524 156
1524 157
1524 158
1524 159
1525 154
1525 155
1525 156
1526 152
1526 153
1535 178
1535 179
1536 175
1536 176
1536 177
1537 173
1537 174
1538 170
1538 171
1538 172
1539 168
1539 169
1539 170
1540 166
1540 167
1540 168
1541 163
1541 164
1541 165
1542 161
1542 162
1542 163
1543 159
1543 160
1544 157
1544 158
