1080 22
1083 19
1088 28
1088 29
1088 30
1091 25
1091 26
1091 27
1094 21
1094 22
1094 23
1094 24
1096 36
1097 18
1097 19
1097 20
1097 21
1099 32
1099 33
1099 34
1100 15
1100 16
1100 17
1100 18
1102 28
1102 29
1102 30
1102 31
1103 12
1103 13
1103 14
1105 25
1105 26
1105 27
1105 28
1105 29
1106 10
1106 11
1107 40
1108 21
1108 22
1108 23
1108 24
1108 25
1108 26
1110 36
1110 37
1110 38
1111 18
1111 19
1111 20
1111 21
1111 22
1113 32
1113 33
1113 34
1113 35
1113 36
1114 15
1114 16
1114 17
1114 18
1114 19
1116 28
1116 29
1116 30
1116 31
1116 32
1116 33
1117 12
1117 13
1117 14
1117 15
1117 16
1118 44
1119 25
1119 26
1119 27
1119 28
1119 29
1119 30
1120 9
1120 10
1120 11
1120 12
1121 39
1121 40
1121 41
1121 42
1122 22
1122 23
1122 24
1122 25
1122 26
1122 27
1123 7
1123 8
1123 9
1124 36
1124 37
1124 38
1124 39
1124 40
1125 19
1125 20
1125 21
1125 22
1125 23
1125 24
1127 32
1127 33
1127 34
1127 35
1127 36
1127 37
1128 15
1128 16
1128 17
1128 18
1128 19
1128 20
1128 21
1130 29
1130 30
1130 31
1130 32
1130 33
1130 34
1131 12
1131 13
1131 14
1131 15
1131 16
1131 17
1132 44
1132 45
1132 46
1133 25
1133 26
1133 27
1133 28
1133 29
1133 30
1133 31
1134 10
1134 11
1134 12
1134 13
1134 14
1135 40
1135 41
1135 42
1135 43
1135 44
1136 22
1136 23
1136 24
1136 25
1136 26
1136 27
1136 28
1137 7
1137 8
1137 9
1137 10
1138 36
1138 37
1138 38
1138 39
1138 40
1138 41
1139 19
1139 20
1139 21
1139 22
1139 23
1139 24
1139 25
1140 4
1140 5
1140 6
1141 33
1141 34
1141 35
1141 36
1141 37
1141 38
1142 16
1142 17
1142 18
1142 19
1142 20
1142 21
1142 22
1143 48
1143 49
1144 29
1144 30
1144 31
1144 32
1144 33
1144 34
1144 35
1145 13
1145 14
1145 15
1145 16
1145 17
1145 18
1146 44
1146 45
1146 46
1146 47
1147 26
1147 27
1147 28
1147 29
1147 30
1147 31
1147 32
1148 10
1148 11
1148 12
1148 13
1148 14
1148 15
1149 40
1149 41
1149 42
1149 43
1149 44
1149 45
1150 23
1150 24
1150 25
1150 26
1150 27
1150 28
1150 29
1151 7
1151 8
1151 9
1151 10
1151 11
1151 12
1152 37
1152 38
1152 39
1152 40
1152 41
1152 42
1153 20
1153 21
1153 22
1153 23
1153 24
1153 25
1153 26
1154 4
1154 5
1154 6
1154 7
1154 8
1155 33
1155 34
1155 35
1155 36
1155 37
1155 38
1155 39
1156 16
1156 17
1156 18
1156 19
1156 20
1156 21
1156 22
1156 23
1157 2
1157 3
1157 4
1157 48
1157 49
1157 50
1157 51
1158 30
1158 31
1158 32
1158 33
1158 34
1158 35
1158 36
1159 13
1159 14
1159 15
1159 16
1159 17
1159 18
1159 19
1159 20
1160 44
1160 45
1160 46
1160 47
1160 48
1161 27
1161 28
1161 29
1161 30
1161 31
1161 32
1161 33
1162 10
1162 11
1162 12
1162 13
1162 14
1162 15
1162 16
1163 41
1163 42
1163 43
1163 44
1163 45
1163 46
1164 23
1164 24
1164 25
1164 26
1164 27
1164 28
1164 29
1164 30
1165 7
1165 8
1165 9
1165 10
1165 11
1165 12
1165 13
1166 37
1166 38
1166 39
1166 40
1166 41
1166 42
1166 43
1167 20
1167 21
1167 22
1167 23
1167 24
1167 25
1167 26
1167 27
1168 5
1168 6
1168 7
1168 8
1168 9
1168 53
1168 54
1169 34
1169 35
1169 36
1169 37
1169 38
1169 39
1169 40
1170 17
1170 18
1170 19
1170 20
1170 21
1170 22
1170 23
1170 24
1171 2
1171 3
1171 4
1171 5
1171 49
1171 50
1171 51
1171 52
1172 30
1172 31
1172 32
1172 33
1172 34
1172 35
1172 36
1172 37
1173 14
1173 15
1173 16
1173 17
1173 18
1173 19
1173 20
1173 21
1174 0
1174 1
1174 45
1174 46
1174 47
1174 48
1174 49
1174 50
1175 27
1175 28
1175 29
1175 30
1175 31
1175 32
1175 33
1175 34
1176 11
1176 12
1176 13
1176 14
1176 15
1176 16
1176 17
1177 41
1177 42
1177 43
1177 44
1177 45
1177 46
1177 47
1178 24
1178 25
1178 26
1178 27
1178 28
1178 29
1178 30
1178 31
1179 8
1179 9
1179 10
1179 11
1179 12
1179 13
1179 14
1180 38
1180 39
1180 40
1180 41
1180 42
1180 43
1180 44
1181 21
1181 22
1181 23
1181 24
1181 25
1181 26
1181 27
1181 28
1182 5
1182 6
1182 7
1182 8
1182 9
1182 10
1182 53
1182 54
1182 55
1183 34
1183 35
1183 36
1183 37
1183 38
1183 39
1183 40
1183 41
1184 18
1184 19
1184 20
1184 21
1184 22
1184 23
1184 24
1184 25
1185 2
1185 3
1185 4
1185 5
1185 6
1185 7
1185 49
1185 50
1185 51
1185 52
1185 53
1186 31
1186 32
1186 33
1186 34
1186 35
1186 36
1186 37
1186 38
1187 15
1187 16
1187 17
1187 18
1187 19
1187 20
1187 21
1187 22
1188 0
1188 1
1188 2
1188 3
1188 45
1188 46
1188 47
1188 48
1188 49
1188 50
1188 51
1189 28
1189 29
1189 30
1189 31
1189 32
1189 33
1189 34
1189 35
1190 12
1190 13
1190 14
1190 15
1190 16
1190 17
1190 18
1191 42
1191 43
1191 44
1191 45
1191 46
1191 47
1191 48
1192 25
1192 26
1192 27
1192 28
1192 29
1192 30
1192 31
1192 32
1193 9
1193 10
1193 11
1193 12
1193 13
1193 14
1193 15
1194 38
1194 39
1194 40
1194 41
1194 42
1194 43
1194 44
1194 45
1195 21
1195 22
1195 23
1195 24
1195 25
1195 26
1195 27
1195 28
1195 29
1196 6
1196 7
1196 8
1196 9
1196 10
1196 11
1196 12
1196 54
1196 55
1196 56
1197 35
1197 36
1197 37
1197 38
1197 39
1197 40
1197 41
1197 42
1198 18
1198 19
1198 20
1198 21
1198 22
1198 23
1198 24
1198 25
1198 26
1199 3
1199 4
1199 5
1199 6
1199 7
1199 8
1199 50
1199 51
1199 52
1199 53
1199 54
1200 32
1200 33
1200 34
1200 35
1200 36
1200 37
1200 38
1200 39
1201 15
1201 16
1201 17
1201 18
1201 19
1201 20
1201 21
1201 22
1201 23
1202 0
1202 1
1202 2
1202 3
1202 4
1202 46
1202 47
1202 48
1202 49
1202 50
1202 51
1202 52
1203 28
1203 29
1203 30
1203 31
1203 32
1203 33
1203 34
1203 35
1203 36
1204 12
1204 13
1204 14
1204 15
1204 16
1204 17
1204 18
1204 19
1205 0
1205 42
1205 43
1205 44
1205 45
1205 46
1205 47
1205 48
1205 49
1205 574
1205 575
1206 25
1206 26
1206 27
1206 28
1206 29
1206 30
1206 31
1206 32
1206 33
1207 9
1207 10
1207 11
1207 12
1207 13
1207 14
1207 15
1207 16
1207 59
1208 39
1208 40
1208 41
1208 42
1208 43
1208 44
1208 45
1208 46
1209 22
1209 23
1209 24
1209 25
1209 26
1209 27
1209 28
1209 29
1209 30
1210 6
1210 7
1210 8
1210 9
1210 10
1210 11
1210 12
1210 13
1210 54
1210 55
1210 56
1210 57
1210 58
1211 36
1211 37
1211 38
1211 39
1211 40
1211 41
1211 42
1211 43
1212 19
1212 20
1212 21
1212 22
1212 23
1212 24
1212 25
1212 26
1212 27
1213 4
1213 5
1213 6
1213 7
1213 8
1213 9
1213 50
1213 51
1213 52
1213 53
1213 54
1213 55
1214 32
1214 33
1214 34
1214 35
1214 36
1214 37
1214 38
1214 39
1214 40
1215 16
1215 17
1215 18
1215 19
1215 20
1215 21
1215 22
1215 23
1215 24
1216 1
1216 2
1216 3
1216 4
1216 5
1216 6
1216 47
1216 48
1216 49
1216 50
1216 51
1216 52
1216 53
1217 29
1217 30
1217 31
1217 32
1217 33
1217 34
1217 35
1217 36
1217 37
1218 13
1218 14
1218 15
1218 16
1218 17
1218 18
1218 19
1218 20
1218 21
1219 0
1219 1
1219 2
1219 43
1219 44
1219 45
1219 46
1219 47
1219 48
1219 49
1219 50
1219 574
1219 575
1220 26
1220 27
1220 28
1220 29
1220 30
1220 31
1220 32
1220 33
1220 34
1221 10
1221 11
1221 12
1221 13
1221 14
1221 15
1221 16
1221 17
1221 59
1221 60
1222 40
1222 41
1222 42
1222 43
1222 44
1222 45
1222 46
1222 47
1223 23
1223 24
1223 25
1223 26
1223 27
1223 28
1223 29
1223 30
1223 31
1224 7
1224 8
1224 9
1224 10
1224 11
1224 12
1224 13
1224 14
1224 55
1224 56
1224 57
1224 58
1224 59
1225 36
1225 37
1225 38
1225 39
1225 40
1225 41
1225 42
1225 43
1225 44
1226 20
1226 21
1226 22
1226 23
1226 24
1226 25
1226 26
1226 27
1226 28
1227 4
1227 5
1227 6
1227 7
1227 8
1227 9
1227 10
1227 51
1227 52
1227 53
1227 54
1227 55
1227 56
1228 33
1228 34
1228 35
1228 36
1228 37
1228 38
1228 39
1228 40
1228 41
1229 17
1229 18
1229 19
1229 20
1229 21
1229 22
1229 23
1229 24
1229 25
1230 1
1230 2
1230 3
1230 4
1230 5
1230 6
1230 7
1230 47
1230 48
1230 49
1230 50
1230 51
1230 52
1230 53
1230 54
1231 30
1231 31
1231 32
1231 33
1231 34
1231 35
1231 36
1231 37
1231 38
1232 14
1232 15
1232 16
1232 17
1232 18
1232 19
1232 20
1232 21
1232 22
1233 0
1233 1
1233 2
1233 3
1233 44
1233 45
1233 46
1233 47
1233 48
1233 49
1233 50
1233 51
1233 575
1234 27
1234 28
1234 29
1234 30
1234 31
1234 32
1234 33
1234 34
1234 35
1235 11
1235 12
1235 13
1235 14
1235 15
1235 16
1235 17
1235 18
1235 60
1235 61
1236 41
1236 42
1236 43
1236 44
1236 45
1236 46
1236 47
1236 48
1236 573
1236 574
1237 24
1237 25
1237 26
1237 27
1237 28
1237 29
1237 30
1237 31
1237 32
1238 8
1238 9
1238 10
1238 11
1238 12
1238 13
1238 14
1238 15
1238 55
1238 56
1238 57
1238 58
1238 59
1239 37
1239 38
1239 39
1239 40
1239 41
1239 42
1239 43
1239 44
1239 45
1240 21
1240 22
1240 23
1240 24
1240 25
1240 26
1240 27
1240 28
1240 29
1241 5
1241 6
1241 7
1241 8
1241 9
1241 10
1241 11
1241 52
1241 53
1241 54
1241 55
1241 56
1241 57
1242 34
1242 35
1242 36
1242 37
1242 38
1242 39
1242 40
1242 41
1242 42
1243 17
1243 18
1243 19
1243 20
1243 21
1243 22
1243 23
1243 24
1243 25
1243 26
1244 2
1244 3
1244 4
1244 5
1244 6
1244 7
1244 8
1244 48
1244 49
1244 50
1244 51
1244 52
1244 53
1244 54
1245 31
1245 32
1245 33
1245 34
1245 35
1245 36
1245 37
1245 38
1245 39
1246 14
1246 15
1246 16
1246 17
1246 18
1246 19
1246 20
1246 21
1246 22
1246 23
1247 0
1247 1
1247 2
1247 3
1247 4
1247 45
1247 46
1247 47
1247 48
1247 49
1247 50
1247 51
1247 52
1248 28
1248 29
1248 30
1248 31
1248 32
1248 33
1248 34
1248 35
1248 36
1249 11
1249 12
1249 13
1249 14
1249 15
1249 16
1249 17
1249 18
1249 19
1249 60
1249 61
1249 62
1250 0
1250 41
1250 42
1250 43
1250 44
1250 45
1250 46
1250 47
1250 48
1250 49
1250 573
1250 574
1250 575
1251 24
1251 25
1251 26
1251 27
1251 28
1251 29
1251 30
1251 31
1251 32
1251 33
1252 9
1252 10
1252 11
1252 12
1252 13
1252 14
1252 15
1252 16
1252 56
1252 57
1252 58
1252 59
1252 60
1253 38
1253 39
1253 40
1253 41
1253 42
1253 43
1253 44
1253 45
1253 46
1254 21
1254 22
1254 23
1254 24
1254 25
1254 26
1254 27
1254 28
1254 29
1254 30
1255 6
1255 7
1255 8
1255 9
1255 10
1255 11
1255 12
1255 53
1255 54
1255 55
1255 56
1255 57
1255 58
1256 35
1256 36
1256 37
1256 38
1256 39
1256 40
1256 41
1256 42
1256 43
1257 18
1257 19
1257 20
1257 21
1257 22
1257 23
1257 24
1257 25
1257 26
1257 27
1258 3
1258 4
1258 5
1258 6
1258 7
1258 8
1258 9
1258 49
1258 50
1258 51
1258 52
1258 53
1258 54
1258 55
1259 32
1259 33
1259 34
1259 35
1259 36
1259 37
1259 38
1259 39
1259 40
1260 15
1260 16
1260 17
1260 18
1260 19
1260 20
1260 21
1260 22
1260 23
1261 0
1261 1
1261 2
1261 3
1261 4
1261 5
1261 46
1261 47
1261 48
1261 49
1261 50
1261 51
1261 52
1261 53
1262 28
1262 29
1262 30
1262 31
1262 32
1262 33
1262 34
1262 35
1262 36
1262 37
1263 12
1263 13
1263 14
1263 15
1263 16
1263 17
1263 18
1263 19
1263 20
1263 61
1263 62
1263 63
1264 0
1264 1
1264 42
1264 43
1264 44
1264 45
1264 46
1264 47
1264 48
1264 49
1264 50
1264 574
1264 575
1265 25
1265 26
1265 27
1265 28
1265 29
1265 30
1265 31
1265 32
1265 33
1265 34
1266 9
1266 10
1266 11
1266 12
1266 13
1266 14
1266 15
1266 16
1266 17
1266 57
1266 58
1266 59
1266 60
1266 61
1267 39
1267 40
1267 41
1267 42
1267 43
1267 44
1267 45
1267 46
1267 47
1268 22
1268 23
1268 24
1268 25
1268 26
1268 27
1268 28
1268 29
1268 30
1268 31
1269 6
1269 7
1269 8
1269 9
1269 10
1269 11
1269 12
1269 13
1269 53
1269 54
1269 55
1269 56
1269 57
1269 58
1269 59
1270 36
1270 37
1270 38
1270 39
1270 40
1270 41
1270 42
1270 43
1270 44
1271 19
1271 20
1271 21
1271 22
1271 23
1271 24
1271 25
1271 26
1271 27
1271 28
1272 4
1272 5
1272 6
1272 7
1272 8
1272 9
1272 10
1272 50
1272 51
1272 52
1272 53
1272 54
1272 55
1272 56
1273 32
1273 33
1273 34
1273 35
1273 36
1273 37
1273 38
1273 39
1273 40
1273 41
1274 16
1274 17
1274 18
1274 19
1274 20
1274 21
1274 22
1274 23
1274 24
1275 1
1275 2
1275 3
1275 4
1275 5
1275 6
1275 46
1275 47
1275 48
1275 49
1275 50
1275 51
1275 52
1275 53
1276 29
1276 30
1276 31
1276 32
1276 33
1276 34
1276 35
1276 36
1276 37
1276 38
1277 13
1277 14
1277 15
1277 16
1277 17
1277 18
1277 19
1277 20
1277 21
1277 62
1277 63
1277 64
1278 0
1278 1
1278 2
1278 43
1278 44
1278 45
1278 46
1278 47
1278 48
1278 49
1278 50
1278 51
1278 575
1279 26
1279 27
1279 28
1279 29
1279 30
1279 31
1279 32
1279 33
1279 34
1279 35
1280 10
1280 11
1280 12
1280 13
1280 14
1280 15
1280 16
1280 17
1280 18
1280 58
1280 59
1280 60
1280 61
1280 62
1281 40
1281 41
1281 42
1281 43
1281 44
1281 45
1281 46
1281 47
1281 48
1281 573
1281 574
1282 23
1282 24
1282 25
1282 26
1282 27
1282 28
1282 29
1282 30
1282 31
1282 32
1283 7
1283 8
1283 9
1283 10
1283 11
1283 12
1283 13
1283 14
1283 54
1283 55
1283 56
1283 57
1283 58
1283 59
1283 60
1284 37
1284 38
1284 39
1284 40
1284 41
1284 42
1284 43
1284 44
1284 45
1285 20
1285 21
1285 22
1285 23
1285 24
1285 25
1285 26
1285 27
1285 28
1285 29
1286 4
1286 5
1286 6
1286 7
1286 8
1286 9
1286 10
1286 11
1286 51
1286 52
1286 53
1286 54
1286 55
1286 56
1286 57
1287 33
1287 34
1287 35
1287 36
1287 37
1287 38
1287 39
1287 40
1287 41
1287 42
1288 17
1288 18
1288 19
1288 20
1288 21
1288 22
1288 23
1288 24
1288 25
1289 2
1289 3
1289 4
1289 5
1289 6
1289 7
1289 47
1289 48
1289 49
1289 50
1289 51
1289 52
1289 53
1289 54
1290 30
1290 31
1290 32
1290 33
1290 34
1290 35
1290 36
1290 37
1290 38
1290 39
1291 14
1291 15
1291 16
1291 17
1291 18
1291 19
1291 20
1291 21
1291 22
1291 63
1291 64
1291 65
1292 0
1292 1
1292 2
1292 3
1292 4
1292 44
1292 45
1292 46
1292 47
1292 48
1292 49
1292 50
1292 51
1292 52
1292 575
1293 27
1293 28
1293 29
1293 30
1293 31
1293 32
1293 33
1293 34
1293 35
1293 36
1294 11
1294 12
1294 13
1294 14
1294 15
1294 16
1294 17
1294 18
1294 19
1294 59
1294 60
1294 61
1294 62
1294 63
1295 41
1295 42
1295 43
1295 44
1295 45
1295 46
1295 47
1295 48
1295 49
1295 573
1295 574
1295 575
1296 24
1296 25
1296 26
1296 27
1296 28
1296 29
1296 30
1296 31
1296 32
1296 33
1297 8
1297 9
1297 10
1297 11
1297 12
1297 13
1297 14
1297 15
1297 55
1297 56
1297 57
1297 58
1297 59
1297 60
1298 37
1298 38
1298 39
1298 40
1298 41
1298 42
1298 43
1298 44
1298 45
1298 46
1299 21
1299 22
1299 23
1299 24
1299 25
1299 26
1299 27
1299 28
1299 29
1299 30
1300 5
1300 6
1300 7
1300 8
1300 9
1300 10
1300 11
1300 12
1300 52
1300 53
1300 54
1300 55
1300 56
1300 57
1300 58
1301 34
1301 35
1301 36
1301 37
1301 38
1301 39
1301 40
1301 41
1301 42
1301 43
1302 18
1302 19
1302 20
1302 21
1302 22
1302 23
1302 24
1302 25
1302 26
1303 3
1303 4
1303 5
1303 6
1303 7
1303 8
1303 48
1303 49
1303 50
1303 51
1303 52
1303 53
1303 54
1303 55
1304 31
1304 32
1304 33
1304 34
1304 35
1304 36
1304 37
1304 38
1304 39
1304 40
1305 15
1305 16
1305 17
1305 18
1305 19
1305 20
1305 21
1305 22
1305 23
1305 64
1305 65
1305 66
1306 0
1306 1
1306 2
1306 3
1306 4
1306 5
1306 45
1306 46
1306 47
1306 48
1306 49
1306 50
1306 51
1306 52
1307 28
1307 29
1307 30
1307 31
1307 32
1307 33
1307 34
1307 35
1307 36
1307 37
1308 12
1308 13
1308 14
1308 15
1308 16
1308 17
1308 18
1308 19
1308 20
1308 60
1308 61
1308 62
1308 63
1308 64
1309 0
1309 1
1309 42
1309 43
1309 44
1309 45
1309 46
1309 47
1309 48
1309 49
1309 574
1309 575
1310 25
1310 26
1310 27
1310 28
1310 29
1310 30
1310 31
1310 32
1310 33
1310 34
1311 9
1311 10
1311 11
1311 12
1311 13
1311 14
1311 15
1311 16
1311 56
1311 57
1311 58
1311 59
1311 60
1311 61
1312 38
1312 39
1312 40
1312 41
1312 42
1312 43
1312 44
1312 45
1312 46
1312 47
1313 22
1313 23
1313 24
1313 25
1313 26
1313 27
1313 28
1313 29
1313 30
1314 6
1314 7
1314 8
1314 9
1314 10
1314 11
1314 12
1314 13
1314 53
1314 54
1314 55
1314 56
1314 57
1314 58
1314 59
1315 35
1315 36
1315 37
1315 38
1315 39
1315 40
1315 41
1315 42
1315 43
1315 44
1316 19
1316 20
1316 21
1316 22
1316 23
1316 24
1316 25
1316 26
1316 27
1317 4
1317 5
1317 6
1317 7
1317 8
1317 9
1317 49
1317 50
1317 51
1317 52
1317 53
1317 54
1317 55
1317 56
1318 32
1318 33
1318 34
1318 35
1318 36
1318 37
1318 38
1318 39
1318 40
1318 41
1319 16
1319 17
1319 18
1319 19
1319 20
1319 21
1319 22
1319 23
1319 24
1319 65
1319 66
1320 1
1320 2
1320 3
1320 4
1320 5
1320 6
1320 46
1320 47
1320 48
1320 49
1320 50
1320 51
1320 52
1320 53
1321 29
1321 30
1321 31
1321 32
1321 33
1321 34
1321 35
1321 36
1321 37
1321 38
1322 13
1322 14
1322 15
1322 16
1322 17
1322 18
1322 19
1322 20
1322 21
1322 61
1322 62
1322 63
1322 64
1323 0
1323 1
1323 2
1323 42
1323 43
1323 44
1323 45
1323 46
1323 47
1323 48
1323 49
1323 50
1323 575
1324 26
1324 27
1324 28
1324 29
1324 30
1324 31
1324 32
1324 33
1324 34
1325 10
1325 11
1325 12
1325 13
1325 14
1325 15
1325 16
1325 17
1325 57
1325 58
1325 59
1325 60
1325 61
1325 62
1326 39
1326 40
1326 41
1326 42
1326 43
1326 44
1326 45
1326 46
1326 47
1327 23
1327 24
1327 25
1327 26
1327 27
1327 28
1327 29
1327 30
1327 31
1328 7
1328 8
1328 9
1328 10
1328 11
1328 12
1328 13
1328 14
1328 53
1328 54
1328 55
1328 56
1328 57
1328 58
1328 59
1329 36
1329 37
1329 38
1329 39
1329 40
1329 41
1329 42
1329 43
1329 44
1330 20
1330 21
1330 22
1330 23
1330 24
1330 25
1330 26
1330 27
1330 28
1331 4
1331 5
1331 6
1331 7
1331 8
1331 9
1331 10
1331 50
1331 51
1331 52
1331 53
1331 54
1331 55
1331 56
1331 57
1332 33
1332 34
1332 35
1332 36
1332 37
1332 38
1332 39
1332 40
1332 41
1333 17
1333 18
1333 19
1333 20
1333 21
1333 22
1333 23
1333 24
1333 25
1333 66
1333 67
1334 2
1334 3
1334 4
1334 5
1334 6
1334 7
1334 47
1334 48
1334 49
1334 50
1334 51
1334 52
1334 53
1334 54
1335 30
1335 31
1335 32
1335 33
1335 34
1335 35
1335 36
1335 37
1335 38
1336 14
1336 15
1336 16
1336 17
1336 18
1336 19
1336 20
1336 21
1336 22
1336 62
1336 63
1336 64
1336 65
1337 0
1337 1
1337 2
1337 3
1337 43
1337 44
1337 45
1337 46
1337 47
1337 48
1337 49
1337 50
1337 51
1337 575
1338 27
1338 28
1338 29
1338 30
1338 31
1338 32
1338 33
1338 34
1338 35
1339 11
1339 12
1339 13
1339 14
1339 15
1339 16
1339 17
1339 18
1339 58
1339 59
1339 60
1339 61
1339 62
1339 63
1340 40
1340 41
1340 42
1340 43
1340 44
1340 45
1340 46
1340 47
1340 48
1340 574
1341 24
1341 25
1341 26
1341 27
1341 28
1341 29
1341 30
1341 31
1341 32
1342 8
1342 9
1342 10
1342 11
1342 12
1342 13
1342 14
1342 15
1342 54
1342 55
1342 56
1342 57
1342 58
1342 59
1342 60
1343 37
1343 38
1343 39
1343 40
1343 41
1343 42
1343 43
1343 44
1343 45
1344 21
1344 22
1344 23
1344 24
1344 25
1344 26
1344 27
1344 28
1344 29
1345 5
1345 6
1345 7
1345 8
1345 9
1345 10
1345 11
1345 51
1345 52
1345 53
1345 54
1345 55
1345 56
1345 57
1346 34
1346 35
1346 36
1346 37
1346 38
1346 39
1346 40
1346 41
1346 42
1347 18
1347 19
1347 20
1347 21
1347 22
1347 23
1347 24
1347 25
1347 26
1348 3
1348 4
1348 5
1348 6
1348 7
1348 8
1348 48
1348 49
1348 50
1348 51
1348 52
1348 53
1348 54
1348 55
1349 31
1349 32
1349 33
1349 34
1349 35
1349 36
1349 37
1349 38
1349 39
1350 15
1350 16
1350 17
1350 18
1350 19
1350 20
1350 21
1350 22
1350 23
1350 63
1350 64
1350 65
1350 66
1351 0
1351 1
1351 2
1351 3
1351 4
1351 44
1351 45
1351 46
1351 47
1351 48
1351 49
1351 50
1351 51
1351 52
1352 28
1352 29
1352 30
1352 31
1352 32
1352 33
1352 34
1352 35
1352 36
1353 12
1353 13
1353 14
1353 15
1353 16
1353 17
1353 18
1353 19
1353 59
1353 60
1353 61
1353 62
1353 63
1354 41
1354 42
1354 43
1354 44
1354 45
1354 46
1354 47
1354 48
1354 49
1354 575
1355 25
1355 26
1355 27
1355 28
1355 29
1355 30
1355 31
1355 32
1355 33
1356 9
1356 10
1356 11
1356 12
1356 13
1356 14
1356 15
1356 16
1356 55
1356 56
1356 57
1356 58
1356 59
1356 60
1356 61
1357 38
1357 39
1357 40
1357 41
1357 42
1357 43
1357 44
1357 45
1357 46
1358 22
1358 23
1358 24
1358 25
1358 26
1358 27
1358 28
1358 29
1358 30
1359 6
1359 7
1359 8
1359 9
1359 10
1359 11
1359 12
1359 52
1359 53
1359 54
1359 55
1359 56
1359 57
1359 58
1360 35
1360 36
1360 37
1360 38
1360 39
1360 40
1360 41
1360 42
1360 43
1361 19
1361 20
1361 21
1361 22
1361 23
1361 24
1361 25
1361 26
1361 27
1362 4
1362 5
1362 6
1362 7
1362 8
1362 9
1362 49
1362 50
1362 51
1362 52
1362 53
1362 54
1362 55
1362 56
1363 32
1363 33
1363 34
1363 35
1363 36
1363 37
1363 38
1363 39
1363 40
1364 16
1364 17
1364 18
1364 19
1364 20
1364 21
1364 22
1364 23
1364 24
1364 64
1364 65
1364 66
1365 1
1365 2
1365 3
1365 4
1365 5
1365 45
1365 46
1365 47
1365 48
1365 49
1365 50
1365 51
1365 52
1365 53
1366 29
1366 30
1366 31
1366 32
1366 33
1366 34
1366 35
1366 36
1366 37
1367 13
1367 14
1367 15
1367 16
1367 17
1367 18
1367 19
1367 20
1367 60
1367 61
1367 62
1367 63
1367 64
1368 0
1368 1
1368 42
1368 43
1368 44
1368 45
1368 46
1368 47
1368 48
1368 49
1368 50
1368 575
1369 26
1369 27
1369 28
1369 29
1369 30
1369 31
1369 32
1369 33
1369 34
1370 10
1370 11
1370 12
1370 13
1370 14
1370 15
1370 16
1370 17
1370 57
1370 58
1370 59
1370 60
1370 61
1370 62
1371 39
1371 40
1371 41
1371 42
1371 43
1371 44
1371 45
1371 46
1371 47
1372 23
1372 24
1372 25
1372 26
1372 27
1372 28
1372 29
1372 30
1372 31
1373 7
1373 8
1373 9
1373 10
1373 11
1373 12
1373 13
1373 53
1373 54
1373 55
1373 56
1373 57
1373 58
1373 59
1374 36
1374 37
1374 38
1374 39
1374 40
1374 41
1374 42
1374 43
1374 44
1375 20
1375 21
1375 22
1375 23
1375 24
1375 25
1375 26
1375 27
1375 28
1376 5
1376 6
1376 7
1376 8
1376 9
1376 10
1376 50
1376 51
1376 52
1376 53
1376 54
1376 55
1376 56
1377 33
1377 34
1377 35
1377 36
1377 37
1377 38
1377 39
1377 40
1377 41
1378 17
1378 18
1378 19
1378 20
1378 21
1378 22
1378 23
1378 24
1378 65
1378 66
1379 2
1379 3
1379 4
1379 5
1379 6
1379 46
1379 47
1379 48
1379 49
1379 50
1379 51
1379 52
1379 53
1380 30
1380 31
1380 32
1380 33
1380 34
1380 35
1380 36
1380 37
1380 38
1381 14
1381 15
1381 16
1381 17
1381 18
1381 19
1381 20
1381 21
1381 61
1381 62
1381 63
1381 64
1381 65
1382 0
1382 1
1382 2
1382 43
1382 44
1382 45
1382 46
1382 47
1382 48
1382 49
1382 50
1382 51
1383 27
1383 28
1383 29
1383 30
1383 31
1383 32
1383 33
1383 34
1383 35
1384 11
1384 12
1384 13
1384 14
1384 15
1384 16
1384 17
1384 18
1384 58
1384 59
1384 60
1384 61
1384 62
1385 40
1385 41
1385 42
1385 43
1385 44
1385 45
1385 46
1385 47
1385 48
1386 24
1386 25
1386 26
1386 27
1386 28
1386 29
1386 30
1386 31
1386 32
1387 8
1387 9
1387 10
1387 11
1387 12
1387 13
1387 14
1387 54
1387 55
1387 56
1387 57
1387 58
1387 59
1387 60
1388 37
1388 38
1388 39
1388 40
1388 41
1388 42
1388 43
1388 44
1388 45
1389 21
1389 22
1389 23
1389 24
1389 25
1389 26
1389 27
1389 28
1389 29
1390 6
1390 7
1390 8
1390 9
1390 10
1390 11
1390 51
1390 52
1390 53
1390 54
1390 55
1390 56
1390 57
1391 34
1391 35
1391 36
1391 37
1391 38
1391 39
1391 40
1391 41
1391 42
1392 18
1392 19
1392 20
1392 21
1392 22
1392 23
1392 24
1392 25
1393 3
1393 4
1393 5
1393 6
1393 7
1393 47
1393 48
1393 49
1393 50
1393 51
1393 52
1393 53
1393 54
1394 31
1394 32
1394 33
1394 34
1394 35
1394 36
1394 37
1394 38
1394 39
1395 15
1395 16
1395 17
1395 18
1395 19
1395 20
1395 21
1395 22
1395 62
1395 63
1395 64
1395 65
1396 1
1396 2
1396 3
1396 44
1396 45
1396 46
1396 47
1396 48
1396 49
1396 50
1396 51
1397 28
1397 29
1397 30
1397 31
1397 32
1397 33
1397 34
1397 35
1397 36
1398 12
1398 13
1398 14
1398 15
1398 16
1398 17
1398 18
1398 19
1398 59
1398 60
1398 61
1398 62
1398 63
1399 41
1399 42
1399 43
1399 44
1399 45
1399 46
1399 47
1399 48
1400 25
1400 26
1400 27
1400 28
1400 29
1400 30
1400 31
1400 32
1400 33
1401 9
1401 10
1401 11
1401 12
1401 13
1401 14
1401 15
1401 55
1401 56
1401 57
1401 58
1401 59
1401 60
1402 38
1402 39
1402 40
1402 41
1402 42
1402 43
1402 44
1402 45
1402 46
1403 22
1403 23
1403 24
1403 25
1403 26
1403 27
1403 28
1403 29
1404 7
1404 8
1404 9
1404 10
1404 11
1404 12
1404 52
1404 53
1404 54
1404 55
1404 56
1404 57
1404 58
1405 35
1405 36
1405 37
1405 38
1405 39
1405 40
1405 41
1405 42
1405 43
1406 19
1406 20
1406 21
1406 22
1406 23
1406 24
1406 25
1406 26
1407 4
1407 5
1407 6
1407 7
1407 8
1407 49
1407 50
1407 51
1407 52
1407 53
1407 54
1407 55
1408 32
1408 33
1408 34
1408 35
1408 36
1408 37
1408 38
1408 39
1408 40
1409 16
1409 17
1409 18
1409 19
1409 20
1409 21
1409 22
1409 23
1409 64
1409 65
1410 2
1410 3
1410 4
1410 45
1410 46
1410 47
1410 48
1410 49
1410 50
1410 51
1410 52
1411 29
1411 30
1411 31
1411 32
1411 33
1411 34
1411 35
1411 36
1412 13
1412 14
1412 15
1412 16
1412 17
1412 18
1412 19
1412 20
1412 60
1412 61
1412 62
1412 63
1413 42
1413 43
1413 44
1413 45
1413 46
1413 47
1413 48
1413 49
1414 26
1414 27
1414 28
1414 29
1414 30
1414 31
1414 32
1414 33
1415 10
1415 11
1415 12
1415 13
1415 14
1415 15
1415 16
1415 56
1415 57
1415 58
1415 59
1415 60
1415 61
1416 39
1416 40
1416 41
1416 42
1416 43
1416 44
1416 45
1416 46
1417 23
1417 24
1417 25
1417 26
1417 27
1417 28
1417 29
1417 30
1418 8
1418 9
1418 10
1418 11
1418 12
1418 13
1418 53
1418 54
1418 55
1418 56
1418 57
1418 58
1419 36
1419 37
1419 38
1419 39
1419 40
1419 41
1419 42
1419 43
1420 20
1420 21
1420 22
1420 23
1420 24
1420 25
1420 26
1420 27
1421 5
1421 6
1421 7
1421 8
1421 9
1421 50
1421 51
1421 52
1421 53
1421 54
1421 55
1421 56
1422 33
1422 34
1422 35
1422 36
1422 37
1422 38
1422 39
1422 40
1423 17
1423 18
1423 19
1423 20
1423 21
1423 22
1423 23
1423 24
1424 3
1424 4
1424 5
1424 46
1424 47
1424 48
1424 49
1424 50
1424 51
1424 52
1424 53
1425 30
1425 31
1425 32
1425 33
1425 34
1425 35
1425 36
1425 37
1426 14
1426 15
1426 16
1426 17
1426 18
1426 19
1426 20
1426 61
1426 62
1426 63
1426 64
1427 43
1427 44
1427 45
1427 46
1427 47
1427 48
1427 49
1427 50
1428 27
1428 28
1428 29
1428 30
1428 31
1428 32
1428 33
1428 34
1429 11
1429 12
1429 13
1429 14
1429 15
1429 16
1429 17
1429 58
1429 59
1429 60
1429 61
1430 40
1430 41
1430 42
1430 43
1430 44
1430 45
1430 46
1430 47
1431 24
1431 25
1431 26
1431 27
1431 28
1431 29
1431 30
1431 31
1432 9
1432 10
1432 11
1432 12
1432 13
1432 14
1432 54
1432 55
1432 56
1432 57
1432 58
1432 59
1433 37
1433 38
1433 39
1433 40
1433 41
1433 42
1433 43
1433 44
1434 21
1434 22
1434 23
1434 24
1434 25
1434 26
1434 27
1434 28
1435 6
1435 7
1435 8
1435 9
1435 10
1435 51
1435 52
1435 53
1435 54
1435 55
1435 56
1436 34
1436 35
1436 36
1436 37
1436 38
1436 39
1436 40
1436 41
1437 18
1437 19
1437 20
1437 21
1437 22
1437 23
1437 24
1437 25
1438 5
1438 6
1438 48
1438 49
1438 50
1438 51
1438 52
1438 53
1439 31
1439 32
1439 33
1439 34
1439 35
1439 36
1439 37
1439 38
1440 15
1440 16
1440 17
1440 18
1440 19
1440 20
1440 21
1440 63
1440 64
1441 44
1441 45
1441 46
1441 47
1441 48
1441 49
1441 50
1441 51
1442 28
1442 29
1442 30
1442 31
1442 32
1442 33
1442 34
1442 35
1443 13
1443 14
1443 15
1443 16
1443 17
1443 18
1443 59
1443 60
1443 61
1443 62
1444 41
1444 42
1444 43
1444 44
1444 45
1444 46
1444 47
1444 48
1445 25
1445 26
1445 27
1445 28
1445 29
1445 30
1445 31
1445 32
1446 10
1446 11
1446 12
1446 13
1446 14
1446 55
1446 56
1446 57
1446 58
1446 59
1447 38
1447 39
1447 40
1447 41
1447 42
1447 43
1447 44
1447 45
1448 22
1448 23
1448 24
1448 25
1448 26
1448 27
1448 28
1448 29
1449 8
1449 9
1449 10
1449 11
1449 52
1449 53
1449 54
1449 55
1449 56
1449 57
1450 35
1450 36
1450 37
1450 38
1450 39
1450 40
1450 41
1450 42
1451 19
1451 20
1451 21
1451 22
1451 23
1451 24
1451 25
1452 6
1452 49
1452 50
1452 51
1452 52
1452 53
1452 54
1453 32
1453 33
1453 34
1453 35
1453 36
1453 37
1453 38
1453 39
1454 16
1454 17
1454 18
1454 19
1454 20
1454 21
1454 22
1455 46
1455 47
1455 48
1455 49
1455 50
1455 51
1456 29
1456 30
1456 31
1456 32
1456 33
1456 34
1456 35
1456 36
1457 14
1457 15
1457 16
1457 17
1457 18
1457 19
1457 61
1457 62
1458 42
1458 43
1458 44
1458 45
1458 46
1458 47
1458 48
1459 26
1459 27
1459 28
1459 29
1459 30
1459 31
1459 32
1459 33
1460 11
1460 12
1460 13
1460 14
1460 15
1460 57
1460 58
1460 59
1460 60
1461 39
1461 40
1461 41
1461 42
1461 43
1461 44
1461 45
1461 46
1462 23
1462 24
1462 25
1462 26
1462 27
1462 28
1462 29
1463 9
1463 10
1463 11
1463 53
1463 54
1463 55
1463 56
1463 57
1464 36
1464 37
1464 38
1464 39
1464 40
1464 41
1464 42
1464 43
1465 20
1465 21
1465 22
1465 23
1465 24
1465 25
1465 26
1466 50
1466 51
1466 52
1466 53
1466 54
1466 55
1467 33
1467 34
1467 35
1467 36
1467 37
1467 38
1467 39
1467 40
1468 18
1468 19
1468 20
1468 21
1468 22
1468 23
1469 47
1469 48
1469 49
1469 50
1469 51
1469 52
1470 30
1470 31
1470 32
1470 33
1470 34
1470 35
1470 36
1471 15
1471 16
1471 17
1471 18
1471 19
1471 20
1472 44
1472 45
1472 46
1472 47
1472 48
1472 49
1473 27
1473 28
1473 29
1473 30
1473 31
1473 32
1473 33
1474 12
1474 13
1474 14
1474 15
1474 16
1474 58
1474 59
1474 60
1475 41
1475 42
1475 43
1475 44
1475 45
1475 46
1476 24
1476 25
1476 26
1476 27
1476 28
1476 29
1476 30
1477 10
1477 11
1477 12
1477 55
1477 56
1477 57
1477 58
1478 37
1478 38
1478 39
1478 40
1478 41
1478 42
1478 43
1479 22
1479 23
1479 24
1479 25
1479 26
1479 27
1480 51
1480 52
1480 53
1480 54
1480 55
1481 34
1481 35
1481 36
1481 37
1481 38
1481 39
1481 40
1482 19
1482 20
1482 21
1482 22
1482 23
1482 24
1483 48
1483 49
1483 50
1483 51
1483 52
1484 32
1484 33
1484 34
1484 35
1484 36
1484 37
1485 16
1485 17
1485 18
1485 19
1485 20
1486 45
1486 46
1486 47
1486 48
1486 49
1486 50
1487 29
1487 30
1487 31
1487 32
1487 33
1487 34
1488 14
1488 15
1488 16
1488 17
1489 42
1489 43
1489 44
1489 45
1489 46
1489 47
1490 26
1490 27
1490 28
1490 29
1490 30
1490 31
1491 12
1491 13
1491 56
1491 57
1491 58
1492 39
1492 40
1492 41
1492 42
1492 43
1492 44
1493 23
1493 24
1493 25
1493 26
1493 27
1493 28
1494 53
1494 54
1494 55
1494 56
1495 36
1495 37
1495 38
1495 39
1495 40
1495 41
1496 20
1496 21
1496 22
1496 23
1496 24
1497 50
1497 51
1497 52
1497 53
1498 33
1498 34
1498 35
1498 36
1498 37
1498 38
1499 18
1499 19
1499 20
1499 21
1500 46
1500 47
1500 48
1500 49
1500 50
1501 30
1501 31
1501 32
1501 33
1501 34
1501 35
1502 15
1502 16
1502 17
1503 43
1503 44
1503 45
1503 46
1503 47
1504 27
1504 28
1504 29
1504 30
1504 31
1504 32
1506 40
1506 41
1506 42
1506 43
1506 44
1507 24
1507 25
1507 26
1507 27
1507 28
1508 55
1508 56
1509 37
1509 38
1509 39
1509 40
1509 41
1509 42
1510 21
1510 22
1510 23
1510 24
1510 25
1511 51
1511 52
1511 53
1512 34
1512 35
1512 36
1512 37
1512 38
1513 19
1513 20
1513 21
1513 22
1514 48
1514 49
1514 50
1514 51
1515 31
1515 32
1515 33
1515 34
1515 35
1516 17
1516 18
1517 45
1517 46
1517 47
1517 48
1518 28
1518 29
1518 30
1518 31
1518 32
1520 42
1520 43
1520 44
1520 45
1521 26
1521 27
1521 28
1521 29
1523 38
1523 39
1523 40
1523 41
1523 42
1524 23
1524 24
1524 25
1524 26
1526 36
1526 37
1526 38
1526 39
1527 20
1527 21
1527 22
1528 50
1528 51
1529 33
1529 34
1529 35
1529 36
1531 46
1531 47
1531 48
1532 30
1532 31
1532 32
1532 33
1534 43
1534 44
1534 45
1535 27
1535 28
1535 29
1535 30
1537 40
1537 41
1537 42
1538 25
1538 26
1540 37
1540 38
1540 39
1543 34
1543 35
1543 36
1546 31
1546 32
1546 33
1549 29
1549 30
1551 42
1554 39
