2509 139
2514 142
2515 134
2520 137
2520 138
2525 140
2525 141
2526 132
2526 133
2530 144
2530 145
2531 135
2531 136
2531 137
2532 128
2535 147
2535 148
2536 138
2536 139
2536 140
2537 130
2537 131
2537 132
2541 142
2541 143
2541 144
2542 133
2542 134
2542 135
2542 136
2543 126
2543 127
2546 145
2546 146
2546 147
2547 137
2547 138
2547 139
2548 129
2548 130
2548 131
2551 149
2551 150
2552 140
2552 141
2552 142
2553 132
2553 133
2553 134
2554 124
2554 125
2554 126
2557 143
2557 144
2557 145
2557 146
2558 135
2558 136
2558 137
2558 138
2559 127
2559 128
2559 129
2559 130
2562 147
2562 148
2562 149
2563 138
2563 139
2563 140
2563 141
2564 130
2564 131
2564 132
2564 133
2565 123
2565 124
2567 151
2567 152
2568 142
2568 143
2568 144
2569 133
2569 134
2569 135
2569 136
2569 137
2570 126
2570 127
2570 128
2573 145
2573 146
2573 147
2573 148
2574 137
2574 138
2574 139
2574 140
2575 129
2575 130
2575 131
2575 132
2576 121
2576 122
2576 123
2578 149
2578 150
2578 151
2579 140
2579 141
2579 142
2579 143
2580 132
2580 133
2580 134
2580 135
2581 124
2581 125
2581 126
2581 127
2584 144
2584 145
2584 146
2585 135
2585 136
2585 137
2585 138
2586 127
2586 128
2586 129
2586 130
2587 120
2587 121
2589 147
2589 148
2589 149
2590 138
2590 139
2590 140
2590 141
2590 142
2591 130
2591 131
2591 132
2591 133
2591 134
2592 123
2592 124
2592 125
2594 151
2594 152
2595 142
2595 143
2595 144
2595 145
2596 134
2596 135
2596 136
2596 137
2597 126
2597 127
2597 128
2597 129
2598 118
2598 119
2598 120
2600 146
2600 147
2600 148
2601 137
2601 138
2601 139
2601 140
2602 129
2602 130
2602 131
2602 132
2603 121
2603 122
2603 123
2603 124
2605 150
2605 151
2606 140
2606 141
2606 142
2606 143
2606 144
2607 132
2607 133
2607 134
2607 135
2607 136
2608 124
2608 125
2608 126
2608 127
2609 117
2609 118
2611 144
2611 145
2611 146
2611 147
2612 135
2612 136
2612 137
2612 138
2612 139
2613 127
2613 128
2613 129
2613 130
2613 131
2614 120
2614 121
2614 122
2616 148
2616 149
2616 150
2617 139
2617 140
2617 141
2617 142
2618 130
2618 131
2618 132
2618 133
2618 134
2619 123
2619 124
2619 125
2619 126
2620 116
2621 152
2622 142
2622 143
2622 144
2622 145
2623 134
2623 135
2623 136
2623 137
2624 126
2624 127
2624 128
2624 129
2625 118
2625 119
2625 120
2627 146
2627 147
2627 148
2628 137
2628 138
2628 139
2628 140
2628 141
2629 129
2629 130
2629 131
2629 132
2629 133
2630 121
2630 122
2630 123
2630 124
2632 150
2632 151
2633 141
2633 142
2633 143
2633 144
2634 132
2634 133
2634 134
2634 135
2634 136
2635 124
2635 125
2635 126
2635 127
2635 128
2636 117
2636 118
2636 119
2638 145
2638 146
2638 147
2639 136
2639 137
2639 138
2639 139
2640 128
2640 129
2640 130
2640 131
2641 120
2641 121
2641 122
2641 123
2643 149
2643 150
2644 139
2644 140
2644 141
2644 142
2645 131
2645 132
2645 133
2645 134
2646 123
2646 124
2646 125
2646 126
2647 116
2647 117
2649 143
2649 144
2649 145
2650 134
2650 135
2650 136
2650 137
2650 138
2651 126
2651 127
2651 128
2651 129
2651 130
2652 119
2652 120
2652 121
2654 147
2654 148
2655 138
2655 139
2655 140
2655 141
2656 129
2656 130
2656 131
2656 132
2656 133
2657 122
2657 123
2657 124
2658 115
2660 142
2660 143
2660 144
2661 133
2661 134
2661 135
2661 136
2662 125
2662 126
2662 127
2662 128
2663 117
2663 118
2663 119
2665 146
2665 147
2666 136
2666 137
2666 138
2666 139
2667 128
2667 129
2667 130
2667 131
2668 120
2668 121
2668 122
2668 123
2671 140
2671 141
2671 142
2672 132
2672 133
2672 134
2672 135
2673 123
2673 124
2673 125
2673 126
2674 116
2674 117
2676 144
2676 145
2677 135
2677 136
2677 137
2677 138
2678 127
2678 128
2678 129
2678 130
2679 119
2679 120
2679 121
2682 139
2682 140
2682 141
2683 130
2683 131
2683 132
2683 133
2684 122
2684 123
2684 124
2684 125
2687 143
2688 134
2688 135
2688 136
2689 125
2689 126
2689 127
2689 128
2690 118
2690 119
2693 137
2693 138
2693 139
2694 129
2694 130
2694 131
2695 121
2695 122
2695 123
2698 142
2699 132
2699 133
2699 134
2700 124
2700 125
2700 126
2704 136
2704 137
2705 128
2705 129
2706 120
2706 121
2710 131
2710 132
2710 133
2711 123
2711 124
2715 135
2716 127
2716 128
2721 130
2721 131
