470 186
471 182
471 183
472 178
472 179
473 175
480 191
480 192
481 187
481 188
481 189
482 183
482 184
482 185
482 186
483 180
483 181
483 182
484 176
484 177
484 178
485 173
485 174
486 170
491 193
491 194
491 195
492 189
492 190
492 191
493 185
493 186
493 187
493 188
494 181
494 182
494 183
494 184
495 178
495 179
495 180
495 181
496 174
496 175
496 176
496 177
497 171
497 172
497 173
498 168
498 169
501 199
501 200
502 195
502 196
502 197
503 191
503 192
503 193
503 194
504 187
504 188
504 189
504 190
505 183
505 184
505 185
505 186
505 187
506 179
506 180
506 181
506 182
506 183
507 176
507 177
507 178
507 179
508 172
508 173
508 174
508 175
508 176
509 169
509 170
509 171
509 172
510 166
510 167
510 168
512 201
512 202
513 197
513 198
513 199
514 193
514 194
514 195
514 196
515 189
515 190
515 191
515 192
515 193
516 185
516 186
516 187
516 188
516 189
517 181
517 182
517 183
517 184
517 185
518 177
518 178
518 179
518 180
518 181
518 182
519 174
519 175
519 176
519 177
519 178
520 170
520 171
520 172
520 173
520 174
521 167
521 168
521 169
521 170
522 164
522 165
522 166
523 203
523 204
524 199
524 200
524 201
525 194
525 195
525 196
525 197
525 198
526 190
526 191
526 192
526 193
526 194
526 195
527 187
527 188
527 189
527 190
527 191
528 183
528 184
528 185
528 186
528 187
528 188
529 179
529 180
529 181
529 182
529 183
529 184
530 175
530 176
530 177
530 178
530 179
530 180
531 172
531 173
531 174
531 175
531 176
532 169
532 170
532 171
532 172
533 165
533 166
533 167
533 168
534 162
534 163
534 164
534 206
535 201
535 202
535 203
535 204
536 196
536 197
536 198
536 199
536 200
537 192
537 193
537 194
537 195
537 196
537 197
538 188
538 189
538 190
538 191
538 192
538 193
539 185
539 186
539 187
539 188
539 189
539 190
540 181
540 182
540 183
540 184
540 185
540 186
541 177
541 178
541 179
541 180
541 181
541 182
542 174
542 175
542 176
542 177
542 178
542 179
543 170
543 171
543 172
543 173
543 174
543 175
544 167
544 168
544 169
544 170
544 171
545 164
545 165
545 166
545 167
545 208
546 161
546 162
546 163
546 203
546 204
546 205
546 206
547 198
547 199
547 200
547 201
547 202
548 194
548 195
548 196
548 197
548 198
548 199
549 190
549 191
549 192
549 193
549 194
549 195
549 196
550 186
550 187
550 188
550 189
550 190
550 191
550 192
551 183
551 184
551 185
551 186
551 187
551 188
552 179
552 180
552 181
552 182
552 183
552 184
552 185
553 175
553 176
553 177
553 178
553 179
553 180
553 181
554 172
554 173
554 174
554 175
554 176
554 177
555 168
555 169
555 170
555 171
555 172
555 173
556 165
556 166
556 167
556 168
556 169
557 162
557 163
557 164
557 165
557 205
557 206
557 207
557 208
558 159
558 160
558 161
558 201
558 202
558 203
558 204
558 205
559 196
559 197
559 198
559 199
559 200
559 201
560 192
560 193
560 194
560 195
560 196
560 197
560 198
561 188
561 189
561 190
561 191
561 192
561 193
561 194
562 185
562 186
562 187
562 188
562 189
562 190
562 191
563 181
563 182
563 183
563 184
563 185
563 186
563 187
564 177
564 178
564 179
564 180
564 181
564 182
564 183
565 174
565 175
565 176
565 177
565 178
565 179
566 170
566 171
566 172
566 173
566 174
566 175
567 167
567 168
567 169
567 170
567 171
568 163
568 164
568 165
568 166
568 167
568 168
568 207
568 208
568 209
568 210
569 160
569 161
569 162
569 163
569 203
569 204
569 205
569 206
569 207
570 157
570 158
570 159
570 198
570 199
570 200
570 201
570 202
570 203
571 194
571 195
571 196
571 197
571 198
571 199
571 200
572 190
572 191
572 192
572 193
572 194
572 195
572 196
573 186
573 187
573 188
573 189
573 190
573 191
573 192
573 193
574 183
574 184
574 185
574 186
574 187
574 188
574 189
575 179
575 180
575 181
575 182
575 183
575 184
575 185
576 175
576 176
576 177
576 178
576 179
576 180
576 181
577 172
577 173
577 174
577 175
577 176
577 177
577 178
578 168
578 169
578 170
578 171
578 172
578 173
578 174
579 165
579 166
579 167
579 168
579 169
579 170
579 210
579 211
579 212
580 162
580 163
580 164
580 165
580 166
580 205
580 206
580 207
580 208
580 209
581 159
581 160
581 161
581 162
581 201
581 202
581 203
581 204
581 205
582 156
582 157
582 196
582 197
582 198
582 199
582 200
582 201
582 202
583 192
583 193
583 194
583 195
583 196
583 197
583 198
584 188
584 189
584 190
584 191
584 192
584 193
584 194
584 195
585 185
585 186
585 187
585 188
585 189
585 190
585 191
586 181
586 182
586 183
586 184
586 185
586 186
586 187
587 177
587 178
587 179
587 180
587 181
587 182
587 183
587 184
588 174
588 175
588 176
588 177
588 178
588 179
588 180
589 170
589 171
589 172
589 173
589 174
589 175
589 176
590 167
590 168
590 169
590 170
590 171
590 172
590 212
590 213
591 163
591 164
591 165
591 166
591 167
591 168
591 207
591 208
591 209
591 210
591 211
592 160
592 161
592 162
592 163
592 164
592 203
592 204
592 205
592 206
592 207
592 208
593 157
593 158
593 159
593 160
593 199
593 200
593 201
593 202
593 203
593 204
594 154
594 155
594 194
594 195
594 196
594 197
594 198
594 199
594 200
594 201
595 190
595 191
595 192
595 193
595 194
595 195
595 196
595 197
596 187
596 188
596 189
596 190
596 191
596 192
596 193
597 183
597 184
597 185
597 186
597 187
597 188
597 189
597 190
598 179
598 180
598 181
598 182
598 183
598 184
598 185
598 186
599 175
599 176
599 177
599 178
599 179
599 180
599 181
599 182
600 172
600 173
600 174
600 175
600 176
600 177
600 178
601 168
601 169
601 170
601 171
601 172
601 173
601 174
602 165
602 166
602 167
602 168
602 169
602 170
602 210
602 211
602 212
602 213
603 162
603 163
603 164
603 165
603 166
603 205
603 206
603 207
603 208
603 209
603 210
604 158
604 159
604 160
604 161
604 162
604 201
604 202
604 203
604 204
604 205
604 206
605 155
605 156
605 157
605 158
605 197
605 198
605 199
605 200
605 201
605 202
605 203
606 153
606 193
606 194
606 195
606 196
606 197
606 198
606 199
607 189
607 190
607 191
607 192
607 193
607 194
607 195
608 185
608 186
608 187
608 188
608 189
608 190
608 191
608 192
609 181
609 182
609 183
609 184
609 185
609 186
609 187
609 188
610 177
610 178
610 179
610 180
610 181
610 182
610 183
610 184
611 174
611 175
611 176
611 177
611 178
611 179
611 180
612 170
612 171
612 172
612 173
612 174
612 175
612 176
613 167
613 168
613 169
613 170
613 171
613 172
613 173
613 212
613 213
613 214
613 215
614 163
614 164
614 165
614 166
614 167
614 168
614 169
614 207
614 208
614 209
614 210
614 211
614 212
615 160
615 161
615 162
615 163
615 164
615 165
615 203
615 204
615 205
615 206
615 207
615 208
616 157
616 158
616 159
616 160
616 199
616 200
616 201
616 202
616 203
616 204
616 205
617 154
617 155
617 156
617 195
617 196
617 197
617 198
617 199
617 200
617 201
618 191
618 192
618 193
618 194
618 195
618 196
618 197
618 198
619 187
619 188
619 189
619 190
619 191
619 192
619 193
619 194
620 183
620 184
620 185
620 186
620 187
620 188
620 189
620 190
621 179
621 180
621 181
621 182
621 183
621 184
621 185
621 186
622 175
622 176
622 177
622 178
622 179
622 180
622 181
622 182
623 172
623 173
623 174
623 175
623 176
623 177
623 178
623 179
624 168
624 169
624 170
624 171
624 172
624 173
624 174
624 175
624 215
624 216
625 165
625 166
625 167
625 168
625 169
625 170
625 171
625 210
625 211
625 212
625 213
625 214
626 161
626 162
626 163
626 164
626 165
626 166
626 167
626 205
626 206
626 207
626 208
626 209
626 210
627 158
627 159
627 160
627 161
627 162
627 163
627 201
627 202
627 203
627 204
627 205
627 206
627 207
628 155
628 156
628 157
628 158
628 197
628 198
628 199
628 200
628 201
628 202
628 203
629 152
629 153
629 154
629 193
629 194
629 195
629 196
629 197
629 198
629 199
629 200
630 189
630 190
630 191
630 192
630 193
630 194
630 195
630 196
631 185
631 186
631 187
631 188
631 189
631 190
631 191
631 192
632 181
632 182
632 183
632 184
632 185
632 186
632 187
632 188
633 177
633 178
633 179
633 180
633 181
633 182
633 183
633 184
633 185
634 174
634 175
634 176
634 177
634 178
634 179
634 180
634 181
635 170
635 171
635 172
635 173
635 174
635 175
635 176
635 177
636 167
636 168
636 169
636 170
636 171
636 172
636 173
636 212
636 213
636 214
636 215
637 163
637 164
637 165
637 166
637 167
637 168
637 169
637 208
637 209
637 210
637 211
637 212
638 160
638 161
638 162
638 163
638 164
638 165
638 203
638 204
638 205
638 206
638 207
638 208
638 209
639 157
639 158
639 159
639 160
639 161
639 199
639 200
639 201
639 202
639 203
639 204
639 205
640 154
640 155
640 156
640 157
640 195
640 196
640 197
640 198
640 199
640 200
640 201
640 202
641 151
641 152
641 191
641 192
641 193
641 194
641 195
641 196
641 197
641 198
642 187
642 188
642 189
642 190
642 191
642 192
642 193
642 194
643 183
643 184
643 185
643 186
643 187
643 188
643 189
643 190
643 191
644 179
644 180
644 181
644 182
644 183
644 184
644 185
644 186
644 187
645 176
645 177
645 178
645 179
645 180
645 181
645 182
645 183
646 172
646 173
646 174
646 175
646 176
646 177
646 178
646 179
647 168
647 169
647 170
647 171
647 172
647 173
647 174
647 175
647 215
647 216
647 217
648 165
648 166
648 167
648 168
648 169
648 170
648 171
648 210
648 211
648 212
648 213
648 214
649 161
649 162
649 163
649 164
649 165
649 166
649 167
649 206
649 207
649 208
649 209
649 210
649 211
650 158
650 159
650 160
650 161
650 162
650 163
650 201
650 202
650 203
650 204
650 205
650 206
650 207
650 208
651 155
651 156
651 157
651 158
651 159
651 197
651 198
651 199
651 200
651 201
651 202
651 203
651 204
652 152
652 153
652 154
652 155
652 193
652 194
652 195
652 196
652 197
652 198
652 199
652 200
653 189
653 190
653 191
653 192
653 193
653 194
653 195
653 196
653 197
654 185
654 186
654 187
654 188
654 189
654 190
654 191
654 192
654 193
655 181
655 182
655 183
655 184
655 185
655 186
655 187
655 188
655 189
656 178
656 179
656 180
656 181
656 182
656 183
656 184
656 185
657 174
657 175
657 176
657 177
657 178
657 179
657 180
657 181
658 170
658 171
658 172
658 173
658 174
658 175
658 176
658 177
658 218
658 219
659 167
659 168
659 169
659 170
659 171
659 172
659 173
659 213
659 214
659 215
659 216
660 163
660 164
660 165
660 166
660 167
660 168
660 169
660 208
660 209
660 210
660 211
660 212
660 213
661 160
661 161
661 162
661 163
661 164
661 165
661 204
661 205
661 206
661 207
661 208
661 209
661 210
662 156
662 157
662 158
662 159
662 160
662 161
662 199
662 200
662 201
662 202
662 203
662 204
662 205
662 206
663 153
663 154
663 155
663 156
663 157
663 195
663 196
663 197
663 198
663 199
663 200
663 201
663 202
664 151
664 152
664 153
664 191
664 192
664 193
664 194
664 195
664 196
664 197
664 198
664 199
665 187
665 188
665 189
665 190
665 191
665 192
665 193
665 194
665 195
666 183
666 184
666 185
666 186
666 187
666 188
666 189
666 190
666 191
667 180
667 181
667 182
667 183
667 184
667 185
667 186
667 187
668 176
668 177
668 178
668 179
668 180
668 181
668 182
668 183
669 172
669 173
669 174
669 175
669 176
669 177
669 178
669 179
670 168
670 169
670 170
670 171
670 172
670 173
670 174
670 175
670 176
670 215
670 216
670 217
670 218
671 165
671 166
671 167
671 168
671 169
671 170
671 171
671 172
671 211
671 212
671 213
671 214
671 215
672 161
672 162
672 163
672 164
672 165
672 166
672 167
672 168
672 206
672 207
672 208
672 209
672 210
672 211
672 212
673 158
673 159
673 160
673 161
673 162
673 163
673 202
673 203
673 204
673 205
673 206
673 207
673 208
674 155
674 156
674 157
674 158
674 159
674 197
674 198
674 199
674 200
674 201
674 202
674 203
674 204
675 152
675 153
675 154
675 155
675 193
675 194
675 195
675 196
675 197
675 198
675 199
675 200
675 201
676 149
676 150
676 189
676 190
676 191
676 192
676 193
676 194
676 195
676 196
676 197
677 185
677 186
677 187
677 188
677 189
677 190
677 191
677 192
677 193
678 182
678 183
678 184
678 185
678 186
678 187
678 188
678 189
679 178
679 179
679 180
679 181
679 182
679 183
679 184
679 185
680 174
680 175
680 176
680 177
680 178
680 179
680 180
680 181
680 182
681 170
681 171
681 172
681 173
681 174
681 175
681 176
681 177
681 178
681 218
681 219
681 220
682 167
682 168
682 169
682 170
682 171
682 172
682 173
682 174
682 213
682 214
682 215
682 216
682 217
683 163
683 164
683 165
683 166
683 167
683 168
683 169
683 170
683 208
683 209
683 210
683 211
683 212
683 213
683 214
684 160
684 161
684 162
684 163
684 164
684 165
684 166
684 204
684 205
684 206
684 207
684 208
684 209
684 210
685 156
685 157
685 158
685 159
685 160
685 161
685 162
685 200
685 201
685 202
685 203
685 204
685 205
685 206
685 207
686 153
686 154
686 155
686 156
686 157
686 196
686 197
686 198
686 199
686 200
686 201
686 202
686 203
687 150
687 151
687 152
687 153
687 192
687 193
687 194
687 195
687 196
687 197
687 198
687 199
688 188
688 189
688 190
688 191
688 192
688 193
688 194
688 195
689 184
689 185
689 186
689 187
689 188
689 189
689 190
689 191
690 180
690 181
690 182
690 183
690 184
690 185
690 186
690 187
690 188
691 176
691 177
691 178
691 179
691 180
691 181
691 182
691 183
691 184
692 172
692 173
692 174
692 175
692 176
692 177
692 178
692 179
692 180
693 169
693 170
693 171
693 172
693 173
693 174
693 175
693 176
693 216
693 217
693 218
693 219
694 165
694 166
694 167
694 168
694 169
694 170
694 171
694 172
694 211
694 212
694 213
694 214
694 215
694 216
695 162
695 163
695 164
695 165
695 166
695 167
695 168
695 207
695 208
695 209
695 210
695 211
695 212
696 158
696 159
696 160
696 161
696 162
696 163
696 164
696 202
696 203
696 204
696 205
696 206
696 207
696 208
696 209
697 155
697 156
697 157
697 158
697 159
697 160
697 198
697 199
697 200
697 201
697 202
697 203
697 204
697 205
698 152
698 153
698 154
698 155
698 194
698 195
698 196
698 197
698 198
698 199
698 200
698 201
699 149
699 150
699 151
699 190
699 191
699 192
699 193
699 194
699 195
699 196
699 197
700 186
700 187
700 188
700 189
700 190
700 191
700 192
700 193
700 194
701 182
701 183
701 184
701 185
701 186
701 187
701 188
701 189
701 190
702 178
702 179
702 180
702 181
702 182
702 183
702 184
702 185
702 186
703 174
703 175
703 176
703 177
703 178
703 179
703 180
703 181
703 182
704 171
704 172
704 173
704 174
704 175
704 176
704 177
704 178
704 219
704 220
705 167
705 168
705 169
705 170
705 171
705 172
705 173
705 174
705 214
705 215
705 216
705 217
706 163
706 164
706 165
706 166
706 167
706 168
706 169
706 170
706 209
706 210
706 211
706 212
706 213
706 214
707 160
707 161
707 162
707 163
707 164
707 165
707 166
707 205
707 206
707 207
707 208
707 209
707 210
707 211
708 156
708 157
708 158
708 159
708 160
708 161
708 162
708 200
708 201
708 202
708 203
708 204
708 205
708 206
708 207
709 153
709 154
709 155
709 156
709 157
709 158
709 196
709 197
709 198
709 199
709 200
709 201
709 202
709 203
710 150
710 151
710 152
710 153
710 192
710 193
710 194
710 195
710 196
710 197
710 198
710 199
710 200
711 148
711 149
711 188
711 189
711 190
711 191
711 192
711 193
711 194
711 195
711 196
712 184
712 185
712 186
712 187
712 188
712 189
712 190
712 191
712 192
713 180
713 181
713 182
713 183
713 184
713 185
713 186
713 187
713 188
714 176
714 177
714 178
714 179
714 180
714 181
714 182
714 183
714 184
715 173
715 174
715 175
715 176
715 177
715 178
715 179
715 180
716 169
716 170
716 171
716 172
716 173
716 174
716 175
716 176
716 217
716 218
716 219
717 165
717 166
717 167
717 168
717 169
717 170
717 171
717 172
717 212
717 213
717 214
717 215
717 216
718 162
718 163
718 164
718 165
718 166
718 167
718 168
718 207
718 208
718 209
718 210
718 211
718 212
718 213
719 158
719 159
719 160
719 161
719 162
719 163
719 164
719 203
719 204
719 205
719 206
719 207
719 208
719 209
720 155
720 156
720 157
720 158
720 159
720 160
720 198
720 199
720 200
720 201
720 202
720 203
720 204
720 205
721 152
721 153
721 154
721 155
721 156
721 194
721 195
721 196
721 197
721 198
721 199
721 200
721 201
721 202
722 149
722 150
722 151
722 190
722 191
722 192
722 193
722 194
722 195
722 196
722 197
722 198
723 186
723 187
723 188
723 189
723 190
723 191
723 192
723 193
723 194
724 182
724 183
724 184
724 185
724 186
724 187
724 188
724 189
724 190
725 178
725 179
725 180
725 181
725 182
725 183
725 184
725 185
725 186
726 175
726 176
726 177
726 178
726 179
726 180
726 181
726 182
727 171
727 172
727 173
727 174
727 175
727 176
727 177
727 178
727 220
728 167
728 168
728 169
728 170
728 171
728 172
728 173
728 174
728 214
728 215
728 216
728 217
728 218
729 164
729 165
729 166
729 167
729 168
729 169
729 170
729 210
729 211
729 212
729 213
729 214
729 215
730 160
730 161
730 162
730 163
730 164
730 165
730 166
730 205
730 206
730 207
730 208
730 209
730 210
730 211
731 157
731 158
731 159
731 160
731 161
731 162
731 201
731 202
731 203
731 204
731 205
731 206
731 207
732 153
732 154
732 155
732 156
732 157
732 158
732 197
732 198
732 199
732 200
732 201
732 202
732 203
732 204
733 150
733 151
733 152
733 153
733 154
733 192
733 193
733 194
733 195
733 196
733 197
733 198
733 199
733 200
734 147
734 148
734 149
734 188
734 189
734 190
734 191
734 192
734 193
734 194
734 195
734 196
735 184
735 185
735 186
735 187
735 188
735 189
735 190
735 191
735 192
736 180
736 181
736 182
736 183
736 184
736 185
736 186
736 187
736 188
737 177
737 178
737 179
737 180
737 181
737 182
737 183
737 184
738 173
738 174
738 175
738 176
738 177
738 178
738 179
738 180
739 169
739 170
739 171
739 172
739 173
739 174
739 175
739 176
739 217
739 218
739 219
740 165
740 166
740 167
740 168
740 169
740 170
740 171
740 172
740 212
740 213
740 214
740 215
740 216
741 162
741 163
741 164
741 165
741 166
741 167
741 168
741 208
741 209
741 210
741 211
741 212
741 213
742 158
742 159
742 160
742 161
742 162
742 163
742 164
742 203
742 204
742 205
742 206
742 207
742 208
742 209
743 155
743 156
743 157
743 158
743 159
743 160
743 199
743 200
743 201
743 202
743 203
743 204
743 205
743 206
744 152
744 153
744 154
744 155
744 156
744 195
744 196
744 197
744 198
744 199
744 200
744 201
744 202
745 149
745 150
745 151
745 152
745 191
745 192
745 193
745 194
745 195
745 196
745 197
745 198
746 146
746 147
746 187
746 188
746 189
746 190
746 191
746 192
746 193
746 194
747 183
747 184
747 185
747 186
747 187
747 188
747 189
747 190
748 179
748 180
748 181
748 182
748 183
748 184
748 185
748 186
749 175
749 176
749 177
749 178
749 179
749 180
749 181
749 182
749 183
750 171
750 172
750 173
750 174
750 175
750 176
750 177
750 178
750 179
751 167
751 168
751 169
751 170
751 171
751 172
751 173
751 174
751 175
751 215
751 216
751 217
751 218
752 164
752 165
752 166
752 167
752 168
752 169
752 170
752 171
752 210
752 211
752 212
752 213
752 214
752 215
753 160
753 161
753 162
753 163
753 164
753 165
753 166
753 167
753 206
753 207
753 208
753 209
753 210
753 211
754 157
754 158
754 159
754 160
754 161
754 162
754 201
754 202
754 203
754 204
754 205
754 206
754 207
754 208
755 153
755 154
755 155
755 156
755 157
755 158
755 197
755 198
755 199
755 200
755 201
755 202
755 203
755 204
756 150
756 151
756 152
756 153
756 154
756 193
756 194
756 195
756 196
756 197
756 198
756 199
756 200
757 147
757 148
757 149
757 189
757 190
757 191
757 192
757 193
757 194
757 195
757 196
758 185
758 186
758 187
758 188
758 189
758 190
758 191
758 192
759 181
759 182
759 183
759 184
759 185
759 186
759 187
759 188
759 189
760 177
760 178
760 179
760 180
760 181
760 182
760 183
760 184
760 185
761 173
761 174
761 175
761 176
761 177
761 178
761 179
761 180
761 181
762 169
762 170
762 171
762 172
762 173
762 174
762 175
762 176
762 177
762 219
762 220
763 166
763 167
763 168
763 169
763 170
763 171
763 172
763 173
763 213
763 214
763 215
763 216
763 217
764 162
764 163
764 164
764 165
764 166
764 167
764 168
764 169
764 209
764 210
764 211
764 212
764 213
765 159
765 160
765 161
765 162
765 163
765 164
765 165
765 204
765 205
765 206
765 207
765 208
765 209
765 210
766 155
766 156
766 157
766 158
766 159
766 160
766 200
766 201
766 202
766 203
766 204
766 205
766 206
767 152
767 153
767 154
767 155
767 156
767 195
767 196
767 197
767 198
767 199
767 200
767 201
767 202
768 149
768 150
768 151
768 152
768 191
768 192
768 193
768 194
768 195
768 196
768 197
768 198
769 146
769 147
769 187
769 188
769 189
769 190
769 191
769 192
769 193
769 194
769 195
770 183
770 184
770 185
770 186
770 187
770 188
770 189
770 190
770 191
771 179
771 180
771 181
771 182
771 183
771 184
771 185
771 186
771 187
772 175
772 176
772 177
772 178
772 179
772 180
772 181
772 182
772 183
773 171
773 172
773 173
773 174
773 175
773 176
773 177
773 178
773 179
774 168
774 169
774 170
774 171
774 172
774 173
774 174
774 175
774 216
774 217
774 218
775 164
775 165
775 166
775 167
775 168
775 169
775 170
775 171
775 211
775 212
775 213
775 214
775 215
776 160
776 161
776 162
776 163
776 164
776 165
776 166
776 167
776 207
776 208
776 209
776 210
776 211
776 212
777 157
777 158
777 159
777 160
777 161
777 162
777 163
777 202
777 203
777 204
777 205
777 206
777 207
777 208
778 153
778 154
778 155
778 156
778 157
778 158
778 198
778 199
778 200
778 201
778 202
778 203
778 204
779 150
779 151
779 152
779 153
779 154
779 194
779 195
779 196
779 197
779 198
779 199
779 200
780 147
780 148
780 149
780 150
780 189
780 190
780 191
780 192
780 193
780 194
780 195
780 196
780 197
781 185
781 186
781 187
781 188
781 189
781 190
781 191
781 192
781 193
782 181
782 182
782 183
782 184
782 185
782 186
782 187
782 188
782 189
783 177
783 178
783 179
783 180
783 181
783 182
783 183
783 184
783 185
784 174
784 175
784 176
784 177
784 178
784 179
784 180
784 181
785 170
785 171
785 172
785 173
785 174
785 175
785 176
785 177
786 166
786 167
786 168
786 169
786 170
786 171
786 172
786 173
786 214
786 215
786 216
786 217
787 162
787 163
787 164
787 165
787 166
787 167
787 168
787 169
787 209
787 210
787 211
787 212
787 213
787 214
788 159
788 160
788 161
788 162
788 163
788 164
788 165
788 205
788 206
788 207
788 208
788 209
788 210
789 155
789 156
789 157
789 158
789 159
789 160
789 161
789 200
789 201
789 202
789 203
789 204
789 205
789 206
790 152
790 153
790 154
790 155
790 156
790 196
790 197
790 198
790 199
790 200
790 201
790 202
790 203
791 149
791 150
791 151
791 152
791 192
791 193
791 194
791 195
791 196
791 197
791 198
791 199
792 146
792 147
792 188
792 189
792 190
792 191
792 192
792 193
792 194
792 195
793 184
793 185
793 186
793 187
793 188
793 189
793 190
793 191
794 180
794 181
794 182
794 183
794 184
794 185
794 186
794 187
795 176
795 177
795 178
795 179
795 180
795 181
795 182
795 183
796 172
796 173
796 174
796 175
796 176
796 177
796 178
796 179
797 168
797 169
797 170
797 171
797 172
797 173
797 174
797 175
798 164
798 165
798 166
798 167
798 168
798 169
798 170
798 171
798 212
798 213
798 214
798 215
799 161
799 162
799 163
799 164
799 165
799 166
799 167
799 208
799 209
799 210
799 211
799 212
800 157
800 158
800 159
800 160
800 161
800 162
800 163
800 203
800 204
800 205
800 206
800 207
800 208
801 154
801 155
801 156
801 157
801 158
801 159
801 199
801 200
801 201
801 202
801 203
801 204
801 205
802 150
802 151
802 152
802 153
802 154
802 194
802 195
802 196
802 197
802 198
802 199
802 200
802 201
803 147
803 148
803 149
803 150
803 190
803 191
803 192
803 193
803 194
803 195
803 196
803 197
804 186
804 187
804 188
804 189
804 190
804 191
804 192
804 193
805 182
805 183
805 184
805 185
805 186
805 187
805 188
805 189
806 178
806 179
806 180
806 181
806 182
806 183
806 184
806 185
807 174
807 175
807 176
807 177
807 178
807 179
807 180
807 181
808 170
808 171
808 172
808 173
808 174
808 175
808 176
808 177
809 166
809 167
809 168
809 169
809 170
809 171
809 172
809 173
809 216
809 217
810 163
810 164
810 165
810 166
810 167
810 168
810 169
810 211
810 212
810 213
810 214
811 159
811 160
811 161
811 162
811 163
811 164
811 165
811 206
811 207
811 208
811 209
811 210
812 156
812 157
812 158
812 159
812 160
812 161
812 201
812 202
812 203
812 204
812 205
812 206
813 152
813 153
813 154
813 155
813 156
813 197
813 198
813 199
813 200
813 201
813 202
813 203
814 149
814 150
814 151
814 152
814 193
814 194
814 195
814 196
814 197
814 198
814 199
815 146
815 147
815 188
815 189
815 190
815 191
815 192
815 193
815 194
815 195
816 184
816 185
816 186
816 187
816 188
816 189
816 190
816 191
817 180
817 181
817 182
817 183
817 184
817 185
817 186
817 187
818 176
818 177
818 178
818 179
818 180
818 181
818 182
818 183
819 172
819 173
819 174
819 175
819 176
819 177
819 178
819 179
820 169
820 170
820 171
820 172
820 173
820 174
820 175
821 165
821 166
821 167
821 168
821 169
821 170
821 171
821 214
821 215
822 161
822 162
822 163
822 164
822 165
822 166
822 167
822 209
822 210
822 211
822 212
823 157
823 158
823 159
823 160
823 161
823 162
823 163
823 204
823 205
823 206
823 207
823 208
824 154
824 155
824 156
824 157
824 158
824 159
824 200
824 201
824 202
824 203
824 204
824 205
825 151
825 152
825 153
825 154
825 195
825 196
825 197
825 198
825 199
825 200
825 201
826 147
826 148
826 149
826 150
826 191
826 192
826 193
826 194
826 195
826 196
826 197
827 187
827 188
827 189
827 190
827 191
827 192
827 193
828 183
828 184
828 185
828 186
828 187
828 188
828 189
829 179
829 180
829 181
829 182
829 183
829 184
829 185
830 175
830 176
830 177
830 178
830 179
830 180
830 181
831 171
831 172
831 173
831 174
831 175
831 176
831 177
832 167
832 168
832 169
832 170
832 171
832 172
832 173
833 163
833 164
833 165
833 166
833 167
833 168
833 169
833 212
833 213
834 159
834 160
834 161
834 162
834 163
834 164
834 165
834 207
834 208
834 209
834 210
835 156
835 157
835 158
835 159
835 160
835 161
835 202
835 203
835 204
835 205
835 206
835 207
836 152
836 153
836 154
836 155
836 156
836 198
836 199
836 200
836 201
836 202
836 203
837 149
837 150
837 151
837 152
837 194
837 195
837 196
837 197
837 198
837 199
838 146
838 147
838 189
838 190
838 191
838 192
838 193
838 194
838 195
839 185
839 186
839 187
839 188
839 189
839 190
839 191
840 181
840 182
840 183
840 184
840 185
840 186
840 187
841 177
841 178
841 179
841 180
841 181
841 182
841 183
842 173
842 174
842 175
842 176
842 177
842 178
842 179
843 169
843 170
843 171
843 172
843 173
843 174
843 175
844 165
844 166
844 167
844 168
844 169
844 170
844 171
845 162
845 163
845 164
845 165
845 166
845 167
845 211
846 158
846 159
846 160
846 161
846 162
846 163
846 205
846 206
846 207
846 208
847 154
847 155
847 156
847 157
847 158
847 159
847 201
847 202
847 203
847 204
847 205
848 151
848 152
848 153
848 154
848 196
848 197
848 198
848 199
848 200
848 201
849 148
849 149
849 150
849 192
849 193
849 194
849 195
849 196
849 197
850 188
850 189
850 190
850 191
850 192
850 193
851 183
851 184
851 185
851 186
851 187
851 188
851 189
852 179
852 180
852 181
852 182
852 183
852 184
852 185
853 175
853 176
853 177
853 178
853 179
853 180
853 181
854 171
854 172
854 173
854 174
854 175
854 176
854 177
855 167
855 168
855 169
855 170
855 171
855 172
855 173
856 164
856 165
856 166
856 167
856 168
856 169
857 160
857 161
857 162
857 163
857 164
857 165
857 209
858 156
858 157
858 158
858 159
858 160
858 161
858 204
858 205
858 206
859 153
859 154
859 155
859 156
859 199
859 200
859 201
859 202
859 203
860 150
860 151
860 152
860 195
860 196
860 197
860 198
860 199
861 147
861 190
861 191
861 192
861 193
861 194
861 195
862 186
862 187
862 188
862 189
862 190
862 191
863 182
863 183
863 184
863 185
863 186
863 187
864 178
864 179
864 180
864 181
864 182
864 183
865 174
865 175
865 176
865 177
865 178
865 179
866 170
866 171
866 172
866 173
866 174
866 175
867 166
867 167
867 168
867 169
867 170
867 171
868 162
868 163
868 164
868 165
868 166
868 167
869 158
869 159
869 160
869 161
869 162
869 163
870 155
870 156
870 157
870 158
870 159
870 202
870 203
870 204
871 151
871 152
871 153
871 154
871 198
871 199
871 200
871 201
872 148
872 149
872 193
872 194
872 195
872 196
872 197
873 189
873 190
873 191
873 192
873 193
874 184
874 185
874 186
874 187
874 188
874 189
875 180
875 181
875 182
875 183
875 184
875 185
876 176
876 177
876 178
876 179
876 180
876 181
877 172
877 173
877 174
877 175
877 176
877 177
878 168
878 169
878 170
878 171
878 172
878 173
879 164
879 165
879 166
879 167
879 168
879 169
880 161
880 162
880 163
880 164
880 165
881 157
881 158
881 159
881 160
881 161
882 153
882 154
882 155
882 156
882 201
882 202
883 150
883 151
883 152
883 196
883 197
883 198
884 192
884 193
884 194
884 195
885 187
885 188
885 189
885 190
885 191
886 183
886 184
886 185
886 186
886 187
887 179
887 180
887 181
887 182
887 183
888 175
888 176
888 177
888 178
888 179
889 171
889 172
889 173
889 174
889 175
890 167
890 168
890 169
890 170
890 171
891 163
891 164
891 165
891 166
891 167
892 159
892 160
892 161
892 162
892 163
893 156
893 157
893 158
894 152
894 153
894 154
895 195
895 196
896 190
896 191
896 192
896 193
897 186
897 187
897 188
897 189
898 181
898 182
898 183
898 184
898 185
899 177
899 178
899 179
899 180
899 181
900 173
900 174
900 175
900 176
900 177
901 169
901 170
901 171
901 172
901 173
902 165
902 166
902 167
902 168
902 169
903 161
903 162
903 163
903 164
904 158
904 159
904 160
905 154
905 155
905 156
908 189
908 190
909 184
909 185
909 186
910 180
910 181
910 182
910 183
911 176
911 177
911 178
911 179
912 172
912 173
912 174
912 175
913 168
913 169
913 170
914 164
914 165
914 166
915 160
915 161
915 162
916 157
916 158
921 183
921 184
922 179
922 180
923 174
923 175
923 176
924 170
924 171
924 172
925 166
925 167
925 168
926 163
926 164
927 159
1251 258
1261 264
1262 260
1263 256
1273 262
1274 258
1284 264
1285 260
1285 261
1286 256
1295 266
1296 262
1296 263
1297 258
1297 259
1307 264
1307 265
1308 260
1308 261
1319 263
3433 205
3434 201
3434 202
3435 197
3435 198
3436 194
3444 207
3444 208
3445 203
3445 204
3445 205
3446 199
3446 200
3446 201
3447 195
3447 196
3447 197
3448 191
3448 192
3448 193
3449 188
3449 189
3454 213
3455 208
3455 209
3455 210
3456 204
3456 205
3456 206
3456 207
3457 200
3457 201
3457 202
3457 203
3458 196
3458 197
3458 198
3458 199
3458 200
3459 193
3459 194
3459 195
3459 196
3460 189
3460 190
3460 191
3460 192
3461 185
3461 186
3461 187
3461 188
3462 182
3462 183
3465 215
3465 216
3466 210
3466 211
3466 212
3466 213
3467 206
3467 207
3467 208
3467 209
3468 202
3468 203
3468 204
3468 205
3468 206
3469 198
3469 199
3469 200
3469 201
3469 202
3470 194
3470 195
3470 196
3470 197
3470 198
3471 190
3471 191
3471 192
3471 193
3471 194
3472 187
3472 188
3472 189
3472 190
3473 183
3473 184
3473 185
3473 186
3474 180
3474 181
3474 182
3476 217
3477 212
3477 213
3477 214
3477 215
3478 208
3478 209
3478 210
3478 211
3479 204
3479 205
3479 206
3479 207
3479 208
3480 200
3480 201
3480 202
3480 203
3480 204
3481 196
3481 197
3481 198
3481 199
3481 200
3481 201
3482 192
3482 193
3482 194
3482 195
3482 196
3482 197
3483 188
3483 189
3483 190
3483 191
3483 192
3483 193
3484 185
3484 186
3484 187
3484 188
3484 189
3485 181
3485 182
3485 183
3485 184
3485 185
3486 178
3486 179
3486 180
3486 181
3487 175
3487 176
3488 214
3488 215
3488 216
3488 217
3489 210
3489 211
3489 212
3489 213
3490 206
3490 207
3490 208
3490 209
3490 210
3491 202
3491 203
3491 204
3491 205
3491 206
3492 198
3492 199
3492 200
3492 201
3492 202
3492 203
3493 194
3493 195
3493 196
3493 197
3493 198
3493 199
3494 190
3494 191
3494 192
3494 193
3494 194
3494 195
3495 186
3495 187
3495 188
3495 189
3495 190
3495 191
3496 183
3496 184
3496 185
3496 186
3496 187
3497 179
3497 180
3497 181
3497 182
3497 183
3498 176
3498 177
3498 178
3498 179
3499 173
3499 174
3499 175
3499 217
3499 218
3499 219
3500 212
3500 213
3500 214
3500 215
3501 208
3501 209
3501 210
3501 211
3501 212
3502 204
3502 205
3502 206
3502 207
3502 208
3502 209
3503 200
3503 201
3503 202
3503 203
3503 204
3503 205
3504 196
3504 197
3504 198
3504 199
3504 200
3504 201
3505 192
3505 193
3505 194
3505 195
3505 196
3505 197
3505 198
3506 188
3506 189
3506 190
3506 191
3506 192
3506 193
3506 194
3507 184
3507 185
3507 186
3507 187
3507 188
3507 189
3507 190
3508 181
3508 182
3508 183
3508 184
3508 185
3508 186
3509 177
3509 178
3509 179
3509 180
3509 181
3509 182
3510 174
3510 175
3510 176
3510 177
3510 178
3510 219
3510 220
3511 171
3511 172
3511 173
3511 214
3511 215
3511 216
3511 217
3512 210
3512 211
3512 212
3512 213
3512 214
3513 206
3513 207
3513 208
3513 209
3513 210
3513 211
3514 202
3514 203
3514 204
3514 205
3514 206
3514 207
3515 198
3515 199
3515 200
3515 201
3515 202
3515 203
3516 194
3516 195
3516 196
3516 197
3516 198
3516 199
3516 200
3517 190
3517 191
3517 192
3517 193
3517 194
3517 195
3517 196
3518 186
3518 187
3518 188
3518 189
3518 190
3518 191
3518 192
3519 183
3519 184
3519 185
3519 186
3519 187
3519 188
3520 179
3520 180
3520 181
3520 182
3520 183
3520 184
3521 176
3521 177
3521 178
3521 179
3521 180
3522 172
3522 173
3522 174
3522 175
3522 176
3522 217
3522 218
3522 219
3523 169
3523 170
3523 171
3523 212
3523 213
3523 214
3523 215
3523 216
3524 208
3524 209
3524 210
3524 211
3524 212
3524 213
3525 204
3525 205
3525 206
3525 207
3525 208
3525 209
3526 200
3526 201
3526 202
3526 203
3526 204
3526 205
3526 206
3527 196
3527 197
3527 198
3527 199
3527 200
3527 201
3527 202
3528 192
3528 193
3528 194
3528 195
3528 196
3528 197
3528 198
3529 188
3529 189
3529 190
3529 191
3529 192
3529 193
3529 194
3530 184
3530 185
3530 186
3530 187
3530 188
3530 189
3530 190
3531 181
3531 182
3531 183
3531 184
3531 185
3531 186
3531 187
3532 177
3532 178
3532 179
3532 180
3532 181
3532 182
3532 183
3533 174
3533 175
3533 176
3533 177
3533 178
3533 219
3533 220
3533 221
3534 171
3534 172
3534 173
3534 174
3534 214
3534 215
3534 216
3534 217
3534 218
3535 168
3535 169
3535 170
3535 210
3535 211
3535 212
3535 213
3535 214
3535 215
3536 206
3536 207
3536 208
3536 209
3536 210
3536 211
3537 202
3537 203
3537 204
3537 205
3537 206
3537 207
3537 208
3538 198
3538 199
3538 200
3538 201
3538 202
3538 203
3538 204
3539 194
3539 195
3539 196
3539 197
3539 198
3539 199
3539 200
3540 190
3540 191
3540 192
3540 193
3540 194
3540 195
3540 196
3541 186
3541 187
3541 188
3541 189
3541 190
3541 191
3541 192
3541 193
3542 182
3542 183
3542 184
3542 185
3542 186
3542 187
3542 188
3542 189
3543 179
3543 180
3543 181
3543 182
3543 183
3543 184
3543 185
3544 175
3544 176
3544 177
3544 178
3544 179
3544 180
3544 181
3544 222
3545 172
3545 173
3545 174
3545 175
3545 176
3545 177
3545 217
3545 218
3545 219
3545 220
3546 169
3546 170
3546 171
3546 172
3546 173
3546 212
3546 213
3546 214
3546 215
3546 216
3547 166
3547 167
3547 168
3547 208
3547 209
3547 210
3547 211
3547 212
3547 213
3548 204
3548 205
3548 206
3548 207
3548 208
3548 209
3548 210
3549 200
3549 201
3549 202
3549 203
3549 204
3549 205
3549 206
3550 196
3550 197
3550 198
3550 199
3550 200
3550 201
3550 202
3551 192
3551 193
3551 194
3551 195
3551 196
3551 197
3551 198
3551 199
3552 188
3552 189
3552 190
3552 191
3552 192
3552 193
3552 194
3552 195
3553 184
3553 185
3553 186
3553 187
3553 188
3553 189
3553 190
3553 191
3554 181
3554 182
3554 183
3554 184
3554 185
3554 186
3554 187
3555 177
3555 178
3555 179
3555 180
3555 181
3555 182
3555 183
3556 174
3556 175
3556 176
3556 177
3556 178
3556 179
3556 219
3556 220
3556 221
3557 170
3557 171
3557 172
3557 173
3557 174
3557 175
3557 214
3557 215
3557 216
3557 217
3557 218
3558 167
3558 168
3558 169
3558 170
3558 171
3558 210
3558 211
3558 212
3558 213
3558 214
3558 215
3559 165
3559 166
3559 206
3559 207
3559 208
3559 209
3559 210
3559 211
3559 212
3560 202
3560 203
3560 204
3560 205
3560 206
3560 207
3560 208
3561 198
3561 199
3561 200
3561 201
3561 202
3561 203
3561 204
3562 194
3562 195
3562 196
3562 197
3562 198
3562 199
3562 200
3562 201
3563 190
3563 191
3563 192
3563 193
3563 194
3563 195
3563 196
3563 197
3564 186
3564 187
3564 188
3564 189
3564 190
3564 191
3564 192
3564 193
3565 182
3565 183
3565 184
3565 185
3565 186
3565 187
3565 188
3565 189
3566 179
3566 180
3566 181
3566 182
3566 183
3566 184
3566 185
3567 175
3567 176
3567 177
3567 178
3567 179
3567 180
3567 181
3567 222
3568 172
3568 173
3568 174
3568 175
3568 176
3568 177
3568 217
3568 218
3568 219
3568 220
3569 169
3569 170
3569 171
3569 172
3569 173
3569 212
3569 213
3569 214
3569 215
3569 216
3569 217
3570 166
3570 167
3570 168
3570 169
3570 208
3570 209
3570 210
3570 211
3570 212
3570 213
3570 214
3571 163
3571 164
3571 204
3571 205
3571 206
3571 207
3571 208
3571 209
3571 210
3572 200
3572 201
3572 202
3572 203
3572 204
3572 205
3572 206
3573 196
3573 197
3573 198
3573 199
3573 200
3573 201
3573 202
3573 203
3574 192
3574 193
3574 194
3574 195
3574 196
3574 197
3574 198
3574 199
3575 188
3575 189
3575 190
3575 191
3575 192
3575 193
3575 194
3575 195
3576 184
3576 185
3576 186
3576 187
3576 188
3576 189
3576 190
3576 191
3577 181
3577 182
3577 183
3577 184
3577 185
3577 186
3577 187
3577 188
3578 177
3578 178
3578 179
3578 180
3578 181
3578 182
3578 183
3578 184
3579 174
3579 175
3579 176
3579 177
3579 178
3579 179
3579 180
3579 220
3579 221
3579 222
3580 170
3580 171
3580 172
3580 173
3580 174
3580 175
3580 176
3580 215
3580 216
3580 217
3580 218
3580 219
3581 167
3581 168
3581 169
3581 170
3581 171
3581 172
3581 210
3581 211
3581 212
3581 213
3581 214
3581 215
3582 164
3582 165
3582 166
3582 167
3582 206
3582 207
3582 208
3582 209
3582 210
3582 211
3582 212
3583 162
3583 202
3583 203
3583 204
3583 205
3583 206
3583 207
3583 208
3584 198
3584 199
3584 200
3584 201
3584 202
3584 203
3584 204
3584 205
3585 194
3585 195
3585 196
3585 197
3585 198
3585 199
3585 200
3585 201
3586 190
3586 191
3586 192
3586 193
3586 194
3586 195
3586 196
3586 197
3587 186
3587 187
3587 188
3587 189
3587 190
3587 191
3587 192
3587 193
3587 194
3588 183
3588 184
3588 185
3588 186
3588 187
3588 188
3588 189
3588 190
3589 179
3589 180
3589 181
3589 182
3589 183
3589 184
3589 185
3589 186
3590 175
3590 176
3590 177
3590 178
3590 179
3590 180
3590 181
3590 182
3591 172
3591 173
3591 174
3591 175
3591 176
3591 177
3591 178
3591 217
3591 218
3591 219
3591 220
3592 169
3592 170
3592 171
3592 172
3592 173
3592 174
3592 213
3592 214
3592 215
3592 216
3592 217
3593 165
3593 166
3593 167
3593 168
3593 169
3593 170
3593 208
3593 209
3593 210
3593 211
3593 212
3593 213
3593 214
3594 163
3594 164
3594 165
3594 204
3594 205
3594 206
3594 207
3594 208
3594 209
3594 210
3595 200
3595 201
3595 202
3595 203
3595 204
3595 205
3595 206
3595 207
3596 196
3596 197
3596 198
3596 199
3596 200
3596 201
3596 202
3596 203
3597 192
3597 193
3597 194
3597 195
3597 196
3597 197
3597 198
3597 199
3598 188
3598 189
3598 190
3598 191
3598 192
3598 193
3598 194
3598 195
3598 196
3599 184
3599 185
3599 186
3599 187
3599 188
3599 189
3599 190
3599 191
3599 192
3600 181
3600 182
3600 183
3600 184
3600 185
3600 186
3600 187
3600 188
3601 177
3601 178
3601 179
3601 180
3601 181
3601 182
3601 183
3601 184
3602 174
3602 175
3602 176
3602 177
3602 178
3602 179
3602 180
3602 220
3602 221
3602 222
3603 170
3603 171
3603 172
3603 173
3603 174
3603 175
3603 176
3603 215
3603 216
3603 217
3603 218
3603 219
3604 167
3604 168
3604 169
3604 170
3604 171
3604 172
3604 211
3604 212
3604 213
3604 214
3604 215
3604 216
3605 164
3605 165
3605 166
3605 167
3605 168
3605 206
3605 207
3605 208
3605 209
3605 210
3605 211
3605 212
3606 161
3606 162
3606 163
3606 202
3606 203
3606 204
3606 205
3606 206
3606 207
3606 208
3606 209
3607 198
3607 199
3607 200
3607 201
3607 202
3607 203
3607 204
3607 205
3608 194
3608 195
3608 196
3608 197
3608 198
3608 199
3608 200
3608 201
3608 202
3609 190
3609 191
3609 192
3609 193
3609 194
3609 195
3609 196
3609 197
3609 198
3610 186
3610 187
3610 188
3610 189
3610 190
3610 191
3610 192
3610 193
3610 194
3611 183
3611 184
3611 185
3611 186
3611 187
3611 188
3611 189
3611 190
3612 179
3612 180
3612 181
3612 182
3612 183
3612 184
3612 185
3612 186
3613 175
3613 176
3613 177
3613 178
3613 179
3613 180
3613 181
3613 182
3614 172
3614 173
3614 174
3614 175
3614 176
3614 177
3614 178
3614 218
3614 219
3614 220
3615 169
3615 170
3615 171
3615 172
3615 173
3615 174
3615 213
3615 214
3615 215
3615 216
3615 217
3616 165
3616 166
3616 167
3616 168
3616 169
3616 170
3616 209
3616 210
3616 211
3616 212
3616 213
3616 214
3617 162
3617 163
3617 164
3617 165
3617 166
3617 204
3617 205
3617 206
3617 207
3617 208
3617 209
3617 210
3617 211
3618 160
3618 161
3618 200
3618 201
3618 202
3618 203
3618 204
3618 205
3618 206
3618 207
3619 196
3619 197
3619 198
3619 199
3619 200
3619 201
3619 202
3619 203
3619 204
3620 192
3620 193
3620 194
3620 195
3620 196
3620 197
3620 198
3620 199
3620 200
3621 188
3621 189
3621 190
3621 191
3621 192
3621 193
3621 194
3621 195
3621 196
3622 185
3622 186
3622 187
3622 188
3622 189
3622 190
3622 191
3622 192
3623 181
3623 182
3623 183
3623 184
3623 185
3623 186
3623 187
3623 188
3624 177
3624 178
3624 179
3624 180
3624 181
3624 182
3624 183
3624 184
3624 185
3625 174
3625 175
3625 176
3625 177
3625 178
3625 179
3625 180
3625 181
3625 221
3626 170
3626 171
3626 172
3626 173
3626 174
3626 175
3626 176
3626 177
3626 216
3626 217
3626 218
3626 219
3627 167
3627 168
3627 169
3627 170
3627 171
3627 172
3627 173
3627 211
3627 212
3627 213
3627 214
3627 215
3627 216
3628 164
3628 165
3628 166
3628 167
3628 168
3628 207
3628 208
3628 209
3628 210
3628 211
3628 212
3628 213
3629 161
3629 162
3629 163
3629 164
3629 202
3629 203
3629 204
3629 205
3629 206
3629 207
3629 208
3629 209
3630 198
3630 199
3630 200
3630 201
3630 202
3630 203
3630 204
3630 205
3630 206
3631 194
3631 195
3631 196
3631 197
3631 198
3631 199
3631 200
3631 201
3631 202
3632 190
3632 191
3632 192
3632 193
3632 194
3632 195
3632 196
3632 197
3632 198
3633 187
3633 188
3633 189
3633 190
3633 191
3633 192
3633 193
3633 194
3634 183
3634 184
3634 185
3634 186
3634 187
3634 188
3634 189
3634 190
3634 191
3635 179
3635 180
3635 181
3635 182
3635 183
3635 184
3635 185
3635 186
3635 187
3636 176
3636 177
3636 178
3636 179
3636 180
3636 181
3636 182
3636 183
3637 172
3637 173
3637 174
3637 175
3637 176
3637 177
3637 178
3637 179
3637 218
3637 219
3637 220
3638 169
3638 170
3638 171
3638 172
3638 173
3638 174
3638 175
3638 213
3638 214
3638 215
3638 216
3638 217
3638 218
3639 166
3639 167
3639 168
3639 169
3639 170
3639 171
3639 209
3639 210
3639 211
3639 212
3639 213
3639 214
3640 162
3640 163
3640 164
3640 165
3640 166
3640 205
3640 206
3640 207
3640 208
3640 209
3640 210
3640 211
3641 160
3641 161
3641 162
3641 201
3641 202
3641 203
3641 204
3641 205
3641 206
3641 207
3642 197
3642 198
3642 199
3642 200
3642 201
3642 202
3642 203
3642 204
3643 193
3643 194
3643 195
3643 196
3643 197
3643 198
3643 199
3643 200
3644 189
3644 190
3644 191
3644 192
3644 193
3644 194
3644 195
3644 196
3645 185
3645 186
3645 187
3645 188
3645 189
3645 190
3645 191
3645 192
3645 193
3646 181
3646 182
3646 183
3646 184
3646 185
3646 186
3646 187
3646 188
3646 189
3647 178
3647 179
3647 180
3647 181
3647 182
3647 183
3647 184
3647 185
3648 174
3648 175
3648 176
3648 177
3648 178
3648 179
3648 180
3648 181
3649 171
3649 172
3649 173
3649 174
3649 175
3649 176
3649 177
3649 216
3649 217
3649 218
3649 219
3650 167
3650 168
3650 169
3650 170
3650 171
3650 172
3650 173
3650 211
3650 212
3650 213
3650 214
3650 215
3650 216
3651 164
3651 165
3651 166
3651 167
3651 168
3651 169
3651 207
3651 208
3651 209
3651 210
3651 211
3651 212
3651 213
3652 161
3652 162
3652 163
3652 164
3652 203
3652 204
3652 205
3652 206
3652 207
3652 208
3652 209
3653 159
3653 199
3653 200
3653 201
3653 202
3653 203
3653 204
3653 205
3653 206
3654 195
3654 196
3654 197
3654 198
3654 199
3654 200
3654 201
3654 202
3655 191
3655 192
3655 193
3655 194
3655 195
3655 196
3655 197
3655 198
3656 187
3656 188
3656 189
3656 190
3656 191
3656 192
3656 193
3656 194
3656 195
3657 183
3657 184
3657 185
3657 186
3657 187
3657 188
3657 189
3657 190
3657 191
3658 180
3658 181
3658 182
3658 183
3658 184
3658 185
3658 186
3658 187
3659 176
3659 177
3659 178
3659 179
3659 180
3659 181
3659 182
3659 183
3660 172
3660 173
3660 174
3660 175
3660 176
3660 177
3660 178
3660 179
3660 219
3660 220
3661 169
3661 170
3661 171
3661 172
3661 173
3661 174
3661 175
3661 214
3661 215
3661 216
3661 217
3661 218
3662 166
3662 167
3662 168
3662 169
3662 170
3662 171
3662 209
3662 210
3662 211
3662 212
3662 213
3662 214
3662 215
3663 163
3663 164
3663 165
3663 166
3663 167
3663 205
3663 206
3663 207
3663 208
3663 209
3663 210
3663 211
3664 160
3664 161
3664 162
3664 201
3664 202
3664 203
3664 204
3664 205
3664 206
3664 207
3664 208
3665 197
3665 198
3665 199
3665 200
3665 201
3665 202
3665 203
3665 204
3666 193
3666 194
3666 195
3666 196
3666 197
3666 198
3666 199
3666 200
3667 189
3667 190
3667 191
3667 192
3667 193
3667 194
3667 195
3667 196
3667 197
3668 185
3668 186
3668 187
3668 188
3668 189
3668 190
3668 191
3668 192
3668 193
3669 181
3669 182
3669 183
3669 184
3669 185
3669 186
3669 187
3669 188
3669 189
3670 178
3670 179
3670 180
3670 181
3670 182
3670 183
3670 184
3670 185
3671 174
3671 175
3671 176
3671 177
3671 178
3671 179
3671 180
3671 181
3672 171
3672 172
3672 173
3672 174
3672 175
3672 176
3672 177
3672 217
3672 218
3672 219
3673 167
3673 168
3673 169
3673 170
3673 171
3673 172
3673 173
3673 212
3673 213
3673 214
3673 215
3673 216
3674 164
3674 165
3674 166
3674 167
3674 168
3674 169
3674 208
3674 209
3674 210
3674 211
3674 212
3674 213
3675 161
3675 162
3675 163
3675 164
3675 165
3675 203
3675 204
3675 205
3675 206
3675 207
3675 208
3675 209
3675 210
3676 159
3676 160
3676 199
3676 200
3676 201
3676 202
3676 203
3676 204
3676 205
3676 206
3677 195
3677 196
3677 197
3677 198
3677 199
3677 200
3677 201
3677 202
3678 191
3678 192
3678 193
3678 194
3678 195
3678 196
3678 197
3678 198
3678 199
3679 187
3679 188
3679 189
3679 190
3679 191
3679 192
3679 193
3679 194
3679 195
3680 184
3680 185
3680 186
3680 187
3680 188
3680 189
3680 190
3680 191
3681 180
3681 181
3681 182
3681 183
3681 184
3681 185
3681 186
3681 187
3682 176
3682 177
3682 178
3682 179
3682 180
3682 181
3682 182
3682 183
3683 173
3683 174
3683 175
3683 176
3683 177
3683 178
3683 179
3684 169
3684 170
3684 171
3684 172
3684 173
3684 174
3684 175
3684 215
3684 216
3684 217
3684 218
3685 166
3685 167
3685 168
3685 169
3685 170
3685 171
3685 210
3685 211
3685 212
3685 213
3685 214
3685 215
3686 163
3686 164
3686 165
3686 166
3686 167
3686 206
3686 207
3686 208
3686 209
3686 210
3686 211
3687 160
3687 161
3687 162
3687 163
3687 201
3687 202
3687 203
3687 204
3687 205
3687 206
3687 207
3687 208
3688 197
3688 198
3688 199
3688 200
3688 201
3688 202
3688 203
3688 204
3689 193
3689 194
3689 195
3689 196
3689 197
3689 198
3689 199
3689 200
3689 201
3690 189
3690 190
3690 191
3690 192
3690 193
3690 194
3690 195
3690 196
3690 197
3691 186
3691 187
3691 188
3691 189
3691 190
3691 191
3691 192
3691 193
3692 182
3692 183
3692 184
3692 185
3692 186
3692 187
3692 188
3692 189
3693 178
3693 179
3693 180
3693 181
3693 182
3693 183
3693 184
3693 185
3694 175
3694 176
3694 177
3694 178
3694 179
3694 180
3694 181
3694 182
3695 171
3695 172
3695 173
3695 174
3695 175
3695 176
3695 177
3695 178
3696 168
3696 169
3696 170
3696 171
3696 172
3696 173
3696 213
3696 214
3696 215
3696 216
3697 165
3697 166
3697 167
3697 168
3697 169
3697 208
3697 209
3697 210
3697 211
3697 212
3697 213
3698 162
3698 163
3698 164
3698 165
3698 204
3698 205
3698 206
3698 207
3698 208
3698 209
3698 210
3699 159
3699 160
3699 200
3699 201
3699 202
3699 203
3699 204
3699 205
3699 206
3700 196
3700 197
3700 198
3700 199
3700 200
3700 201
3700 202
3700 203
3701 192
3701 193
3701 194
3701 195
3701 196
3701 197
3701 198
3701 199
3702 188
3702 189
3702 190
3702 191
3702 192
3702 193
3702 194
3702 195
3703 184
3703 185
3703 186
3703 187
3703 188
3703 189
3703 190
3703 191
3704 180
3704 181
3704 182
3704 183
3704 184
3704 185
3704 186
3704 187
3705 177
3705 178
3705 179
3705 180
3705 181
3705 182
3705 183
3705 184
3706 173
3706 174
3706 175
3706 176
3706 177
3706 178
3706 179
3706 180
3707 170
3707 171
3707 172
3707 173
3707 174
3707 175
3707 176
3707 216
3707 217
3708 166
3708 167
3708 168
3708 169
3708 170
3708 171
3708 172
3708 211
3708 212
3708 213
3708 214
3708 215
3709 163
3709 164
3709 165
3709 166
3709 167
3709 206
3709 207
3709 208
3709 209
3709 210
3709 211
3710 161
3710 162
3710 163
3710 202
3710 203
3710 204
3710 205
3710 206
3710 207
3710 208
3711 198
3711 199
3711 200
3711 201
3711 202
3711 203
3711 204
3712 194
3712 195
3712 196
3712 197
3712 198
3712 199
3712 200
3712 201
3713 190
3713 191
3713 192
3713 193
3713 194
3713 195
3713 196
3713 197
3714 186
3714 187
3714 188
3714 189
3714 190
3714 191
3714 192
3714 193
3715 182
3715 183
3715 184
3715 185
3715 186
3715 187
3715 188
3715 189
3716 179
3716 180
3716 181
3716 182
3716 183
3716 184
3716 185
3716 186
3717 175
3717 176
3717 177
3717 178
3717 179
3717 180
3717 181
3717 182
3718 172
3718 173
3718 174
3718 175
3718 176
3718 177
3718 178
3719 168
3719 169
3719 170
3719 171
3719 172
3719 173
3719 174
3719 214
3719 215
3719 216
3720 165
3720 166
3720 167
3720 168
3720 169
3720 209
3720 210
3720 211
3720 212
3720 213
3721 162
3721 163
3721 164
3721 165
3721 205
3721 206
3721 207
3721 208
3721 209
3721 210
3722 200
3722 201
3722 202
3722 203
3722 204
3722 205
3722 206
3723 196
3723 197
3723 198
3723 199
3723 200
3723 201
3723 202
3723 203
3724 192
3724 193
3724 194
3724 195
3724 196
3724 197
3724 198
3724 199
3725 188
3725 189
3725 190
3725 191
3725 192
3725 193
3725 194
3725 195
3726 184
3726 185
3726 186
3726 187
3726 188
3726 189
3726 190
3726 191
3727 181
3727 182
3727 183
3727 184
3727 185
3727 186
3727 187
3727 188
3728 177
3728 178
3728 179
3728 180
3728 181
3728 182
3728 183
3728 184
3729 174
3729 175
3729 176
3729 177
3729 178
3729 179
3729 180
3730 170
3730 171
3730 172
3730 173
3730 174
3730 175
3730 176
3731 167
3731 168
3731 169
3731 170
3731 171
3731 172
3731 212
3731 213
3731 214
3732 164
3732 165
3732 166
3732 167
3732 207
3732 208
3732 209
3732 210
3732 211
3733 161
3733 162
3733 163
3733 203
3733 204
3733 205
3733 206
3733 207
3733 208
3734 199
3734 200
3734 201
3734 202
3734 203
3734 204
3735 194
3735 195
3735 196
3735 197
3735 198
3735 199
3735 200
3735 201
3736 190
3736 191
3736 192
3736 193
3736 194
3736 195
3736 196
3736 197
3737 187
3737 188
3737 189
3737 190
3737 191
3737 192
3737 193
3738 183
3738 184
3738 185
3738 186
3738 187
3738 188
3738 189
3738 190
3739 179
3739 180
3739 181
3739 182
3739 183
3739 184
3739 185
3739 186
3740 176
3740 177
3740 178
3740 179
3740 180
3740 181
3740 182
3741 172
3741 173
3741 174
3741 175
3741 176
3741 177
3741 178
3742 169
3742 170
3742 171
3742 172
3742 173
3742 174
3743 166
3743 167
3743 168
3743 169
3743 170
3743 210
3743 211
3743 212
3743 213
3744 163
3744 164
3744 165
3744 205
3744 206
3744 207
3744 208
3744 209
3744 210
3745 201
3745 202
3745 203
3745 204
3745 205
3745 206
3746 197
3746 198
3746 199
3746 200
3746 201
3746 202
3746 203
3747 193
3747 194
3747 195
3747 196
3747 197
3747 198
3747 199
3748 189
3748 190
3748 191
3748 192
3748 193
3748 194
3748 195
3749 185
3749 186
3749 187
3749 188
3749 189
3749 190
3749 191
3749 192
3750 181
3750 182
3750 183
3750 184
3750 185
3750 186
3750 187
3750 188
3751 178
3751 179
3751 180
3751 181
3751 182
3751 183
3751 184
3752 174
3752 175
3752 176
3752 177
3752 178
3752 179
3752 180
3753 171
3753 172
3753 173
3753 174
3753 175
3753 176
3754 167
3754 168
3754 169
3754 170
3754 171
3754 172
3755 164
3755 165
3755 166
3755 167
3755 208
3755 209
3755 210
3755 211
3756 204
3756 205
3756 206
3756 207
3756 208
3757 199
3757 200
3757 201
3757 202
3757 203
3757 204
3758 195
3758 196
3758 197
3758 198
3758 199
3758 200
3758 201
3759 191
3759 192
3759 193
3759 194
3759 195
3759 196
3759 197
3760 187
3760 188
3760 189
3760 190
3760 191
3760 192
3760 193
3761 183
3761 184
3761 185
3761 186
3761 187
3761 188
3761 189
3761 190
3762 180
3762 181
3762 182
3762 183
3762 184
3762 185
3762 186
3763 176
3763 177
3763 178
3763 179
3763 180
3763 181
3763 182
3764 173
3764 174
3764 175
3764 176
3764 177
3764 178
3765 169
3765 170
3765 171
3765 172
3765 173
3765 174
3766 166
3766 167
3766 168
3766 169
3767 164
3767 165
3767 207
3767 208
3767 209
3768 202
3768 203
3768 204
3768 205
3768 206
3769 198
3769 199
3769 200
3769 201
3769 202
3769 203
3770 193
3770 194
3770 195
3770 196
3770 197
3770 198
3770 199
3771 190
3771 191
3771 192
3771 193
3771 194
3771 195
3772 186
3772 187
3772 188
3772 189
3772 190
3772 191
3772 192
3773 182
3773 183
3773 184
3773 185
3773 186
3773 187
3773 188
3774 178
3774 179
3774 180
3774 181
3774 182
3774 183
3774 184
3775 175
3775 176
3775 177
3775 178
3775 179
3775 180
3776 171
3776 172
3776 173
3776 174
3776 175
3776 176
3777 168
3777 169
3777 170
3777 171
3778 165
3778 166
3778 167
3779 205
3779 206
3779 207
3780 200
3780 201
3780 202
3780 203
3780 204
3781 196
3781 197
3781 198
3781 199
3781 200
3781 201
3782 192
3782 193
3782 194
3782 195
3782 196
3782 197
3783 188
3783 189
3783 190
3783 191
3783 192
3783 193
3784 184
3784 185
3784 186
3784 187
3784 188
3784 189
3784 190
3785 180
3785 181
3785 182
3785 183
3785 184
3785 185
3785 186
3786 177
3786 178
3786 179
3786 180
3786 181
3786 182
3787 173
3787 174
3787 175
3787 176
3787 177
3787 178
3788 170
3788 171
3788 172
3788 173
3788 174
3789 167
3789 168
3789 169
3791 203
3791 204
3791 205
3792 199
3792 200
3792 201
3792 202
3793 194
3793 195
3793 196
3793 197
3793 198
3793 199
3794 190
3794 191
3794 192
3794 193
3794 194
3794 195
3795 186
3795 187
3795 188
3795 189
3795 190
3795 191
3796 183
3796 184
3796 185
3796 186
3796 187
3796 188
3797 179
3797 180
3797 181
3797 182
3797 183
3797 184
3798 176
3798 177
3798 178
3798 179
3798 180
3799 172
3799 173
3799 174
3799 175
3800 169
3800 170
3800 171
3803 202
3803 203
3804 197
3804 198
3804 199
3804 200
3805 193
3805 194
3805 195
3805 196
3805 197
3806 189
3806 190
3806 191
3806 192
3806 193
3807 185
3807 186
3807 187
3807 188
3807 189
3808 181
3808 182
3808 183
3808 184
3808 185
3809 178
3809 179
3809 180
3809 181
3809 182
3810 174
3810 175
3810 176
3810 177
3811 171
3811 172
3811 173
3815 200
3815 201
3816 196
3816 197
3816 198
3817 192
3817 193
3817 194
3817 195
3818 188
3818 189
3818 190
3818 191
3819 184
3819 185
3819 186
3819 187
3820 180
3820 181
3820 182
3820 183
3821 177
3821 178
3821 179
3822 174
3822 175
3828 194
3828 195
3828 196
3829 190
3829 191
3829 192
3829 193
3830 186
3830 187
3830 188
3830 189
3831 183
3831 184
3831 185
3832 179
3832 180
3832 181
3833 176
3841 189
3841 190
3842 185
3842 186
3843 182
