3264 245
3272 248
3272 249
3273 243
3280 251
3280 252
3281 246
3281 247
3282 240
3282 241
3289 249
3289 250
3290 243
3290 244
3290 245
3291 238
3291 239
3297 252
3297 253
3298 246
3298 247
3298 248
3299 241
3299 242
3299 243
3300 236
3306 250
3306 251
3307 244
3307 245
3307 246
3308 239
3308 240
3314 253
3314 254
3315 247
3315 248
3315 249
3316 242
3316 243
3316 244
3317 237
3317 238
3323 251
3323 252
3324 245
3324 246
3324 247
3325 240
3325 241
3326 235
3331 254
3331 255
3332 248
3332 249
3332 250
3333 243
3333 244
3333 245
3334 238
3334 239
3340 252
3340 253
3341 246
3341 247
3341 248
3342 241
3342 242
3342 243
3343 236
3343 237
3349 249
3349 250
3349 251
3350 244
3350 245
3350 246
3351 239
3351 240
3357 253
3357 254
3358 247
3358 248
3358 249
3359 242
3359 243
3359 244
3360 237
3360 238
3366 251
3366 252
3367 245
3367 246
3367 247
3368 240
3368 241
3375 248
3375 249
3375 250
3376 243
3376 244
3377 238
3377 239
3384 246
3384 247
3385 241
3385 242
3392 250
3393 244
3393 245
3394 239
