697 472
697 473
701 476
701 477
702 466
702 467
705 481
705 482
706 470
706 471
706 472
710 475
710 476
711 465
711 466
714 479
714 480
714 481
715 469
715 470
715 471
718 484
718 485
719 473
719 474
719 475
720 463
720 464
723 477
723 478
723 479
724 467
724 468
724 469
727 482
727 483
727 484
728 471
728 472
728 473
728 474
729 461
729 462
729 463
731 487
732 475
732 476
732 477
732 478
733 465
733 466
733 467
733 468
736 480
736 481
736 482
736 483
737 469
737 470
737 471
737 472
738 460
738 461
738 462
740 485
740 486
740 487
741 474
741 475
741 476
741 477
742 464
742 465
742 466
745 478
745 479
745 480
745 481
746 468
746 469
746 470
746 471
747 458
747 459
747 460
749 483
749 484
749 485
750 472
750 473
750 474
750 475
750 476
751 462
751 463
751 464
751 465
753 488
753 489
754 477
754 478
754 479
754 480
755 466
755 467
755 468
755 469
755 470
756 457
756 458
758 481
758 482
758 483
758 484
759 471
759 472
759 473
759 474
760 461
760 462
760 463
762 486
762 487
762 488
763 475
763 476
763 477
763 478
763 479
764 465
764 466
764 467
764 468
765 456
765 457
766 491
766 492
767 480
767 481
767 482
767 483
768 469
768 470
768 471
768 472
768 473
769 459
769 460
769 461
769 462
771 484
771 485
771 486
771 487
772 473
772 474
772 475
772 476
772 477
773 463
773 464
773 465
773 466
773 467
774 454
774 455
775 489
775 490
775 491
776 478
776 479
776 480
776 481
776 482
777 467
777 468
777 469
777 470
777 471
778 458
778 459
778 460
780 483
780 484
780 485
780 486
781 472
781 473
781 474
781 475
781 476
782 462
782 463
782 464
782 465
783 453
784 487
784 488
784 489
784 490
785 476
785 477
785 478
785 479
785 480
786 466
786 467
786 468
786 469
786 470
787 456
787 457
787 458
787 459
788 493
789 481
789 482
789 483
789 484
789 485
790 470
790 471
790 472
790 473
790 474
791 460
791 461
791 462
791 463
791 464
793 486
793 487
793 488
793 489
794 475
794 476
794 477
794 478
794 479
795 464
795 465
795 466
795 467
795 468
796 455
796 456
796 457
797 491
797 492
798 479
798 480
798 481
798 482
798 483
799 469
799 470
799 471
799 472
799 473
800 459
800 460
800 461
800 462
802 484
802 485
802 486
802 487
803 473
803 474
803 475
803 476
803 477
804 463
804 464
804 465
804 466
804 467
805 454
805 455
806 489
806 490
806 491
807 478
807 479
807 480
807 481
807 482
808 467
808 468
808 469
808 470
808 471
809 458
809 459
809 460
811 482
811 483
811 484
811 485
811 486
812 472
812 473
812 474
812 475
812 476
813 462
813 463
813 464
813 465
814 453
815 487
815 488
815 489
815 490
816 476
816 477
816 478
816 479
816 480
817 466
817 467
817 468
817 469
817 470
818 456
818 457
818 458
818 459
819 493
819 494
820 481
820 482
820 483
820 484
820 485
821 470
821 471
821 472
821 473
821 474
822 460
822 461
822 462
822 463
824 486
824 487
824 488
824 489
825 475
825 476
825 477
825 478
825 479
826 464
826 465
826 466
826 467
826 468
827 455
827 456
827 457
828 491
828 492
828 493
829 479
829 480
829 481
829 482
829 483
830 469
830 470
830 471
830 472
830 473
831 459
831 460
831 461
831 462
833 484
833 485
833 486
833 487
834 473
834 474
834 475
834 476
834 477
835 463
835 464
835 465
835 466
835 467
836 454
836 455
837 489
837 490
837 491
838 478
838 479
838 480
838 481
838 482
839 467
839 468
839 469
839 470
839 471
840 457
840 458
840 459
840 460
841 495
842 482
842 483
842 484
842 485
842 486
843 472
843 473
843 474
843 475
843 476
844 462
844 463
844 464
844 465
846 487
846 488
846 489
846 490
847 476
847 477
847 478
847 479
847 480
848 466
848 467
848 468
848 469
848 470
849 456
849 457
849 458
850 493
850 494
851 481
851 482
851 483
851 484
851 485
852 470
852 471
852 472
852 473
852 474
853 460
853 461
853 462
853 463
855 486
855 487
855 488
855 489
856 475
856 476
856 477
856 478
856 479
857 464
857 465
857 466
857 467
857 468
858 455
858 456
859 491
859 492
859 493
860 479
860 480
860 481
860 482
860 483
861 469
861 470
861 471
861 472
861 473
862 459
862 460
862 461
864 484
864 485
864 486
864 487
865 473
865 474
865 475
865 476
865 477
866 463
866 464
866 465
866 466
867 454
868 489
868 490
868 491
869 478
869 479
869 480
869 481
869 482
870 467
870 468
870 469
870 470
870 471
871 458
871 459
871 460
873 483
873 484
873 485
873 486
874 472
874 473
874 474
874 475
874 476
875 462
875 463
875 464
875 465
877 488
877 489
877 490
878 476
878 477
878 478
878 479
878 480
879 466
879 467
879 468
879 469
880 457
880 458
881 493
881 494
882 481
882 482
882 483
882 484
883 470
883 471
883 472
883 473
883 474
884 460
884 461
884 462
884 463
886 486
886 487
886 488
886 489
887 475
887 476
887 477
887 478
887 479
888 465
888 466
888 467
888 468
890 491
890 492
891 480
891 481
891 482
891 483
892 469
892 470
892 471
892 472
893 459
893 460
893 461
895 484
895 485
895 486
895 487
896 473
896 474
896 475
896 476
896 477
897 463
897 464
897 465
897 466
899 490
899 491
900 478
900 479
900 480
900 481
901 468
901 469
901 470
901 471
902 458
902 459
904 483
904 484
904 485
904 486
905 472
905 473
905 474
905 475
906 462
906 463
906 464
908 488
908 489
908 490
909 477
909 478
909 479
909 480
910 466
910 467
910 468
910 469
913 481
913 482
913 483
913 484
914 471
914 472
914 473
914 474
915 461
915 462
917 487
917 488
918 475
918 476
918 477
918 478
919 465
919 466
919 467
922 480
922 481
922 482
923 470
923 471
923 472
926 485
926 486
926 487
927 474
927 475
927 476
928 464
928 465
931 479
931 480
931 481
932 468
932 469
932 470
935 484
935 485
936 473
936 474
936 475
940 477
940 478
940 479
941 467
941 468
944 482
944 483
945 472
945 473
949 476
949 477
953 481
