1203 215
1203 216
1205 216
1205 217
1207 217
1207 218
1209 218
1209 219
1211 218
1211 219
1211 220
1211 221
1213 219
1213 220
1213 221
1213 222
1215 220
1215 221
1215 222
1215 223
1217 221
1217 222
1217 223
1217 224
1219 222
1219 223
1219 224
1219 225
1221 223
1221 224
1221 225
1221 226
1223 224
1223 225
1223 226
1223 227
1225 225
1225 226
1225 227
1225 228
1227 226
1227 227
1227 228
1227 229
1228 207
1229 227
1229 228
1229 229
1229 230
1230 207
1230 208
1230 209
1231 228
1231 229
1231 230
1231 231
1232 208
1232 209
1232 210
1233 229
1233 230
1233 231
1233 232
1234 209
1234 210
1234 211
1235 230
1235 231
1235 232
1235 233
1236 209
1236 210
1236 211
1236 212
1237 231
1237 232
1237 233
1237 234
1238 210
1238 211
1238 212
1238 213
1239 232
1239 233
1239 234
1239 235
1240 211
1240 212
1240 213
1240 214
1240 215
1241 233
1241 234
1241 235
1241 236
1242 212
1242 213
1242 214
1242 215
1242 216
1243 234
1243 235
1243 236
1243 237
1244 213
1244 214
1244 215
1244 216
1244 217
1245 235
1245 236
1245 237
1245 238
1246 214
1246 215
1246 216
1246 217
1246 218
1247 236
1247 237
1247 238
1247 239
1248 215
1248 216
1248 217
1248 218
1248 219
1249 237
1249 238
1249 239
1249 240
1250 216
1250 217
1250 218
1250 219
1250 220
1251 238
1251 239
1251 240
1251 241
1252 216
1252 217
1252 218
1252 219
1252 220
1252 221
1253 239
1253 240
1253 241
1253 242
1254 217
1254 218
1254 219
1254 220
1254 221
1254 222
1255 240
1255 241
1255 242
1255 243
1256 218
1256 219
1256 220
1256 221
1256 222
1256 223
1257 241
1257 242
1257 243
1257 244
1258 219
1258 220
1258 221
1258 222
1258 223
1258 224
1259 201
1259 242
1259 243
1259 244
1259 245
1260 220
1260 221
1260 222
1260 223
1260 224
1260 225
1261 202
1261 203
1261 244
1261 245
1261 246
1262 221
1262 222
1262 223
1262 224
1262 225
1262 226
1263 202
1263 203
1263 204
1263 245
1263 246
1263 247
1264 222
1264 223
1264 224
1264 225
1264 226
1264 227
1264 228
1265 203
1265 204
1265 205
1265 246
1265 247
1266 223
1266 224
1266 225
1266 226
1266 227
1266 228
1266 229
1267 204
1267 205
1267 206
1267 207
1267 247
1267 248
1268 224
1268 225
1268 226
1268 227
1268 228
1268 229
1268 230
1269 205
1269 206
1269 207
1269 208
1269 249
1270 225
1270 226
1270 227
1270 228
1270 229
1270 230
1270 231
1271 205
1271 206
1271 207
1271 208
1271 209
1272 226
1272 227
1272 228
1272 229
1272 230
1272 231
1272 232
1273 206
1273 207
1273 208
1273 209
1273 210
1274 227
1274 228
1274 229
1274 230
1274 231
1274 232
1274 233
1275 207
1275 208
1275 209
1275 210
1275 211
1276 228
1276 229
1276 230
1276 231
1276 232
1276 233
1276 234
1277 208
1277 209
1277 210
1277 211
1277 212
1278 229
1278 230
1278 231
1278 232
1278 233
1278 234
1278 235
1279 209
1279 210
1279 211
1279 212
1279 213
1279 214
1280 230
1280 231
1280 232
1280 233
1280 234
1280 235
1280 236
1281 210
1281 211
1281 212
1281 213
1281 214
1281 215
1282 231
1282 232
1282 233
1282 234
1282 235
1282 236
1282 237
1283 211
1283 212
1283 213
1283 214
1283 215
1283 216
1284 232
1284 233
1284 234
1284 235
1284 236
1284 237
1284 238
1285 211
1285 212
1285 213
1285 214
1285 215
1285 216
1285 217
1286 233
1286 234
1286 235
1286 236
1286 237
1286 238
1286 239
1287 212
1287 213
1287 214
1287 215
1287 216
1287 217
1287 218
1288 234
1288 235
1288 236
1288 237
1288 238
1288 239
1288 240
1289 213
1289 214
1289 215
1289 216
1289 217
1289 218
1289 219
1290 235
1290 236
1290 237
1290 238
1290 239
1290 240
1290 241
1291 214
1291 215
1291 216
1291 217
1291 218
1291 219
1291 220
1292 236
1292 237
1292 238
1292 239
1292 240
1292 241
1292 242
1293 215
1293 216
1293 217
1293 218
1293 219
1293 220
1293 221
1294 198
1294 237
1294 238
1294 239
1294 240
1294 241
1294 242
1294 243
1295 216
1295 217
1295 218
1295 219
1295 220
1295 221
1295 222
1296 198
1296 199
1296 239
1296 240
1296 241
1296 242
1296 243
1296 244
1297 217
1297 218
1297 219
1297 220
1297 221
1297 222
1297 223
1298 199
1298 200
1298 201
1298 240
1298 241
1298 242
1298 243
1298 244
1298 245
1299 218
1299 219
1299 220
1299 221
1299 222
1299 223
1299 224
1300 199
1300 200
1300 201
1300 202
1300 241
1300 242
1300 243
1300 244
1300 245
1300 246
1301 219
1301 220
1301 221
1301 222
1301 223
1301 224
1301 225
1302 200
1302 201
1302 202
1302 203
1302 242
1302 243
1302 244
1302 245
1302 246
1303 220
1303 221
1303 222
1303 223
1303 224
1303 225
1303 226
1304 201
1304 202
1304 203
1304 204
1304 243
1304 244
1304 245
1304 246
1304 247
1305 221
1305 222
1305 223
1305 224
1305 225
1305 226
1305 227
1306 202
1306 203
1306 204
1306 205
1306 244
1306 245
1306 246
1306 247
1306 248
1307 222
1307 223
1307 224
1307 225
1307 226
1307 227
1307 228
1308 202
1308 203
1308 204
1308 205
1308 206
1308 207
1308 245
1308 246
1308 247
1308 248
1308 249
1309 223
1309 224
1309 225
1309 226
1309 227
1309 228
1309 229
1310 203
1310 204
1310 205
1310 206
1310 207
1310 208
1310 246
1310 247
1310 248
1310 249
1310 250
1311 224
1311 225
1311 226
1311 227
1311 228
1311 229
1311 230
1312 204
1312 205
1312 206
1312 207
1312 208
1312 209
1312 248
1312 249
1312 250
1312 251
1313 225
1313 226
1313 227
1313 228
1313 229
1313 230
1313 231
1314 205
1314 206
1314 207
1314 208
1314 209
1314 210
1314 249
1314 250
1314 251
1314 252
1315 226
1315 227
1315 228
1315 229
1315 230
1315 231
1315 232
1315 233
1316 206
1316 207
1316 208
1316 209
1316 210
1316 211
1316 250
1316 251
1316 252
1316 253
1317 227
1317 228
1317 229
1317 230
1317 231
1317 232
1317 233
1317 234
1318 207
1318 208
1318 209
1318 210
1318 211
1318 212
1318 251
1318 252
1318 253
1319 228
1319 229
1319 230
1319 231
1319 232
1319 233
1319 234
1319 235
1320 208
1320 209
1320 210
1320 211
1320 212
1320 213
1320 253
1320 254
1321 229
1321 230
1321 231
1321 232
1321 233
1321 234
1321 235
1321 236
1322 208
1322 209
1322 210
1322 211
1322 212
1322 213
1322 214
1322 254
1322 255
1323 230
1323 231
1323 232
1323 233
1323 234
1323 235
1323 236
1323 237
1324 209
1324 210
1324 211
1324 212
1324 213
1324 214
1324 215
1325 231
1325 232
1325 233
1325 234
1325 235
1325 236
1325 237
1325 238
1326 210
1326 211
1326 212
1326 213
1326 214
1326 215
1326 216
1327 232
1327 233
1327 234
1327 235
1327 236
1327 237
1327 238
1327 239
1328 211
1328 212
1328 213
1328 214
1328 215
1328 216
1328 217
1329 233
1329 234
1329 235
1329 236
1329 237
1329 238
1329 239
1329 240
1330 212
1330 213
1330 214
1330 215
1330 216
1330 217
1330 218
1330 219
1331 234
1331 235
1331 236
1331 237
1331 238
1331 239
1331 240
1331 241
1332 213
1332 214
1332 215
1332 216
1332 217
1332 218
1332 219
1332 220
1333 195
1333 196
1333 235
1333 236
1333 237
1333 238
1333 239
1333 240
1333 241
1333 242
1334 214
1334 215
1334 216
1334 217
1334 218
1334 219
1334 220
1334 221
1335 196
1335 197
1335 198
1335 236
1335 237
1335 238
1335 239
1335 240
1335 241
1335 242
1335 243
1336 215
1336 216
1336 217
1336 218
1336 219
1336 220
1336 221
1336 222
1337 197
1337 198
1337 199
1337 237
1337 238
1337 239
1337 240
1337 241
1337 242
1337 243
1338 216
1338 217
1338 218
1338 219
1338 220
1338 221
1338 222
1338 223
1339 197
1339 198
1339 199
1339 200
1339 238
1339 239
1339 240
1339 241
1339 242
1339 243
1339 244
1340 217
1340 218
1340 219
1340 220
1340 221
1340 222
1340 223
1340 224
1341 198
1341 199
1341 200
1341 201
1341 240
1341 241
1341 242
1341 243
1341 244
1341 245
1342 218
1342 219
1342 220
1342 221
1342 222
1342 223
1342 224
1342 225
1343 199
1343 200
1343 201
1343 202
1343 203
1343 241
1343 242
1343 243
1343 244
1343 245
1343 246
1344 219
1344 220
1344 221
1344 222
1344 223
1344 224
1344 225
1344 226
1345 200
1345 201
1345 202
1345 203
1345 204
1345 242
1345 243
1345 244
1345 245
1345 246
1345 247
1346 220
1346 221
1346 222
1346 223
1346 224
1346 225
1346 226
1346 227
1347 200
1347 201
1347 202
1347 203
1347 204
1347 205
1347 243
1347 244
1347 245
1347 246
1347 247
1347 248
1348 221
1348 222
1348 223
1348 224
1348 225
1348 226
1348 227
1348 228
1349 201
1349 202
1349 203
1349 204
1349 205
1349 206
1349 244
1349 245
1349 246
1349 247
1349 248
1349 249
1350 222
1350 223
1350 224
1350 225
1350 226
1350 227
1350 228
1350 229
1351 202
1351 203
1351 204
1351 205
1351 206
1351 207
1351 245
1351 246
1351 247
1351 248
1351 249
1351 250
1352 223
1352 224
1352 225
1352 226
1352 227
1352 228
1352 229
1352 230
1353 203
1353 204
1353 205
1353 206
1353 207
1353 208
1353 246
1353 247
1353 248
1353 249
1353 250
1353 251
1354 224
1354 225
1354 226
1354 227
1354 228
1354 229
1354 230
1354 231
1355 204
1355 205
1355 206
1355 207
1355 208
1355 209
1355 247
1355 248
1355 249
1355 250
1355 251
1355 252
1356 225
1356 226
1356 227
1356 228
1356 229
1356 230
1356 231
1356 232
1357 205
1357 206
1357 207
1357 208
1357 209
1357 210
1357 249
1357 250
1357 251
1357 252
1357 253
1358 226
1358 227
1358 228
1358 229
1358 230
1358 231
1358 232
1358 233
1359 206
1359 207
1359 208
1359 209
1359 210
1359 211
1359 250
1359 251
1359 252
1359 253
1359 254
1360 227
1360 228
1360 229
1360 230
1360 231
1360 232
1360 233
1360 234
1361 207
1361 208
1361 209
1361 210
1361 211
1361 212
1361 213
1361 251
1361 252
1361 253
1361 254
1361 255
1362 228
1362 229
1362 230
1362 231
1362 232
1362 233
1362 234
1362 235
1363 208
1363 209
1363 210
1363 211
1363 212
1363 213
1363 214
1363 252
1363 253
1363 254
1363 255
1364 229
1364 230
1364 231
1364 232
1364 233
1364 234
1364 235
1364 236
1365 208
1365 209
1365 210
1365 211
1365 212
1365 213
1365 214
1365 215
1365 253
1365 254
1365 255
1365 256
1366 230
1366 231
1366 232
1366 233
1366 234
1366 235
1366 236
1366 237
1367 209
1367 210
1367 211
1367 212
1367 213
1367 214
1367 215
1367 216
1367 255
1367 256
1367 257
1368 231
1368 232
1368 233
1368 234
1368 235
1368 236
1368 237
1368 238
1369 210
1369 211
1369 212
1369 213
1369 214
1369 215
1369 216
1369 217
1369 256
1369 257
1369 258
1370 232
1370 233
1370 234
1370 235
1370 236
1370 237
1370 238
1370 239
1371 211
1371 212
1371 213
1371 214
1371 215
1371 216
1371 217
1371 218
1371 258
1372 194
1372 233
1372 234
1372 235
1372 236
1372 237
1372 238
1372 239
1372 240
1373 212
1373 213
1373 214
1373 215
1373 216
1373 217
1373 218
1373 219
1374 194
1374 195
1374 196
1374 234
1374 235
1374 236
1374 237
1374 238
1374 239
1374 240
1374 241
1375 213
1375 214
1375 215
1375 216
1375 217
1375 218
1375 219
1375 220
1376 195
1376 196
1376 197
1376 235
1376 236
1376 237
1376 238
1376 239
1376 240
1376 241
1376 242
1377 214
1377 215
1377 216
1377 217
1377 218
1377 219
1377 220
1377 221
1378 196
1378 197
1378 198
1378 236
1378 237
1378 238
1378 239
1378 240
1378 241
1378 242
1378 243
1379 215
1379 216
1379 217
1379 218
1379 219
1379 220
1379 221
1379 222
1380 196
1380 197
1380 198
1380 199
1380 238
1380 239
1380 240
1380 241
1380 242
1380 243
1380 244
1381 216
1381 217
1381 218
1381 219
1381 220
1381 221
1381 222
1381 223
1382 197
1382 198
1382 199
1382 200
1382 201
1382 239
1382 240
1382 241
1382 242
1382 243
1382 244
1382 245
1383 217
1383 218
1383 219
1383 220
1383 221
1383 222
1383 223
1383 224
1384 198
1384 199
1384 200
1384 201
1384 202
1384 240
1384 241
1384 242
1384 243
1384 244
1384 245
1384 246
1385 218
1385 219
1385 220
1385 221
1385 222
1385 223
1385 224
1385 225
1386 199
1386 200
1386 201
1386 202
1386 203
1386 241
1386 242
1386 243
1386 244
1386 245
1386 246
1386 247
1387 219
1387 220
1387 221
1387 222
1387 223
1387 224
1387 225
1387 226
1388 200
1388 201
1388 202
1388 203
1388 204
1388 242
1388 243
1388 244
1388 245
1388 246
1388 247
1388 248
1389 220
1389 221
1389 222
1389 223
1389 224
1389 225
1389 226
1389 227
1390 201
1390 202
1390 203
1390 204
1390 205
1390 243
1390 244
1390 245
1390 246
1390 247
1390 248
1390 249
1391 221
1391 222
1391 223
1391 224
1391 225
1391 226
1391 227
1391 228
1392 201
1392 202
1392 203
1392 204
1392 205
1392 206
1392 244
1392 245
1392 246
1392 247
1392 248
1392 249
1392 250
1393 222
1393 223
1393 224
1393 225
1393 226
1393 227
1393 228
1393 229
1394 202
1394 203
1394 204
1394 205
1394 206
1394 207
1394 245
1394 246
1394 247
1394 248
1394 249
1394 250
1394 251
1395 223
1395 224
1395 225
1395 226
1395 227
1395 228
1395 229
1395 230
1396 203
1396 204
1396 205
1396 206
1396 207
1396 208
1396 246
1396 247
1396 248
1396 249
1396 250
1396 251
1396 252
1397 224
1397 225
1397 226
1397 227
1397 228
1397 229
1397 230
1397 231
1398 204
1398 205
1398 206
1398 207
1398 208
1398 209
1398 248
1398 249
1398 250
1398 251
1398 252
1399 225
1399 226
1399 227
1399 228
1399 229
1399 230
1399 231
1399 232
1400 205
1400 206
1400 207
1400 208
1400 209
1400 210
1400 211
1400 249
1400 250
1400 251
1400 252
1400 253
1401 226
1401 227
1401 228
1401 229
1401 230
1401 231
1401 232
1401 233
1402 206
1402 207
1402 208
1402 209
1402 210
1402 211
1402 212
1402 250
1402 251
1402 252
1402 253
1402 254
1403 227
1403 228
1403 229
1403 230
1403 231
1403 232
1403 233
1403 234
1404 207
1404 208
1404 209
1404 210
1404 211
1404 212
1404 213
1404 251
1404 252
1404 253
1404 254
1404 255
1405 228
1405 229
1405 230
1405 231
1405 232
1405 233
1405 234
1405 235
1406 208
1406 209
1406 210
1406 211
1406 212
1406 213
1406 214
1406 252
1406 253
1406 254
1406 255
1406 256
1407 229
1407 230
1407 231
1407 232
1407 233
1407 234
1407 235
1407 236
1408 209
1408 210
1408 211
1408 212
1408 213
1408 214
1408 215
1408 254
1408 255
1408 256
1408 257
1409 230
1409 231
1409 232
1409 233
1409 234
1409 235
1409 236
1409 237
1410 210
1410 211
1410 212
1410 213
1410 214
1410 215
1410 216
1410 255
1410 256
1410 257
1411 231
1411 232
1411 233
1411 234
1411 235
1411 236
1411 237
1411 238
1412 211
1412 212
1412 213
1412 214
1412 215
1412 216
1412 217
1412 256
1412 257
1412 258
1413 233
1413 234
1413 235
1413 236
1413 237
1413 238
1413 239
1414 212
1414 213
1414 214
1414 215
1414 216
1414 217
1414 218
1414 258
1415 194
1415 234
1415 235
1415 236
1415 237
1415 238
1415 239
1415 240
1416 213
1416 214
1416 215
1416 216
1416 217
1416 218
1416 219
1417 195
1417 196
1417 235
1417 236
1417 237
1417 238
1417 239
1417 240
1417 241
1418 214
1418 215
1418 216
1418 217
1418 218
1418 219
1418 220
1419 195
1419 196
1419 197
1419 236
1419 237
1419 238
1419 239
1419 240
1419 241
1419 242
1420 214
1420 215
1420 216
1420 217
1420 218
1420 219
1420 220
1420 221
1421 196
1421 197
1421 198
1421 237
1421 238
1421 239
1421 240
1421 241
1421 242
1421 243
1422 215
1422 216
1422 217
1422 218
1422 219
1422 220
1422 221
1422 222
1423 197
1423 198
1423 199
1423 238
1423 239
1423 240
1423 241
1423 242
1423 243
1423 244
1424 216
1424 217
1424 218
1424 219
1424 220
1424 221
1424 222
1424 223
1425 197
1425 198
1425 199
1425 200
1425 201
1425 239
1425 240
1425 241
1425 242
1425 243
1425 244
1425 245
1426 217
1426 218
1426 219
1426 220
1426 221
1426 222
1426 223
1426 224
1427 198
1427 199
1427 200
1427 201
1427 202
1427 240
1427 241
1427 242
1427 243
1427 244
1427 245
1427 246
1428 218
1428 219
1428 220
1428 221
1428 222
1428 223
1428 224
1428 225
1429 199
1429 200
1429 201
1429 202
1429 203
1429 241
1429 242
1429 243
1429 244
1429 245
1429 246
1429 247
1430 219
1430 220
1430 221
1430 222
1430 223
1430 224
1430 225
1430 226
1431 200
1431 201
1431 202
1431 203
1431 204
1431 242
1431 243
1431 244
1431 245
1431 246
1431 247
1431 248
1432 220
1432 221
1432 222
1432 223
1432 224
1432 225
1432 226
1432 227
1433 201
1433 202
1433 203
1433 204
1433 205
1433 244
1433 245
1433 246
1433 247
1433 248
1433 249
1434 221
1434 222
1434 223
1434 224
1434 225
1434 226
1434 227
1434 228
1435 202
1435 203
1435 204
1435 205
1435 206
1435 245
1435 246
1435 247
1435 248
1435 249
1435 250
1436 223
1436 224
1436 225
1436 226
1436 227
1436 228
1436 229
1437 203
1437 204
1437 205
1437 206
1437 207
1437 246
1437 247
1437 248
1437 249
1437 250
1437 251
1438 224
1438 225
1438 226
1438 227
1438 228
1438 229
1438 230
1439 204
1439 205
1439 206
1439 207
1439 208
1439 247
1439 248
1439 249
1439 250
1439 251
1439 252
1440 225
1440 226
1440 227
1440 228
1440 229
1440 230
1440 231
1441 204
1441 205
1441 206
1441 207
1441 208
1441 209
1441 248
1441 249
1441 250
1441 251
1441 252
1442 226
1442 227
1442 228
1442 229
1442 230
1442 231
1442 232
1443 205
1443 206
1443 207
1443 208
1443 209
1443 210
1443 249
1443 250
1443 251
1443 252
1443 253
1444 227
1444 228
1444 229
1444 230
1444 231
1444 232
1444 233
1445 206
1445 207
1445 208
1445 209
1445 210
1445 211
1445 212
1445 251
1445 252
1445 253
1445 254
1446 228
1446 229
1446 230
1446 231
1446 232
1446 233
1446 234
1447 207
1447 208
1447 209
1447 210
1447 211
1447 212
1447 213
1447 252
1447 253
1447 254
1447 255
1448 229
1448 230
1448 231
1448 232
1448 233
1448 234
1448 235
1449 208
1449 209
1449 210
1449 211
1449 212
1449 213
1449 214
1449 253
1449 254
1449 255
1449 256
1450 230
1450 231
1450 232
1450 233
1450 234
1450 235
1450 236
1451 209
1451 210
1451 211
1451 212
1451 213
1451 214
1451 215
1451 255
1451 256
1452 231
1452 232
1452 233
1452 234
1452 235
1452 236
1452 237
1453 210
1453 211
1453 212
1453 213
1453 214
1453 215
1453 216
1453 256
1453 257
1454 232
1454 233
1454 234
1454 235
1454 236
1454 237
1454 238
1455 211
1455 212
1455 213
1455 214
1455 215
1455 216
1455 217
1456 233
1456 234
1456 235
1456 236
1456 237
1456 238
1456 239
1457 212
1457 213
1457 214
1457 215
1457 216
1457 217
1457 218
1458 234
1458 235
1458 236
1458 237
1458 238
1458 239
1458 240
1459 213
1459 214
1459 215
1459 216
1459 217
1459 218
1459 219
1460 235
1460 236
1460 237
1460 238
1460 239
1460 240
1460 241
1461 214
1461 215
1461 216
1461 217
1461 218
1461 219
1461 220
1462 236
1462 237
1462 238
1462 239
1462 240
1462 241
1462 242
1463 215
1463 216
1463 217
1463 218
1463 219
1463 220
1463 221
1464 197
1464 237
1464 238
1464 239
1464 240
1464 241
1464 242
1464 243
1465 216
1465 217
1465 218
1465 219
1465 220
1465 221
1465 222
1466 198
1466 199
1466 239
1466 240
1466 241
1466 242
1466 243
1466 244
1467 217
1467 218
1467 219
1467 220
1467 221
1467 222
1467 223
1468 198
1468 199
1468 200
1468 240
1468 241
1468 242
1468 243
1468 244
1468 245
1469 218
1469 219
1469 220
1469 221
1469 222
1469 223
1469 224
1470 199
1470 200
1470 201
1470 241
1470 242
1470 243
1470 244
1470 245
1470 246
1471 219
1471 220
1471 221
1471 222
1471 223
1471 224
1471 225
1472 200
1472 201
1472 202
1472 242
1472 243
1472 244
1472 245
1472 246
1472 247
1473 220
1473 221
1473 222
1473 223
1473 224
1473 225
1473 226
1474 201
1474 202
1474 203
1474 243
1474 244
1474 245
1474 246
1474 247
1474 248
1475 221
1475 222
1475 223
1475 224
1475 225
1475 226
1475 227
1476 202
1476 203
1476 204
1476 205
1476 244
1476 245
1476 246
1476 247
1476 248
1477 222
1477 223
1477 224
1477 225
1477 226
1477 227
1477 228
1478 202
1478 203
1478 204
1478 205
1478 206
1478 246
1478 247
1478 248
1478 249
1479 223
1479 224
1479 225
1479 226
1479 227
1479 228
1479 229
1480 203
1480 204
1480 205
1480 206
1480 207
1480 247
1480 248
1480 249
1480 250
1481 224
1481 225
1481 226
1481 227
1481 228
1481 229
1481 230
1482 204
1482 205
1482 206
1482 207
1482 208
1482 248
1482 249
1482 250
1482 251
1483 225
1483 226
1483 227
1483 228
1483 229
1483 230
1483 231
1484 205
1484 206
1484 207
1484 208
1484 209
1484 249
1484 250
1484 251
1484 252
1485 226
1485 227
1485 228
1485 229
1485 230
1485 231
1485 232
1486 206
1486 207
1486 208
1486 209
1486 210
1486 251
1486 252
1487 227
1487 228
1487 229
1487 230
1487 231
1487 232
1487 233
1488 207
1488 208
1488 209
1488 210
1488 211
1488 252
1488 253
1489 228
1489 229
1489 230
1489 231
1489 232
1489 233
1489 234
1490 208
1490 209
1490 210
1490 211
1490 212
1491 230
1491 231
1491 232
1491 233
1491 234
1491 235
1492 209
1492 210
1492 211
1492 212
1492 213
1493 231
1493 232
1493 233
1493 234
1493 235
1493 236
1494 210
1494 211
1494 212
1494 213
1494 214
1495 232
1495 233
1495 234
1495 235
1495 236
1495 237
1496 211
1496 212
1496 213
1496 214
1496 215
1497 233
1497 234
1497 235
1497 236
1497 237
1497 238
1498 212
1498 213
1498 214
1498 215
1498 216
1499 234
1499 235
1499 236
1499 237
1499 238
1499 239
1500 213
1500 214
1500 215
1500 216
1500 217
1501 235
1501 236
1501 237
1501 238
1501 239
1502 214
1502 215
1502 216
1502 217
1502 218
1503 236
1503 237
1503 238
1503 239
1503 240
1504 215
1504 216
1504 217
1504 218
1504 219
1505 237
1505 238
1505 239
1505 240
1505 241
1506 216
1506 217
1506 218
1506 219
1506 220
1507 239
1507 240
1507 241
1507 242
1508 217
1508 218
1508 219
1508 220
1508 221
1509 240
1509 241
1509 242
1509 243
1510 218
1510 219
1510 220
1510 221
1510 222
1511 241
1511 242
1511 243
1511 244
1512 219
1512 220
1512 221
1512 222
1512 223
1513 242
1513 243
1513 244
1513 245
1514 220
1514 221
1514 222
1514 223
1514 224
1515 243
1515 244
1515 245
1516 221
1516 222
1516 223
1516 224
1516 225
1517 245
1517 246
1518 222
1518 223
1518 224
1518 225
1518 226
1519 246
1520 223
1520 224
1520 225
1520 226
1520 227
1522 224
1522 225
1522 226
1522 227
1522 228
1523 205
1524 225
1524 226
1524 227
1524 228
1524 229
1525 206
1526 226
1526 227
1526 228
1526 229
1526 230
1527 207
1528 228
1528 229
1528 230
1528 231
1529 208
1529 209
1530 229
1530 230
1530 231
1530 232
1531 209
1531 210
1532 230
1532 231
1532 232
1532 233
1533 210
1533 211
1534 231
1534 232
1534 233
1534 234
1535 211
1535 212
1536 232
1536 233
1536 234
1537 212
1537 213
1538 233
1538 234
1538 235
1539 213
1539 214
1540 235
1540 236
1541 214
1541 215
1542 236
1542 237
1543 215
1543 216
1545 216
1545 217
1547 217
1547 218
1549 218
1551 219
1553 220
1770 23
1772 24
1774 25
1776 26
1778 27
1780 28
