910 547
913 541
915 552
915 553
917 563
918 545
918 546
918 547
920 556
920 557
920 558
921 540
923 550
923 551
923 552
924 534
925 561
925 562
925 563
926 544
926 545
926 546
928 555
928 556
928 557
929 538
929 539
930 566
930 567
931 548
931 549
931 550
931 551
932 533
933 559
933 560
933 561
933 562
934 542
934 543
934 544
934 545
935 571
935 572
936 553
936 554
936 555
936 556
937 537
937 538
938 564
938 565
938 566
938 567
939 547
939 548
939 549
939 550
940 0
940 1
940 531
941 558
941 559
941 560
941 561
942 541
942 542
942 543
942 544
943 569
943 570
943 571
944 552
944 553
944 554
944 555
945 535
945 536
945 537
946 562
946 563
946 564
946 565
946 566
947 546
947 547
947 548
947 549
948 0
948 530
948 574
948 575
949 556
949 557
949 558
949 559
949 560
950 540
950 541
950 542
951 567
951 568
951 569
951 570
952 550
952 551
952 552
952 553
952 554
953 3
953 4
953 534
953 535
953 536
954 561
954 562
954 563
954 564
954 565
955 544
955 545
955 546
955 547
956 572
956 573
956 574
956 575
957 555
957 556
957 557
957 558
957 559
958 538
958 539
958 540
958 541
959 566
959 567
959 568
959 569
960 549
960 550
960 551
960 552
961 1
961 2
961 3
961 4
961 533
961 534
961 535
962 559
962 560
962 561
962 562
962 563
963 543
963 544
963 545
963 546
964 571
964 572
964 573
964 574
965 553
965 554
965 555
965 556
965 557
966 6
966 7
966 8
966 537
966 538
966 539
966 540
967 564
967 565
967 566
967 567
967 568
968 547
968 548
968 549
968 550
968 551
969 0
969 1
969 2
969 3
969 532
969 533
969 575
970 558
970 559
970 560
970 561
970 562
971 12
971 541
971 542
971 543
971 544
971 545
972 569
972 570
972 571
972 572
972 573
973 552
973 553
973 554
973 555
973 556
974 5
974 6
974 7
974 536
974 537
974 538
974 539
975 563
975 564
975 565
975 566
975 567
976 546
976 547
976 548
976 549
976 550
977 0
977 1
977 2
977 531
977 532
977 574
977 575
978 557
978 558
978 559
978 560
978 561
979 10
979 11
979 12
979 540
979 541
979 542
979 543
979 544
980 567
980 568
980 569
980 570
980 571
980 572
981 551
981 552
981 553
981 554
981 555
982 3
982 4
982 5
982 6
982 535
982 536
982 537
983 561
983 562
983 563
983 564
983 565
983 566
984 545
984 546
984 547
984 548
984 549
985 0
985 1
985 530
985 572
985 573
985 574
985 575
986 555
986 556
986 557
986 558
986 559
986 560
987 8
987 9
987 10
987 11
987 539
987 540
987 541
987 542
988 566
988 567
988 568
988 569
988 570
988 571
989 549
989 550
989 551
989 552
989 553
989 554
990 1
990 2
990 3
990 4
990 5
990 533
990 534
990 535
990 536
991 560
991 561
991 562
991 563
991 564
991 565
992 13
992 14
992 15
992 543
992 544
992 545
992 546
992 547
992 548
993 571
993 572
993 573
993 574
993 575
994 554
994 555
994 556
994 557
994 558
994 559
995 6
995 7
995 8
995 9
995 10
995 538
995 539
995 540
995 541
996 564
996 565
996 566
996 567
996 568
996 569
996 570
997 548
997 549
997 550
997 551
997 552
997 553
998 0
998 1
998 2
998 3
998 4
998 532
998 533
998 534
999 558
999 559
999 560
999 561
999 562
999 563
999 564
1000 11
1000 12
1000 13
1000 14
1000 542
1000 543
1000 544
1000 545
1000 546
1001 569
1001 570
1001 571
1001 572
1001 573
1001 574
1002 552
1002 553
1002 554
1002 555
1002 556
1002 557
1003 5
1003 6
1003 7
1003 8
1003 9
1003 537
1003 538
1003 539
1003 540
1004 563
1004 564
1004 565
1004 566
1004 567
1004 568
1005 17
1005 18
1005 547
1005 548
1005 549
1005 550
1005 551
1006 0
1006 1
1006 2
1006 3
1006 531
1006 532
1006 533
1006 574
1006 575
1007 557
1007 558
1007 559
1007 560
1007 561
1007 562
1008 10
1008 11
1008 12
1008 13
1008 541
1008 542
1008 543
1008 544
1008 545
1009 568
1009 569
1009 570
1009 571
1009 572
1009 573
1010 551
1010 552
1010 553
1010 554
1010 555
1010 556
1011 3
1011 4
1011 5
1011 6
1011 7
1011 8
1011 535
1011 536
1011 537
1011 538
1012 562
1012 563
1012 564
1012 565
1012 566
1012 567
1013 15
1013 16
1013 17
1013 545
1013 546
1013 547
1013 548
1013 549
1013 550
1014 0
1014 1
1014 2
1014 531
1014 573
1014 574
1014 575
1015 556
1015 557
1015 558
1015 559
1015 560
1015 561
1016 8
1016 9
1016 10
1016 11
1016 12
1016 540
1016 541
1016 542
1016 543
1017 566
1017 567
1017 568
1017 569
1017 570
1017 571
1017 572
1018 550
1018 551
1018 552
1018 553
1018 554
1018 555
1019 1
1019 2
1019 3
1019 4
1019 5
1019 6
1019 534
1019 535
1019 536
1019 537
1020 560
1020 561
1020 562
1020 563
1020 564
1020 565
1020 566
1021 13
1021 14
1021 15
1021 16
1021 544
1021 545
1021 546
1021 547
1021 548
1021 549
1022 0
1022 1
1022 571
1022 572
1022 573
1022 574
1022 575
1023 554
1023 555
1023 556
1023 557
1023 558
1023 559
1023 560
1024 6
1024 7
1024 8
1024 9
1024 10
1024 11
1024 538
1024 539
1024 540
1024 541
1024 542
1025 565
1025 566
1025 567
1025 568
1025 569
1025 570
1025 571
1026 19
1026 20
1026 548
1026 549
1026 550
1026 551
1026 552
1026 553
1026 554
1027 0
1027 1
1027 2
1027 3
1027 4
1027 5
1027 533
1027 534
1027 535
1028 559
1028 560
1028 561
1028 562
1028 563
1028 564
1028 565
1029 12
1029 13
1029 14
1029 15
1029 543
1029 544
1029 545
1029 546
1029 547
1030 570
1030 571
1030 572
1030 573
1030 574
1030 575
1031 553
1031 554
1031 555
1031 556
1031 557
1031 558
1032 5
1032 6
1032 7
1032 8
1032 9
1032 10
1032 537
1032 538
1032 539
1032 540
1032 541
1033 564
1033 565
1033 566
1033 567
1033 568
1033 569
1034 17
1034 18
1034 19
1034 547
1034 548
1034 549
1034 550
1034 551
1034 552
1035 0
1035 1
1035 2
1035 3
1035 4
1035 532
1035 533
1035 575
1036 558
1036 559
1036 560
1036 561
1036 562
1036 563
1037 10
1037 11
1037 12
1037 13
1037 14
1037 542
1037 543
1037 544
1037 545
1037 546
1038 568
1038 569
1038 570
1038 571
1038 572
1038 573
1038 574
1039 552
1039 553
1039 554
1039 555
1039 556
1039 557
1040 3
1040 4
1040 5
1040 6
1040 7
1040 8
1040 536
1040 537
1040 538
1040 539
1041 562
1041 563
1041 564
1041 565
1041 566
1041 567
1041 568
1042 15
1042 16
1042 17
1042 18
1042 546
1042 547
1042 548
1042 549
1042 550
1042 551
1043 0
1043 1
1043 2
1043 3
1043 573
1043 574
1043 575
1044 556
1044 557
1044 558
1044 559
1044 560
1044 561
1044 562
1045 8
1045 9
1045 10
1045 11
1045 12
1045 13
1045 540
1045 541
1045 542
1045 543
1045 544
1046 567
1046 568
1046 569
1046 570
1046 571
1046 572
1046 573
1047 21
1047 22
1047 550
1047 551
1047 552
1047 553
1047 554
1047 555
1047 556
1048 2
1048 3
1048 4
1048 5
1048 6
1048 7
1048 535
1048 536
1048 537
1049 561
1049 562
1049 563
1049 564
1049 565
1049 566
1049 567
1050 14
1050 15
1050 16
1050 17
1050 545
1050 546
1050 547
1050 548
1050 549
1051 0
1051 1
1051 572
1051 573
1051 574
1051 575
1052 555
1052 556
1052 557
1052 558
1052 559
1052 560
1052 561
1053 7
1053 8
1053 9
1053 10
1053 11
1053 12
1053 539
1053 540
1053 541
1053 542
1053 543
1054 565
1054 566
1054 567
1054 568
1054 569
1054 570
1054 571
1055 19
1055 20
1055 21
1055 549
1055 550
1055 551
1055 552
1055 553
1055 554
1056 0
1056 1
1056 2
1056 3
1056 4
1056 5
1056 6
1056 534
1056 535
1056 536
1057 559
1057 560
1057 561
1057 562
1057 563
1057 564
1057 565
1058 12
1058 13
1058 14
1058 15
1058 16
1058 543
1058 544
1058 545
1058 546
1058 547
1058 548
1059 0
1059 570
1059 571
1059 572
1059 573
1059 574
1059 575
1060 554
1060 555
1060 556
1060 557
1060 558
1060 559
1061 5
1061 6
1061 7
1061 8
1061 9
1061 10
1061 538
1061 539
1061 540
1061 541
1062 564
1062 565
1062 566
1062 567
1062 568
1062 569
1062 570
1063 17
1063 18
1063 19
1063 20
1063 548
1063 549
1063 550
1063 551
1063 552
1063 553
1064 0
1064 1
1064 2
1064 3
1064 4
1064 5
1064 534
1064 575
1065 558
1065 559
1065 560
1065 561
1065 562
1065 563
1065 564
1066 10
1066 11
1066 12
1066 13
1066 14
1066 15
1066 542
1066 543
1066 544
1066 545
1066 546
1067 569
1067 570
1067 571
1067 572
1067 573
1067 574
1067 575
1068 23
1068 552
1068 553
1068 554
1068 555
1068 556
1068 557
1068 558
1069 4
1069 5
1069 6
1069 7
1069 8
1069 9
1069 537
1069 538
1069 539
1069 540
1070 563
1070 564
1070 565
1070 566
1070 567
1070 568
1070 569
1071 16
1071 17
1071 18
1071 19
1071 547
1071 548
1071 549
1071 550
1071 551
1072 0
1072 1
1072 2
1072 3
1072 574
1072 575
1073 557
1073 558
1073 559
1073 560
1073 561
1073 562
1073 563
1074 9
1074 10
1074 11
1074 12
1074 13
1074 14
1074 541
1074 542
1074 543
1074 544
1074 545
1075 567
1075 568
1075 569
1075 570
1075 571
1075 572
1075 573
1076 21
1076 22
1076 23
1076 551
1076 552
1076 553
1076 554
1076 555
1076 556
1077 2
1077 3
1077 4
1077 5
1077 6
1077 7
1077 8
1077 536
1077 537
1077 538
1078 561
1078 562
1078 563
1078 564
1078 565
1078 566
1078 567
1079 14
1079 15
1079 16
1079 17
1079 18
1079 545
1079 546
1079 547
1079 548
1079 549
1079 550
1080 0
1080 1
1080 2
1080 572
1080 573
1080 574
1080 575
1081 556
1081 557
1081 558
1081 559
1081 560
1081 561
1082 7
1082 8
1082 9
1082 10
1082 11
1082 12
1082 540
1082 541
1082 542
1082 543
1083 566
1083 567
1083 568
1083 569
1083 570
1083 571
1083 572
1084 19
1084 20
1084 21
1084 22
1084 550
1084 551
1084 552
1084 553
1084 554
1084 555
1085 1
1085 2
1085 3
1085 4
1085 5
1085 6
1085 7
1085 536
1086 560
1086 561
1086 562
1086 563
1086 564
1086 565
1086 566
1087 12
1087 13
1087 14
1087 15
1087 16
1087 544
1087 545
1087 546
1087 547
1087 548
1088 0
1088 1
1088 571
1088 572
1088 573
1088 574
1088 575
1089 554
1089 555
1089 556
1089 557
1089 558
1089 559
1089 560
1090 6
1090 7
1090 8
1090 9
1090 10
1090 11
1090 539
1090 540
1090 541
1090 542
1091 565
1091 566
1091 567
1091 568
1091 569
1091 570
1091 571
1092 18
1092 19
1092 20
1092 549
1092 550
1092 551
1092 552
1092 553
1093 0
1093 1
1093 2
1093 3
1093 4
1093 5
1094 559
1094 560
1094 561
1094 562
1094 563
1094 564
1094 565
1095 11
1095 12
1095 13
1095 14
1095 15
1095 543
1095 544
1095 545
1095 546
1095 547
1096 569
1096 570
1096 571
1096 572
1096 573
1096 574
1096 575
1097 553
1097 554
1097 555
1097 556
1097 557
1097 558
1098 4
1098 5
1098 6
1098 7
1098 8
1098 9
1098 10
1098 538
1098 539
1098 540
1099 563
1099 564
1099 565
1099 566
1099 567
1099 568
1099 569
1100 16
1100 17
1100 18
1100 19
1100 547
1100 548
1100 549
1100 550
1100 551
1100 552
1101 0
1101 1
1101 2
1101 3
1101 4
1101 574
1101 575
1102 558
1102 559
1102 560
1102 561
1102 562
1102 563
1103 9
1103 10
1103 11
1103 12
1103 13
1103 14
1103 542
1103 543
1103 544
1103 545
1104 568
1104 569
1104 570
1104 571
1104 572
1104 573
1104 574
1105 22
1105 23
1105 552
1105 553
1105 554
1105 555
1105 556
1105 557
1106 3
1106 4
1106 5
1106 6
1106 7
1106 8
1106 538
1107 562
1107 563
1107 564
1107 565
1107 566
1107 567
1107 568
1108 15
1108 16
1108 17
1108 18
1108 546
1108 547
1108 548
1108 549
1108 550
1109 0
1109 1
1109 2
1109 3
1109 573
1109 574
1109 575
1110 556
1110 557
1110 558
1110 559
1110 560
1110 561
1110 562
1111 8
1111 9
1111 10
1111 11
1111 12
1111 13
1111 541
1111 542
1111 543
1111 544
1112 567
1112 568
1112 569
1112 570
1112 571
1112 572
1112 573
1113 20
1113 21
1113 22
1113 551
1113 552
1113 553
1113 554
1113 555
1114 2
1114 3
1114 4
1114 5
1114 6
1114 7
1115 561
1115 562
1115 563
1115 564
1115 565
1115 566
1116 13
1116 14
1116 15
1116 16
1116 17
1116 545
1116 546
1116 547
1116 548
1116 549
1117 0
1117 1
1117 571
1117 572
1117 573
1117 574
1117 575
1118 555
1118 556
1118 557
1118 558
1118 559
1118 560
1119 6
1119 7
1119 8
1119 9
1119 10
1119 11
1119 540
1119 541
1119 542
1120 565
1120 566
1120 567
1120 568
1120 569
1120 570
1120 571
1121 18
1121 19
1121 20
1121 21
1121 549
1121 550
1121 551
1121 552
1121 553
1121 554
1122 0
1122 1
1122 2
1122 3
1122 4
1122 5
1122 6
1123 560
1123 561
1123 562
1123 563
1123 564
1123 565
1124 12
1124 13
1124 14
1124 15
1124 16
1124 544
1124 545
1124 546
1124 547
1125 0
1125 570
1125 571
1125 572
1125 573
1125 574
1125 575
1126 554
1126 555
1126 556
1126 557
1126 558
1126 559
1127 5
1127 6
1127 7
1127 8
1127 9
1127 10
1128 564
1128 565
1128 566
1128 567
1128 568
1128 569
1128 570
1129 17
1129 18
1129 19
1129 20
1129 548
1129 549
1129 550
1129 551
1129 552
1130 0
1130 1
1130 2
1130 3
1130 4
1130 575
1131 558
1131 559
1131 560
1131 561
1131 562
1131 563
1131 564
1132 10
1132 11
1132 12
1132 13
1132 14
1132 543
1132 544
1132 545
1132 546
1133 569
1133 570
1133 571
1133 572
1133 573
1133 574
1134 553
1134 554
1134 555
1134 556
1134 557
1135 4
1135 5
1135 6
1135 7
1135 8
1135 9
1136 563
1136 564
1136 565
1136 566
1136 567
1136 568
1137 15
1137 16
1137 17
1137 18
1137 547
1137 548
1137 549
1137 550
1137 551
1138 0
1138 1
1138 2
1138 3
1138 573
1138 574
1138 575
1139 557
1139 558
1139 559
1139 560
1139 561
1139 562
1140 9
1140 10
1140 11
1140 12
1140 13
1140 542
1140 543
1140 544
1141 567
1141 568
1141 569
1141 570
1141 571
1141 572
1141 573
1142 21
1142 22
1142 551
1142 552
1142 553
1142 554
1142 555
1142 556
1143 2
1143 3
1143 4
1143 5
1143 6
1143 7
1144 562
1144 563
1144 564
1144 565
1144 566
1144 567
1145 14
1145 15
1145 16
1145 17
1145 546
1145 547
1145 548
1145 549
1146 0
1146 1
1146 572
1146 573
1146 574
1146 575
1147 556
1147 557
1147 558
1147 559
1147 560
1147 561
1148 7
1148 8
1148 9
1148 10
1148 11
1148 12
1149 566
1149 567
1149 568
1149 569
1149 570
1149 571
1150 19
1150 20
1150 21
1150 550
1150 551
1150 552
1150 553
1150 554
1151 1
1151 2
1151 3
1151 4
1151 5
1151 6
1152 560
1152 561
1152 562
1152 563
1152 564
1152 565
1153 12
1153 13
1153 14
1153 15
1153 16
1153 545
1153 546
1153 547
1154 0
1154 571
1154 572
1154 573
1154 574
1154 575
1155 555
1155 556
1155 557
1155 558
1155 559
1156 6
1156 7
1156 8
1156 9
1156 10
1157 565
1157 566
1157 567
1157 568
1157 569
1157 570
1158 18
1158 19
1158 549
1158 550
1158 551
1158 552
1159 0
1159 1
1159 2
1159 3
1159 4
1160 559
1160 560
1160 561
1160 562
1160 563
1160 564
1161 11
1161 12
1161 13
1161 14
1161 545
1162 570
1162 571
1162 572
1162 573
1162 574
1162 575
1163 554
1163 555
1163 556
1163 557
1164 4
1164 5
1164 6
1164 7
1164 8
1164 9
1165 564
1165 565
1165 566
1165 567
1165 568
1166 16
1166 17
1166 18
1166 548
1166 549
1166 550
1166 551
1167 0
1167 1
1167 2
1167 3
1167 574
1167 575
1168 558
1168 559
1168 560
1168 561
1168 562
1169 9
1169 10
1169 11
1169 12
1169 13
1170 568
1170 569
1170 570
1170 571
1170 572
1170 573
1171 552
1171 553
1171 554
1171 555
1171 556
1172 3
1172 4
1172 5
1172 6
1172 7
1173 562
1173 563
1173 564
1173 565
1173 566
1173 567
1174 15
1174 16
1174 17
1174 548
1174 549
1175 0
1175 1
1175 2
1175 573
1175 574
1175 575
1176 557
1176 558
1176 559
1176 560
1176 561
1177 8
1177 9
1177 10
1177 11
1178 567
1178 568
1178 569
1178 570
1178 571
1178 572
1179 552
1179 553
1179 554
1180 2
1180 3
1180 4
1180 5
1180 6
1181 561
1181 562
1181 563
1181 564
1181 565
1182 13
1182 14
1182 15
1183 0
1183 572
1183 573
1183 574
1183 575
1184 556
1184 557
1184 558
1184 559
1185 7
1185 8
1185 9
1185 10
1186 566
1186 567
1186 568
1186 569
1186 570
1187 551
1187 552
1188 0
1188 1
1188 2
1188 3
1188 4
1189 560
1189 561
1189 562
1189 563
1189 564
1190 12
1190 13
1190 14
1191 570
1191 571
1191 572
1191 573
1191 574
1192 555
1192 556
1192 557
1193 5
1193 6
1193 7
1193 8
1193 9
1194 565
1194 566
1194 567
1194 568
1196 0
1196 1
1196 2
1196 3
1196 575
1197 559
1197 560
1197 561
1197 562
1198 10
1198 11
1198 12
1198 13
1199 569
1199 570
1199 571
1199 572
1199 573
1200 554
1200 555
1201 4
1201 5
1201 6
1201 7
1202 563
1202 564
1202 565
1202 566
1202 567
1204 0
1204 1
1204 574
1204 575
1205 558
1205 559
1205 560
1206 9
1206 10
1206 11
1207 568
1207 569
1207 570
1207 571
1209 3
1209 4
1209 5
1209 6
1210 562
1210 563
1210 564
1210 565
1212 0
1212 573
1212 574
1212 575
1213 557
1213 558
1214 8
1214 9
1214 10
1215 567
1215 568
1215 569
1215 570
1217 1
1217 2
1217 3
1217 4
1218 561
1218 562
1218 563
1220 571
1220 572
1220 573
1220 574
1222 7
1222 8
1223 566
1223 567
1223 568
1225 0
1225 1
1225 2
1226 561
1228 570
1228 571
1228 572
1230 5
1230 6
1231 565
1231 566
1233 0
1233 1
1233 575
1236 569
1236 570
1236 571
1241 574
1241 575
1816 35
1821 39
1824 33
1824 34
1827 27
1827 28
1829 37
1829 38
1829 39
1832 31
1832 32
1832 33
1834 42
1834 43
1835 26
1835 27
1837 35
1837 36
1837 37
1837 38
1840 29
1840 30
1840 31
1840 32
1842 40
1842 41
1842 42
1843 24
1843 25
1845 34
1845 35
1845 36
1845 37
1847 45
1847 46
1848 28
1848 29
1848 30
1848 31
1850 38
1850 39
1850 40
1850 41
1851 23
1851 24
1853 32
1853 33
1853 34
1853 35
1853 36
1855 43
1855 44
1855 45
1856 27
1856 28
1856 29
1856 30
1858 37
1858 38
1858 39
1858 40
1859 21
1859 22
1859 23
1860 49
1861 31
1861 32
1861 33
1861 34
1863 42
1863 43
1863 44
1863 45
1864 25
1864 26
1864 27
1864 28
1866 35
1866 36
1866 37
1866 38
1866 39
1867 20
1867 21
1867 22
1868 47
1868 48
1869 29
1869 30
1869 31
1869 32
1869 33
1871 40
1871 41
1871 42
1871 43
1871 44
1872 24
1872 25
1872 26
1872 27
1874 34
1874 35
1874 36
1874 37
1874 38
1875 19
1875 20
1876 45
1876 46
1876 47
1876 48
1877 28
1877 29
1877 30
1877 31
1877 32
1879 39
1879 40
1879 41
1879 42
1880 23
1880 24
1880 25
1880 26
1881 51
1882 32
1882 33
1882 34
1882 35
1882 36
1882 37
1883 18
1883 19
1884 43
1884 44
1884 45
1884 46
1884 47
1885 27
1885 28
1885 29
1885 30
1885 31
1887 37
1887 38
1887 39
1887 40
1887 41
1888 21
1888 22
1888 23
1888 24
1888 25
1889 49
1889 50
1890 31
1890 32
1890 33
1890 34
1890 35
1890 36
1891 17
1892 42
1892 43
1892 44
1892 45
1892 46
1893 25
1893 26
1893 27
1893 28
1893 29
1893 30
1895 36
1895 37
1895 38
1895 39
1895 40
1896 20
1896 21
1896 22
1896 23
1897 47
1897 48
1897 49
1897 50
1898 30
1898 31
1898 32
1898 33
1898 34
1900 40
1900 41
1900 42
1900 43
1900 44
1900 45
1901 24
1901 25
1901 26
1901 27
1901 28
1903 34
1903 35
1903 36
1903 37
1903 38
1903 39
1904 19
1904 20
1904 21
1904 22
1905 45
1905 46
1905 47
1905 48
1905 49
1906 28
1906 29
1906 30
1906 31
1906 32
1906 33
1908 39
1908 40
1908 41
1908 42
1908 43
1908 44
1909 23
1909 24
1909 25
1909 26
1909 27
1910 51
1910 52
1911 33
1911 34
1911 35
1911 36
1911 37
1911 38
1912 18
1912 19
1912 20
1913 44
1913 45
1913 46
1913 47
1913 48
1914 27
1914 28
1914 29
1914 30
1914 31
1914 32
1916 38
1916 39
1916 40
1916 41
1916 42
1917 22
1917 23
1917 24
1917 25
1917 26
1918 49
1918 50
1918 51
1919 32
1919 33
1919 34
1919 35
1919 36
1919 37
1920 17
1920 18
1920 19
1921 43
1921 44
1921 45
1921 46
1921 47
1922 26
1922 27
1922 28
1922 29
1922 30
1922 31
1924 36
1924 37
1924 38
1924 39
1924 40
1924 41
1925 20
1925 21
1925 22
1925 23
1925 24
1926 48
1926 49
1926 50
1926 51
1927 30
1927 31
1927 32
1927 33
1927 34
1927 35
1927 36
1928 16
1928 17
1929 41
1929 42
1929 43
1929 44
1929 45
1929 46
1930 25
1930 26
1930 27
1930 28
1930 29
1932 35
1932 36
1932 37
1932 38
1932 39
1932 40
1933 19
1933 20
1933 21
1933 22
1933 23
1934 46
1934 47
1934 48
1934 49
1934 50
1935 29
1935 30
1935 31
1935 32
1935 33
1935 34
1936 15
1936 16
1937 40
1937 41
1937 42
1937 43
1937 44
1938 23
1938 24
1938 25
1938 26
1938 27
1938 28
1939 52
1939 53
1940 34
1940 35
1940 36
1940 37
1940 38
1940 39
1941 18
1941 19
1941 20
1941 21
1941 22
1942 45
1942 46
1942 47
1942 48
1942 49
1943 28
1943 29
1943 30
1943 31
1943 32
1943 33
1945 38
1945 39
1945 40
1945 41
1945 42
1945 43
1946 22
1946 23
1946 24
1946 25
1946 26
1946 27
1947 50
1947 51
1947 52
1948 32
1948 33
1948 34
1948 35
1948 36
1948 37
1948 38
1949 17
1949 18
1949 19
1949 20
1950 43
1950 44
1950 45
1950 46
1950 47
1950 48
1951 26
1951 27
1951 28
1951 29
1951 30
1951 31
1951 32
1953 37
1953 38
1953 39
1953 40
1953 41
1953 42
1954 21
1954 22
1954 23
1954 24
1954 25
1955 49
1955 50
1955 51
1956 31
1956 32
1956 33
1956 34
1956 35
1956 36
1957 16
1957 17
1957 18
1957 19
1958 42
1958 43
1958 44
1958 45
1958 46
1959 25
1959 26
1959 27
1959 28
1959 29
1959 30
1961 36
1961 37
1961 38
1961 39
1961 40
1961 41
1962 20
1962 21
1962 22
1962 23
1962 24
1963 47
1963 48
1963 49
1963 50
1964 30
1964 31
1964 32
1964 33
1964 34
1964 35
1965 15
1965 16
1965 17
1966 41
1966 42
1966 43
1966 44
1966 45
1967 24
1967 25
1967 26
1967 27
1967 28
1967 29
1968 53
1968 54
1969 34
1969 35
1969 36
1969 37
1969 38
1969 39
1969 40
1970 19
1970 20
1970 21
1970 22
1970 23
1971 46
1971 47
1971 48
1971 49
1972 29
1972 30
1972 31
1972 32
1972 33
1972 34
1973 14
1973 15
1974 39
1974 40
1974 41
1974 42
1974 43
1974 44
1975 23
1975 24
1975 25
1975 26
1975 27
1975 28
1976 51
1976 52
1976 53
1977 33
1977 34
1977 35
1977 36
1977 37
1977 38
1977 39
1978 18
1978 19
1978 20
1978 21
1979 44
1979 45
1979 46
1979 47
1979 48
1980 27
1980 28
1980 29
1980 30
1980 31
1980 32
1980 33
1982 38
1982 39
1982 40
1982 41
1982 42
1982 43
1983 22
1983 23
1983 24
1983 25
1983 26
1983 27
1984 50
1984 51
1984 52
1985 32
1985 33
1985 34
1985 35
1985 36
1985 37
1986 17
1986 18
1986 19
1986 20
1987 43
1987 44
1987 45
1987 46
1987 47
1988 26
1988 27
1988 28
1988 29
1988 30
1988 31
1990 37
1990 38
1990 39
1990 40
1990 41
1990 42
1991 21
1991 22
1991 23
1991 24
1991 25
1992 48
1992 49
1992 50
1992 51
1993 31
1993 32
1993 33
1993 34
1993 35
1993 36
1994 16
1994 17
1994 18
1995 42
1995 43
1995 44
1995 45
1995 46
1996 25
1996 26
1996 27
1996 28
1996 29
1996 30
1998 35
1998 36
1998 37
1998 38
1998 39
1998 40
1998 41
1999 19
1999 20
1999 21
1999 22
1999 23
1999 24
2000 47
2000 48
2000 49
2000 50
2001 29
2001 30
2001 31
2001 32
2001 33
2001 34
2001 35
2002 15
2002 16
2002 17
2003 40
2003 41
2003 42
2003 43
2003 44
2003 45
2004 24
2004 25
2004 26
2004 27
2004 28
2004 29
2005 53
2006 34
2006 35
2006 36
2006 37
2006 38
2006 39
2006 40
2007 18
2007 19
2007 20
2007 21
2007 22
2008 45
2008 46
2008 47
2008 48
2008 49
2009 28
2009 29
2009 30
2009 31
2009 32
2009 33
2009 34
2010 14
2010 15
2011 39
2011 40
2011 41
2011 42
2011 43
2011 44
2012 23
2012 24
2012 25
2012 26
2012 27
2013 51
2013 52
2013 53
2014 33
2014 34
2014 35
2014 36
2014 37
2014 38
2015 17
2015 18
2015 19
2015 20
2015 21
2016 44
2016 45
2016 46
2016 47
2016 48
2017 27
2017 28
2017 29
2017 30
2017 31
2017 32
2019 38
2019 39
2019 40
2019 41
2019 42
2019 43
2020 22
2020 23
2020 24
2020 25
2020 26
2021 50
2021 51
2021 52
2022 32
2022 33
2022 34
2022 35
2022 36
2022 37
2023 16
2023 17
2023 18
2023 19
2024 43
2024 44
2024 45
2024 46
2024 47
2025 26
2025 27
2025 28
2025 29
2025 30
2025 31
2027 37
2027 38
2027 39
2027 40
2027 41
2027 42
2028 20
2028 21
2028 22
2028 23
2028 24
2028 25
2029 48
2029 49
2029 50
2029 51
2030 31
2030 32
2030 33
2030 34
2030 35
2030 36
2031 16
2031 17
2031 18
2032 42
2032 43
2032 44
2032 45
2032 46
2033 25
2033 26
2033 27
2033 28
2033 29
2033 30
2035 35
2035 36
2035 37
2035 38
2035 39
2035 40
2036 19
2036 20
2036 21
2036 22
2036 23
2037 47
2037 48
2037 49
2037 50
2038 29
2038 30
2038 31
2038 32
2038 33
2038 34
2038 35
2039 15
2039 16
2040 40
2040 41
2040 42
2040 43
2040 44
2040 45
2041 24
2041 25
2041 26
2041 27
2041 28
2043 34
2043 35
2043 36
2043 37
2043 38
2043 39
2044 18
2044 19
2044 20
2044 21
2044 22
2045 45
2045 46
2045 47
2045 48
2045 49
2046 28
2046 29
2046 30
2046 31
2046 32
2046 33
2048 39
2048 40
2048 41
2048 42
2048 43
2048 44
2049 23
2049 24
2049 25
2049 26
2049 27
2050 51
2050 52
2051 33
2051 34
2051 35
2051 36
2051 37
2051 38
2052 18
2052 19
2052 20
2053 44
2053 45
2053 46
2053 47
2053 48
2054 27
2054 28
2054 29
2054 30
2054 31
2054 32
2056 38
2056 39
2056 40
2056 41
2056 42
2057 22
2057 23
2057 24
2057 25
2057 26
2058 50
2058 51
2059 32
2059 33
2059 34
2059 35
2059 36
2059 37
2060 17
2060 18
2060 19
2061 43
2061 44
2061 45
2061 46
2062 26
2062 27
2062 28
2062 29
2062 30
2062 31
2064 37
2064 38
2064 39
2064 40
2064 41
2065 21
2065 22
2065 23
2065 24
2066 48
2066 49
2066 50
2067 31
2067 32
2067 33
2067 34
2067 35
2068 16
2068 17
2069 42
2069 43
2069 44
2069 45
2070 25
2070 26
2070 27
2070 28
2070 29
2072 35
2072 36
2072 37
2072 38
2072 39
2072 40
2073 20
2073 21
2073 22
2073 23
2074 47
2074 48
2074 49
2075 29
2075 30
2075 31
2075 32
2075 33
2075 34
2077 40
2077 41
2077 42
2077 43
2077 44
2078 24
2078 25
2078 26
2078 27
2078 28
2080 34
2080 35
2080 36
2080 37
2080 38
2080 39
2081 19
2081 20
2081 21
2082 46
2082 47
2082 48
2083 28
2083 29
2083 30
2083 31
2083 32
2083 33
2085 39
2085 40
2085 41
2085 42
2085 43
2086 23
2086 24
2086 25
2086 26
2086 27
2088 33
2088 34
2088 35
2088 36
2088 37
2089 18
2089 19
2089 20
2090 44
2090 45
2090 46
2090 47
2091 27
2091 28
2091 29
2091 30
2091 31
2091 32
2093 38
2093 39
2093 40
2093 41
2093 42
2094 22
2094 23
2094 24
2094 25
2096 32
2096 33
2096 34
2096 35
2096 36
2097 17
2097 18
2098 43
2098 44
2098 45
2098 46
2099 26
2099 27
2099 28
2099 29
2099 30
2101 37
2101 38
2101 39
2101 40
2101 41
2102 21
2102 22
2102 23
2102 24
2104 31
2104 32
2104 33
2104 34
2104 35
2106 42
2106 43
2106 44
2106 45
2107 25
2107 26
2107 27
2107 28
2107 29
2109 36
2109 37
2109 38
2109 39
2110 20
2110 21
2110 22
2111 48
2112 30
2112 31
2112 32
2112 33
2112 34
2114 41
2114 42
2114 43
2114 44
2115 24
2115 25
2115 26
2115 27
2115 28
2117 35
2117 36
2117 37
2117 38
2118 19
2118 20
2118 21
2119 46
2119 47
2120 29
2120 30
2120 31
2120 32
2122 40
2122 41
2122 42
2123 23
2123 24
2123 25
2123 26
2125 33
2125 34
2125 35
2125 36
2125 37
2126 19
2127 45
2127 46
2128 28
2128 29
2128 30
2128 31
2130 38
2130 39
2130 40
2130 41
2131 22
2131 23
2131 24
2131 25
2133 32
2133 33
2133 34
2133 35
2133 36
2135 44
2135 45
2136 27
2136 28
2136 29
2136 30
2138 37
2138 38
2138 39
2138 40
2139 22
2139 23
2141 31
2141 32
2141 33
2141 34
2143 43
2143 44
2144 26
2144 27
2144 28
2146 36
2146 37
2146 38
2146 39
2147 21
2149 30
2149 31
2149 32
2149 33
2151 41
2151 42
2151 43
2152 25
2152 26
2152 27
2154 35
2154 36
2154 37
2154 38
2157 29
2157 30
2157 31
2157 32
2159 40
2159 41
2159 42
2160 24
2160 25
2162 34
2162 35
2162 36
2165 28
2165 29
2165 30
2167 39
2167 40
2168 23
2168 24
2170 33
2170 34
2170 35
2173 27
2173 28
2173 29
2175 38
2175 39
2178 32
2178 33
2178 34
2181 26
2181 27
2181 28
2183 37
2183 38
2186 31
2186 32
2189 26
2191 36
2191 37
2194 30
2194 31
2199 35
2202 29
