936 227
940 226
940 227
944 226
944 227
948 226
948 227
952 225
952 226
956 225
956 226
960 225
960 226
963 236
964 225
964 226
967 236
968 224
968 225
968 226
971 236
972 224
972 225
972 226
975 235
975 236
976 224
976 225
976 226
979 235
979 236
980 223
980 224
980 225
980 226
983 235
983 236
984 223
984 224
984 225
987 234
987 235
987 236
988 223
988 224
988 225
991 234
991 235
991 236
992 223
992 224
992 225
995 234
995 235
995 236
996 223
996 224
996 225
999 233
999 234
999 235
1000 222
1000 223
1000 224
1000 225
1003 233
1003 234
1003 235
1004 222
1004 223
1004 224
1007 233
1007 234
1007 235
1008 222
1008 223
1008 224
1011 233
1011 234
1011 235
1012 222
1012 223
1012 224
1015 232
1015 233
1015 234
1015 235
1016 221
1016 222
1016 223
1016 224
1019 232
1019 233
1019 234
1019 235
1020 221
1020 222
1020 223
1020 224
1023 232
1023 233
1023 234
1024 221
1024 222
1024 223
1027 232
1027 233
1027 234
1028 221
1028 222
1028 223
1031 231
1031 232
1031 233
1031 234
1032 220
1032 221
1032 222
1032 223
1035 231
1035 232
1035 233
1035 234
1036 220
1036 221
1036 222
1036 223
1039 231
1039 232
1039 233
1039 234
1040 220
1040 221
1040 222
1040 223
1043 231
1043 232
1043 233
1043 234
1044 220
1044 221
1044 222
1047 230
1047 231
1047 232
1047 233
1048 220
1048 221
1048 222
1051 230
1051 231
1051 232
1051 233
1052 219
1052 220
1052 221
1052 222
1055 230
1055 231
1055 232
1055 233
1056 219
1056 220
1056 221
1056 222
1059 230
1059 231
1059 232
1059 233
1060 219
1060 220
1060 221
1060 222
1063 230
1063 231
1063 232
1063 233
1064 219
1064 220
1064 221
1066 242
1067 229
1067 230
1067 231
1067 232
1068 219
1068 220
1068 221
1070 242
1071 229
1071 230
1071 231
1071 232
1072 218
1072 219
1072 220
1072 221
1074 241
1074 242
1075 229
1075 230
1075 231
1075 232
1076 218
1076 219
1076 220
1076 221
1078 241
1079 229
1079 230
1079 231
1079 232
1080 218
1080 219
1080 220
1082 241
1083 228
1083 229
1083 230
1083 231
1083 232
1084 218
1084 219
1084 220
1086 241
1087 228
1087 229
1087 230
1087 231
1088 218
1088 219
1088 220
1090 240
1090 241
1091 228
1091 229
1091 230
1091 231
1092 217
1092 218
1092 219
1092 220
1094 240
1094 241
1095 228
1095 229
1095 230
1095 231
1096 217
1096 218
1096 219
1096 220
1098 240
1098 241
1099 228
1099 229
1099 230
1099 231
1100 217
1100 218
1100 219
1102 240
1103 227
1103 228
1103 229
1103 230
1104 217
1104 218
1104 219
1106 240
1107 227
1107 228
1107 229
1107 230
1108 217
1108 218
1108 219
1110 239
1110 240
1111 227
1111 228
1111 229
1111 230
1112 217
1112 218
1112 219
1114 239
1114 240
1115 227
1115 228
1115 229
1115 230
1116 216
1116 217
1116 218
1118 239
1119 227
1119 228
1119 229
1119 230
1120 216
1120 217
1120 218
1122 239
1123 227
1123 228
1123 229
1124 216
1124 217
1124 218
1126 239
1127 226
1127 227
1127 228
1127 229
1128 216
1128 217
1130 238
1130 239
1131 226
1131 227
1131 228
1131 229
1132 216
1132 217
1134 238
1134 239
1135 226
1135 227
1135 228
1135 229
1136 216
1136 217
1138 238
1139 226
1139 227
1139 228
1140 216
1140 217
1142 238
1143 226
1143 227
1143 228
1144 216
1146 238
1147 226
1147 227
1147 228
1148 216
1151 225
1151 226
1151 227
1151 228
1155 225
1155 226
1155 227
1159 225
1159 226
1159 227
1163 225
1163 226
1163 227
1167 225
1167 226
1171 225
1171 226
1175 225
1175 226
1179 225
1183 225
1187 225
2588 253
2591 264
2592 253
2595 264
2596 253
2599 263
2599 264
2600 252
2600 253
2603 263
2603 264
2604 252
2604 253
2607 263
2607 264
2608 252
2608 253
2611 263
2611 264
2612 252
2615 262
2615 263
2615 264
2616 252
2619 262
2619 263
2619 264
2620 251
2620 252
2623 262
2623 263
2623 264
2624 251
2624 252
2627 261
2627 262
2627 263
2627 264
2628 251
2631 261
2631 262
2631 263
2632 251
2635 261
2635 262
2635 263
2636 251
2639 261
2639 262
2639 263
2643 261
2643 262
2643 263
2647 260
2647 261
2647 262
2647 263
2651 260
2651 261
2651 262
2655 260
2655 261
2655 262
2658 272
2659 260
2659 261
2659 262
2662 272
2663 260
2663 261
2663 262
2666 271
2666 272
2667 259
2667 260
2667 261
2667 262
2670 271
2670 272
2671 259
2671 260
2671 261
2674 271
2674 272
2675 259
2675 260
2675 261
2678 271
2678 272
2679 259
2679 260
2679 261
2682 270
2682 271
2682 272
2683 259
2683 260
2683 261
2686 270
2686 271
2687 258
2687 259
2687 260
2690 270
2690 271
2691 258
2691 259
2691 260
2694 270
2694 271
2695 258
2695 259
2695 260
2698 269
2698 270
2698 271
2699 258
2699 259
2699 260
2702 269
2702 270
2702 271
2703 258
2703 259
2706 269
2706 270
2707 258
2707 259
2710 269
2710 270
2711 258
2711 259
2714 269
2714 270
2715 258
2718 268
2718 269
2718 270
2719 257
2719 258
2722 268
2722 269
2722 270
2723 257
2723 258
2726 268
2726 269
2730 268
2730 269
2734 268
2734 269
2738 268
2738 269
2742 267
2742 268
2746 267
2746 268
2750 267
2750 268
2754 267
2758 267
2762 267
