2266 140
2267 135
2267 136
2267 137
2268 132
2268 133
2268 134
2269 128
2269 129
2269 130
2270 124
2270 125
2270 126
2271 121
2271 122
2272 118
2277 142
2277 143
2278 138
2278 139
2278 140
2279 134
2279 135
2279 136
2279 137
2280 130
2280 131
2280 132
2280 133
2281 127
2281 128
2281 129
2281 130
2282 123
2282 124
2282 125
2282 126
2283 120
2283 121
2283 122
2284 116
2284 117
2284 118
2284 119
2285 114
2288 145
2288 146
2289 141
2289 142
2289 143
2290 137
2290 138
2290 139
2290 140
2291 133
2291 134
2291 135
2291 136
2291 137
2292 129
2292 130
2292 131
2292 132
2292 133
2293 126
2293 127
2293 128
2293 129
2293 130
2294 122
2294 123
2294 124
2294 125
2294 126
2295 119
2295 120
2295 121
2295 122
2296 115
2296 116
2296 117
2296 118
2297 112
2297 113
2297 114
2298 109
2298 110
2299 148
2299 149
2300 144
2300 145
2300 146
2301 140
2301 141
2301 142
2301 143
2302 136
2302 137
2302 138
2302 139
2302 140
2303 132
2303 133
2303 134
2303 135
2303 136
2303 137
2304 128
2304 129
2304 130
2304 131
2304 132
2304 133
2305 125
2305 126
2305 127
2305 128
2305 129
2306 121
2306 122
2306 123
2306 124
2306 125
2306 126
2307 118
2307 119
2307 120
2307 121
2307 122
2308 114
2308 115
2308 116
2308 117
2308 118
2309 111
2309 112
2309 113
2309 114
2310 108
2310 109
2310 110
2311 147
2311 148
2311 149
2312 143
2312 144
2312 145
2312 146
2313 139
2313 140
2313 141
2313 142
2313 143
2314 135
2314 136
2314 137
2314 138
2314 139
2314 140
2315 131
2315 132
2315 133
2315 134
2315 135
2315 136
2316 127
2316 128
2316 129
2316 130
2316 131
2316 132
2316 133
2317 124
2317 125
2317 126
2317 127
2317 128
2317 129
2318 120
2318 121
2318 122
2318 123
2318 124
2318 125
2319 117
2319 118
2319 119
2319 120
2319 121
2319 122
2320 114
2320 115
2320 116
2320 117
2320 118
2321 110
2321 111
2321 112
2321 113
2321 114
2322 107
2322 108
2322 109
2322 110
2322 150
2322 151
2322 152
2323 104
2323 105
2323 106
2323 146
2323 147
2323 148
2323 149
2324 142
2324 143
2324 144
2324 145
2324 146
2325 138
2325 139
2325 140
2325 141
2325 142
2325 143
2326 134
2326 135
2326 136
2326 137
2326 138
2326 139
2327 130
2327 131
2327 132
2327 133
2327 134
2327 135
2327 136
2328 127
2328 128
2328 129
2328 130
2328 131
2328 132
2329 123
2329 124
2329 125
2329 126
2329 127
2329 128
2329 129
2330 120
2330 121
2330 122
2330 123
2330 124
2330 125
2331 116
2331 117
2331 118
2331 119
2331 120
2331 121
2332 113
2332 114
2332 115
2332 116
2332 117
2332 118
2333 109
2333 110
2333 111
2333 112
2333 113
2333 114
2333 154
2334 106
2334 107
2334 108
2334 109
2334 110
2334 149
2334 150
2334 151
2334 152
2335 103
2335 104
2335 105
2335 106
2335 145
2335 146
2335 147
2335 148
2335 149
2336 101
2336 141
2336 142
2336 143
2336 144
2336 145
2336 146
2337 137
2337 138
2337 139
2337 140
2337 141
2337 142
2338 133
2338 134
2338 135
2338 136
2338 137
2338 138
2338 139
2339 130
2339 131
2339 132
2339 133
2339 134
2339 135
2340 126
2340 127
2340 128
2340 129
2340 130
2340 131
2340 132
2341 122
2341 123
2341 124
2341 125
2341 126
2341 127
2341 128
2342 119
2342 120
2342 121
2342 122
2342 123
2342 124
2342 125
2343 115
2343 116
2343 117
2343 118
2343 119
2343 120
2343 121
2344 112
2344 113
2344 114
2344 115
2344 116
2344 117
2345 109
2345 110
2345 111
2345 112
2345 113
2345 152
2345 153
2345 154
2346 106
2346 107
2346 108
2346 109
2346 110
2346 148
2346 149
2346 150
2346 151
2346 152
2347 102
2347 103
2347 104
2347 105
2347 106
2347 144
2347 145
2347 146
2347 147
2347 148
2348 100
2348 101
2348 140
2348 141
2348 142
2348 143
2348 144
2348 145
2349 136
2349 137
2349 138
2349 139
2349 140
2349 141
2349 142
2350 132
2350 133
2350 134
2350 135
2350 136
2350 137
2350 138
2351 129
2351 130
2351 131
2351 132
2351 133
2351 134
2351 135
2352 125
2352 126
2352 127
2352 128
2352 129
2352 130
2352 131
2353 122
2353 123
2353 124
2353 125
2353 126
2353 127
2353 128
2354 118
2354 119
2354 120
2354 121
2354 122
2354 123
2354 124
2355 115
2355 116
2355 117
2355 118
2355 119
2355 120
2355 121
2356 111
2356 112
2356 113
2356 114
2356 115
2356 116
2356 117
2356 156
2357 108
2357 109
2357 110
2357 111
2357 112
2357 113
2357 151
2357 152
2357 153
2357 154
2358 105
2358 106
2358 107
2358 108
2358 109
2358 147
2358 148
2358 149
2358 150
2358 151
2359 102
2359 103
2359 104
2359 105
2359 143
2359 144
2359 145
2359 146
2359 147
2359 148
2360 99
2360 100
2360 101
2360 139
2360 140
2360 141
2360 142
2360 143
2360 144
2360 145
2361 135
2361 136
2361 137
2361 138
2361 139
2361 140
2361 141
2362 132
2362 133
2362 134
2362 135
2362 136
2362 137
2362 138
2363 128
2363 129
2363 130
2363 131
2363 132
2363 133
2363 134
2363 135
2364 124
2364 125
2364 126
2364 127
2364 128
2364 129
2364 130
2364 131
2365 121
2365 122
2365 123
2365 124
2365 125
2365 126
2365 127
2366 117
2366 118
2366 119
2366 120
2366 121
2366 122
2366 123
2366 124
2367 114
2367 115
2367 116
2367 117
2367 118
2367 119
2367 120
2368 111
2368 112
2368 113
2368 114
2368 115
2368 116
2368 155
2368 156
2369 107
2369 108
2369 109
2369 110
2369 111
2369 112
2369 113
2369 150
2369 151
2369 152
2369 153
2369 154
2370 104
2370 105
2370 106
2370 107
2370 108
2370 109
2370 146
2370 147
2370 148
2370 149
2370 150
2370 151
2371 101
2371 102
2371 103
2371 104
2371 105
2371 142
2371 143
2371 144
2371 145
2371 146
2371 147
2371 148
2372 98
2372 99
2372 100
2372 101
2372 138
2372 139
2372 140
2372 141
2372 142
2372 143
2372 144
2373 96
2373 135
2373 136
2373 137
2373 138
2373 139
2373 140
2373 141
2374 131
2374 132
2374 133
2374 134
2374 135
2374 136
2374 137
2374 138
2375 127
2375 128
2375 129
2375 130
2375 131
2375 132
2375 133
2375 134
2376 124
2376 125
2376 126
2376 127
2376 128
2376 129
2376 130
2376 131
2377 120
2377 121
2377 122
2377 123
2377 124
2377 125
2377 126
2377 127
2378 117
2378 118
2378 119
2378 120
2378 121
2378 122
2378 123
2379 113
2379 114
2379 115
2379 116
2379 117
2379 118
2379 119
2379 120
2380 110
2380 111
2380 112
2380 113
2380 114
2380 115
2380 116
2380 154
2380 155
2380 156
2381 107
2381 108
2381 109
2381 110
2381 111
2381 112
2381 150
2381 151
2381 152
2381 153
2382 103
2382 104
2382 105
2382 106
2382 107
2382 108
2382 145
2382 146
2382 147
2382 148
2382 149
2382 150
2383 100
2383 101
2383 102
2383 103
2383 104
2383 142
2383 143
2383 144
2383 145
2383 146
2383 147
2384 97
2384 98
2384 99
2384 100
2384 138
2384 139
2384 140
2384 141
2384 142
2384 143
2384 144
2385 95
2385 96
2385 134
2385 135
2385 136
2385 137
2385 138
2385 139
2385 140
2385 141
2386 130
2386 131
2386 132
2386 133
2386 134
2386 135
2386 136
2386 137
2387 127
2387 128
2387 129
2387 130
2387 131
2387 132
2387 133
2387 134
2388 123
2388 124
2388 125
2388 126
2388 127
2388 128
2388 129
2388 130
2389 120
2389 121
2389 122
2389 123
2389 124
2389 125
2389 126
2389 127
2390 116
2390 117
2390 118
2390 119
2390 120
2390 121
2390 122
2390 123
2391 113
2391 114
2391 115
2391 116
2391 117
2391 118
2391 119
2391 158
2392 109
2392 110
2392 111
2392 112
2392 113
2392 114
2392 115
2392 116
2392 153
2392 154
2392 155
2392 156
2393 106
2393 107
2393 108
2393 109
2393 110
2393 111
2393 112
2393 149
2393 150
2393 151
2393 152
2393 153
2394 103
2394 104
2394 105
2394 106
2394 107
2394 108
2394 145
2394 146
2394 147
2394 148
2394 149
2394 150
2395 100
2395 101
2395 102
2395 103
2395 104
2395 141
2395 142
2395 143
2395 144
2395 145
2395 146
2395 147
2396 97
2396 98
2396 99
2396 100
2396 137
2396 138
2396 139
2396 140
2396 141
2396 142
2396 143
2397 94
2397 95
2397 96
2397 133
2397 134
2397 135
2397 136
2397 137
2397 138
2397 139
2397 140
2398 130
2398 131
2398 132
2398 133
2398 134
2398 135
2398 136
2398 137
2399 126
2399 127
2399 128
2399 129
2399 130
2399 131
2399 132
2399 133
2400 122
2400 123
2400 124
2400 125
2400 126
2400 127
2400 128
2400 129
2400 130
2401 119
2401 120
2401 121
2401 122
2401 123
2401 124
2401 125
2401 126
2402 115
2402 116
2402 117
2402 118
2402 119
2402 120
2402 121
2402 122
2403 112
2403 113
2403 114
2403 115
2403 116
2403 117
2403 118
2403 119
2403 157
2403 158
2404 109
2404 110
2404 111
2404 112
2404 113
2404 114
2404 115
2404 152
2404 153
2404 154
2404 155
2404 156
2405 105
2405 106
2405 107
2405 108
2405 109
2405 110
2405 111
2405 148
2405 149
2405 150
2405 151
2405 152
2405 153
2406 102
2406 103
2406 104
2406 105
2406 106
2406 107
2406 144
2406 145
2406 146
2406 147
2406 148
2406 149
2406 150
2407 99
2407 100
2407 101
2407 102
2407 103
2407 104
2407 140
2407 141
2407 142
2407 143
2407 144
2407 145
2407 146
2408 96
2408 97
2408 98
2408 99
2408 100
2408 136
2408 137
2408 138
2408 139
2408 140
2408 141
2408 142
2408 143
2409 93
2409 94
2409 95
2409 133
2409 134
2409 135
2409 136
2409 137
2409 138
2409 139
2409 140
2410 129
2410 130
2410 131
2410 132
2410 133
2410 134
2410 135
2410 136
2411 125
2411 126
2411 127
2411 128
2411 129
2411 130
2411 131
2411 132
2411 133
2412 122
2412 123
2412 124
2412 125
2412 126
2412 127
2412 128
2412 129
2413 118
2413 119
2413 120
2413 121
2413 122
2413 123
2413 124
2413 125
2413 126
2414 115
2414 116
2414 117
2414 118
2414 119
2414 120
2414 121
2414 122
2415 111
2415 112
2415 113
2415 114
2415 115
2415 116
2415 117
2415 118
2415 156
2415 157
2415 158
2416 108
2416 109
2416 110
2416 111
2416 112
2416 113
2416 114
2416 115
2416 151
2416 152
2416 153
2416 154
2416 155
2417 105
2417 106
2417 107
2417 108
2417 109
2417 110
2417 111
2417 147
2417 148
2417 149
2417 150
2417 151
2417 152
2418 101
2418 102
2418 103
2418 104
2418 105
2418 106
2418 107
2418 143
2418 144
2418 145
2418 146
2418 147
2418 148
2418 149
2419 98
2419 99
2419 100
2419 101
2419 102
2419 103
2419 139
2419 140
2419 141
2419 142
2419 143
2419 144
2419 145
2419 146
2420 95
2420 96
2420 97
2420 98
2420 99
2420 136
2420 137
2420 138
2420 139
2420 140
2420 141
2420 142
2421 93
2421 94
2421 95
2421 132
2421 133
2421 134
2421 135
2421 136
2421 137
2421 138
2421 139
2422 128
2422 129
2422 130
2422 131
2422 132
2422 133
2422 134
2422 135
2422 136
2423 125
2423 126
2423 127
2423 128
2423 129
2423 130
2423 131
2423 132
2424 121
2424 122
2424 123
2424 124
2424 125
2424 126
2424 127
2424 128
2424 129
2425 118
2425 119
2425 120
2425 121
2425 122
2425 123
2425 124
2425 125
2426 114
2426 115
2426 116
2426 117
2426 118
2426 119
2426 120
2426 121
2427 111
2427 112
2427 113
2427 114
2427 115
2427 116
2427 117
2427 118
2427 155
2427 156
2427 157
2427 158
2428 107
2428 108
2428 109
2428 110
2428 111
2428 112
2428 113
2428 114
2428 151
2428 152
2428 153
2428 154
2428 155
2429 104
2429 105
2429 106
2429 107
2429 108
2429 109
2429 110
2429 147
2429 148
2429 149
2429 150
2429 151
2429 152
2430 101
2430 102
2430 103
2430 104
2430 105
2430 106
2430 143
2430 144
2430 145
2430 146
2430 147
2430 148
2430 149
2431 98
2431 99
2431 100
2431 101
2431 102
2431 103
2431 139
2431 140
2431 141
2431 142
2431 143
2431 144
2431 145
2432 95
2432 96
2432 97
2432 98
2432 99
2432 135
2432 136
2432 137
2432 138
2432 139
2432 140
2432 141
2432 142
2433 92
2433 93
2433 94
2433 131
2433 132
2433 133
2433 134
2433 135
2433 136
2433 137
2433 138
2433 139
2434 128
2434 129
2434 130
2434 131
2434 132
2434 133
2434 134
2434 135
2435 124
2435 125
2435 126
2435 127
2435 128
2435 129
2435 130
2435 131
2435 132
2436 121
2436 122
2436 123
2436 124
2436 125
2436 126
2436 127
2436 128
2437 117
2437 118
2437 119
2437 120
2437 121
2437 122
2437 123
2437 124
2438 114
2438 115
2438 116
2438 117
2438 118
2438 119
2438 120
2438 121
2438 159
2439 110
2439 111
2439 112
2439 113
2439 114
2439 115
2439 116
2439 117
2439 154
2439 155
2439 156
2439 157
2440 107
2440 108
2440 109
2440 110
2440 111
2440 112
2440 113
2440 150
2440 151
2440 152
2440 153
2440 154
2441 104
2441 105
2441 106
2441 107
2441 108
2441 109
2441 110
2441 146
2441 147
2441 148
2441 149
2441 150
2441 151
2442 100
2442 101
2442 102
2442 103
2442 104
2442 105
2442 106
2442 142
2442 143
2442 144
2442 145
2442 146
2442 147
2442 148
2443 97
2443 98
2443 99
2443 100
2443 101
2443 102
2443 138
2443 139
2443 140
2443 141
2443 142
2443 143
2443 144
2443 145
2444 94
2444 95
2444 96
2444 97
2444 98
2444 134
2444 135
2444 136
2444 137
2444 138
2444 139
2444 140
2444 141
2445 92
2445 93
2445 94
2445 131
2445 132
2445 133
2445 134
2445 135
2445 136
2445 137
2445 138
2446 127
2446 128
2446 129
2446 130
2446 131
2446 132
2446 133
2446 134
2446 135
2447 124
2447 125
2447 126
2447 127
2447 128
2447 129
2447 130
2447 131
2448 120
2448 121
2448 122
2448 123
2448 124
2448 125
2448 126
2448 127
2449 116
2449 117
2449 118
2449 119
2449 120
2449 121
2449 122
2449 123
2449 124
2450 113
2450 114
2450 115
2450 116
2450 117
2450 118
2450 119
2450 120
2450 158
2450 159
2451 110
2451 111
2451 112
2451 113
2451 114
2451 115
2451 116
2451 117
2451 153
2451 154
2451 155
2451 156
2451 157
2452 106
2452 107
2452 108
2452 109
2452 110
2452 111
2452 112
2452 113
2452 149
2452 150
2452 151
2452 152
2452 153
2452 154
2453 103
2453 104
2453 105
2453 106
2453 107
2453 108
2453 109
2453 145
2453 146
2453 147
2453 148
2453 149
2453 150
2453 151
2454 100
2454 101
2454 102
2454 103
2454 104
2454 105
2454 141
2454 142
2454 143
2454 144
2454 145
2454 146
2454 147
2454 148
2455 97
2455 98
2455 99
2455 100
2455 101
2455 138
2455 139
2455 140
2455 141
2455 142
2455 143
2455 144
2456 94
2456 95
2456 96
2456 97
2456 134
2456 135
2456 136
2456 137
2456 138
2456 139
2456 140
2456 141
2457 91
2457 92
2457 93
2457 130
2457 131
2457 132
2457 133
2457 134
2457 135
2457 136
2457 137
2458 127
2458 128
2458 129
2458 130
2458 131
2458 132
2458 133
2458 134
2459 123
2459 124
2459 125
2459 126
2459 127
2459 128
2459 129
2459 130
2460 119
2460 120
2460 121
2460 122
2460 123
2460 124
2460 125
2460 126
2460 127
2461 116
2461 117
2461 118
2461 119
2461 120
2461 121
2461 122
2461 123
2462 112
2462 113
2462 114
2462 115
2462 116
2462 117
2462 118
2462 119
2462 120
2462 157
2462 158
2462 159
2463 109
2463 110
2463 111
2463 112
2463 113
2463 114
2463 115
2463 116
2463 153
2463 154
2463 155
2463 156
2464 106
2464 107
2464 108
2464 109
2464 110
2464 111
2464 112
2464 148
2464 149
2464 150
2464 151
2464 152
2464 153
2465 102
2465 103
2465 104
2465 105
2465 106
2465 107
2465 108
2465 109
2465 145
2465 146
2465 147
2465 148
2465 149
2465 150
2466 99
2466 100
2466 101
2466 102
2466 103
2466 104
2466 105
2466 141
2466 142
2466 143
2466 144
2466 145
2466 146
2466 147
2467 96
2467 97
2467 98
2467 99
2467 100
2467 101
2467 137
2467 138
2467 139
2467 140
2467 141
2467 142
2467 143
2467 144
2468 93
2468 94
2468 95
2468 96
2468 97
2468 133
2468 134
2468 135
2468 136
2468 137
2468 138
2468 139
2468 140
2469 91
2469 92
2469 93
2469 130
2469 131
2469 132
2469 133
2469 134
2469 135
2469 136
2469 137
2470 126
2470 127
2470 128
2470 129
2470 130
2470 131
2470 132
2470 133
2471 122
2471 123
2471 124
2471 125
2471 126
2471 127
2471 128
2471 129
2471 130
2472 119
2472 120
2472 121
2472 122
2472 123
2472 124
2472 125
2472 126
2473 115
2473 116
2473 117
2473 118
2473 119
2473 120
2473 121
2473 122
2473 123
2474 112
2474 113
2474 114
2474 115
2474 116
2474 117
2474 118
2474 119
2474 156
2474 157
2474 158
2475 109
2475 110
2475 111
2475 112
2475 113
2475 114
2475 115
2475 152
2475 153
2475 154
2475 155
2475 156
2476 105
2476 106
2476 107
2476 108
2476 109
2476 110
2476 111
2476 112
2476 148
2476 149
2476 150
2476 151
2476 152
2476 153
2477 102
2477 103
2477 104
2477 105
2477 106
2477 107
2477 108
2477 144
2477 145
2477 146
2477 147
2477 148
2477 149
2477 150
2478 99
2478 100
2478 101
2478 102
2478 103
2478 104
2478 140
2478 141
2478 142
2478 143
2478 144
2478 145
2478 146
2479 96
2479 97
2479 98
2479 99
2479 100
2479 136
2479 137
2479 138
2479 139
2479 140
2479 141
2479 142
2479 143
2480 93
2480 94
2480 95
2480 96
2480 133
2480 134
2480 135
2480 136
2480 137
2480 138
2480 139
2480 140
2481 90
2481 91
2481 92
2481 129
2481 130
2481 131
2481 132
2481 133
2481 134
2481 135
2481 136
2482 125
2482 126
2482 127
2482 128
2482 129
2482 130
2482 131
2482 132
2482 133
2483 122
2483 123
2483 124
2483 125
2483 126
2483 127
2483 128
2483 129
2484 118
2484 119
2484 120
2484 121
2484 122
2484 123
2484 124
2484 125
2484 126
2485 115
2485 116
2485 117
2485 118
2485 119
2485 120
2485 121
2485 122
2486 111
2486 112
2486 113
2486 114
2486 115
2486 116
2486 117
2486 118
2486 119
2486 156
2486 157
2486 158
2487 108
2487 109
2487 110
2487 111
2487 112
2487 113
2487 114
2487 115
2487 151
2487 152
2487 153
2487 154
2487 155
2488 105
2488 106
2488 107
2488 108
2488 109
2488 110
2488 111
2488 147
2488 148
2488 149
2488 150
2488 151
2488 152
2489 101
2489 102
2489 103
2489 104
2489 105
2489 106
2489 107
2489 143
2489 144
2489 145
2489 146
2489 147
2489 148
2489 149
2490 98
2490 99
2490 100
2490 101
2490 102
2490 103
2490 104
2490 140
2490 141
2490 142
2490 143
2490 144
2490 145
2490 146
2491 95
2491 96
2491 97
2491 98
2491 99
2491 100
2491 136
2491 137
2491 138
2491 139
2491 140
2491 141
2491 142
2491 143
2492 92
2492 93
2492 94
2492 95
2492 96
2492 132
2492 133
2492 134
2492 135
2492 136
2492 137
2492 138
2492 139
2493 90
2493 91
2493 128
2493 129
2493 130
2493 131
2493 132
2493 133
2493 134
2493 135
2493 136
2494 125
2494 126
2494 127
2494 128
2494 129
2494 130
2494 131
2494 132
2495 121
2495 122
2495 123
2495 124
2495 125
2495 126
2495 127
2495 128
2495 129
2496 118
2496 119
2496 120
2496 121
2496 122
2496 123
2496 124
2496 125
2497 114
2497 115
2497 116
2497 117
2497 118
2497 119
2497 120
2497 121
2497 122
2498 111
2498 112
2498 113
2498 114
2498 115
2498 116
2498 117
2498 118
2498 155
2498 156
2498 157
2498 158
2499 108
2499 109
2499 110
2499 111
2499 112
2499 113
2499 114
2499 151
2499 152
2499 153
2499 154
2499 155
2500 104
2500 105
2500 106
2500 107
2500 108
2500 109
2500 110
2500 111
2500 147
2500 148
2500 149
2500 150
2500 151
2500 152
2501 101
2501 102
2501 103
2501 104
2501 105
2501 106
2501 107
2501 143
2501 144
2501 145
2501 146
2501 147
2501 148
2501 149
2502 98
2502 99
2502 100
2502 101
2502 102
2502 103
2502 139
2502 140
2502 141
2502 142
2502 143
2502 144
2502 145
2503 95
2503 96
2503 97
2503 98
2503 99
2503 135
2503 136
2503 137
2503 138
2503 139
2503 140
2503 141
2503 142
2504 92
2504 93
2504 94
2504 95
2504 132
2504 133
2504 134
2504 135
2504 136
2504 137
2504 138
2504 139
2505 90
2505 128
2505 129
2505 130
2505 131
2505 132
2505 133
2505 134
2505 135
2506 124
2506 125
2506 126
2506 127
2506 128
2506 129
2506 130
2506 131
2506 132
2507 121
2507 122
2507 123
2507 124
2507 125
2507 126
2507 127
2507 128
2508 117
2508 118
2508 119
2508 120
2508 121
2508 122
2508 123
2508 124
2508 125
2509 114
2509 115
2509 116
2509 117
2509 118
2509 119
2509 120
2509 121
2510 110
2510 111
2510 112
2510 113
2510 114
2510 115
2510 116
2510 117
2510 154
2510 155
2510 156
2510 157
2511 107
2511 108
2511 109
2511 110
2511 111
2511 112
2511 113
2511 114
2511 150
2511 151
2511 152
2511 153
2511 154
2512 104
2512 105
2512 106
2512 107
2512 108
2512 109
2512 110
2512 146
2512 147
2512 148
2512 149
2512 150
2512 151
2513 101
2513 102
2513 103
2513 104
2513 105
2513 106
2513 142
2513 143
2513 144
2513 145
2513 146
2513 147
2513 148
2514 97
2514 98
2514 99
2514 100
2514 101
2514 102
2514 138
2514 139
2514 140
2514 141
2514 142
2514 143
2514 144
2514 145
2515 94
2515 95
2515 96
2515 97
2515 98
2515 135
2515 136
2515 137
2515 138
2515 139
2515 140
2515 141
2516 92
2516 93
2516 94
2516 131
2516 132
2516 133
2516 134
2516 135
2516 136
2516 137
2516 138
2517 127
2517 128
2517 129
2517 130
2517 131
2517 132
2517 133
2517 134
2517 135
2518 124
2518 125
2518 126
2518 127
2518 128
2518 129
2518 130
2518 131
2519 120
2519 121
2519 122
2519 123
2519 124
2519 125
2519 126
2519 127
2519 128
2520 117
2520 118
2520 119
2520 120
2520 121
2520 122
2520 123
2520 124
2521 113
2521 114
2521 115
2521 116
2521 117
2521 118
2521 119
2521 120
2522 110
2522 111
2522 112
2522 113
2522 114
2522 115
2522 116
2522 117
2522 154
2522 155
2522 156
2523 107
2523 108
2523 109
2523 110
2523 111
2523 112
2523 113
2523 150
2523 151
2523 152
2523 153
2523 154
2524 103
2524 104
2524 105
2524 106
2524 107
2524 108
2524 109
2524 146
2524 147
2524 148
2524 149
2524 150
2524 151
2525 100
2525 101
2525 102
2525 103
2525 104
2525 105
2525 142
2525 143
2525 144
2525 145
2525 146
2525 147
2526 97
2526 98
2526 99
2526 100
2526 101
2526 102
2526 138
2526 139
2526 140
2526 141
2526 142
2526 143
2526 144
2527 94
2527 95
2527 96
2527 97
2527 134
2527 135
2527 136
2527 137
2527 138
2527 139
2527 140
2527 141
2528 91
2528 92
2528 93
2528 130
2528 131
2528 132
2528 133
2528 134
2528 135
2528 136
2528 137
2529 127
2529 128
2529 129
2529 130
2529 131
2529 132
2529 133
2529 134
2530 123
2530 124
2530 125
2530 126
2530 127
2530 128
2530 129
2530 130
2531 120
2531 121
2531 122
2531 123
2531 124
2531 125
2531 126
2531 127
2532 116
2532 117
2532 118
2532 119
2532 120
2532 121
2532 122
2532 123
2533 113
2533 114
2533 115
2533 116
2533 117
2533 118
2533 119
2533 120
2534 109
2534 110
2534 111
2534 112
2534 113
2534 114
2534 115
2534 116
2534 153
2534 154
2534 155
2534 156
2535 106
2535 107
2535 108
2535 109
2535 110
2535 111
2535 112
2535 149
2535 150
2535 151
2535 152
2535 153
2536 103
2536 104
2536 105
2536 106
2536 107
2536 108
2536 109
2536 145
2536 146
2536 147
2536 148
2536 149
2536 150
2537 100
2537 101
2537 102
2537 103
2537 104
2537 105
2537 141
2537 142
2537 143
2537 144
2537 145
2537 146
2537 147
2538 97
2538 98
2538 99
2538 100
2538 101
2538 137
2538 138
2538 139
2538 140
2538 141
2538 142
2538 143
2538 144
2539 94
2539 95
2539 96
2539 97
2539 134
2539 135
2539 136
2539 137
2539 138
2539 139
2539 140
2540 91
2540 92
2540 130
2540 131
2540 132
2540 133
2540 134
2540 135
2540 136
2540 137
2541 126
2541 127
2541 128
2541 129
2541 130
2541 131
2541 132
2541 133
2542 123
2542 124
2542 125
2542 126
2542 127
2542 128
2542 129
2542 130
2543 119
2543 120
2543 121
2543 122
2543 123
2543 124
2543 125
2543 126
2544 116
2544 117
2544 118
2544 119
2544 120
2544 121
2544 122
2544 123
2545 112
2545 113
2545 114
2545 115
2545 116
2545 117
2545 118
2545 119
2546 109
2546 110
2546 111
2546 112
2546 113
2546 114
2546 115
2546 153
2546 154
2546 155
2547 106
2547 107
2547 108
2547 109
2547 110
2547 111
2547 112
2547 149
2547 150
2547 151
2547 152
2548 102
2548 103
2548 104
2548 105
2548 106
2548 107
2548 108
2548 145
2548 146
2548 147
2548 148
2548 149
2549 99
2549 100
2549 101
2549 102
2549 103
2549 104
2549 141
2549 142
2549 143
2549 144
2549 145
2549 146
2550 96
2550 97
2550 98
2550 99
2550 100
2550 137
2550 138
2550 139
2550 140
2550 141
2550 142
2550 143
2551 94
2551 95
2551 96
2551 133
2551 134
2551 135
2551 136
2551 137
2551 138
2551 139
2551 140
2552 129
2552 130
2552 131
2552 132
2552 133
2552 134
2552 135
2552 136
2553 126
2553 127
2553 128
2553 129
2553 130
2553 131
2553 132
2553 133
2554 122
2554 123
2554 124
2554 125
2554 126
2554 127
2554 128
2554 129
2555 119
2555 120
2555 121
2555 122
2555 123
2555 124
2555 125
2555 126
2556 115
2556 116
2556 117
2556 118
2556 119
2556 120
2556 121
2556 122
2557 112
2557 113
2557 114
2557 115
2557 116
2557 117
2557 118
2558 109
2558 110
2558 111
2558 112
2558 113
2558 114
2558 115
2558 152
2558 153
2558 154
2558 155
2559 105
2559 106
2559 107
2559 108
2559 109
2559 110
2559 111
2559 148
2559 149
2559 150
2559 151
2559 152
2560 102
2560 103
2560 104
2560 105
2560 106
2560 107
2560 144
2560 145
2560 146
2560 147
2560 148
2560 149
2561 99
2561 100
2561 101
2561 102
2561 103
2561 140
2561 141
2561 142
2561 143
2561 144
2561 145
2561 146
2562 96
2562 97
2562 98
2562 99
2562 136
2562 137
2562 138
2562 139
2562 140
2562 141
2562 142
2563 94
2563 95
2563 133
2563 134
2563 135
2563 136
2563 137
2563 138
2563 139
2564 129
2564 130
2564 131
2564 132
2564 133
2564 134
2564 135
2565 125
2565 126
2565 127
2565 128
2565 129
2565 130
2565 131
2565 132
2566 122
2566 123
2566 124
2566 125
2566 126
2566 127
2566 128
2567 118
2567 119
2567 120
2567 121
2567 122
2567 123
2567 124
2567 125
2568 115
2568 116
2568 117
2568 118
2568 119
2568 120
2568 121
2569 112
2569 113
2569 114
2569 115
2569 116
2569 117
2569 118
2570 108
2570 109
2570 110
2570 111
2570 112
2570 113
2570 114
2570 152
2570 153
2570 154
2571 105
2571 106
2571 107
2571 108
2571 109
2571 110
2571 148
2571 149
2571 150
2571 151
2572 102
2572 103
2572 104
2572 105
2572 106
2572 144
2572 145
2572 146
2572 147
2572 148
2573 99
2573 100
2573 101
2573 102
2573 140
2573 141
2573 142
2573 143
2573 144
2573 145
2574 96
2574 97
2574 98
2574 136
2574 137
2574 138
2574 139
2574 140
2574 141
2574 142
2575 132
2575 133
2575 134
2575 135
2575 136
2575 137
2575 138
2576 129
2576 130
2576 131
2576 132
2576 133
2576 134
2576 135
2577 125
2577 126
2577 127
2577 128
2577 129
2577 130
2577 131
2578 121
2578 122
2578 123
2578 124
2578 125
2578 126
2578 127
2578 128
2579 118
2579 119
2579 120
2579 121
2579 122
2579 123
2579 124
2580 115
2580 116
2580 117
2580 118
2580 119
2580 120
2581 111
2581 112
2581 113
2581 114
2581 115
2581 116
2581 117
2582 108
2582 109
2582 110
2582 111
2582 112
2582 113
2582 152
2582 153
2583 105
2583 106
2583 107
2583 108
2583 109
2583 147
2583 148
2583 149
2583 150
2584 102
2584 103
2584 104
2584 105
2584 143
2584 144
2584 145
2584 146
2584 147
2585 99
2585 100
2585 101
2585 139
2585 140
2585 141
2585 142
2585 143
2585 144
2586 96
2586 97
2586 136
2586 137
2586 138
2586 139
2586 140
2586 141
2587 132
2587 133
2587 134
2587 135
2587 136
2587 137
2587 138
2588 128
2588 129
2588 130
2588 131
2588 132
2588 133
2588 134
2589 125
2589 126
2589 127
2589 128
2589 129
2589 130
2589 131
2590 121
2590 122
2590 123
2590 124
2590 125
2590 126
2590 127
2591 118
2591 119
2591 120
2591 121
2591 122
2591 123
2592 114
2592 115
2592 116
2592 117
2592 118
2592 119
2592 120
2593 111
2593 112
2593 113
2593 114
2593 115
2593 116
2594 108
2594 109
2594 110
2594 111
2594 112
2594 151
2594 152
2595 104
2595 105
2595 106
2595 107
2595 108
2595 147
2595 148
2595 149
2595 150
2596 101
2596 102
2596 103
2596 104
2596 143
2596 144
2596 145
2596 146
2596 147
2597 99
2597 100
2597 139
2597 140
2597 141
2597 142
2597 143
2597 144
2598 135
2598 136
2598 137
2598 138
2598 139
2598 140
2599 131
2599 132
2599 133
2599 134
2599 135
2599 136
2599 137
2600 128
2600 129
2600 130
2600 131
2600 132
2600 133
2601 124
2601 125
2601 126
2601 127
2601 128
2601 129
2601 130
2602 121
2602 122
2602 123
2602 124
2602 125
2602 126
2603 117
2603 118
2603 119
2603 120
2603 121
2603 122
2603 123
2604 114
2604 115
2604 116
2604 117
2604 118
2604 119
2605 110
2605 111
2605 112
2605 113
2605 114
2605 115
2606 107
2606 108
2606 109
2606 110
2606 111
2606 151
2607 104
2607 105
2607 106
2607 107
2607 147
2607 148
2607 149
2608 101
2608 102
2608 103
2608 142
2608 143
2608 144
2608 145
2608 146
2609 139
2609 140
2609 141
2609 142
2609 143
2610 135
2610 136
2610 137
2610 138
2610 139
2611 131
2611 132
2611 133
2611 134
2611 135
2611 136
2612 127
2612 128
2612 129
2612 130
2612 131
2612 132
2612 133
2613 124
2613 125
2613 126
2613 127
2613 128
2613 129
2614 120
2614 121
2614 122
2614 123
2614 124
2614 125
2615 117
2615 118
2615 119
2615 120
2615 121
2615 122
2616 114
2616 115
2616 116
2616 117
2616 118
2617 110
2617 111
2617 112
2617 113
2617 114
2618 107
2618 108
2618 109
2618 110
2619 104
2619 105
2619 106
2619 146
2619 147
2619 148
2620 102
2620 142
2620 143
2620 144
2620 145
2621 138
2621 139
2621 140
2621 141
2621 142
2622 134
2622 135
2622 136
2622 137
2622 138
2622 139
2623 131
2623 132
2623 133
2623 134
2623 135
2624 127
2624 128
2624 129
2624 130
2624 131
2624 132
2625 124
2625 125
2625 126
2625 127
2625 128
2626 120
2626 121
2626 122
2626 123
2626 124
2626 125
2627 117
2627 118
2627 119
2627 120
2627 121
2628 113
2628 114
2628 115
2628 116
2628 117
2629 110
2629 111
2629 112
2629 113
2630 107
2630 108
2630 109
2631 105
2631 146
2631 147
2632 142
2632 143
2632 144
2633 138
2633 139
2633 140
2633 141
2634 134
2634 135
2634 136
2634 137
2634 138
2635 130
2635 131
2635 132
2635 133
2635 134
2636 127
2636 128
2636 129
2636 130
2636 131
2637 123
2637 124
2637 125
2637 126
2637 127
2638 120
2638 121
2638 122
2638 123
2638 124
2639 116
2639 117
2639 118
2639 119
2639 120
2640 113
2640 114
2640 115
2640 116
2641 110
2641 111
2641 112
2642 108
2644 142
2644 143
2645 138
2645 139
2645 140
2646 134
2646 135
2646 136
2646 137
2647 130
2647 131
2647 132
2647 133
2648 127
2648 128
2648 129
2648 130
2649 123
2649 124
2649 125
2649 126
2650 120
2650 121
2650 122
2650 123
2651 116
2651 117
2651 118
2651 119
2652 113
2652 114
2652 115
2657 138
2657 139
2658 134
2658 135
2658 136
2659 130
2659 131
2659 132
2660 127
2660 128
2660 129
2661 123
2661 124
2661 125
2662 120
2662 121
2663 117
2671 131
2672 127
