345 55
346 55
349 54
350 54
351 54
352 54
353 54
354 53
355 53
356 53
357 53
358 53
359 52
359 53
360 52
361 52
362 52
363 52
364 51
364 52
365 51
366 51
367 51
368 51
369 51
370 50
371 50
372 50
373 50
374 50
375 50
376 49
377 49
378 49
379 49
382 48
383 48
384 48
2906 106
2907 106
2908 106
2909 105
2909 106
2910 105
2910 106
2911 105
2911 106
2912 104
2912 105
2912 106
2913 104
2913 105
2913 106
2914 104
2914 105
2914 106
2915 103
2915 104
2915 105
2915 106
2916 103
2916 104
2916 105
2916 106
2917 103
2917 104
2917 105
2918 102
2918 103
2918 104
2918 105
2919 102
2919 103
2919 104
2919 105
2920 102
2920 103
2920 104
2920 105
2921 102
2921 103
2921 104
2921 105
2922 101
2922 102
2922 103
2922 104
2922 105
2923 101
2923 102
2923 103
2923 104
2923 105
2924 101
2924 102
2924 103
2924 104
2925 101
2925 102
2925 103
2925 104
2926 100
2926 101
2926 102
2926 103
2926 104
2927 100
2927 101
2927 102
2927 103
2927 104
2928 100
2928 101
2928 102
2928 103
2928 104
2929 100
2929 101
2929 102
2929 103
2929 104
2930 99
2930 100
2930 101
2930 102
2930 103
2931 99
2931 100
2931 101
2931 102
2931 103
2932 99
2932 100
2932 101
2932 102
2932 103
2933 99
2933 100
2933 101
2933 102
2933 103
2934 98
2934 99
2934 100
2934 101
2934 102
2934 103
2935 98
2935 99
2935 100
2935 101
2935 102
2935 103
2936 98
2936 99
2936 100
2936 101
2936 102
2937 98
2937 99
2937 100
2937 101
2937 102
2938 97
2938 98
2938 99
2938 100
2938 101
2938 102
2939 97
2939 98
2939 99
2939 100
2939 101
2939 102
2940 97
2940 98
2940 99
2940 100
2940 101
2940 102
2941 97
2941 98
2941 99
2941 100
2941 101
2941 102
2942 97
2942 98
2942 99
2942 100
2942 101
2943 96
2943 97
2943 98
2943 99
2943 100
2943 101
2944 96
2944 97
2944 98
2944 99
2944 100
2944 101
2945 96
2945 97
2945 98
2945 99
2945 100
2945 101
2946 96
2946 97
2946 98
2946 99
2946 100
2946 101
2947 95
2947 96
2947 97
2947 98
2947 99
2947 100
2947 101
2948 95
2948 96
2948 97
2948 98
2948 99
2948 100
2949 95
2949 96
2949 97
2949 98
2949 99
2949 100
2950 95
2950 96
2950 97
2950 98
2950 99
2950 100
2951 95
2951 96
2951 97
2951 98
2951 99
2951 100
2952 94
2952 95
2952 96
2952 97
2952 98
2952 99
2952 100
2953 94
2953 95
2953 96
2953 97
2953 98
2953 99
2954 94
2954 95
2954 96
2954 97
2954 98
2954 99
2955 94
2955 95
2955 96
2955 97
2955 98
2955 99
2956 93
2956 94
2956 95
2956 96
2956 97
2956 98
2956 99
2957 93
2957 94
2957 95
2957 96
2957 97
2957 98
2957 99
2958 93
2958 94
2958 95
2958 96
2958 97
2958 98
2959 93
2959 94
2959 95
2959 96
2959 97
2959 98
2960 93
2960 94
2960 95
2960 96
2960 97
2960 98
2961 92
2961 93
2961 94
2961 95
2961 96
2961 97
2961 98
2962 92
2962 93
2962 94
2962 95
2962 96
2962 97
2962 98
2963 92
2963 93
2963 94
2963 95
2963 96
2963 97
2963 98
2964 92
2964 93
2964 94
2964 95
2964 96
2964 97
2965 91
2965 92
2965 93
2965 94
2965 95
2965 96
2965 97
2966 91
2966 92
2966 93
2966 94
2966 95
2966 96
2966 97
2967 91
2967 92
2967 93
2967 94
2967 95
2967 96
2967 97
2968 91
2968 92
2968 93
2968 94
2968 95
2968 96
2968 97
2969 91
2969 92
2969 93
2969 94
2969 95
2969 96
2970 90
2970 91
2970 92
2970 93
2970 94
2970 95
2970 96
2971 90
2971 91
2971 92
2971 93
2971 94
2971 95
2971 96
2972 90
2972 91
2972 92
2972 93
2972 94
2972 95
2972 96
2973 90
2973 91
2973 92
2973 93
2973 94
2973 95
2973 96
2974 90
2974 91
2974 92
2974 93
2974 94
2974 95
2975 89
2975 90
2975 91
2975 92
2975 93
2975 94
2975 95
2976 89
2976 90
2976 91
2976 92
2976 93
2976 94
2976 95
2977 89
2977 90
2977 91
2977 92
2977 93
2977 94
2977 95
2978 89
2978 90
2978 91
2978 92
2978 93
2978 94
2978 95
2979 89
2979 90
2979 91
2979 92
2979 93
2979 94
2980 88
2980 89
2980 90
2980 91
2980 92
2980 93
2980 94
2981 88
2981 89
2981 90
2981 91
2981 92
2981 93
2981 94
2982 88
2982 89
2982 90
2982 91
2982 92
2982 93
2982 94
2983 88
2983 89
2983 90
2983 91
2983 92
2983 93
2983 94
2984 88
2984 89
2984 90
2984 91
2984 92
2984 93
2985 87
2985 88
2985 89
2985 90
2985 91
2985 92
2985 93
2986 87
2986 88
2986 89
2986 90
2986 91
2986 92
2986 93
2987 87
2987 88
2987 89
2987 90
2987 91
2987 92
2987 93
2988 87
2988 88
2988 89
2988 90
2988 91
2988 92
2988 93
2989 87
2989 88
2989 89
2989 90
2989 91
2989 92
2990 86
2990 87
2990 88
2990 89
2990 90
2990 91
2990 92
2991 86
2991 87
2991 88
2991 89
2991 90
2991 91
2991 92
2992 86
2992 87
2992 88
2992 89
2992 90
2992 91
2992 92
2993 86
2993 87
2993 88
2993 89
2993 90
2993 91
2993 92
2994 86
2994 87
2994 88
2994 89
2994 90
2994 91
2995 85
2995 86
2995 87
2995 88
2995 89
2995 90
2995 91
2996 85
2996 86
2996 87
2996 88
2996 89
2996 90
2996 91
2997 85
2997 86
2997 87
2997 88
2997 89
2997 90
2997 91
2998 85
2998 86
2998 87
2998 88
2998 89
2998 90
2999 85
2999 86
2999 87
2999 88
2999 89
2999 90
3000 84
3000 85
3000 86
3000 87
3000 88
3000 89
3000 90
3001 84
3001 85
3001 86
3001 87
3001 88
3001 89
3001 90
3002 84
3002 85
3002 86
3002 87
3002 88
3002 89
3002 90
3003 84
3003 85
3003 86
3003 87
3003 88
3003 89
3004 84
3004 85
3004 86
3004 87
3004 88
3004 89
3005 83
3005 84
3005 85
3005 86
3005 87
3005 88
3005 89
3006 83
3006 84
3006 85
3006 86
3006 87
3006 88
3006 89
3007 83
3007 84
3007 85
3007 86
3007 87
3007 88
3007 89
3008 83
3008 84
3008 85
3008 86
3008 87
3008 88
3009 83
3009 84
3009 85
3009 86
3009 87
3009 88
3010 82
3010 83
3010 84
3010 85
3010 86
3010 87
3010 88
3011 82
3011 83
3011 84
3011 85
3011 86
3011 87
3011 88
3012 82
3012 83
3012 84
3012 85
3012 86
3012 87
3012 88
3013 82
3013 83
3013 84
3013 85
3013 86
3013 87
3014 82
3014 83
3014 84
3014 85
3014 86
3014 87
3015 81
3015 82
3015 83
3015 84
3015 85
3015 86
3015 87
3016 81
3016 82
3016 83
3016 84
3016 85
3016 86
3016 87
3017 81
3017 82
3017 83
3017 84
3017 85
3017 86
3018 81
3018 82
3018 83
3018 84
3018 85
3018 86
3019 81
3019 82
3019 83
3019 84
3019 85
3019 86
3020 81
3020 82
3020 83
3020 84
3020 85
3020 86
3021 80
3021 81
3021 82
3021 83
3021 84
3021 85
3021 86
3022 80
3022 81
3022 82
3022 83
3022 84
3022 85
3023 80
3023 81
3023 82
3023 83
3023 84
3023 85
3024 80
3024 81
3024 82
3024 83
3024 84
3024 85
3025 80
3025 81
3025 82
3025 83
3025 84
3025 85
3026 79
3026 80
3026 81
3026 82
3026 83
3026 84
3027 79
3027 80
3027 81
3027 82
3027 83
3027 84
3028 79
3028 80
3028 81
3028 82
3028 83
3028 84
3029 79
3029 80
3029 81
3029 82
3029 83
3029 84
3030 79
3030 80
3030 81
3030 82
3030 83
3030 84
3031 79
3031 80
3031 81
3031 82
3031 83
3032 78
3032 79
3032 80
3032 81
3032 82
3032 83
3033 78
3033 79
3033 80
3033 81
3033 82
3033 83
3034 78
3034 79
3034 80
3034 81
3034 82
3034 83
3035 78
3035 79
3035 80
3035 81
3035 82
3036 78
3036 79
3036 80
3036 81
3036 82
3037 78
3037 79
3037 80
3037 81
3037 82
3038 77
3038 78
3038 79
3038 80
3038 81
3038 82
3039 77
3039 78
3039 79
3039 80
3039 81
3040 77
3040 78
3040 79
3040 80
3040 81
3041 77
3041 78
3041 79
3041 80
3041 81
3042 77
3042 78
3042 79
3042 80
3042 81
3043 77
3043 78
3043 79
3043 80
3043 81
3044 76
3044 77
3044 78
3044 79
3044 80
3045 76
3045 77
3045 78
3045 79
3045 80
3046 76
3046 77
3046 78
3046 79
3046 80
3047 76
3047 77
3047 78
3047 79
3047 80
3048 76
3048 77
3048 78
3048 79
3049 76
3049 77
3049 78
3049 79
3050 76
3050 77
3050 78
3050 79
3051 75
3051 76
3051 77
3051 78
3051 79
3052 75
3052 76
3052 77
3052 78
3053 75
3053 76
3053 77
3053 78
3054 75
3054 76
3054 77
3054 78
3055 75
3055 76
3055 77
3055 78
3056 75
3056 76
3056 77
3057 75
3057 76
3057 77
3058 74
3058 75
3058 76
3058 77
3059 74
3059 75
3059 76
3060 74
3060 75
3060 76
3061 74
3061 75
3061 76
3062 74
3062 75
3062 76
3063 74
3063 75
3064 74
3064 75
3065 74
3065 75
3066 74
3067 74
