106 255
108 260
111 246
113 251
113 252
115 256
115 257
115 258
117 262
117 263
118 243
118 244
119 268
119 269
120 248
120 249
120 250
122 253
122 254
122 255
122 256
124 259
124 260
124 261
125 240
125 241
126 264
126 265
126 266
127 245
127 246
127 247
128 270
128 271
128 272
129 250
129 251
129 252
129 253
131 255
131 256
131 257
131 258
132 237
132 238
133 261
133 262
133 263
133 264
134 242
134 243
134 244
135 267
135 268
135 269
136 247
136 248
136 249
136 250
137 273
137 274
138 252
138 253
138 254
138 255
138 256
139 234
139 235
140 258
140 259
140 260
140 261
141 239
141 240
141 241
142 263
142 264
142 265
142 266
142 267
143 244
143 245
143 246
143 247
144 269
144 270
144 271
144 272
145 249
145 250
145 251
145 252
145 253
146 231
146 232
146 275
146 276
146 277
147 255
147 256
147 257
147 258
147 259
148 236
148 237
148 238
149 260
149 261
149 262
149 263
149 264
150 241
150 242
150 243
150 244
151 266
151 267
151 268
151 269
152 246
152 247
152 248
152 249
152 250
153 228
153 229
153 272
153 273
153 274
153 275
154 252
154 253
154 254
154 255
154 256
155 233
155 234
155 235
155 278
155 279
156 257
156 258
156 259
156 260
156 261
157 238
157 239
157 240
157 241
157 242
158 263
158 264
158 265
158 266
158 267
159 243
159 244
159 245
159 246
159 247
160 269
160 270
160 271
160 272
161 249
161 250
161 251
161 252
161 253
162 230
162 231
162 232
162 274
162 275
162 276
162 277
163 254
163 255
163 256
163 257
163 258
163 259
164 235
164 236
164 237
164 238
164 239
164 281
164 282
165 260
165 261
165 262
165 263
165 264
166 240
166 241
166 242
166 243
166 244
166 245
167 265
167 266
167 267
167 268
167 269
167 270
168 246
168 247
168 248
168 249
168 250
169 227
169 228
169 229
169 271
169 272
169 273
169 274
169 275
170 251
170 252
170 253
170 254
170 255
170 256
171 232
171 233
171 234
171 235
171 236
171 277
171 278
171 279
171 280
172 257
172 258
172 259
172 260
172 261
173 237
173 238
173 239
173 240
173 241
173 242
173 284
174 262
174 263
174 264
174 265
174 266
174 267
175 243
175 244
175 245
175 246
175 247
176 224
176 225
176 226
176 268
176 269
176 270
176 271
176 272
177 248
177 249
177 250
177 251
177 252
177 253
178 229
178 230
178 231
178 232
178 274
178 275
178 276
178 277
179 254
179 255
179 256
179 257
179 258
179 259
180 234
180 235
180 236
180 237
180 238
180 239
180 280
180 281
180 282
181 259
181 260
181 261
181 262
181 263
181 264
182 240
182 241
182 242
182 243
182 244
183 221
183 222
183 223
183 265
183 266
183 267
183 268
183 269
183 270
184 245
184 246
184 247
184 248
184 249
184 250
185 226
185 227
185 228
185 229
185 271
185 272
185 273
185 274
185 275
186 251
186 252
186 253
186 254
186 255
186 256
187 231
187 232
187 233
187 234
187 235
187 236
187 277
187 278
187 279
187 280
188 256
188 257
188 258
188 259
188 260
188 261
189 237
189 238
189 239
189 240
189 241
189 283
189 284
190 219
190 262
190 263
190 264
190 265
190 266
190 267
191 242
191 243
191 244
191 245
191 246
191 247
192 223
192 224
192 225
192 226
192 267
192 268
192 269
192 270
192 271
192 272
193 248
193 249
193 250
193 251
193 252
193 253
194 228
194 229
194 230
194 231
194 232
194 273
194 274
194 275
194 276
194 277
195 253
195 254
195 255
195 256
195 257
195 258
195 259
196 234
196 235
196 236
196 237
196 238
196 279
196 280
196 281
196 282
197 259
197 260
197 261
197 262
197 263
197 264
198 239
198 240
198 241
198 242
198 243
198 244
198 286
199 220
199 221
199 222
199 223
199 264
199 265
199 266
199 267
199 268
199 269
200 245
200 246
200 247
200 248
200 249
200 250
201 225
201 226
201 227
201 228
201 229
201 270
201 271
201 272
201 273
201 274
201 275
202 250
202 251
202 252
202 253
202 254
202 255
202 256
203 231
203 232
203 233
203 234
203 235
203 276
203 277
203 278
203 279
203 280
204 256
204 257
204 258
204 259
204 260
204 261
205 236
205 237
205 238
205 239
205 240
205 241
205 282
205 283
205 284
206 218
206 219
206 220
206 261
206 262
206 263
206 264
206 265
206 266
206 267
207 242
207 243
207 244
207 245
207 246
207 247
208 223
208 224
208 225
208 226
208 267
208 268
208 269
208 270
208 271
208 272
209 247
209 248
209 249
209 250
209 251
209 252
209 253
210 228
210 229
210 230
210 231
210 232
210 273
210 274
210 275
210 276
210 277
211 253
211 254
211 255
211 256
211 257
211 258
212 233
212 234
212 235
212 236
212 237
212 238
212 279
212 280
212 281
212 282
213 215
213 216
213 258
213 259
213 260
213 261
213 262
213 263
213 264
214 239
214 240
214 241
214 242
214 243
214 244
214 285
214 286
215 220
215 221
215 222
215 223
215 264
215 265
215 266
215 267
215 268
215 269
216 244
216 245
216 246
216 247
216 248
216 249
216 250
217 225
217 226
217 227
217 228
217 229
217 270
217 271
217 272
217 273
217 274
218 250
218 251
218 252
218 253
218 254
218 255
219 230
219 231
219 232
219 233
219 234
219 235
219 276
219 277
219 278
219 279
220 212
220 213
220 255
220 256
220 257
220 258
220 259
220 260
220 261
221 236
221 237
221 238
221 239
221 240
221 241
221 282
221 283
221 284
222 217
222 218
222 219
222 220
222 261
222 262
222 263
222 264
222 265
222 266
223 241
223 242
223 243
223 244
223 245
223 246
223 247
224 222
224 223
224 224
224 225
224 226
224 267
224 268
224 269
224 270
224 271
224 272
225 247
225 248
225 249
225 250
225 251
225 252
225 253
226 227
226 228
226 229
226 230
226 231
226 232
226 272
226 273
226 274
226 275
226 276
226 277
227 252
227 253
227 254
227 255
227 256
227 257
227 258
228 233
228 234
228 235
228 236
228 237
228 238
228 278
228 279
228 280
228 281
228 282
229 214
229 215
229 216
229 258
229 259
229 260
229 261
229 262
229 263
229 264
230 238
230 239
230 240
230 241
230 242
230 243
230 244
230 285
230 286
231 219
231 220
231 221
231 222
231 223
231 263
231 264
231 265
231 266
231 267
231 268
231 269
232 244
232 245
232 246
232 247
232 248
232 249
232 250
233 224
233 225
233 226
233 227
233 228
233 229
233 269
233 270
233 271
233 272
233 273
233 274
234 249
234 250
234 251
234 252
234 253
234 254
234 255
235 230
235 231
235 232
235 233
235 234
235 235
235 275
235 276
235 277
235 278
235 279
236 211
236 212
236 213
236 255
236 256
236 257
236 258
236 259
236 260
236 261
237 235
237 236
237 237
237 238
237 239
237 240
237 241
237 281
237 282
237 283
237 284
238 216
238 217
238 218
238 219
238 260
238 261
238 262
238 263
238 264
238 265
238 266
239 241
239 242
239 243
239 244
239 245
239 246
239 247
240 221
240 222
240 223
240 224
240 225
240 226
240 266
240 267
240 268
240 269
240 270
240 271
241 246
241 247
241 248
241 249
241 250
241 251
241 252
242 227
242 228
242 229
242 230
242 231
242 232
242 272
242 273
242 274
242 275
242 276
242 277
243 209
243 252
243 253
243 254
243 255
243 256
243 257
243 258
244 232
244 233
244 234
244 235
244 236
244 237
244 238
244 278
244 279
244 280
244 281
244 282
245 213
245 214
245 215
245 216
245 257
245 258
245 259
245 260
245 261
245 262
245 263
246 238
246 239
246 240
246 241
246 242
246 243
246 244
246 285
246 286
247 218
247 219
247 220
247 221
247 222
247 223
247 263
247 264
247 265
247 266
247 267
247 268
247 269
248 243
248 244
248 245
248 246
248 247
248 248
248 249
249 224
249 225
249 226
249 227
249 228
249 229
249 269
249 270
249 271
249 272
249 273
249 274
250 249
250 250
250 251
250 252
250 253
250 254
250 255
251 229
251 230
251 231
251 232
251 233
251 234
251 235
251 275
251 276
251 277
251 278
251 279
252 210
252 211
252 212
252 213
252 254
252 255
252 256
252 257
252 258
252 259
252 260
253 235
253 236
253 237
253 238
253 239
253 240
253 241
253 281
253 282
253 283
253 284
254 215
254 216
254 217
254 218
254 219
254 260
254 261
254 262
254 263
254 264
254 265
254 266
255 240
255 241
255 242
255 243
255 244
255 245
255 246
256 221
256 222
256 223
256 224
256 225
256 266
256 267
256 268
256 269
256 270
256 271
257 246
257 247
257 248
257 249
257 250
257 251
257 252
258 226
258 227
258 228
258 229
258 230
258 231
258 232
258 272
258 273
258 274
258 275
258 276
259 208
259 209
259 251
259 252
259 253
259 254
259 255
259 256
259 257
260 232
260 233
260 234
260 235
260 236
260 237
260 278
260 279
260 280
260 281
261 212
261 213
261 214
261 215
261 216
261 257
261 258
261 259
261 260
261 261
261 262
261 263
262 237
262 238
262 239
262 240
262 241
262 242
262 243
262 284
262 285
262 286
263 218
263 219
263 220
263 221
263 222
263 263
263 264
263 265
263 266
263 267
263 268
264 243
264 244
264 245
264 246
264 247
264 248
264 249
265 223
265 224
265 225
265 226
265 227
265 228
265 269
265 270
265 271
265 272
265 273
266 205
266 206
266 248
266 249
266 250
266 251
266 252
266 253
266 254
266 255
267 229
267 230
267 231
267 232
267 233
267 234
267 275
267 276
267 277
267 278
267 279
268 210
268 211
268 212
268 213
268 254
268 255
268 256
268 257
268 258
268 259
268 260
269 234
269 235
269 236
269 237
269 238
269 239
269 240
269 281
269 282
269 283
270 215
270 216
270 217
270 218
270 219
270 260
270 261
270 262
270 263
270 264
270 265
271 240
271 241
271 242
271 243
271 244
271 245
271 246
272 220
272 221
272 222
272 223
272 224
272 225
272 266
272 267
272 268
272 269
272 270
272 271
273 245
273 246
273 247
273 248
273 249
273 250
273 251
273 252
274 226
274 227
274 228
274 229
274 230
274 231
274 271
274 272
274 273
274 274
274 275
274 276
275 207
275 208
275 209
275 251
275 252
275 253
275 254
275 255
275 256
275 257
276 231
276 232
276 233
276 234
276 235
276 236
276 237
276 278
276 279
276 280
276 281
277 212
277 213
277 214
277 215
277 216
277 257
277 258
277 259
277 260
277 261
277 262
277 263
278 237
278 238
278 239
278 240
278 241
278 242
278 243
278 284
278 285
279 217
279 218
279 219
279 220
279 221
279 222
279 262
279 263
279 264
279 265
279 266
279 267
279 268
280 242
280 243
280 244
280 245
280 246
280 247
280 248
280 249
281 223
281 224
281 225
281 226
281 227
281 228
281 268
281 269
281 270
281 271
281 272
281 273
282 204
282 205
282 206
282 248
282 249
282 250
282 251
282 252
282 253
282 254
283 228
283 229
283 230
283 231
283 232
283 233
283 234
283 274
283 275
283 276
283 277
283 278
284 209
284 210
284 211
284 212
284 254
284 255
284 256
284 257
284 258
284 259
284 260
285 234
285 235
285 236
285 237
285 238
285 239
285 240
285 281
285 282
285 283
286 214
286 215
286 216
286 217
286 218
286 219
286 259
286 260
286 261
286 262
286 263
286 264
286 265
287 239
287 240
287 241
287 242
287 243
287 244
287 245
288 220
288 221
288 222
288 223
288 224
288 225
288 265
288 266
288 267
288 268
288 269
288 270
289 201
289 202
289 245
289 246
289 247
289 248
289 249
289 250
289 251
290 225
290 226
290 227
290 228
290 229
290 230
290 231
290 271
290 272
290 273
290 274
290 275
291 206
291 207
291 208
291 209
291 251
291 252
291 253
291 254
291 255
291 256
291 257
292 231
292 232
292 233
292 234
292 235
292 236
292 237
292 277
292 278
292 279
292 280
293 211
293 212
293 213
293 214
293 215
293 256
293 257
293 258
293 259
293 260
293 261
293 262
294 236
294 237
294 238
294 239
294 240
294 241
294 242
295 217
295 218
295 219
295 220
295 221
295 262
295 263
295 264
295 265
295 266
295 267
296 242
296 243
296 244
296 245
296 246
296 247
296 248
297 222
297 223
297 224
297 225
297 226
297 227
297 228
297 268
297 269
297 270
297 271
297 272
297 273
298 203
298 204
298 205
298 248
298 249
298 250
298 251
298 252
298 253
298 254
299 228
299 229
299 230
299 231
299 232
299 233
299 274
299 275
299 276
299 277
300 208
300 209
300 210
300 211
300 212
300 253
300 254
300 255
300 256
300 257
300 258
300 259
301 233
301 234
301 235
301 236
301 237
301 238
301 239
301 281
301 282
302 214
302 215
302 216
302 217
302 218
302 259
302 260
302 261
302 262
302 263
302 264
303 239
303 240
303 241
303 242
303 243
303 244
303 245
304 219
304 220
304 221
304 222
304 223
304 224
304 265
304 266
304 267
304 268
304 269
304 270
305 201
305 202
305 244
305 245
305 246
305 247
305 248
305 249
305 250
305 251
306 225
306 226
306 227
306 228
306 229
306 230
306 271
306 272
306 273
306 274
306 275
307 205
307 206
307 207
307 208
307 209
307 250
307 251
307 252
307 253
307 254
307 255
307 256
308 230
308 231
308 232
308 233
308 234
308 235
308 236
308 277
308 278
308 279
309 211
309 212
309 213
309 214
309 215
309 256
309 257
309 258
309 259
309 260
309 261
309 262
310 236
310 237
310 238
310 239
310 240
310 241
310 242
311 216
311 217
311 218
311 219
311 220
311 221
311 262
311 263
311 264
311 265
311 266
311 267
312 198
312 241
312 242
312 243
312 244
312 245
312 246
312 247
312 248
313 222
313 223
313 224
313 225
313 226
313 227
313 268
313 269
313 270
313 271
313 272
314 203
314 204
314 205
314 247
314 248
314 249
314 250
314 251
314 252
314 253
315 227
315 228
315 229
315 230
315 231
315 232
315 233
315 274
315 275
315 276
315 277
316 208
316 209
316 210
316 211
316 212
316 253
316 254
316 255
316 256
316 257
316 258
316 259
317 233
317 234
317 235
317 236
317 237
317 238
317 239
318 213
318 214
318 215
318 216
318 217
318 218
318 259
318 260
318 261
318 262
318 263
318 264
319 238
319 239
319 240
319 241
319 242
319 243
319 244
320 219
320 220
320 221
320 222
320 223
320 224
320 265
320 266
320 267
320 268
320 269
321 200
321 201
321 202
321 244
321 245
321 246
321 247
321 248
321 249
321 250
322 224
322 225
322 226
322 227
322 228
322 229
322 230
322 271
322 272
322 273
322 274
323 205
323 206
323 207
323 208
323 250
323 251
323 252
323 253
323 254
323 255
323 256
324 230
324 231
324 232
324 233
324 234
324 235
324 236
324 278
325 210
325 211
325 212
325 213
325 214
325 256
325 257
325 258
325 259
325 260
325 261
326 235
326 236
326 237
326 238
326 239
326 240
326 241
327 216
327 217
327 218
327 219
327 220
327 221
327 262
327 263
327 264
327 265
327 266
328 197
328 198
328 241
328 242
328 243
328 244
328 245
328 246
328 247
329 221
329 222
329 223
329 224
329 225
329 226
329 227
329 268
329 269
329 270
329 271
330 202
330 203
330 204
330 205
330 247
330 248
330 249
330 250
330 251
330 252
330 253
331 227
331 228
331 229
331 230
331 231
331 232
331 274
331 275
331 276
332 207
332 208
332 209
332 210
332 211
332 253
332 254
332 255
332 256
332 257
332 258
333 232
333 233
333 234
333 235
333 236
333 237
333 238
334 213
334 214
334 215
334 216
334 217
334 259
334 260
334 261
334 262
334 263
335 238
335 239
335 240
335 241
335 242
335 243
335 244
336 218
336 219
336 220
336 221
336 222
336 223
336 265
336 266
336 267
336 268
337 199
337 200
337 201
337 244
337 245
337 246
337 247
337 248
337 249
338 224
338 225
338 226
338 227
338 228
338 229
338 271
338 272
338 273
339 204
339 205
339 206
339 207
339 208
339 250
339 251
339 252
339 253
339 254
339 255
340 229
340 230
340 231
340 232
340 233
340 234
340 235
341 210
341 211
341 212
341 213
341 214
341 256
341 257
341 258
341 259
341 260
342 235
342 236
342 237
342 238
342 239
342 240
342 241
343 215
343 216
343 217
343 218
343 219
343 220
343 262
343 263
343 264
343 265
344 197
344 198
344 241
344 242
344 243
344 244
344 245
344 246
345 221
345 222
345 223
345 224
345 225
345 226
345 268
345 269
345 270
346 201
346 202
346 203
346 204
346 247
346 248
346 249
346 250
346 251
346 252
347 226
347 227
347 228
347 229
347 230
347 231
347 232
348 207
348 208
348 209
348 210
348 211
348 253
348 254
348 255
348 256
348 257
349 232
349 233
349 234
349 235
349 236
349 237
349 238
350 212
350 213
350 214
350 215
350 216
350 217
350 259
350 260
350 261
350 262
350 263
351 238
351 239
351 240
351 241
351 242
351 243
352 218
352 219
352 220
352 221
352 222
352 223
352 265
352 266
352 267
352 268
353 199
353 200
353 201
353 244
353 245
353 246
353 247
353 248
353 249
354 223
354 224
354 225
354 226
354 227
354 228
354 229
354 272
355 204
355 205
355 206
355 207
355 249
355 250
355 251
355 252
355 253
355 254
356 229
356 230
356 231
356 232
356 233
356 234
357 209
357 210
357 211
357 212
357 213
357 255
357 256
357 257
357 258
357 259
357 260
358 235
358 236
358 237
358 238
358 239
358 240
359 215
359 216
359 217
359 218
359 219
359 262
359 263
359 264
359 265
360 196
360 197
360 241
360 242
360 243
360 244
360 245
360 246
361 220
361 221
361 222
361 223
361 224
361 225
361 268
361 269
362 201
362 202
362 203
362 204
362 246
362 247
362 248
362 249
362 250
362 251
363 226
363 227
363 228
363 229
363 230
363 231
364 206
364 207
364 208
364 209
364 210
364 252
364 253
364 254
364 255
364 256
364 257
365 232
365 233
365 234
365 235
365 236
365 237
366 212
366 213
366 214
366 215
366 216
366 259
366 260
366 261
366 262
367 237
367 238
367 239
367 240
367 241
367 242
367 243
368 217
368 218
368 219
368 220
368 221
368 222
368 265
368 266
369 198
369 199
369 200
369 243
369 244
369 245
369 246
369 247
369 248
370 223
370 224
370 225
370 226
370 227
370 228
371 203
371 204
371 205
371 206
371 207
371 249
371 250
371 251
371 252
371 253
372 229
372 230
372 231
372 232
372 233
372 234
373 209
373 210
373 211
373 212
373 213
373 255
373 256
373 257
373 258
373 259
374 234
374 235
374 236
374 237
374 238
374 239
375 214
375 215
375 216
375 217
375 218
375 219
375 262
375 263
376 196
376 197
376 240
376 241
376 242
376 243
376 244
376 245
377 220
377 221
377 222
377 223
377 224
377 225
378 201
378 202
378 203
378 246
378 247
378 248
378 249
378 250
379 226
379 227
379 228
379 229
379 230
379 231
380 206
380 207
380 208
380 209
380 252
380 253
380 254
380 255
380 256
381 231
381 232
381 233
381 234
381 235
381 236
382 211
382 212
382 213
382 214
382 215
382 216
382 259
382 260
382 261
383 237
383 238
383 239
383 240
383 241
383 242
384 217
384 218
384 219
384 220
384 221
385 198
385 199
385 200
385 243
385 244
385 245
385 246
385 247
386 223
386 224
386 225
386 226
386 227
387 203
387 204
387 205
387 206
387 249
387 250
387 251
387 252
387 253
388 228
388 229
388 230
388 231
388 232
388 233
389 208
389 209
389 210
389 211
389 212
389 256
389 257
389 258
390 234
390 235
390 236
390 237
390 238
390 239
391 214
391 215
391 216
391 217
391 218
392 195
392 196
392 240
392 241
392 242
392 243
392 244
393 220
393 221
393 222
393 223
393 224
394 200
394 201
394 202
394 203
394 246
394 247
394 248
394 249
395 225
395 226
395 227
395 228
395 229
395 230
396 206
396 207
396 208
396 209
396 252
396 253
396 254
396 255
397 231
397 232
397 233
397 234
397 235
398 211
398 212
398 213
398 214
398 215
399 237
399 238
399 239
399 240
399 241
400 217
400 218
400 219
400 220
400 221
401 197
401 198
401 199
401 243
401 244
401 245
401 246
402 222
402 223
402 224
402 225
402 226
402 227
403 203
403 204
403 205
403 249
403 250
403 251
404 228
404 229
404 230
404 231
404 232
405 208
405 209
405 210
405 211
405 212
406 234
406 235
406 236
406 237
406 238
407 214
407 215
407 216
407 217
408 195
408 240
408 241
408 242
408 243
409 219
409 220
409 221
409 222
409 223
410 200
410 201
410 202
410 246
410 247
410 248
411 225
411 226
411 227
411 228
411 229
412 205
412 206
412 207
412 208
413 231
413 232
413 233
413 234
413 235
414 211
414 212
414 213
414 214
415 237
415 238
415 239
415 240
416 216
416 217
416 218
416 219
416 220
417 197
417 198
417 243
417 244
417 245
418 222
418 223
418 224
418 225
418 226
419 202
419 203
419 204
419 205
420 228
420 229
420 230
420 231
421 208
421 209
421 210
421 211
422 234
422 235
422 236
422 237
423 213
423 214
423 215
423 216
423 217
424 240
424 241
424 242
425 219
425 220
425 221
425 222
426 200
426 201
427 225
427 226
427 227
427 228
428 205
428 206
428 207
429 231
429 232
429 233
429 234
430 210
430 211
430 212
430 213
431 237
431 238
431 239
432 216
432 217
432 218
432 219
433 197
434 222
434 223
434 224
434 225
435 202
435 203
435 204
436 228
436 229
436 230
437 208
437 209
437 210
438 234
438 235
438 236
439 213
439 214
439 215
439 216
441 219
441 220
441 221
441 222
442 200
443 225
443 226
443 227
444 205
444 206
444 207
445 231
445 232
446 210
446 211
446 212
446 213
448 216
448 217
448 218
450 222
450 223
450 224
451 202
451 203
452 228
452 229
453 207
453 208
453 209
455 213
455 214
455 215
457 219
457 220
457 221
459 225
459 226
460 205
462 210
462 211
464 216
464 217
466 222
469 208
471 213
471 214
