2616 258
2617 252
2623 262
2623 263
2623 264
2624 256
2624 257
2624 258
2625 250
2625 251
2625 252
2626 245
2630 267
2630 268
2630 269
2631 260
2631 261
2631 262
2631 263
2632 254
2632 255
2632 256
2632 257
2632 258
2633 248
2633 249
2633 250
2633 251
2633 252
2634 243
2634 244
2634 245
2637 272
2637 273
2638 265
2638 266
2638 267
2638 268
2639 259
2639 260
2639 261
2639 262
2639 263
2640 253
2640 254
2640 255
2640 256
2640 257
2641 247
2641 248
2641 249
2641 250
2641 251
2642 242
2642 243
2642 244
2645 270
2645 271
2645 272
2645 273
2646 263
2646 264
2646 265
2646 266
2646 267
2646 268
2647 257
2647 258
2647 259
2647 260
2647 261
2647 262
2648 251
2648 252
2648 253
2648 254
2648 255
2648 256
2649 246
2649 247
2649 248
2649 249
2649 250
2650 240
2650 241
2650 242
2650 243
2650 244
2651 236
2652 276
2653 268
2653 269
2653 270
2653 271
2653 272
2654 262
2654 263
2654 264
2654 265
2654 266
2654 267
2655 256
2655 257
2655 258
2655 259
2655 260
2655 261
2656 250
2656 251
2656 252
2656 253
2656 254
2656 255
2657 244
2657 245
2657 246
2657 247
2657 248
2657 249
2658 239
2658 240
2658 241
2658 242
2658 243
2659 234
2659 235
2659 236
2660 274
2660 275
2660 276
2661 267
2661 268
2661 269
2661 270
2661 271
2662 261
2662 262
2662 263
2662 264
2662 265
2662 266
2663 255
2663 256
2663 257
2663 258
2663 259
2663 260
2664 249
2664 250
2664 251
2664 252
2664 253
2664 254
2664 255
2665 243
2665 244
2665 245
2665 246
2665 247
2665 248
2666 238
2666 239
2666 240
2666 241
2666 242
2667 233
2667 234
2667 235
2668 272
2668 273
2668 274
2668 275
2668 276
2669 266
2669 267
2669 268
2669 269
2669 270
2669 271
2670 259
2670 260
2670 261
2670 262
2670 263
2670 264
2670 265
2671 253
2671 254
2671 255
2671 256
2671 257
2671 258
2671 259
2671 260
2672 247
2672 248
2672 249
2672 250
2672 251
2672 252
2672 253
2672 254
2673 242
2673 243
2673 244
2673 245
2673 246
2673 247
2673 248
2674 236
2674 237
2674 238
2674 239
2674 240
2674 241
2675 231
2675 232
2675 233
2675 234
2675 278
2675 279
2675 280
2676 271
2676 272
2676 273
2676 274
2676 275
2677 264
2677 265
2677 266
2677 267
2677 268
2677 269
2677 270
2678 258
2678 259
2678 260
2678 261
2678 262
2678 263
2678 264
2678 265
2679 252
2679 253
2679 254
2679 255
2679 256
2679 257
2679 258
2679 259
2680 246
2680 247
2680 248
2680 249
2680 250
2680 251
2680 252
2680 253
2681 240
2681 241
2681 242
2681 243
2681 244
2681 245
2681 246
2681 247
2682 235
2682 236
2682 237
2682 238
2682 239
2682 240
2683 230
2683 231
2683 232
2683 233
2683 276
2683 277
2683 278
2683 279
2684 269
2684 270
2684 271
2684 272
2684 273
2684 274
2684 275
2685 263
2685 264
2685 265
2685 266
2685 267
2685 268
2685 269
2686 257
2686 258
2686 259
2686 260
2686 261
2686 262
2686 263
2686 264
2687 251
2687 252
2687 253
2687 254
2687 255
2687 256
2687 257
2687 258
2688 245
2688 246
2688 247
2688 248
2688 249
2688 250
2688 251
2688 252
2689 239
2689 240
2689 241
2689 242
2689 243
2689 244
2689 245
2689 246
2690 234
2690 235
2690 236
2690 237
2690 238
2690 239
2691 229
2691 230
2691 231
2691 232
2691 275
2691 276
2691 277
2691 278
2691 279
2692 268
2692 269
2692 270
2692 271
2692 272
2692 273
2692 274
2693 262
2693 263
2693 264
2693 265
2693 266
2693 267
2693 268
2694 256
2694 257
2694 258
2694 259
2694 260
2694 261
2694 262
2694 263
2695 250
2695 251
2695 252
2695 253
2695 254
2695 255
2695 256
2695 257
2696 244
2696 245
2696 246
2696 247
2696 248
2696 249
2696 250
2696 251
2697 238
2697 239
2697 240
2697 241
2697 242
2697 243
2697 244
2697 245
2698 233
2698 234
2698 235
2698 236
2698 237
2698 238
2698 281
2698 282
2699 227
2699 228
2699 229
2699 230
2699 231
2699 232
2699 273
2699 274
2699 275
2699 276
2699 277
2699 278
2700 267
2700 268
2700 269
2700 270
2700 271
2700 272
2700 273
2701 260
2701 261
2701 262
2701 263
2701 264
2701 265
2701 266
2701 267
2701 268
2702 254
2702 255
2702 256
2702 257
2702 258
2702 259
2702 260
2702 261
2702 262
2703 248
2703 249
2703 250
2703 251
2703 252
2703 253
2703 254
2703 255
2703 256
2704 243
2704 244
2704 245
2704 246
2704 247
2704 248
2704 249
2704 250
2705 237
2705 238
2705 239
2705 240
2705 241
2705 242
2705 243
2705 244
2706 231
2706 232
2706 233
2706 234
2706 235
2706 236
2706 237
2706 279
2706 280
2706 281
2706 282
2707 226
2707 227
2707 228
2707 229
2707 230
2707 231
2707 272
2707 273
2707 274
2707 275
2707 276
2707 277
2708 265
2708 266
2708 267
2708 268
2708 269
2708 270
2708 271
2708 272
2709 259
2709 260
2709 261
2709 262
2709 263
2709 264
2709 265
2709 266
2709 267
2710 253
2710 254
2710 255
2710 256
2710 257
2710 258
2710 259
2710 260
2710 261
2711 247
2711 248
2711 249
2711 250
2711 251
2711 252
2711 253
2711 254
2711 255
2712 241
2712 242
2712 243
2712 244
2712 245
2712 246
2712 247
2712 248
2712 249
2713 236
2713 237
2713 238
2713 239
2713 240
2713 241
2713 242
2713 243
2714 230
2714 231
2714 232
2714 233
2714 234
2714 235
2714 236
2714 237
2714 278
2714 279
2714 280
2714 281
2715 225
2715 226
2715 227
2715 228
2715 229
2715 230
2715 271
2715 272
2715 273
2715 274
2715 275
2715 276
2715 277
2716 221
2716 264
2716 265
2716 266
2716 267
2716 268
2716 269
2716 270
2716 271
2717 258
2717 259
2717 260
2717 261
2717 262
2717 263
2717 264
2717 265
2717 266
2718 252
2718 253
2718 254
2718 255
2718 256
2718 257
2718 258
2718 259
2718 260
2719 246
2719 247
2719 248
2719 249
2719 250
2719 251
2719 252
2719 253
2719 254
2720 240
2720 241
2720 242
2720 243
2720 244
2720 245
2720 246
2720 247
2720 248
2721 235
2721 236
2721 237
2721 238
2721 239
2721 240
2721 241
2721 242
2722 229
2722 230
2722 231
2722 232
2722 233
2722 234
2722 235
2722 236
2722 276
2722 277
2722 278
2722 279
2722 280
2722 281
2723 224
2723 225
2723 226
2723 227
2723 228
2723 229
2723 269
2723 270
2723 271
2723 272
2723 273
2723 274
2723 275
2723 276
2724 220
2724 263
2724 264
2724 265
2724 266
2724 267
2724 268
2724 269
2724 270
2724 271
2725 257
2725 258
2725 259
2725 260
2725 261
2725 262
2725 263
2725 264
2725 265
2726 251
2726 252
2726 253
2726 254
2726 255
2726 256
2726 257
2726 258
2726 259
2727 245
2727 246
2727 247
2727 248
2727 249
2727 250
2727 251
2727 252
2727 253
2728 239
2728 240
2728 241
2728 242
2728 243
2728 244
2728 245
2728 246
2728 247
2729 233
2729 234
2729 235
2729 236
2729 237
2729 238
2729 239
2729 240
2729 241
2729 282
2729 283
2729 284
2730 228
2730 229
2730 230
2730 231
2730 232
2730 233
2730 234
2730 235
2730 275
2730 276
2730 277
2730 278
2730 279
2730 280
2731 223
2731 224
2731 225
2731 226
2731 227
2731 228
2731 268
2731 269
2731 270
2731 271
2731 272
2731 273
2731 274
2731 275
2732 219
2732 220
2732 262
2732 263
2732 264
2732 265
2732 266
2732 267
2732 268
2732 269
2732 270
2733 256
2733 257
2733 258
2733 259
2733 260
2733 261
2733 262
2733 263
2733 264
2734 250
2734 251
2734 252
2734 253
2734 254
2734 255
2734 256
2734 257
2734 258
2735 244
2735 245
2735 246
2735 247
2735 248
2735 249
2735 250
2735 251
2735 252
2736 238
2736 239
2736 240
2736 241
2736 242
2736 243
2736 244
2736 245
2736 246
2737 232
2737 233
2737 234
2737 235
2737 236
2737 237
2737 238
2737 239
2737 240
2737 281
2737 282
2737 283
2737 284
2738 227
2738 228
2738 229
2738 230
2738 231
2738 232
2738 233
2738 234
2738 273
2738 274
2738 275
2738 276
2738 277
2738 278
2738 279
2739 222
2739 223
2739 224
2739 225
2739 226
2739 227
2739 267
2739 268
2739 269
2739 270
2739 271
2739 272
2739 273
2739 274
2740 217
2740 218
2740 219
2740 261
2740 262
2740 263
2740 264
2740 265
2740 266
2740 267
2740 268
2740 269
2741 254
2741 255
2741 256
2741 257
2741 258
2741 259
2741 260
2741 261
2741 262
2741 263
2742 248
2742 249
2742 250
2742 251
2742 252
2742 253
2742 254
2742 255
2742 256
2742 257
2743 243
2743 244
2743 245
2743 246
2743 247
2743 248
2743 249
2743 250
2743 251
2744 237
2744 238
2744 239
2744 240
2744 241
2744 242
2744 243
2744 244
2744 245
2745 231
2745 232
2745 233
2745 234
2745 235
2745 236
2745 237
2745 238
2745 239
2745 279
2745 280
2745 281
2745 282
2745 283
2746 226
2746 227
2746 228
2746 229
2746 230
2746 231
2746 232
2746 233
2746 272
2746 273
2746 274
2746 275
2746 276
2746 277
2746 278
2746 279
2747 220
2747 221
2747 222
2747 223
2747 224
2747 225
2747 226
2747 266
2747 267
2747 268
2747 269
2747 270
2747 271
2747 272
2747 273
2748 216
2748 217
2748 259
2748 260
2748 261
2748 262
2748 263
2748 264
2748 265
2748 266
2748 267
2748 268
2749 253
2749 254
2749 255
2749 256
2749 257
2749 258
2749 259
2749 260
2749 261
2749 262
2750 247
2750 248
2750 249
2750 250
2750 251
2750 252
2750 253
2750 254
2750 255
2750 256
2751 241
2751 242
2751 243
2751 244
2751 245
2751 246
2751 247
2751 248
2751 249
2751 250
2751 251
2752 236
2752 237
2752 238
2752 239
2752 240
2752 241
2752 242
2752 243
2752 244
2753 230
2753 231
2753 232
2753 233
2753 234
2753 235
2753 236
2753 237
2753 238
2753 278
2753 279
2753 280
2753 281
2753 282
2753 283
2754 225
2754 226
2754 227
2754 228
2754 229
2754 230
2754 231
2754 232
2754 271
2754 272
2754 273
2754 274
2754 275
2754 276
2754 277
2754 278
2755 219
2755 220
2755 221
2755 222
2755 223
2755 224
2755 225
2755 265
2755 266
2755 267
2755 268
2755 269
2755 270
2755 271
2755 272
2755 273
2756 215
2756 216
2756 258
2756 259
2756 260
2756 261
2756 262
2756 263
2756 264
2756 265
2756 266
2756 267
2757 252
2757 253
2757 254
2757 255
2757 256
2757 257
2757 258
2757 259
2757 260
2757 261
2758 246
2758 247
2758 248
2758 249
2758 250
2758 251
2758 252
2758 253
2758 254
2758 255
2758 256
2759 240
2759 241
2759 242
2759 243
2759 244
2759 245
2759 246
2759 247
2759 248
2759 249
2759 250
2760 235
2760 236
2760 237
2760 238
2760 239
2760 240
2760 241
2760 242
2760 243
2760 284
2760 285
2760 286
2761 229
2761 230
2761 231
2761 232
2761 233
2761 234
2761 235
2761 236
2761 237
2761 276
2761 277
2761 278
2761 279
2761 280
2761 281
2761 282
2762 223
2762 224
2762 225
2762 226
2762 227
2762 228
2762 229
2762 230
2762 231
2762 270
2762 271
2762 272
2762 273
2762 274
2762 275
2762 276
2762 277
2763 218
2763 219
2763 220
2763 221
2763 222
2763 223
2763 263
2763 264
2763 265
2763 266
2763 267
2763 268
2763 269
2763 270
2763 271
2763 272
2764 214
2764 215
2764 257
2764 258
2764 259
2764 260
2764 261
2764 262
2764 263
2764 264
2764 265
2764 266
2765 251
2765 252
2765 253
2765 254
2765 255
2765 256
2765 257
2765 258
2765 259
2765 260
2766 245
2766 246
2766 247
2766 248
2766 249
2766 250
2766 251
2766 252
2766 253
2766 254
2766 255
2767 239
2767 240
2767 241
2767 242
2767 243
2767 244
2767 245
2767 246
2767 247
2767 248
2767 249
2768 234
2768 235
2768 236
2768 237
2768 238
2768 239
2768 240
2768 241
2768 242
2768 283
2768 284
2768 285
2769 228
2769 229
2769 230
2769 231
2769 232
2769 233
2769 234
2769 235
2769 236
2769 275
2769 276
2769 277
2769 278
2769 279
2769 280
2769 281
2770 222
2770 223
2770 224
2770 225
2770 226
2770 227
2770 228
2770 229
2770 269
2770 270
2770 271
2770 272
2770 273
2770 274
2770 275
2770 276
2771 217
2771 218
2771 219
2771 220
2771 221
2771 222
2771 262
2771 263
2771 264
2771 265
2771 266
2771 267
2771 268
2771 269
2771 270
2771 271
2772 213
2772 214
2772 256
2772 257
2772 258
2772 259
2772 260
2772 261
2772 262
2772 263
2772 264
2772 265
2773 250
2773 251
2773 252
2773 253
2773 254
2773 255
2773 256
2773 257
2773 258
2773 259
2774 244
2774 245
2774 246
2774 247
2774 248
2774 249
2774 250
2774 251
2774 252
2774 253
2774 254
2775 238
2775 239
2775 240
2775 241
2775 242
2775 243
2775 244
2775 245
2775 246
2775 247
2775 248
2776 232
2776 233
2776 234
2776 235
2776 236
2776 237
2776 238
2776 239
2776 240
2776 241
2776 281
2776 282
2776 283
2776 284
2776 285
2777 227
2777 228
2777 229
2777 230
2777 231
2777 232
2777 233
2777 234
2777 235
2777 274
2777 275
2777 276
2777 277
2777 278
2777 279
2777 280
2778 221
2778 222
2778 223
2778 224
2778 225
2778 226
2778 227
2778 228
2778 267
2778 268
2778 269
2778 270
2778 271
2778 272
2778 273
2778 274
2778 275
2779 216
2779 217
2779 218
2779 219
2779 220
2779 221
2779 261
2779 262
2779 263
2779 264
2779 265
2779 266
2779 267
2779 268
2779 269
2779 270
2780 212
2780 213
2780 255
2780 256
2780 257
2780 258
2780 259
2780 260
2780 261
2780 262
2780 263
2780 264
2781 249
2781 250
2781 251
2781 252
2781 253
2781 254
2781 255
2781 256
2781 257
2781 258
2782 243
2782 244
2782 245
2782 246
2782 247
2782 248
2782 249
2782 250
2782 251
2782 252
2782 253
2783 237
2783 238
2783 239
2783 240
2783 241
2783 242
2783 243
2783 244
2783 245
2783 246
2783 247
2784 231
2784 232
2784 233
2784 234
2784 235
2784 236
2784 237
2784 238
2784 239
2784 240
2784 280
2784 281
2784 282
2784 283
2784 284
2785 226
2785 227
2785 228
2785 229
2785 230
2785 231
2785 232
2785 233
2785 234
2785 273
2785 274
2785 275
2785 276
2785 277
2785 278
2785 279
2786 220
2786 221
2786 222
2786 223
2786 224
2786 225
2786 226
2786 227
2786 266
2786 267
2786 268
2786 269
2786 270
2786 271
2786 272
2786 273
2786 274
2787 215
2787 216
2787 217
2787 218
2787 219
2787 220
2787 260
2787 261
2787 262
2787 263
2787 264
2787 265
2787 266
2787 267
2787 268
2787 269
2788 211
2788 212
2788 254
2788 255
2788 256
2788 257
2788 258
2788 259
2788 260
2788 261
2788 262
2788 263
2789 248
2789 249
2789 250
2789 251
2789 252
2789 253
2789 254
2789 255
2789 256
2789 257
2789 258
2790 242
2790 243
2790 244
2790 245
2790 246
2790 247
2790 248
2790 249
2790 250
2790 251
2790 252
2791 236
2791 237
2791 238
2791 239
2791 240
2791 241
2791 242
2791 243
2791 244
2791 245
2791 246
2792 230
2792 231
2792 232
2792 233
2792 234
2792 235
2792 236
2792 237
2792 238
2792 239
2792 278
2792 279
2792 280
2792 281
2792 282
2792 283
2793 225
2793 226
2793 227
2793 228
2793 229
2793 230
2793 231
2793 232
2793 233
2793 272
2793 273
2793 274
2793 275
2793 276
2793 277
2793 278
2793 279
2794 219
2794 220
2794 221
2794 222
2794 223
2794 224
2794 225
2794 226
2794 265
2794 266
2794 267
2794 268
2794 269
2794 270
2794 271
2794 272
2794 273
2795 214
2795 215
2795 216
2795 217
2795 218
2795 219
2795 259
2795 260
2795 261
2795 262
2795 263
2795 264
2795 265
2795 266
2795 267
2795 268
2796 253
2796 254
2796 255
2796 256
2796 257
2796 258
2796 259
2796 260
2796 261
2796 262
2797 247
2797 248
2797 249
2797 250
2797 251
2797 252
2797 253
2797 254
2797 255
2797 256
2797 257
2798 241
2798 242
2798 243
2798 244
2798 245
2798 246
2798 247
2798 248
2798 249
2798 250
2798 251
2799 235
2799 236
2799 237
2799 238
2799 239
2799 240
2799 241
2799 242
2799 243
2799 244
2799 245
2799 285
2799 286
2800 229
2800 230
2800 231
2800 232
2800 233
2800 234
2800 235
2800 236
2800 237
2800 238
2800 277
2800 278
2800 279
2800 280
2800 281
2800 282
2800 283
2801 224
2801 225
2801 226
2801 227
2801 228
2801 229
2801 230
2801 231
2801 232
2801 270
2801 271
2801 272
2801 273
2801 274
2801 275
2801 276
2801 277
2801 278
2802 218
2802 219
2802 220
2802 221
2802 222
2802 223
2802 224
2802 225
2802 264
2802 265
2802 266
2802 267
2802 268
2802 269
2802 270
2802 271
2802 272
2802 273
2803 213
2803 214
2803 215
2803 216
2803 217
2803 218
2803 258
2803 259
2803 260
2803 261
2803 262
2803 263
2803 264
2803 265
2803 266
2803 267
2804 252
2804 253
2804 254
2804 255
2804 256
2804 257
2804 258
2804 259
2804 260
2804 261
2805 246
2805 247
2805 248
2805 249
2805 250
2805 251
2805 252
2805 253
2805 254
2805 255
2805 256
2806 240
2806 241
2806 242
2806 243
2806 244
2806 245
2806 246
2806 247
2806 248
2806 249
2806 250
2807 234
2807 235
2807 236
2807 237
2807 238
2807 239
2807 240
2807 241
2807 242
2807 243
2807 244
2807 283
2807 284
2807 285
2807 286
2808 228
2808 229
2808 230
2808 231
2808 232
2808 233
2808 234
2808 235
2808 236
2808 237
2808 276
2808 277
2808 278
2808 279
2808 280
2808 281
2808 282
2809 223
2809 224
2809 225
2809 226
2809 227
2809 228
2809 229
2809 230
2809 231
2809 269
2809 270
2809 271
2809 272
2809 273
2809 274
2809 275
2809 276
2809 277
2810 217
2810 218
2810 219
2810 220
2810 221
2810 222
2810 223
2810 224
2810 263
2810 264
2810 265
2810 266
2810 267
2810 268
2810 269
2810 270
2810 271
2810 272
2811 212
2811 213
2811 214
2811 215
2811 216
2811 217
2811 257
2811 258
2811 259
2811 260
2811 261
2811 262
2811 263
2811 264
2811 265
2811 266
2812 251
2812 252
2812 253
2812 254
2812 255
2812 256
2812 257
2812 258
2812 259
2812 260
2813 245
2813 246
2813 247
2813 248
2813 249
2813 250
2813 251
2813 252
2813 253
2813 254
2813 255
2814 239
2814 240
2814 241
2814 242
2814 243
2814 244
2814 245
2814 246
2814 247
2814 248
2814 249
2815 233
2815 234
2815 235
2815 236
2815 237
2815 238
2815 239
2815 240
2815 241
2815 242
2815 243
2815 282
2815 283
2815 284
2815 285
2816 227
2816 228
2816 229
2816 230
2816 231
2816 232
2816 233
2816 234
2816 235
2816 236
2816 275
2816 276
2816 277
2816 278
2816 279
2816 280
2816 281
2817 222
2817 223
2817 224
2817 225
2817 226
2817 227
2817 228
2817 229
2817 230
2817 268
2817 269
2817 270
2817 271
2817 272
2817 273
2817 274
2817 275
2817 276
2818 216
2818 217
2818 218
2818 219
2818 220
2818 221
2818 222
2818 223
2818 262
2818 263
2818 264
2818 265
2818 266
2818 267
2818 268
2818 269
2818 270
2818 271
2819 211
2819 212
2819 213
2819 214
2819 215
2819 216
2819 255
2819 256
2819 257
2819 258
2819 259
2819 260
2819 261
2819 262
2819 263
2819 264
2819 265
2820 249
2820 250
2820 251
2820 252
2820 253
2820 254
2820 255
2820 256
2820 257
2820 258
2820 259
2821 243
2821 244
2821 245
2821 246
2821 247
2821 248
2821 249
2821 250
2821 251
2821 252
2821 253
2821 254
2822 238
2822 239
2822 240
2822 241
2822 242
2822 243
2822 244
2822 245
2822 246
2822 247
2822 248
2823 232
2823 233
2823 234
2823 235
2823 236
2823 237
2823 238
2823 239
2823 240
2823 241
2823 281
2823 282
2823 283
2823 284
2823 285
2824 226
2824 227
2824 228
2824 229
2824 230
2824 231
2824 232
2824 233
2824 234
2824 235
2824 273
2824 274
2824 275
2824 276
2824 277
2824 278
2824 279
2824 280
2825 221
2825 222
2825 223
2825 224
2825 225
2825 226
2825 227
2825 228
2825 229
2825 267
2825 268
2825 269
2825 270
2825 271
2825 272
2825 273
2825 274
2825 275
2826 215
2826 216
2826 217
2826 218
2826 219
2826 220
2826 221
2826 222
2826 261
2826 262
2826 263
2826 264
2826 265
2826 266
2826 267
2826 268
2826 269
2826 270
2827 210
2827 211
2827 212
2827 213
2827 214
2827 254
2827 255
2827 256
2827 257
2827 258
2827 259
2827 260
2827 261
2827 262
2827 263
2827 264
2828 248
2828 249
2828 250
2828 251
2828 252
2828 253
2828 254
2828 255
2828 256
2828 257
2828 258
2829 242
2829 243
2829 244
2829 245
2829 246
2829 247
2829 248
2829 249
2829 250
2829 251
2829 252
2829 253
2830 237
2830 238
2830 239
2830 240
2830 241
2830 242
2830 243
2830 244
2830 245
2830 246
2830 247
2831 231
2831 232
2831 233
2831 234
2831 235
2831 236
2831 237
2831 238
2831 239
2831 240
2831 279
2831 280
2831 281
2831 282
2831 283
2831 284
2832 225
2832 226
2832 227
2832 228
2832 229
2832 230
2832 231
2832 232
2832 233
2832 234
2832 272
2832 273
2832 274
2832 275
2832 276
2832 277
2832 278
2832 279
2833 220
2833 221
2833 222
2833 223
2833 224
2833 225
2833 226
2833 227
2833 228
2833 266
2833 267
2833 268
2833 269
2833 270
2833 271
2833 272
2833 273
2833 274
2834 214
2834 215
2834 216
2834 217
2834 218
2834 219
2834 220
2834 221
2834 259
2834 260
2834 261
2834 262
2834 263
2834 264
2834 265
2834 266
2834 267
2834 268
2834 269
2835 209
2835 210
2835 211
2835 212
2835 213
2835 253
2835 254
2835 255
2835 256
2835 257
2835 258
2835 259
2835 260
2835 261
2835 262
2835 263
2836 247
2836 248
2836 249
2836 250
2836 251
2836 252
2836 253
2836 254
2836 255
2836 256
2836 257
2837 241
2837 242
2837 243
2837 244
2837 245
2837 246
2837 247
2837 248
2837 249
2837 250
2837 251
2837 252
2838 236
2838 237
2838 238
2838 239
2838 240
2838 241
2838 242
2838 243
2838 244
2838 245
2838 246
2839 230
2839 231
2839 232
2839 233
2839 234
2839 235
2839 236
2839 237
2839 238
2839 239
2839 278
2839 279
2839 280
2839 281
2839 282
2839 283
2840 224
2840 225
2840 226
2840 227
2840 228
2840 229
2840 230
2840 231
2840 232
2840 233
2840 271
2840 272
2840 273
2840 274
2840 275
2840 276
2840 277
2840 278
2841 219
2841 220
2841 221
2841 222
2841 223
2841 224
2841 225
2841 226
2841 227
2841 265
2841 266
2841 267
2841 268
2841 269
2841 270
2841 271
2841 272
2841 273
2842 213
2842 214
2842 215
2842 216
2842 217
2842 218
2842 219
2842 220
2842 258
2842 259
2842 260
2842 261
2842 262
2842 263
2842 264
2842 265
2842 266
2842 267
2842 268
2843 209
2843 210
2843 211
2843 212
2843 252
2843 253
2843 254
2843 255
2843 256
2843 257
2843 258
2843 259
2843 260
2843 261
2843 262
2844 246
2844 247
2844 248
2844 249
2844 250
2844 251
2844 252
2844 253
2844 254
2844 255
2844 256
2845 240
2845 241
2845 242
2845 243
2845 244
2845 245
2845 246
2845 247
2845 248
2845 249
2845 250
2845 251
2846 235
2846 236
2846 237
2846 238
2846 239
2846 240
2846 241
2846 242
2846 243
2846 244
2846 245
2846 285
2846 286
2847 229
2847 230
2847 231
2847 232
2847 233
2847 234
2847 235
2847 236
2847 237
2847 238
2847 277
2847 278
2847 279
2847 280
2847 281
2847 282
2848 223
2848 224
2848 225
2848 226
2848 227
2848 228
2848 229
2848 230
2848 231
2848 232
2848 270
2848 271
2848 272
2848 273
2848 274
2848 275
2848 276
2848 277
2848 278
2849 218
2849 219
2849 220
2849 221
2849 222
2849 223
2849 224
2849 225
2849 264
2849 265
2849 266
2849 267
2849 268
2849 269
2849 270
2849 271
2849 272
2850 212
2850 213
2850 214
2850 215
2850 216
2850 217
2850 218
2850 257
2850 258
2850 259
2850 260
2850 261
2850 262
2850 263
2850 264
2850 265
2850 266
2850 267
2851 208
2851 209
2851 210
2851 211
2851 251
2851 252
2851 253
2851 254
2851 255
2851 256
2851 257
2851 258
2851 259
2851 260
2851 261
2852 245
2852 246
2852 247
2852 248
2852 249
2852 250
2852 251
2852 252
2852 253
2852 254
2852 255
2853 239
2853 240
2853 241
2853 242
2853 243
2853 244
2853 245
2853 246
2853 247
2853 248
2853 249
2853 250
2854 234
2854 235
2854 236
2854 237
2854 238
2854 239
2854 240
2854 241
2854 242
2854 243
2854 244
2854 283
2854 284
2854 285
2854 286
2855 228
2855 229
2855 230
2855 231
2855 232
2855 233
2855 234
2855 235
2855 236
2855 237
2855 276
2855 277
2855 278
2855 279
2855 280
2855 281
2855 282
2856 222
2856 223
2856 224
2856 225
2856 226
2856 227
2856 228
2856 229
2856 230
2856 231
2856 269
2856 270
2856 271
2856 272
2856 273
2856 274
2856 275
2856 276
2856 277
2857 217
2857 218
2857 219
2857 220
2857 221
2857 222
2857 223
2857 224
2857 262
2857 263
2857 264
2857 265
2857 266
2857 267
2857 268
2857 269
2857 270
2857 271
2858 212
2858 213
2858 214
2858 215
2858 216
2858 217
2858 256
2858 257
2858 258
2858 259
2858 260
2858 261
2858 262
2858 263
2858 264
2858 265
2858 266
2859 207
2859 208
2859 209
2859 250
2859 251
2859 252
2859 253
2859 254
2859 255
2859 256
2859 257
2859 258
2859 259
2859 260
2860 244
2860 245
2860 246
2860 247
2860 248
2860 249
2860 250
2860 251
2860 252
2860 253
2860 254
2861 238
2861 239
2861 240
2861 241
2861 242
2861 243
2861 244
2861 245
2861 246
2861 247
2861 248
2861 249
2862 233
2862 234
2862 235
2862 236
2862 237
2862 238
2862 239
2862 240
2862 241
2862 242
2862 282
2862 283
2862 284
2862 285
2863 227
2863 228
2863 229
2863 230
2863 231
2863 232
2863 233
2863 234
2863 235
2863 236
2863 274
2863 275
2863 276
2863 277
2863 278
2863 279
2863 280
2863 281
2864 221
2864 222
2864 223
2864 224
2864 225
2864 226
2864 227
2864 228
2864 229
2864 230
2864 268
2864 269
2864 270
2864 271
2864 272
2864 273
2864 274
2864 275
2864 276
2865 216
2865 217
2865 218
2865 219
2865 220
2865 221
2865 222
2865 223
2865 261
2865 262
2865 263
2865 264
2865 265
2865 266
2865 267
2865 268
2865 269
2865 270
2866 211
2866 212
2866 213
2866 214
2866 215
2866 216
2866 255
2866 256
2866 257
2866 258
2866 259
2866 260
2866 261
2866 262
2866 263
2866 264
2866 265
2867 206
2867 207
2867 208
2867 249
2867 250
2867 251
2867 252
2867 253
2867 254
2867 255
2867 256
2867 257
2867 258
2867 259
2868 243
2868 244
2868 245
2868 246
2868 247
2868 248
2868 249
2868 250
2868 251
2868 252
2868 253
2869 237
2869 238
2869 239
2869 240
2869 241
2869 242
2869 243
2869 244
2869 245
2869 246
2869 247
2869 248
2870 232
2870 233
2870 234
2870 235
2870 236
2870 237
2870 238
2870 239
2870 240
2870 241
2870 280
2870 281
2870 282
2870 283
2870 284
2871 226
2871 227
2871 228
2871 229
2871 230
2871 231
2871 232
2871 233
2871 234
2871 235
2871 273
2871 274
2871 275
2871 276
2871 277
2871 278
2871 279
2871 280
2872 220
2872 221
2872 222
2872 223
2872 224
2872 225
2872 226
2872 227
2872 228
2872 229
2872 267
2872 268
2872 269
2872 270
2872 271
2872 272
2872 273
2872 274
2872 275
2873 215
2873 216
2873 217
2873 218
2873 219
2873 220
2873 221
2873 222
2873 260
2873 261
2873 262
2873 263
2873 264
2873 265
2873 266
2873 267
2873 268
2873 269
2874 210
2874 211
2874 212
2874 213
2874 214
2874 215
2874 254
2874 255
2874 256
2874 257
2874 258
2874 259
2874 260
2874 261
2874 262
2874 263
2874 264
2875 248
2875 249
2875 250
2875 251
2875 252
2875 253
2875 254
2875 255
2875 256
2875 257
2875 258
2876 242
2876 243
2876 244
2876 245
2876 246
2876 247
2876 248
2876 249
2876 250
2876 251
2876 252
2877 236
2877 237
2877 238
2877 239
2877 240
2877 241
2877 242
2877 243
2877 244
2877 245
2877 246
2878 231
2878 232
2878 233
2878 234
2878 235
2878 236
2878 237
2878 238
2878 239
2878 240
2878 279
2878 280
2878 281
2878 282
2878 283
2878 284
2879 225
2879 226
2879 227
2879 228
2879 229
2879 230
2879 231
2879 232
2879 233
2879 234
2879 272
2879 273
2879 274
2879 275
2879 276
2879 277
2879 278
2879 279
2880 219
2880 220
2880 221
2880 222
2880 223
2880 224
2880 225
2880 226
2880 227
2880 228
2880 266
2880 267
2880 268
2880 269
2880 270
2880 271
2880 272
2880 273
2880 274
2881 214
2881 215
2881 216
2881 217
2881 218
2881 219
2881 220
2881 221
2881 259
2881 260
2881 261
2881 262
2881 263
2881 264
2881 265
2881 266
2881 267
2881 268
2881 269
2882 209
2882 210
2882 211
2882 212
2882 213
2882 214
2882 253
2882 254
2882 255
2882 256
2882 257
2882 258
2882 259
2882 260
2882 261
2882 262
2882 263
2883 247
2883 248
2883 249
2883 250
2883 251
2883 252
2883 253
2883 254
2883 255
2883 256
2883 257
2884 241
2884 242
2884 243
2884 244
2884 245
2884 246
2884 247
2884 248
2884 249
2884 250
2884 251
2885 235
2885 236
2885 237
2885 238
2885 239
2885 240
2885 241
2885 242
2885 243
2885 244
2885 245
2886 230
2886 231
2886 232
2886 233
2886 234
2886 235
2886 236
2886 237
2886 238
2886 239
2886 278
2886 279
2886 280
2886 281
2886 282
2886 283
2887 224
2887 225
2887 226
2887 227
2887 228
2887 229
2887 230
2887 231
2887 232
2887 233
2887 271
2887 272
2887 273
2887 274
2887 275
2887 276
2887 277
2887 278
2888 218
2888 219
2888 220
2888 221
2888 222
2888 223
2888 224
2888 225
2888 226
2888 227
2888 264
2888 265
2888 266
2888 267
2888 268
2888 269
2888 270
2888 271
2888 272
2888 273
2889 213
2889 214
2889 215
2889 216
2889 217
2889 218
2889 219
2889 220
2889 258
2889 259
2889 260
2889 261
2889 262
2889 263
2889 264
2889 265
2889 266
2889 267
2889 268
2890 208
2890 209
2890 210
2890 211
2890 212
2890 252
2890 253
2890 254
2890 255
2890 256
2890 257
2890 258
2890 259
2890 260
2890 261
2890 262
2891 246
2891 247
2891 248
2891 249
2891 250
2891 251
2891 252
2891 253
2891 254
2891 255
2891 256
2892 240
2892 241
2892 242
2892 243
2892 244
2892 245
2892 246
2892 247
2892 248
2892 249
2892 250
2893 234
2893 235
2893 236
2893 237
2893 238
2893 239
2893 240
2893 241
2893 242
2893 243
2893 244
2894 229
2894 230
2894 231
2894 232
2894 233
2894 234
2894 235
2894 236
2894 237
2894 238
2894 277
2894 278
2894 279
2894 280
2894 281
2894 282
2895 223
2895 224
2895 225
2895 226
2895 227
2895 228
2895 229
2895 230
2895 231
2895 232
2895 270
2895 271
2895 272
2895 273
2895 274
2895 275
2895 276
2895 277
2896 218
2896 219
2896 220
2896 221
2896 222
2896 223
2896 224
2896 225
2896 263
2896 264
2896 265
2896 266
2896 267
2896 268
2896 269
2896 270
2896 271
2896 272
2897 212
2897 213
2897 214
2897 215
2897 216
2897 217
2897 218
2897 219
2897 257
2897 258
2897 259
2897 260
2897 261
2897 262
2897 263
2897 264
2897 265
2897 266
2897 267
2898 207
2898 208
2898 209
2898 210
2898 211
2898 251
2898 252
2898 253
2898 254
2898 255
2898 256
2898 257
2898 258
2898 259
2898 260
2898 261
2899 245
2899 246
2899 247
2899 248
2899 249
2899 250
2899 251
2899 252
2899 253
2899 254
2899 255
2900 239
2900 240
2900 241
2900 242
2900 243
2900 244
2900 245
2900 246
2900 247
2900 248
2900 249
2901 233
2901 234
2901 235
2901 236
2901 237
2901 238
2901 239
2901 240
2901 241
2901 242
2901 243
2901 283
2901 284
2901 285
2902 228
2902 229
2902 230
2902 231
2902 232
2902 233
2902 234
2902 235
2902 236
2902 237
2902 275
2902 276
2902 277
2902 278
2902 279
2902 280
2902 281
2903 222
2903 223
2903 224
2903 225
2903 226
2903 227
2903 228
2903 229
2903 230
2903 231
2903 269
2903 270
2903 271
2903 272
2903 273
2903 274
2903 275
2903 276
2904 217
2904 218
2904 219
2904 220
2904 221
2904 222
2904 223
2904 224
2904 262
2904 263
2904 264
2904 265
2904 266
2904 267
2904 268
2904 269
2904 270
2904 271
2905 211
2905 212
2905 213
2905 214
2905 215
2905 216
2905 217
2905 256
2905 257
2905 258
2905 259
2905 260
2905 261
2905 262
2905 263
2905 264
2905 265
2905 266
2906 207
2906 208
2906 209
2906 210
2906 250
2906 251
2906 252
2906 253
2906 254
2906 255
2906 256
2906 257
2906 258
2906 259
2906 260
2907 244
2907 245
2907 246
2907 247
2907 248
2907 249
2907 250
2907 251
2907 252
2907 253
2907 254
2908 238
2908 239
2908 240
2908 241
2908 242
2908 243
2908 244
2908 245
2908 246
2908 247
2908 248
2909 232
2909 233
2909 234
2909 235
2909 236
2909 237
2909 238
2909 239
2909 240
2909 241
2909 242
2909 282
2909 283
2909 284
2910 227
2910 228
2910 229
2910 230
2910 231
2910 232
2910 233
2910 234
2910 235
2910 236
2910 274
2910 275
2910 276
2910 277
2910 278
2910 279
2910 280
2911 221
2911 222
2911 223
2911 224
2911 225
2911 226
2911 227
2911 228
2911 229
2911 230
2911 268
2911 269
2911 270
2911 271
2911 272
2911 273
2911 274
2911 275
2912 216
2912 217
2912 218
2912 219
2912 220
2912 221
2912 222
2912 223
2912 261
2912 262
2912 263
2912 264
2912 265
2912 266
2912 267
2912 268
2912 269
2912 270
2913 211
2913 212
2913 213
2913 214
2913 215
2913 216
2913 255
2913 256
2913 257
2913 258
2913 259
2913 260
2913 261
2913 262
2913 263
2913 264
2913 265
2914 206
2914 207
2914 208
2914 249
2914 250
2914 251
2914 252
2914 253
2914 254
2914 255
2914 256
2914 257
2914 258
2914 259
2915 243
2915 244
2915 245
2915 246
2915 247
2915 248
2915 249
2915 250
2915 251
2915 252
2915 253
2916 237
2916 238
2916 239
2916 240
2916 241
2916 242
2916 243
2916 244
2916 245
2916 246
2916 247
2917 232
2917 233
2917 234
2917 235
2917 236
2917 237
2917 238
2917 239
2917 240
2917 241
2917 281
2917 282
2917 283
2917 284
2918 226
2918 227
2918 228
2918 229
2918 230
2918 231
2918 232
2918 233
2918 234
2918 235
2918 273
2918 274
2918 275
2918 276
2918 277
2918 278
2918 279
2919 220
2919 221
2919 222
2919 223
2919 224
2919 225
2919 226
2919 227
2919 228
2919 229
2919 267
2919 268
2919 269
2919 270
2919 271
2919 272
2919 273
2919 274
2920 215
2920 216
2920 217
2920 218
2920 219
2920 220
2920 221
2920 222
2920 260
2920 261
2920 262
2920 263
2920 264
2920 265
2920 266
2920 267
2920 268
2920 269
2921 210
2921 211
2921 212
2921 213
2921 214
2921 215
2921 254
2921 255
2921 256
2921 257
2921 258
2921 259
2921 260
2921 261
2921 262
2921 263
2921 264
2922 248
2922 249
2922 250
2922 251
2922 252
2922 253
2922 254
2922 255
2922 256
2922 257
2922 258
2923 242
2923 243
2923 244
2923 245
2923 246
2923 247
2923 248
2923 249
2923 250
2923 251
2923 252
2924 236
2924 237
2924 238
2924 239
2924 240
2924 241
2924 242
2924 243
2924 244
2924 245
2924 246
2925 231
2925 232
2925 233
2925 234
2925 235
2925 236
2925 237
2925 238
2925 239
2925 240
2925 279
2925 280
2925 281
2925 282
2925 283
2926 225
2926 226
2926 227
2926 228
2926 229
2926 230
2926 231
2926 232
2926 233
2926 234
2926 272
2926 273
2926 274
2926 275
2926 276
2926 277
2926 278
2927 219
2927 220
2927 221
2927 222
2927 223
2927 224
2927 225
2927 226
2927 227
2927 228
2927 266
2927 267
2927 268
2927 269
2927 270
2927 271
2927 272
2927 273
2928 214
2928 215
2928 216
2928 217
2928 218
2928 219
2928 220
2928 221
2928 259
2928 260
2928 261
2928 262
2928 263
2928 264
2928 265
2928 266
2928 267
2928 268
2929 209
2929 210
2929 211
2929 212
2929 213
2929 214
2929 253
2929 254
2929 255
2929 256
2929 257
2929 258
2929 259
2929 260
2929 261
2929 262
2929 263
2930 247
2930 248
2930 249
2930 250
2930 251
2930 252
2930 253
2930 254
2930 255
2930 256
2930 257
2931 241
2931 242
2931 243
2931 244
2931 245
2931 246
2931 247
2931 248
2931 249
2931 250
2931 251
2932 235
2932 236
2932 237
2932 238
2932 239
2932 240
2932 241
2932 242
2932 243
2932 244
2932 245
2933 230
2933 231
2933 232
2933 233
2933 234
2933 235
2933 236
2933 237
2933 238
2933 239
2933 278
2933 279
2933 280
2933 281
2933 282
2934 224
2934 225
2934 226
2934 227
2934 228
2934 229
2934 230
2934 231
2934 232
2934 233
2934 271
2934 272
2934 273
2934 274
2934 275
2934 276
2934 277
2934 278
2935 219
2935 220
2935 221
2935 222
2935 223
2935 224
2935 225
2935 226
2935 265
2935 266
2935 267
2935 268
2935 269
2935 270
2935 271
2935 272
2936 213
2936 214
2936 215
2936 216
2936 217
2936 218
2936 219
2936 220
2936 258
2936 259
2936 260
2936 261
2936 262
2936 263
2936 264
2936 265
2936 266
2936 267
2937 208
2937 209
2937 210
2937 211
2937 212
2937 252
2937 253
2937 254
2937 255
2937 256
2937 257
2937 258
2937 259
2937 260
2937 261
2937 262
2938 246
2938 247
2938 248
2938 249
2938 250
2938 251
2938 252
2938 253
2938 254
2938 255
2938 256
2939 240
2939 241
2939 242
2939 243
2939 244
2939 245
2939 246
2939 247
2939 248
2939 249
2939 250
2940 234
2940 235
2940 236
2940 237
2940 238
2940 239
2940 240
2940 241
2940 242
2940 243
2940 244
2941 229
2941 230
2941 231
2941 232
2941 233
2941 234
2941 235
2941 236
2941 237
2941 238
2941 277
2941 278
2941 279
2941 280
2941 281
2942 223
2942 224
2942 225
2942 226
2942 227
2942 228
2942 229
2942 230
2942 231
2942 232
2942 270
2942 271
2942 272
2942 273
2942 274
2942 275
2942 276
2942 277
2943 218
2943 219
2943 220
2943 221
2943 222
2943 223
2943 224
2943 225
2943 263
2943 264
2943 265
2943 266
2943 267
2943 268
2943 269
2943 270
2943 271
2943 272
2944 212
2944 213
2944 214
2944 215
2944 216
2944 217
2944 218
2944 257
2944 258
2944 259
2944 260
2944 261
2944 262
2944 263
2944 264
2944 265
2944 266
2945 208
2945 209
2945 210
2945 211
2945 251
2945 252
2945 253
2945 254
2945 255
2945 256
2945 257
2945 258
2945 259
2945 260
2945 261
2946 245
2946 246
2946 247
2946 248
2946 249
2946 250
2946 251
2946 252
2946 253
2946 254
2946 255
2947 239
2947 240
2947 241
2947 242
2947 243
2947 244
2947 245
2947 246
2947 247
2947 248
2947 249
2948 234
2948 235
2948 236
2948 237
2948 238
2948 239
2948 240
2948 241
2948 242
2948 243
2949 228
2949 229
2949 230
2949 231
2949 232
2949 233
2949 234
2949 235
2949 236
2949 237
2949 276
2949 277
2949 278
2949 279
2949 280
2950 222
2950 223
2950 224
2950 225
2950 226
2950 227
2950 228
2950 229
2950 230
2950 231
2950 269
2950 270
2950 271
2950 272
2950 273
2950 274
2950 275
2950 276
2951 217
2951 218
2951 219
2951 220
2951 221
2951 222
2951 223
2951 224
2951 262
2951 263
2951 264
2951 265
2951 266
2951 267
2951 268
2951 269
2951 270
2951 271
2952 212
2952 213
2952 214
2952 215
2952 216
2952 217
2952 256
2952 257
2952 258
2952 259
2952 260
2952 261
2952 262
2952 263
2952 264
2952 265
2953 208
2953 209
2953 250
2953 251
2953 252
2953 253
2953 254
2953 255
2953 256
2953 257
2953 258
2953 259
2953 260
2954 244
2954 245
2954 246
2954 247
2954 248
2954 249
2954 250
2954 251
2954 252
2954 253
2954 254
2955 238
2955 239
2955 240
2955 241
2955 242
2955 243
2955 244
2955 245
2955 246
2955 247
2955 248
2956 233
2956 234
2956 235
2956 236
2956 237
2956 238
2956 239
2956 240
2956 241
2956 242
2957 227
2957 228
2957 229
2957 230
2957 231
2957 232
2957 233
2957 234
2957 235
2957 236
2957 275
2957 276
2957 277
2957 278
2957 279
2958 221
2958 222
2958 223
2958 224
2958 225
2958 226
2958 227
2958 228
2958 229
2958 268
2958 269
2958 270
2958 271
2958 272
2958 273
2958 274
2958 275
2959 216
2959 217
2959 218
2959 219
2959 220
2959 221
2959 222
2959 223
2959 261
2959 262
2959 263
2959 264
2959 265
2959 266
2959 267
2959 268
2959 269
2959 270
2960 211
2960 212
2960 213
2960 214
2960 215
2960 216
2960 255
2960 256
2960 257
2960 258
2960 259
2960 260
2960 261
2960 262
2960 263
2960 264
2961 249
2961 250
2961 251
2961 252
2961 253
2961 254
2961 255
2961 256
2961 257
2961 258
2961 259
2962 243
2962 244
2962 245
2962 246
2962 247
2962 248
2962 249
2962 250
2962 251
2962 252
2962 253
2963 237
2963 238
2963 239
2963 240
2963 241
2963 242
2963 243
2963 244
2963 245
2963 246
2963 247
2964 232
2964 233
2964 234
2964 235
2964 236
2964 237
2964 238
2964 239
2964 240
2964 241
2964 282
2965 226
2965 227
2965 228
2965 229
2965 230
2965 231
2965 232
2965 233
2965 234
2965 235
2965 274
2965 275
2965 276
2965 277
2965 278
2965 279
2966 221
2966 222
2966 223
2966 224
2966 225
2966 226
2966 227
2966 228
2966 267
2966 268
2966 269
2966 270
2966 271
2966 272
2966 273
2966 274
2967 215
2967 216
2967 217
2967 218
2967 219
2967 220
2967 221
2967 222
2967 260
2967 261
2967 262
2967 263
2967 264
2967 265
2967 266
2967 267
2967 268
2967 269
2968 210
2968 211
2968 212
2968 213
2968 214
2968 254
2968 255
2968 256
2968 257
2968 258
2968 259
2968 260
2968 261
2968 262
2968 263
2969 248
2969 249
2969 250
2969 251
2969 252
2969 253
2969 254
2969 255
2969 256
2969 257
2969 258
2970 242
2970 243
2970 244
2970 245
2970 246
2970 247
2970 248
2970 249
2970 250
2970 251
2970 252
2971 237
2971 238
2971 239
2971 240
2971 241
2971 242
2971 243
2971 244
2971 245
2971 246
2972 231
2972 232
2972 233
2972 234
2972 235
2972 236
2972 237
2972 238
2972 239
2972 240
2972 280
2972 281
2973 225
2973 226
2973 227
2973 228
2973 229
2973 230
2973 231
2973 232
2973 233
2973 234
2973 273
2973 274
2973 275
2973 276
2973 277
2973 278
2974 220
2974 221
2974 222
2974 223
2974 224
2974 225
2974 226
2974 227
2974 266
2974 267
2974 268
2974 269
2974 270
2974 271
2974 272
2974 273
2975 215
2975 216
2975 217
2975 218
2975 219
2975 220
2975 260
2975 261
2975 262
2975 263
2975 264
2975 265
2975 266
2975 267
2975 268
2976 210
2976 211
2976 212
2976 213
2976 253
2976 254
2976 255
2976 256
2976 257
2976 258
2976 259
2976 260
2976 261
2976 262
2977 247
2977 248
2977 249
2977 250
2977 251
2977 252
2977 253
2977 254
2977 255
2977 256
2978 241
2978 242
2978 243
2978 244
2978 245
2978 246
2978 247
2978 248
2978 249
2978 250
2978 251
2979 236
2979 237
2979 238
2979 239
2979 240
2979 241
2979 242
2979 243
2979 244
2979 245
2980 230
2980 231
2980 232
2980 233
2980 234
2980 235
2980 236
2980 237
2980 238
2980 239
2980 279
2980 280
2980 281
2981 224
2981 225
2981 226
2981 227
2981 228
2981 229
2981 230
2981 231
2981 232
2981 271
2981 272
2981 273
2981 274
2981 275
2981 276
2981 277
2982 219
2982 220
2982 221
2982 222
2982 223
2982 224
2982 225
2982 226
2982 265
2982 266
2982 267
2982 268
2982 269
2982 270
2982 271
2982 272
2983 214
2983 215
2983 216
2983 217
2983 218
2983 219
2983 259
2983 260
2983 261
2983 262
2983 263
2983 264
2983 265
2983 266
2983 267
2984 210
2984 211
2984 252
2984 253
2984 254
2984 255
2984 256
2984 257
2984 258
2984 259
2984 260
2984 261
2985 246
2985 247
2985 248
2985 249
2985 250
2985 251
2985 252
2985 253
2985 254
2985 255
2986 241
2986 242
2986 243
2986 244
2986 245
2986 246
2986 247
2986 248
2986 249
2986 250
2987 235
2987 236
2987 237
2987 238
2987 239
2987 240
2987 241
2987 242
2987 243
2987 244
2988 229
2988 230
2988 231
2988 232
2988 233
2988 234
2988 235
2988 236
2988 237
2988 238
2988 278
2988 279
2988 280
2989 224
2989 225
2989 226
2989 227
2989 228
2989 229
2989 230
2989 231
2989 270
2989 271
2989 272
2989 273
2989 274
2989 275
2989 276
2990 218
2990 219
2990 220
2990 221
2990 222
2990 223
2990 224
2990 225
2990 264
2990 265
2990 266
2990 267
2990 268
2990 269
2990 270
2990 271
2991 213
2991 214
2991 215
2991 216
2991 217
2991 218
2991 258
2991 259
2991 260
2991 261
2991 262
2991 263
2991 264
2991 265
2991 266
2992 252
2992 253
2992 254
2992 255
2992 256
2992 257
2992 258
2992 259
2992 260
2993 246
2993 247
2993 248
2993 249
2993 250
2993 251
2993 252
2993 253
2993 254
2994 240
2994 241
2994 242
2994 243
2994 244
2994 245
2994 246
2994 247
2994 248
2994 249
2995 234
2995 235
2995 236
2995 237
2995 238
2995 239
2995 240
2995 241
2995 242
2995 243
2996 228
2996 229
2996 230
2996 231
2996 232
2996 233
2996 234
2996 235
2996 236
2996 277
2996 278
2996 279
2997 223
2997 224
2997 225
2997 226
2997 227
2997 228
2997 229
2997 230
2997 269
2997 270
2997 271
2997 272
2997 273
2997 274
2997 275
2998 218
2998 219
2998 220
2998 221
2998 222
2998 223
2998 263
2998 264
2998 265
2998 266
2998 267
2998 268
2998 269
2998 270
2999 213
2999 214
2999 215
2999 216
2999 257
2999 258
2999 259
2999 260
2999 261
2999 262
2999 263
2999 264
2999 265
3000 251
3000 252
3000 253
3000 254
3000 255
3000 256
3000 257
3000 258
3000 259
3001 245
3001 246
3001 247
3001 248
3001 249
3001 250
3001 251
3001 252
3001 253
3002 239
3002 240
3002 241
3002 242
3002 243
3002 244
3002 245
3002 246
3002 247
3003 233
3003 234
3003 235
3003 236
3003 237
3003 238
3003 239
3003 240
3003 241
3003 242
3004 228
3004 229
3004 230
3004 231
3004 232
3004 233
3004 234
3004 235
3004 276
3004 277
3004 278
3005 222
3005 223
3005 224
3005 225
3005 226
3005 227
3005 228
3005 229
3005 268
3005 269
3005 270
3005 271
3005 272
3005 273
3005 274
3006 217
3006 218
3006 219
3006 220
3006 221
3006 222
3006 262
3006 263
3006 264
3006 265
3006 266
3006 267
3006 268
3006 269
3007 212
3007 213
3007 214
3007 215
3007 256
3007 257
3007 258
3007 259
3007 260
3007 261
3007 262
3007 263
3007 264
3008 250
3008 251
3008 252
3008 253
3008 254
3008 255
3008 256
3008 257
3008 258
3009 244
3009 245
3009 246
3009 247
3009 248
3009 249
3009 250
3009 251
3009 252
3010 238
3010 239
3010 240
3010 241
3010 242
3010 243
3010 244
3010 245
3010 246
3011 232
3011 233
3011 234
3011 235
3011 236
3011 237
3011 238
3011 239
3011 240
3012 227
3012 228
3012 229
3012 230
3012 231
3012 232
3012 233
3012 234
3012 274
3012 275
3012 276
3012 277
3013 221
3013 222
3013 223
3013 224
3013 225
3013 226
3013 227
3013 228
3013 267
3013 268
3013 269
3013 270
3013 271
3013 272
3013 273
3014 216
3014 217
3014 218
3014 219
3014 220
3014 221
3014 261
3014 262
3014 263
3014 264
3014 265
3014 266
3014 267
3014 268
3015 255
3015 256
3015 257
3015 258
3015 259
3015 260
3015 261
3015 262
3015 263
3016 249
3016 250
3016 251
3016 252
3016 253
3016 254
3016 255
3016 256
3016 257
3017 243
3017 244
3017 245
3017 246
3017 247
3017 248
3017 249
3017 250
3017 251
3018 237
3018 238
3018 239
3018 240
3018 241
3018 242
3018 243
3018 244
3018 245
3019 231
3019 232
3019 233
3019 234
3019 235
3019 236
3019 237
3019 238
3019 239
3020 226
3020 227
3020 228
3020 229
3020 230
3020 231
3020 232
3020 233
3020 273
3020 274
3020 275
3020 276
3021 221
3021 222
3021 223
3021 224
3021 225
3021 226
3021 266
3021 267
3021 268
3021 269
3021 270
3021 271
3021 272
3022 216
3022 217
3022 218
3022 219
3022 260
3022 261
3022 262
3022 263
3022 264
3022 265
3022 266
3022 267
3023 254
3023 255
3023 256
3023 257
3023 258
3023 259
3023 260
3023 261
3024 248
3024 249
3024 250
3024 251
3024 252
3024 253
3024 254
3024 255
3024 256
3025 242
3025 243
3025 244
3025 245
3025 246
3025 247
3025 248
3025 249
3025 250
3026 236
3026 237
3026 238
3026 239
3026 240
3026 241
3026 242
3026 243
3026 244
3027 231
3027 232
3027 233
3027 234
3027 235
3027 236
3027 237
3027 238
3028 225
3028 226
3028 227
3028 228
3028 229
3028 230
3028 231
3028 232
3028 272
3028 273
3028 274
3028 275
3028 276
3029 220
3029 221
3029 222
3029 223
3029 224
3029 225
3029 266
3029 267
3029 268
3029 269
3029 270
3029 271
3030 215
3030 216
3030 217
3030 218
3030 259
3030 260
3030 261
3030 262
3030 263
3030 264
3030 265
3030 266
3031 253
3031 254
3031 255
3031 256
3031 257
3031 258
3031 259
3031 260
3032 247
3032 248
3032 249
3032 250
3032 251
3032 252
3032 253
3032 254
3032 255
3033 241
3033 242
3033 243
3033 244
3033 245
3033 246
3033 247
3033 248
3033 249
3034 236
3034 237
3034 238
3034 239
3034 240
3034 241
3034 242
3034 243
3035 230
3035 231
3035 232
3035 233
3035 234
3035 235
3035 236
3035 237
3036 225
3036 226
3036 227
3036 228
3036 229
3036 230
3036 231
3036 271
3036 272
3036 273
3036 274
3036 275
3037 219
3037 220
3037 221
3037 222
3037 223
3037 224
3037 265
3037 266
3037 267
3037 268
3037 269
3037 270
3038 258
3038 259
3038 260
3038 261
3038 262
3038 263
3038 264
3038 265
3039 252
3039 253
3039 254
3039 255
3039 256
3039 257
3039 258
3039 259
3040 246
3040 247
3040 248
3040 249
3040 250
3040 251
3040 252
3040 253
3040 254
3041 240
3041 241
3041 242
3041 243
3041 244
3041 245
3041 246
3041 247
3041 248
3042 235
3042 236
3042 237
3042 238
3042 239
3042 240
3042 241
3042 242
3043 229
3043 230
3043 231
3043 232
3043 233
3043 234
3043 235
3043 236
3044 224
3044 225
3044 226
3044 227
3044 228
3044 229
3044 270
3044 271
3044 272
3044 273
3044 274
3045 219
3045 220
3045 221
3045 222
3045 264
3045 265
3045 266
3045 267
3045 268
3045 269
3046 257
3046 258
3046 259
3046 260
3046 261
3046 262
3046 263
3046 264
3047 251
3047 252
3047 253
3047 254
3047 255
3047 256
3047 257
3047 258
3048 245
3048 246
3048 247
3048 248
3048 249
3048 250
3048 251
3048 252
3048 253
3049 240
3049 241
3049 242
3049 243
3049 244
3049 245
3049 246
3049 247
3050 234
3050 235
3050 236
3050 237
3050 238
3050 239
3050 240
3050 241
3051 229
3051 230
3051 231
3051 232
3051 233
3051 234
3051 235
3052 223
3052 224
3052 225
3052 226
3052 227
3052 228
3052 270
3052 271
3052 272
3052 273
3053 219
3053 220
3053 221
3053 263
3053 264
3053 265
3053 266
3053 267
3053 268
3054 257
3054 258
3054 259
3054 260
3054 261
3054 262
3054 263
3055 250
3055 251
3055 252
3055 253
3055 254
3055 255
3055 256
3055 257
3056 245
3056 246
3056 247
3056 248
3056 249
3056 250
3056 251
3057 239
3057 240
3057 241
3057 242
3057 243
3057 244
3057 245
3057 246
3058 233
3058 234
3058 235
3058 236
3058 237
3058 238
3058 239
3058 240
3059 228
3059 229
3059 230
3059 231
3059 232
3059 233
3060 223
3060 224
3060 225
3060 226
3060 269
3060 270
3060 271
3060 272
3061 262
3061 263
3061 264
3061 265
3061 266
3061 267
3062 256
3062 257
3062 258
3062 259
3062 260
3062 261
3062 262
3063 250
3063 251
3063 252
3063 253
3063 254
3063 255
3063 256
3064 244
3064 245
3064 246
3064 247
3064 248
3064 249
3064 250
3065 238
3065 239
3065 240
3065 241
3065 242
3065 243
3065 244
3066 233
3066 234
3066 235
3066 236
3066 237
3066 238
3067 227
3067 228
3067 229
3067 230
3067 231
3067 232
3068 223
3068 224
3068 225
3068 268
3068 269
3068 270
3069 261
3069 262
3069 263
3069 264
3069 265
3069 266
3070 255
3070 256
3070 257
3070 258
3070 259
3070 260
3071 249
3071 250
3071 251
3071 252
3071 253
3071 254
3071 255
3072 243
3072 244
3072 245
3072 246
3072 247
3072 248
3072 249
3073 237
3073 238
3073 239
3073 240
3073 241
3073 242
3073 243
3074 232
3074 233
3074 234
3074 235
3074 236
3074 237
3075 227
3075 228
3075 229
3075 230
3076 267
3076 268
3076 269
3077 260
3077 261
3077 262
3077 263
3077 264
3077 265
3078 254
3078 255
3078 256
3078 257
3078 258
3078 259
3079 248
3079 249
3079 250
3079 251
3079 252
3079 253
3079 254
3080 242
3080 243
3080 244
3080 245
3080 246
3080 247
3080 248
3081 237
3081 238
3081 239
3081 240
3081 241
3081 242
3082 231
3082 232
3082 233
3082 234
3082 235
3082 236
3083 227
3083 228
3083 229
3084 266
3084 267
3084 268
3085 259
3085 260
3085 261
3085 262
3085 263
3085 264
3086 253
3086 254
3086 255
3086 256
3086 257
3086 258
3087 247
3087 248
3087 249
3087 250
3087 251
3087 252
3087 253
3088 242
3088 243
3088 244
3088 245
3088 246
3088 247
3089 236
3089 237
3089 238
3089 239
3089 240
3089 241
3090 231
3090 232
3090 233
3090 234
3092 265
3092 266
3092 267
3093 259
3093 260
3093 261
3093 262
3094 253
3094 254
3094 255
3094 256
3094 257
3095 247
3095 248
3095 249
3095 250
3095 251
3096 241
3096 242
3096 243
3096 244
3096 245
3096 246
3097 236
3097 237
3097 238
3097 239
3098 231
3098 232
3098 233
3100 265
3100 266
3101 258
3101 259
3101 260
3101 261
3102 252
3102 253
3102 254
3102 255
3102 256
3103 246
3103 247
3103 248
3103 249
3103 250
3104 241
3104 242
3104 243
3104 244
3105 235
3105 236
3105 237
3105 238
3109 257
3109 258
3109 259
3109 260
3110 251
3110 252
3110 253
3110 254
3110 255
3111 246
3111 247
3111 248
3111 249
3112 240
3112 241
3112 242
3112 243
3113 235
3113 236
3117 257
3117 258
3118 251
3118 252
3118 253
3119 245
3119 246
3119 247
3120 240
3120 241
3125 257
3126 251
3126 252
3127 245
