663 219
668 218
673 217
678 215
678 216
683 214
683 215
687 222
688 213
688 214
692 221
692 222
693 212
693 213
697 220
697 221
698 211
698 212
702 219
702 220
703 210
707 217
707 218
707 219
708 209
712 216
712 217
712 218
713 208
717 215
717 216
717 217
721 224
722 214
722 215
722 216
726 222
726 223
727 213
727 214
731 221
731 222
732 212
732 213
736 220
736 221
737 211
737 212
741 219
741 220
742 210
742 211
746 217
746 218
746 219
747 209
747 210
751 216
751 217
751 218
752 208
756 215
756 216
756 217
757 207
760 224
761 214
761 215
761 216
765 222
765 223
766 213
766 214
766 215
770 221
770 222
771 212
771 213
775 220
775 221
776 211
776 212
780 219
780 220
781 210
781 211
785 218
785 219
786 209
786 210
790 216
790 217
790 218
791 208
795 215
795 216
795 217
799 224
800 214
800 215
800 216
804 223
805 213
805 214
809 222
810 212
810 213
814 220
814 221
815 212
819 219
819 220
824 218
824 219
829 217
829 218
834 216
