750 551
757 550
764 548
764 549
766 554
771 546
771 547
773 552
773 553
778 545
780 551
780 552
785 544
787 549
787 550
794 548
794 549
796 554
801 546
801 547
803 553
808 545
810 551
817 549
817 550
824 548
1549 186
1549 187
1551 192
1554 179
1556 185
1556 186
1558 190
1558 191
1561 177
1561 178
1563 183
1563 184
1565 189
1565 190
1567 195
1568 176
1568 177
1570 181
1570 182
1570 183
1572 187
1572 188
1572 189
1573 169
1574 193
1574 194
1575 174
1575 175
1575 176
1577 180
1577 181
1577 182
1579 185
1579 186
1579 187
1580 167
1580 168
1581 191
1581 192
1581 193
1582 172
1582 173
1582 174
1583 198
1584 178
1584 179
1584 180
1586 184
1586 185
1586 186
1587 166
1587 167
1588 190
1588 191
1589 171
1589 172
1589 173
1590 196
1590 197
1591 176
1591 177
1591 178
1591 179
1593 182
1593 183
1593 184
1593 185
1594 164
1594 165
1595 188
1595 189
1595 190
1596 169
1596 170
1596 171
1596 172
1597 194
1597 195
1598 175
1598 176
1598 177
1598 178
1600 181
1600 182
1600 183
1601 162
1601 163
1601 164
1602 186
1602 187
1602 188
1602 189
1603 168
1603 169
1603 170
1604 192
1604 193
1604 194
1605 173
1605 174
1605 175
1605 176
1607 179
1607 180
1607 181
1607 182
1608 161
1608 162
1608 163
1609 185
1609 186
1609 187
1610 166
1610 167
1610 168
1610 169
1611 191
1611 192
1611 193
1612 172
1612 173
1612 174
1612 175
1613 197
1613 198
1614 177
1614 178
1614 179
1614 180
1614 181
1615 159
1615 160
1615 161
1616 183
1616 184
1616 185
1616 186
1617 165
1617 166
1617 167
1618 189
1618 190
1618 191
1619 170
1619 171
1619 172
1619 173
1620 195
1620 196
1621 176
1621 177
1621 178
1621 179
1622 158
1622 159
1622 160
1623 182
1623 183
1623 184
1623 185
1624 163
1624 164
1624 165
1624 166
1625 188
1625 189
1625 190
1626 169
1626 170
1626 171
1626 172
1627 194
1627 195
1628 174
1628 175
1628 176
1628 177
1628 178
1629 156
1629 157
1629 158
1630 180
1630 181
1630 182
1630 183
1631 162
1631 163
1631 164
1631 165
1632 186
1632 187
1632 188
1632 189
1633 167
1633 168
1633 169
1633 170
1633 171
1634 192
1634 193
1634 194
1635 173
1635 174
1635 175
1635 176
1636 155
1636 156
1636 157
1637 179
1637 180
1637 181
1637 182
1638 160
1638 161
1638 162
1638 163
1639 184
1639 185
1639 186
1639 187
1640 166
1640 167
1640 168
1640 169
1641 191
1641 192
1642 171
1642 172
1642 173
1642 174
1642 175
1643 153
1643 154
1643 155
1644 177
1644 178
1644 179
1644 180
1645 159
1645 160
1645 161
1645 162
1646 183
1646 184
1646 185
1646 186
1647 164
1647 165
1647 166
1647 167
1647 168
1648 189
1648 190
1648 191
1649 170
1649 171
1649 172
1649 173
1650 152
1650 153
1650 154
1650 196
1651 175
1651 176
1651 177
1651 178
1651 179
1652 157
1652 158
1652 159
1652 160
1653 181
1653 182
1653 183
1653 184
1653 185
1654 163
1654 164
1654 165
1654 166
1655 187
1655 188
1655 189
1655 190
1656 168
1656 169
1656 170
1656 171
1656 172
1657 150
1657 151
1657 152
1657 194
1657 195
1658 174
1658 175
1658 176
1658 177
1658 178
1659 156
1659 157
1659 158
1659 159
1660 180
1660 181
1660 182
1660 183
1661 161
1661 162
1661 163
1661 164
1661 165
1662 186
1662 187
1662 188
1663 167
1663 168
1663 169
1663 170
1663 171
1664 149
1664 150
1664 151
1664 192
1664 193
1665 172
1665 173
1665 174
1665 175
1665 176
1666 154
1666 155
1666 156
1666 157
1667 178
1667 179
1667 180
1667 181
1667 182
1668 160
1668 161
1668 162
1668 163
1669 184
1669 185
1669 186
1669 187
1670 165
1670 166
1670 167
1670 168
1670 169
1671 148
1671 149
1671 191
1671 192
1672 171
1672 172
1672 173
1672 174
1672 175
1673 153
1673 154
1673 155
1673 156
1674 177
1674 178
1674 179
1674 180
1675 158
1675 159
1675 160
1675 161
1675 162
1676 183
1676 184
1676 185
1676 186
1677 164
1677 165
1677 166
1677 167
1677 168
1678 147
1678 189
1678 190
1678 191
1679 170
1679 171
1679 172
1679 173
1680 151
1680 152
1680 153
1680 154
1681 175
1681 176
1681 177
1681 178
1681 179
1682 157
1682 158
1682 159
1682 160
1683 181
1683 182
1683 183
1683 184
1684 162
1684 163
1684 164
1684 165
1684 166
1685 145
1685 188
1685 189
1686 168
1686 169
1686 170
1686 171
1686 172
1687 150
1687 151
1687 152
1688 174
1688 175
1688 176
1688 177
1689 155
1689 156
1689 157
1689 158
1689 159
1690 180
1690 181
1690 182
1690 183
1691 161
1691 162
1691 163
1691 164
1691 165
1692 186
1692 187
1692 188
1693 167
1693 168
1693 169
1693 170
1694 149
1694 150
1694 151
1695 172
1695 173
1695 174
1695 175
1695 176
1696 154
1696 155
1696 156
1696 157
1697 178
1697 179
1697 180
1697 181
1698 159
1698 160
1698 161
1698 162
1698 163
1699 184
1699 185
1699 186
1700 165
1700 166
1700 167
1700 168
1700 169
1701 147
1701 148
1701 149
1702 171
1702 172
1702 173
1702 174
1703 153
1703 154
1703 155
1703 156
1704 177
1704 178
1704 179
1704 180
1705 158
1705 159
1705 160
1705 161
1705 162
1706 183
1706 184
1706 185
1707 164
1707 165
1707 166
1707 167
1708 146
1708 147
1709 169
1709 170
1709 171
1709 172
1709 173
1710 151
1710 152
1710 153
1710 154
1711 175
1711 176
1711 177
1711 178
1712 157
1712 158
1712 159
1712 160
1713 182
1713 183
1713 184
1714 162
1714 163
1714 164
1714 165
1714 166
1715 145
1715 146
1716 168
1716 169
1716 170
1716 171
1716 172
1717 150
1717 151
1717 152
1718 174
1718 175
1718 176
1718 177
1719 155
1719 156
1719 157
1719 158
1719 159
1720 180
1720 181
1720 182
1721 161
1721 162
1721 163
1721 164
1723 167
1723 168
1723 169
1723 170
1724 149
1724 150
1724 151
1725 173
1725 174
1725 175
1726 154
1726 155
1726 156
1726 157
1727 179
1727 180
1727 181
1728 159
1728 160
1728 161
1728 162
1728 163
1730 165
1730 166
1730 167
1730 168
1731 147
1731 148
1731 149
1732 171
1732 172
1732 173
1732 174
1733 153
1733 154
1733 155
1734 177
1734 178
1734 179
1735 158
1735 159
1735 160
1735 161
1737 164
1737 165
1737 166
1737 167
1738 146
1738 147
1739 170
1739 171
1739 172
1740 151
1740 152
1740 153
1740 154
1741 176
1741 177
1741 178
1742 157
1742 158
1742 159
1742 160
1744 162
1744 163
1744 164
1744 165
1746 168
1746 169
1746 170
1746 171
1747 150
1747 151
1747 152
1748 174
1748 175
1748 176
1749 155
1749 156
1749 157
1749 158
1751 161
1751 162
1751 163
1751 164
1753 167
1753 168
1753 169
1754 149
1754 150
1755 173
1755 174
1755 175
1756 154
1756 155
1756 156
1758 160
1758 161
1758 162
1760 166
1760 167
1760 168
1761 148
1762 172
1762 173
1763 153
1763 154
1763 155
1765 159
1765 160
1765 161
1767 164
1767 165
1767 166
1769 170
1769 171
1770 152
1770 153
1772 157
1772 158
1772 159
1774 163
1774 164
1776 169
1776 170
1779 156
1779 157
1781 162
1781 163
3180 24
3185 17
3187 22
3187 23
3189 28
3189 29
3192 15
3194 20
3194 21
3194 22
3196 26
3196 27
3196 28
3198 33
3199 14
3201 19
3201 20
3201 21
3203 24
3203 25
3203 26
3203 27
3205 31
3205 32
3206 12
3206 13
3208 17
3208 18
3208 19
3210 23
3210 24
3210 25
3210 26
3212 29
3212 30
3212 31
3213 11
3214 35
3214 36
3214 37
3215 15
3215 16
3215 17
3215 18
3217 21
3217 22
3217 23
3217 24
3219 27
3219 28
3219 29
3219 30
3220 9
3221 33
3221 34
3221 35
3221 36
3222 14
3222 15
3222 16
3222 17
3224 19
3224 20
3224 21
3224 22
3224 23
3226 25
3226 26
3226 27
3226 28
3226 29
3228 31
3228 32
3228 33
3228 34
3229 12
3229 13
3229 14
3229 15
3230 38
3230 39
3231 18
3231 19
3231 20
3231 21
3233 23
3233 24
3233 25
3233 26
3233 27
3235 29
3235 30
3235 31
3235 32
3235 33
3236 11
3236 12
3236 13
3237 36
3237 37
3237 38
3238 16
3238 17
3238 18
3238 19
3238 20
3240 22
3240 23
3240 24
3240 25
3240 26
3242 28
3242 29
3242 30
3242 31
3242 32
3243 10
3243 11
3243 12
3244 34
3244 35
3244 36
3244 37
3245 15
3245 16
3245 17
3245 18
3246 41
3246 42
3247 20
3247 21
3247 22
3247 23
3247 24
3247 25
3249 26
3249 27
3249 28
3249 29
3249 30
3250 8
3250 9
3250 10
3251 32
3251 33
3251 34
3251 35
3251 36
3252 13
3252 14
3252 15
3252 16
3252 17
3253 39
3253 40
3253 41
3254 19
3254 20
3254 21
3254 22
3254 23
3256 24
3256 25
3256 26
3256 27
3256 28
3256 29
3257 7
3257 8
3258 30
3258 31
3258 32
3258 33
3258 34
3258 35
3259 12
3259 13
3259 14
3259 15
3260 37
3260 38
3260 39
3260 40
3261 17
3261 18
3261 19
3261 20
3261 21
3261 22
3263 23
3263 24
3263 25
3263 26
3263 27
3263 28
3264 6
3264 7
3265 29
3265 30
3265 31
3265 32
3265 33
3266 10
3266 11
3266 12
3266 13
3266 14
3267 35
3267 36
3267 37
3267 38
3267 39
3268 16
3268 17
3268 18
3268 19
3268 20
3269 42
3269 43
3269 44
3270 21
3270 22
3270 23
3270 24
3270 25
3270 26
3272 27
3272 28
3272 29
3272 30
3272 31
3272 32
3273 9
3273 10
3273 11
3273 12
3274 33
3274 34
3274 35
3274 36
3274 37
3274 38
3275 14
3275 15
3275 16
3275 17
3275 18
3276 40
3276 41
3276 42
3276 43
3277 20
3277 21
3277 22
3277 23
3277 24
3277 25
3279 26
3279 27
3279 28
3279 29
3279 30
3279 31
3280 8
3280 9
3280 10
3281 32
3281 33
3281 34
3281 35
3281 36
3282 13
3282 14
3282 15
3282 16
3282 17
3283 38
3283 39
3283 40
3283 41
3283 42
3284 18
3284 19
3284 20
3284 21
3284 22
3284 23
3285 46
3286 24
3286 25
3286 26
3286 27
3286 28
3286 29
3287 6
3287 7
3287 8
3287 9
3288 30
3288 31
3288 32
3288 33
3288 34
3288 35
3289 11
3289 12
3289 13
3289 14
3289 15
3290 36
3290 37
3290 38
3290 39
3290 40
3291 17
3291 18
3291 19
3291 20
3291 21
3291 22
3292 43
3292 44
3292 45
3293 22
3293 23
3293 24
3293 25
3293 26
3293 27
3293 28
3294 5
3294 6
3294 7
3295 28
3295 29
3295 30
3295 31
3295 32
3295 33
3296 10
3296 11
3296 12
3296 13
3296 14
3297 35
3297 36
3297 37
3297 38
3297 39
3298 15
3298 16
3298 17
3298 18
3298 19
3298 20
3299 41
3299 42
3299 43
3299 44
3300 21
3300 22
3300 23
3300 24
3300 25
3300 26
3301 5
3302 27
3302 28
3302 29
3302 30
3302 31
3302 32
3303 9
3303 10
3303 11
3303 12
3304 33
3304 34
3304 35
3304 36
3304 37
3304 38
3305 14
3305 15
3305 16
3305 17
3305 18
3306 39
3306 40
3306 41
3306 42
3306 43
3307 19
3307 20
3307 21
3307 22
3307 23
3307 24
3307 25
3309 25
3309 26
3309 27
3309 28
3309 29
3309 30
3310 7
3310 8
3310 9
3310 10
3311 31
3311 32
3311 33
3311 34
3311 35
3311 36
3312 12
3312 13
3312 14
3312 15
3312 16
3312 17
3313 38
3313 39
3313 40
3313 41
3313 42
3314 18
3314 19
3314 20
3314 21
3314 22
3314 23
3315 45
3315 46
3316 24
3316 25
3316 26
3316 27
3316 28
3316 29
3317 6
3317 7
3317 8
3318 30
3318 31
3318 32
3318 33
3318 34
3318 35
3319 11
3319 12
3319 13
3319 14
3319 15
3320 36
3320 37
3320 38
3320 39
3320 40
3321 16
3321 17
3321 18
3321 19
3321 20
3321 21
3322 43
3322 44
3322 45
3323 22
3323 23
3323 24
3323 25
3323 26
3323 27
3324 5
3324 6
3324 7
3325 28
3325 29
3325 30
3325 31
3325 32
3325 33
3326 10
3326 11
3326 12
3326 13
3327 34
3327 35
3327 36
3327 37
3327 38
3327 39
3328 15
3328 16
3328 17
3328 18
3328 19
3328 20
3329 41
3329 42
3329 43
3329 44
3330 21
3330 22
3330 23
3330 24
3330 25
3330 26
3332 26
3332 27
3332 28
3332 29
3332 30
3332 31
3332 32
3333 9
3333 10
3333 11
3333 12
3334 33
3334 34
3334 35
3334 36
3334 37
3335 14
3335 15
3335 16
3335 17
3335 18
3336 39
3336 40
3336 41
3336 42
3336 43
3337 19
3337 20
3337 21
3337 22
3337 23
3337 24
3338 47
3339 25
3339 26
3339 27
3339 28
3339 29
3339 30
3340 7
3340 8
3340 9
3340 10
3341 31
3341 32
3341 33
3341 34
3341 35
3341 36
3342 12
3342 13
3342 14
3342 15
3342 16
3342 17
3343 37
3343 38
3343 39
3343 40
3343 41
3344 18
3344 19
3344 20
3344 21
3344 22
3344 23
3345 44
3345 45
3345 46
3346 23
3346 24
3346 25
3346 26
3346 27
3346 28
3346 29
3347 6
3347 7
3347 8
3348 29
3348 30
3348 31
3348 32
3348 33
3348 34
3349 11
3349 12
3349 13
3349 14
3349 15
3350 36
3350 37
3350 38
3350 39
3350 40
3351 16
3351 17
3351 18
3351 19
3351 20
3351 21
3352 42
3352 43
3352 44
3352 45
3353 22
3353 23
3353 24
3353 25
3353 26
3353 27
3354 6
3355 28
3355 29
3355 30
3355 31
3355 32
3355 33
3356 10
3356 11
3356 12
3356 13
3357 34
3357 35
3357 36
3357 37
3357 38
3358 15
3358 16
3358 17
3358 18
3358 19
3359 41
3359 42
3359 43
3359 44
3360 21
3360 22
3360 23
3360 24
3360 25
3360 26
3362 26
3362 27
3362 28
3362 29
3362 30
3362 31
3363 9
3363 10
3363 11
3364 32
3364 33
3364 34
3364 35
3364 36
3364 37
3365 14
3365 15
3365 16
3365 17
3365 18
3366 39
3366 40
3366 41
3366 42
3367 19
3367 20
3367 21
3367 22
3367 23
3367 24
3369 25
3369 26
3369 27
3369 28
3369 29
3369 30
3370 8
3370 9
3371 31
3371 32
3371 33
3371 34
3371 35
3372 12
3372 13
3372 14
3372 15
3372 16
3373 37
3373 38
3373 39
3373 40
3373 41
3374 18
3374 19
3374 20
3374 21
3374 22
3375 44
3375 45
3375 46
3376 23
3376 24
3376 25
3376 26
3376 27
3376 28
3377 7
3378 29
3378 30
3378 31
3378 32
3378 33
3378 34
3379 11
3379 12
3379 13
3379 14
3380 36
3380 37
3380 38
3380 39
3381 16
3381 17
3381 18
3381 19
3381 20
3381 21
3382 42
3382 43
3382 44
3383 22
3383 23
3383 24
3383 25
3383 26
3383 27
3385 28
3385 29
3385 30
3385 31
3385 32
3386 10
3386 11
3386 12
3387 34
3387 35
3387 36
3387 37
3387 38
3388 15
3388 16
3388 17
3388 18
3388 19
3389 41
3389 42
3389 43
3390 21
3390 22
3390 23
3390 24
3390 25
3392 26
3392 27
3392 28
3392 29
3392 30
3392 31
3393 9
3393 10
3394 33
3394 34
3394 35
3394 36
3395 14
3395 15
3395 16
3395 17
3396 39
3396 40
3396 41
3396 42
3397 19
3397 20
3397 21
3397 22
3397 23
3399 25
3399 26
3399 27
3399 28
3399 29
3401 31
3401 32
3401 33
3401 34
3401 35
3402 13
3402 14
3402 15
3403 37
3403 38
3403 39
3403 40
3404 18
3404 19
3404 20
3404 21
3404 22
3406 24
3406 25
3406 26
3406 27
3406 28
3408 30
3408 31
3408 32
3408 33
3409 12
3409 13
3410 36
3410 37
3410 38
3410 39
3411 17
3411 18
3411 19
3411 20
3413 22
3413 23
3413 24
3413 25
3413 26
3415 28
3415 29
3415 30
3415 31
3415 32
3416 11
3417 34
3417 35
3417 36
3417 37
3418 16
3418 17
3418 18
3419 41
3419 42
3420 21
3420 22
3420 23
3420 24
3422 27
3422 28
3422 29
3422 30
3424 33
3424 34
3424 35
3424 36
3425 15
3425 16
3426 40
3427 20
3427 21
3427 22
3429 25
3429 26
3429 27
3429 28
3431 31
3431 32
3431 33
3431 34
3433 38
3433 39
3434 19
3434 20
3434 21
3436 24
3436 25
3436 26
3436 27
3438 30
3438 31
3438 32
3440 37
3441 18
3441 19
3443 23
3443 24
3443 25
3445 29
3445 30
3445 31
3447 35
3447 36
3450 22
3450 23
3452 28
3452 29
3459 27
