307 243
308 229
310 239
310 240
311 226
312 251
313 236
313 237
313 238
314 223
315 247
315 248
315 249
316 233
316 234
316 235
317 220
318 244
318 245
318 246
319 230
319 231
319 232
320 256
321 241
321 242
321 243
322 227
322 228
322 229
323 253
323 254
324 238
324 239
324 240
324 241
325 224
325 225
325 226
326 249
326 250
326 251
326 252
327 235
327 236
327 237
327 238
328 221
328 222
328 223
329 246
329 247
329 248
329 249
330 232
330 233
330 234
330 235
331 219
331 220
331 258
331 259
332 243
332 244
332 245
332 246
333 229
333 230
333 231
333 232
334 216
334 217
334 255
334 256
334 257
335 240
335 241
335 242
335 243
335 244
336 226
336 227
336 228
336 229
337 213
337 214
337 251
337 252
337 253
337 254
338 237
338 238
338 239
338 240
338 241
339 223
339 224
339 225
339 226
340 211
340 248
340 249
340 250
340 251
340 252
341 234
341 235
341 236
341 237
341 238
342 220
342 221
342 222
342 223
342 260
342 261
342 262
343 245
343 246
343 247
343 248
343 249
344 231
344 232
344 233
344 234
344 235
345 217
345 218
345 219
345 220
345 257
345 258
345 259
346 242
346 243
346 244
346 245
346 246
347 228
347 229
347 230
347 231
347 232
348 215
348 216
348 217
348 253
348 254
348 255
348 256
348 257
349 239
349 240
349 241
349 242
349 243
350 225
350 226
350 227
350 228
350 229
350 266
351 212
351 213
351 214
351 250
351 251
351 252
351 253
351 254
352 236
352 237
352 238
352 239
352 240
352 241
353 222
353 223
353 224
353 225
353 226
353 262
353 263
353 264
354 209
354 210
354 211
354 247
354 248
354 249
354 250
354 251
354 252
355 233
355 234
355 235
355 236
355 237
355 238
356 219
356 220
356 221
356 222
356 223
356 259
356 260
356 261
356 262
357 207
357 208
357 244
357 245
357 246
357 247
357 248
357 249
358 230
358 231
358 232
358 233
358 234
358 235
359 217
359 218
359 219
359 220
359 256
359 257
359 258
359 259
360 241
360 242
360 243
360 244
360 245
360 246
361 227
361 228
361 229
361 230
361 231
361 232
362 214
362 215
362 216
362 217
362 253
362 254
362 255
362 256
362 257
363 238
363 239
363 240
363 241
363 242
363 243
364 224
364 225
364 226
364 227
364 228
364 229
364 265
364 266
364 267
365 211
365 212
365 213
365 214
365 249
365 250
365 251
365 252
365 253
365 254
366 235
366 236
366 237
366 238
366 239
366 240
367 221
367 222
367 223
367 224
367 225
367 226
367 261
367 262
367 263
367 264
368 208
368 209
368 210
368 211
368 246
368 247
368 248
368 249
368 250
368 251
369 232
369 233
369 234
369 235
369 236
369 237
370 219
370 220
370 221
370 222
370 223
370 258
370 259
370 260
370 261
370 262
371 206
371 207
371 208
371 243
371 244
371 245
371 246
371 247
371 248
371 249
372 229
372 230
372 231
372 232
372 233
372 234
372 235
373 216
373 217
373 218
373 219
373 220
373 255
373 256
373 257
373 258
373 259
374 203
374 204
374 240
374 241
374 242
374 243
374 244
374 245
374 246
375 226
375 227
375 228
375 229
375 230
375 231
375 232
375 267
375 268
375 269
376 213
376 214
376 215
376 216
376 217
376 252
376 253
376 254
376 255
376 256
376 257
377 237
377 238
377 239
377 240
377 241
377 242
377 243
378 224
378 225
378 226
378 227
378 228
378 229
378 264
378 265
378 266
378 267
379 210
379 211
379 212
379 213
379 214
379 249
379 250
379 251
379 252
379 253
379 254
380 234
380 235
380 236
380 237
380 238
380 239
380 240
381 221
381 222
381 223
381 224
381 225
381 226
381 260
381 261
381 262
381 263
381 264
382 208
382 209
382 210
382 211
382 246
382 247
382 248
382 249
382 250
382 251
383 231
383 232
383 233
383 234
383 235
383 236
383 237
384 218
384 219
384 220
384 221
384 222
384 223
384 257
384 258
384 259
384 260
384 261
384 262
385 205
385 206
385 207
385 208
385 243
385 244
385 245
385 246
385 247
385 248
386 229
386 230
386 231
386 232
386 233
386 234
386 270
386 271
387 215
387 216
387 217
387 218
387 219
387 220
387 254
387 255
387 256
387 257
387 258
387 259
388 203
388 204
388 240
388 241
388 242
388 243
388 244
388 245
389 226
389 227
389 228
389 229
389 230
389 231
389 266
389 267
389 268
389 269
390 212
390 213
390 214
390 215
390 216
390 217
390 251
390 252
390 253
390 254
390 255
390 256
391 200
391 201
391 237
391 238
391 239
391 240
391 241
391 242
391 243
392 223
392 224
392 225
392 226
392 227
392 228
392 263
392 264
392 265
392 266
392 267
393 210
393 211
393 212
393 213
393 214
393 248
393 249
393 250
393 251
393 252
393 253
394 234
394 235
394 236
394 237
394 238
394 239
394 240
395 220
395 221
395 222
395 223
395 224
395 225
395 260
395 261
395 262
395 263
395 264
396 207
396 208
396 209
396 210
396 245
396 246
396 247
396 248
396 249
396 250
396 251
397 231
397 232
397 233
397 234
397 235
397 236
397 237
397 273
398 217
398 218
398 219
398 220
398 221
398 222
398 256
398 257
398 258
398 259
398 260
398 261
399 204
399 205
399 206
399 207
399 242
399 243
399 244
399 245
399 246
399 247
399 248
400 228
400 229
400 230
400 231
400 232
400 233
400 234
400 269
400 270
400 271
401 214
401 215
401 216
401 217
401 218
401 219
401 253
401 254
401 255
401 256
401 257
401 258
401 259
402 202
402 203
402 204
402 239
402 240
402 241
402 242
402 243
402 244
402 245
403 225
403 226
403 227
403 228
403 229
403 230
403 231
403 265
403 266
403 267
403 268
403 269
404 212
404 213
404 214
404 215
404 216
404 250
404 251
404 252
404 253
404 254
404 255
404 256
405 199
405 200
405 236
405 237
405 238
405 239
405 240
405 241
405 242
406 222
406 223
406 224
406 225
406 226
406 227
406 228
406 262
406 263
406 264
406 265
406 266
407 209
407 210
407 211
407 212
407 213
407 247
407 248
407 249
407 250
407 251
407 252
407 253
408 233
408 234
408 235
408 236
408 237
408 238
408 239
409 219
409 220
409 221
409 222
409 223
409 224
409 225
409 259
409 260
409 261
409 262
409 263
409 264
410 206
410 207
410 208
410 209
410 210
410 244
410 245
410 246
410 247
410 248
410 249
410 250
411 230
411 231
411 232
411 233
411 234
411 235
411 236
411 272
411 273
412 217
412 218
412 219
412 220
412 221
412 222
412 256
412 257
412 258
412 259
412 260
412 261
413 204
413 205
413 206
413 207
413 241
413 242
413 243
413 244
413 245
413 246
413 247
414 227
414 228
414 229
414 230
414 231
414 232
414 233
414 268
414 269
414 270
414 271
415 214
415 215
415 216
415 217
415 218
415 219
415 253
415 254
415 255
415 256
415 257
415 258
416 201
416 202
416 203
416 204
416 238
416 239
416 240
416 241
416 242
416 243
416 244
416 245
417 224
417 225
417 226
417 227
417 228
417 229
417 230
417 265
417 266
417 267
417 268
418 211
418 212
418 213
418 214
418 215
418 216
418 250
418 251
418 252
418 253
418 254
418 255
419 199
419 200
419 235
419 236
419 237
419 238
419 239
419 240
419 241
419 242
420 222
420 223
420 224
420 225
420 226
420 227
420 261
420 262
420 263
420 264
420 265
420 266
421 208
421 209
421 210
421 211
421 212
421 213
421 247
421 248
421 249
421 250
421 251
421 252
421 253
422 232
422 233
422 234
422 235
422 236
422 237
422 238
422 239
423 219
423 220
423 221
423 222
423 223
423 224
423 258
423 259
423 260
423 261
423 262
423 263
424 206
424 207
424 208
424 209
424 210
424 244
424 245
424 246
424 247
424 248
424 249
424 250
425 230
425 231
425 232
425 233
425 234
425 235
425 236
425 271
425 272
425 273
426 216
426 217
426 218
426 219
426 220
426 221
426 255
426 256
426 257
426 258
426 259
426 260
426 261
427 203
427 204
427 205
427 206
427 241
427 242
427 243
427 244
427 245
427 246
427 247
428 227
428 228
428 229
428 230
428 231
428 232
428 233
428 267
428 268
428 269
428 270
428 271
429 213
429 214
429 215
429 216
429 217
429 218
429 252
429 253
429 254
429 255
429 256
429 257
429 258
430 201
430 202
430 203
430 238
430 239
430 240
430 241
430 242
430 243
430 244
431 224
431 225
431 226
431 227
431 228
431 229
431 230
431 264
431 265
431 266
431 267
431 268
432 210
432 211
432 212
432 213
432 214
432 215
432 249
432 250
432 251
432 252
432 253
432 254
432 255
433 198
433 199
433 200
433 235
433 236
433 237
433 238
433 239
433 240
433 241
434 221
434 222
434 223
434 224
434 225
434 226
434 227
434 261
434 262
434 263
434 264
434 265
435 208
435 209
435 210
435 211
435 212
435 246
435 247
435 248
435 249
435 250
435 251
435 252
436 232
436 233
436 234
436 235
436 236
436 237
436 238
436 274
437 218
437 219
437 220
437 221
437 222
437 223
437 224
437 258
437 259
437 260
437 261
437 262
437 263
438 205
438 206
438 207
438 208
438 209
438 243
438 244
438 245
438 246
438 247
438 248
438 249
439 229
439 230
439 231
439 232
439 233
439 234
439 235
439 270
439 271
439 272
439 273
440 215
440 216
440 217
440 218
440 219
440 220
440 221
440 254
440 255
440 256
440 257
440 258
440 259
440 260
441 203
441 204
441 205
441 206
441 240
441 241
441 242
441 243
441 244
441 245
441 246
441 247
442 226
442 227
442 228
442 229
442 230
442 231
442 232
442 267
442 268
442 269
442 270
443 213
443 214
443 215
443 216
443 217
443 218
443 251
443 252
443 253
443 254
443 255
443 256
443 257
444 200
444 201
444 202
444 203
444 237
444 238
444 239
444 240
444 241
444 242
444 243
444 244
445 223
445 224
445 225
445 226
445 227
445 228
445 229
445 263
445 264
445 265
445 266
445 267
445 268
446 210
446 211
446 212
446 213
446 214
446 215
446 248
446 249
446 250
446 251
446 252
446 253
446 254
446 255
447 198
447 199
447 234
447 235
447 236
447 237
447 238
447 239
447 240
447 241
448 220
448 221
448 222
448 223
448 224
448 225
448 226
448 260
448 261
448 262
448 263
448 264
448 265
449 207
449 208
449 209
449 210
449 211
449 212
449 245
449 246
449 247
449 248
449 249
449 250
449 251
449 252
450 231
450 232
450 233
450 234
450 235
450 236
450 237
450 238
450 273
450 274
451 218
451 219
451 220
451 221
451 222
451 223
451 257
451 258
451 259
451 260
451 261
451 262
452 205
452 206
452 207
452 208
452 242
452 243
452 244
452 245
452 246
452 247
452 248
452 249
453 228
453 229
453 230
453 231
453 232
453 233
453 234
453 235
453 269
453 270
453 271
453 272
454 215
454 216
454 217
454 218
454 219
454 220
454 254
454 255
454 256
454 257
454 258
454 259
454 260
455 202
455 203
455 204
455 205
455 239
455 240
455 241
455 242
455 243
455 244
455 245
455 246
456 226
456 227
456 228
456 229
456 230
456 231
456 232
456 266
456 267
456 268
456 269
456 270
457 212
457 213
457 214
457 215
457 216
457 217
457 251
457 252
457 253
457 254
457 255
457 256
457 257
458 199
458 200
458 201
458 202
458 237
458 238
458 239
458 240
458 241
458 242
458 243
459 223
459 224
459 225
459 226
459 227
459 228
459 229
459 263
459 264
459 265
459 266
459 267
460 209
460 210
460 211
460 212
460 213
460 214
460 248
460 249
460 250
460 251
460 252
460 253
460 254
461 197
461 198
461 234
461 235
461 236
461 237
461 238
461 239
461 240
462 220
462 221
462 222
462 223
462 224
462 225
462 226
462 260
462 261
462 262
462 263
462 264
462 265
463 207
463 208
463 209
463 210
463 211
463 245
463 246
463 247
463 248
463 249
463 250
463 251
464 231
464 232
464 233
464 234
464 235
464 236
464 237
464 273
464 274
465 217
465 218
465 219
465 220
465 221
465 222
465 223
465 256
465 257
465 258
465 259
465 260
465 261
465 262
466 204
466 205
466 206
466 207
466 208
466 242
466 243
466 244
466 245
466 246
466 247
466 248
467 228
467 229
467 230
467 231
467 232
467 233
467 234
467 269
467 270
467 271
467 272
468 214
468 215
468 216
468 217
468 218
468 219
468 220
468 253
468 254
468 255
468 256
468 257
468 258
468 259
469 201
469 202
469 203
469 204
469 205
469 239
469 240
469 241
469 242
469 243
469 244
469 245
469 246
470 225
470 226
470 227
470 228
470 229
470 230
470 231
470 265
470 266
470 267
470 268
470 269
471 212
471 213
471 214
471 215
471 216
471 217
471 250
471 251
471 252
471 253
471 254
471 255
471 256
472 199
472 200
472 201
472 236
472 237
472 238
472 239
472 240
472 241
472 242
472 243
473 222
473 223
473 224
473 225
473 226
473 227
473 228
473 262
473 263
473 264
473 265
473 266
473 267
474 209
474 210
474 211
474 212
474 213
474 214
474 247
474 248
474 249
474 250
474 251
474 252
474 253
474 254
475 197
475 198
475 233
475 234
475 235
475 236
475 237
475 238
475 239
475 240
476 219
476 220
476 221
476 222
476 223
476 224
476 225
476 259
476 260
476 261
476 262
476 263
476 264
477 206
477 207
477 208
477 209
477 210
477 211
477 244
477 245
477 246
477 247
477 248
477 249
477 250
477 251
478 230
478 231
478 232
478 233
478 234
478 235
478 236
478 237
478 272
478 273
479 217
479 218
479 219
479 220
479 221
479 222
479 256
479 257
479 258
479 259
479 260
479 261
480 204
480 205
480 206
480 207
480 241
480 242
480 243
480 244
480 245
480 246
480 247
480 248
481 227
481 228
481 229
481 230
481 231
481 232
481 233
481 234
481 268
481 269
481 270
481 271
482 214
482 215
482 216
482 217
482 218
482 219
482 253
482 254
482 255
482 256
482 257
482 258
482 259
483 201
483 202
483 203
483 204
483 238
483 239
483 240
483 241
483 242
483 243
483 244
483 245
484 225
484 226
484 227
484 228
484 229
484 230
484 231
484 265
484 266
484 267
484 268
484 269
485 211
485 212
485 213
485 214
485 215
485 216
485 250
485 251
485 252
485 253
485 254
485 255
485 256
486 199
486 200
486 201
486 235
486 236
486 237
486 238
486 239
486 240
486 241
486 242
487 222
487 223
487 224
487 225
487 226
487 227
487 228
487 262
487 263
487 264
487 265
487 266
488 208
488 209
488 210
488 211
488 212
488 213
488 247
488 248
488 249
488 250
488 251
488 252
488 253
489 196
489 197
489 233
489 234
489 235
489 236
489 237
489 238
489 239
490 219
490 220
490 221
490 222
490 223
490 224
490 225
490 259
490 260
490 261
490 262
490 263
491 206
491 207
491 208
491 209
491 210
491 244
491 245
491 246
491 247
491 248
491 249
491 250
492 230
492 231
492 232
492 233
492 234
492 235
492 236
492 271
492 272
492 273
493 216
493 217
493 218
493 219
493 220
493 221
493 222
493 255
493 256
493 257
493 258
493 259
493 260
493 261
494 203
494 204
494 205
494 206
494 207
494 241
494 242
494 243
494 244
494 245
494 246
494 247
495 227
495 228
495 229
495 230
495 231
495 232
495 233
495 268
495 269
495 270
495 271
496 213
496 214
496 215
496 216
496 217
496 218
496 219
496 252
496 253
496 254
496 255
496 256
496 257
496 258
497 201
497 202
497 203
497 238
497 239
497 240
497 241
497 242
497 243
497 244
498 224
498 225
498 226
498 227
498 228
498 229
498 230
498 264
498 265
498 266
498 267
498 268
499 211
499 212
499 213
499 214
499 215
499 216
499 249
499 250
499 251
499 252
499 253
499 254
499 255
500 198
500 199
500 200
500 235
500 236
500 237
500 238
500 239
500 240
500 241
501 221
501 222
501 223
501 224
501 225
501 226
501 227
501 261
501 262
501 263
501 264
501 265
501 266
502 208
502 209
502 210
502 211
502 212
502 246
502 247
502 248
502 249
502 250
502 251
502 252
503 232
503 233
503 234
503 235
503 236
503 237
503 238
503 239
504 218
504 219
504 220
504 221
504 222
504 223
504 224
504 258
504 259
504 260
504 261
504 262
504 263
505 205
505 206
505 207
505 208
505 209
505 243
505 244
505 245
505 246
505 247
505 248
505 249
505 250
506 229
506 230
506 231
506 232
506 233
506 234
506 235
506 236
506 271
506 272
507 216
507 217
507 218
507 219
507 220
507 221
507 255
507 256
507 257
507 258
507 259
507 260
508 203
508 204
508 205
508 206
508 240
508 241
508 242
508 243
508 244
508 245
508 246
508 247
509 226
509 227
509 228
509 229
509 230
509 231
509 232
509 233
509 267
509 268
509 269
509 270
510 213
510 214
510 215
510 216
510 217
510 218
510 252
510 253
510 254
510 255
510 256
510 257
511 200
511 201
511 202
511 203
511 237
511 238
511 239
511 240
511 241
511 242
511 243
511 244
512 224
512 225
512 226
512 227
512 228
512 229
512 230
512 264
512 265
512 266
512 267
512 268
513 210
513 211
513 212
513 213
513 214
513 215
513 249
513 250
513 251
513 252
513 253
513 254
513 255
514 198
514 199
514 235
514 236
514 237
514 238
514 239
514 240
514 241
515 221
515 222
515 223
515 224
515 225
515 226
515 227
515 261
515 262
515 263
515 264
515 265
516 208
516 209
516 210
516 211
516 212
516 246
516 247
516 248
516 249
516 250
516 251
516 252
517 232
517 233
517 234
517 235
517 236
517 237
517 238
518 218
518 219
518 220
518 221
518 222
518 223
518 224
518 258
518 259
518 260
518 261
518 262
519 205
519 206
519 207
519 208
519 209
519 243
519 244
519 245
519 246
519 247
519 248
519 249
520 229
520 230
520 231
520 232
520 233
520 234
520 235
520 271
521 215
521 216
521 217
521 218
521 219
521 220
521 221
521 255
521 256
521 257
521 258
521 259
521 260
522 202
522 203
522 204
522 205
522 240
522 241
522 242
522 243
522 244
522 245
522 246
523 226
523 227
523 228
523 229
523 230
523 231
523 232
523 267
523 268
523 269
524 213
524 214
524 215
524 216
524 217
524 251
524 252
524 253
524 254
524 255
524 256
524 257
525 200
525 201
525 202
525 237
525 238
525 239
525 240
525 241
525 242
525 243
526 223
526 224
526 225
526 226
526 227
526 228
526 229
526 264
526 265
526 266
526 267
527 210
527 211
527 212
527 213
527 214
527 248
527 249
527 250
527 251
527 252
527 253
527 254
528 198
528 234
528 235
528 236
528 237
528 238
528 239
528 240
529 220
529 221
529 222
529 223
529 224
529 225
529 226
529 260
529 261
529 262
529 263
529 264
530 207
530 208
530 209
530 210
530 211
530 245
530 246
530 247
530 248
530 249
530 250
530 251
531 231
531 232
531 233
531 234
531 235
531 236
531 237
532 218
532 219
532 220
532 221
532 222
532 223
532 257
532 258
532 259
532 260
532 261
532 262
533 205
533 206
533 207
533 208
533 242
533 243
533 244
533 245
533 246
533 247
533 248
534 228
534 229
534 230
534 231
534 232
534 233
534 234
535 215
535 216
535 217
535 218
535 219
535 220
535 254
535 255
535 256
535 257
535 258
535 259
536 202
536 203
536 204
536 240
536 241
536 242
536 243
536 244
536 245
537 226
537 227
537 228
537 229
537 230
537 231
537 267
537 268
538 212
538 213
538 214
538 215
538 216
538 217
538 251
538 252
538 253
538 254
538 255
538 256
539 200
539 201
539 237
539 238
539 239
539 240
539 241
539 242
539 243
540 223
540 224
540 225
540 226
540 227
540 228
540 263
540 264
540 265
540 266
541 209
541 210
541 211
541 212
541 213
541 214
541 248
541 249
541 250
541 251
541 252
541 253
542 234
542 235
542 236
542 237
542 238
542 239
542 240
543 220
543 221
543 222
543 223
543 224
543 225
543 260
543 261
543 262
543 263
543 264
544 207
544 208
544 209
544 210
544 245
544 246
544 247
544 248
544 249
544 250
544 251
545 231
545 232
545 233
545 234
545 235
545 236
545 237
546 217
546 218
546 219
546 220
546 221
546 222
546 257
546 258
546 259
546 260
546 261
547 204
547 205
547 206
547 207
547 242
547 243
547 244
547 245
547 246
547 247
547 248
548 228
548 229
548 230
548 231
548 232
548 233
548 234
549 215
549 216
549 217
549 218
549 219
549 254
549 255
549 256
549 257
549 258
550 202
550 203
550 204
550 239
550 240
550 241
550 242
550 243
550 244
550 245
551 225
551 226
551 227
551 228
551 229
551 230
551 231
551 267
552 212
552 213
552 214
552 215
552 216
552 251
552 252
552 253
552 254
552 255
553 236
553 237
553 238
553 239
553 240
553 241
553 242
554 222
554 223
554 224
554 225
554 226
554 227
554 228
554 263
554 264
554 265
555 209
555 210
555 211
555 212
555 213
555 248
555 249
555 250
555 251
555 252
555 253
556 233
556 234
556 235
556 236
556 237
556 238
556 239
557 220
557 221
557 222
557 223
557 224
557 225
557 260
557 261
557 262
557 263
558 207
558 208
558 209
558 210
558 245
558 246
558 247
558 248
558 249
558 250
559 230
559 231
559 232
559 233
559 234
559 235
559 236
560 217
560 218
560 219
560 220
560 221
560 222
560 257
560 258
560 259
560 260
561 204
561 205
561 206
561 242
561 243
561 244
561 245
561 246
561 247
562 228
562 229
562 230
562 231
562 232
562 233
563 214
563 215
563 216
563 217
563 218
563 253
563 254
563 255
563 256
563 257
564 202
564 239
564 240
564 241
564 242
564 243
564 244
565 225
565 226
565 227
565 228
565 229
565 230
566 212
566 213
566 214
566 215
566 250
566 251
566 252
566 253
566 254
566 255
567 236
567 237
567 238
567 239
567 240
567 241
568 222
568 223
568 224
568 225
568 226
568 227
568 263
568 264
569 209
569 210
569 211
569 212
569 247
569 248
569 249
569 250
569 251
569 252
570 233
570 234
570 235
570 236
570 237
570 238
571 219
571 220
571 221
571 222
571 223
571 224
571 260
571 261
571 262
572 206
572 207
572 208
572 209
572 244
572 245
572 246
572 247
572 248
572 249
573 230
573 231
573 232
573 233
573 234
573 235
574 217
574 218
574 219
574 220
574 221
574 256
574 257
574 258
574 259
575 204
575 205
575 241
575 242
575 243
575 244
575 245
575 246
576 227
576 228
576 229
576 230
576 231
576 232
577 214
577 215
577 216
577 217
577 218
577 253
577 254
577 255
577 256
577 257
578 238
578 239
578 240
578 241
578 242
578 243
579 225
579 226
579 227
579 228
579 229
580 211
580 212
580 213
580 214
580 250
580 251
580 252
580 253
580 254
581 236
581 237
581 238
581 239
581 240
582 222
582 223
582 224
582 225
582 226
583 209
583 210
583 211
583 247
583 248
583 249
583 250
583 251
584 233
584 234
584 235
584 236
584 237
585 219
585 220
585 221
585 222
585 223
585 260
585 261
586 207
586 208
586 244
586 245
586 246
586 247
586 248
587 230
587 231
587 232
587 233
587 234
588 216
588 217
588 218
588 219
588 220
588 256
588 257
588 258
589 241
589 242
589 243
589 244
589 245
590 227
590 228
590 229
590 230
590 231
591 214
591 215
591 216
591 217
591 253
591 254
591 255
591 256
592 238
592 239
592 240
592 241
592 242
592 243
593 224
593 225
593 226
593 227
593 228
594 211
594 212
594 213
594 250
594 251
594 252
594 253
595 235
595 236
595 237
595 238
595 239
595 240
596 222
596 223
596 224
596 225
597 209
597 210
597 247
597 248
597 249
597 250
598 232
598 233
598 234
598 235
598 236
598 237
599 219
599 220
599 221
599 222
600 244
600 245
600 246
600 247
601 230
601 231
601 232
601 233
601 234
602 216
602 217
602 218
602 219
602 257
603 241
603 242
603 243
603 244
603 245
604 227
604 228
604 229
604 230
604 231
605 214
605 215
605 216
605 253
605 254
605 255
606 238
606 239
606 240
606 241
606 242
607 224
607 225
607 226
607 227
607 228
608 211
608 212
608 250
608 251
608 252
609 235
609 236
609 237
609 238
609 239
610 221
610 222
610 223
610 224
611 247
611 248
611 249
612 232
612 233
612 234
612 235
612 236
613 219
613 220
613 221
614 244
614 245
614 246
615 229
615 230
615 231
615 232
615 233
616 216
616 217
616 218
617 241
617 242
617 243
617 244
618 227
618 228
618 229
618 230
619 214
620 238
620 239
620 240
620 241
621 224
621 225
621 226
621 227
622 250
623 235
623 236
623 237
623 238
624 221
624 222
624 223
625 247
625 248
626 232
626 233
626 234
626 235
627 219
627 220
628 244
628 245
629 230
629 231
629 232
631 241
631 242
632 227
632 228
632 229
634 238
634 239
635 224
635 225
637 235
637 236
638 222
640 233
643 230
