3389 102
3396 106
3397 100
3397 101
3398 96
3403 109
3403 110
3404 103
3404 104
3404 105
3405 98
3405 99
3405 100
3406 94
3410 113
3411 107
3411 108
3412 102
3412 103
3412 104
3413 97
3413 98
3414 92
3414 93
3418 110
3418 111
3418 112
3419 105
3419 106
3419 107
3420 100
3420 101
3420 102
3421 95
3421 96
3421 97
3422 90
3422 91
3425 114
3425 115
3426 108
3426 109
3426 110
3427 103
3427 104
3427 105
3427 106
3428 98
3428 99
3428 100
3428 101
3429 93
3429 94
3429 95
3430 89
3430 90
3433 112
3433 113
3433 114
3434 106
3434 107
3434 108
3434 109
3435 101
3435 102
3435 103
3435 104
3436 96
3436 97
3436 98
3436 99
3437 91
3437 92
3437 93
3437 94
3438 87
3438 88
3440 116
3440 117
3441 110
3441 111
3441 112
3442 105
3442 106
3442 107
3442 108
3443 99
3443 100
3443 101
3443 102
3443 103
3444 94
3444 95
3444 96
3444 97
3444 98
3445 90
3445 91
3445 92
3446 86
3448 114
3448 115
3448 116
3449 108
3449 109
3449 110
3449 111
3450 103
3450 104
3450 105
3450 106
3451 98
3451 99
3451 100
3451 101
3452 93
3452 94
3452 95
3452 96
3453 88
3453 89
3453 90
3453 91
3454 84
3454 85
3455 118
3456 112
3456 113
3456 114
3457 106
3457 107
3457 108
3457 109
3457 110
3458 101
3458 102
3458 103
3458 104
3458 105
3459 96
3459 97
3459 98
3459 99
3459 100
3460 91
3460 92
3460 93
3460 94
3461 87
3461 88
3461 89
3462 83
3463 116
3463 117
3464 110
3464 111
3464 112
3464 113
3465 104
3465 105
3465 106
3465 107
3465 108
3466 99
3466 100
3466 101
3466 102
3466 103
3467 94
3467 95
3467 96
3467 97
3467 98
3468 89
3468 90
3468 91
3468 92
3468 93
3469 85
3469 86
3469 87
3470 120
3471 113
3471 114
3471 115
3471 116
3472 108
3472 109
3472 110
3472 111
3472 112
3473 103
3473 104
3473 105
3473 106
3473 107
3474 98
3474 99
3474 100
3474 101
3474 102
3475 93
3475 94
3475 95
3475 96
3475 97
3476 88
3476 89
3476 90
3476 91
3477 83
3477 84
3477 85
3477 86
3478 117
3478 118
3478 119
3479 112
3479 113
3479 114
3479 115
3480 106
3480 107
3480 108
3480 109
3480 110
3481 101
3481 102
3481 103
3481 104
3481 105
3482 96
3482 97
3482 98
3482 99
3482 100
3483 91
3483 92
3483 93
3483 94
3483 95
3484 86
3484 87
3484 88
3484 89
3484 90
3485 82
3485 83
3485 84
3486 115
3486 116
3486 117
3486 118
3487 110
3487 111
3487 112
3487 113
3488 104
3488 105
3488 106
3488 107
3488 108
3488 109
3489 99
3489 100
3489 101
3489 102
3489 103
3489 104
3490 94
3490 95
3490 96
3490 97
3490 98
3490 99
3491 89
3491 90
3491 91
3491 92
3491 93
3492 85
3492 86
3492 87
3492 88
3493 81
3493 82
3493 119
3493 120
3493 121
3494 113
3494 114
3494 115
3494 116
3495 108
3495 109
3495 110
3495 111
3495 112
3496 103
3496 104
3496 105
3496 106
3496 107
3497 97
3497 98
3497 99
3497 100
3497 101
3497 102
3498 93
3498 94
3498 95
3498 96
3498 97
3499 88
3499 89
3499 90
3499 91
3499 92
3500 83
3500 84
3500 85
3500 86
3501 79
3501 80
3501 117
3501 118
3501 119
3502 111
3502 112
3502 113
3502 114
3502 115
3503 106
3503 107
3503 108
3503 109
3503 110
3504 101
3504 102
3504 103
3504 104
3504 105
3504 106
3505 96
3505 97
3505 98
3505 99
3505 100
3505 101
3506 91
3506 92
3506 93
3506 94
3506 95
3507 86
3507 87
3507 88
3507 89
3507 90
3508 82
3508 83
3508 84
3508 122
3509 78
3509 115
3509 116
3509 117
3509 118
3510 110
3510 111
3510 112
3510 113
3510 114
3511 104
3511 105
3511 106
3511 107
3511 108
3511 109
3512 99
3512 100
3512 101
3512 102
3512 103
3512 104
3513 94
3513 95
3513 96
3513 97
3513 98
3513 99
3514 89
3514 90
3514 91
3514 92
3514 93
3514 94
3515 85
3515 86
3515 87
3515 88
3516 80
3516 81
3516 82
3516 83
3516 119
3516 120
3516 121
3517 113
3517 114
3517 115
3517 116
3517 117
3518 108
3518 109
3518 110
3518 111
3518 112
3519 103
3519 104
3519 105
3519 106
3519 107
3520 97
3520 98
3520 99
3520 100
3520 101
3520 102
3521 93
3521 94
3521 95
3521 96
3521 97
3522 88
3522 89
3522 90
3522 91
3522 92
3523 83
3523 84
3523 85
3523 86
3523 87
3524 79
3524 80
3524 81
3524 117
3524 118
3524 119
3524 120
3525 111
3525 112
3525 113
3525 114
3525 115
3526 106
3526 107
3526 108
3526 109
3526 110
3526 111
3527 101
3527 102
3527 103
3527 104
3527 105
3527 106
3528 96
3528 97
3528 98
3528 99
3528 100
3528 101
3529 91
3529 92
3529 93
3529 94
3529 95
3529 96
3530 86
3530 87
3530 88
3530 89
3530 90
3531 82
3531 83
3531 84
3531 85
3531 121
3531 122
3532 78
3532 79
3532 115
3532 116
3532 117
3532 118
3533 110
3533 111
3533 112
3533 113
3533 114
3534 104
3534 105
3534 106
3534 107
3534 108
3534 109
3535 99
3535 100
3535 101
3535 102
3535 103
3535 104
3536 94
3536 95
3536 96
3536 97
3536 98
3536 99
3537 89
3537 90
3537 91
3537 92
3537 93
3537 94
3538 85
3538 86
3538 87
3538 88
3538 89
3539 80
3539 81
3539 82
3539 83
3539 119
3539 120
3539 121
3540 76
3540 77
3540 113
3540 114
3540 115
3540 116
3540 117
3541 108
3541 109
3541 110
3541 111
3541 112
3541 113
3542 103
3542 104
3542 105
3542 106
3542 107
3542 108
3543 98
3543 99
3543 100
3543 101
3543 102
3543 103
3544 93
3544 94
3544 95
3544 96
3544 97
3544 98
3545 88
3545 89
3545 90
3545 91
3545 92
3545 93
3546 83
3546 84
3546 85
3546 86
3546 87
3547 79
3547 80
3547 81
3547 117
3547 118
3547 119
3547 120
3548 112
3548 113
3548 114
3548 115
3548 116
3549 106
3549 107
3549 108
3549 109
3549 110
3549 111
3550 101
3550 102
3550 103
3550 104
3550 105
3550 106
3551 96
3551 97
3551 98
3551 99
3551 100
3551 101
3552 91
3552 92
3552 93
3552 94
3552 95
3552 96
3553 86
3553 87
3553 88
3553 89
3553 90
3553 91
3554 82
3554 83
3554 84
3554 85
3554 121
3554 122
3554 123
3555 77
3555 78
3555 79
3555 80
3555 115
3555 116
3555 117
3555 118
3555 119
3556 110
3556 111
3556 112
3556 113
3556 114
3557 104
3557 105
3557 106
3557 107
3557 108
3557 109
3557 110
3558 99
3558 100
3558 101
3558 102
3558 103
3558 104
3558 105
3559 94
3559 95
3559 96
3559 97
3559 98
3559 99
3559 100
3560 89
3560 90
3560 91
3560 92
3560 93
3560 94
3561 85
3561 86
3561 87
3561 88
3561 89
3562 80
3562 81
3562 82
3562 83
3562 84
3562 119
3562 120
3562 121
3562 122
3563 76
3563 77
3563 78
3563 113
3563 114
3563 115
3563 116
3563 117
3564 108
3564 109
3564 110
3564 111
3564 112
3564 113
3565 103
3565 104
3565 105
3565 106
3565 107
3565 108
3566 98
3566 99
3566 100
3566 101
3566 102
3566 103
3567 93
3567 94
3567 95
3567 96
3567 97
3567 98
3568 88
3568 89
3568 90
3568 91
3568 92
3568 93
3569 83
3569 84
3569 85
3569 86
3569 87
3569 88
3569 124
3570 79
3570 80
3570 81
3570 82
3570 117
3570 118
3570 119
3570 120
3571 75
3571 76
3571 112
3571 113
3571 114
3571 115
3571 116
3572 106
3572 107
3572 108
3572 109
3572 110
3572 111
3573 101
3573 102
3573 103
3573 104
3573 105
3573 106
3574 96
3574 97
3574 98
3574 99
3574 100
3574 101
3574 102
3575 91
3575 92
3575 93
3575 94
3575 95
3575 96
3576 86
3576 87
3576 88
3576 89
3576 90
3576 91
3577 82
3577 83
3577 84
3577 85
3577 86
3577 121
3577 122
3577 123
3578 77
3578 78
3578 79
3578 80
3578 115
3578 116
3578 117
3578 118
3578 119
3579 110
3579 111
3579 112
3579 113
3579 114
3580 105
3580 106
3580 107
3580 108
3580 109
3580 110
3581 99
3581 100
3581 101
3581 102
3581 103
3581 104
3581 105
3582 94
3582 95
3582 96
3582 97
3582 98
3582 99
3582 100
3583 90
3583 91
3583 92
3583 93
3583 94
3583 95
3584 85
3584 86
3584 87
3584 88
3584 89
3584 90
3585 80
3585 81
3585 82
3585 83
3585 84
3585 119
3585 120
3585 121
3585 122
3586 76
3586 77
3586 78
3586 114
3586 115
3586 116
3586 117
3586 118
3587 108
3587 109
3587 110
3587 111
3587 112
3587 113
3588 103
3588 104
3588 105
3588 106
3588 107
3588 108
3589 98
3589 99
3589 100
3589 101
3589 102
3589 103
3590 93
3590 94
3590 95
3590 96
3590 97
3590 98
3591 88
3591 89
3591 90
3591 91
3591 92
3591 93
3592 83
3592 84
3592 85
3592 86
3592 87
3592 88
3592 124
3593 79
3593 80
3593 81
3593 82
3593 117
3593 118
3593 119
3593 120
3593 121
3594 75
3594 76
3594 112
3594 113
3594 114
3594 115
3594 116
3595 106
3595 107
3595 108
3595 109
3595 110
3595 111
3595 112
3596 101
3596 102
3596 103
3596 104
3596 105
3596 106
3596 107
3597 96
3597 97
3597 98
3597 99
3597 100
3597 101
3597 102
3598 91
3598 92
3598 93
3598 94
3598 95
3598 96
3598 97
3599 86
3599 87
3599 88
3599 89
3599 90
3599 91
3599 92
3600 82
3600 83
3600 84
3600 85
3600 86
3600 121
3600 122
3600 123
3601 77
3601 78
3601 79
3601 80
3601 81
3601 116
3601 117
3601 118
3601 119
3602 74
3602 110
3602 111
3602 112
3602 113
3602 114
3602 115
3603 105
3603 106
3603 107
3603 108
3603 109
3603 110
3604 100
3604 101
3604 102
3604 103
3604 104
3604 105
3605 95
3605 96
3605 97
3605 98
3605 99
3605 100
3606 90
3606 91
3606 92
3606 93
3606 94
3606 95
3607 85
3607 86
3607 87
3607 88
3607 89
3607 90
3608 80
3608 81
3608 82
3608 83
3608 84
3608 119
3608 120
3608 121
3608 122
3609 76
3609 77
3609 78
3609 79
3609 114
3609 115
3609 116
3609 117
3609 118
3610 108
3610 109
3610 110
3610 111
3610 112
3610 113
3611 103
3611 104
3611 105
3611 106
3611 107
3611 108
3612 98
3612 99
3612 100
3612 101
3612 102
3612 103
3612 104
3613 93
3613 94
3613 95
3613 96
3613 97
3613 98
3613 99
3614 88
3614 89
3614 90
3614 91
3614 92
3614 93
3615 83
3615 84
3615 85
3615 86
3615 87
3615 88
3615 124
3616 79
3616 80
3616 81
3616 82
3616 83
3616 118
3616 119
3616 120
3616 121
3617 75
3617 76
3617 77
3617 112
3617 113
3617 114
3617 115
3617 116
3618 107
3618 108
3618 109
3618 110
3618 111
3618 112
3619 101
3619 102
3619 103
3619 104
3619 105
3619 106
3619 107
3620 96
3620 97
3620 98
3620 99
3620 100
3620 101
3620 102
3621 91
3621 92
3621 93
3621 94
3621 95
3621 96
3621 97
3622 87
3622 88
3622 89
3622 90
3622 91
3622 92
3623 82
3623 83
3623 84
3623 85
3623 86
3623 122
3623 123
3624 77
3624 78
3624 79
3624 80
3624 81
3624 116
3624 117
3624 118
3624 119
3625 74
3625 75
3625 110
3625 111
3625 112
3625 113
3625 114
3625 115
3626 105
3626 106
3626 107
3626 108
3626 109
3626 110
3627 100
3627 101
3627 102
3627 103
3627 104
3627 105
3628 95
3628 96
3628 97
3628 98
3628 99
3628 100
3629 90
3629 91
3629 92
3629 93
3629 94
3629 95
3630 85
3630 86
3630 87
3630 88
3630 89
3630 90
3631 80
3631 81
3631 82
3631 83
3631 84
3631 85
3631 120
3631 121
3631 122
3632 76
3632 77
3632 78
3632 79
3632 114
3632 115
3632 116
3632 117
3632 118
3633 109
3633 110
3633 111
3633 112
3633 113
3634 103
3634 104
3634 105
3634 106
3634 107
3634 108
3634 109
3635 98
3635 99
3635 100
3635 101
3635 102
3635 103
3635 104
3636 93
3636 94
3636 95
3636 96
3636 97
3636 98
3636 99
3637 88
3637 89
3637 90
3637 91
3637 92
3637 93
3637 94
3638 84
3638 85
3638 86
3638 87
3638 88
3638 124
3639 79
3639 80
3639 81
3639 82
3639 83
3639 118
3639 119
3639 120
3639 121
3640 75
3640 76
3640 77
3640 112
3640 113
3640 114
3640 115
3640 116
3641 107
3641 108
3641 109
3641 110
3641 111
3641 112
3642 102
3642 103
3642 104
3642 105
3642 106
3642 107
3643 97
3643 98
3643 99
3643 100
3643 101
3643 102
3644 92
3644 93
3644 94
3644 95
3644 96
3644 97
3645 87
3645 88
3645 89
3645 90
3645 91
3645 92
3646 82
3646 83
3646 84
3646 85
3646 86
3646 87
3646 122
3646 123
3647 78
3647 79
3647 80
3647 81
3647 116
3647 117
3647 118
3647 119
3648 74
3648 75
3648 110
3648 111
3648 112
3648 113
3648 114
3648 115
3649 105
3649 106
3649 107
3649 108
3649 109
3649 110
3650 100
3650 101
3650 102
3650 103
3650 104
3650 105
3650 106
3651 95
3651 96
3651 97
3651 98
3651 99
3651 100
3651 101
3652 90
3652 91
3652 92
3652 93
3652 94
3652 95
3652 96
3653 85
3653 86
3653 87
3653 88
3653 89
3653 90
3654 81
3654 82
3654 83
3654 84
3654 85
3654 120
3654 121
3654 122
3655 76
3655 77
3655 78
3655 79
3655 114
3655 115
3655 116
3655 117
3655 118
3656 109
3656 110
3656 111
3656 112
3656 113
3656 114
3657 104
3657 105
3657 106
3657 107
3657 108
3657 109
3658 98
3658 99
3658 100
3658 101
3658 102
3658 103
3658 104
3659 94
3659 95
3659 96
3659 97
3659 98
3659 99
3660 89
3660 90
3660 91
3660 92
3660 93
3660 94
3661 84
3661 85
3661 86
3661 87
3661 88
3661 89
3662 79
3662 80
3662 81
3662 82
3662 83
3662 118
3662 119
3662 120
3662 121
3663 75
3663 76
3663 77
3663 112
3663 113
3663 114
3663 115
3663 116
3663 117
3664 107
3664 108
3664 109
3664 110
3664 111
3664 112
3665 102
3665 103
3665 104
3665 105
3665 106
3665 107
3666 97
3666 98
3666 99
3666 100
3666 101
3666 102
3667 92
3667 93
3667 94
3667 95
3667 96
3667 97
3668 87
3668 88
3668 89
3668 90
3668 91
3668 92
3669 82
3669 83
3669 84
3669 85
3669 86
3669 87
3669 122
3669 123
3670 78
3670 79
3670 80
3670 81
3670 116
3670 117
3670 118
3670 119
3671 74
3671 75
3671 111
3671 112
3671 113
3671 114
3671 115
3672 106
3672 107
3672 108
3672 109
3672 110
3673 100
3673 101
3673 102
3673 103
3673 104
3673 105
3673 106
3674 95
3674 96
3674 97
3674 98
3674 99
3674 100
3674 101
3675 90
3675 91
3675 92
3675 93
3675 94
3675 95
3675 96
3676 86
3676 87
3676 88
3676 89
3676 90
3676 91
3677 81
3677 82
3677 83
3677 84
3677 85
3677 120
3677 121
3677 122
3678 77
3678 78
3678 79
3678 80
3678 114
3678 115
3678 116
3678 117
3678 118
3679 109
3679 110
3679 111
3679 112
3679 113
3679 114
3680 104
3680 105
3680 106
3680 107
3680 108
3680 109
3681 99
3681 100
3681 101
3681 102
3681 103
3681 104
3682 94
3682 95
3682 96
3682 97
3682 98
3682 99
3683 89
3683 90
3683 91
3683 92
3683 93
3683 94
3684 84
3684 85
3684 86
3684 87
3684 88
3684 89
3685 80
3685 81
3685 82
3685 83
3685 118
3685 119
3685 120
3685 121
3686 75
3686 76
3686 77
3686 78
3686 113
3686 114
3686 115
3686 116
3686 117
3687 107
3687 108
3687 109
3687 110
3687 111
3687 112
3688 102
3688 103
3688 104
3688 105
3688 106
3688 107
3689 97
3689 98
3689 99
3689 100
3689 101
3689 102
3689 103
3690 92
3690 93
3690 94
3690 95
3690 96
3690 97
3690 98
3691 87
3691 88
3691 89
3691 90
3691 91
3691 92
3692 83
3692 84
3692 85
3692 86
3692 87
3692 123
3693 78
3693 79
3693 80
3693 81
3693 82
3693 117
3693 118
3693 119
3693 120
3694 74
3694 75
3694 111
3694 112
3694 113
3694 114
3694 115
3695 106
3695 107
3695 108
3695 109
3695 110
3695 111
3696 101
3696 102
3696 103
3696 104
3696 105
3696 106
3697 96
3697 97
3697 98
3697 99
3697 100
3697 101
3698 91
3698 92
3698 93
3698 94
3698 95
3698 96
3699 86
3699 87
3699 88
3699 89
3699 90
3699 91
3700 81
3700 82
3700 83
3700 84
3700 85
3700 121
3700 122
3701 77
3701 78
3701 79
3701 80
3701 115
3701 116
3701 117
3701 118
3702 109
3702 110
3702 111
3702 112
3702 113
3702 114
3703 104
3703 105
3703 106
3703 107
3703 108
3703 109
3704 99
3704 100
3704 101
3704 102
3704 103
3704 104
3705 94
3705 95
3705 96
3705 97
3705 98
3705 99
3706 89
3706 90
3706 91
3706 92
3706 93
3706 94
3707 85
3707 86
3707 87
3707 88
3707 89
3708 80
3708 81
3708 82
3708 83
3708 84
3708 119
3708 120
3708 121
3709 76
3709 77
3709 78
3709 113
3709 114
3709 115
3709 116
3709 117
3710 108
3710 109
3710 110
3710 111
3710 112
3711 103
3711 104
3711 105
3711 106
3711 107
3712 98
3712 99
3712 100
3712 101
3712 102
3712 103
3713 93
3713 94
3713 95
3713 96
3713 97
3713 98
3714 88
3714 89
3714 90
3714 91
3714 92
3715 83
3715 84
3715 85
3715 86
3715 87
3716 79
3716 80
3716 81
3716 82
3716 117
3716 118
3716 119
3716 120
3717 75
3717 111
3717 112
3717 113
3717 114
3717 115
3718 106
3718 107
3718 108
3718 109
3718 110
3718 111
3719 101
3719 102
3719 103
3719 104
3719 105
3719 106
3720 96
3720 97
3720 98
3720 99
3720 100
3720 101
3721 91
3721 92
3721 93
3721 94
3721 95
3721 96
3722 86
3722 87
3722 88
3722 89
3722 90
3722 91
3723 82
3723 83
3723 84
3723 85
3723 121
3723 122
3724 77
3724 78
3724 79
3724 80
3724 115
3724 116
3724 117
3724 118
3725 110
3725 111
3725 112
3725 113
3725 114
3726 105
3726 106
3726 107
3726 108
3726 109
3727 100
3727 101
3727 102
3727 103
3727 104
3728 95
3728 96
3728 97
3728 98
3728 99
3729 90
3729 91
3729 92
3729 93
3729 94
3730 85
3730 86
3730 87
3730 88
3730 89
3731 80
3731 81
3731 82
3731 83
3731 84
3731 119
3731 120
3731 121
3732 76
3732 77
3732 78
3732 114
3732 115
3732 116
3732 117
3733 108
3733 109
3733 110
3733 111
3733 112
3734 103
3734 104
3734 105
3734 106
3734 107
3734 108
3735 98
3735 99
3735 100
3735 101
3735 102
3735 103
3736 93
3736 94
3736 95
3736 96
3736 97
3736 98
3737 88
3737 89
3737 90
3737 91
3737 92
3737 93
3738 84
3738 85
3738 86
3738 87
3739 79
3739 80
3739 81
3739 82
3739 117
3739 118
3739 119
3740 112
3740 113
3740 114
3740 115
3741 107
3741 108
3741 109
3741 110
3741 111
3742 101
3742 102
3742 103
3742 104
3742 105
3742 106
3743 96
3743 97
3743 98
3743 99
3743 100
3743 101
3744 92
3744 93
3744 94
3744 95
3744 96
3745 87
3745 88
3745 89
3745 90
3745 91
3746 82
3746 83
3746 84
3746 85
3747 78
3747 79
3747 80
3747 116
3747 117
3747 118
3748 110
3748 111
3748 112
3748 113
3748 114
3749 105
3749 106
3749 107
3749 108
3749 109
3750 100
3750 101
3750 102
3750 103
3750 104
3751 95
3751 96
3751 97
3751 98
3751 99
3752 90
3752 91
3752 92
3752 93
3752 94
3753 85
3753 86
3753 87
3753 88
3753 89
3754 81
3754 82
3754 83
3754 84
3754 120
3755 77
3755 114
3755 115
3755 116
3755 117
3756 109
3756 110
3756 111
3756 112
3757 103
3757 104
3757 105
3757 106
3757 107
3758 98
3758 99
3758 100
3758 101
3758 102
3758 103
3759 94
3759 95
3759 96
3759 97
3759 98
3760 89
3760 90
3760 91
3760 92
3760 93
3761 84
3761 85
3761 86
3761 87
3762 80
3762 81
3762 82
3762 118
3762 119
3763 112
3763 113
3763 114
3763 115
3764 107
3764 108
3764 109
3764 110
3764 111
3765 102
3765 103
3765 104
3765 105
3765 106
3766 97
3766 98
3766 99
3766 100
3766 101
3767 92
3767 93
3767 94
3767 95
3767 96
3768 87
3768 88
3768 89
3768 90
3768 91
3769 83
3769 84
3769 85
3770 79
3770 116
3770 117
3770 118
3771 111
3771 112
3771 113
3771 114
3772 106
3772 107
3772 108
3772 109
3773 100
3773 101
3773 102
3773 103
3773 104
3774 95
3774 96
3774 97
3774 98
3774 99
3775 91
3775 92
3775 93
3775 94
3776 86
3776 87
3776 88
3776 89
3777 82
3777 83
3778 115
3778 116
3779 109
3779 110
3779 111
3779 112
3780 104
3780 105
3780 106
3780 107
3781 99
3781 100
3781 101
3781 102
3781 103
3782 94
3782 95
3782 96
3782 97
3782 98
3783 89
3783 90
3783 91
3783 92
3783 93
3784 85
3784 86
3784 87
3785 81
3786 113
3786 114
3786 115
3787 108
3787 109
3787 110
3788 102
3788 103
3788 104
3788 105
3788 106
3789 97
3789 98
3789 99
3789 100
3789 101
3790 93
3790 94
3790 95
3790 96
3791 88
3791 89
3791 90
3791 91
3792 83
3792 84
3792 85
3793 117
3794 111
3794 112
3794 113
3795 106
3795 107
3795 108
3795 109
3796 101
3796 102
3796 103
3796 104
3797 96
3797 97
3797 98
3797 99
3798 91
3798 92
3798 93
3798 94
3799 87
3799 88
3799 89
3800 82
3800 83
3801 116
3802 110
3802 111
3802 112
3803 105
3803 106
3803 107
3804 100
3804 101
3804 102
3805 95
3805 96
3805 97
3806 90
3806 91
3806 92
3807 85
3807 86
3807 87
3809 114
3810 108
3810 109
3810 110
3811 103
3811 104
3811 105
3811 106
3812 98
3812 99
3812 100
3812 101
3813 93
3813 94
3813 95
3813 96
3814 89
3814 90
3817 112
3817 113
3818 107
3818 108
3818 109
3819 102
3819 103
3819 104
3820 97
3820 98
3820 99
3821 92
3821 93
3821 94
3822 88
3825 111
3826 105
3826 106
3826 107
3827 100
3827 101
3827 102
3828 95
3828 96
3828 97
3829 91
3829 92
3834 104
3834 105
3835 99
3835 100
3836 94
3836 95
3842 103
3843 98
3844 93
