1717 44
1717 45
1720 40
1720 41
1725 46
1725 47
1728 41
1728 42
1728 43
1731 37
1731 38
1733 47
1733 48
1736 43
1736 44
1736 45
1739 39
1739 40
1741 49
1741 50
1742 35
1742 36
1744 44
1744 45
1744 46
1747 40
1747 41
1747 42
1749 51
1749 52
1750 36
1750 37
1750 38
1752 46
1752 47
1752 48
1753 32
1753 33
1753 34
1755 42
1755 43
1755 44
1757 52
1757 53
1758 38
1758 39
1758 40
1760 48
1760 49
1760 50
1761 34
1761 35
1761 36
1763 43
1763 44
1763 45
1763 46
1764 30
1764 31
1765 54
1765 55
1766 39
1766 40
1766 41
1766 42
1768 49
1768 50
1768 51
1769 35
1769 36
1769 37
1769 38
1771 45
1771 46
1771 47
1771 48
1772 31
1772 32
1772 33
1774 41
1774 42
1774 43
1774 44
1775 28
1776 51
1776 52
1776 53
1777 37
1777 38
1777 39
1777 40
1779 47
1779 48
1779 49
1780 33
1780 34
1780 35
1782 42
1782 43
1782 44
1782 45
1783 29
1783 30
1783 31
1784 53
1784 54
1784 55
1785 38
1785 39
1785 40
1785 41
1787 48
1787 49
1787 50
1787 51
1788 34
1788 35
1788 36
1788 37
1790 44
1790 45
1790 46
1790 47
1791 30
1791 31
1791 32
1791 33
1792 55
1792 56
1793 40
1793 41
1793 42
1793 43
1794 27
1794 28
1795 50
1795 51
1795 52
1795 53
1796 36
1796 37
1796 38
1796 39
1798 46
1798 47
1798 48
1798 49
1799 32
1799 33
1799 34
1799 35
1800 57
1801 41
1801 42
1801 43
1801 44
1801 45
1802 28
1802 29
1802 30
1803 52
1803 53
1803 54
1804 37
1804 38
1804 39
1804 40
1804 41
1805 25
1806 47
1806 48
1806 49
1806 50
1806 51
1807 33
1807 34
1807 35
1807 36
1807 37
1809 43
1809 44
1809 45
1809 46
1809 47
1810 29
1810 30
1810 31
1810 32
1811 54
1811 55
1811 56
1812 39
1812 40
1812 41
1812 42
1812 43
1813 26
1813 27
1813 28
1814 49
1814 50
1814 51
1814 52
1815 35
1815 36
1815 37
1815 38
1817 45
1817 46
1817 47
1817 48
1818 31
1818 32
1818 33
1818 34
1819 56
1819 57
1820 40
1820 41
1820 42
1820 43
1820 44
1821 27
1821 28
1821 29
1821 30
1822 51
1822 52
1822 53
1822 54
1823 36
1823 37
1823 38
1823 39
1823 40
1824 24
1824 25
1825 46
1825 47
1825 48
1825 49
1825 50
1826 32
1826 33
1826 34
1826 35
1826 36
1827 58
1828 42
1828 43
1828 44
1828 45
1828 46
1829 28
1829 29
1829 30
1829 31
1829 32
1830 53
1830 54
1830 55
1831 38
1831 39
1831 40
1831 41
1831 42
1832 25
1832 26
1832 27
1833 48
1833 49
1833 50
1833 51
1833 52
1834 34
1834 35
1834 36
1834 37
1834 38
1836 44
1836 45
1836 46
1836 47
1836 48
1837 30
1837 31
1837 32
1837 33
1837 34
1838 55
1838 56
1838 57
1839 39
1839 40
1839 41
1839 42
1839 43
1839 44
1840 26
1840 27
1840 28
1840 29
1841 50
1841 51
1841 52
1841 53
1842 35
1842 36
1842 37
1842 38
1842 39
1842 40
1843 23
1843 24
1844 45
1844 46
1844 47
1844 48
1844 49
1845 31
1845 32
1845 33
1845 34
1845 35
1846 57
1846 58
1847 41
1847 42
1847 43
1847 44
1847 45
1848 27
1848 28
1848 29
1848 30
1848 31
1849 52
1849 53
1849 54
1849 55
1850 37
1850 38
1850 39
1850 40
1850 41
1851 24
1851 25
1851 26
1852 47
1852 48
1852 49
1852 50
1852 51
1853 33
1853 34
1853 35
1853 36
1853 37
1854 21
1854 59
1855 43
1855 44
1855 45
1855 46
1855 47
1856 29
1856 30
1856 31
1856 32
1856 33
1857 54
1857 55
1857 56
1858 39
1858 40
1858 41
1858 42
1858 43
1859 25
1859 26
1859 27
1859 28
1860 49
1860 50
1860 51
1860 52
1860 53
1861 34
1861 35
1861 36
1861 37
1861 38
1861 39
1862 22
1862 23
1862 24
1863 45
1863 46
1863 47
1863 48
1863 49
1864 30
1864 31
1864 32
1864 33
1864 34
1864 35
1865 56
1865 57
1866 40
1866 41
1866 42
1866 43
1866 44
1866 45
1867 27
1867 28
1867 29
1867 30
1868 51
1868 52
1868 53
1868 54
1869 36
1869 37
1869 38
1869 39
1869 40
1869 41
1870 23
1870 24
1870 25
1870 26
1871 46
1871 47
1871 48
1871 49
1871 50
1872 32
1872 33
1872 34
1872 35
1872 36
1872 37
1873 20
1873 21
1873 58
1873 59
1874 42
1874 43
1874 44
1874 45
1874 46
1874 47
1875 28
1875 29
1875 30
1875 31
1875 32
1876 53
1876 54
1876 55
1876 56
1877 38
1877 39
1877 40
1877 41
1877 42
1878 24
1878 25
1878 26
1878 27
1878 28
1879 48
1879 49
1879 50
1879 51
1879 52
1880 34
1880 35
1880 36
1880 37
1880 38
1881 21
1881 22
1881 23
1882 44
1882 45
1882 46
1882 47
1882 48
1883 30
1883 31
1883 32
1883 33
1883 34
1884 55
1884 56
1884 57
1885 39
1885 40
1885 41
1885 42
1885 43
1885 44
1886 26
1886 27
1886 28
1886 29
1886 30
1887 50
1887 51
1887 52
1887 53
1887 54
1888 35
1888 36
1888 37
1888 38
1888 39
1888 40
1889 22
1889 23
1889 24
1889 25
1890 46
1890 47
1890 48
1890 49
1890 50
1891 31
1891 32
1891 33
1891 34
1891 35
1891 36
1892 19
1892 20
1892 57
1892 58
1893 41
1893 42
1893 43
1893 44
1893 45
1893 46
1894 27
1894 28
1894 29
1894 30
1894 31
1894 32
1895 52
1895 53
1895 54
1895 55
1896 37
1896 38
1896 39
1896 40
1896 41
1896 42
1897 23
1897 24
1897 25
1897 26
1897 27
1898 47
1898 48
1898 49
1898 50
1898 51
1899 33
1899 34
1899 35
1899 36
1899 37
1899 38
1900 20
1900 21
1900 22
1900 59
1901 43
1901 44
1901 45
1901 46
1901 47
1902 29
1902 30
1902 31
1902 32
1902 33
1903 54
1903 55
1903 56
1904 39
1904 40
1904 41
1904 42
1904 43
1904 44
1905 25
1905 26
1905 27
1905 28
1905 29
1906 49
1906 50
1906 51
1906 52
1906 53
1907 35
1907 36
1907 37
1907 38
1907 39
1908 21
1908 22
1908 23
1908 24
1909 45
1909 46
1909 47
1909 48
1909 49
1910 30
1910 31
1910 32
1910 33
1910 34
1910 35
1911 18
1911 19
1911 56
1911 57
1911 58
1912 40
1912 41
1912 42
1912 43
1912 44
1912 45
1913 27
1913 28
1913 29
1913 30
1913 31
1914 51
1914 52
1914 53
1914 54
1915 36
1915 37
1915 38
1915 39
1915 40
1915 41
1916 23
1916 24
1916 25
1916 26
1917 47
1917 48
1917 49
1917 50
1917 51
1918 32
1918 33
1918 34
1918 35
1918 36
1918 37
1919 19
1919 20
1919 21
1919 58
1919 59
1920 42
1920 43
1920 44
1920 45
1920 46
1920 47
1921 28
1921 29
1921 30
1921 31
1921 32
1921 33
1922 53
1922 54
1922 55
1922 56
1923 38
1923 39
1923 40
1923 41
1923 42
1923 43
1924 24
1924 25
1924 26
1924 27
1924 28
1925 48
1925 49
1925 50
1925 51
1925 52
1926 34
1926 35
1926 36
1926 37
1926 38
1926 39
1927 21
1927 22
1927 23
1928 44
1928 45
1928 46
1928 47
1928 48
1929 30
1929 31
1929 32
1929 33
1929 34
1930 17
1930 18
1930 55
1930 56
1930 57
1931 40
1931 41
1931 42
1931 43
1931 44
1932 26
1932 27
1932 28
1932 29
1932 30
1933 50
1933 51
1933 52
1933 53
1933 54
1934 35
1934 36
1934 37
1934 38
1934 39
1934 40
1935 22
1935 23
1935 24
1935 25
1936 46
1936 47
1936 48
1936 49
1936 50
1937 31
1937 32
1937 33
1937 34
1937 35
1937 36
1938 19
1938 20
1938 21
1938 57
1938 58
1939 41
1939 42
1939 43
1939 44
1939 45
1939 46
1940 27
1940 28
1940 29
1940 30
1940 31
1940 32
1941 52
1941 53
1941 54
1941 55
1942 37
1942 38
1942 39
1942 40
1942 41
1942 42
1943 23
1943 24
1943 25
1943 26
1943 27
1944 48
1944 49
1944 50
1944 51
1944 52
1945 33
1945 34
1945 35
1945 36
1945 37
1945 38
1946 20
1946 21
1946 22
1946 23
1947 43
1947 44
1947 45
1947 46
1947 47
1947 48
1948 29
1948 30
1948 31
1948 32
1948 33
1948 34
1949 17
1949 54
1949 55
1949 56
1950 39
1950 40
1950 41
1950 42
1950 43
1950 44
1951 25
1951 26
1951 27
1951 28
1951 29
1952 50
1952 51
1952 52
1952 53
1953 35
1953 36
1953 37
1953 38
1953 39
1953 40
1954 21
1954 22
1954 23
1954 24
1954 25
1955 45
1955 46
1955 47
1955 48
1955 49
1956 31
1956 32
1956 33
1956 34
1956 35
1957 18
1957 19
1957 20
1957 57
1957 58
1958 41
1958 42
1958 43
1958 44
1958 45
1959 27
1959 28
1959 29
1959 30
1959 31
1960 51
1960 52
1960 53
1960 54
1961 36
1961 37
1961 38
1961 39
1961 40
1961 41
1962 23
1962 24
1962 25
1962 26
1962 27
1963 47
1963 48
1963 49
1963 50
1963 51
1964 32
1964 33
1964 34
1964 35
1964 36
1964 37
1965 19
1965 20
1965 21
1965 22
1966 42
1966 43
1966 44
1966 45
1966 46
1966 47
1967 28
1967 29
1967 30
1967 31
1967 32
1967 33
1968 54
1968 55
1968 56
1969 38
1969 39
1969 40
1969 41
1969 42
1969 43
1970 24
1970 25
1970 26
1970 27
1970 28
1971 49
1971 50
1971 51
1971 52
1972 34
1972 35
1972 36
1972 37
1972 38
1972 39
1973 21
1973 22
1973 23
1973 24
1974 44
1974 45
1974 46
1974 47
1974 48
1974 49
1975 30
1975 31
1975 32
1975 33
1975 34
1975 35
1976 17
1976 18
1976 19
1976 56
1976 57
1977 40
1977 41
1977 42
1977 43
1977 44
1977 45
1978 26
1978 27
1978 28
1978 29
1978 30
1979 51
1979 52
1979 53
1979 54
1980 36
1980 37
1980 38
1980 39
1980 40
1980 41
1981 22
1981 23
1981 24
1981 25
1981 26
1982 46
1982 47
1982 48
1982 49
1982 50
1983 32
1983 33
1983 34
1983 35
1983 36
1984 19
1984 20
1984 21
1985 42
1985 43
1985 44
1985 45
1985 46
1986 28
1986 29
1986 30
1986 31
1986 32
1987 53
1987 54
1987 55
1988 38
1988 39
1988 40
1988 41
1988 42
1989 24
1989 25
1989 26
1989 27
1989 28
1990 48
1990 49
1990 50
1990 51
1991 33
1991 34
1991 35
1991 36
1991 37
1991 38
1992 20
1992 21
1992 22
1992 23
1993 44
1993 45
1993 46
1993 47
1993 48
1994 29
1994 30
1994 31
1994 32
1994 33
1994 34
1995 17
1995 55
1995 56
1996 39
1996 40
1996 41
1996 42
1996 43
1996 44
1997 25
1997 26
1997 27
1997 28
1997 29
1998 50
1998 51
1998 52
1998 53
1999 35
1999 36
1999 37
1999 38
1999 39
1999 40
2000 22
2000 23
2000 24
2000 25
2001 46
2001 47
2001 48
2001 49
2002 31
2002 32
2002 33
2002 34
2002 35
2003 18
2003 19
2003 20
2004 41
2004 42
2004 43
2004 44
2004 45
2005 27
2005 28
2005 29
2005 30
2005 31
2006 52
2006 53
2006 54
2007 37
2007 38
2007 39
2007 40
2007 41
2008 23
2008 24
2008 25
2008 26
2008 27
2009 48
2009 49
2009 50
2009 51
2010 33
2010 34
2010 35
2010 36
2010 37
2011 20
2011 21
2011 22
2012 43
2012 44
2012 45
2012 46
2012 47
2013 29
2013 30
2013 31
2013 32
2013 33
2014 55
2015 39
2015 40
2015 41
2015 42
2015 43
2016 25
2016 26
2016 27
2016 28
2017 50
2017 51
2017 52
2018 34
2018 35
2018 36
2018 37
2018 38
2018 39
2019 21
2019 22
2019 23
2019 24
2020 45
2020 46
2020 47
2020 48
2021 30
2021 31
2021 32
2021 33
2021 34
2021 35
2022 18
2023 41
2023 42
2023 43
2023 44
2023 45
2024 26
2024 27
2024 28
2024 29
2024 30
2025 52
2025 53
2026 36
2026 37
2026 38
2026 39
2026 40
2027 23
2027 24
2027 25
2027 26
2028 47
2028 48
2028 49
2028 50
2029 32
2029 33
2029 34
2029 35
2029 36
2030 19
2030 20
2030 21
2031 42
2031 43
2031 44
2031 45
2031 46
2032 28
2032 29
2032 30
2032 31
2032 32
2034 38
2034 39
2034 40
2034 41
2034 42
2035 24
2035 25
2035 26
2035 27
2036 49
2036 50
2036 51
2037 34
2037 35
2037 36
2037 37
2037 38
2038 21
2038 22
2038 23
2039 44
2039 45
2039 46
2039 47
2039 48
2040 30
2040 31
2040 32
2040 33
2040 34
2042 40
2042 41
2042 42
2042 43
2042 44
2043 26
2043 27
2043 28
2043 29
2044 51
2044 52
2045 36
2045 37
2045 38
2045 39
2045 40
2046 22
2046 23
2046 24
2046 25
2047 46
2047 47
2047 48
2047 49
2048 32
2048 33
2048 34
2048 35
2049 19
2050 42
2050 43
2050 44
2050 45
2051 28
2051 29
2051 30
2051 31
2053 38
2053 39
2053 40
2053 41
2054 24
2054 25
2054 26
2055 49
2055 50
2056 33
2056 34
2056 35
2056 36
2056 37
2057 20
2057 21
2058 44
2058 45
2058 46
2058 47
2059 29
2059 30
2059 31
2059 32
2059 33
2061 40
2061 41
2061 42
2061 43
2062 26
2062 27
2062 28
2064 35
2064 36
2064 37
2064 38
2064 39
2065 22
2065 23
2066 46
2066 47
2066 48
2067 31
2067 32
2067 33
2067 34
2069 41
2069 42
2069 43
2069 44
2070 27
2070 28
2070 29
2070 30
2072 37
2072 38
2072 39
2072 40
2073 24
2073 25
2074 49
2075 33
2075 34
2075 35
2075 36
2077 44
2077 45
2078 29
2078 30
2078 31
2078 32
2080 39
2080 40
2080 41
2080 42
2081 25
2081 26
2081 27
2083 35
2083 36
2083 37
2083 38
2085 46
2085 47
2086 31
2086 32
2086 33
2088 41
2088 42
2088 43
2089 27
2089 28
2089 29
2091 37
2091 38
2091 39
2094 33
2094 34
2094 35
2096 43
2096 44
2097 29
2097 30
2099 39
2099 40
2102 35
2102 36
2105 31
2105 32
2107 41
2107 42
2110 37
2110 38
2113 33
