2405 136
2406 129
2406 130
2407 123
2407 124
2408 117
2411 136
2411 137
2411 138
2412 130
2412 131
2412 132
2413 123
2413 124
2413 125
2414 117
2414 118
2414 119
2415 112
2416 144
2417 137
2417 138
2417 139
2418 130
2418 131
2418 132
2418 133
2419 124
2419 125
2419 126
2419 127
2420 118
2420 119
2420 120
2421 112
2421 113
2421 114
2422 145
2422 146
2423 138
2423 139
2423 140
2424 131
2424 132
2424 133
2424 134
2425 125
2425 126
2425 127
2425 128
2426 119
2426 120
2426 121
2426 122
2427 113
2427 114
2427 115
2428 107
2428 108
2428 109
2428 146
2428 147
2429 139
2429 140
2429 141
2429 142
2430 132
2430 133
2430 134
2430 135
2430 136
2431 126
2431 127
2431 128
2431 129
2431 130
2432 120
2432 121
2432 122
2432 123
2433 114
2433 115
2433 116
2433 117
2434 108
2434 109
2434 110
2434 147
2434 148
2434 149
2435 102
2435 103
2435 140
2435 141
2435 142
2435 143
2436 133
2436 134
2436 135
2436 136
2436 137
2437 127
2437 128
2437 129
2437 130
2437 131
2438 120
2438 121
2438 122
2438 123
2438 124
2438 125
2439 114
2439 115
2439 116
2439 117
2439 118
2440 108
2440 109
2440 110
2440 111
2440 112
2440 147
2440 148
2440 149
2440 150
2441 103
2441 104
2441 105
2441 141
2441 142
2441 143
2441 144
2442 134
2442 135
2442 136
2442 137
2442 138
2443 128
2443 129
2443 130
2443 131
2443 132
2444 121
2444 122
2444 123
2444 124
2444 125
2444 126
2445 115
2445 116
2445 117
2445 118
2445 119
2446 109
2446 110
2446 111
2446 112
2446 113
2446 148
2446 149
2446 150
2446 151
2447 103
2447 104
2447 105
2447 106
2447 142
2447 143
2447 144
2447 145
2448 98
2448 99
2448 100
2448 135
2448 136
2448 137
2448 138
2448 139
2449 129
2449 130
2449 131
2449 132
2449 133
2450 122
2450 123
2450 124
2450 125
2450 126
2450 127
2451 116
2451 117
2451 118
2451 119
2451 120
2451 121
2452 110
2452 111
2452 112
2452 113
2452 114
2452 149
2452 150
2452 151
2452 152
2453 104
2453 105
2453 106
2453 107
2453 108
2453 143
2453 144
2453 145
2453 146
2453 147
2454 99
2454 100
2454 101
2454 136
2454 137
2454 138
2454 139
2454 140
2454 141
2455 93
2455 94
2455 130
2455 131
2455 132
2455 133
2455 134
2455 135
2456 123
2456 124
2456 125
2456 126
2456 127
2456 128
2457 117
2457 118
2457 119
2457 120
2457 121
2457 122
2458 111
2458 112
2458 113
2458 114
2458 115
2458 116
2458 151
2458 152
2458 153
2459 105
2459 106
2459 107
2459 108
2459 109
2459 144
2459 145
2459 146
2459 147
2459 148
2460 99
2460 100
2460 101
2460 102
2460 103
2460 137
2460 138
2460 139
2460 140
2460 141
2460 142
2461 94
2461 95
2461 96
2461 130
2461 131
2461 132
2461 133
2461 134
2461 135
2461 136
2462 124
2462 125
2462 126
2462 127
2462 128
2462 129
2462 130
2463 118
2463 119
2463 120
2463 121
2463 122
2463 123
2464 112
2464 113
2464 114
2464 115
2464 116
2464 117
2464 152
2464 153
2464 154
2465 106
2465 107
2465 108
2465 109
2465 110
2465 145
2465 146
2465 147
2465 148
2465 149
2466 100
2466 101
2466 102
2466 103
2466 104
2466 138
2466 139
2466 140
2466 141
2466 142
2466 143
2467 94
2467 95
2467 96
2467 97
2467 131
2467 132
2467 133
2467 134
2467 135
2467 136
2467 137
2468 89
2468 90
2468 125
2468 126
2468 127
2468 128
2468 129
2468 130
2468 131
2469 119
2469 120
2469 121
2469 122
2469 123
2469 124
2469 125
2470 113
2470 114
2470 115
2470 116
2470 117
2470 118
2470 153
2470 154
2470 155
2470 156
2471 107
2471 108
2471 109
2471 110
2471 111
2471 112
2471 146
2471 147
2471 148
2471 149
2471 150
2472 101
2472 102
2472 103
2472 104
2472 105
2472 139
2472 140
2472 141
2472 142
2472 143
2472 144
2473 95
2473 96
2473 97
2473 98
2473 99
2473 132
2473 133
2473 134
2473 135
2473 136
2473 137
2473 138
2474 90
2474 91
2474 92
2474 126
2474 127
2474 128
2474 129
2474 130
2474 131
2474 132
2475 120
2475 121
2475 122
2475 123
2475 124
2475 125
2475 126
2476 114
2476 115
2476 116
2476 117
2476 118
2476 119
2476 154
2476 155
2476 156
2476 157
2477 108
2477 109
2477 110
2477 111
2477 112
2477 113
2477 147
2477 148
2477 149
2477 150
2477 151
2478 102
2478 103
2478 104
2478 105
2478 106
2478 107
2478 140
2478 141
2478 142
2478 143
2478 144
2478 145
2479 96
2479 97
2479 98
2479 99
2479 100
2479 133
2479 134
2479 135
2479 136
2479 137
2479 138
2479 139
2480 90
2480 91
2480 92
2480 93
2480 127
2480 128
2480 129
2480 130
2480 131
2480 132
2480 133
2481 85
2481 86
2481 121
2481 122
2481 123
2481 124
2481 125
2481 126
2481 127
2482 115
2482 116
2482 117
2482 118
2482 119
2482 120
2482 121
2482 155
2482 156
2482 157
2482 158
2483 109
2483 110
2483 111
2483 112
2483 113
2483 114
2483 148
2483 149
2483 150
2483 151
2483 152
2484 103
2484 104
2484 105
2484 106
2484 107
2484 108
2484 141
2484 142
2484 143
2484 144
2484 145
2484 146
2485 97
2485 98
2485 99
2485 100
2485 101
2485 135
2485 136
2485 137
2485 138
2485 139
2485 140
2486 91
2486 92
2486 93
2486 94
2486 95
2486 128
2486 129
2486 130
2486 131
2486 132
2486 133
2486 134
2487 86
2487 87
2487 88
2487 122
2487 123
2487 124
2487 125
2487 126
2487 127
2487 128
2488 116
2488 117
2488 118
2488 119
2488 120
2488 121
2488 122
2488 156
2488 157
2488 158
2488 159
2489 109
2489 110
2489 111
2489 112
2489 113
2489 114
2489 115
2489 149
2489 150
2489 151
2489 152
2489 153
2490 103
2490 104
2490 105
2490 106
2490 107
2490 108
2490 109
2490 142
2490 143
2490 144
2490 145
2490 146
2490 147
2490 148
2491 98
2491 99
2491 100
2491 101
2491 102
2491 103
2491 136
2491 137
2491 138
2491 139
2491 140
2491 141
2491 142
2492 92
2492 93
2492 94
2492 95
2492 96
2492 129
2492 130
2492 131
2492 132
2492 133
2492 134
2492 135
2492 136
2493 86
2493 87
2493 88
2493 89
2493 123
2493 124
2493 125
2493 126
2493 127
2493 128
2493 129
2494 81
2494 82
2494 117
2494 118
2494 119
2494 120
2494 121
2494 122
2494 123
2494 157
2494 158
2494 159
2494 160
2495 110
2495 111
2495 112
2495 113
2495 114
2495 115
2495 116
2495 117
2495 150
2495 151
2495 152
2495 153
2495 154
2496 104
2496 105
2496 106
2496 107
2496 108
2496 109
2496 110
2496 143
2496 144
2496 145
2496 146
2496 147
2496 148
2496 149
2497 98
2497 99
2497 100
2497 101
2497 102
2497 103
2497 104
2497 137
2497 138
2497 139
2497 140
2497 141
2497 142
2497 143
2498 93
2498 94
2498 95
2498 96
2498 97
2498 130
2498 131
2498 132
2498 133
2498 134
2498 135
2498 136
2498 137
2499 87
2499 88
2499 89
2499 90
2499 91
2499 124
2499 125
2499 126
2499 127
2499 128
2499 129
2499 130
2500 82
2500 83
2500 84
2500 118
2500 119
2500 120
2500 121
2500 122
2500 123
2500 124
2500 158
2500 159
2500 160
2500 161
2501 111
2501 112
2501 113
2501 114
2501 115
2501 116
2501 117
2501 118
2501 151
2501 152
2501 153
2501 154
2501 155
2501 156
2502 105
2502 106
2502 107
2502 108
2502 109
2502 110
2502 111
2502 112
2502 144
2502 145
2502 146
2502 147
2502 148
2502 149
2502 150
2503 99
2503 100
2503 101
2503 102
2503 103
2503 104
2503 105
2503 138
2503 139
2503 140
2503 141
2503 142
2503 143
2503 144
2504 94
2504 95
2504 96
2504 97
2504 98
2504 99
2504 131
2504 132
2504 133
2504 134
2504 135
2504 136
2504 137
2504 138
2505 88
2505 89
2505 90
2505 91
2505 92
2505 125
2505 126
2505 127
2505 128
2505 129
2505 130
2505 131
2505 132
2506 82
2506 83
2506 84
2506 85
2506 119
2506 120
2506 121
2506 122
2506 123
2506 124
2506 125
2506 160
2506 161
2506 162
2507 77
2507 78
2507 112
2507 113
2507 114
2507 115
2507 116
2507 117
2507 118
2507 119
2507 152
2507 153
2507 154
2507 155
2507 156
2507 157
2508 106
2508 107
2508 108
2508 109
2508 110
2508 111
2508 112
2508 113
2508 145
2508 146
2508 147
2508 148
2508 149
2508 150
2508 151
2509 100
2509 101
2509 102
2509 103
2509 104
2509 105
2509 106
2509 139
2509 140
2509 141
2509 142
2509 143
2509 144
2509 145
2510 94
2510 95
2510 96
2510 97
2510 98
2510 99
2510 100
2510 132
2510 133
2510 134
2510 135
2510 136
2510 137
2510 138
2510 139
2511 89
2511 90
2511 91
2511 92
2511 93
2511 126
2511 127
2511 128
2511 129
2511 130
2511 131
2511 132
2511 133
2512 83
2512 84
2512 85
2512 86
2512 87
2512 120
2512 121
2512 122
2512 123
2512 124
2512 125
2512 126
2512 127
2512 161
2512 162
2512 163
2513 78
2513 79
2513 80
2513 113
2513 114
2513 115
2513 116
2513 117
2513 118
2513 119
2513 120
2513 153
2513 154
2513 155
2513 156
2513 157
2513 158
2514 107
2514 108
2514 109
2514 110
2514 111
2514 112
2514 113
2514 114
2514 146
2514 147
2514 148
2514 149
2514 150
2514 151
2514 152
2515 101
2515 102
2515 103
2515 104
2515 105
2515 106
2515 107
2515 108
2515 140
2515 141
2515 142
2515 143
2515 144
2515 145
2515 146
2516 95
2516 96
2516 97
2516 98
2516 99
2516 100
2516 101
2516 133
2516 134
2516 135
2516 136
2516 137
2516 138
2516 139
2516 140
2517 90
2517 91
2517 92
2517 93
2517 94
2517 95
2517 127
2517 128
2517 129
2517 130
2517 131
2517 132
2517 133
2517 134
2518 84
2518 85
2518 86
2518 87
2518 88
2518 121
2518 122
2518 123
2518 124
2518 125
2518 126
2518 127
2518 128
2518 162
2518 163
2518 164
2519 78
2519 79
2519 80
2519 81
2519 114
2519 115
2519 116
2519 117
2519 118
2519 119
2519 120
2519 121
2519 154
2519 155
2519 156
2519 157
2519 158
2519 159
2520 73
2520 74
2520 108
2520 109
2520 110
2520 111
2520 112
2520 113
2520 114
2520 115
2520 148
2520 149
2520 150
2520 151
2520 152
2520 153
2521 102
2521 103
2521 104
2521 105
2521 106
2521 107
2521 108
2521 109
2521 141
2521 142
2521 143
2521 144
2521 145
2521 146
2521 147
2522 96
2522 97
2522 98
2522 99
2522 100
2522 101
2522 102
2522 134
2522 135
2522 136
2522 137
2522 138
2522 139
2522 140
2522 141
2523 90
2523 91
2523 92
2523 93
2523 94
2523 95
2523 96
2523 128
2523 129
2523 130
2523 131
2523 132
2523 133
2523 134
2523 135
2524 85
2524 86
2524 87
2524 88
2524 89
2524 122
2524 123
2524 124
2524 125
2524 126
2524 127
2524 128
2524 129
2524 163
2524 164
2524 165
2525 79
2525 80
2525 81
2525 82
2525 83
2525 115
2525 116
2525 117
2525 118
2525 119
2525 120
2525 121
2525 122
2525 123
2525 156
2525 157
2525 158
2525 159
2525 160
2526 74
2526 75
2526 76
2526 109
2526 110
2526 111
2526 112
2526 113
2526 114
2526 115
2526 116
2526 149
2526 150
2526 151
2526 152
2526 153
2526 154
2527 103
2527 104
2527 105
2527 106
2527 107
2527 108
2527 109
2527 110
2527 142
2527 143
2527 144
2527 145
2527 146
2527 147
2527 148
2528 97
2528 98
2528 99
2528 100
2528 101
2528 102
2528 103
2528 104
2528 135
2528 136
2528 137
2528 138
2528 139
2528 140
2528 141
2528 142
2529 91
2529 92
2529 93
2529 94
2529 95
2529 96
2529 97
2529 129
2529 130
2529 131
2529 132
2529 133
2529 134
2529 135
2529 136
2530 86
2530 87
2530 88
2530 89
2530 90
2530 91
2530 123
2530 124
2530 125
2530 126
2530 127
2530 128
2530 129
2530 130
2530 165
2531 80
2531 81
2531 82
2531 83
2531 84
2531 116
2531 117
2531 118
2531 119
2531 120
2531 121
2531 122
2531 123
2531 124
2531 157
2531 158
2531 159
2531 160
2531 161
2532 74
2532 75
2532 76
2532 77
2532 110
2532 111
2532 112
2532 113
2532 114
2532 115
2532 116
2532 117
2532 150
2532 151
2532 152
2532 153
2532 154
2532 155
2533 69
2533 70
2533 104
2533 105
2533 106
2533 107
2533 108
2533 109
2533 110
2533 111
2533 143
2533 144
2533 145
2533 146
2533 147
2533 148
2533 149
2534 98
2534 99
2534 100
2534 101
2534 102
2534 103
2534 104
2534 105
2534 136
2534 137
2534 138
2534 139
2534 140
2534 141
2534 142
2534 143
2535 92
2535 93
2535 94
2535 95
2535 96
2535 97
2535 98
2535 130
2535 131
2535 132
2535 133
2535 134
2535 135
2535 136
2535 137
2536 86
2536 87
2536 88
2536 89
2536 90
2536 91
2536 92
2536 124
2536 125
2536 126
2536 127
2536 128
2536 129
2536 130
2536 131
2537 81
2537 82
2537 83
2537 84
2537 85
2537 117
2537 118
2537 119
2537 120
2537 121
2537 122
2537 123
2537 124
2537 125
2537 158
2537 159
2537 160
2537 161
2537 162
2538 75
2538 76
2538 77
2538 78
2538 79
2538 111
2538 112
2538 113
2538 114
2538 115
2538 116
2538 117
2538 118
2538 119
2538 151
2538 152
2538 153
2538 154
2538 155
2538 156
2539 70
2539 71
2539 72
2539 105
2539 106
2539 107
2539 108
2539 109
2539 110
2539 111
2539 112
2539 144
2539 145
2539 146
2539 147
2539 148
2539 149
2539 150
2539 151
2540 99
2540 100
2540 101
2540 102
2540 103
2540 104
2540 105
2540 106
2540 138
2540 139
2540 140
2540 141
2540 142
2540 143
2540 144
2540 145
2541 93
2541 94
2541 95
2541 96
2541 97
2541 98
2541 99
2541 100
2541 131
2541 132
2541 133
2541 134
2541 135
2541 136
2541 137
2541 138
2542 87
2542 88
2542 89
2542 90
2542 91
2542 92
2542 93
2542 125
2542 126
2542 127
2542 128
2542 129
2542 130
2542 131
2542 132
2543 82
2543 83
2543 84
2543 85
2543 86
2543 87
2543 118
2543 119
2543 120
2543 121
2543 122
2543 123
2543 124
2543 125
2543 126
2543 159
2543 160
2543 161
2543 162
2543 163
2544 76
2544 77
2544 78
2544 79
2544 80
2544 112
2544 113
2544 114
2544 115
2544 116
2544 117
2544 118
2544 119
2544 120
2544 152
2544 153
2544 154
2544 155
2544 156
2544 157
2545 71
2545 72
2545 73
2545 106
2545 107
2545 108
2545 109
2545 110
2545 111
2545 112
2545 113
2545 145
2545 146
2545 147
2545 148
2545 149
2545 150
2545 151
2545 152
2546 66
2546 100
2546 101
2546 102
2546 103
2546 104
2546 105
2546 106
2546 107
2546 139
2546 140
2546 141
2546 142
2546 143
2546 144
2546 145
2546 146
2547 94
2547 95
2547 96
2547 97
2547 98
2547 99
2547 100
2547 101
2547 132
2547 133
2547 134
2547 135
2547 136
2547 137
2547 138
2547 139
2547 140
2548 88
2548 89
2548 90
2548 91
2548 92
2548 93
2548 94
2548 126
2548 127
2548 128
2548 129
2548 130
2548 131
2548 132
2548 133
2549 83
2549 84
2549 85
2549 86
2549 87
2549 88
2549 119
2549 120
2549 121
2549 122
2549 123
2549 124
2549 125
2549 126
2549 127
2549 161
2549 162
2549 163
2549 164
2550 77
2550 78
2550 79
2550 80
2550 81
2550 113
2550 114
2550 115
2550 116
2550 117
2550 118
2550 119
2550 120
2550 121
2550 153
2550 154
2550 155
2550 156
2550 157
2550 158
2551 71
2551 72
2551 73
2551 74
2551 75
2551 107
2551 108
2551 109
2551 110
2551 111
2551 112
2551 113
2551 114
2551 115
2551 146
2551 147
2551 148
2551 149
2551 150
2551 151
2551 152
2551 153
2552 66
2552 67
2552 68
2552 101
2552 102
2552 103
2552 104
2552 105
2552 106
2552 107
2552 108
2552 140
2552 141
2552 142
2552 143
2552 144
2552 145
2552 146
2552 147
2553 95
2553 96
2553 97
2553 98
2553 99
2553 100
2553 101
2553 102
2553 133
2553 134
2553 135
2553 136
2553 137
2553 138
2553 139
2553 140
2553 141
2554 89
2554 90
2554 91
2554 92
2554 93
2554 94
2554 95
2554 96
2554 127
2554 128
2554 129
2554 130
2554 131
2554 132
2554 133
2554 134
2554 135
2555 83
2555 84
2555 85
2555 86
2555 87
2555 88
2555 89
2555 120
2555 121
2555 122
2555 123
2555 124
2555 125
2555 126
2555 127
2555 128
2555 162
2555 163
2555 164
2555 165
2556 78
2556 79
2556 80
2556 81
2556 82
2556 83
2556 114
2556 115
2556 116
2556 117
2556 118
2556 119
2556 120
2556 121
2556 122
2556 154
2556 155
2556 156
2556 157
2556 158
2556 159
2557 72
2557 73
2557 74
2557 75
2557 76
2557 108
2557 109
2557 110
2557 111
2557 112
2557 113
2557 114
2557 115
2557 116
2557 148
2557 149
2557 150
2557 151
2557 152
2557 153
2557 154
2558 67
2558 68
2558 69
2558 102
2558 103
2558 104
2558 105
2558 106
2558 107
2558 108
2558 109
2558 141
2558 142
2558 143
2558 144
2558 145
2558 146
2558 147
2558 148
2559 62
2559 96
2559 97
2559 98
2559 99
2559 100
2559 101
2559 102
2559 103
2559 134
2559 135
2559 136
2559 137
2559 138
2559 139
2559 140
2559 141
2559 142
2560 90
2560 91
2560 92
2560 93
2560 94
2560 95
2560 96
2560 97
2560 128
2560 129
2560 130
2560 131
2560 132
2560 133
2560 134
2560 135
2560 136
2561 84
2561 85
2561 86
2561 87
2561 88
2561 89
2561 90
2561 121
2561 122
2561 123
2561 124
2561 125
2561 126
2561 127
2561 128
2561 129
2561 163
2561 164
2561 165
2562 79
2562 80
2562 81
2562 82
2562 83
2562 84
2562 115
2562 116
2562 117
2562 118
2562 119
2562 120
2562 121
2562 122
2562 123
2562 156
2562 157
2562 158
2562 159
2562 160
2563 73
2563 74
2563 75
2563 76
2563 77
2563 109
2563 110
2563 111
2563 112
2563 113
2563 114
2563 115
2563 116
2563 117
2563 149
2563 150
2563 151
2563 152
2563 153
2563 154
2563 155
2564 68
2564 69
2564 70
2564 71
2564 103
2564 104
2564 105
2564 106
2564 107
2564 108
2564 109
2564 110
2564 111
2564 142
2564 143
2564 144
2564 145
2564 146
2564 147
2564 148
2564 149
2565 62
2565 63
2565 64
2565 97
2565 98
2565 99
2565 100
2565 101
2565 102
2565 103
2565 104
2565 135
2565 136
2565 137
2565 138
2565 139
2565 140
2565 141
2565 142
2565 143
2566 91
2566 92
2566 93
2566 94
2566 95
2566 96
2566 97
2566 98
2566 129
2566 130
2566 131
2566 132
2566 133
2566 134
2566 135
2566 136
2566 137
2567 85
2567 86
2567 87
2567 88
2567 89
2567 90
2567 91
2567 123
2567 124
2567 125
2567 126
2567 127
2567 128
2567 129
2567 130
2567 131
2567 165
2567 166
2568 80
2568 81
2568 82
2568 83
2568 84
2568 85
2568 116
2568 117
2568 118
2568 119
2568 120
2568 121
2568 122
2568 123
2568 124
2568 157
2568 158
2568 159
2568 160
2568 161
2569 74
2569 75
2569 76
2569 77
2569 78
2569 79
2569 110
2569 111
2569 112
2569 113
2569 114
2569 115
2569 116
2569 117
2569 118
2569 150
2569 151
2569 152
2569 153
2569 154
2569 155
2569 156
2570 68
2570 69
2570 70
2570 71
2570 72
2570 104
2570 105
2570 106
2570 107
2570 108
2570 109
2570 110
2570 111
2570 112
2570 143
2570 144
2570 145
2570 146
2570 147
2570 148
2570 149
2570 150
2571 63
2571 64
2571 65
2571 98
2571 99
2571 100
2571 101
2571 102
2571 103
2571 104
2571 105
2571 136
2571 137
2571 138
2571 139
2571 140
2571 141
2571 142
2571 143
2571 144
2572 92
2572 93
2572 94
2572 95
2572 96
2572 97
2572 98
2572 99
2572 130
2572 131
2572 132
2572 133
2572 134
2572 135
2572 136
2572 137
2572 138
2573 86
2573 87
2573 88
2573 89
2573 90
2573 91
2573 92
2573 93
2573 124
2573 125
2573 126
2573 127
2573 128
2573 129
2573 130
2573 131
2573 132
2573 166
2573 167
2574 80
2574 81
2574 82
2574 83
2574 84
2574 85
2574 86
2574 117
2574 118
2574 119
2574 120
2574 121
2574 122
2574 123
2574 124
2574 125
2574 158
2574 159
2574 160
2574 161
2574 162
2575 75
2575 76
2575 77
2575 78
2575 79
2575 80
2575 111
2575 112
2575 113
2575 114
2575 115
2575 116
2575 117
2575 118
2575 119
2575 151
2575 152
2575 153
2575 154
2575 155
2575 156
2575 157
2576 69
2576 70
2576 71
2576 72
2576 73
2576 105
2576 106
2576 107
2576 108
2576 109
2576 110
2576 111
2576 112
2576 113
2576 144
2576 145
2576 146
2576 147
2576 148
2576 149
2576 150
2576 151
2577 64
2577 65
2577 66
2577 67
2577 99
2577 100
2577 101
2577 102
2577 103
2577 104
2577 105
2577 106
2577 107
2577 138
2577 139
2577 140
2577 141
2577 142
2577 143
2577 144
2577 145
2578 59
2578 60
2578 93
2578 94
2578 95
2578 96
2578 97
2578 98
2578 99
2578 100
2578 131
2578 132
2578 133
2578 134
2578 135
2578 136
2578 137
2578 138
2578 139
2579 87
2579 88
2579 89
2579 90
2579 91
2579 92
2579 93
2579 94
2579 125
2579 126
2579 127
2579 128
2579 129
2579 130
2579 131
2579 132
2579 133
2580 81
2580 82
2580 83
2580 84
2580 85
2580 86
2580 87
2580 118
2580 119
2580 120
2580 121
2580 122
2580 123
2580 124
2580 125
2580 126
2580 127
2580 159
2580 160
2580 161
2580 162
2580 163
2581 76
2581 77
2581 78
2581 79
2581 80
2581 81
2581 112
2581 113
2581 114
2581 115
2581 116
2581 117
2581 118
2581 119
2581 120
2581 152
2581 153
2581 154
2581 155
2581 156
2581 157
2581 158
2582 70
2582 71
2582 72
2582 73
2582 74
2582 75
2582 106
2582 107
2582 108
2582 109
2582 110
2582 111
2582 112
2582 113
2582 114
2582 145
2582 146
2582 147
2582 148
2582 149
2582 150
2582 151
2582 152
2583 65
2583 66
2583 67
2583 68
2583 100
2583 101
2583 102
2583 103
2583 104
2583 105
2583 106
2583 107
2583 108
2583 139
2583 140
2583 141
2583 142
2583 143
2583 144
2583 145
2583 146
2584 59
2584 60
2584 61
2584 94
2584 95
2584 96
2584 97
2584 98
2584 99
2584 100
2584 101
2584 132
2584 133
2584 134
2584 135
2584 136
2584 137
2584 138
2584 139
2584 140
2585 88
2585 89
2585 90
2585 91
2585 92
2585 93
2585 94
2585 95
2585 126
2585 127
2585 128
2585 129
2585 130
2585 131
2585 132
2585 133
2585 134
2586 82
2586 83
2586 84
2586 85
2586 86
2586 87
2586 88
2586 89
2586 119
2586 120
2586 121
2586 122
2586 123
2586 124
2586 125
2586 126
2586 127
2586 128
2586 161
2586 162
2586 163
2586 164
2587 77
2587 78
2587 79
2587 80
2587 81
2587 82
2587 113
2587 114
2587 115
2587 116
2587 117
2587 118
2587 119
2587 120
2587 121
2587 153
2587 154
2587 155
2587 156
2587 157
2587 158
2587 159
2588 71
2588 72
2588 73
2588 74
2588 75
2588 76
2588 107
2588 108
2588 109
2588 110
2588 111
2588 112
2588 113
2588 114
2588 115
2588 146
2588 147
2588 148
2588 149
2588 150
2588 151
2588 152
2588 153
2589 65
2589 66
2589 67
2589 68
2589 69
2589 101
2589 102
2589 103
2589 104
2589 105
2589 106
2589 107
2589 108
2589 109
2589 140
2589 141
2589 142
2589 143
2589 144
2589 145
2589 146
2589 147
2590 60
2590 61
2590 62
2590 63
2590 95
2590 96
2590 97
2590 98
2590 99
2590 100
2590 101
2590 102
2590 103
2590 133
2590 134
2590 135
2590 136
2590 137
2590 138
2590 139
2590 140
2590 141
2591 55
2591 89
2591 90
2591 91
2591 92
2591 93
2591 94
2591 95
2591 96
2591 127
2591 128
2591 129
2591 130
2591 131
2591 132
2591 133
2591 134
2591 135
2592 83
2592 84
2592 85
2592 86
2592 87
2592 88
2592 89
2592 90
2592 120
2592 121
2592 122
2592 123
2592 124
2592 125
2592 126
2592 127
2592 128
2592 129
2592 162
2592 163
2592 164
2592 165
2593 77
2593 78
2593 79
2593 80
2593 81
2593 82
2593 83
2593 114
2593 115
2593 116
2593 117
2593 118
2593 119
2593 120
2593 121
2593 122
2593 123
2593 155
2593 156
2593 157
2593 158
2593 159
2593 160
2594 72
2594 73
2594 74
2594 75
2594 76
2594 77
2594 108
2594 109
2594 110
2594 111
2594 112
2594 113
2594 114
2594 115
2594 116
2594 148
2594 149
2594 150
2594 151
2594 152
2594 153
2594 154
2595 66
2595 67
2595 68
2595 69
2595 70
2595 102
2595 103
2595 104
2595 105
2595 106
2595 107
2595 108
2595 109
2595 110
2595 141
2595 142
2595 143
2595 144
2595 145
2595 146
2595 147
2595 148
2596 61
2596 62
2596 63
2596 64
2596 96
2596 97
2596 98
2596 99
2596 100
2596 101
2596 102
2596 103
2596 104
2596 134
2596 135
2596 136
2596 137
2596 138
2596 139
2596 140
2596 141
2596 142
2597 56
2597 57
2597 90
2597 91
2597 92
2597 93
2597 94
2597 95
2597 96
2597 97
2597 128
2597 129
2597 130
2597 131
2597 132
2597 133
2597 134
2597 135
2597 136
2598 84
2598 85
2598 86
2598 87
2598 88
2598 89
2598 90
2598 91
2598 122
2598 123
2598 124
2598 125
2598 126
2598 127
2598 128
2598 129
2598 130
2598 163
2598 164
2598 165
2598 166
2599 78
2599 79
2599 80
2599 81
2599 82
2599 83
2599 84
2599 85
2599 115
2599 116
2599 117
2599 118
2599 119
2599 120
2599 121
2599 122
2599 123
2599 124
2599 156
2599 157
2599 158
2599 159
2599 160
2599 161
2600 73
2600 74
2600 75
2600 76
2600 77
2600 78
2600 109
2600 110
2600 111
2600 112
2600 113
2600 114
2600 115
2600 116
2600 117
2600 149
2600 150
2600 151
2600 152
2600 153
2600 154
2600 155
2601 67
2601 68
2601 69
2601 70
2601 71
2601 72
2601 103
2601 104
2601 105
2601 106
2601 107
2601 108
2601 109
2601 110
2601 111
2601 142
2601 143
2601 144
2601 145
2601 146
2601 147
2601 148
2601 149
2602 62
2602 63
2602 64
2602 65
2602 97
2602 98
2602 99
2602 100
2602 101
2602 102
2602 103
2602 104
2602 105
2602 135
2602 136
2602 137
2602 138
2602 139
2602 140
2602 141
2602 142
2602 143
2603 56
2603 57
2603 58
2603 91
2603 92
2603 93
2603 94
2603 95
2603 96
2603 97
2603 98
2603 129
2603 130
2603 131
2603 132
2603 133
2603 134
2603 135
2603 136
2603 137
2604 85
2604 86
2604 87
2604 88
2604 89
2604 90
2604 91
2604 92
2604 123
2604 124
2604 125
2604 126
2604 127
2604 128
2604 129
2604 130
2604 131
2604 165
2604 166
2605 79
2605 80
2605 81
2605 82
2605 83
2605 84
2605 85
2605 86
2605 116
2605 117
2605 118
2605 119
2605 120
2605 121
2605 122
2605 123
2605 124
2605 125
2605 157
2605 158
2605 159
2605 160
2605 161
2605 162
2606 74
2606 75
2606 76
2606 77
2606 78
2606 79
2606 110
2606 111
2606 112
2606 113
2606 114
2606 115
2606 116
2606 117
2606 118
2606 119
2606 150
2606 151
2606 152
2606 153
2606 154
2606 155
2606 156
2607 68
2607 69
2607 70
2607 71
2607 72
2607 73
2607 104
2607 105
2607 106
2607 107
2607 108
2607 109
2607 110
2607 111
2607 112
2607 143
2607 144
2607 145
2607 146
2607 147
2607 148
2607 149
2607 150
2608 63
2608 64
2608 65
2608 66
2608 98
2608 99
2608 100
2608 101
2608 102
2608 103
2608 104
2608 105
2608 106
2608 137
2608 138
2608 139
2608 140
2608 141
2608 142
2608 143
2608 144
2609 57
2609 58
2609 59
2609 60
2609 92
2609 93
2609 94
2609 95
2609 96
2609 97
2609 98
2609 99
2609 100
2609 130
2609 131
2609 132
2609 133
2609 134
2609 135
2609 136
2609 137
2609 138
2610 52
2610 53
2610 86
2610 87
2610 88
2610 89
2610 90
2610 91
2610 92
2610 93
2610 124
2610 125
2610 126
2610 127
2610 128
2610 129
2610 130
2610 131
2610 132
2610 167
2611 80
2611 81
2611 82
2611 83
2611 84
2611 85
2611 86
2611 87
2611 117
2611 118
2611 119
2611 120
2611 121
2611 122
2611 123
2611 124
2611 125
2611 126
2611 158
2611 159
2611 160
2611 161
2611 162
2611 163
2612 75
2612 76
2612 77
2612 78
2612 79
2612 80
2612 81
2612 111
2612 112
2612 113
2612 114
2612 115
2612 116
2612 117
2612 118
2612 119
2612 120
2612 151
2612 152
2612 153
2612 154
2612 155
2612 156
2612 157
2613 69
2613 70
2613 71
2613 72
2613 73
2613 74
2613 105
2613 106
2613 107
2613 108
2613 109
2613 110
2613 111
2613 112
2613 113
2613 144
2613 145
2613 146
2613 147
2613 148
2613 149
2613 150
2613 151
2614 63
2614 64
2614 65
2614 66
2614 67
2614 68
2614 99
2614 100
2614 101
2614 102
2614 103
2614 104
2614 105
2614 106
2614 107
2614 138
2614 139
2614 140
2614 141
2614 142
2614 143
2614 144
2614 145
2615 58
2615 59
2615 60
2615 61
2615 93
2615 94
2615 95
2615 96
2615 97
2615 98
2615 99
2615 100
2615 101
2615 131
2615 132
2615 133
2615 134
2615 135
2615 136
2615 137
2615 138
2615 139
2616 53
2616 54
2616 87
2616 88
2616 89
2616 90
2616 91
2616 92
2616 93
2616 94
2616 125
2616 126
2616 127
2616 128
2616 129
2616 130
2616 131
2616 132
2616 133
2617 81
2617 82
2617 83
2617 84
2617 85
2617 86
2617 87
2617 88
2617 118
2617 119
2617 120
2617 121
2617 122
2617 123
2617 124
2617 125
2617 126
2617 127
2617 160
2617 161
2617 162
2617 163
2618 76
2618 77
2618 78
2618 79
2618 80
2618 81
2618 82
2618 112
2618 113
2618 114
2618 115
2618 116
2618 117
2618 118
2618 119
2618 120
2618 121
2618 152
2618 153
2618 154
2618 155
2618 156
2618 157
2618 158
2619 70
2619 71
2619 72
2619 73
2619 74
2619 75
2619 106
2619 107
2619 108
2619 109
2619 110
2619 111
2619 112
2619 113
2619 114
2619 146
2619 147
2619 148
2619 149
2619 150
2619 151
2619 152
2620 64
2620 65
2620 66
2620 67
2620 68
2620 69
2620 100
2620 101
2620 102
2620 103
2620 104
2620 105
2620 106
2620 107
2620 108
2620 139
2620 140
2620 141
2620 142
2620 143
2620 144
2620 145
2620 146
2621 59
2621 60
2621 61
2621 62
2621 94
2621 95
2621 96
2621 97
2621 98
2621 99
2621 100
2621 101
2621 102
2621 132
2621 133
2621 134
2621 135
2621 136
2621 137
2621 138
2621 139
2621 140
2622 54
2622 55
2622 56
2622 88
2622 89
2622 90
2622 91
2622 92
2622 93
2622 94
2622 95
2622 96
2622 126
2622 127
2622 128
2622 129
2622 130
2622 131
2622 132
2622 133
2622 134
2623 82
2623 83
2623 84
2623 85
2623 86
2623 87
2623 88
2623 89
2623 120
2623 121
2623 122
2623 123
2623 124
2623 125
2623 126
2623 127
2623 128
2623 161
2623 162
2623 163
2623 164
2624 76
2624 77
2624 78
2624 79
2624 80
2624 81
2624 82
2624 83
2624 113
2624 114
2624 115
2624 116
2624 117
2624 118
2624 119
2624 120
2624 121
2624 122
2624 154
2624 155
2624 156
2624 157
2624 158
2624 159
2625 71
2625 72
2625 73
2625 74
2625 75
2625 76
2625 107
2625 108
2625 109
2625 110
2625 111
2625 112
2625 113
2625 114
2625 115
2625 116
2625 147
2625 148
2625 149
2625 150
2625 151
2625 152
2625 153
2626 65
2626 66
2626 67
2626 68
2626 69
2626 70
2626 101
2626 102
2626 103
2626 104
2626 105
2626 106
2626 107
2626 108
2626 109
2626 140
2626 141
2626 142
2626 143
2626 144
2626 145
2626 146
2626 147
2627 60
2627 61
2627 62
2627 63
2627 64
2627 95
2627 96
2627 97
2627 98
2627 99
2627 100
2627 101
2627 102
2627 103
2627 133
2627 134
2627 135
2627 136
2627 137
2627 138
2627 139
2627 140
2627 141
2628 54
2628 55
2628 56
2628 57
2628 89
2628 90
2628 91
2628 92
2628 93
2628 94
2628 95
2628 96
2628 97
2628 127
2628 128
2628 129
2628 130
2628 131
2628 132
2628 133
2628 134
2628 135
2629 50
2629 83
2629 84
2629 85
2629 86
2629 87
2629 88
2629 89
2629 90
2629 121
2629 122
2629 123
2629 124
2629 125
2629 126
2629 127
2629 128
2629 129
2629 163
2629 164
2629 165
2630 77
2630 78
2630 79
2630 80
2630 81
2630 82
2630 83
2630 84
2630 114
2630 115
2630 116
2630 117
2630 118
2630 119
2630 120
2630 121
2630 122
2630 123
2630 155
2630 156
2630 157
2630 158
2630 159
2630 160
2631 72
2631 73
2631 74
2631 75
2631 76
2631 77
2631 78
2631 108
2631 109
2631 110
2631 111
2631 112
2631 113
2631 114
2631 115
2631 116
2631 117
2631 148
2631 149
2631 150
2631 151
2631 152
2631 153
2631 154
2632 66
2632 67
2632 68
2632 69
2632 70
2632 71
2632 102
2632 103
2632 104
2632 105
2632 106
2632 107
2632 108
2632 109
2632 110
2632 141
2632 142
2632 143
2632 144
2632 145
2632 146
2632 147
2632 148
2633 61
2633 62
2633 63
2633 64
2633 65
2633 96
2633 97
2633 98
2633 99
2633 100
2633 101
2633 102
2633 103
2633 104
2633 135
2633 136
2633 137
2633 138
2633 139
2633 140
2633 141
2633 142
2634 55
2634 56
2634 57
2634 58
2634 90
2634 91
2634 92
2634 93
2634 94
2634 95
2634 96
2634 97
2634 98
2634 128
2634 129
2634 130
2634 131
2634 132
2634 133
2634 134
2634 135
2634 136
2635 50
2635 51
2635 84
2635 85
2635 86
2635 87
2635 88
2635 89
2635 90
2635 91
2635 92
2635 122
2635 123
2635 124
2635 125
2635 126
2635 127
2635 128
2635 129
2635 130
2635 164
2635 165
2636 78
2636 79
2636 80
2636 81
2636 82
2636 83
2636 84
2636 85
2636 115
2636 116
2636 117
2636 118
2636 119
2636 120
2636 121
2636 122
2636 123
2636 124
2636 156
2636 157
2636 158
2636 159
2636 160
2636 161
2637 73
2637 74
2637 75
2637 76
2637 77
2637 78
2637 79
2637 109
2637 110
2637 111
2637 112
2637 113
2637 114
2637 115
2637 116
2637 117
2637 118
2637 149
2637 150
2637 151
2637 152
2637 153
2637 154
2637 155
2638 67
2638 68
2638 69
2638 70
2638 71
2638 72
2638 103
2638 104
2638 105
2638 106
2638 107
2638 108
2638 109
2638 110
2638 111
2638 112
2638 142
2638 143
2638 144
2638 145
2638 146
2638 147
2638 148
2638 149
2639 61
2639 62
2639 63
2639 64
2639 65
2639 66
2639 97
2639 98
2639 99
2639 100
2639 101
2639 102
2639 103
2639 104
2639 105
2639 136
2639 137
2639 138
2639 139
2639 140
2639 141
2639 142
2639 143
2640 56
2640 57
2640 58
2640 59
2640 91
2640 92
2640 93
2640 94
2640 95
2640 96
2640 97
2640 98
2640 99
2640 129
2640 130
2640 131
2640 132
2640 133
2640 134
2640 135
2640 136
2640 137
2641 51
2641 52
2641 53
2641 85
2641 86
2641 87
2641 88
2641 89
2641 90
2641 91
2641 92
2641 93
2641 123
2641 124
2641 125
2641 126
2641 127
2641 128
2641 129
2641 130
2641 131
2642 79
2642 80
2642 81
2642 82
2642 83
2642 84
2642 85
2642 86
2642 116
2642 117
2642 118
2642 119
2642 120
2642 121
2642 122
2642 123
2642 124
2642 125
2642 158
2642 159
2642 160
2642 161
2642 162
2643 74
2643 75
2643 76
2643 77
2643 78
2643 79
2643 80
2643 110
2643 111
2643 112
2643 113
2643 114
2643 115
2643 116
2643 117
2643 118
2643 119
2643 150
2643 151
2643 152
2643 153
2643 154
2643 155
2643 156
2644 68
2644 69
2644 70
2644 71
2644 72
2644 73
2644 74
2644 104
2644 105
2644 106
2644 107
2644 108
2644 109
2644 110
2644 111
2644 112
2644 113
2644 144
2644 145
2644 146
2644 147
2644 148
2644 149
2644 150
2645 62
2645 63
2645 64
2645 65
2645 66
2645 67
2645 98
2645 99
2645 100
2645 101
2645 102
2645 103
2645 104
2645 105
2645 106
2645 137
2645 138
2645 139
2645 140
2645 141
2645 142
2645 143
2645 144
2645 145
2646 57
2646 58
2646 59
2646 60
2646 61
2646 92
2646 93
2646 94
2646 95
2646 96
2646 97
2646 98
2646 99
2646 100
2646 130
2646 131
2646 132
2646 133
2646 134
2646 135
2646 136
2646 137
2646 138
2647 52
2647 53
2647 54
2647 86
2647 87
2647 88
2647 89
2647 90
2647 91
2647 92
2647 93
2647 94
2647 124
2647 125
2647 126
2647 127
2647 128
2647 129
2647 130
2647 131
2647 132
2648 80
2648 81
2648 82
2648 83
2648 84
2648 85
2648 86
2648 87
2648 118
2648 119
2648 120
2648 121
2648 122
2648 123
2648 124
2648 125
2648 126
2648 159
2648 160
2648 161
2648 162
2649 75
2649 76
2649 77
2649 78
2649 79
2649 80
2649 81
2649 111
2649 112
2649 113
2649 114
2649 115
2649 116
2649 117
2649 118
2649 119
2649 120
2649 152
2649 153
2649 154
2649 155
2649 156
2649 157
2650 69
2650 70
2650 71
2650 72
2650 73
2650 74
2650 75
2650 105
2650 106
2650 107
2650 108
2650 109
2650 110
2650 111
2650 112
2650 113
2650 114
2650 145
2650 146
2650 147
2650 148
2650 149
2650 150
2650 151
2651 63
2651 64
2651 65
2651 66
2651 67
2651 68
2651 99
2651 100
2651 101
2651 102
2651 103
2651 104
2651 105
2651 106
2651 107
2651 138
2651 139
2651 140
2651 141
2651 142
2651 143
2651 144
2651 145
2651 146
2652 58
2652 59
2652 60
2652 61
2652 62
2652 93
2652 94
2652 95
2652 96
2652 97
2652 98
2652 99
2652 100
2652 101
2652 131
2652 132
2652 133
2652 134
2652 135
2652 136
2652 137
2652 138
2652 139
2652 140
2653 52
2653 53
2653 54
2653 55
2653 87
2653 88
2653 89
2653 90
2653 91
2653 92
2653 93
2653 94
2653 95
2653 125
2653 126
2653 127
2653 128
2653 129
2653 130
2653 131
2653 132
2653 133
2654 47
2654 48
2654 81
2654 82
2654 83
2654 84
2654 85
2654 86
2654 87
2654 88
2654 89
2654 119
2654 120
2654 121
2654 122
2654 123
2654 124
2654 125
2654 126
2654 127
2654 160
2654 161
2654 162
2654 163
2655 76
2655 77
2655 78
2655 79
2655 80
2655 81
2655 82
2655 112
2655 113
2655 114
2655 115
2655 116
2655 117
2655 118
2655 119
2655 120
2655 121
2655 153
2655 154
2655 155
2655 156
2655 157
2655 158
2656 70
2656 71
2656 72
2656 73
2656 74
2656 75
2656 76
2656 106
2656 107
2656 108
2656 109
2656 110
2656 111
2656 112
2656 113
2656 114
2656 115
2656 146
2656 147
2656 148
2656 149
2656 150
2656 151
2656 152
2657 64
2657 65
2657 66
2657 67
2657 68
2657 69
2657 100
2657 101
2657 102
2657 103
2657 104
2657 105
2657 106
2657 107
2657 108
2657 109
2657 139
2657 140
2657 141
2657 142
2657 143
2657 144
2657 145
2657 146
2657 147
2658 59
2658 60
2658 61
2658 62
2658 63
2658 94
2658 95
2658 96
2658 97
2658 98
2658 99
2658 100
2658 101
2658 102
2658 133
2658 134
2658 135
2658 136
2658 137
2658 138
2658 139
2658 140
2658 141
2659 53
2659 54
2659 55
2659 56
2659 88
2659 89
2659 90
2659 91
2659 92
2659 93
2659 94
2659 95
2659 96
2659 126
2659 127
2659 128
2659 129
2659 130
2659 131
2659 132
2659 133
2659 134
2660 48
2660 49
2660 50
2660 82
2660 83
2660 84
2660 85
2660 86
2660 87
2660 88
2660 89
2660 90
2660 120
2660 121
2660 122
2660 123
2660 124
2660 125
2660 126
2660 127
2660 128
2660 162
2660 163
2660 164
2661 76
2661 77
2661 78
2661 79
2661 80
2661 81
2661 82
2661 83
2661 113
2661 114
2661 115
2661 116
2661 117
2661 118
2661 119
2661 120
2661 121
2661 122
2661 154
2661 155
2661 156
2661 157
2661 158
2661 159
2662 71
2662 72
2662 73
2662 74
2662 75
2662 76
2662 77
2662 107
2662 108
2662 109
2662 110
2662 111
2662 112
2662 113
2662 114
2662 115
2662 116
2662 147
2662 148
2662 149
2662 150
2662 151
2662 152
2662 153
2663 65
2663 66
2663 67
2663 68
2663 69
2663 70
2663 71
2663 101
2663 102
2663 103
2663 104
2663 105
2663 106
2663 107
2663 108
2663 109
2663 110
2663 140
2663 141
2663 142
2663 143
2663 144
2663 145
2663 146
2663 147
2663 148
2664 60
2664 61
2664 62
2664 63
2664 64
2664 95
2664 96
2664 97
2664 98
2664 99
2664 100
2664 101
2664 102
2664 103
2664 134
2664 135
2664 136
2664 137
2664 138
2664 139
2664 140
2664 141
2664 142
2665 54
2665 55
2665 56
2665 57
2665 58
2665 89
2665 90
2665 91
2665 92
2665 93
2665 94
2665 95
2665 96
2665 97
2665 127
2665 128
2665 129
2665 130
2665 131
2665 132
2665 133
2665 134
2665 135
2665 136
2666 49
2666 50
2666 51
2666 83
2666 84
2666 85
2666 86
2666 87
2666 88
2666 89
2666 90
2666 91
2666 121
2666 122
2666 123
2666 124
2666 125
2666 126
2666 127
2666 128
2666 129
2666 164
2667 77
2667 78
2667 79
2667 80
2667 81
2667 82
2667 83
2667 84
2667 85
2667 115
2667 116
2667 117
2667 118
2667 119
2667 120
2667 121
2667 122
2667 123
2667 156
2667 157
2667 158
2667 159
2667 160
2668 72
2668 73
2668 74
2668 75
2668 76
2668 77
2668 78
2668 108
2668 109
2668 110
2668 111
2668 112
2668 113
2668 114
2668 115
2668 116
2668 117
2668 148
2668 149
2668 150
2668 151
2668 152
2668 153
2668 154
2669 66
2669 67
2669 68
2669 69
2669 70
2669 71
2669 72
2669 102
2669 103
2669 104
2669 105
2669 106
2669 107
2669 108
2669 109
2669 110
2669 111
2669 142
2669 143
2669 144
2669 145
2669 146
2669 147
2669 148
2669 149
2670 60
2670 61
2670 62
2670 63
2670 64
2670 65
2670 96
2670 97
2670 98
2670 99
2670 100
2670 101
2670 102
2670 103
2670 104
2670 105
2670 135
2670 136
2670 137
2670 138
2670 139
2670 140
2670 141
2670 142
2670 143
2671 55
2671 56
2671 57
2671 58
2671 59
2671 90
2671 91
2671 92
2671 93
2671 94
2671 95
2671 96
2671 97
2671 98
2671 128
2671 129
2671 130
2671 131
2671 132
2671 133
2671 134
2671 135
2671 136
2671 137
2672 50
2672 51
2672 52
2672 84
2672 85
2672 86
2672 87
2672 88
2672 89
2672 90
2672 91
2672 92
2672 122
2672 123
2672 124
2672 125
2672 126
2672 127
2672 128
2672 129
2672 130
2673 45
2673 78
2673 79
2673 80
2673 81
2673 82
2673 83
2673 84
2673 85
2673 86
2673 116
2673 117
2673 118
2673 119
2673 120
2673 121
2673 122
2673 123
2673 124
2673 157
2673 158
2673 159
2673 160
2673 161
2674 73
2674 74
2674 75
2674 76
2674 77
2674 78
2674 79
2674 109
2674 110
2674 111
2674 112
2674 113
2674 114
2674 115
2674 116
2674 117
2674 118
2674 150
2674 151
2674 152
2674 153
2674 154
2674 155
2675 67
2675 68
2675 69
2675 70
2675 71
2675 72
2675 73
2675 103
2675 104
2675 105
2675 106
2675 107
2675 108
2675 109
2675 110
2675 111
2675 112
2675 143
2675 144
2675 145
2675 146
2675 147
2675 148
2675 149
2675 150
2676 61
2676 62
2676 63
2676 64
2676 65
2676 66
2676 67
2676 97
2676 98
2676 99
2676 100
2676 101
2676 102
2676 103
2676 104
2676 105
2676 106
2676 136
2676 137
2676 138
2676 139
2676 140
2676 141
2676 142
2676 143
2676 144
2677 56
2677 57
2677 58
2677 59
2677 60
2677 91
2677 92
2677 93
2677 94
2677 95
2677 96
2677 97
2677 98
2677 99
2677 129
2677 130
2677 131
2677 132
2677 133
2677 134
2677 135
2677 136
2677 137
2677 138
2678 50
2678 51
2678 52
2678 53
2678 85
2678 86
2678 87
2678 88
2678 89
2678 90
2678 91
2678 92
2678 93
2678 123
2678 124
2678 125
2678 126
2678 127
2678 128
2678 129
2678 130
2678 131
2678 132
2679 46
2679 79
2679 80
2679 81
2679 82
2679 83
2679 84
2679 85
2679 86
2679 87
2679 117
2679 118
2679 119
2679 120
2679 121
2679 122
2679 123
2679 124
2679 125
2679 158
2679 159
2679 160
2679 161
2680 74
2680 75
2680 76
2680 77
2680 78
2680 79
2680 80
2680 110
2680 111
2680 112
2680 113
2680 114
2680 115
2680 116
2680 117
2680 118
2680 119
2680 151
2680 152
2680 153
2680 154
2680 155
2680 156
2681 68
2681 69
2681 70
2681 71
2681 72
2681 73
2681 74
2681 104
2681 105
2681 106
2681 107
2681 108
2681 109
2681 110
2681 111
2681 112
2681 113
2681 144
2681 145
2681 146
2681 147
2681 148
2681 149
2681 150
2682 62
2682 63
2682 64
2682 65
2682 66
2682 67
2682 68
2682 98
2682 99
2682 100
2682 101
2682 102
2682 103
2682 104
2682 105
2682 106
2682 107
2682 137
2682 138
2682 139
2682 140
2682 141
2682 142
2682 143
2682 144
2682 145
2683 57
2683 58
2683 59
2683 60
2683 61
2683 92
2683 93
2683 94
2683 95
2683 96
2683 97
2683 98
2683 99
2683 100
2683 131
2683 132
2683 133
2683 134
2683 135
2683 136
2683 137
2683 138
2683 139
2684 51
2684 52
2684 53
2684 54
2684 55
2684 86
2684 87
2684 88
2684 89
2684 90
2684 91
2684 92
2684 93
2684 94
2684 124
2684 125
2684 126
2684 127
2684 128
2684 129
2684 130
2684 131
2684 132
2684 133
2685 46
2685 47
2685 48
2685 80
2685 81
2685 82
2685 83
2685 84
2685 85
2685 86
2685 87
2685 88
2685 118
2685 119
2685 120
2685 121
2685 122
2685 123
2685 124
2685 125
2685 126
2685 160
2685 161
2685 162
2686 75
2686 76
2686 77
2686 78
2686 79
2686 80
2686 81
2686 82
2686 112
2686 113
2686 114
2686 115
2686 116
2686 117
2686 118
2686 119
2686 120
2686 152
2686 153
2686 154
2686 155
2686 156
2686 157
2687 69
2687 70
2687 71
2687 72
2687 73
2687 74
2687 75
2687 105
2687 106
2687 107
2687 108
2687 109
2687 110
2687 111
2687 112
2687 113
2687 114
2687 145
2687 146
2687 147
2687 148
2687 149
2687 150
2687 151
2688 63
2688 64
2688 65
2688 66
2688 67
2688 68
2688 69
2688 99
2688 100
2688 101
2688 102
2688 103
2688 104
2688 105
2688 106
2688 107
2688 108
2688 138
2688 139
2688 140
2688 141
2688 142
2688 143
2688 144
2688 145
2688 146
2689 58
2689 59
2689 60
2689 61
2689 62
2689 93
2689 94
2689 95
2689 96
2689 97
2689 98
2689 99
2689 100
2689 101
2689 102
2689 132
2689 133
2689 134
2689 135
2689 136
2689 137
2689 138
2689 139
2689 140
2690 52
2690 53
2690 54
2690 55
2690 56
2690 87
2690 88
2690 89
2690 90
2690 91
2690 92
2690 93
2690 94
2690 95
2690 125
2690 126
2690 127
2690 128
2690 129
2690 130
2690 131
2690 132
2690 133
2690 134
2691 47
2691 48
2691 49
2691 81
2691 82
2691 83
2691 84
2691 85
2691 86
2691 87
2691 88
2691 89
2691 119
2691 120
2691 121
2691 122
2691 123
2691 124
2691 125
2691 126
2691 127
2692 76
2692 77
2692 78
2692 79
2692 80
2692 81
2692 82
2692 83
2692 113
2692 114
2692 115
2692 116
2692 117
2692 118
2692 119
2692 120
2692 121
2692 154
2692 155
2692 156
2692 157
2692 158
2693 70
2693 71
2693 72
2693 73
2693 74
2693 75
2693 76
2693 106
2693 107
2693 108
2693 109
2693 110
2693 111
2693 112
2693 113
2693 114
2693 115
2693 146
2693 147
2693 148
2693 149
2693 150
2693 151
2693 152
2694 64
2694 65
2694 66
2694 67
2694 68
2694 69
2694 70
2694 100
2694 101
2694 102
2694 103
2694 104
2694 105
2694 106
2694 107
2694 108
2694 109
2694 140
2694 141
2694 142
2694 143
2694 144
2694 145
2694 146
2694 147
2695 59
2695 60
2695 61
2695 62
2695 63
2695 64
2695 94
2695 95
2695 96
2695 97
2695 98
2695 99
2695 100
2695 101
2695 102
2695 103
2695 133
2695 134
2695 135
2695 136
2695 137
2695 138
2695 139
2695 140
2695 141
2696 53
2696 54
2696 55
2696 56
2696 57
2696 88
2696 89
2696 90
2696 91
2696 92
2696 93
2696 94
2696 95
2696 96
2696 126
2696 127
2696 128
2696 129
2696 130
2696 131
2696 132
2696 133
2696 134
2696 135
2697 48
2697 49
2697 50
2697 82
2697 83
2697 84
2697 85
2697 86
2697 87
2697 88
2697 89
2697 90
2697 120
2697 121
2697 122
2697 123
2697 124
2697 125
2697 126
2697 127
2697 128
2697 129
2698 77
2698 78
2698 79
2698 80
2698 81
2698 82
2698 83
2698 84
2698 114
2698 115
2698 116
2698 117
2698 118
2698 119
2698 120
2698 121
2698 122
2698 155
2698 156
2698 157
2698 158
2698 159
2699 71
2699 72
2699 73
2699 74
2699 75
2699 76
2699 77
2699 108
2699 109
2699 110
2699 111
2699 112
2699 113
2699 114
2699 115
2699 116
2699 148
2699 149
2699 150
2699 151
2699 152
2699 153
2700 65
2700 66
2700 67
2700 68
2700 69
2700 70
2700 71
2700 101
2700 102
2700 103
2700 104
2700 105
2700 106
2700 107
2700 108
2700 109
2700 110
2700 141
2700 142
2700 143
2700 144
2700 145
2700 146
2700 147
2700 148
2701 60
2701 61
2701 62
2701 63
2701 64
2701 65
2701 95
2701 96
2701 97
2701 98
2701 99
2701 100
2701 101
2701 102
2701 103
2701 104
2701 134
2701 135
2701 136
2701 137
2701 138
2701 139
2701 140
2701 141
2701 142
2702 54
2702 55
2702 56
2702 57
2702 58
2702 89
2702 90
2702 91
2702 92
2702 93
2702 94
2702 95
2702 96
2702 97
2702 128
2702 129
2702 130
2702 131
2702 132
2702 133
2702 134
2702 135
2702 136
2703 49
2703 50
2703 51
2703 52
2703 83
2703 84
2703 85
2703 86
2703 87
2703 88
2703 89
2703 90
2703 91
2703 121
2703 122
2703 123
2703 124
2703 125
2703 126
2703 127
2703 128
2703 129
2703 130
2704 44
2704 78
2704 79
2704 80
2704 81
2704 82
2704 83
2704 84
2704 85
2704 115
2704 116
2704 117
2704 118
2704 119
2704 120
2704 121
2704 122
2704 123
2704 157
2704 158
2704 159
2705 72
2705 73
2705 74
2705 75
2705 76
2705 77
2705 78
2705 79
2705 109
2705 110
2705 111
2705 112
2705 113
2705 114
2705 115
2705 116
2705 117
2705 149
2705 150
2705 151
2705 152
2705 153
2705 154
2706 66
2706 67
2706 68
2706 69
2706 70
2706 71
2706 72
2706 102
2706 103
2706 104
2706 105
2706 106
2706 107
2706 108
2706 109
2706 110
2706 111
2706 142
2706 143
2706 144
2706 145
2706 146
2706 147
2706 148
2707 61
2707 62
2707 63
2707 64
2707 65
2707 66
2707 96
2707 97
2707 98
2707 99
2707 100
2707 101
2707 102
2707 103
2707 104
2707 105
2707 135
2707 136
2707 137
2707 138
2707 139
2707 140
2707 141
2707 142
2707 143
2708 55
2708 56
2708 57
2708 58
2708 59
2708 90
2708 91
2708 92
2708 93
2708 94
2708 95
2708 96
2708 97
2708 98
2708 99
2708 129
2708 130
2708 131
2708 132
2708 133
2708 134
2708 135
2708 136
2708 137
2709 50
2709 51
2709 52
2709 53
2709 85
2709 86
2709 87
2709 88
2709 89
2709 90
2709 91
2709 92
2709 122
2709 123
2709 124
2709 125
2709 126
2709 127
2709 128
2709 129
2709 130
2709 131
2710 45
2710 46
2710 79
2710 80
2710 81
2710 82
2710 83
2710 84
2710 85
2710 86
2710 116
2710 117
2710 118
2710 119
2710 120
2710 121
2710 122
2710 123
2710 124
2710 158
2710 159
2710 160
2711 73
2711 74
2711 75
2711 76
2711 77
2711 78
2711 79
2711 80
2711 110
2711 111
2711 112
2711 113
2711 114
2711 115
2711 116
2711 117
2711 118
2711 150
2711 151
2711 152
2711 153
2711 154
2711 155
2712 67
2712 68
2712 69
2712 70
2712 71
2712 72
2712 73
2712 104
2712 105
2712 106
2712 107
2712 108
2712 109
2712 110
2712 111
2712 112
2712 143
2712 144
2712 145
2712 146
2712 147
2712 148
2712 149
2713 61
2713 62
2713 63
2713 64
2713 65
2713 66
2713 67
2713 97
2713 98
2713 99
2713 100
2713 101
2713 102
2713 103
2713 104
2713 105
2713 106
2713 137
2713 138
2713 139
2713 140
2713 141
2713 142
2713 143
2713 144
2714 56
2714 57
2714 58
2714 59
2714 60
2714 61
2714 91
2714 92
2714 93
2714 94
2714 95
2714 96
2714 97
2714 98
2714 99
2714 100
2714 130
2714 131
2714 132
2714 133
2714 134
2714 135
2714 136
2714 137
2714 138
2715 50
2715 51
2715 52
2715 53
2715 54
2715 86
2715 87
2715 88
2715 89
2715 90
2715 91
2715 92
2715 93
2715 123
2715 124
2715 125
2715 126
2715 127
2715 128
2715 129
2715 130
2715 131
2715 132
2716 45
2716 46
2716 47
2716 80
2716 81
2716 82
2716 83
2716 84
2716 85
2716 86
2716 87
2716 117
2716 118
2716 119
2716 120
2716 121
2716 122
2716 123
2716 124
2716 125
2716 126
2717 74
2717 75
2717 76
2717 77
2717 78
2717 79
2717 80
2717 81
2717 111
2717 112
2717 113
2717 114
2717 115
2717 116
2717 117
2717 118
2717 119
2717 152
2717 153
2717 154
2717 155
2717 156
2718 68
2718 69
2718 70
2718 71
2718 72
2718 73
2718 74
2718 75
2718 105
2718 106
2718 107
2718 108
2718 109
2718 110
2718 111
2718 112
2718 113
2718 145
2718 146
2718 147
2718 148
2718 149
2718 150
2719 62
2719 63
2719 64
2719 65
2719 66
2719 67
2719 68
2719 99
2719 100
2719 101
2719 102
2719 103
2719 104
2719 105
2719 106
2719 107
2719 138
2719 139
2719 140
2719 141
2719 142
2719 143
2719 144
2719 145
2720 57
2720 58
2720 59
2720 60
2720 61
2720 62
2720 93
2720 94
2720 95
2720 96
2720 97
2720 98
2720 99
2720 100
2720 101
2720 131
2720 132
2720 133
2720 134
2720 135
2720 136
2720 137
2720 138
2720 139
2721 51
2721 52
2721 53
2721 54
2721 55
2721 87
2721 88
2721 89
2721 90
2721 91
2721 92
2721 93
2721 94
2721 95
2721 125
2721 126
2721 127
2721 128
2721 129
2721 130
2721 131
2721 132
2721 133
2722 46
2722 47
2722 48
2722 81
2722 82
2722 83
2722 84
2722 85
2722 86
2722 87
2722 88
2722 118
2722 119
2722 120
2722 121
2722 122
2722 123
2722 124
2722 125
2722 126
2722 127
2723 75
2723 76
2723 77
2723 78
2723 79
2723 80
2723 81
2723 82
2723 112
2723 113
2723 114
2723 115
2723 116
2723 117
2723 118
2723 119
2723 120
2723 153
2723 154
2723 155
2723 156
2724 69
2724 70
2724 71
2724 72
2724 73
2724 74
2724 75
2724 76
2724 106
2724 107
2724 108
2724 109
2724 110
2724 111
2724 112
2724 113
2724 114
2724 146
2724 147
2724 148
2724 149
2724 150
2724 151
2725 63
2725 64
2725 65
2725 66
2725 67
2725 68
2725 69
2725 100
2725 101
2725 102
2725 103
2725 104
2725 105
2725 106
2725 107
2725 108
2725 139
2725 140
2725 141
2725 142
2725 143
2725 144
2725 145
2726 58
2726 59
2726 60
2726 61
2726 62
2726 63
2726 94
2726 95
2726 96
2726 97
2726 98
2726 99
2726 100
2726 101
2726 102
2726 132
2726 133
2726 134
2726 135
2726 136
2726 137
2726 138
2726 139
2726 140
2727 52
2727 53
2727 54
2727 55
2727 56
2727 88
2727 89
2727 90
2727 91
2727 92
2727 93
2727 94
2727 95
2727 96
2727 126
2727 127
2727 128
2727 129
2727 130
2727 131
2727 132
2727 133
2727 134
2728 47
2728 48
2728 49
2728 50
2728 82
2728 83
2728 84
2728 85
2728 86
2728 87
2728 88
2728 89
2728 119
2728 120
2728 121
2728 122
2728 123
2728 124
2728 125
2728 126
2728 127
2728 128
2729 76
2729 77
2729 78
2729 79
2729 80
2729 81
2729 82
2729 83
2729 113
2729 114
2729 115
2729 116
2729 117
2729 118
2729 119
2729 120
2729 121
2729 155
2729 156
2729 157
2730 70
2730 71
2730 72
2730 73
2730 74
2730 75
2730 76
2730 77
2730 107
2730 108
2730 109
2730 110
2730 111
2730 112
2730 113
2730 114
2730 115
2730 147
2730 148
2730 149
2730 150
2730 151
2730 152
2731 64
2731 65
2731 66
2731 67
2731 68
2731 69
2731 70
2731 101
2731 102
2731 103
2731 104
2731 105
2731 106
2731 107
2731 108
2731 109
2731 140
2731 141
2731 142
2731 143
2731 144
2731 145
2731 146
2732 59
2732 60
2732 61
2732 62
2732 63
2732 64
2732 95
2732 96
2732 97
2732 98
2732 99
2732 100
2732 101
2732 102
2732 103
2732 133
2732 134
2732 135
2732 136
2732 137
2732 138
2732 139
2732 140
2732 141
2733 53
2733 54
2733 55
2733 56
2733 57
2733 58
2733 89
2733 90
2733 91
2733 92
2733 93
2733 94
2733 95
2733 96
2733 97
2733 127
2733 128
2733 129
2733 130
2733 131
2733 132
2733 133
2733 134
2733 135
2734 48
2734 49
2734 50
2734 51
2734 83
2734 84
2734 85
2734 86
2734 87
2734 88
2734 89
2734 90
2734 120
2734 121
2734 122
2734 123
2734 124
2734 125
2734 126
2734 127
2734 128
2734 129
2735 43
2735 44
2735 77
2735 78
2735 79
2735 80
2735 81
2735 82
2735 83
2735 84
2735 114
2735 115
2735 116
2735 117
2735 118
2735 119
2735 120
2735 121
2735 122
2735 123
2735 157
2736 71
2736 72
2736 73
2736 74
2736 75
2736 76
2736 77
2736 78
2736 108
2736 109
2736 110
2736 111
2736 112
2736 113
2736 114
2736 115
2736 116
2736 149
2736 150
2736 151
2736 152
2736 153
2737 65
2737 66
2737 67
2737 68
2737 69
2737 70
2737 71
2737 72
2737 102
2737 103
2737 104
2737 105
2737 106
2737 107
2737 108
2737 109
2737 110
2737 141
2737 142
2737 143
2737 144
2737 145
2737 146
2737 147
2738 60
2738 61
2738 62
2738 63
2738 64
2738 65
2738 96
2738 97
2738 98
2738 99
2738 100
2738 101
2738 102
2738 103
2738 104
2738 135
2738 136
2738 137
2738 138
2738 139
2738 140
2738 141
2738 142
2739 54
2739 55
2739 56
2739 57
2739 58
2739 59
2739 90
2739 91
2739 92
2739 93
2739 94
2739 95
2739 96
2739 97
2739 98
2739 128
2739 129
2739 130
2739 131
2739 132
2739 133
2739 134
2739 135
2739 136
2740 49
2740 50
2740 51
2740 52
2740 84
2740 85
2740 86
2740 87
2740 88
2740 89
2740 90
2740 91
2740 92
2740 122
2740 123
2740 124
2740 125
2740 126
2740 127
2740 128
2740 129
2740 130
2741 44
2741 45
2741 78
2741 79
2741 80
2741 81
2741 82
2741 83
2741 84
2741 85
2741 115
2741 116
2741 117
2741 118
2741 119
2741 120
2741 121
2741 122
2741 123
2741 124
2742 72
2742 73
2742 74
2742 75
2742 76
2742 77
2742 78
2742 79
2742 109
2742 110
2742 111
2742 112
2742 113
2742 114
2742 115
2742 116
2742 117
2742 150
2742 151
2742 152
2742 153
2743 66
2743 67
2743 68
2743 69
2743 70
2743 71
2743 72
2743 73
2743 103
2743 104
2743 105
2743 106
2743 107
2743 108
2743 109
2743 110
2743 111
2743 143
2743 144
2743 145
2743 146
2743 147
2743 148
2744 61
2744 62
2744 63
2744 64
2744 65
2744 66
2744 97
2744 98
2744 99
2744 100
2744 101
2744 102
2744 103
2744 104
2744 105
2744 136
2744 137
2744 138
2744 139
2744 140
2744 141
2744 142
2745 55
2745 56
2745 57
2745 58
2745 59
2745 60
2745 91
2745 92
2745 93
2745 94
2745 95
2745 96
2745 97
2745 98
2745 99
2745 129
2745 130
2745 131
2745 132
2745 133
2745 134
2745 135
2745 136
2745 137
2746 50
2746 51
2746 52
2746 53
2746 85
2746 86
2746 87
2746 88
2746 89
2746 90
2746 91
2746 92
2746 93
2746 123
2746 124
2746 125
2746 126
2746 127
2746 128
2746 129
2746 130
2746 131
2747 45
2747 46
2747 79
2747 80
2747 81
2747 82
2747 83
2747 84
2747 85
2747 86
2747 116
2747 117
2747 118
2747 119
2747 120
2747 121
2747 122
2747 123
2747 124
2747 125
2748 73
2748 74
2748 75
2748 76
2748 77
2748 78
2748 79
2748 80
2748 110
2748 111
2748 112
2748 113
2748 114
2748 115
2748 116
2748 117
2748 118
2748 152
2748 153
2748 154
2749 67
2749 68
2749 69
2749 70
2749 71
2749 72
2749 73
2749 74
2749 104
2749 105
2749 106
2749 107
2749 108
2749 109
2749 110
2749 111
2749 112
2749 144
2749 145
2749 146
2749 147
2749 148
2749 149
2750 62
2750 63
2750 64
2750 65
2750 66
2750 67
2750 98
2750 99
2750 100
2750 101
2750 102
2750 103
2750 104
2750 105
2750 106
2750 137
2750 138
2750 139
2750 140
2750 141
2750 142
2750 143
2751 56
2751 57
2751 58
2751 59
2751 60
2751 61
2751 92
2751 93
2751 94
2751 95
2751 96
2751 97
2751 98
2751 99
2751 100
2751 130
2751 131
2751 132
2751 133
2751 134
2751 135
2751 136
2751 137
2751 138
2752 51
2752 52
2752 53
2752 54
2752 86
2752 87
2752 88
2752 89
2752 90
2752 91
2752 92
2752 93
2752 94
2752 124
2752 125
2752 126
2752 127
2752 128
2752 129
2752 130
2752 131
2752 132
2753 45
2753 46
2753 47
2753 48
2753 80
2753 81
2753 82
2753 83
2753 84
2753 85
2753 86
2753 87
2753 118
2753 119
2753 120
2753 121
2753 122
2753 123
2753 124
2753 125
2753 126
2754 74
2754 75
2754 76
2754 77
2754 78
2754 79
2754 80
2754 81
2754 111
2754 112
2754 113
2754 114
2754 115
2754 116
2754 117
2754 118
2754 119
2754 120
2754 154
2755 68
2755 69
2755 70
2755 71
2755 72
2755 73
2755 74
2755 75
2755 105
2755 106
2755 107
2755 108
2755 109
2755 110
2755 111
2755 112
2755 113
2755 146
2755 147
2755 148
2755 149
2755 150
2756 63
2756 64
2756 65
2756 66
2756 67
2756 68
2756 69
2756 99
2756 100
2756 101
2756 102
2756 103
2756 104
2756 105
2756 106
2756 107
2756 138
2756 139
2756 140
2756 141
2756 142
2756 143
2756 144
2757 57
2757 58
2757 59
2757 60
2757 61
2757 62
2757 93
2757 94
2757 95
2757 96
2757 97
2757 98
2757 99
2757 100
2757 101
2757 132
2757 133
2757 134
2757 135
2757 136
2757 137
2757 138
2757 139
2758 52
2758 53
2758 54
2758 55
2758 56
2758 87
2758 88
2758 89
2758 90
2758 91
2758 92
2758 93
2758 94
2758 95
2758 125
2758 126
2758 127
2758 128
2758 129
2758 130
2758 131
2758 132
2758 133
2759 46
2759 47
2759 48
2759 49
2759 81
2759 82
2759 83
2759 84
2759 85
2759 86
2759 87
2759 88
2759 89
2759 119
2759 120
2759 121
2759 122
2759 123
2759 124
2759 125
2759 126
2759 127
2760 75
2760 76
2760 77
2760 78
2760 79
2760 80
2760 81
2760 82
2760 112
2760 113
2760 114
2760 115
2760 116
2760 117
2760 118
2760 119
2760 120
2760 121
2761 69
2761 70
2761 71
2761 72
2761 73
2761 74
2761 75
2761 76
2761 106
2761 107
2761 108
2761 109
2761 110
2761 111
2761 112
2761 113
2761 114
2761 147
2761 148
2761 149
2761 150
2762 64
2762 65
2762 66
2762 67
2762 68
2762 69
2762 70
2762 100
2762 101
2762 102
2762 103
2762 104
2762 105
2762 106
2762 107
2762 108
2762 140
2762 141
2762 142
2762 143
2762 144
2762 145
2763 58
2763 59
2763 60
2763 61
2763 62
2763 63
2763 94
2763 95
2763 96
2763 97
2763 98
2763 99
2763 100
2763 101
2763 102
2763 133
2763 134
2763 135
2763 136
2763 137
2763 138
2763 139
2764 53
2764 54
2764 55
2764 56
2764 57
2764 88
2764 89
2764 90
2764 91
2764 92
2764 93
2764 94
2764 95
2764 96
2764 126
2764 127
2764 128
2764 129
2764 130
2764 131
2764 132
2764 133
2764 134
2765 47
2765 48
2765 49
2765 50
2765 82
2765 83
2765 84
2765 85
2765 86
2765 87
2765 88
2765 89
2765 90
2765 120
2765 121
2765 122
2765 123
2765 124
2765 125
2765 126
2765 127
2765 128
2766 43
2766 76
2766 77
2766 78
2766 79
2766 80
2766 81
2766 82
2766 83
2766 114
2766 115
2766 116
2766 117
2766 118
2766 119
2766 120
2766 121
2766 122
2767 70
2767 71
2767 72
2767 73
2767 74
2767 75
2767 76
2767 77
2767 107
2767 108
2767 109
2767 110
2767 111
2767 112
2767 113
2767 114
2767 115
2767 149
2767 150
2767 151
2768 65
2768 66
2768 67
2768 68
2768 69
2768 70
2768 71
2768 101
2768 102
2768 103
2768 104
2768 105
2768 106
2768 107
2768 108
2768 109
2768 141
2768 142
2768 143
2768 144
2768 145
2768 146
2769 59
2769 60
2769 61
2769 62
2769 63
2769 64
2769 95
2769 96
2769 97
2769 98
2769 99
2769 100
2769 101
2769 102
2769 103
2769 134
2769 135
2769 136
2769 137
2769 138
2769 139
2769 140
2770 53
2770 54
2770 55
2770 56
2770 57
2770 58
2770 89
2770 90
2770 91
2770 92
2770 93
2770 94
2770 95
2770 96
2770 97
2770 128
2770 129
2770 130
2770 131
2770 132
2770 133
2770 134
2770 135
2771 48
2771 49
2771 50
2771 51
2771 83
2771 84
2771 85
2771 86
2771 87
2771 88
2771 89
2771 90
2771 91
2771 121
2771 122
2771 123
2771 124
2771 125
2771 126
2771 127
2771 128
2771 129
2772 43
2772 44
2772 77
2772 78
2772 79
2772 80
2772 81
2772 82
2772 83
2772 84
2772 115
2772 116
2772 117
2772 118
2772 119
2772 120
2772 121
2772 122
2772 123
2773 71
2773 72
2773 73
2773 74
2773 75
2773 76
2773 77
2773 78
2773 108
2773 109
2773 110
2773 111
2773 112
2773 113
2773 114
2773 115
2773 116
2773 117
2773 150
2773 151
2774 66
2774 67
2774 68
2774 69
2774 70
2774 71
2774 72
2774 102
2774 103
2774 104
2774 105
2774 106
2774 107
2774 108
2774 109
2774 110
2774 142
2774 143
2774 144
2774 145
2774 146
2774 147
2775 60
2775 61
2775 62
2775 63
2775 64
2775 65
2775 96
2775 97
2775 98
2775 99
2775 100
2775 101
2775 102
2775 103
2775 104
2775 135
2775 136
2775 137
2775 138
2775 139
2775 140
2775 141
2776 54
2776 55
2776 56
2776 57
2776 58
2776 59
2776 90
2776 91
2776 92
2776 93
2776 94
2776 95
2776 96
2776 97
2776 98
2776 129
2776 130
2776 131
2776 132
2776 133
2776 134
2776 135
2776 136
2777 49
2777 50
2777 51
2777 52
2777 84
2777 85
2777 86
2777 87
2777 88
2777 89
2777 90
2777 91
2777 92
2777 122
2777 123
2777 124
2777 125
2777 126
2777 127
2777 128
2777 129
2777 130
2778 44
2778 45
2778 78
2778 79
2778 80
2778 81
2778 82
2778 83
2778 84
2778 85
2778 86
2778 116
2778 117
2778 118
2778 119
2778 120
2778 121
2778 122
2778 123
2778 124
2779 72
2779 73
2779 74
2779 75
2779 76
2779 77
2779 78
2779 79
2779 110
2779 111
2779 112
2779 113
2779 114
2779 115
2779 116
2779 117
2779 118
2780 67
2780 68
2780 69
2780 70
2780 71
2780 72
2780 73
2780 103
2780 104
2780 105
2780 106
2780 107
2780 108
2780 109
2780 110
2780 111
2780 144
2780 145
2780 146
2780 147
2781 61
2781 62
2781 63
2781 64
2781 65
2781 66
2781 67
2781 97
2781 98
2781 99
2781 100
2781 101
2781 102
2781 103
2781 104
2781 105
2781 137
2781 138
2781 139
2781 140
2781 141
2781 142
2782 55
2782 56
2782 57
2782 58
2782 59
2782 60
2782 91
2782 92
2782 93
2782 94
2782 95
2782 96
2782 97
2782 98
2782 99
2782 130
2782 131
2782 132
2782 133
2782 134
2782 135
2782 136
2783 50
2783 51
2783 52
2783 53
2783 54
2783 85
2783 86
2783 87
2783 88
2783 89
2783 90
2783 91
2783 92
2783 93
2783 123
2783 124
2783 125
2783 126
2783 127
2783 128
2783 129
2783 130
2783 131
2784 45
2784 46
2784 47
2784 79
2784 80
2784 81
2784 82
2784 83
2784 84
2784 85
2784 86
2784 87
2784 117
2784 118
2784 119
2784 120
2784 121
2784 122
2784 123
2784 124
2784 125
2785 73
2785 74
2785 75
2785 76
2785 77
2785 78
2785 79
2785 80
2785 111
2785 112
2785 113
2785 114
2785 115
2785 116
2785 117
2785 118
2785 119
2786 68
2786 69
2786 70
2786 71
2786 72
2786 73
2786 74
2786 104
2786 105
2786 106
2786 107
2786 108
2786 109
2786 110
2786 111
2786 112
2786 146
2786 147
2786 148
2787 62
2787 63
2787 64
2787 65
2787 66
2787 67
2787 68
2787 98
2787 99
2787 100
2787 101
2787 102
2787 103
2787 104
2787 105
2787 106
2787 138
2787 139
2787 140
2787 141
2787 142
2787 143
2788 56
2788 57
2788 58
2788 59
2788 60
2788 61
2788 92
2788 93
2788 94
2788 95
2788 96
2788 97
2788 98
2788 99
2788 100
2788 131
2788 132
2788 133
2788 134
2788 135
2788 136
2788 137
2789 51
2789 52
2789 53
2789 54
2789 55
2789 86
2789 87
2789 88
2789 89
2789 90
2789 91
2789 92
2789 93
2789 94
2789 125
2789 126
2789 127
2789 128
2789 129
2789 130
2789 131
2789 132
2790 46
2790 47
2790 48
2790 80
2790 81
2790 82
2790 83
2790 84
2790 85
2790 86
2790 87
2790 88
2790 118
2790 119
2790 120
2790 121
2790 122
2790 123
2790 124
2790 125
2790 126
2791 74
2791 75
2791 76
2791 77
2791 78
2791 79
2791 80
2791 81
2791 112
2791 113
2791 114
2791 115
2791 116
2791 117
2791 118
2791 119
2791 120
2792 69
2792 70
2792 71
2792 72
2792 73
2792 74
2792 75
2792 106
2792 107
2792 108
2792 109
2792 110
2792 111
2792 112
2792 113
2792 114
2792 147
2792 148
2793 63
2793 64
2793 65
2793 66
2793 67
2793 68
2793 69
2793 99
2793 100
2793 101
2793 102
2793 103
2793 104
2793 105
2793 106
2793 107
2793 140
2793 141
2793 142
2793 143
2793 144
2794 57
2794 58
2794 59
2794 60
2794 61
2794 62
2794 93
2794 94
2794 95
2794 96
2794 97
2794 98
2794 99
2794 100
2794 101
2794 133
2794 134
2794 135
2794 136
2794 137
2794 138
2795 52
2795 53
2795 54
2795 55
2795 56
2795 87
2795 88
2795 89
2795 90
2795 91
2795 92
2795 93
2795 94
2795 95
2795 126
2795 127
2795 128
2795 129
2795 130
2795 131
2795 132
2796 47
2796 48
2796 49
2796 81
2796 82
2796 83
2796 84
2796 85
2796 86
2796 87
2796 88
2796 89
2796 119
2796 120
2796 121
2796 122
2796 123
2796 124
2796 125
2796 126
2796 127
2797 76
2797 77
2797 78
2797 79
2797 80
2797 81
2797 82
2797 83
2797 113
2797 114
2797 115
2797 116
2797 117
2797 118
2797 119
2797 120
2797 121
2798 70
2798 71
2798 72
2798 73
2798 74
2798 75
2798 76
2798 107
2798 108
2798 109
2798 110
2798 111
2798 112
2798 113
2798 114
2798 115
2799 64
2799 65
2799 66
2799 67
2799 68
2799 69
2799 70
2799 101
2799 102
2799 103
2799 104
2799 105
2799 106
2799 107
2799 108
2799 141
2799 142
2799 143
2799 144
2800 58
2800 59
2800 60
2800 61
2800 62
2800 63
2800 64
2800 94
2800 95
2800 96
2800 97
2800 98
2800 99
2800 100
2800 101
2800 102
2800 134
2800 135
2800 136
2800 137
2800 138
2800 139
2801 53
2801 54
2801 55
2801 56
2801 57
2801 88
2801 89
2801 90
2801 91
2801 92
2801 93
2801 94
2801 95
2801 96
2801 127
2801 128
2801 129
2801 130
2801 131
2801 132
2801 133
2802 47
2802 48
2802 49
2802 50
2802 82
2802 83
2802 84
2802 85
2802 86
2802 87
2802 88
2802 89
2802 90
2802 121
2802 122
2802 123
2802 124
2802 125
2802 126
2802 127
2802 128
2803 43
2803 77
2803 78
2803 79
2803 80
2803 81
2803 82
2803 83
2803 84
2803 114
2803 115
2803 116
2803 117
2803 118
2803 119
2803 120
2803 121
2803 122
2804 71
2804 72
2804 73
2804 74
2804 75
2804 76
2804 77
2804 108
2804 109
2804 110
2804 111
2804 112
2804 113
2804 114
2804 115
2804 116
2805 65
2805 66
2805 67
2805 68
2805 69
2805 70
2805 71
2805 102
2805 103
2805 104
2805 105
2805 106
2805 107
2805 108
2805 109
2805 143
2805 144
2805 145
2806 59
2806 60
2806 61
2806 62
2806 63
2806 64
2806 65
2806 96
2806 97
2806 98
2806 99
2806 100
2806 101
2806 102
2806 103
2806 135
2806 136
2806 137
2806 138
2806 139
2806 140
2807 54
2807 55
2807 56
2807 57
2807 58
2807 89
2807 90
2807 91
2807 92
2807 93
2807 94
2807 95
2807 96
2807 97
2807 128
2807 129
2807 130
2807 131
2807 132
2807 133
2807 134
2808 48
2808 49
2808 50
2808 51
2808 84
2808 85
2808 86
2808 87
2808 88
2808 89
2808 90
2808 91
2808 122
2808 123
2808 124
2808 125
2808 126
2808 127
2808 128
2808 129
2809 44
2809 78
2809 79
2809 80
2809 81
2809 82
2809 83
2809 84
2809 85
2809 115
2809 116
2809 117
2809 118
2809 119
2809 120
2809 121
2809 122
2809 123
2810 72
2810 73
2810 74
2810 75
2810 76
2810 77
2810 78
2810 109
2810 110
2810 111
2810 112
2810 113
2810 114
2810 115
2810 116
2810 117
2811 66
2811 67
2811 68
2811 69
2811 70
2811 71
2811 72
2811 103
2811 104
2811 105
2811 106
2811 107
2811 108
2811 109
2811 110
2811 111
2811 145
2812 60
2812 61
2812 62
2812 63
2812 64
2812 65
2812 66
2812 97
2812 98
2812 99
2812 100
2812 101
2812 102
2812 103
2812 104
2812 137
2812 138
2812 139
2812 140
2812 141
2813 55
2813 56
2813 57
2813 58
2813 59
2813 91
2813 92
2813 93
2813 94
2813 95
2813 96
2813 97
2813 98
2813 130
2813 131
2813 132
2813 133
2813 134
2813 135
2814 49
2814 50
2814 51
2814 52
2814 53
2814 85
2814 86
2814 87
2814 88
2814 89
2814 90
2814 91
2814 92
2814 123
2814 124
2814 125
2814 126
2814 127
2814 128
2814 129
2815 44
2815 45
2815 46
2815 79
2815 80
2815 81
2815 82
2815 83
2815 84
2815 85
2815 86
2815 117
2815 118
2815 119
2815 120
2815 121
2815 122
2815 123
2815 124
2816 73
2816 74
2816 75
2816 76
2816 77
2816 78
2816 79
2816 80
2816 110
2816 111
2816 112
2816 113
2816 114
2816 115
2816 116
2816 117
2816 118
2817 67
2817 68
2817 69
2817 70
2817 71
2817 72
2817 73
2817 104
2817 105
2817 106
2817 107
2817 108
2817 109
2817 110
2817 111
2817 112
2818 61
2818 62
2818 63
2818 64
2818 65
2818 66
2818 67
2818 98
2818 99
2818 100
2818 101
2818 102
2818 103
2818 104
2818 105
2818 138
2818 139
2818 140
2818 141
2819 56
2819 57
2819 58
2819 59
2819 60
2819 92
2819 93
2819 94
2819 95
2819 96
2819 97
2819 98
2819 99
2819 131
2819 132
2819 133
2819 134
2819 135
2819 136
2820 50
2820 51
2820 52
2820 53
2820 54
2820 86
2820 87
2820 88
2820 89
2820 90
2820 91
2820 92
2820 93
2820 124
2820 125
2820 126
2820 127
2820 128
2820 129
2820 130
2821 45
2821 46
2821 47
2821 80
2821 81
2821 82
2821 83
2821 84
2821 85
2821 86
2821 87
2821 118
2821 119
2821 120
2821 121
2821 122
2821 123
2821 124
2821 125
2822 74
2822 75
2822 76
2822 77
2822 78
2822 79
2822 80
2822 81
2822 111
2822 112
2822 113
2822 114
2822 115
2822 116
2822 117
2822 118
2822 119
2823 68
2823 69
2823 70
2823 71
2823 72
2823 73
2823 74
2823 105
2823 106
2823 107
2823 108
2823 109
2823 110
2823 111
2823 112
2823 113
2824 62
2824 63
2824 64
2824 65
2824 66
2824 67
2824 68
2824 99
2824 100
2824 101
2824 102
2824 103
2824 104
2824 105
2824 106
2824 140
2824 141
2824 142
2825 57
2825 58
2825 59
2825 60
2825 61
2825 62
2825 93
2825 94
2825 95
2825 96
2825 97
2825 98
2825 99
2825 100
2825 132
2825 133
2825 134
2825 135
2825 136
2825 137
2826 51
2826 52
2826 53
2826 54
2826 55
2826 87
2826 88
2826 89
2826 90
2826 91
2826 92
2826 93
2826 94
2826 126
2826 127
2826 128
2826 129
2826 130
2826 131
2827 46
2827 47
2827 48
2827 81
2827 82
2827 83
2827 84
2827 85
2827 86
2827 87
2827 88
2827 119
2827 120
2827 121
2827 122
2827 123
2827 124
2827 125
2828 75
2828 76
2828 77
2828 78
2828 79
2828 80
2828 81
2828 82
2828 113
2828 114
2828 115
2828 116
2828 117
2828 118
2828 119
2828 120
2829 69
2829 70
2829 71
2829 72
2829 73
2829 74
2829 75
2829 106
2829 107
2829 108
2829 109
2829 110
2829 111
2829 112
2829 113
2829 114
2830 63
2830 64
2830 65
2830 66
2830 67
2830 68
2830 69
2830 100
2830 101
2830 102
2830 103
2830 104
2830 105
2830 106
2830 107
2831 58
2831 59
2831 60
2831 61
2831 62
2831 63
2831 94
2831 95
2831 96
2831 97
2831 98
2831 99
2831 100
2831 101
2831 134
2831 135
2831 136
2831 137
2832 52
2832 53
2832 54
2832 55
2832 56
2832 88
2832 89
2832 90
2832 91
2832 92
2832 93
2832 94
2832 95
2832 127
2832 128
2832 129
2832 130
2832 131
2832 132
2833 47
2833 48
2833 49
2833 82
2833 83
2833 84
2833 85
2833 86
2833 87
2833 88
2833 89
2833 120
2833 121
2833 122
2833 123
2833 124
2833 125
2833 126
2834 76
2834 77
2834 78
2834 79
2834 80
2834 81
2834 82
2834 83
2834 114
2834 115
2834 116
2834 117
2834 118
2834 119
2834 120
2834 121
2835 70
2835 71
2835 72
2835 73
2835 74
2835 75
2835 76
2835 77
2835 107
2835 108
2835 109
2835 110
2835 111
2835 112
2835 113
2835 114
2835 115
2836 64
2836 65
2836 66
2836 67
2836 68
2836 69
2836 70
2836 101
2836 102
2836 103
2836 104
2836 105
2836 106
2836 107
2836 108
2836 109
2837 59
2837 60
2837 61
2837 62
2837 63
2837 64
2837 95
2837 96
2837 97
2837 98
2837 99
2837 100
2837 101
2837 102
2837 135
2837 136
2837 137
2837 138
2838 53
2838 54
2838 55
2838 56
2838 57
2838 89
2838 90
2838 91
2838 92
2838 93
2838 94
2838 95
2838 96
2838 128
2838 129
2838 130
2838 131
2838 132
2838 133
2839 48
2839 49
2839 50
2839 83
2839 84
2839 85
2839 86
2839 87
2839 88
2839 89
2839 90
2839 121
2839 122
2839 123
2839 124
2839 125
2839 126
2839 127
2840 77
2840 78
2840 79
2840 80
2840 81
2840 82
2840 83
2840 84
2840 115
2840 116
2840 117
2840 118
2840 119
2840 120
2840 121
2841 71
2841 72
2841 73
2841 74
2841 75
2841 76
2841 77
2841 78
2841 109
2841 110
2841 111
2841 112
2841 113
2841 114
2841 115
2841 116
2842 65
2842 66
2842 67
2842 68
2842 69
2842 70
2842 71
2842 102
2842 103
2842 104
2842 105
2842 106
2842 107
2842 108
2842 109
2842 110
2843 60
2843 61
2843 62
2843 63
2843 64
2843 65
2843 96
2843 97
2843 98
2843 99
2843 100
2843 101
2843 102
2843 103
2843 137
2843 138
2844 54
2844 55
2844 56
2844 57
2844 58
2844 90
2844 91
2844 92
2844 93
2844 94
2844 95
2844 96
2844 97
2844 130
2844 131
2844 132
2844 133
2844 134
2845 49
2845 50
2845 51
2845 52
2845 84
2845 85
2845 86
2845 87
2845 88
2845 89
2845 90
2845 91
2845 123
2845 124
2845 125
2845 126
2845 127
2845 128
2846 78
2846 79
2846 80
2846 81
2846 82
2846 83
2846 84
2846 85
2846 116
2846 117
2846 118
2846 119
2846 120
2846 121
2846 122
2847 72
2847 73
2847 74
2847 75
2847 76
2847 77
2847 78
2847 79
2847 110
2847 111
2847 112
2847 113
2847 114
2847 115
2847 116
2847 117
2848 66
2848 67
2848 68
2848 69
2848 70
2848 71
2848 72
2848 103
2848 104
2848 105
2848 106
2848 107
2848 108
2848 109
2848 110
2848 111
2849 61
2849 62
2849 63
2849 64
2849 65
2849 66
2849 97
2849 98
2849 99
2849 100
2849 101
2849 102
2849 103
2849 104
2850 55
2850 56
2850 57
2850 58
2850 59
2850 91
2850 92
2850 93
2850 94
2850 95
2850 96
2850 97
2850 98
2850 131
2850 132
2850 133
2850 134
2851 50
2851 51
2851 52
2851 53
2851 85
2851 86
2851 87
2851 88
2851 89
2851 90
2851 91
2851 92
2851 124
2851 125
2851 126
2851 127
2851 128
2851 129
2852 45
2852 79
2852 80
2852 81
2852 82
2852 83
2852 84
2852 85
2852 86
2852 117
2852 118
2852 119
2852 120
2852 121
2852 122
2852 123
2853 73
2853 74
2853 75
2853 76
2853 77
2853 78
2853 79
2853 80
2853 111
2853 112
2853 113
2853 114
2853 115
2853 116
2853 117
2854 67
2854 68
2854 69
2854 70
2854 71
2854 72
2854 73
2854 105
2854 106
2854 107
2854 108
2854 109
2854 110
2854 111
2854 112
2855 62
2855 63
2855 64
2855 65
2855 66
2855 67
2855 98
2855 99
2855 100
2855 101
2855 102
2855 103
2855 104
2855 105
2856 56
2856 57
2856 58
2856 59
2856 60
2856 61
2856 92
2856 93
2856 94
2856 95
2856 96
2856 97
2856 98
2856 99
2856 133
2856 134
2856 135
2857 51
2857 52
2857 53
2857 54
2857 86
2857 87
2857 88
2857 89
2857 90
2857 91
2857 92
2857 93
2857 125
2857 126
2857 127
2857 128
2857 129
2857 130
2858 46
2858 47
2858 80
2858 81
2858 82
2858 83
2858 84
2858 85
2858 86
2858 87
2858 119
2858 120
2858 121
2858 122
2858 123
2858 124
2859 74
2859 75
2859 76
2859 77
2859 78
2859 79
2859 80
2859 81
2859 112
2859 113
2859 114
2859 115
2859 116
2859 117
2859 118
2860 69
2860 70
2860 71
2860 72
2860 73
2860 74
2860 75
2860 106
2860 107
2860 108
2860 109
2860 110
2860 111
2860 112
2860 113
2861 63
2861 64
2861 65
2861 66
2861 67
2861 68
2861 100
2861 101
2861 102
2861 103
2861 104
2861 105
2861 106
2861 107
2862 57
2862 58
2862 59
2862 60
2862 61
2862 62
2862 93
2862 94
2862 95
2862 96
2862 97
2862 98
2862 99
2862 100
2862 135
2863 52
2863 53
2863 54
2863 55
2863 87
2863 88
2863 89
2863 90
2863 91
2863 92
2863 93
2863 94
2863 127
2863 128
2863 129
2863 130
2863 131
2864 47
2864 48
2864 81
2864 82
2864 83
2864 84
2864 85
2864 86
2864 87
2864 88
2864 120
2864 121
2864 122
2864 123
2864 124
2864 125
2865 75
2865 76
2865 77
2865 78
2865 79
2865 80
2865 81
2865 82
2865 113
2865 114
2865 115
2865 116
2865 117
2865 118
2865 119
2866 70
2866 71
2866 72
2866 73
2866 74
2866 75
2866 76
2866 107
2866 108
2866 109
2866 110
2866 111
2866 112
2866 113
2867 64
2867 65
2867 66
2867 67
2867 68
2867 69
2867 101
2867 102
2867 103
2867 104
2867 105
2867 106
2867 107
2867 108
2868 58
2868 59
2868 60
2868 61
2868 62
2868 63
2868 95
2868 96
2868 97
2868 98
2868 99
2868 100
2868 101
2869 53
2869 54
2869 55
2869 56
2869 88
2869 89
2869 90
2869 91
2869 92
2869 93
2869 94
2869 95
2869 128
2869 129
2869 130
2869 131
2870 48
2870 49
2870 82
2870 83
2870 84
2870 85
2870 86
2870 87
2870 88
2870 89
2870 121
2870 122
2870 123
2870 124
2870 125
2870 126
2871 76
2871 77
2871 78
2871 79
2871 80
2871 81
2871 82
2871 83
2871 115
2871 116
2871 117
2871 118
2871 119
2871 120
2872 71
2872 72
2872 73
2872 74
2872 75
2872 76
2872 77
2872 108
2872 109
2872 110
2872 111
2872 112
2872 113
2872 114
2873 65
2873 66
2873 67
2873 68
2873 69
2873 70
2873 102
2873 103
2873 104
2873 105
2873 106
2873 107
2873 108
2874 59
2874 60
2874 61
2874 62
2874 63
2874 64
2874 96
2874 97
2874 98
2874 99
2874 100
2874 101
2874 102
2875 54
2875 55
2875 56
2875 57
2875 90
2875 91
2875 92
2875 93
2875 94
2875 95
2875 96
2875 130
2875 131
2875 132
2876 48
2876 49
2876 50
2876 84
2876 85
2876 86
2876 87
2876 88
2876 89
2876 90
2876 123
2876 124
2876 125
2876 126
2876 127
2877 78
2877 79
2877 80
2877 81
2877 82
2877 83
2877 84
2877 116
2877 117
2877 118
2877 119
2877 120
2877 121
2878 72
2878 73
2878 74
2878 75
2878 76
2878 77
2878 78
2878 109
2878 110
2878 111
2878 112
2878 113
2878 114
2878 115
2879 66
2879 67
2879 68
2879 69
2879 70
2879 71
2879 103
2879 104
2879 105
2879 106
2879 107
2879 108
2879 109
2880 60
2880 61
2880 62
2880 63
2880 64
2880 65
2880 97
2880 98
2880 99
2880 100
2880 101
2880 102
2880 103
2881 55
2881 56
2881 57
2881 58
2881 91
2881 92
2881 93
2881 94
2881 95
2881 96
2881 97
2882 49
2882 50
2882 51
2882 52
2882 85
2882 86
2882 87
2882 88
2882 89
2882 90
2882 91
2882 124
2882 125
2882 126
2882 127
2883 79
2883 80
2883 81
2883 82
2883 83
2883 84
2883 85
2883 117
2883 118
2883 119
2883 120
2883 121
2883 122
2884 73
2884 74
2884 75
2884 76
2884 77
2884 78
2884 79
2884 111
2884 112
2884 113
2884 114
2884 115
2884 116
2885 67
2885 68
2885 69
2885 70
2885 71
2885 72
2885 73
2885 104
2885 105
2885 106
2885 107
2885 108
2885 109
2885 110
2886 61
2886 62
2886 63
2886 64
2886 65
2886 66
2886 98
2886 99
2886 100
2886 101
2886 102
2886 103
2886 104
2887 56
2887 57
2887 58
2887 59
2887 60
2887 92
2887 93
2887 94
2887 95
2887 96
2887 97
2887 98
2888 50
2888 51
2888 52
2888 53
2888 86
2888 87
2888 88
2888 89
2888 90
2888 91
2888 92
2888 126
2888 127
2888 128
2889 80
2889 81
2889 82
2889 83
2889 84
2889 85
2889 86
2889 119
2889 120
2889 121
2889 122
2889 123
2890 74
2890 75
2890 76
2890 77
2890 78
2890 79
2890 80
2890 112
2890 113
2890 114
2890 115
2890 116
2890 117
2891 68
2891 69
2891 70
2891 71
2891 72
2891 73
2891 74
2891 106
2891 107
2891 108
2891 109
2891 110
2891 111
2892 62
2892 63
2892 64
2892 65
2892 66
2892 67
2892 99
2892 100
2892 101
2892 102
2892 103
2892 104
2892 105
2893 57
2893 58
2893 59
2893 60
2893 61
2893 93
2893 94
2893 95
2893 96
2893 97
2893 98
2893 99
2894 51
2894 52
2894 53
2894 54
2894 87
2894 88
2894 89
2894 90
2894 91
2894 92
2894 93
2894 128
2895 81
2895 82
2895 83
2895 84
2895 85
2895 86
2895 87
2895 120
2895 121
2895 122
2895 123
2895 124
2896 75
2896 76
2896 77
2896 78
2896 79
2896 80
2896 81
2896 113
2896 114
2896 115
2896 116
2896 117
2896 118
2897 69
2897 70
2897 71
2897 72
2897 73
2897 74
2897 75
2897 107
2897 108
2897 109
2897 110
2897 111
2897 112
2898 63
2898 64
2898 65
2898 66
2898 67
2898 68
2898 100
2898 101
2898 102
2898 103
2898 104
2898 105
2898 106
2899 58
2899 59
2899 60
2899 61
2899 62
2899 94
2899 95
2899 96
2899 97
2899 98
2899 99
2899 100
2900 52
2900 53
2900 54
2900 55
2900 88
2900 89
2900 90
2900 91
2900 92
2900 93
2900 94
2901 48
2901 82
2901 83
2901 84
2901 85
2901 86
2901 87
2901 88
2901 122
2901 123
2901 124
2902 76
2902 77
2902 78
2902 79
2902 80
2902 81
2902 82
2902 115
2902 116
2902 117
2902 118
2902 119
2903 70
2903 71
2903 72
2903 73
2903 74
2903 75
2903 76
2903 108
2903 109
2903 110
2903 111
2903 112
2903 113
2904 64
2904 65
2904 66
2904 67
2904 68
2904 69
2904 102
2904 103
2904 104
2904 105
2904 106
2904 107
2905 59
2905 60
2905 61
2905 62
2905 63
2905 95
2905 96
2905 97
2905 98
2905 99
2905 100
2905 101
2906 53
2906 54
2906 55
2906 56
2906 89
2906 90
2906 91
2906 92
2906 93
2906 94
2906 95
2907 48
2907 49
2907 83
2907 84
2907 85
2907 86
2907 87
2907 88
2907 89
2907 123
2907 124
2907 125
2908 77
2908 78
2908 79
2908 80
2908 81
2908 82
2908 83
2908 116
2908 117
2908 118
2908 119
2908 120
2909 71
2909 72
2909 73
2909 74
2909 75
2909 76
2909 77
2909 109
2909 110
2909 111
2909 112
2909 113
2909 114
2910 65
2910 66
2910 67
2910 68
2910 69
2910 70
2910 103
2910 104
2910 105
2910 106
2910 107
2910 108
2911 60
2911 61
2911 62
2911 63
2911 64
2911 97
2911 98
2911 99
2911 100
2911 101
2911 102
2912 54
2912 55
2912 56
2912 57
2912 90
2912 91
2912 92
2912 93
2912 94
2912 95
2912 96
2913 49
2913 50
2913 84
2913 85
2913 86
2913 87
2913 88
2913 89
2913 90
2914 78
2914 79
2914 80
2914 81
2914 82
2914 83
2914 84
2914 118
2914 119
2914 120
2915 72
2915 73
2915 74
2915 75
2915 76
2915 77
2915 78
2915 111
2915 112
2915 113
2915 114
2915 115
2916 66
2916 67
2916 68
2916 69
2916 70
2916 71
2916 72
2916 104
2916 105
2916 106
2916 107
2916 108
2916 109
2917 61
2917 62
2917 63
2917 64
2917 65
2917 98
2917 99
2917 100
2917 101
2917 102
2917 103
2918 55
2918 56
2918 57
2918 58
2918 91
2918 92
2918 93
2918 94
2918 95
2918 96
2918 97
2919 50
2919 51
2919 85
2919 86
2919 87
2919 88
2919 89
2919 90
2919 91
2920 79
2920 80
2920 81
2920 82
2920 83
2920 84
2920 85
2920 119
2920 120
2920 121
2921 73
2921 74
2921 75
2921 76
2921 77
2921 78
2921 79
2921 112
2921 113
2921 114
2921 115
2921 116
2922 68
2922 69
2922 70
2922 71
2922 72
2922 73
2922 105
2922 106
2922 107
2922 108
2922 109
2922 110
2923 62
2923 63
2923 64
2923 65
2923 66
2923 99
2923 100
2923 101
2923 102
2923 103
2923 104
2924 56
2924 57
2924 58
2924 59
2924 60
2924 93
2924 94
2924 95
2924 96
2924 97
2924 98
2925 51
2925 52
2925 53
2925 87
2925 88
2925 89
2925 90
2925 91
2925 92
2926 80
2926 81
2926 82
2926 83
2926 84
2926 85
2926 86
2927 74
2927 75
2927 76
2927 77
2927 78
2927 79
2927 80
2927 113
2927 114
2927 115
2927 116
2927 117
2928 69
2928 70
2928 71
2928 72
2928 73
2928 74
2928 107
2928 108
2928 109
2928 110
2928 111
2929 63
2929 64
2929 65
2929 66
2929 67
2929 100
2929 101
2929 102
2929 103
2929 104
2929 105
2930 57
2930 58
2930 59
2930 60
2930 61
2930 94
2930 95
2930 96
2930 97
2930 98
2930 99
2931 52
2931 53
2931 54
2931 88
2931 89
2931 90
2931 91
2931 92
2931 93
2932 82
2932 83
2932 84
2932 85
2932 86
2932 87
2933 76
2933 77
2933 78
2933 79
2933 80
2933 81
2933 115
2933 116
2933 117
2934 70
2934 71
2934 72
2934 73
2934 74
2934 75
2934 108
2934 109
2934 110
2934 111
2934 112
2935 64
2935 65
2935 66
2935 67
2935 68
2935 101
2935 102
2935 103
2935 104
2935 105
2935 106
2936 58
2936 59
2936 60
2936 61
2936 62
2936 95
2936 96
2936 97
2936 98
2936 99
2936 100
2937 53
2937 54
2937 55
2937 89
2937 90
2937 91
2937 92
2937 93
2937 94
2938 83
2938 84
2938 85
2938 86
2938 87
2938 88
2939 77
2939 78
2939 79
2939 80
2939 81
2939 82
2939 117
2940 71
2940 72
2940 73
2940 74
2940 75
2940 76
2940 109
2940 110
2940 111
2940 112
2940 113
2941 65
2941 66
2941 67
2941 68
2941 69
2941 103
2941 104
2941 105
2941 106
2941 107
2942 59
2942 60
2942 61
2942 62
2942 63
2942 96
2942 97
2942 98
2942 99
2942 100
2942 101
2943 54
2943 55
2943 56
2943 90
2943 91
2943 92
2943 93
2943 94
2943 95
2944 84
2944 85
2944 86
2944 87
2944 88
2944 89
2945 78
2945 79
2945 80
2945 81
2945 82
2945 83
2946 72
2946 73
2946 74
2946 75
2946 76
2946 77
2946 111
2946 112
2946 113
2947 66
2947 67
2947 68
2947 69
2947 70
2947 71
2947 104
2947 105
2947 106
2947 107
2947 108
2948 60
2948 61
2948 62
2948 63
2948 64
2948 98
2948 99
2948 100
2948 101
2948 102
2949 55
2949 56
2949 57
2949 91
2949 92
2949 93
2949 94
2949 95
2949 96
2950 85
2950 86
2950 87
2950 88
2950 89
2950 90
2951 79
2951 80
2951 81
2951 82
2951 83
2951 84
2952 73
2952 74
2952 75
2952 76
2952 77
2952 78
2952 113
2952 114
2953 67
2953 68
2953 69
2953 70
2953 71
2953 72
2953 105
2953 106
2953 107
2953 108
2953 109
2954 61
2954 62
2954 63
2954 64
2954 65
2954 99
2954 100
2954 101
2954 102
2954 103
2955 56
2955 57
2955 58
2955 92
2955 93
2955 94
2955 95
2955 96
2955 97
2956 86
2956 87
2956 88
2956 89
2956 90
2956 91
2957 80
2957 81
2957 82
2957 83
2957 84
2957 85
2958 74
2958 75
2958 76
2958 77
2958 78
2958 79
2959 68
2959 69
2959 70
2959 71
2959 72
2959 73
2959 107
2959 108
2959 109
2959 110
2960 62
2960 63
2960 64
2960 65
2960 66
2960 100
2960 101
2960 102
2960 103
2960 104
2961 57
2961 58
2961 59
2961 60
2961 94
2961 95
2961 96
2961 97
2961 98
2962 52
2962 87
2962 88
2962 89
2962 90
2962 91
2962 92
2963 81
2963 82
2963 83
2963 84
2963 85
2963 86
2964 75
2964 76
2964 77
2964 78
2964 79
2964 80
2965 69
2965 70
2965 71
2965 72
2965 73
2965 74
2965 109
2965 110
2966 64
2966 65
2966 66
2966 67
2966 101
2966 102
2966 103
2966 104
2966 105
2967 58
2967 59
2967 60
2967 61
2967 95
2967 96
2967 97
2967 98
2967 99
2968 53
2968 89
2968 90
2968 91
2968 92
2968 93
2969 82
2969 83
2969 84
2969 85
2969 86
2969 87
2970 76
2970 77
2970 78
2970 79
2970 80
2970 81
2971 70
2971 71
2971 72
2971 73
2971 74
2971 75
2972 65
2972 66
2972 67
2972 68
2972 103
2972 104
2972 105
2972 106
2973 59
2973 60
2973 61
2973 62
2973 96
2973 97
2973 98
2973 99
2973 100
2974 54
2974 55
2974 90
2974 91
2974 92
2974 93
2974 94
2975 84
2975 85
2975 86
2975 87
2975 88
2976 77
2976 78
2976 79
2976 80
2976 81
2976 82
2977 71
2977 72
2977 73
2977 74
2977 75
2977 76
2978 66
2978 67
2978 68
2978 69
2978 104
2978 105
2978 106
2979 60
2979 61
2979 62
2979 63
2979 98
2979 99
2979 100
2979 101
2980 55
2980 56
2980 91
2980 92
2980 93
2980 94
2980 95
2981 85
2981 86
2981 87
2981 88
2981 89
2982 79
2982 80
2982 81
2982 82
2982 83
2983 73
2983 74
2983 75
2983 76
2983 77
2984 67
2984 68
2984 69
2984 70
2984 71
2984 106
2984 107
2985 61
2985 62
2985 63
2985 64
2985 99
2985 100
2985 101
2985 102
2986 56
2986 57
2986 92
2986 93
2986 94
2986 95
2986 96
2987 86
2987 87
2987 88
2987 89
2987 90
2988 80
2988 81
2988 82
2988 83
2988 84
2989 74
2989 75
2989 76
2989 77
2989 78
2990 68
2990 69
2990 70
2990 71
2990 72
2991 62
2991 63
2991 64
2991 65
2991 100
2991 101
2991 102
2991 103
2992 57
2992 58
2992 94
2992 95
2992 96
2992 97
2993 87
2993 88
2993 89
2993 90
2993 91
2994 81
2994 82
2994 83
2994 84
2994 85
2995 75
2995 76
2995 77
2995 78
2995 79
2996 69
2996 70
2996 71
2996 72
2996 73
2997 63
2997 64
2997 65
2997 66
2997 102
2997 103
2998 58
2998 59
2998 95
2998 96
2998 97
2998 98
2999 88
2999 89
2999 90
2999 91
2999 92
3000 82
3000 83
3000 84
3000 85
3000 86
3001 76
3001 77
3001 78
3001 79
3001 80
3002 70
3002 71
3002 72
3002 73
3002 74
3003 64
3003 65
3003 66
3003 67
3004 59
3004 60
3004 96
3004 97
3004 98
3004 99
3005 90
3005 91
3005 92
3005 93
3006 83
3006 84
3006 85
3006 86
3006 87
3007 77
3007 78
3007 79
3007 80
3007 81
3008 71
3008 72
3008 73
3008 74
3008 75
3009 65
3009 66
3009 67
3009 68
3010 60
3010 61
3010 62
3010 98
3010 99
3011 91
3011 92
3011 93
3011 94
3012 85
3012 86
3012 87
3012 88
3013 78
3013 79
3013 80
3013 81
3013 82
3014 72
3014 73
3014 74
3014 75
3014 76
3015 66
3015 67
3015 68
3015 69
3016 61
3016 62
3016 63
3016 268
3017 92
3017 93
3017 94
3017 95
3017 262
3018 86
3018 87
3018 88
3018 89
3019 80
3019 81
3019 82
3019 83
3020 73
3020 74
3020 75
3020 76
3020 77
3021 68
3021 69
3021 70
3022 62
3022 63
3022 64
3022 269
3023 94
3023 95
3023 263
3024 87
3024 88
3024 89
3024 90
3024 257
3025 81
3025 82
3025 83
3025 84
3026 75
3026 76
3026 77
3026 78
3027 69
3027 70
3027 71
3028 63
3028 64
3028 65
3028 270
3029 96
3029 263
3029 264
3030 88
3030 89
3030 90
3030 91
3030 258
3031 82
3031 83
3031 84
3031 85
3032 76
3032 77
3032 78
3032 79
3033 70
3033 71
3033 72
3034 64
3034 65
3034 66
3034 271
3035 264
3035 265
3036 90
3036 91
3036 92
3036 258
3036 259
3037 83
3037 84
3037 85
3037 86
3038 77
3038 78
3038 79
3038 80
3039 71
3039 72
3039 73
3039 74
3040 65
3040 66
3040 67
3040 272
3041 265
3041 266
3042 91
3042 92
3042 259
3042 260
3043 85
3043 86
3043 87
3043 254
3044 78
3044 79
3044 80
3044 81
3045 72
3045 73
3045 74
3045 75
3046 66
3046 67
3046 68
3046 273
3047 266
3047 267
3048 260
3048 261
3049 86
3049 87
3049 88
3049 255
3050 79
3050 80
3050 81
3050 82
3051 73
3051 74
3051 75
3051 76
3052 67
3052 68
3052 69
3052 274
3053 267
3053 268
3054 261
3054 262
3055 87
3055 88
3055 256
3056 81
3056 82
3056 83
3057 75
3057 76
3057 77
3058 69
3058 70
3058 275
3059 268
3059 269
3060 262
3060 263
3061 256
3061 257
3062 82
3062 83
3062 251
3063 76
3063 77
3064 70
3064 71
3065 269
3065 270
3066 263
3066 264
3067 257
3067 258
3068 84
3068 252
3069 77
3069 78
3070 71
3070 72
3071 271
3072 264
3072 265
3073 258
3073 259
3074 253
3075 78
3075 79
3076 72
3076 73
3077 272
3078 265
3078 266
3079 259
3079 260
3080 254
3081 80
3082 74
3083 273
3084 267
3085 261
3086 255
3090 268
3091 262
3092 256
3096 269
3097 263
3098 257
3103 264
3104 258
3109 265
3110 259
