4 488
4 489
5 484
5 485
6 480
6 481
7 476
7 477
8 472
12 493
13 489
13 490
14 484
14 485
14 486
15 480
15 481
15 482
16 476
16 477
17 472
17 473
21 494
22 489
22 490
23 485
23 486
24 480
24 481
24 482
25 476
25 477
25 478
26 472
26 473
26 474
27 469
30 494
30 495
31 489
31 490
31 491
32 485
32 486
32 487
33 481
33 482
33 483
34 477
34 478
34 479
35 473
35 474
35 475
36 469
36 470
37 465
39 494
39 495
40 490
40 491
40 492
41 485
41 486
41 487
41 488
42 481
42 482
42 483
42 484
43 477
43 478
43 479
43 480
44 473
44 474
44 475
45 469
45 470
45 471
46 465
46 466
48 495
48 496
49 490
49 491
49 492
50 486
50 487
50 488
51 481
51 482
51 483
51 484
52 477
52 478
52 479
52 480
53 473
53 474
53 475
53 476
54 469
54 470
54 471
54 472
55 465
55 466
55 467
56 462
57 495
57 496
57 497
58 491
58 492
58 493
59 486
59 487
59 488
59 489
60 482
60 483
60 484
60 485
61 478
61 479
61 480
61 481
62 474
62 475
62 476
62 477
63 470
63 471
63 472
64 466
64 467
64 468
65 462
65 463
66 496
66 497
67 491
67 492
67 493
68 487
68 488
68 489
68 490
69 482
69 483
69 484
69 485
69 486
70 478
70 479
70 480
70 481
71 474
71 475
71 476
71 477
72 470
72 471
72 472
72 473
73 466
73 467
73 468
74 462
74 463
74 464
75 496
75 497
75 498
76 492
76 493
76 494
77 487
77 488
77 489
77 490
78 483
78 484
78 485
78 486
79 479
79 480
79 481
79 482
80 475
80 476
80 477
80 478
81 470
81 471
81 472
81 473
81 474
82 467
82 468
82 469
83 463
83 464
84 497
84 498
85 492
85 493
85 494
86 488
86 489
86 490
86 491
87 483
87 484
87 485
87 486
87 487
88 479
88 480
88 481
88 482
88 483
89 475
89 476
89 477
89 478
90 471
90 472
90 473
90 474
91 467
91 468
91 469
91 470
92 463
92 464
92 465
93 460
93 498
94 493
94 494
94 495
95 488
95 489
95 490
95 491
96 484
96 485
96 486
96 487
97 480
97 481
97 482
97 483
98 476
98 477
98 478
98 479
99 471
99 472
99 473
99 474
99 475
100 467
100 468
100 469
100 470
101 464
101 465
101 466
102 460
102 461
102 498
102 499
103 493
103 494
103 495
104 489
104 490
104 491
104 492
105 485
105 486
105 487
105 488
106 480
106 481
106 482
106 483
106 484
107 476
107 477
107 478
107 479
108 472
108 473
108 474
108 475
109 468
109 469
109 470
109 471
110 464
110 465
110 466
111 460
111 461
111 499
112 494
112 495
112 496
113 490
113 491
113 492
114 485
114 486
114 487
114 488
115 481
115 482
115 483
115 484
116 477
116 478
116 479
116 480
117 472
117 473
117 474
117 475
117 476
118 468
118 469
118 470
118 471
119 464
119 465
119 466
119 467
120 461
120 462
121 495
121 496
122 490
122 491
122 492
123 486
123 487
123 488
123 489
124 481
124 482
124 483
124 484
124 485
125 477
125 478
125 479
125 480
126 473
126 474
126 475
126 476
127 469
127 470
127 471
127 472
128 465
128 466
128 467
129 461
129 462
129 463
130 496
131 491
131 492
131 493
132 486
132 487
132 488
132 489
133 482
133 483
133 484
133 485
134 478
134 479
134 480
134 481
135 474
135 475
135 476
135 477
136 469
136 470
136 471
136 472
137 465
137 466
137 467
137 468
138 462
138 463
140 492
140 493
141 487
141 488
141 489
142 483
142 484
142 485
143 478
143 479
143 480
143 481
144 474
144 475
144 476
144 477
145 470
145 471
145 472
145 473
146 466
146 467
146 468
147 462
147 463
147 464
149 492
149 493
150 488
150 489
150 490
151 483
151 484
151 485
151 486
152 479
152 480
152 481
152 482
153 475
153 476
153 477
153 478
154 471
154 472
154 473
155 467
155 468
155 469
156 463
156 464
159 489
159 490
160 484
160 485
160 486
161 480
161 481
161 482
162 475
162 476
162 477
162 478
163 471
163 472
163 473
163 474
164 467
164 468
164 469
165 464
168 489
168 490
169 485
169 486
170 480
170 481
170 482
171 476
171 477
171 478
172 472
172 473
172 474
173 468
173 469
173 470
174 464
174 465
178 486
178 487
179 481
179 482
179 483
180 477
180 478
180 479
181 473
181 474
182 469
182 470
183 465
188 482
188 483
189 478
189 479
190 473
190 474
190 475
191 470
198 479
199 475
4379 484
4380 480
