43 234
48 232
48 233
52 238
52 239
53 230
53 231
57 236
57 237
58 228
58 229
61 243
62 234
62 235
63 226
63 227
66 240
66 241
67 232
67 233
67 234
68 224
68 225
71 238
71 239
71 240
72 230
72 231
72 232
73 222
73 223
75 245
76 236
76 237
76 238
77 228
77 229
77 230
78 220
80 243
80 244
81 234
81 235
81 236
82 226
82 227
82 228
85 240
85 241
85 242
86 232
86 233
86 234
87 224
87 225
87 226
90 238
90 239
90 240
91 230
91 231
91 232
92 222
92 223
92 224
94 245
94 246
95 236
95 237
95 238
95 239
96 228
96 229
96 230
97 220
97 221
99 243
99 244
100 234
100 235
100 236
100 237
101 226
101 227
101 228
102 219
104 241
104 242
104 243
105 232
105 233
105 234
105 235
106 224
106 225
106 226
109 239
109 240
109 241
110 230
110 231
110 232
110 233
111 222
111 223
111 224
113 246
114 237
114 238
114 239
115 228
115 229
115 230
115 231
116 221
116 222
118 243
118 244
118 245
119 235
119 236
119 237
120 226
120 227
120 228
120 229
121 219
121 220
123 241
123 242
123 243
124 233
124 234
124 235
125 225
125 226
125 227
128 239
128 240
128 241
129 231
129 232
129 233
130 223
130 224
130 225
133 237
133 238
133 239
134 229
134 230
134 231
135 221
135 222
137 244
137 245
138 235
138 236
138 237
139 227
139 228
139 229
140 220
142 242
142 243
143 233
143 234
143 235
144 225
144 226
144 227
147 240
147 241
148 231
148 232
148 233
149 223
149 224
149 225
152 238
152 239
153 230
153 231
154 222
157 236
157 237
158 228
158 229
162 234
162 235
163 226
163 227
167 232
167 233
168 225
171 239
172 231
177 229
2948 232
2952 238
2953 230
2953 231
2954 222
2957 235
2957 236
2957 237
2958 227
2958 228
2958 229
2959 220
2959 221
2961 242
2961 243
2962 233
2962 234
2962 235
2963 225
2963 226
2963 227
2964 218
2964 219
2966 239
2966 240
2966 241
2966 242
2967 231
2967 232
2967 233
2967 234
2968 224
2968 225
2968 226
2969 217
2970 246
2970 247
2971 237
2971 238
2971 239
2971 240
2972 229
2972 230
2972 231
2972 232
2973 222
2973 223
2973 224
2975 244
2975 245
2975 246
2976 235
2976 236
2976 237
2976 238
2977 227
2977 228
2977 229
2977 230
2978 220
2978 221
2978 222
2979 250
2979 251
2980 241
2980 242
2980 243
2980 244
2981 233
2981 234
2981 235
2981 236
2981 237
2982 225
2982 226
2982 227
2982 228
2982 229
2983 218
2983 219
2983 220
2984 248
2984 249
2984 250
2985 239
2985 240
2985 241
2985 242
2985 243
2986 231
2986 232
2986 233
2986 234
2986 235
2987 223
2987 224
2987 225
2987 226
2987 227
2988 216
2988 217
2988 218
2988 255
2989 246
2989 247
2989 248
2989 249
2990 237
2990 238
2990 239
2990 240
2990 241
2991 229
2991 230
2991 231
2991 232
2991 233
2992 222
2992 223
2992 224
2992 225
2993 215
2993 216
2993 252
2993 253
2993 254
2994 244
2994 245
2994 246
2994 247
2995 235
2995 236
2995 237
2995 238
2995 239
2996 227
2996 228
2996 229
2996 230
2996 231
2997 220
2997 221
2997 222
2997 223
2998 213
2998 214
2998 250
2998 251
2998 252
2998 253
2999 241
2999 242
2999 243
2999 244
2999 245
3000 233
3000 234
3000 235
3000 236
3000 237
3000 238
3001 225
3001 226
3001 227
3001 228
3001 229
3001 230
3002 218
3002 219
3002 220
3002 221
3002 257
3002 258
3003 211
3003 212
3003 248
3003 249
3003 250
3003 251
3004 239
3004 240
3004 241
3004 242
3004 243
3004 244
3005 231
3005 232
3005 233
3005 234
3005 235
3005 236
3006 224
3006 225
3006 226
3006 227
3006 228
3007 216
3007 217
3007 218
3007 219
3007 255
3007 256
3007 257
3008 246
3008 247
3008 248
3008 249
3008 250
3009 237
3009 238
3009 239
3009 240
3009 241
3009 242
3010 229
3010 230
3010 231
3010 232
3010 233
3010 234
3011 222
3011 223
3011 224
3011 225
3011 226
3012 215
3012 216
3012 217
3012 252
3012 253
3012 254
3012 255
3012 256
3013 244
3013 245
3013 246
3013 247
3013 248
3014 235
3014 236
3014 237
3014 238
3014 239
3014 240
3015 227
3015 228
3015 229
3015 230
3015 231
3015 232
3016 220
3016 221
3016 222
3016 223
3016 224
3016 259
3016 260
3016 261
3017 213
3017 214
3017 215
3017 250
3017 251
3017 252
3017 253
3017 254
3018 242
3018 243
3018 244
3018 245
3018 246
3019 233
3019 234
3019 235
3019 236
3019 237
3019 238
3019 239
3020 226
3020 227
3020 228
3020 229
3020 230
3021 218
3021 219
3021 220
3021 221
3021 222
3021 257
3021 258
3021 259
3021 260
3022 211
3022 212
3022 213
3022 248
3022 249
3022 250
3022 251
3022 252
3023 240
3023 241
3023 242
3023 243
3023 244
3023 245
3024 232
3024 233
3024 234
3024 235
3024 236
3024 237
3025 224
3025 225
3025 226
3025 227
3025 228
3025 229
3026 216
3026 217
3026 218
3026 219
3026 220
3026 255
3026 256
3026 257
3026 258
3027 210
3027 211
3027 246
3027 247
3027 248
3027 249
3027 250
3027 251
3028 238
3028 239
3028 240
3028 241
3028 242
3028 243
3029 230
3029 231
3029 232
3029 233
3029 234
3029 235
3030 222
3030 223
3030 224
3030 225
3030 226
3030 227
3030 262
3030 263
3031 215
3031 216
3031 217
3031 218
3031 252
3031 253
3031 254
3031 255
3031 256
3031 257
3032 209
3032 244
3032 245
3032 246
3032 247
3032 248
3032 249
3033 236
3033 237
3033 238
3033 239
3033 240
3033 241
3034 228
3034 229
3034 230
3034 231
3034 232
3034 233
3035 220
3035 221
3035 222
3035 223
3035 224
3035 225
3035 259
3035 260
3035 261
3035 262
3036 213
3036 214
3036 215
3036 216
3036 250
3036 251
3036 252
3036 253
3036 254
3036 255
3037 242
3037 243
3037 244
3037 245
3037 246
3037 247
3038 234
3038 235
3038 236
3038 237
3038 238
3038 239
3039 226
3039 227
3039 228
3039 229
3039 230
3039 231
3040 218
3040 219
3040 220
3040 221
3040 222
3040 223
3040 257
3040 258
3040 259
3040 260
3040 261
3041 212
3041 213
3041 214
3041 248
3041 249
3041 250
3041 251
3041 252
3041 253
3042 240
3042 241
3042 242
3042 243
3042 244
3042 245
3043 232
3043 233
3043 234
3043 235
3043 236
3043 237
3043 238
3044 224
3044 225
3044 226
3044 227
3044 228
3044 229
3044 264
3044 265
3044 266
3045 217
3045 218
3045 219
3045 220
3045 221
3045 255
3045 256
3045 257
3045 258
3045 259
3046 210
3046 211
3046 212
3046 246
3046 247
3046 248
3046 249
3046 250
3046 251
3046 252
3047 238
3047 239
3047 240
3047 241
3047 242
3047 243
3047 244
3048 230
3048 231
3048 232
3048 233
3048 234
3048 235
3048 236
3049 222
3049 223
3049 224
3049 225
3049 226
3049 227
3049 228
3049 262
3049 263
3049 264
3049 265
3050 215
3050 216
3050 217
3050 218
3050 219
3050 253
3050 254
3050 255
3050 256
3050 257
3051 209
3051 210
3051 244
3051 245
3051 246
3051 247
3051 248
3051 249
3051 250
3052 236
3052 237
3052 238
3052 239
3052 240
3052 241
3052 242
3053 228
3053 229
3053 230
3053 231
3053 232
3053 233
3053 234
3054 221
3054 222
3054 223
3054 224
3054 225
3054 226
3054 259
3054 260
3054 261
3054 262
3054 263
3055 213
3055 214
3055 215
3055 216
3055 217
3055 251
3055 252
3055 253
3055 254
3055 255
3055 256
3056 208
3056 242
3056 243
3056 244
3056 245
3056 246
3056 247
3056 248
3057 234
3057 235
3057 236
3057 237
3057 238
3057 239
3057 240
3058 226
3058 227
3058 228
3058 229
3058 230
3058 231
3058 232
3058 267
3058 268
3059 219
3059 220
3059 221
3059 222
3059 223
3059 224
3059 257
3059 258
3059 259
3059 260
3059 261
3059 262
3060 212
3060 213
3060 214
3060 215
3060 249
3060 250
3060 251
3060 252
3060 253
3060 254
3061 240
3061 241
3061 242
3061 243
3061 244
3061 245
3061 246
3062 232
3062 233
3062 234
3062 235
3062 236
3062 237
3062 238
3063 224
3063 225
3063 226
3063 227
3063 228
3063 229
3063 230
3063 264
3063 265
3063 266
3063 267
3064 217
3064 218
3064 219
3064 220
3064 221
3064 222
3064 255
3064 256
3064 257
3064 258
3064 259
3064 260
3065 210
3065 211
3065 212
3065 213
3065 246
3065 247
3065 248
3065 249
3065 250
3065 251
3065 252
3066 238
3066 239
3066 240
3066 241
3066 242
3066 243
3066 244
3067 230
3067 231
3067 232
3067 233
3067 234
3067 235
3067 236
3068 223
3068 224
3068 225
3068 226
3068 227
3068 228
3068 262
3068 263
3068 264
3068 265
3068 266
3069 215
3069 216
3069 217
3069 218
3069 219
3069 220
3069 253
3069 254
3069 255
3069 256
3069 257
3069 258
3070 209
3070 210
3070 211
3070 244
3070 245
3070 246
3070 247
3070 248
3070 249
3070 250
3070 251
3071 236
3071 237
3071 238
3071 239
3071 240
3071 241
3071 242
3071 243
3072 228
3072 229
3072 230
3072 231
3072 232
3072 233
3072 234
3072 235
3072 269
3072 270
3072 271
3073 221
3073 222
3073 223
3073 224
3073 225
3073 226
3073 260
3073 261
3073 262
3073 263
3073 264
3074 214
3074 215
3074 216
3074 217
3074 218
3074 251
3074 252
3074 253
3074 254
3074 255
3074 256
3074 257
3075 208
3075 209
3075 243
3075 244
3075 245
3075 246
3075 247
3075 248
3075 249
3076 234
3076 235
3076 236
3076 237
3076 238
3076 239
3076 240
3076 241
3077 227
3077 228
3077 229
3077 230
3077 231
3077 232
3077 233
3077 267
3077 268
3077 269
3078 219
3078 220
3078 221
3078 222
3078 223
3078 224
3078 257
3078 258
3078 259
3078 260
3078 261
3078 262
3079 212
3079 213
3079 214
3079 215
3079 216
3079 249
3079 250
3079 251
3079 252
3079 253
3079 254
3079 255
3080 241
3080 242
3080 243
3080 244
3080 245
3080 246
3080 247
3081 233
3081 234
3081 235
3081 236
3081 237
3081 238
3081 239
3082 225
3082 226
3082 227
3082 228
3082 229
3082 230
3082 231
3082 264
3082 265
3082 266
3082 267
3082 268
3083 217
3083 218
3083 219
3083 220
3083 221
3083 222
3083 223
3083 255
3083 256
3083 257
3083 258
3083 259
3083 260
3083 261
3084 211
3084 212
3084 213
3084 214
3084 247
3084 248
3084 249
3084 250
3084 251
3084 252
3084 253
3085 239
3085 240
3085 241
3085 242
3085 243
3085 244
3085 245
3086 231
3086 232
3086 233
3086 234
3086 235
3086 236
3086 237
3086 272
3086 273
3087 223
3087 224
3087 225
3087 226
3087 227
3087 228
3087 229
3087 262
3087 263
3087 264
3087 265
3087 266
3088 216
3088 217
3088 218
3088 219
3088 220
3088 221
3088 253
3088 254
3088 255
3088 256
3088 257
3088 258
3088 259
3089 209
3089 210
3089 211
3089 212
3089 245
3089 246
3089 247
3089 248
3089 249
3089 250
3089 251
3090 237
3090 238
3090 239
3090 240
3090 241
3090 242
3090 243
3091 229
3091 230
3091 231
3091 232
3091 233
3091 234
3091 235
3091 269
3091 270
3091 271
3091 272
3092 221
3092 222
3092 223
3092 224
3092 225
3092 226
3092 227
3092 260
3092 261
3092 262
3092 263
3092 264
3092 265
3093 214
3093 215
3093 216
3093 217
3093 218
3093 219
3093 251
3093 252
3093 253
3093 254
3093 255
3093 256
3093 257
3094 208
3094 209
3094 210
3094 243
3094 244
3094 245
3094 246
3094 247
3094 248
3094 249
3095 235
3095 236
3095 237
3095 238
3095 239
3095 240
3095 241
3095 242
3096 227
3096 228
3096 229
3096 230
3096 231
3096 232
3096 233
3096 267
3096 268
3096 269
3096 270
3097 220
3097 221
3097 222
3097 223
3097 224
3097 225
3097 258
3097 259
3097 260
3097 261
3097 262
3097 263
3098 213
3098 214
3098 215
3098 216
3098 217
3098 249
3098 250
3098 251
3098 252
3098 253
3098 254
3098 255
3099 207
3099 241
3099 242
3099 243
3099 244
3099 245
3099 246
3099 247
3099 248
3100 233
3100 234
3100 235
3100 236
3100 237
3100 238
3100 239
3100 240
3101 225
3101 226
3101 227
3101 228
3101 229
3101 230
3101 231
3101 232
3101 265
3101 266
3101 267
3101 268
3101 269
3102 218
3102 219
3102 220
3102 221
3102 222
3102 223
3102 256
3102 257
3102 258
3102 259
3102 260
3102 261
3103 211
3103 212
3103 213
3103 214
3103 215
3103 247
3103 248
3103 249
3103 250
3103 251
3103 252
3103 253
3103 254
3104 239
3104 240
3104 241
3104 242
3104 243
3104 244
3104 245
3104 246
3105 231
3105 232
3105 233
3105 234
3105 235
3105 236
3105 237
3105 238
3105 272
3105 273
3105 274
3106 224
3106 225
3106 226
3106 227
3106 228
3106 229
3106 230
3106 263
3106 264
3106 265
3106 266
3106 267
3107 216
3107 217
3107 218
3107 219
3107 220
3107 221
3107 254
3107 255
3107 256
3107 257
3107 258
3107 259
3107 260
3108 210
3108 211
3108 212
3108 245
3108 246
3108 247
3108 248
3108 249
3108 250
3108 251
3108 252
3109 237
3109 238
3109 239
3109 240
3109 241
3109 242
3109 243
3109 244
3110 229
3110 230
3110 231
3110 232
3110 233
3110 234
3110 235
3110 236
3110 270
3110 271
3110 272
3110 273
3111 222
3111 223
3111 224
3111 225
3111 226
3111 227
3111 228
3111 260
3111 261
3111 262
3111 263
3111 264
3111 265
3111 266
3112 215
3112 216
3112 217
3112 218
3112 219
3112 252
3112 253
3112 254
3112 255
3112 256
3112 257
3112 258
3113 208
3113 209
3113 210
3113 243
3113 244
3113 245
3113 246
3113 247
3113 248
3113 249
3113 250
3114 97
3114 235
3114 236
3114 237
3114 238
3114 239
3114 240
3114 241
3114 242
3115 228
3115 229
3115 230
3115 231
3115 232
3115 233
3115 234
3115 267
3115 268
3115 269
3115 270
3115 271
3116 220
3116 221
3116 222
3116 223
3116 224
3116 225
3116 226
3116 258
3116 259
3116 260
3116 261
3116 262
3116 263
3116 264
3117 213
3117 214
3117 215
3117 216
3117 217
3117 250
3117 251
3117 252
3117 253
3117 254
3117 255
3117 256
3118 103
3118 104
3118 207
3118 208
3118 241
3118 242
3118 243
3118 244
3118 245
3118 246
3118 247
3118 248
3119 95
3119 233
3119 234
3119 235
3119 236
3119 237
3119 238
3119 239
3119 240
3119 275
3119 276
3120 226
3120 227
3120 228
3120 229
3120 230
3120 231
3120 232
3120 265
3120 266
3120 267
3120 268
3120 269
3120 270
3121 218
3121 219
3121 220
3121 221
3121 222
3121 223
3121 224
3121 256
3121 257
3121 258
3121 259
3121 260
3121 261
3121 262
3122 109
3122 110
3122 211
3122 212
3122 213
3122 214
3122 215
3122 248
3122 249
3122 250
3122 251
3122 252
3122 253
3122 254
3123 101
3123 102
3123 240
3123 241
3123 242
3123 243
3123 244
3123 245
3123 246
3124 93
3124 94
3124 232
3124 233
3124 234
3124 235
3124 236
3124 237
3124 238
3124 272
3124 273
3124 274
3124 275
3125 224
3125 225
3125 226
3125 227
3125 228
3125 229
3125 230
3125 263
3125 264
3125 265
3125 266
3125 267
3125 268
3126 217
3126 218
3126 219
3126 220
3126 221
3126 222
3126 254
3126 255
3126 256
3126 257
3126 258
3126 259
3126 260
3127 107
3127 108
3127 210
3127 211
3127 212
3127 213
3127 246
3127 247
3127 248
3127 249
3127 250
3127 251
3127 252
3127 253
3128 99
3128 100
3128 101
3128 238
3128 239
3128 240
3128 241
3128 242
3128 243
3128 244
3128 245
3129 91
3129 92
3129 230
3129 231
3129 232
3129 233
3129 234
3129 235
3129 236
3129 237
3129 270
3129 271
3129 272
3129 273
3130 222
3130 223
3130 224
3130 225
3130 226
3130 227
3130 228
3130 261
3130 262
3130 263
3130 264
3130 265
3130 266
3131 113
3131 114
3131 215
3131 216
3131 217
3131 218
3131 219
3131 220
3131 252
3131 253
3131 254
3131 255
3131 256
3131 257
3131 258
3131 259
3132 105
3132 106
3132 107
3132 209
3132 210
3132 211
3132 244
3132 245
3132 246
3132 247
3132 248
3132 249
3132 250
3132 251
3133 96
3133 97
3133 98
3133 99
3133 236
3133 237
3133 238
3133 239
3133 240
3133 241
3133 242
3133 243
3134 89
3134 90
3134 228
3134 229
3134 230
3134 231
3134 232
3134 233
3134 234
3134 235
3134 268
3134 269
3134 270
3134 271
3134 272
3135 221
3135 222
3135 223
3135 224
3135 225
3135 226
3135 259
3135 260
3135 261
3135 262
3135 263
3135 264
3135 265
3136 111
3136 112
3136 113
3136 214
3136 215
3136 216
3136 217
3136 218
3136 250
3136 251
3136 252
3136 253
3136 254
3136 255
3136 256
3136 257
3137 102
3137 103
3137 104
3137 105
3137 208
3137 209
3137 242
3137 243
3137 244
3137 245
3137 246
3137 247
3137 248
3137 249
3138 94
3138 95
3138 96
3138 97
3138 234
3138 235
3138 236
3138 237
3138 238
3138 239
3138 240
3138 241
3138 275
3138 276
3138 277
3139 87
3139 88
3139 226
3139 227
3139 228
3139 229
3139 230
3139 231
3139 232
3139 233
3139 266
3139 267
3139 268
3139 269
3139 270
3140 117
3140 118
3140 219
3140 220
3140 221
3140 222
3140 223
3140 224
3140 257
3140 258
3140 259
3140 260
3140 261
3140 262
3140 263
3141 109
3141 110
3141 111
3141 212
3141 213
3141 214
3141 215
3141 216
3141 248
3141 249
3141 250
3141 251
3141 252
3141 253
3141 254
3141 255
3142 100
3142 101
3142 102
3142 103
3142 240
3142 241
3142 242
3142 243
3142 244
3142 245
3142 246
3142 247
3143 92
3143 93
3143 94
3143 95
3143 232
3143 233
3143 234
3143 235
3143 236
3143 237
3143 238
3143 239
3143 273
3143 274
3143 275
3143 276
3144 85
3144 86
3144 225
3144 226
3144 227
3144 228
3144 229
3144 230
3144 231
3144 263
3144 264
3144 265
3144 266
3144 267
3144 268
3144 269
3145 115
3145 116
3145 117
3145 217
3145 218
3145 219
3145 220
3145 221
3145 222
3145 223
3145 255
3145 256
3145 257
3145 258
3145 259
3145 260
3145 261
3146 107
3146 108
3146 109
3146 110
3146 211
3146 212
3146 213
3146 214
3146 246
3146 247
3146 248
3146 249
3146 250
3146 251
3146 252
3146 253
3147 98
3147 99
3147 100
3147 101
3147 102
3147 238
3147 239
3147 240
3147 241
3147 242
3147 243
3147 244
3147 245
3148 91
3148 92
3148 93
3148 230
3148 231
3148 232
3148 233
3148 234
3148 235
3148 236
3148 237
3148 270
3148 271
3148 272
3148 273
3148 274
3149 83
3149 84
3149 122
3149 223
3149 224
3149 225
3149 226
3149 227
3149 228
3149 229
3149 261
3149 262
3149 263
3149 264
3149 265
3149 266
3149 267
3150 113
3150 114
3150 115
3150 116
3150 216
3150 217
3150 218
3150 219
3150 220
3150 221
3150 253
3150 254
3150 255
3150 256
3150 257
3150 258
3150 259
3151 104
3151 105
3151 106
3151 107
3151 108
3151 209
3151 210
3151 211
3151 212
3151 244
3151 245
3151 246
3151 247
3151 248
3151 249
3151 250
3151 251
3152 96
3152 97
3152 98
3152 99
3152 100
3152 236
3152 237
3152 238
3152 239
3152 240
3152 241
3152 242
3152 243
3153 89
3153 90
3153 91
3153 229
3153 230
3153 231
3153 232
3153 233
3153 234
3153 235
3153 268
3153 269
3153 270
3153 271
3153 272
3153 273
3154 82
3154 119
3154 120
3154 121
3154 221
3154 222
3154 223
3154 224
3154 225
3154 226
3154 227
3154 259
3154 260
3154 261
3154 262
3154 263
3154 264
3154 265
3155 111
3155 112
3155 113
3155 114
3155 214
3155 215
3155 216
3155 217
3155 218
3155 219
3155 251
3155 252
3155 253
3155 254
3155 255
3155 256
3155 257
3156 102
3156 103
3156 104
3156 105
3156 106
3156 208
3156 209
3156 242
3156 243
3156 244
3156 245
3156 246
3156 247
3156 248
3156 249
3156 250
3157 94
3157 95
3157 96
3157 97
3157 98
3157 235
3157 236
3157 237
3157 238
3157 239
3157 240
3157 241
3157 242
3157 276
3157 277
3157 278
3158 87
3158 88
3158 89
3158 227
3158 228
3158 229
3158 230
3158 231
3158 232
3158 233
3158 266
3158 267
3158 268
3158 269
3158 270
3158 271
3159 117
3159 118
3159 119
3159 120
3159 219
3159 220
3159 221
3159 222
3159 223
3159 224
3159 225
3159 257
3159 258
3159 259
3159 260
3159 261
3159 262
3159 263
3160 109
3160 110
3160 111
3160 112
3160 213
3160 214
3160 215
3160 216
3160 249
3160 250
3160 251
3160 252
3160 253
3160 254
3160 255
3160 256
3161 100
3161 101
3161 102
3161 103
3161 104
3161 241
3161 242
3161 243
3161 244
3161 245
3161 246
3161 247
3161 248
3162 93
3162 94
3162 95
3162 96
3162 233
3162 234
3162 235
3162 236
3162 237
3162 238
3162 239
3162 240
3162 273
3162 274
3162 275
3162 276
3163 85
3163 86
3163 87
3163 124
3163 125
3163 225
3163 226
3163 227
3163 228
3163 229
3163 230
3163 231
3163 264
3163 265
3163 266
3163 267
3163 268
3163 269
3164 115
3164 116
3164 117
3164 118
3164 218
3164 219
3164 220
3164 221
3164 222
3164 223
3164 255
3164 256
3164 257
3164 258
3164 259
3164 260
3164 261
3164 262
3165 107
3165 108
3165 109
3165 110
3165 111
3165 211
3165 212
3165 213
3165 214
3165 247
3165 248
3165 249
3165 250
3165 251
3165 252
3165 253
3165 254
3166 98
3166 99
3166 100
3166 101
3166 102
3166 103
3166 239
3166 240
3166 241
3166 242
3166 243
3166 244
3166 245
3166 246
3167 91
3167 92
3167 93
3167 94
3167 231
3167 232
3167 233
3167 234
3167 235
3167 236
3167 237
3167 238
3167 271
3167 272
3167 273
3167 274
3167 275
3168 83
3168 84
3168 85
3168 121
3168 122
3168 123
3168 124
3168 223
3168 224
3168 225
3168 226
3168 227
3168 228
3168 229
3168 230
3168 262
3168 263
3168 264
3168 265
3168 266
3168 267
3169 113
3169 114
3169 115
3169 116
3169 117
3169 216
3169 217
3169 218
3169 219
3169 220
3169 221
3169 253
3169 254
3169 255
3169 256
3169 257
3169 258
3169 259
3169 260
3170 105
3170 106
3170 107
3170 108
3170 109
3170 210
3170 211
3170 212
3170 245
3170 246
3170 247
3170 248
3170 249
3170 250
3170 251
3170 252
3171 97
3171 98
3171 99
3171 100
3171 101
3171 237
3171 238
3171 239
3171 240
3171 241
3171 242
3171 243
3171 244
3171 279
3172 89
3172 90
3172 91
3172 92
3172 229
3172 230
3172 231
3172 232
3172 233
3172 234
3172 235
3172 236
3172 269
3172 270
3172 271
3172 272
3172 273
3173 81
3173 82
3173 83
3173 119
3173 120
3173 121
3173 122
3173 222
3173 223
3173 224
3173 225
3173 226
3173 227
3173 228
3173 260
3173 261
3173 262
3173 263
3173 264
3173 265
3173 266
3174 111
3174 112
3174 113
3174 114
3174 115
3174 215
3174 216
3174 217
3174 218
3174 219
3174 251
3174 252
3174 253
3174 254
3174 255
3174 256
3174 257
3174 258
3175 103
3175 104
3175 105
3175 106
3175 107
3175 209
3175 210
3175 243
3175 244
3175 245
3175 246
3175 247
3175 248
3175 249
3175 250
3176 95
3176 96
3176 97
3176 98
3176 99
3176 235
3176 236
3176 237
3176 238
3176 239
3176 240
3176 241
3176 242
3176 276
3176 277
3176 278
3177 87
3177 88
3177 89
3177 90
3177 126
3177 127
3177 227
3177 228
3177 229
3177 230
3177 231
3177 232
3177 233
3177 234
3177 267
3177 268
3177 269
3177 270
3177 271
3178 80
3178 81
3178 117
3178 118
3178 119
3178 120
3178 121
3178 220
3178 221
3178 222
3178 223
3178 224
3178 225
3178 226
3178 258
3178 259
3178 260
3178 261
3178 262
3178 263
3178 264
3179 109
3179 110
3179 111
3179 112
3179 113
3179 213
3179 214
3179 215
3179 216
3179 217
3179 249
3179 250
3179 251
3179 252
3179 253
3179 254
3179 255
3179 256
3180 101
3180 102
3180 103
3180 104
3180 105
3180 241
3180 242
3180 243
3180 244
3180 245
3180 246
3180 247
3180 248
3181 93
3181 94
3181 95
3181 96
3181 97
3181 233
3181 234
3181 235
3181 236
3181 237
3181 238
3181 239
3181 240
3181 274
3181 275
3181 276
3181 277
3182 85
3182 86
3182 87
3182 88
3182 124
3182 125
3182 126
3182 226
3182 227
3182 228
3182 229
3182 230
3182 231
3182 232
3182 264
3182 265
3182 266
3182 267
3182 268
3182 269
3182 270
3183 78
3183 115
3183 116
3183 117
3183 118
3183 119
3183 218
3183 219
3183 220
3183 221
3183 222
3183 223
3183 224
3183 256
3183 257
3183 258
3183 259
3183 260
3183 261
3183 262
3184 107
3184 108
3184 109
3184 110
3184 111
3184 212
3184 213
3184 214
3184 215
3184 247
3184 248
3184 249
3184 250
3184 251
3184 252
3184 253
3184 254
3185 99
3185 100
3185 101
3185 102
3185 103
3185 239
3185 240
3185 241
3185 242
3185 243
3185 244
3185 245
3185 246
3186 91
3186 92
3186 93
3186 94
3186 95
3186 231
3186 232
3186 233
3186 234
3186 235
3186 236
3186 237
3186 238
3186 271
3186 272
3186 273
3186 274
3186 275
3187 83
3187 84
3187 85
3187 86
3187 122
3187 123
3187 124
3187 125
3187 224
3187 225
3187 226
3187 227
3187 228
3187 229
3187 230
3187 262
3187 263
3187 264
3187 265
3187 266
3187 267
3187 268
3188 113
3188 114
3188 115
3188 116
3188 117
3188 217
3188 218
3188 219
3188 220
3188 221
3188 222
3188 254
3188 255
3188 256
3188 257
3188 258
3188 259
3188 260
3189 105
3189 106
3189 107
3189 108
3189 109
3189 110
3189 210
3189 211
3189 212
3189 213
3189 246
3189 247
3189 248
3189 249
3189 250
3189 251
3189 252
3189 253
3190 97
3190 98
3190 99
3190 100
3190 101
3190 237
3190 238
3190 239
3190 240
3190 241
3190 242
3190 243
3190 244
3190 245
3190 279
3190 280
3191 89
3191 90
3191 91
3191 92
3191 93
3191 128
3191 129
3191 130
3191 230
3191 231
3191 232
3191 233
3191 234
3191 235
3191 236
3191 269
3191 270
3191 271
3191 272
3191 273
3191 274
3192 81
3192 82
3192 83
3192 84
3192 119
3192 120
3192 121
3192 122
3192 123
3192 222
3192 223
3192 224
3192 225
3192 226
3192 227
3192 228
3192 260
3192 261
3192 262
3192 263
3192 264
3192 265
3192 266
3193 111
3193 112
3193 113
3193 114
3193 115
3193 116
3193 215
3193 216
3193 217
3193 218
3193 219
3193 220
3193 252
3193 253
3193 254
3193 255
3193 256
3193 257
3193 258
3193 259
3194 103
3194 104
3194 105
3194 106
3194 107
3194 108
3194 209
3194 210
3194 244
3194 245
3194 246
3194 247
3194 248
3194 249
3194 250
3194 251
3195 95
3195 96
3195 97
3195 98
3195 99
3195 100
3195 236
3195 237
3195 238
3195 239
3195 240
3195 241
3195 242
3195 243
3195 277
3195 278
3195 279
3196 87
3196 88
3196 89
3196 90
3196 91
3196 126
3196 127
3196 128
3196 228
3196 229
3196 230
3196 231
3196 232
3196 233
3196 234
3196 267
3196 268
3196 269
3196 270
3196 271
3196 272
3197 80
3197 81
3197 82
3197 117
3197 118
3197 119
3197 120
3197 121
3197 122
3197 221
3197 222
3197 223
3197 224
3197 225
3197 226
3197 258
3197 259
3197 260
3197 261
3197 262
3197 263
3197 264
3197 265
3198 109
3198 110
3198 111
3198 112
3198 113
3198 114
3198 214
3198 215
3198 216
3198 217
3198 218
3198 250
3198 251
3198 252
3198 253
3198 254
3198 255
3198 256
3198 257
3199 101
3199 102
3199 103
3199 104
3199 105
3199 106
3199 242
3199 243
3199 244
3199 245
3199 246
3199 247
3199 248
3199 249
3200 93
3200 94
3200 95
3200 96
3200 97
3200 98
3200 234
3200 235
3200 236
3200 237
3200 238
3200 239
3200 240
3200 241
3200 274
3200 275
3200 276
3200 277
3201 85
3201 86
3201 87
3201 88
3201 89
3201 124
3201 125
3201 126
3201 127
3201 226
3201 227
3201 228
3201 229
3201 230
3201 231
3201 232
3201 233
3201 265
3201 266
3201 267
3201 268
3201 269
3201 270
3202 78
3202 79
3202 115
3202 116
3202 117
3202 118
3202 119
3202 120
3202 219
3202 220
3202 221
3202 222
3202 223
3202 224
3202 256
3202 257
3202 258
3202 259
3202 260
3202 261
3202 262
3202 263
3203 107
3203 108
3203 109
3203 110
3203 111
3203 112
3203 212
3203 213
3203 214
3203 215
3203 248
3203 249
3203 250
3203 251
3203 252
3203 253
3203 254
3203 255
3204 99
3204 100
3204 101
3204 102
3204 103
3204 104
3204 240
3204 241
3204 242
3204 243
3204 244
3204 245
3204 246
3204 247
3205 91
3205 92
3205 93
3205 94
3205 95
3205 96
3205 131
3205 132
3205 232
3205 233
3205 234
3205 235
3205 236
3205 237
3205 238
3205 239
3205 272
3205 273
3205 274
3205 275
3205 276
3206 83
3206 84
3206 85
3206 86
3206 87
3206 122
3206 123
3206 124
3206 125
3206 225
3206 226
3206 227
3206 228
3206 229
3206 230
3206 231
3206 263
3206 264
3206 265
3206 266
3206 267
3206 268
3206 269
3207 77
3207 113
3207 114
3207 115
3207 116
3207 117
3207 118
3207 217
3207 218
3207 219
3207 220
3207 221
3207 222
3207 254
3207 255
3207 256
3207 257
3207 258
3207 259
3207 260
3207 261
3208 105
3208 106
3208 107
3208 108
3208 109
3208 110
3208 211
3208 212
3208 213
3208 246
3208 247
3208 248
3208 249
3208 250
3208 251
3208 252
3208 253
3209 97
3209 98
3209 99
3209 100
3209 101
3209 102
3209 238
3209 239
3209 240
3209 241
3209 242
3209 243
3209 244
3209 245
3209 280
3209 281
3210 89
3210 90
3210 91
3210 92
3210 93
3210 94
3210 128
3210 129
3210 130
3210 131
3210 230
3210 231
3210 232
3210 233
3210 234
3210 235
3210 236
3210 237
3210 270
3210 271
3210 272
3210 273
3210 274
3211 82
3211 83
3211 84
3211 85
3211 120
3211 121
3211 122
3211 123
3211 124
3211 223
3211 224
3211 225
3211 226
3211 227
3211 228
3211 229
3211 261
3211 262
3211 263
3211 264
3211 265
3211 266
3211 267
3212 111
3212 112
3212 113
3212 114
3212 115
3212 116
3212 216
3212 217
3212 218
3212 219
3212 220
3212 252
3212 253
3212 254
3212 255
3212 256
3212 257
3212 258
3212 259
3213 103
3213 104
3213 105
3213 106
3213 107
3213 108
3213 210
3213 211
3213 244
3213 245
3213 246
3213 247
3213 248
3213 249
3213 250
3213 251
3214 95
3214 96
3214 97
3214 98
3214 99
3214 100
3214 236
3214 237
3214 238
3214 239
3214 240
3214 241
3214 242
3214 243
3214 277
3214 278
3214 279
3215 87
3215 88
3215 89
3215 90
3215 91
3215 92
3215 126
3215 127
3215 128
3215 129
3215 229
3215 230
3215 231
3215 232
3215 233
3215 234
3215 235
3215 268
3215 269
3215 270
3215 271
3215 272
3215 273
3216 80
3216 81
3216 82
3216 118
3216 119
3216 120
3216 121
3216 122
3216 221
3216 222
3216 223
3216 224
3216 225
3216 226
3216 227
3216 259
3216 260
3216 261
3216 262
3216 263
3216 264
3216 265
3217 109
3217 110
3217 111
3217 112
3217 113
3217 114
3217 115
3217 214
3217 215
3217 216
3217 217
3217 218
3217 251
3217 252
3217 253
3217 254
3217 255
3217 256
3217 257
3218 101
3218 102
3218 103
3218 104
3218 105
3218 106
3218 107
3218 242
3218 243
3218 244
3218 245
3218 246
3218 247
3218 248
3218 249
3219 93
3219 94
3219 95
3219 96
3219 97
3219 98
3219 133
3219 134
3219 234
3219 235
3219 236
3219 237
3219 238
3219 239
3219 240
3219 241
3219 275
3219 276
3219 277
3219 278
3220 86
3220 87
3220 88
3220 89
3220 90
3220 124
3220 125
3220 126
3220 127
3220 128
3220 227
3220 228
3220 229
3220 230
3220 231
3220 232
3220 233
3220 266
3220 267
3220 268
3220 269
3220 270
3220 271
3221 78
3221 79
3221 80
3221 116
3221 117
3221 118
3221 119
3221 120
3221 121
3221 220
3221 221
3221 222
3221 223
3221 224
3221 225
3221 257
3221 258
3221 259
3221 260
3221 261
3221 262
3221 263
3222 107
3222 108
3222 109
3222 110
3222 111
3222 112
3222 113
3222 213
3222 214
3222 215
3222 216
3222 249
3222 250
3222 251
3222 252
3222 253
3222 254
3222 255
3223 99
3223 100
3223 101
3223 102
3223 103
3223 104
3223 105
3223 241
3223 242
3223 243
3223 244
3223 245
3223 246
3223 247
3224 91
3224 92
3224 93
3224 94
3224 95
3224 96
3224 131
3224 132
3224 133
3224 233
3224 234
3224 235
3224 236
3224 237
3224 238
3224 239
3224 273
3224 274
3224 275
3224 276
3225 84
3225 85
3225 86
3225 87
3225 122
3225 123
3225 124
3225 125
3225 126
3225 225
3225 226
3225 227
3225 228
3225 229
3225 230
3225 231
3225 264
3225 265
3225 266
3225 267
3225 268
3225 269
3226 77
3226 78
3226 114
3226 115
3226 116
3226 117
3226 118
3226 119
3226 218
3226 219
3226 220
3226 221
3226 222
3226 223
3226 255
3226 256
3226 257
3226 258
3226 259
3226 260
3226 261
3227 106
3227 107
3227 108
3227 109
3227 110
3227 111
3227 212
3227 213
3227 214
3227 247
3227 248
3227 249
3227 250
3227 251
3227 252
3227 253
3227 254
3228 97
3228 98
3228 99
3228 100
3228 101
3228 102
3228 103
3228 239
3228 240
3228 241
3228 242
3228 243
3228 244
3228 245
3228 246
3228 281
3229 90
3229 91
3229 92
3229 93
3229 94
3229 129
3229 130
3229 131
3229 132
3229 231
3229 232
3229 233
3229 234
3229 235
3229 236
3229 237
3229 271
3229 272
3229 273
3229 274
3229 275
3230 82
3230 83
3230 84
3230 85
3230 120
3230 121
3230 122
3230 123
3230 124
3230 125
3230 223
3230 224
3230 225
3230 226
3230 227
3230 228
3230 229
3230 262
3230 263
3230 264
3230 265
3230 266
3230 267
3231 112
3231 113
3231 114
3231 115
3231 116
3231 117
3231 217
3231 218
3231 219
3231 220
3231 221
3231 253
3231 254
3231 255
3231 256
3231 257
3231 258
3231 259
3231 260
3232 104
3232 105
3232 106
3232 107
3232 108
3232 109
3232 245
3232 246
3232 247
3232 248
3232 249
3232 250
3232 251
3232 252
3233 96
3233 97
3233 98
3233 99
3233 100
3233 101
3233 136
3233 237
3233 238
3233 239
3233 240
3233 241
3233 242
3233 243
3233 244
3233 278
3233 279
3233 280
3234 88
3234 89
3234 90
3234 91
3234 92
3234 127
3234 128
3234 129
3234 130
3234 229
3234 230
3234 231
3234 232
3234 233
3234 234
3234 235
3234 268
3234 269
3234 270
3234 271
3234 272
3234 273
3235 80
3235 81
3235 82
3235 83
3235 118
3235 119
3235 120
3235 121
3235 122
3235 123
3235 222
3235 223
3235 224
3235 225
3235 226
3235 227
3235 260
3235 261
3235 262
3235 263
3235 264
3235 265
3235 266
3236 110
3236 111
3236 112
3236 113
3236 114
3236 115
3236 215
3236 216
3236 217
3236 218
3236 251
3236 252
3236 253
3236 254
3236 255
3236 256
3236 257
3236 258
3237 102
3237 103
3237 104
3237 105
3237 106
3237 107
3237 243
3237 244
3237 245
3237 246
3237 247
3237 248
3237 249
3237 250
3238 94
3238 95
3238 96
3238 97
3238 98
3238 99
3238 133
3238 134
3238 135
3238 235
3238 236
3238 237
3238 238
3238 239
3238 240
3238 241
3238 242
3238 276
3238 277
3238 278
3239 86
3239 87
3239 88
3239 89
3239 90
3239 124
3239 125
3239 126
3239 127
3239 128
3239 227
3239 228
3239 229
3239 230
3239 231
3239 232
3239 233
3239 266
3239 267
3239 268
3239 269
3239 270
3239 271
3240 79
3240 80
3240 81
3240 116
3240 117
3240 118
3240 119
3240 120
3240 121
3240 220
3240 221
3240 222
3240 223
3240 224
3240 225
3240 258
3240 259
3240 260
3240 261
3240 262
3240 263
3240 264
3241 108
3241 109
3241 110
3241 111
3241 112
3241 113
3241 214
3241 215
3241 216
3241 249
3241 250
3241 251
3241 252
3241 253
3241 254
3241 255
3241 256
3242 100
3242 101
3242 102
3242 103
3242 104
3242 105
3242 241
3242 242
3242 243
3242 244
3242 245
3242 246
3242 247
3242 248
3243 92
3243 93
3243 94
3243 95
3243 96
3243 97
3243 131
3243 132
3243 133
3243 134
3243 233
3243 234
3243 235
3243 236
3243 237
3243 238
3243 239
3243 240
3243 273
3243 274
3243 275
3243 276
3243 277
3244 84
3244 85
3244 86
3244 87
3244 88
3244 122
3244 123
3244 124
3244 125
3244 126
3244 127
3244 226
3244 227
3244 228
3244 229
3244 230
3244 231
3244 232
3244 264
3244 265
3244 266
3244 267
3244 268
3244 269
3244 270
3245 77
3245 78
3245 114
3245 115
3245 116
3245 117
3245 118
3245 119
3245 219
3245 220
3245 221
3245 222
3245 223
3245 256
3245 257
3245 258
3245 259
3245 260
3245 261
3245 262
3246 106
3246 107
3246 108
3246 109
3246 110
3246 111
3246 112
3246 213
3246 214
3246 247
3246 248
3246 249
3246 250
3246 251
3246 252
3246 253
3246 254
3247 98
3247 99
3247 100
3247 101
3247 102
3247 103
3247 239
3247 240
3247 241
3247 242
3247 243
3247 244
3247 245
3247 246
3248 90
3248 91
3248 92
3248 93
3248 94
3248 95
3248 129
3248 130
3248 131
3248 132
3248 232
3248 233
3248 234
3248 235
3248 236
3248 237
3248 238
3248 271
3248 272
3248 273
3248 274
3248 275
3249 82
3249 83
3249 84
3249 85
3249 86
3249 120
3249 121
3249 122
3249 123
3249 124
3249 125
3249 224
3249 225
3249 226
3249 227
3249 228
3249 229
3249 230
3249 262
3249 263
3249 264
3249 265
3249 266
3249 267
3249 268
3250 112
3250 113
3250 114
3250 115
3250 116
3250 117
3250 118
3250 217
3250 218
3250 219
3250 220
3250 221
3250 254
3250 255
3250 256
3250 257
3250 258
3250 259
3250 260
3251 104
3251 105
3251 106
3251 107
3251 108
3251 109
3251 110
3251 245
3251 246
3251 247
3251 248
3251 249
3251 250
3251 251
3251 252
3252 96
3252 97
3252 98
3252 99
3252 100
3252 101
3252 136
3252 137
3252 238
3252 239
3252 240
3252 241
3252 242
3252 243
3252 244
3252 279
3252 280
3253 88
3253 89
3253 90
3253 91
3253 92
3253 93
3253 127
3253 128
3253 129
3253 130
3253 131
3253 230
3253 231
3253 232
3253 233
3253 234
3253 235
3253 236
3253 269
3253 270
3253 271
3253 272
3253 273
3253 274
3254 81
3254 82
3254 83
3254 84
3254 118
3254 119
3254 120
3254 121
3254 122
3254 123
3254 223
3254 224
3254 225
3254 226
3254 227
3254 228
3254 260
3254 261
3254 262
3254 263
3254 264
3254 265
3254 266
3255 110
3255 111
3255 112
3255 113
3255 114
3255 115
3255 116
3255 216
3255 217
3255 218
3255 219
3255 252
3255 253
3255 254
3255 255
3255 256
3255 257
3255 258
3256 102
3256 103
3256 104
3256 105
3256 106
3256 107
3256 108
3256 244
3256 245
3256 246
3256 247
3256 248
3256 249
3256 250
3257 94
3257 95
3257 96
3257 97
3257 98
3257 99
3257 134
3257 135
3257 136
3257 236
3257 237
3257 238
3257 239
3257 240
3257 241
3257 242
3257 276
3257 277
3257 278
3257 279
3258 86
3258 87
3258 88
3258 89
3258 90
3258 91
3258 125
3258 126
3258 127
3258 128
3258 129
3258 228
3258 229
3258 230
3258 231
3258 232
3258 233
3258 234
3258 267
3258 268
3258 269
3258 270
3258 271
3258 272
3259 79
3259 80
3259 81
3259 117
3259 118
3259 119
3259 120
3259 121
3259 122
3259 221
3259 222
3259 223
3259 224
3259 225
3259 258
3259 259
3259 260
3259 261
3259 262
3259 263
3259 264
3260 108
3260 109
3260 110
3260 111
3260 112
3260 113
3260 114
3260 215
3260 216
3260 250
3260 251
3260 252
3260 253
3260 254
3260 255
3260 256
3261 100
3261 101
3261 102
3261 103
3261 104
3261 105
3261 106
3261 242
3261 243
3261 244
3261 245
3261 246
3261 247
3261 248
3262 92
3262 93
3262 94
3262 95
3262 96
3262 97
3262 132
3262 133
3262 134
3262 234
3262 235
3262 236
3262 237
3262 238
3262 239
3262 240
3262 274
3262 275
3262 276
3262 277
3263 85
3263 86
3263 87
3263 88
3263 89
3263 123
3263 124
3263 125
3263 126
3263 127
3263 227
3263 228
3263 229
3263 230
3263 231
3263 232
3263 265
3263 266
3263 267
3263 268
3263 269
3263 270
3264 78
3264 79
3264 115
3264 116
3264 117
3264 118
3264 119
3264 120
3264 219
3264 220
3264 221
3264 222
3264 223
3264 256
3264 257
3264 258
3264 259
3264 260
3264 261
3264 262
3265 106
3265 107
3265 108
3265 109
3265 110
3265 111
3265 112
3265 214
3265 248
3265 249
3265 250
3265 251
3265 252
3265 253
3265 254
3265 255
3266 98
3266 99
3266 100
3266 101
3266 102
3266 103
3266 104
3266 240
3266 241
3266 242
3266 243
3266 244
3266 245
3266 246
3267 91
3267 92
3267 93
3267 94
3267 95
3267 129
3267 130
3267 131
3267 132
3267 133
3267 232
3267 233
3267 234
3267 235
3267 236
3267 237
3267 238
3267 272
3267 273
3267 274
3267 275
3267 276
3268 83
3268 84
3268 85
3268 86
3268 121
3268 122
3268 123
3268 124
3268 125
3268 126
3268 225
3268 226
3268 227
3268 228
3268 229
3268 230
3268 263
3268 264
3268 265
3268 266
3268 267
3268 268
3269 113
3269 114
3269 115
3269 116
3269 117
3269 118
3269 218
3269 219
3269 220
3269 221
3269 254
3269 255
3269 256
3269 257
3269 258
3269 259
3269 260
3269 261
3270 105
3270 106
3270 107
3270 108
3270 109
3270 110
3270 246
3270 247
3270 248
3270 249
3270 250
3270 251
3270 252
3270 253
3271 97
3271 98
3271 99
3271 100
3271 101
3271 102
3271 137
3271 138
3271 238
3271 239
3271 240
3271 241
3271 242
3271 243
3271 244
3271 245
3271 280
3271 281
3272 89
3272 90
3272 91
3272 92
3272 93
3272 127
3272 128
3272 129
3272 130
3272 131
3272 231
3272 232
3272 233
3272 234
3272 235
3272 236
3272 270
3272 271
3272 272
3272 273
3272 274
3273 81
3273 82
3273 83
3273 84
3273 119
3273 120
3273 121
3273 122
3273 123
3273 124
3273 223
3273 224
3273 225
3273 226
3273 227
3273 228
3273 261
3273 262
3273 263
3273 264
3273 265
3273 266
3274 111
3274 112
3274 113
3274 114
3274 115
3274 116
3274 217
3274 218
3274 219
3274 252
3274 253
3274 254
3274 255
3274 256
3274 257
3274 258
3274 259
3275 103
3275 104
3275 105
3275 106
3275 107
3275 108
3275 244
3275 245
3275 246
3275 247
3275 248
3275 249
3275 250
3275 251
3276 95
3276 96
3276 97
3276 98
3276 99
3276 100
3276 134
3276 135
3276 136
3276 236
3276 237
3276 238
3276 239
3276 240
3276 241
3276 242
3276 243
3276 277
3276 278
3276 279
3277 87
3277 88
3277 89
3277 90
3277 91
3277 125
3277 126
3277 127
3277 128
3277 129
3277 130
3277 229
3277 230
3277 231
3277 232
3277 233
3277 234
3277 268
3277 269
3277 270
3277 271
3277 272
3278 80
3278 81
3278 82
3278 117
3278 118
3278 119
3278 120
3278 121
3278 122
3278 222
3278 223
3278 224
3278 225
3278 226
3278 259
3278 260
3278 261
3278 262
3278 263
3278 264
3278 265
3279 109
3279 110
3279 111
3279 112
3279 113
3279 114
3279 115
3279 216
3279 217
3279 251
3279 252
3279 253
3279 254
3279 255
3279 256
3279 257
3280 101
3280 102
3280 103
3280 104
3280 105
3280 106
3280 243
3280 244
3280 245
3280 246
3280 247
3280 248
3280 249
3281 93
3281 94
3281 95
3281 96
3281 97
3281 98
3281 132
3281 133
3281 134
3281 135
3281 235
3281 236
3281 237
3281 238
3281 239
3281 240
3281 241
3281 275
3281 276
3281 277
3281 278
3282 85
3282 86
3282 87
3282 88
3282 89
3282 123
3282 124
3282 125
3282 126
3282 127
3282 128
3282 227
3282 228
3282 229
3282 230
3282 231
3282 232
3282 266
3282 267
3282 268
3282 269
3282 270
3283 79
3283 115
3283 116
3283 117
3283 118
3283 119
3283 120
3283 220
3283 221
3283 222
3283 223
3283 224
3283 257
3283 258
3283 259
3283 260
3283 261
3283 262
3283 263
3284 107
3284 108
3284 109
3284 110
3284 111
3284 112
3284 113
3284 249
3284 250
3284 251
3284 252
3284 253
3284 254
3284 255
3285 99
3285 100
3285 101
3285 102
3285 103
3285 104
3285 241
3285 242
3285 243
3285 244
3285 245
3285 246
3285 247
3286 91
3286 92
3286 93
3286 94
3286 95
3286 96
3286 130
3286 131
3286 132
3286 133
3286 233
3286 234
3286 235
3286 236
3286 237
3286 238
3286 239
3286 273
3286 274
3286 275
3286 276
3287 84
3287 85
3287 86
3287 87
3287 121
3287 122
3287 123
3287 124
3287 125
3287 126
3287 226
3287 227
3287 228
3287 229
3287 230
3287 264
3287 265
3287 266
3287 267
3287 268
3287 269
3288 113
3288 114
3288 115
3288 116
3288 117
3288 118
3288 119
3288 219
3288 220
3288 221
3288 255
3288 256
3288 257
3288 258
3288 259
3288 260
3288 261
3289 105
3289 106
3289 107
3289 108
3289 109
3289 110
3289 111
3289 247
3289 248
3289 249
3289 250
3289 251
3289 252
3289 253
3290 97
3290 98
3290 99
3290 100
3290 101
3290 102
3290 137
3290 138
3290 239
3290 240
3290 241
3290 242
3290 243
3290 244
3290 245
3291 89
3291 90
3291 91
3291 92
3291 93
3291 94
3291 128
3291 129
3291 130
3291 131
3291 132
3291 231
3291 232
3291 233
3291 234
3291 235
3291 236
3291 237
3291 271
3291 272
3291 273
3291 274
3292 82
3292 83
3292 84
3292 85
3292 119
3292 120
3292 121
3292 122
3292 123
3292 124
3292 125
3292 224
3292 225
3292 226
3292 227
3292 228
3292 262
3292 263
3292 264
3292 265
3292 266
3292 267
3293 111
3293 112
3293 113
3293 114
3293 115
3293 116
3293 117
3293 218
3293 219
3293 253
3293 254
3293 255
3293 256
3293 257
3293 258
3293 259
3294 103
3294 104
3294 105
3294 106
3294 107
3294 108
3294 109
3294 245
3294 246
3294 247
3294 248
3294 249
3294 250
3294 251
3295 95
3295 96
3295 97
3295 98
3295 99
3295 100
3295 135
3295 136
3295 137
3295 237
3295 238
3295 239
3295 240
3295 241
3295 242
3295 243
3295 278
3295 279
3296 88
3296 89
3296 90
3296 91
3296 92
3296 126
3296 127
3296 128
3296 129
3296 130
3296 230
3296 231
3296 232
3296 233
3296 234
3296 235
3296 268
3296 269
3296 270
3296 271
3296 272
3296 273
3297 81
3297 82
3297 118
3297 119
3297 120
3297 121
3297 122
3297 123
3297 223
3297 224
3297 225
3297 226
3297 260
3297 261
3297 262
3297 263
3297 264
3297 265
3298 109
3298 110
3298 111
3298 112
3298 113
3298 114
3298 115
3298 251
3298 252
3298 253
3298 254
3298 255
3298 256
3298 257
3299 101
3299 102
3299 103
3299 104
3299 105
3299 106
3299 107
3299 243
3299 244
3299 245
3299 246
3299 247
3299 248
3299 249
3300 94
3300 95
3300 96
3300 97
3300 98
3300 133
3300 134
3300 135
3300 235
3300 236
3300 237
3300 238
3300 239
3300 240
3300 241
3300 276
3300 277
3300 278
3301 86
3301 87
3301 88
3301 89
3301 124
3301 125
3301 126
3301 127
3301 128
3301 228
3301 229
3301 230
3301 231
3301 232
3301 233
3301 266
3301 267
3301 268
3301 269
3301 270
3301 271
3302 116
3302 117
3302 118
3302 119
3302 120
3302 121
3302 221
3302 222
3302 223
3302 224
3302 258
3302 259
3302 260
3302 261
3302 262
3302 263
3303 108
3303 109
3303 110
3303 111
3303 112
3303 113
3303 249
3303 250
3303 251
3303 252
3303 253
3303 254
3303 255
3304 100
3304 101
3304 102
3304 103
3304 104
3304 105
3304 241
3304 242
3304 243
3304 244
3304 245
3304 246
3304 247
3305 92
3305 93
3305 94
3305 95
3305 96
3305 131
3305 132
3305 133
3305 134
3305 234
3305 235
3305 236
3305 237
3305 238
3305 239
3305 274
3305 275
3305 276
3306 84
3306 85
3306 86
3306 87
3306 122
3306 123
3306 124
3306 125
3306 126
3306 127
3306 226
3306 227
3306 228
3306 229
3306 230
3306 231
3306 264
3306 265
3306 266
3306 267
3306 268
3306 269
3307 114
3307 115
3307 116
3307 117
3307 118
3307 119
3307 220
3307 221
3307 222
3307 256
3307 257
3307 258
3307 259
3307 260
3307 261
3308 106
3308 107
3308 108
3308 109
3308 110
3308 111
3308 248
3308 249
3308 250
3308 251
3308 252
3308 253
3309 98
3309 99
3309 100
3309 101
3309 102
3309 103
3309 138
3309 240
3309 241
3309 242
3309 243
3309 244
3309 245
3310 90
3310 91
3310 92
3310 93
3310 94
3310 128
3310 129
3310 130
3310 131
3310 132
3310 232
3310 233
3310 234
3310 235
3310 236
3310 237
3310 271
3310 272
3310 273
3310 274
3310 275
3311 83
3311 84
3311 85
3311 120
3311 121
3311 122
3311 123
3311 124
3311 125
3311 225
3311 226
3311 227
3311 228
3311 262
3311 263
3311 264
3311 265
3311 266
3311 267
3312 112
3312 113
3312 114
3312 115
3312 116
3312 117
3312 254
3312 255
3312 256
3312 257
3312 258
3312 259
3313 104
3313 105
3313 106
3313 107
3313 108
3313 109
3313 246
3313 247
3313 248
3313 249
3313 250
3313 251
3314 96
3314 97
3314 98
3314 99
3314 100
3314 101
3314 135
3314 136
3314 137
3314 238
3314 239
3314 240
3314 241
3314 242
3314 243
3315 88
3315 89
3315 90
3315 91
3315 92
3315 127
3315 128
3315 129
3315 130
3315 131
3315 230
3315 231
3315 232
3315 233
3315 234
3315 235
3315 269
3315 270
3315 271
3315 272
3315 273
3316 82
3316 118
3316 119
3316 120
3316 121
3316 122
3316 123
3316 224
3316 225
3316 226
3316 260
3316 261
3316 262
3316 263
3316 264
3316 265
3317 110
3317 111
3317 112
3317 113
3317 114
3317 115
3317 252
3317 253
3317 254
3317 255
3317 256
3317 257
3318 102
3318 103
3318 104
3318 105
3318 106
3318 107
3318 244
3318 245
3318 246
3318 247
3318 248
3318 249
3319 94
3319 95
3319 96
3319 97
3319 98
3319 99
3319 133
3319 134
3319 135
3319 136
3319 236
3319 237
3319 238
3319 239
3319 240
3319 241
3319 277
3319 278
3320 87
3320 88
3320 89
3320 90
3320 125
3320 126
3320 127
3320 128
3320 129
3320 229
3320 230
3320 231
3320 232
3320 233
3320 267
3320 268
3320 269
3320 270
3320 271
3321 116
3321 117
3321 118
3321 119
3321 120
3321 121
3321 222
3321 223
3321 224
3321 259
3321 260
3321 261
3321 262
3321 263
3322 108
3322 109
3322 110
3322 111
3322 112
3322 113
3322 114
3322 250
3322 251
3322 252
3322 253
3322 254
3322 255
3322 256
3323 100
3323 101
3323 102
3323 103
3323 104
3323 105
3323 242
3323 243
3323 244
3323 245
3323 246
3323 247
3324 92
3324 93
3324 94
3324 95
3324 96
3324 97
3324 131
3324 132
3324 133
3324 134
3324 235
3324 236
3324 237
3324 238
3324 239
3324 275
3324 276
3325 85
3325 86
3325 87
3325 123
3325 124
3325 125
3325 126
3325 127
3325 227
3325 228
3325 229
3325 230
3325 231
3325 265
3325 266
3325 267
3325 268
3325 269
3326 114
3326 115
3326 116
3326 117
3326 118
3326 119
3326 120
3326 257
3326 258
3326 259
3326 260
3326 261
3326 262
3327 106
3327 107
3327 108
3327 109
3327 110
3327 111
3327 112
3327 248
3327 249
3327 250
3327 251
3327 252
3327 253
3327 254
3328 98
3328 99
3328 100
3328 101
3328 102
3328 103
3328 240
3328 241
3328 242
3328 243
3328 244
3328 245
3329 91
3329 92
3329 93
3329 94
3329 95
3329 129
3329 130
3329 131
3329 132
3329 133
3329 233
3329 234
3329 235
3329 236
3329 237
3329 272
3329 273
3329 274
3329 275
3330 84
3330 85
3330 121
3330 122
3330 123
3330 124
3330 125
3330 226
3330 227
3330 228
3330 263
3330 264
3330 265
3330 266
3330 267
3331 112
3331 113
3331 114
3331 115
3331 116
3331 117
3331 118
3331 255
3331 256
3331 257
3331 258
3331 259
3331 260
3332 104
3332 105
3332 106
3332 107
3332 108
3332 109
3332 110
3332 247
3332 248
3332 249
3332 250
3332 251
3332 252
3333 97
3333 98
3333 99
3333 100
3333 101
3333 136
3333 137
3333 239
3333 240
3333 241
3333 242
3333 243
3334 89
3334 90
3334 91
3334 92
3334 127
3334 128
3334 129
3334 130
3334 131
3334 231
3334 232
3334 233
3334 234
3334 235
3334 270
3334 271
3334 272
3334 273
3335 119
3335 120
3335 121
3335 122
3335 123
3335 124
3335 225
3335 226
3335 261
3335 262
3335 263
3335 264
3335 265
3335 266
3336 111
3336 112
3336 113
3336 114
3336 115
3336 116
3336 253
3336 254
3336 255
3336 256
3336 257
3336 258
3337 103
3337 104
3337 105
3337 106
3337 107
3337 108
3337 245
3337 246
3337 247
3337 248
3337 249
3337 250
3338 95
3338 96
3338 97
3338 98
3338 99
3338 134
3338 135
3338 136
3338 237
3338 238
3338 239
3338 240
3338 241
3339 88
3339 89
3339 90
3339 125
3339 126
3339 127
3339 128
3339 129
3339 230
3339 231
3339 232
3339 233
3339 268
3339 269
3339 270
3339 271
3340 117
3340 118
3340 119
3340 120
3340 121
3340 122
3340 259
3340 260
3340 261
3340 262
3340 263
3340 264
3341 109
3341 110
3341 111
3341 112
3341 113
3341 114
3341 251
3341 252
3341 253
3341 254
3341 255
3341 256
3342 101
3342 102
3342 103
3342 104
3342 105
3342 106
3342 243
3342 244
3342 245
3342 246
3342 247
3342 248
3343 93
3343 94
3343 95
3343 96
3343 97
3343 132
3343 133
3343 134
3343 235
3343 236
3343 237
3343 238
3343 239
3343 276
3344 86
3344 87
3344 88
3344 123
3344 124
3344 125
3344 126
3344 127
3344 228
3344 229
3344 230
3344 231
3344 266
3344 267
3344 268
3344 269
3345 115
3345 116
3345 117
3345 118
3345 119
3345 120
3345 258
3345 259
3345 260
3345 261
3345 262
3346 107
3346 108
3346 109
3346 110
3346 111
3346 112
3346 249
3346 250
3346 251
3346 252
3346 253
3346 254
3347 99
3347 100
3347 101
3347 102
3347 103
3347 104
3347 241
3347 242
3347 243
3347 244
3347 245
3347 246
3348 92
3348 93
3348 94
3348 95
3348 130
3348 131
3348 132
3348 133
3348 234
3348 235
3348 236
3348 237
3348 274
3348 275
3349 121
3349 122
3349 123
3349 124
3349 125
3349 126
3349 227
3349 228
3349 264
3349 265
3349 266
3349 267
3349 268
3350 113
3350 114
3350 115
3350 116
3350 117
3350 118
3350 256
3350 257
3350 258
3350 259
3350 260
3351 105
3351 106
3351 107
3351 108
3351 109
3351 110
3351 248
3351 249
3351 250
3351 251
3351 252
3352 97
3352 98
3352 99
3352 100
3352 101
3352 102
3352 137
3352 240
3352 241
3352 242
3352 243
3352 244
3353 90
3353 91
3353 92
3353 93
3353 128
3353 129
3353 130
3353 131
3353 232
3353 233
3353 234
3353 235
3353 271
3353 272
3353 273
3354 119
3354 120
3354 121
3354 122
3354 123
3354 124
3354 262
3354 263
3354 264
3354 265
3354 266
3355 111
3355 112
3355 113
3355 114
3355 115
3355 116
3355 254
3355 255
3355 256
3355 257
3355 258
3356 103
3356 104
3356 105
3356 106
3356 107
3356 108
3356 246
3356 247
3356 248
3356 249
3356 250
3357 96
3357 97
3357 98
3357 99
3357 100
3357 135
3357 136
3357 238
3357 239
3357 240
3357 241
3357 242
3358 89
3358 90
3358 126
3358 127
3358 128
3358 129
3358 231
3358 232
3358 233
3358 269
3358 270
3358 271
3359 118
3359 119
3359 120
3359 121
3359 122
3359 260
3359 261
3359 262
3359 263
3359 264
3360 110
3360 111
3360 112
3360 113
3360 114
3360 252
3360 253
3360 254
3360 255
3360 256
3361 102
3361 103
3361 104
3361 105
3361 106
3361 244
3361 245
3361 246
3361 247
3361 248
3362 94
3362 95
3362 96
3362 97
3362 133
3362 134
3362 135
3362 237
3362 238
3362 239
3363 124
3363 125
3363 126
3363 127
3363 128
3363 230
3363 267
3363 268
3363 269
3364 116
3364 117
3364 118
3364 119
3364 120
3364 259
3364 260
3364 261
3364 262
3365 108
3365 109
3365 110
3365 111
3365 112
3365 250
3365 251
3365 252
3365 253
3365 254
3366 100
3366 101
3366 102
3366 103
3366 104
3366 242
3366 243
3366 244
3366 245
3366 246
3367 92
3367 93
3367 94
3367 95
3367 131
3367 132
3367 133
3367 235
3367 236
3367 237
3368 122
3368 123
3368 124
3368 125
3368 126
3368 265
3368 266
3368 267
3368 268
3369 114
3369 115
3369 116
3369 117
3369 118
3369 257
3369 258
3369 259
3369 260
3370 106
3370 107
3370 108
3370 109
3370 110
3370 249
3370 250
3370 251
3370 252
3371 98
3371 99
3371 100
3371 101
3371 102
3371 241
3371 242
3371 243
3371 244
3372 91
3372 92
3372 93
3372 129
3372 130
3372 131
3372 234
3372 235
3373 120
3373 121
3373 122
3373 123
3373 124
3373 263
3373 264
3373 265
3373 266
3374 112
3374 113
3374 114
3374 115
3374 116
3374 255
3374 256
3374 257
3374 258
3375 104
3375 105
3375 106
3375 107
3375 108
3375 247
3375 248
3375 249
3375 250
3376 97
3376 98
3376 99
3376 100
3376 239
3376 240
3376 241
3377 90
3377 127
3377 128
3377 129
3377 130
3378 118
3378 119
3378 120
3378 121
3378 122
3378 262
3378 263
3378 264
3379 110
3379 111
3379 112
3379 113
3379 114
3379 253
3379 254
3379 255
3379 256
3380 102
3380 103
3380 104
3380 105
3380 106
3380 245
3380 246
3380 247
3380 248
3381 95
3381 96
3381 97
3381 134
3381 238
3381 239
3382 125
3382 126
3382 127
3382 128
3382 269
3383 117
3383 118
3383 119
3383 120
3383 260
3383 261
3383 262
3384 109
3384 110
3384 111
3384 112
3384 113
3384 251
3384 252
3384 253
3384 254
3385 101
3385 102
3385 103
3385 104
3385 244
3385 245
3385 246
3386 94
3386 95
3386 132
3386 133
3387 123
3387 124
3387 125
3387 126
3387 267
3388 115
3388 116
3388 117
3388 118
3388 119
3388 258
3388 259
3388 260
3389 107
3389 108
3389 109
3389 110
3389 111
3389 250
3389 251
3389 252
3390 99
3390 100
3390 101
3390 102
3390 242
3390 243
3391 130
3391 131
3392 121
3392 122
3392 123
3392 124
3392 265
3393 113
3393 114
3393 115
3393 116
3393 117
3393 256
3393 257
3393 258
3394 105
3394 106
3394 107
3394 108
3394 109
3394 248
3394 249
3395 98
3395 99
3395 100
3396 128
3396 129
3396 130
3397 119
3397 120
3397 121
3397 122
3398 111
3398 112
3398 113
3398 114
3398 115
3398 255
3399 103
3399 104
3399 105
3399 106
3399 247
3400 96
3400 97
3401 126
3401 127
3401 128
3402 118
3402 119
3402 120
3402 121
3403 110
3403 111
3403 112
3403 113
3403 253
3404 102
3404 103
3404 104
3406 124
3406 125
3406 126
3407 116
3407 117
3407 118
3407 119
3408 108
3408 109
3408 110
3408 111
3409 100
3409 101
3409 102
3411 122
3411 123
3411 124
3412 114
3412 115
3412 116
3412 117
3413 106
3413 107
3413 108
3413 109
3414 99
3416 120
3416 121
3416 122
3417 112
3417 113
3417 114
3417 115
3418 105
3418 106
3421 119
3421 120
3422 111
3422 112
3422 113
3423 103
3423 104
3426 117
3426 118
3427 109
3427 110
3431 115
3431 116
3432 108
3436 114
