0 137
0 138
0 139
0 140
0 141
0 142
0 177
0 178
0 179
0 180
0 181
1 135
1 136
1 137
1 138
1 174
1 175
1 176
1 177
1 178
2 132
2 133
2 134
2 135
2 171
2 172
2 173
2 174
2 175
3 130
3 131
3 167
3 168
3 169
3 170
3 171
3 172
4 164
4 165
4 166
4 167
4 168
4 169
5 161
5 162
5 163
5 164
5 165
5 166
6 158
6 159
6 160
6 161
6 162
6 163
7 155
7 156
7 157
7 158
7 159
7 160
8 152
8 153
8 154
8 155
8 156
8 157
8 195
9 149
9 150
9 151
9 152
9 153
9 154
9 191
9 192
9 193
10 146
10 147
10 148
10 149
10 150
10 151
10 188
10 189
10 190
11 143
11 144
11 145
11 146
11 147
11 184
11 185
11 186
11 187
12 140
12 141
12 142
12 143
12 144
12 181
12 182
12 183
12 184
13 138
13 139
13 140
13 141
13 177
13 178
13 179
13 180
13 181
14 135
14 136
14 137
14 138
14 174
14 175
14 176
14 177
14 178
15 132
15 133
15 134
15 170
15 171
15 172
15 173
15 174
15 175
16 167
16 168
16 169
16 170
16 171
16 172
17 164
17 165
17 166
17 167
17 168
17 169
18 161
18 162
18 163
18 164
18 165
18 166
19 158
19 159
19 160
19 161
19 162
19 163
20 155
20 156
20 157
20 158
20 159
20 160
21 152
21 153
21 154
21 155
21 156
21 195
22 149
22 150
22 151
22 152
22 153
22 191
22 192
22 193
23 146
23 147
23 148
23 149
23 150
23 187
23 188
23 189
23 190
24 143
24 144
24 145
24 146
24 147
24 184
24 185
24 186
24 187
25 140
25 141
25 142
25 143
25 144
25 180
25 181
25 182
25 183
25 184
26 138
26 139
26 140
26 177
26 178
26 179
26 180
26 181
27 135
27 136
27 137
27 174
27 175
27 176
27 177
27 178
28 170
28 171
28 172
28 173
28 174
28 175
29 167
29 168
29 169
29 170
29 171
29 172
30 164
30 165
30 166
30 167
30 168
31 161
31 162
31 163
31 164
31 165
32 158
32 159
32 160
32 161
32 162
33 155
33 156
33 157
33 158
33 159
34 152
34 153
34 154
34 155
34 156
34 195
35 149
35 150
35 151
35 152
35 153
35 191
35 192
36 146
36 147
36 148
36 149
36 150
36 187
36 188
36 189
37 143
37 144
37 145
37 146
37 184
37 185
37 186
38 140
38 141
38 142
38 143
38 180
38 181
38 182
38 183
39 138
39 139
39 177
39 178
39 179
39 180
40 174
40 175
40 176
40 177
41 170
41 171
41 172
41 173
41 174
42 167
42 168
42 169
42 170
42 171
43 164
43 165
43 166
43 167
43 168
44 161
44 162
44 163
44 164
44 165
45 158
45 159
45 160
45 161
45 162
46 155
46 156
46 157
46 158
46 159
47 152
47 153
47 154
47 155
48 149
48 150
48 151
48 152
48 191
48 192
49 146
49 147
49 148
49 149
49 187
49 188
49 189
50 143
50 144
50 145
50 184
50 185
50 186
51 141
51 142
51 180
51 181
51 182
51 183
52 177
52 178
52 179
52 180
53 174
53 175
53 176
53 177
54 170
54 171
54 172
54 173
54 174
55 167
55 168
55 169
55 170
55 171
56 164
56 165
56 166
56 167
56 168
57 161
57 162
57 163
57 164
58 158
58 159
58 160
58 161
59 155
59 156
59 157
59 158
60 152
60 153
60 154
60 155
61 149
61 150
61 151
61 191
62 146
62 147
62 148
62 187
62 188
62 189
63 144
63 184
63 185
63 186
64 180
64 181
64 182
64 183
65 177
65 178
65 179
66 173
66 174
66 175
66 176
67 170
67 171
67 172
67 173
68 167
68 168
68 169
68 170
69 164
69 165
69 166
69 167
70 161
70 162
70 163
70 164
71 158
71 159
71 160
71 161
72 155
72 156
72 157
73 152
73 153
73 154
74 149
74 150
74 151
74 191
75 147
75 187
75 188
76 184
76 185
77 180
77 181
77 182
78 177
78 178
78 179
79 173
79 174
79 175
79 176
80 170
80 171
80 172
80 173
81 167
81 168
81 169
81 170
82 164
82 165
82 166
83 161
83 162
83 163
84 158
84 159
84 160
85 155
85 156
85 157
86 153
88 187
88 188
89 184
89 185
90 180
90 181
90 182
91 177
91 178
92 174
92 175
93 170
93 171
93 172
94 167
94 168
94 169
95 164
95 165
95 166
96 161
96 162
97 158
97 159
101 187
102 184
103 180
103 181
104 177
104 178
105 174
105 175
106 171
107 167
107 168
108 165
116 180
117 177
118 174
3284 294
3284 295
3285 291
3285 292
3286 288
3286 289
3287 285
3287 286
3288 282
3288 283
3289 279
3289 280
3294 303
3295 299
3295 300
3295 301
3296 296
3296 297
3296 298
3297 293
3297 294
3297 295
3298 289
3298 290
3298 291
3298 292
3299 286
3299 287
3299 288
3299 289
3299 290
3300 283
3300 284
3300 285
3300 286
3300 287
3301 280
3301 281
3301 282
3301 283
3302 278
3302 279
3302 280
3303 275
3303 276
3303 277
3304 272
3304 273
3304 274
3305 270
3306 305
3306 306
3307 301
3307 302
3307 303
3307 304
3308 298
3308 299
3308 300
3308 301
3309 295
3309 296
3309 297
3309 298
3310 292
3310 293
3310 294
3310 295
3310 296
3311 288
3311 289
3311 290
3311 291
3311 292
3311 293
3312 285
3312 286
3312 287
3312 288
3312 289
3312 290
3313 282
3313 283
3313 284
3313 285
3313 286
3313 287
3314 280
3314 281
3314 282
3314 283
3314 284
3315 277
3315 278
3315 279
3315 280
3315 281
3316 274
3316 275
3316 276
3316 277
3317 271
3317 272
3317 273
3317 274
3318 269
3318 270
3318 271
3318 307
3318 308
3318 309
3319 266
3319 267
3319 304
3319 305
3319 306
3319 307
3320 300
3320 301
3320 302
3320 303
3320 304
3321 297
3321 298
3321 299
3321 300
3321 301
3322 294
3322 295
3322 296
3322 297
3322 298
3322 299
3323 291
3323 292
3323 293
3323 294
3323 295
3323 296
3324 288
3324 289
3324 290
3324 291
3324 292
3324 293
3325 285
3325 286
3325 287
3325 288
3325 289
3325 290
3326 282
3326 283
3326 284
3326 285
3326 286
3326 287
3327 279
3327 280
3327 281
3327 282
3327 283
3327 284
3328 276
3328 277
3328 278
3328 279
3328 280
3328 281
3329 273
3329 274
3329 275
3329 276
3329 277
3330 270
3330 271
3330 272
3330 273
3330 274
3330 310
3330 311
3330 312
3331 268
3331 269
3331 270
3331 271
3331 306
3331 307
3331 308
3331 309
3332 265
3332 266
3332 267
3332 268
3332 303
3332 304
3332 305
3332 306
3332 307
3333 263
3333 264
3333 299
3333 300
3333 301
3333 302
3333 303
3333 304
3334 296
3334 297
3334 298
3334 299
3334 300
3334 301
3335 293
3335 294
3335 295
3335 296
3335 297
3335 298
3336 290
3336 291
3336 292
3336 293
3336 294
3336 295
3336 296
3337 287
3337 288
3337 289
3337 290
3337 291
3337 292
3337 293
3338 284
3338 285
3338 286
3338 287
3338 288
3338 289
3338 290
3339 281
3339 282
3339 283
3339 284
3339 285
3339 286
3339 287
3340 278
3340 279
3340 280
3340 281
3340 282
3340 283
3340 284
3341 275
3341 276
3341 277
3341 278
3341 279
3341 280
3341 281
3342 272
3342 273
3342 274
3342 275
3342 276
3342 277
3342 313
3342 314
3343 270
3343 271
3343 272
3343 273
3343 274
3343 309
3343 310
3343 311
3343 312
3344 267
3344 268
3344 269
3344 270
3344 271
3344 305
3344 306
3344 307
3344 308
3344 309
3345 264
3345 265
3345 266
3345 267
3345 268
3345 302
3345 303
3345 304
3345 305
3345 306
3345 307
3346 262
3346 263
3346 264
3346 299
3346 300
3346 301
3346 302
3346 303
3346 304
3347 259
3347 260
3347 261
3347 296
3347 297
3347 298
3347 299
3347 300
3347 301
3348 292
3348 293
3348 294
3348 295
3348 296
3348 297
3348 298
3349 289
3349 290
3349 291
3349 292
3349 293
3349 294
3349 295
3350 286
3350 287
3350 288
3350 289
3350 290
3350 291
3350 292
3350 293
3351 283
3351 284
3351 285
3351 286
3351 287
3351 288
3351 289
3351 290
3352 280
3352 281
3352 282
3352 283
3352 284
3352 285
3352 286
3352 287
3353 277
3353 278
3353 279
3353 280
3353 281
3353 282
3353 283
3354 275
3354 276
3354 277
3354 278
3354 279
3354 280
3354 316
3355 272
3355 273
3355 274
3355 275
3355 276
3355 277
3355 312
3355 313
3355 314
3356 269
3356 270
3356 271
3356 272
3356 273
3356 274
3356 308
3356 309
3356 310
3356 311
3356 312
3357 266
3357 267
3357 268
3357 269
3357 270
3357 271
3357 305
3357 306
3357 307
3357 308
3357 309
3358 264
3358 265
3358 266
3358 267
3358 268
3358 301
3358 302
3358 303
3358 304
3358 305
3358 306
3358 307
3359 261
3359 262
3359 263
3359 264
3359 298
3359 299
3359 300
3359 301
3359 302
3359 303
3359 304
3360 259
3360 260
3360 261
3360 295
3360 296
3360 297
3360 298
3360 299
3360 300
3360 301
3361 256
3361 257
3361 292
3361 293
3361 294
3361 295
3361 296
3361 297
3361 298
3362 289
3362 290
3362 291
3362 292
3362 293
3362 294
3362 295
3363 286
3363 287
3363 288
3363 289
3363 290
3363 291
3363 292
3364 283
3364 284
3364 285
3364 286
3364 287
3364 288
3364 289
3365 280
3365 281
3365 282
3365 283
3365 284
3365 285
3365 286
3366 277
3366 278
3366 279
3366 280
3366 281
3366 282
3366 283
3367 274
3367 275
3367 276
3367 277
3367 278
3367 279
3367 280
3367 314
3367 315
3367 316
3367 317
3368 271
3368 272
3368 273
3368 274
3368 275
3368 276
3368 277
3368 311
3368 312
3368 313
3368 314
3369 268
3369 269
3369 270
3369 271
3369 272
3369 273
3369 274
3369 307
3369 308
3369 309
3369 310
3369 311
3369 312
3370 266
3370 267
3370 268
3370 269
3370 270
3370 271
3370 304
3370 305
3370 306
3370 307
3370 308
3370 309
3371 263
3371 264
3371 265
3371 266
3371 267
3371 268
3371 301
3371 302
3371 303
3371 304
3371 305
3371 306
3371 307
3372 260
3372 261
3372 262
3372 263
3372 264
3372 297
3372 298
3372 299
3372 300
3372 301
3372 302
3372 303
3372 304
3373 258
3373 259
3373 260
3373 261
3373 294
3373 295
3373 296
3373 297
3373 298
3373 299
3373 300
3373 301
3374 255
3374 256
3374 257
3374 258
3374 291
3374 292
3374 293
3374 294
3374 295
3374 296
3374 297
3374 298
3375 288
3375 289
3375 290
3375 291
3375 292
3375 293
3375 294
3375 295
3376 285
3376 286
3376 287
3376 288
3376 289
3376 290
3376 291
3376 292
3377 282
3377 283
3377 284
3377 285
3377 286
3377 287
3377 288
3377 289
3378 279
3378 280
3378 281
3378 282
3378 283
3378 284
3378 285
3378 286
3379 276
3379 277
3379 278
3379 279
3379 280
3379 281
3379 282
3379 283
3379 318
3379 319
3380 273
3380 274
3380 275
3380 276
3380 277
3380 278
3380 279
3380 280
3380 314
3380 315
3380 316
3380 317
3381 271
3381 272
3381 273
3381 274
3381 275
3381 276
3381 277
3381 310
3381 311
3381 312
3381 313
3381 314
3382 268
3382 269
3382 270
3382 271
3382 272
3382 273
3382 274
3382 307
3382 308
3382 309
3382 310
3382 311
3382 312
3383 265
3383 266
3383 267
3383 268
3383 269
3383 270
3383 271
3383 303
3383 304
3383 305
3383 306
3383 307
3383 308
3383 309
3384 262
3384 263
3384 264
3384 265
3384 266
3384 267
3384 268
3384 300
3384 301
3384 302
3384 303
3384 304
3384 305
3384 306
3385 260
3385 261
3385 262
3385 263
3385 264
3385 297
3385 298
3385 299
3385 300
3385 301
3385 302
3385 303
3385 304
3386 257
3386 258
3386 259
3386 260
3386 261
3386 294
3386 295
3386 296
3386 297
3386 298
3386 299
3386 300
3386 301
3387 255
3387 256
3387 257
3387 258
3387 291
3387 292
3387 293
3387 294
3387 295
3387 296
3387 297
3387 298
3388 253
3388 254
3388 288
3388 289
3388 290
3388 291
3388 292
3388 293
3388 294
3388 295
3389 285
3389 286
3389 287
3389 288
3389 289
3389 290
3389 291
3389 292
3390 282
3390 283
3390 284
3390 285
3390 286
3390 287
3390 288
3390 289
3391 279
3391 280
3391 281
3391 282
3391 283
3391 284
3391 285
3391 286
3392 276
3392 277
3392 278
3392 279
3392 280
3392 281
3392 282
3392 283
3392 317
3392 318
3392 319
3393 273
3393 274
3393 275
3393 276
3393 277
3393 278
3393 279
3393 280
3393 313
3393 314
3393 315
3393 316
3393 317
3394 270
3394 271
3394 272
3394 273
3394 274
3394 275
3394 276
3394 277
3394 309
3394 310
3394 311
3394 312
3394 313
3394 314
3395 267
3395 268
3395 269
3395 270
3395 271
3395 272
3395 273
3395 274
3395 306
3395 307
3395 308
3395 309
3395 310
3395 311
3395 312
3396 265
3396 266
3396 267
3396 268
3396 269
3396 270
3396 271
3396 303
3396 304
3396 305
3396 306
3396 307
3396 308
3396 309
3397 262
3397 263
3397 264
3397 265
3397 266
3397 267
3397 300
3397 301
3397 302
3397 303
3397 304
3397 305
3397 306
3398 259
3398 260
3398 261
3398 262
3398 263
3398 264
3398 296
3398 297
3398 298
3398 299
3398 300
3398 301
3398 302
3398 303
3399 257
3399 258
3399 259
3399 260
3399 261
3399 293
3399 294
3399 295
3399 296
3399 297
3399 298
3399 299
3399 300
3400 254
3400 255
3400 256
3400 257
3400 290
3400 291
3400 292
3400 293
3400 294
3400 295
3400 296
3400 297
3400 298
3401 252
3401 253
3401 254
3401 287
3401 288
3401 289
3401 290
3401 291
3401 292
3401 293
3401 294
3401 295
3402 284
3402 285
3402 286
3402 287
3402 288
3402 289
3402 290
3402 291
3402 292
3403 281
3403 282
3403 283
3403 284
3403 285
3403 286
3403 287
3403 288
3403 289
3404 278
3404 279
3404 280
3404 281
3404 282
3404 283
3404 284
3404 285
3404 286
3404 320
3405 275
3405 276
3405 277
3405 278
3405 279
3405 280
3405 281
3405 282
3405 283
3405 316
3405 317
3405 318
3405 319
3406 272
3406 273
3406 274
3406 275
3406 276
3406 277
3406 278
3406 279
3406 280
3406 312
3406 313
3406 314
3406 315
3406 316
3406 317
3407 270
3407 271
3407 272
3407 273
3407 274
3407 275
3407 276
3407 277
3407 309
3407 310
3407 311
3407 312
3407 313
3407 314
3408 267
3408 268
3408 269
3408 270
3408 271
3408 272
3408 273
3408 305
3408 306
3408 307
3408 308
3408 309
3408 310
3408 311
3409 264
3409 265
3409 266
3409 267
3409 268
3409 269
3409 270
3409 302
3409 303
3409 304
3409 305
3409 306
3409 307
3409 308
3409 309
3410 261
3410 262
3410 263
3410 264
3410 265
3410 266
3410 267
3410 299
3410 300
3410 301
3410 302
3410 303
3410 304
3410 305
3410 306
3411 259
3411 260
3411 261
3411 262
3411 263
3411 264
3411 296
3411 297
3411 298
3411 299
3411 300
3411 301
3411 302
3411 303
3412 256
3412 257
3412 258
3412 259
3412 260
3412 261
3412 293
3412 294
3412 295
3412 296
3412 297
3412 298
3412 299
3412 300
3413 254
3413 255
3413 256
3413 257
3413 290
3413 291
3413 292
3413 293
3413 294
3413 295
3413 296
3413 297
3414 251
3414 252
3414 253
3414 254
3414 287
3414 288
3414 289
3414 290
3414 291
3414 292
3414 293
3414 294
3415 249
3415 250
3415 284
3415 285
3415 286
3415 287
3415 288
3415 289
3415 290
3415 291
3416 281
3416 282
3416 283
3416 284
3416 285
3416 286
3416 287
3416 288
3417 278
3417 279
3417 280
3417 281
3417 282
3417 283
3417 284
3417 285
3417 319
3417 320
3417 321
3418 275
3418 276
3418 277
3418 278
3418 279
3418 280
3418 281
3418 282
3418 315
3418 316
3418 317
3418 318
3418 319
3419 272
3419 273
3419 274
3419 275
3419 276
3419 277
3419 278
3419 279
3419 312
3419 313
3419 314
3419 315
3419 316
3420 269
3420 270
3420 271
3420 272
3420 273
3420 274
3420 275
3420 276
3420 308
3420 309
3420 310
3420 311
3420 312
3420 313
3420 314
3421 266
3421 267
3421 268
3421 269
3421 270
3421 271
3421 272
3421 273
3421 305
3421 306
3421 307
3421 308
3421 309
3421 310
3421 311
3422 264
3422 265
3422 266
3422 267
3422 268
3422 269
3422 270
3422 302
3422 303
3422 304
3422 305
3422 306
3422 307
3422 308
3423 261
3423 262
3423 263
3423 264
3423 265
3423 266
3423 267
3423 299
3423 300
3423 301
3423 302
3423 303
3423 304
3423 305
3423 306
3424 258
3424 259
3424 260
3424 261
3424 262
3424 263
3424 264
3424 295
3424 296
3424 297
3424 298
3424 299
3424 300
3424 301
3424 302
3424 303
3425 256
3425 257
3425 258
3425 259
3425 260
3425 292
3425 293
3425 294
3425 295
3425 296
3425 297
3425 298
3425 299
3425 300
3426 253
3426 254
3426 255
3426 256
3426 257
3426 289
3426 290
3426 291
3426 292
3426 293
3426 294
3426 295
3426 296
3426 297
3427 251
3427 252
3427 253
3427 254
3427 286
3427 287
3427 288
3427 289
3427 290
3427 291
3427 292
3427 293
3427 294
3428 249
3428 250
3428 283
3428 284
3428 285
3428 286
3428 287
3428 288
3428 289
3428 290
3428 291
3429 280
3429 281
3429 282
3429 283
3429 284
3429 285
3429 286
3429 287
3429 288
3430 277
3430 278
3430 279
3430 280
3430 281
3430 282
3430 283
3430 284
3430 285
3430 318
3430 319
3430 320
3430 321
3431 274
3431 275
3431 276
3431 277
3431 278
3431 279
3431 280
3431 281
3431 282
3431 315
3431 316
3431 317
3431 318
3431 319
3432 272
3432 273
3432 274
3432 275
3432 276
3432 277
3432 278
3432 279
3432 311
3432 312
3432 313
3432 314
3432 315
3432 316
3433 269
3433 270
3433 271
3433 272
3433 273
3433 274
3433 275
3433 276
3433 308
3433 309
3433 310
3433 311
3433 312
3433 313
3433 314
3434 266
3434 267
3434 268
3434 269
3434 270
3434 271
3434 272
3434 273
3434 304
3434 305
3434 306
3434 307
3434 308
3434 309
3434 310
3434 311
3435 263
3435 264
3435 265
3435 266
3435 267
3435 268
3435 269
3435 270
3435 301
3435 302
3435 303
3435 304
3435 305
3435 306
3435 307
3435 308
3436 261
3436 262
3436 263
3436 264
3436 265
3436 266
3436 267
3436 298
3436 299
3436 300
3436 301
3436 302
3436 303
3436 304
3436 305
3437 258
3437 259
3437 260
3437 261
3437 262
3437 263
3437 295
3437 296
3437 297
3437 298
3437 299
3437 300
3437 301
3437 302
3437 303
3438 255
3438 256
3438 257
3438 258
3438 259
3438 260
3438 292
3438 293
3438 294
3438 295
3438 296
3438 297
3438 298
3438 299
3438 300
3439 253
3439 254
3439 255
3439 256
3439 257
3439 289
3439 290
3439 291
3439 292
3439 293
3439 294
3439 295
3439 296
3439 297
3440 250
3440 251
3440 252
3440 253
3440 254
3440 286
3440 287
3440 288
3440 289
3440 290
3440 291
3440 292
3440 293
3440 294
3441 248
3441 249
3441 250
3441 283
3441 284
3441 285
3441 286
3441 287
3441 288
3441 289
3441 290
3441 291
3442 280
3442 281
3442 282
3442 283
3442 284
3442 285
3442 286
3442 287
3442 288
3443 277
3443 278
3443 279
3443 280
3443 281
3443 282
3443 283
3443 284
3443 285
3443 318
3443 319
3443 320
3443 321
3444 274
3444 275
3444 276
3444 277
3444 278
3444 279
3444 280
3444 281
3444 282
3444 314
3444 315
3444 316
3444 317
3444 318
3445 271
3445 272
3445 273
3445 274
3445 275
3445 276
3445 277
3445 278
3445 279
3445 311
3445 312
3445 313
3445 314
3445 315
3445 316
3446 268
3446 269
3446 270
3446 271
3446 272
3446 273
3446 274
3446 275
3446 276
3446 307
3446 308
3446 309
3446 310
3446 311
3446 312
3446 313
3447 266
3447 267
3447 268
3447 269
3447 270
3447 271
3447 272
3447 273
3447 304
3447 305
3447 306
3447 307
3447 308
3447 309
3447 310
3447 311
3448 263
3448 264
3448 265
3448 266
3448 267
3448 268
3448 269
3448 301
3448 302
3448 303
3448 304
3448 305
3448 306
3448 307
3448 308
3449 260
3449 261
3449 262
3449 263
3449 264
3449 265
3449 266
3449 298
3449 299
3449 300
3449 301
3449 302
3449 303
3449 304
3449 305
3450 257
3450 258
3450 259
3450 260
3450 261
3450 262
3450 263
3450 295
3450 296
3450 297
3450 298
3450 299
3450 300
3450 301
3450 302
3451 255
3451 256
3451 257
3451 258
3451 259
3451 260
3451 291
3451 292
3451 293
3451 294
3451 295
3451 296
3451 297
3451 298
3451 299
3452 252
3452 253
3452 254
3452 255
3452 256
3452 257
3452 288
3452 289
3452 290
3452 291
3452 292
3452 293
3452 294
3452 295
3452 296
3453 250
3453 251
3453 252
3453 253
3453 285
3453 286
3453 287
3453 288
3453 289
3453 290
3453 291
3453 292
3453 293
3454 248
3454 249
3454 250
3454 282
3454 283
3454 284
3454 285
3454 286
3454 287
3454 288
3454 289
3454 290
3454 291
3455 280
3455 281
3455 282
3455 283
3455 284
3455 285
3455 286
3455 287
3455 288
3455 321
3455 322
3456 277
3456 278
3456 279
3456 280
3456 281
3456 282
3456 283
3456 284
3456 285
3456 317
3456 318
3456 319
3456 320
3457 274
3457 275
3457 276
3457 277
3457 278
3457 279
3457 280
3457 281
3457 314
3457 315
3457 316
3457 317
3457 318
3458 271
3458 272
3458 273
3458 274
3458 275
3458 276
3458 277
3458 278
3458 310
3458 311
3458 312
3458 313
3458 314
3458 315
3458 316
3459 268
3459 269
3459 270
3459 271
3459 272
3459 273
3459 274
3459 275
3459 307
3459 308
3459 309
3459 310
3459 311
3459 312
3459 313
3460 265
3460 266
3460 267
3460 268
3460 269
3460 270
3460 271
3460 272
3460 304
3460 305
3460 306
3460 307
3460 308
3460 309
3460 310
3461 262
3461 263
3461 264
3461 265
3461 266
3461 267
3461 268
3461 269
3461 300
3461 301
3461 302
3461 303
3461 304
3461 305
3461 306
3461 307
3461 308
3462 260
3462 261
3462 262
3462 263
3462 264
3462 265
3462 266
3462 297
3462 298
3462 299
3462 300
3462 301
3462 302
3462 303
3462 304
3462 305
3463 257
3463 258
3463 259
3463 260
3463 261
3463 262
3463 263
3463 294
3463 295
3463 296
3463 297
3463 298
3463 299
3463 300
3463 301
3463 302
3464 255
3464 256
3464 257
3464 258
3464 259
3464 260
3464 291
3464 292
3464 293
3464 294
3464 295
3464 296
3464 297
3464 298
3464 299
3465 252
3465 253
3465 254
3465 255
3465 256
3465 288
3465 289
3465 290
3465 291
3465 292
3465 293
3465 294
3465 295
3465 296
3466 250
3466 251
3466 252
3466 253
3466 285
3466 286
3466 287
3466 288
3466 289
3466 290
3466 291
3466 292
3466 293
3467 247
3467 248
3467 249
3467 250
3467 282
3467 283
3467 284
3467 285
3467 286
3467 287
3467 288
3467 289
3467 290
3468 246
3468 279
3468 280
3468 281
3468 282
3468 283
3468 284
3468 285
3468 286
3468 287
3468 321
3468 322
3469 276
3469 277
3469 278
3469 279
3469 280
3469 281
3469 282
3469 283
3469 284
3469 317
3469 318
3469 319
3469 320
3470 273
3470 274
3470 275
3470 276
3470 277
3470 278
3470 279
3470 280
3470 281
3470 313
3470 314
3470 315
3470 316
3470 317
3470 318
3471 271
3471 272
3471 273
3471 274
3471 275
3471 276
3471 277
3471 278
3471 310
3471 311
3471 312
3471 313
3471 314
3471 315
3472 268
3472 269
3472 270
3472 271
3472 272
3472 273
3472 274
3472 275
3472 306
3472 307
3472 308
3472 309
3472 310
3472 311
3472 312
3472 313
3473 265
3473 266
3473 267
3473 268
3473 269
3473 270
3473 271
3473 272
3473 303
3473 304
3473 305
3473 306
3473 307
3473 308
3473 309
3473 310
3474 262
3474 263
3474 264
3474 265
3474 266
3474 267
3474 268
3474 269
3474 300
3474 301
3474 302
3474 303
3474 304
3474 305
3474 306
3474 307
3475 259
3475 260
3475 261
3475 262
3475 263
3475 264
3475 265
3475 266
3475 297
3475 298
3475 299
3475 300
3475 301
3475 302
3475 303
3475 304
3476 257
3476 258
3476 259
3476 260
3476 261
3476 262
3476 263
3476 294
3476 295
3476 296
3476 297
3476 298
3476 299
3476 300
3476 301
3476 302
3477 254
3477 255
3477 256
3477 257
3477 258
3477 259
3477 291
3477 292
3477 293
3477 294
3477 295
3477 296
3477 297
3477 298
3477 299
3478 252
3478 253
3478 254
3478 255
3478 256
3478 288
3478 289
3478 290
3478 291
3478 292
3478 293
3478 294
3478 295
3478 296
3479 249
3479 250
3479 251
3479 252
3479 253
3479 285
3479 286
3479 287
3479 288
3479 289
3479 290
3479 291
3479 292
3479 293
3480 247
3480 248
3480 249
3480 282
3480 283
3480 284
3480 285
3480 286
3480 287
3480 288
3480 289
3480 290
3481 245
3481 279
3481 280
3481 281
3481 282
3481 283
3481 284
3481 285
3481 286
3481 287
3481 320
3481 321
3481 322
3482 276
3482 277
3482 278
3482 279
3482 280
3482 281
3482 282
3482 283
3482 284
3482 316
3482 317
3482 318
3482 319
3482 320
3483 273
3483 274
3483 275
3483 276
3483 277
3483 278
3483 279
3483 280
3483 281
3483 313
3483 314
3483 315
3483 316
3483 317
3483 318
3484 270
3484 271
3484 272
3484 273
3484 274
3484 275
3484 276
3484 277
3484 278
3484 309
3484 310
3484 311
3484 312
3484 313
3484 314
3484 315
3485 267
3485 268
3485 269
3485 270
3485 271
3485 272
3485 273
3485 274
3485 275
3485 306
3485 307
3485 308
3485 309
3485 310
3485 311
3485 312
3486 265
3486 266
3486 267
3486 268
3486 269
3486 270
3486 271
3486 272
3486 303
3486 304
3486 305
3486 306
3486 307
3486 308
3486 309
3486 310
3487 262
3487 263
3487 264
3487 265
3487 266
3487 267
3487 268
3487 269
3487 300
3487 301
3487 302
3487 303
3487 304
3487 305
3487 306
3487 307
3488 259
3488 260
3488 261
3488 262
3488 263
3488 264
3488 265
3488 297
3488 298
3488 299
3488 300
3488 301
3488 302
3488 303
3488 304
3489 256
3489 257
3489 258
3489 259
3489 260
3489 261
3489 262
3489 293
3489 294
3489 295
3489 296
3489 297
3489 298
3489 299
3489 300
3489 301
3490 254
3490 255
3490 256
3490 257
3490 258
3490 259
3490 290
3490 291
3490 292
3490 293
3490 294
3490 295
3490 296
3490 297
3490 298
3491 251
3491 252
3491 253
3491 254
3491 255
3491 256
3491 287
3491 288
3491 289
3491 290
3491 291
3491 292
3491 293
3491 294
3491 295
3492 249
3492 250
3492 251
3492 252
3492 284
3492 285
3492 286
3492 287
3492 288
3492 289
3492 290
3492 291
3492 292
3493 247
3493 248
3493 249
3493 281
3493 282
3493 283
3493 284
3493 285
3493 286
3493 287
3493 288
3493 289
3494 245
3494 278
3494 279
3494 280
3494 281
3494 282
3494 283
3494 284
3494 285
3494 286
3494 320
3494 321
3495 276
3495 277
3495 278
3495 279
3495 280
3495 281
3495 282
3495 283
3495 316
3495 317
3495 318
3495 319
3495 320
3496 273
3496 274
3496 275
3496 276
3496 277
3496 278
3496 279
3496 280
3496 312
3496 313
3496 314
3496 315
3496 316
3496 317
3497 270
3497 271
3497 272
3497 273
3497 274
3497 275
3497 276
3497 277
3497 309
3497 310
3497 311
3497 312
3497 313
3497 314
3497 315
3498 267
3498 268
3498 269
3498 270
3498 271
3498 272
3498 273
3498 274
3498 306
3498 307
3498 308
3498 309
3498 310
3498 311
3498 312
3499 264
3499 265
3499 266
3499 267
3499 268
3499 269
3499 270
3499 271
3499 302
3499 303
3499 304
3499 305
3499 306
3499 307
3499 308
3499 309
3500 262
3500 263
3500 264
3500 265
3500 266
3500 267
3500 268
3500 299
3500 300
3500 301
3500 302
3500 303
3500 304
3500 305
3500 306
3501 259
3501 260
3501 261
3501 262
3501 263
3501 264
3501 265
3501 296
3501 297
3501 298
3501 299
3501 300
3501 301
3501 302
3501 303
3501 304
3502 256
3502 257
3502 258
3502 259
3502 260
3502 261
3502 262
3502 293
3502 294
3502 295
3502 296
3502 297
3502 298
3502 299
3502 300
3502 301
3503 254
3503 255
3503 256
3503 257
3503 258
3503 259
3503 290
3503 291
3503 292
3503 293
3503 294
3503 295
3503 296
3503 297
3503 298
3504 251
3504 252
3504 253
3504 254
3504 255
3504 287
3504 288
3504 289
3504 290
3504 291
3504 292
3504 293
3504 294
3504 295
3505 249
3505 250
3505 251
3505 252
3505 284
3505 285
3505 286
3505 287
3505 288
3505 289
3505 290
3505 291
3505 292
3506 246
3506 247
3506 248
3506 249
3506 281
3506 282
3506 283
3506 284
3506 285
3506 286
3506 287
3506 288
3506 289
3507 245
3507 278
3507 279
3507 280
3507 281
3507 282
3507 283
3507 284
3507 285
3507 286
3507 319
3507 320
3507 321
3508 275
3508 276
3508 277
3508 278
3508 279
3508 280
3508 281
3508 282
3508 283
3508 315
3508 316
3508 317
3508 318
3508 319
3509 272
3509 273
3509 274
3509 275
3509 276
3509 277
3509 278
3509 279
3509 280
3509 312
3509 313
3509 314
3509 315
3509 316
3509 317
3510 270
3510 271
3510 272
3510 273
3510 274
3510 275
3510 276
3510 277
3510 309
3510 310
3510 311
3510 312
3510 313
3510 314
3511 267
3511 268
3511 269
3511 270
3511 271
3511 272
3511 273
3511 274
3511 305
3511 306
3511 307
3511 308
3511 309
3511 310
3511 311
3511 312
3512 264
3512 265
3512 266
3512 267
3512 268
3512 269
3512 270
3512 271
3512 302
3512 303
3512 304
3512 305
3512 306
3512 307
3512 308
3512 309
3513 261
3513 262
3513 263
3513 264
3513 265
3513 266
3513 267
3513 268
3513 299
3513 300
3513 301
3513 302
3513 303
3513 304
3513 305
3513 306
3514 259
3514 260
3514 261
3514 262
3514 263
3514 264
3514 265
3514 296
3514 297
3514 298
3514 299
3514 300
3514 301
3514 302
3514 303
3515 256
3515 257
3515 258
3515 259
3515 260
3515 261
3515 262
3515 293
3515 294
3515 295
3515 296
3515 297
3515 298
3515 299
3515 300
3516 253
3516 254
3516 255
3516 256
3516 257
3516 258
3516 290
3516 291
3516 292
3516 293
3516 294
3516 295
3516 296
3516 297
3516 298
3517 251
3517 252
3517 253
3517 254
3517 255
3517 287
3517 288
3517 289
3517 290
3517 291
3517 292
3517 293
3517 294
3517 295
3518 248
3518 249
3518 250
3518 251
3518 252
3518 284
3518 285
3518 286
3518 287
3518 288
3518 289
3518 290
3518 291
3518 292
3519 246
3519 247
3519 248
3519 281
3519 282
3519 283
3519 284
3519 285
3519 286
3519 287
3519 288
3519 289
3520 278
3520 279
3520 280
3520 281
3520 282
3520 283
3520 284
3520 285
3520 286
3520 319
3520 320
3520 321
3521 275
3521 276
3521 277
3521 278
3521 279
3521 280
3521 281
3521 282
3521 283
3521 315
3521 316
3521 317
3521 318
3521 319
3522 272
3522 273
3522 274
3522 275
3522 276
3522 277
3522 278
3522 279
3522 280
3522 312
3522 313
3522 314
3522 315
3522 316
3523 269
3523 270
3523 271
3523 272
3523 273
3523 274
3523 275
3523 276
3523 277
3523 308
3523 309
3523 310
3523 311
3523 312
3523 313
3523 314
3524 267
3524 268
3524 269
3524 270
3524 271
3524 272
3524 273
3524 274
3524 305
3524 306
3524 307
3524 308
3524 309
3524 310
3524 311
3525 264
3525 265
3525 266
3525 267
3525 268
3525 269
3525 270
3525 271
3525 302
3525 303
3525 304
3525 305
3525 306
3525 307
3525 308
3526 261
3526 262
3526 263
3526 264
3526 265
3526 266
3526 267
3526 299
3526 300
3526 301
3526 302
3526 303
3526 304
3526 305
3526 306
3527 258
3527 259
3527 260
3527 261
3527 262
3527 263
3527 264
3527 296
3527 297
3527 298
3527 299
3527 300
3527 301
3527 302
3527 303
3528 256
3528 257
3528 258
3528 259
3528 260
3528 261
3528 292
3528 293
3528 294
3528 295
3528 296
3528 297
3528 298
3528 299
3528 300
3529 253
3529 254
3529 255
3529 256
3529 257
3529 258
3529 289
3529 290
3529 291
3529 292
3529 293
3529 294
3529 295
3529 296
3529 297
3530 251
3530 252
3530 253
3530 254
3530 255
3530 286
3530 287
3530 288
3530 289
3530 290
3530 291
3530 292
3530 293
3530 294
3531 248
3531 249
3531 250
3531 251
3531 283
3531 284
3531 285
3531 286
3531 287
3531 288
3531 289
3531 290
3531 291
3532 246
3532 247
3532 248
3532 281
3532 282
3532 283
3532 284
3532 285
3532 286
3532 287
3532 288
3533 278
3533 279
3533 280
3533 281
3533 282
3533 283
3533 284
3533 285
3533 319
3533 320
3534 275
3534 276
3534 277
3534 278
3534 279
3534 280
3534 281
3534 282
3534 315
3534 316
3534 317
3534 318
3535 272
3535 273
3535 274
3535 275
3535 276
3535 277
3535 278
3535 279
3535 311
3535 312
3535 313
3535 314
3535 315
3535 316
3536 269
3536 270
3536 271
3536 272
3536 273
3536 274
3536 275
3536 276
3536 308
3536 309
3536 310
3536 311
3536 312
3536 313
3537 266
3537 267
3537 268
3537 269
3537 270
3537 271
3537 272
3537 273
3537 305
3537 306
3537 307
3537 308
3537 309
3537 310
3537 311
3538 264
3538 265
3538 266
3538 267
3538 268
3538 269
3538 270
3538 301
3538 302
3538 303
3538 304
3538 305
3538 306
3538 307
3538 308
3539 261
3539 262
3539 263
3539 264
3539 265
3539 266
3539 267
3539 298
3539 299
3539 300
3539 301
3539 302
3539 303
3539 304
3539 305
3540 258
3540 259
3540 260
3540 261
3540 262
3540 263
3540 264
3540 295
3540 296
3540 297
3540 298
3540 299
3540 300
3540 301
3540 302
3541 256
3541 257
3541 258
3541 259
3541 260
3541 261
3541 292
3541 293
3541 294
3541 295
3541 296
3541 297
3541 298
3541 299
3541 300
3542 253
3542 254
3542 255
3542 256
3542 257
3542 258
3542 289
3542 290
3542 291
3542 292
3542 293
3542 294
3542 295
3542 296
3542 297
3543 251
3543 252
3543 253
3543 254
3543 286
3543 287
3543 288
3543 289
3543 290
3543 291
3543 292
3543 293
3543 294
3544 248
3544 249
3544 250
3544 251
3544 283
3544 284
3544 285
3544 286
3544 287
3544 288
3544 289
3544 290
3544 291
3545 246
3545 247
3545 280
3545 281
3545 282
3545 283
3545 284
3545 285
3545 286
3545 287
3545 288
3546 277
3546 278
3546 279
3546 280
3546 281
3546 282
3546 283
3546 284
3546 285
3546 318
3546 319
3546 320
3547 275
3547 276
3547 277
3547 278
3547 279
3547 280
3547 281
3547 282
3547 314
3547 315
3547 316
3547 317
3547 318
3548 272
3548 273
3548 274
3548 275
3548 276
3548 277
3548 278
3548 279
3548 311
3548 312
3548 313
3548 314
3548 315
3549 269
3549 270
3549 271
3549 272
3549 273
3549 274
3549 275
3549 276
3549 308
3549 309
3549 310
3549 311
3549 312
3549 313
3550 266
3550 267
3550 268
3550 269
3550 270
3550 271
3550 272
3550 273
3550 304
3550 305
3550 306
3550 307
3550 308
3550 309
3550 310
3551 263
3551 264
3551 265
3551 266
3551 267
3551 268
3551 269
3551 270
3551 301
3551 302
3551 303
3551 304
3551 305
3551 306
3551 307
3551 308
3552 261
3552 262
3552 263
3552 264
3552 265
3552 266
3552 267
3552 298
3552 299
3552 300
3552 301
3552 302
3552 303
3552 304
3552 305
3553 258
3553 259
3553 260
3553 261
3553 262
3553 263
3553 295
3553 296
3553 297
3553 298
3553 299
3553 300
3553 301
3553 302
3554 255
3554 256
3554 257
3554 258
3554 259
3554 260
3554 292
3554 293
3554 294
3554 295
3554 296
3554 297
3554 298
3554 299
3555 253
3555 254
3555 255
3555 256
3555 257
3555 289
3555 290
3555 291
3555 292
3555 293
3555 294
3555 295
3555 296
3556 250
3556 251
3556 252
3556 253
3556 254
3556 286
3556 287
3556 288
3556 289
3556 290
3556 291
3556 292
3556 293
3557 248
3557 249
3557 250
3557 283
3557 284
3557 285
3557 286
3557 287
3557 288
3557 289
3557 290
3558 246
3558 247
3558 280
3558 281
3558 282
3558 283
3558 284
3558 285
3558 286
3558 287
3559 277
3559 278
3559 279
3559 280
3559 281
3559 282
3559 283
3559 284
3559 318
3559 319
3560 274
3560 275
3560 276
3560 277
3560 278
3560 279
3560 280
3560 281
3560 314
3560 315
3560 316
3560 317
3561 271
3561 272
3561 273
3561 274
3561 275
3561 276
3561 277
3561 278
3561 311
3561 312
3561 313
3561 314
3561 315
3562 269
3562 270
3562 271
3562 272
3562 273
3562 274
3562 275
3562 307
3562 308
3562 309
3562 310
3562 311
3562 312
3563 266
3563 267
3563 268
3563 269
3563 270
3563 271
3563 272
3563 304
3563 305
3563 306
3563 307
3563 308
3563 309
3563 310
3564 263
3564 264
3564 265
3564 266
3564 267
3564 268
3564 269
3564 301
3564 302
3564 303
3564 304
3564 305
3564 306
3564 307
3565 260
3565 261
3565 262
3565 263
3565 264
3565 265
3565 266
3565 298
3565 299
3565 300
3565 301
3565 302
3565 303
3565 304
3566 258
3566 259
3566 260
3566 261
3566 262
3566 263
3566 295
3566 296
3566 297
3566 298
3566 299
3566 300
3566 301
3566 302
3567 255
3567 256
3567 257
3567 258
3567 259
3567 260
3567 292
3567 293
3567 294
3567 295
3567 296
3567 297
3567 298
3567 299
3568 253
3568 254
3568 255
3568 256
3568 257
3568 289
3568 290
3568 291
3568 292
3568 293
3568 294
3568 295
3568 296
3569 250
3569 251
3569 252
3569 253
3569 286
3569 287
3569 288
3569 289
3569 290
3569 291
3569 292
3569 293
3570 248
3570 249
3570 250
3570 283
3570 284
3570 285
3570 286
3570 287
3570 288
3570 289
3570 290
3571 246
3571 280
3571 281
3571 282
3571 283
3571 284
3571 285
3571 286
3571 287
3572 277
3572 278
3572 279
3572 280
3572 281
3572 282
3572 283
3572 284
3573 274
3573 275
3573 276
3573 277
3573 278
3573 279
3573 280
3573 281
3573 314
3573 315
3573 316
3573 317
3574 271
3574 272
3574 273
3574 274
3574 275
3574 276
3574 277
3574 278
3574 311
3574 312
3574 313
3574 314
3575 269
3575 270
3575 271
3575 272
3575 273
3575 274
3575 275
3575 307
3575 308
3575 309
3575 310
3575 311
3575 312
3576 266
3576 267
3576 268
3576 269
3576 270
3576 271
3576 272
3576 304
3576 305
3576 306
3576 307
3576 308
3576 309
3577 263
3577 264
3577 265
3577 266
3577 267
3577 268
3577 269
3577 301
3577 302
3577 303
3577 304
3577 305
3577 306
3577 307
3578 260
3578 261
3578 262
3578 263
3578 264
3578 265
3578 266
3578 298
3578 299
3578 300
3578 301
3578 302
3578 303
3578 304
3579 258
3579 259
3579 260
3579 261
3579 262
3579 263
3579 295
3579 296
3579 297
3579 298
3579 299
3579 300
3579 301
3580 255
3580 256
3580 257
3580 258
3580 259
3580 291
3580 292
3580 293
3580 294
3580 295
3580 296
3580 297
3580 298
3581 253
3581 254
3581 255
3581 256
3581 288
3581 289
3581 290
3581 291
3581 292
3581 293
3581 294
3581 295
3582 250
3582 251
3582 252
3582 253
3582 285
3582 286
3582 287
3582 288
3582 289
3582 290
3582 291
3582 292
3583 248
3583 249
3583 283
3583 284
3583 285
3583 286
3583 287
3583 288
3583 289
3584 280
3584 281
3584 282
3584 283
3584 284
3584 285
3584 286
3585 277
3585 278
3585 279
3585 280
3585 281
3585 282
3585 283
3586 274
3586 275
3586 276
3586 277
3586 278
3586 279
3586 280
3586 314
3586 315
3586 316
3587 271
3587 272
3587 273
3587 274
3587 275
3587 276
3587 277
3587 310
3587 311
3587 312
3587 313
3587 314
3588 268
3588 269
3588 270
3588 271
3588 272
3588 273
3588 274
3588 307
3588 308
3588 309
3588 310
3588 311
3589 266
3589 267
3589 268
3589 269
3589 270
3589 271
3589 304
3589 305
3589 306
3589 307
3589 308
3589 309
3590 263
3590 264
3590 265
3590 266
3590 267
3590 268
3590 301
3590 302
3590 303
3590 304
3590 305
3590 306
3591 260
3591 261
3591 262
3591 263
3591 264
3591 265
3591 297
3591 298
3591 299
3591 300
3591 301
3591 302
3591 303
3592 258
3592 259
3592 260
3592 261
3592 262
3592 294
3592 295
3592 296
3592 297
3592 298
3592 299
3592 300
3593 255
3593 256
3593 257
3593 258
3593 259
3593 291
3593 292
3593 293
3593 294
3593 295
3593 296
3593 297
3593 298
3594 253
3594 254
3594 255
3594 256
3594 288
3594 289
3594 290
3594 291
3594 292
3594 293
3594 294
3594 295
3595 250
3595 251
3595 252
3595 285
3595 286
3595 287
3595 288
3595 289
3595 290
3595 291
3595 292
3596 282
3596 283
3596 284
3596 285
3596 286
3596 287
3596 288
3596 289
3597 280
3597 281
3597 282
3597 283
3597 284
3597 285
3597 286
3598 277
3598 278
3598 279
3598 280
3598 281
3598 282
3598 283
3599 274
3599 275
3599 276
3599 277
3599 278
3599 279
3599 280
3599 314
3599 315
3600 271
3600 272
3600 273
3600 274
3600 275
3600 276
3600 277
3600 310
3600 311
3600 312
3600 313
3601 268
3601 269
3601 270
3601 271
3601 272
3601 273
3601 274
3601 307
3601 308
3601 309
3601 310
3601 311
3602 266
3602 267
3602 268
3602 269
3602 270
3602 271
3602 304
3602 305
3602 306
3602 307
3602 308
3603 263
3603 264
3603 265
3603 266
3603 267
3603 268
3603 300
3603 301
3603 302
3603 303
3603 304
3603 305
3604 260
3604 261
3604 262
3604 263
3604 264
3604 265
3604 297
3604 298
3604 299
3604 300
3604 301
3604 302
3604 303
3605 258
3605 259
3605 260
3605 261
3605 294
3605 295
3605 296
3605 297
3605 298
3605 299
3605 300
3606 255
3606 256
3606 257
3606 258
3606 291
3606 292
3606 293
3606 294
3606 295
3606 296
3606 297
3607 253
3607 254
3607 255
3607 288
3607 289
3607 290
3607 291
3607 292
3607 293
3607 294
3608 251
3608 285
3608 286
3608 287
3608 288
3608 289
3608 290
3608 291
3609 282
3609 283
3609 284
3609 285
3609 286
3609 287
3609 288
3610 279
3610 280
3610 281
3610 282
3610 283
3610 284
3610 285
3611 277
3611 278
3611 279
3611 280
3611 281
3611 282
3612 274
3612 275
3612 276
3612 277
3612 278
3612 279
3613 271
3613 272
3613 273
3613 274
3613 275
3613 276
3613 310
3613 311
3613 312
3614 268
3614 269
3614 270
3614 271
3614 272
3614 273
3614 307
3614 308
3614 309
3614 310
3615 266
3615 267
3615 268
3615 269
3615 270
3615 303
3615 304
3615 305
3615 306
3615 307
3616 263
3616 264
3616 265
3616 266
3616 267
3616 300
3616 301
3616 302
3616 303
3616 304
3616 305
3617 260
3617 261
3617 262
3617 263
3617 264
3617 297
3617 298
3617 299
3617 300
3617 301
3617 302
3618 258
3618 259
3618 260
3618 261
3618 294
3618 295
3618 296
3618 297
3618 298
3618 299
3619 255
3619 256
3619 257
3619 291
3619 292
3619 293
3619 294
3619 295
3619 296
3620 253
3620 254
3620 288
3620 289
3620 290
3620 291
3620 292
3620 293
3620 294
3621 285
3621 286
3621 287
3621 288
3621 289
3621 290
3621 291
3622 282
3622 283
3622 284
3622 285
3622 286
3622 287
3622 288
3623 279
3623 280
3623 281
3623 282
3623 283
3623 284
3623 285
3624 276
3624 277
3624 278
3624 279
3624 280
3624 281
3624 282
3625 274
3625 275
3625 276
3625 277
3625 278
3625 279
3626 271
3626 272
3626 273
3626 274
3626 275
3626 276
3626 311
3627 268
3627 269
3627 270
3627 271
3627 272
3627 273
3627 307
3627 308
3627 309
3628 266
3628 267
3628 268
3628 269
3628 270
3628 303
3628 304
3628 305
3628 306
3628 307
3629 263
3629 264
3629 265
3629 266
3629 300
3629 301
3629 302
3629 303
3629 304
3630 260
3630 261
3630 262
3630 263
3630 297
3630 298
3630 299
3630 300
3630 301
3631 258
3631 259
3631 260
3631 294
3631 295
3631 296
3631 297
3631 298
3631 299
3632 256
3632 291
3632 292
3632 293
3632 294
3632 295
3632 296
3633 288
3633 289
3633 290
3633 291
3633 292
3633 293
3634 285
3634 286
3634 287
3634 288
3634 289
3634 290
3635 282
3635 283
3635 284
3635 285
3635 286
3635 287
3636 279
3636 280
3636 281
3636 282
3636 283
3636 284
3637 276
3637 277
3637 278
3637 279
3637 280
3637 281
3638 274
3638 275
3638 276
3638 277
3638 278
3639 271
3639 272
3639 273
3639 274
3639 275
3640 268
3640 269
3640 270
3640 271
3640 272
3640 307
3640 308
3641 266
3641 267
3641 268
3641 269
3641 304
3641 305
3641 306
3642 263
3642 264
3642 265
3642 266
3642 300
3642 301
3642 302
3642 303
3643 261
3643 262
3643 297
3643 298
3643 299
3643 300
3643 301
3644 259
3644 294
3644 295
3644 296
3644 297
3644 298
3645 291
3645 292
3645 293
3645 294
3645 295
3646 288
3646 289
3646 290
3646 291
3646 292
3647 285
3647 286
3647 287
3647 288
3647 289
3648 282
3648 283
3648 284
3648 285
3648 286
3649 279
3649 280
3649 281
3649 282
3649 283
3650 277
3650 278
3650 279
3650 280
3651 274
3651 275
3651 276
3651 277
3652 271
3652 272
3652 273
3652 274
3653 269
3653 270
3653 271
3654 266
3654 267
3654 268
3654 304
3655 264
3655 265
3655 301
3655 302
3656 297
3656 298
3656 299
3656 300
3657 294
3657 295
3657 296
3657 297
3658 291
3658 292
3658 293
3658 294
3659 288
3659 289
3659 290
3659 291
3660 285
3660 286
3660 287
3660 288
3660 289
3661 282
3661 283
3661 284
3661 285
3661 286
3662 280
3662 281
3662 282
3662 283
3663 277
3663 278
3663 279
3663 280
3664 274
3664 275
3664 276
3665 272
3665 273
3666 269
3666 270
3669 298
3670 295
3670 296
3671 292
3671 293
3672 289
3672 290
3673 286
3673 287
3674 283
3674 284
3675 280
3675 281
3676 278
3677 275
3838 185
3839 182
3839 183
3840 179
3840 180
3841 176
3841 177
3842 173
3842 174
3843 170
3843 171
3850 188
3851 184
3851 185
3852 181
3852 182
3852 183
3853 178
3853 179
3853 180
3854 175
3854 176
3854 177
3855 172
3855 173
3855 174
3856 169
3856 170
3856 171
3857 166
3857 167
3857 168
3858 164
3863 187
3863 188
3864 184
3864 185
3864 186
3865 181
3865 182
3865 183
3866 178
3866 179
3866 180
3867 174
3867 175
3867 176
3867 177
3868 171
3868 172
3868 173
3868 174
3869 169
3869 170
3869 171
3870 166
3870 167
3870 168
3871 163
3871 164
3871 165
3872 160
3872 161
3875 190
3875 191
3876 187
3876 188
3877 183
3877 184
3877 185
3877 186
3878 180
3878 181
3878 182
3878 183
3879 177
3879 178
3879 179
3879 180
3880 174
3880 175
3880 176
3880 177
3881 171
3881 172
3881 173
3881 174
3882 168
3882 169
3882 170
3882 171
3883 165
3883 166
3883 167
3883 168
3884 162
3884 163
3884 164
3884 165
3885 160
3885 161
3885 162
3886 157
3886 158
3888 190
3888 191
3889 186
3889 187
3889 188
3890 183
3890 184
3890 185
3890 186
3891 180
3891 181
3891 182
3891 183
3892 177
3892 178
3892 179
3892 180
3893 174
3893 175
3893 176
3893 177
3894 171
3894 172
3894 173
3894 174
3895 168
3895 169
3895 170
3895 171
3896 165
3896 166
3896 167
3896 168
3897 162
3897 163
3897 164
3897 165
3898 159
3898 160
3898 161
3898 162
3899 156
3899 157
3899 158
3900 154
3900 155
3900 193
3901 189
3901 190
3901 191
3902 186
3902 187
3902 188
3903 183
3903 184
3903 185
3903 186
3904 179
3904 180
3904 181
3904 182
3904 183
3905 176
3905 177
3905 178
3905 179
3905 180
3906 173
3906 174
3906 175
3906 176
3906 177
3907 170
3907 171
3907 172
3907 173
3907 174
3908 167
3908 168
3908 169
3908 170
3908 171
3909 164
3909 165
3909 166
3909 167
3909 168
3910 161
3910 162
3910 163
3910 164
3910 165
3911 159
3911 160
3911 161
3911 162
3912 156
3912 157
3912 158
3912 159
3913 153
3913 154
3913 155
3913 192
3913 193
3914 151
3914 152
3914 189
3914 190
3914 191
3915 185
3915 186
3915 187
3915 188
3916 182
3916 183
3916 184
3916 185
3916 186
3917 179
3917 180
3917 181
3917 182
3917 183
3918 176
3918 177
3918 178
3918 179
3918 180
3919 173
3919 174
3919 175
3919 176
3919 177
3920 170
3920 171
3920 172
3920 173
3920 174
3921 167
3921 168
3921 169
3921 170
3921 171
3922 164
3922 165
3922 166
3922 167
3922 168
3923 161
3923 162
3923 163
3923 164
3923 165
3924 158
3924 159
3924 160
3924 161
3924 162
3925 155
3925 156
3925 157
3925 158
3925 159
3926 153
3926 154
3926 155
3926 192
3926 193
3927 150
3927 151
3927 152
3927 188
3927 189
3927 190
3927 191
3928 148
3928 185
3928 186
3928 187
3928 188
3929 182
3929 183
3929 184
3929 185
3929 186
3930 179
3930 180
3930 181
3930 182
3930 183
3931 176
3931 177
3931 178
3931 179
3931 180
3932 172
3932 173
3932 174
3932 175
3932 176
3932 177
3933 169
3933 170
3933 171
3933 172
3933 173
3933 174
3934 166
3934 167
3934 168
3934 169
3934 170
3934 171
3935 163
3935 164
3935 165
3935 166
3935 167
3935 168
3936 161
3936 162
3936 163
3936 164
3936 165
3937 158
3937 159
3937 160
3937 161
3937 162
3938 155
3938 156
3938 157
3938 158
3938 159
3939 152
3939 153
3939 154
3939 155
3939 156
3939 192
3939 193
3940 150
3940 151
3940 152
3940 188
3940 189
3940 190
3940 191
3941 147
3941 148
3941 149
3941 185
3941 186
3941 187
3941 188
3942 181
3942 182
3942 183
3942 184
3942 185
3943 178
3943 179
3943 180
3943 181
3943 182
3943 183
3944 175
3944 176
3944 177
3944 178
3944 179
3944 180
3945 172
3945 173
3945 174
3945 175
3945 176
3945 177
3946 169
3946 170
3946 171
3946 172
3946 173
3946 174
3947 166
3947 167
3947 168
3947 169
3947 170
3947 171
3948 163
3948 164
3948 165
3948 166
3948 167
3948 168
3949 160
3949 161
3949 162
3949 163
3949 164
3949 165
3950 157
3950 158
3950 159
3950 160
3950 161
3950 162
3951 154
3951 155
3951 156
3951 157
3951 158
3951 159
3951 195
3952 152
3952 153
3952 154
3952 155
3952 156
3952 191
3952 192
3952 193
3953 149
3953 150
3953 151
3953 152
3953 188
3953 189
3953 190
3953 191
3954 146
3954 147
3954 148
3954 149
3954 184
3954 185
3954 186
3954 187
3954 188
3955 144
3955 145
3955 181
3955 182
3955 183
3955 184
3955 185
3956 178
3956 179
3956 180
3956 181
3956 182
3956 183
3957 175
3957 176
3957 177
3957 178
3957 179
3957 180
3958 172
3958 173
3958 174
3958 175
3958 176
3958 177
3959 169
3959 170
3959 171
3959 172
3959 173
3959 174
3960 166
3960 167
3960 168
3960 169
3960 170
3960 171
3961 163
3961 164
3961 165
3961 166
3961 167
3961 168
3962 160
3962 161
3962 162
3962 163
3962 164
3962 165
3963 157
3963 158
3963 159
3963 160
3963 161
3963 162
3964 154
3964 155
3964 156
3964 157
3964 158
3964 159
3964 195
3965 151
3965 152
3965 153
3965 154
3965 155
3965 156
3965 191
3965 192
3965 193
3966 149
3966 150
3966 151
3966 152
3966 187
3966 188
3966 189
3966 190
3966 191
3967 146
3967 147
3967 148
3967 149
3967 184
3967 185
3967 186
3967 187
3967 188
3968 143
3968 144
3968 145
3968 146
3968 181
3968 182
3968 183
3968 184
3968 185
3969 141
3969 142
3969 178
3969 179
3969 180
3969 181
3969 182
3970 175
3970 176
3970 177
3970 178
3970 179
3970 180
3971 171
3971 172
3971 173
3971 174
3971 175
3971 176
3971 177
3972 168
3972 169
3972 170
3972 171
3972 172
3972 173
3972 174
3973 165
3973 166
3973 167
3973 168
3973 169
3973 170
3973 171
3974 162
3974 163
3974 164
3974 165
3974 166
3974 167
3974 168
3975 159
3975 160
3975 161
3975 162
3975 163
3975 164
3975 165
3976 157
3976 158
3976 159
3976 160
3976 161
3976 162
3977 154
3977 155
3977 156
3977 157
3977 158
3977 159
3977 194
3977 195
3978 151
3978 152
3978 153
3978 154
3978 155
3978 156
3978 191
3978 192
3978 193
3979 148
3979 149
3979 150
3979 151
3979 152
3979 187
3979 188
3979 189
3979 190
3979 191
3980 145
3980 146
3980 147
3980 148
3980 149
3980 184
3980 185
3980 186
3980 187
3980 188
3981 143
3981 144
3981 145
3981 146
3981 181
3981 182
3981 183
3981 184
3981 185
3982 140
3982 141
3982 142
3982 177
3982 178
3982 179
3982 180
3982 181
3982 182
3983 174
3983 175
3983 176
3983 177
3983 178
3983 179
3983 180
3984 171
3984 172
3984 173
3984 174
3984 175
3984 176
3984 177
3985 168
3985 169
3985 170
3985 171
3985 172
3985 173
3985 174
3986 165
3986 166
3986 167
3986 168
3986 169
3986 170
3986 171
3987 162
3987 163
3987 164
3987 165
3987 166
3987 167
3987 168
3988 159
3988 160
3988 161
3988 162
3988 163
3988 164
3988 165
3989 156
3989 157
3989 158
3989 159
3989 160
3989 161
3989 162
3990 153
3990 154
3990 155
3990 156
3990 157
3990 158
3990 159
3990 194
3990 195
3991 151
3991 152
3991 153
3991 154
3991 155
3991 156
3991 190
3991 191
3991 192
3991 193
3992 148
3992 149
3992 150
3992 151
3992 152
3992 187
3992 188
3992 189
3992 190
3992 191
3993 145
3993 146
3993 147
3993 148
3993 149
3993 184
3993 185
3993 186
3993 187
3993 188
3994 142
3994 143
3994 144
3994 145
3994 146
3994 180
3994 181
3994 182
3994 183
3994 184
3994 185
3995 140
3995 141
3995 142
3995 143
3995 177
3995 178
3995 179
3995 180
3995 181
3995 182
3996 138
3996 139
3996 174
3996 175
3996 176
3996 177
3996 178
3996 179
3997 171
3997 172
3997 173
3997 174
3997 175
3997 176
3997 177
3998 168
3998 169
3998 170
3998 171
3998 172
3998 173
3998 174
3999 165
3999 166
3999 167
3999 168
3999 169
3999 170
3999 171
4000 162
4000 163
4000 164
4000 165
4000 166
4000 167
4000 168
4001 159
4001 160
4001 161
4001 162
4001 163
4001 164
4001 165
4002 156
4002 157
4002 158
4002 159
4002 160
4002 161
4002 162
4003 153
4003 154
4003 155
4003 156
4003 157
4003 158
4003 159
4003 194
4003 195
4004 150
4004 151
4004 152
4004 153
4004 154
4004 155
4004 190
4004 191
4004 192
4004 193
4005 147
4005 148
4005 149
4005 150
4005 151
4005 152
4005 187
4005 188
4005 189
4005 190
4006 145
4006 146
4006 147
4006 148
4006 149
4006 183
4006 184
4006 185
4006 186
4006 187
4006 188
4007 142
4007 143
4007 144
4007 145
4007 146
4007 180
4007 181
4007 182
4007 183
4007 184
4007 185
4008 139
4008 140
4008 141
4008 142
4008 143
4008 177
4008 178
4008 179
4008 180
4008 181
4008 182
4009 137
4009 138
4009 139
4009 174
4009 175
4009 176
4009 177
4009 178
4009 179
4010 135
4010 171
4010 172
4010 173
4010 174
4010 175
4010 176
4011 167
4011 168
4011 169
4011 170
4011 171
4011 172
4011 173
4012 164
4012 165
4012 166
4012 167
4012 168
4012 169
4012 170
4012 171
4013 161
4013 162
4013 163
4013 164
4013 165
4013 166
4013 167
4013 168
4014 158
4014 159
4014 160
4014 161
4014 162
4014 163
4014 164
4014 165
4015 156
4015 157
4015 158
4015 159
4015 160
4015 161
4015 162
4016 153
4016 154
4016 155
4016 156
4016 157
4016 158
4016 194
4016 195
4017 150
4017 151
4017 152
4017 153
4017 154
4017 155
4017 190
4017 191
4017 192
4017 193
4018 147
4018 148
4018 149
4018 150
4018 151
4018 152
4018 186
4018 187
4018 188
4018 189
4018 190
4019 144
4019 145
4019 146
4019 147
4019 148
4019 149
4019 183
4019 184
4019 185
4019 186
4019 187
4019 188
4020 141
4020 142
4020 143
4020 144
4020 145
4020 146
4020 180
4020 181
4020 182
4020 183
4020 184
4020 185
4021 139
4021 140
4021 141
4021 142
4021 143
4021 177
4021 178
4021 179
4021 180
4021 181
4021 182
4022 136
4022 137
4022 138
4022 139
4022 173
4022 174
4022 175
4022 176
4022 177
4022 178
4022 179
4023 134
4023 135
4023 136
4023 170
4023 171
4023 172
4023 173
4023 174
4023 175
4023 176
4024 167
4024 168
4024 169
4024 170
4024 171
4024 172
4024 173
4025 164
4025 165
4025 166
4025 167
4025 168
4025 169
4025 170
4026 161
4026 162
4026 163
4026 164
4026 165
4026 166
4026 167
4027 158
4027 159
4027 160
4027 161
4027 162
4027 163
4027 164
4028 155
4028 156
4028 157
4028 158
4028 159
4028 160
4028 161
4029 152
4029 153
4029 154
4029 155
4029 156
4029 157
4029 158
4029 193
4029 194
4029 195
4030 149
4030 150
4030 151
4030 152
4030 153
4030 154
4030 155
4030 190
4030 191
4030 192
4030 193
4031 147
4031 148
4031 149
4031 150
4031 151
4031 152
4031 186
4031 187
4031 188
4031 189
4031 190
4032 144
4032 145
4032 146
4032 147
4032 148
4032 149
4032 183
4032 184
4032 185
4032 186
4032 187
4033 141
4033 142
4033 143
4033 144
4033 145
4033 146
4033 179
4033 180
4033 181
4033 182
4033 183
4033 184
4033 185
4034 138
4034 139
4034 140
4034 141
4034 142
4034 143
4034 176
4034 177
4034 178
4034 179
4034 180
4034 181
4034 182
4035 136
4035 137
4035 138
4035 139
4035 173
4035 174
4035 175
4035 176
4035 177
4035 178
4035 179
4036 133
4036 134
4036 135
4036 136
4036 170
4036 171
4036 172
4036 173
4036 174
4036 175
4036 176
4037 131
4037 132
4037 167
4037 168
4037 169
4037 170
4037 171
4037 172
4037 173
4038 164
4038 165
4038 166
4038 167
4038 168
4038 169
4038 170
4039 161
4039 162
4039 163
4039 164
4039 165
4039 166
4039 167
4040 158
4040 159
4040 160
4040 161
4040 162
4040 163
4040 164
4041 155
4041 156
4041 157
4041 158
4041 159
4041 160
4041 161
4042 152
4042 153
4042 154
4042 155
4042 156
4042 157
4042 158
4042 193
4042 194
4042 195
4043 149
4043 150
4043 151
4043 152
4043 153
4043 154
4043 155
4043 189
4043 190
4043 191
4043 192
4043 193
4044 146
4044 147
4044 148
4044 149
4044 150
4044 151
4044 152
4044 186
4044 187
4044 188
4044 189
4044 190
4045 143
4045 144
4045 145
4045 146
4045 147
4045 148
4045 149
4045 182
4045 183
4045 184
4045 185
4045 186
4045 187
4046 141
4046 142
4046 143
4046 144
4046 145
4046 146
4046 179
4046 180
4046 181
4046 182
4046 183
4046 184
4046 185
4047 138
4047 139
4047 140
4047 141
4047 142
4047 143
4047 176
4047 177
4047 178
4047 179
4047 180
4047 181
4047 182
4048 135
4048 136
4048 137
4048 138
4048 139
4048 173
4048 174
4048 175
4048 176
4048 177
4048 178
4048 179
4049 133
4049 134
4049 135
4049 136
4049 170
4049 171
4049 172
4049 173
4049 174
4049 175
4049 176
4050 131
4050 132
4050 133
4050 167
4050 168
4050 169
4050 170
4050 171
4050 172
4050 173
4051 164
4051 165
4051 166
4051 167
4051 168
4051 169
4051 170
4052 161
4052 162
4052 163
4052 164
4052 165
4052 166
4052 167
4053 158
4053 159
4053 160
4053 161
4053 162
4053 163
4053 164
4054 155
4054 156
4054 157
4054 158
4054 159
4054 160
4054 161
4055 152
4055 153
4055 154
4055 155
4055 156
4055 157
4055 158
4055 193
4055 194
4055 195
4056 149
4056 150
4056 151
4056 152
4056 153
4056 154
4056 155
4056 189
4056 190
4056 191
4056 192
4056 193
4057 146
4057 147
4057 148
4057 149
4057 150
4057 151
4057 152
4057 186
4057 187
4057 188
4057 189
4057 190
4058 143
4058 144
4058 145
4058 146
4058 147
4058 148
4058 149
4058 182
4058 183
4058 184
4058 185
4058 186
4058 187
4059 140
4059 141
4059 142
4059 143
4059 144
4059 145
4059 146
4059 179
4059 180
4059 181
4059 182
4059 183
4059 184
4060 138
4060 139
4060 140
4060 141
4060 142
4060 143
4060 176
4060 177
4060 178
4060 179
4060 180
4060 181
4060 182
4061 135
4061 136
4061 137
4061 138
4061 139
4061 173
4061 174
4061 175
4061 176
4061 177
4061 178
4061 179
4062 132
4062 133
4062 134
4062 135
4062 136
4062 169
4062 170
4062 171
4062 172
4062 173
4062 174
4062 175
4062 176
4063 130
4063 131
4063 132
4063 133
4063 166
4063 167
4063 168
4063 169
4063 170
4063 171
4063 172
4063 173
4064 128
4064 129
4064 163
4064 164
4064 165
4064 166
4064 167
4064 168
4064 169
4064 170
4065 160
4065 161
4065 162
4065 163
4065 164
4065 165
4065 166
4065 167
4066 157
4066 158
4066 159
4066 160
4066 161
4066 162
4066 163
4066 164
4067 154
4067 155
4067 156
4067 157
4067 158
4067 159
4067 160
4067 161
4067 197
4068 151
4068 152
4068 153
4068 154
4068 155
4068 156
4068 157
4068 158
4068 193
4068 194
4068 195
4069 148
4069 149
4069 150
4069 151
4069 152
4069 153
4069 154
4069 155
4069 189
4069 190
4069 191
4069 192
4070 146
4070 147
4070 148
4070 149
4070 150
4070 151
4070 152
4070 185
4070 186
4070 187
4070 188
4070 189
4070 190
4071 143
4071 144
4071 145
4071 146
4071 147
4071 148
4071 149
4071 182
4071 183
4071 184
4071 185
4071 186
4071 187
4072 140
4072 141
4072 142
4072 143
4072 144
4072 145
4072 146
4072 179
4072 180
4072 181
4072 182
4072 183
4072 184
4073 137
4073 138
4073 139
4073 140
4073 141
4073 142
4073 143
4073 176
4073 177
4073 178
4073 179
4073 180
4073 181
4074 135
4074 136
4074 137
4074 138
4074 139
4074 172
4074 173
4074 174
4074 175
4074 176
4074 177
4074 178
4074 179
4075 132
4075 133
4075 134
4075 135
4075 136
4075 169
4075 170
4075 171
4075 172
4075 173
4075 174
4075 175
4075 176
4076 129
4076 130
4076 131
4076 132
4076 133
4076 166
4076 167
4076 168
4076 169
4076 170
4076 171
4076 172
4076 173
4077 127
4077 128
4077 129
4077 163
4077 164
4077 165
4077 166
4077 167
4077 168
4077 169
4077 170
4078 160
4078 161
4078 162
4078 163
4078 164
4078 165
4078 166
4078 167
4079 157
4079 158
4079 159
4079 160
4079 161
4079 162
4079 163
4079 164
4080 154
4080 155
4080 156
4080 157
4080 158
4080 159
4080 160
4080 161
4080 197
4081 151
4081 152
4081 153
4081 154
4081 155
4081 156
4081 157
4081 158
4081 192
4081 193
4081 194
4081 195
4082 148
4082 149
4082 150
4082 151
4082 152
4082 153
4082 154
4082 155
4082 189
4082 190
4082 191
4082 192
4083 145
4083 146
4083 147
4083 148
4083 149
4083 150
4083 151
4083 152
4083 185
4083 186
4083 187
4083 188
4083 189
4083 190
4084 142
4084 143
4084 144
4084 145
4084 146
4084 147
4084 148
4084 149
4084 182
4084 183
4084 184
4084 185
4084 186
4084 187
4085 140
4085 141
4085 142
4085 143
4085 144
4085 145
4085 146
4085 178
4085 179
4085 180
4085 181
4085 182
4085 183
4085 184
4086 137
4086 138
4086 139
4086 140
4086 141
4086 142
4086 175
4086 176
4086 177
4086 178
4086 179
4086 180
4086 181
4087 134
4087 135
4087 136
4087 137
4087 138
4087 139
4087 172
4087 173
4087 174
4087 175
4087 176
4087 177
4087 178
4088 132
4088 133
4088 134
4088 135
4088 136
4088 169
4088 170
4088 171
4088 172
4088 173
4088 174
4088 175
4088 176
4089 129
4089 130
4089 131
4089 132
4089 133
4089 166
4089 167
4089 168
4089 169
4089 170
4089 171
4089 172
4089 173
4090 127
4090 128
4090 129
4090 163
4090 164
4090 165
4090 166
4090 167
4090 168
4090 169
4090 170
4091 125
4091 126
4091 160
4091 161
4091 162
4091 163
4091 164
4091 165
4091 166
4091 167
4092 157
4092 158
4092 159
4092 160
4092 161
4092 162
4092 163
4092 164
4093 154
4093 155
4093 156
4093 157
4093 158
4093 159
4093 160
4093 161
4093 196
4093 197
4094 151
4094 152
4094 153
4094 154
4094 155
4094 156
4094 157
4094 158
4094 192
4094 193
4094 194
4094 195
4095 148
4095 149
4095 150
4095 151
4095 152
4095 153
4095 154
4095 155
4095 188
4095 189
4095 190
4095 191
4095 192
4096 145
4096 146
4096 147
4096 148
4096 149
4096 150
4096 151
4096 152
4096 185
4096 186
4096 187
4096 188
4096 189
4096 190
4097 142
4097 143
4097 144
4097 145
4097 146
4097 147
4097 148
4097 149
4097 182
4097 183
4097 184
4097 185
4097 186
4097 187
4098 139
4098 140
4098 141
4098 142
4098 143
4098 144
4098 145
4098 178
4098 179
4098 180
4098 181
4098 182
4098 183
4098 184
4099 137
4099 138
4099 139
4099 140
4099 141
4099 142
4099 175
4099 176
4099 177
4099 178
4099 179
4099 180
4099 181
4100 134
4100 135
4100 136
4100 137
4100 138
4100 139
4100 172
4100 173
4100 174
4100 175
4100 176
4100 177
4100 178
4101 131
4101 132
4101 133
4101 134
4101 135
4101 136
4101 169
4101 170
4101 171
4101 172
4101 173
4101 174
4101 175
4102 129
4102 130
4102 131
4102 132
4102 133
4102 166
4102 167
4102 168
4102 169
4102 170
4102 171
4102 172
4103 126
4103 127
4103 128
4103 129
4103 162
4103 163
4103 164
4103 165
4103 166
4103 167
4103 168
4103 169
4104 124
4104 125
4104 126
4104 159
4104 160
4104 161
4104 162
4104 163
4104 164
4104 165
4104 166
4104 167
4105 156
4105 157
4105 158
4105 159
4105 160
4105 161
4105 162
4105 163
4105 164
4106 153
4106 154
4106 155
4106 156
4106 157
4106 158
4106 159
4106 160
4106 161
4106 196
4106 197
4107 151
4107 152
4107 153
4107 154
4107 155
4107 156
4107 157
4107 158
4107 192
4107 193
4107 194
4107 195
4108 148
4108 149
4108 150
4108 151
4108 152
4108 153
4108 154
4108 188
4108 189
4108 190
4108 191
4108 192
4109 145
4109 146
4109 147
4109 148
4109 149
4109 150
4109 151
4109 185
4109 186
4109 187
4109 188
4109 189
4110 142
4110 143
4110 144
4110 145
4110 146
4110 147
4110 148
4110 181
4110 182
4110 183
4110 184
4110 185
4110 186
4110 187
4111 139
4111 140
4111 141
4111 142
4111 143
4111 144
4111 145
4111 178
4111 179
4111 180
4111 181
4111 182
4111 183
4111 184
4112 136
4112 137
4112 138
4112 139
4112 140
4112 141
4112 142
4112 175
4112 176
4112 177
4112 178
4112 179
4112 180
4112 181
4113 134
4113 135
4113 136
4113 137
4113 138
4113 139
4113 172
4113 173
4113 174
4113 175
4113 176
4113 177
4113 178
4114 131
4114 132
4114 133
4114 134
4114 135
4114 136
4114 168
4114 169
4114 170
4114 171
4114 172
4114 173
4114 174
4114 175
4115 128
4115 129
4115 130
4115 131
4115 132
4115 133
4115 165
4115 166
4115 167
4115 168
4115 169
4115 170
4115 171
4115 172
4116 126
4116 127
4116 128
4116 129
4116 162
4116 163
4116 164
4116 165
4116 166
4116 167
4116 168
4116 169
4117 123
4117 124
4117 125
4117 126
4117 159
4117 160
4117 161
4117 162
4117 163
4117 164
4117 165
4117 166
4118 121
4118 122
4118 156
4118 157
4118 158
4118 159
4118 160
4118 161
4118 162
4118 163
4119 153
4119 154
4119 155
4119 156
4119 157
4119 158
4119 159
4119 160
4119 196
4119 197
4120 150
4120 151
4120 152
4120 153
4120 154
4120 155
4120 156
4120 157
4120 192
4120 193
4120 194
4121 147
4121 148
4121 149
4121 150
4121 151
4121 152
4121 153
4121 154
4121 188
4121 189
4121 190
4121 191
4121 192
4122 144
4122 145
4122 146
4122 147
4122 148
4122 149
4122 150
4122 151
4122 184
4122 185
4122 186
4122 187
4122 188
4122 189
4123 142
4123 143
4123 144
4123 145
4123 146
4123 147
4123 148
4123 181
4123 182
4123 183
4123 184
4123 185
4123 186
4124 139
4124 140
4124 141
4124 142
4124 143
4124 144
4124 145
4124 178
4124 179
4124 180
4124 181
4124 182
4124 183
4124 184
4125 136
4125 137
4125 138
4125 139
4125 140
4125 141
4125 142
4125 175
4125 176
4125 177
4125 178
4125 179
4125 180
4125 181
4126 133
4126 134
4126 135
4126 136
4126 137
4126 138
4126 139
4126 171
4126 172
4126 173
4126 174
4126 175
4126 176
4126 177
4126 178
4127 130
4127 131
4127 132
4127 133
4127 134
4127 135
4127 136
4127 168
4127 169
4127 170
4127 171
4127 172
4127 173
4127 174
4127 175
4128 128
4128 129
4128 130
4128 131
4128 132
4128 165
4128 166
4128 167
4128 168
4128 169
4128 170
4128 171
4128 172
4129 125
4129 126
4129 127
4129 128
4129 129
4129 162
4129 163
4129 164
4129 165
4129 166
4129 167
4129 168
4129 169
4130 123
4130 124
4130 125
4130 126
4130 159
4130 160
4130 161
4130 162
4130 163
4130 164
4130 165
4130 166
4131 121
4131 122
4131 156
4131 157
4131 158
4131 159
4131 160
4131 161
4131 162
4131 163
4132 153
4132 154
4132 155
4132 156
4132 157
4132 158
4132 159
4132 160
4132 195
4132 196
4132 197
4133 150
4133 151
4133 152
4133 153
4133 154
4133 155
4133 156
4133 157
4133 191
4133 192
4133 193
4133 194
4134 147
4134 148
4134 149
4134 150
4134 151
4134 152
4134 153
4134 154
4134 188
4134 189
4134 190
4134 191
4134 192
4135 144
4135 145
4135 146
4135 147
4135 148
4135 149
4135 150
4135 151
4135 184
4135 185
4135 186
4135 187
4135 188
4135 189
4136 141
4136 142
4136 143
4136 144
4136 145
4136 146
4136 147
4136 148
4136 181
4136 182
4136 183
4136 184
4136 185
4136 186
4137 138
4137 139
4137 140
4137 141
4137 142
4137 143
4137 144
4137 145
4137 178
4137 179
4137 180
4137 181
4137 182
4137 183
4138 136
4138 137
4138 138
4138 139
4138 140
4138 141
4138 142
4138 174
4138 175
4138 176
4138 177
4138 178
4138 179
4138 180
4138 181
4139 133
4139 134
4139 135
4139 136
4139 137
4139 138
4139 139
4139 171
4139 172
4139 173
4139 174
4139 175
4139 176
4139 177
4139 178
4140 130
4140 131
4140 132
4140 133
4140 134
4140 135
4140 136
4140 168
4140 169
4140 170
4140 171
4140 172
4140 173
4140 174
4140 175
4141 127
4141 128
4141 129
4141 130
4141 131
4141 132
4141 165
4141 166
4141 167
4141 168
4141 169
4141 170
4141 171
4141 172
4142 125
4142 126
4142 127
4142 128
4142 129
4142 162
4142 163
4142 164
4142 165
4142 166
4142 167
4142 168
4142 169
4143 122
4143 123
4143 124
4143 125
4143 126
4143 159
4143 160
4143 161
4143 162
4143 163
4143 164
4143 165
4143 166
4144 120
4144 121
4144 122
4144 156
4144 157
4144 158
4144 159
4144 160
4144 161
4144 162
4144 163
4145 153
4145 154
4145 155
4145 156
4145 157
4145 158
4145 159
4145 160
4145 195
4145 196
4146 150
4146 151
4146 152
4146 153
4146 154
4146 155
4146 156
4146 157
4146 191
4146 192
4146 193
4146 194
4147 147
4147 148
4147 149
4147 150
4147 151
4147 152
4147 153
4147 154
4147 188
4147 189
4147 190
4147 191
4147 192
4148 144
4148 145
4148 146
4148 147
4148 148
4148 149
4148 150
4148 151
4148 184
4148 185
4148 186
4148 187
4148 188
4148 189
4149 141
4149 142
4149 143
4149 144
4149 145
4149 146
4149 147
4149 148
4149 181
4149 182
4149 183
4149 184
4149 185
4149 186
4150 138
4150 139
4150 140
4150 141
4150 142
4150 143
4150 144
4150 145
4150 177
4150 178
4150 179
4150 180
4150 181
4150 182
4150 183
4151 135
4151 136
4151 137
4151 138
4151 139
4151 140
4151 141
4151 142
4151 174
4151 175
4151 176
4151 177
4151 178
4151 179
4151 180
4152 133
4152 134
4152 135
4152 136
4152 137
4152 138
4152 139
4152 171
4152 172
4152 173
4152 174
4152 175
4152 176
4152 177
4152 178
4153 130
4153 131
4153 132
4153 133
4153 134
4153 135
4153 168
4153 169
4153 170
4153 171
4153 172
4153 173
4153 174
4153 175
4154 127
4154 128
4154 129
4154 130
4154 131
4154 132
4154 165
4154 166
4154 167
4154 168
4154 169
4154 170
4154 171
4154 172
4155 125
4155 126
4155 127
4155 128
4155 129
4155 161
4155 162
4155 163
4155 164
4155 165
4155 166
4155 167
4155 168
4155 169
4156 122
4156 123
4156 124
4156 125
4156 126
4156 158
4156 159
4156 160
4156 161
4156 162
4156 163
4156 164
4156 165
4156 166
4157 120
4157 121
4157 122
4157 155
4157 156
4157 157
4157 158
4157 159
4157 160
4157 161
4157 162
4157 163
4158 118
4158 152
4158 153
4158 154
4158 155
4158 156
4158 157
4158 158
4158 159
4158 160
4158 195
4158 196
4159 149
4159 150
4159 151
4159 152
4159 153
4159 154
4159 155
4159 156
4159 157
4159 191
4159 192
4159 193
4159 194
4160 146
4160 147
4160 148
4160 149
4160 150
4160 151
4160 152
4160 153
4160 154
4160 187
4160 188
4160 189
4160 190
4160 191
4161 144
4161 145
4161 146
4161 147
4161 148
4161 149
4161 150
4161 151
4161 184
4161 185
4161 186
4161 187
4161 188
4161 189
4162 141
4162 142
4162 143
4162 144
4162 145
4162 146
4162 147
4162 148
4162 180
4162 181
4162 182
4162 183
4162 184
4162 185
4162 186
4163 138
4163 139
4163 140
4163 141
4163 142
4163 143
4163 144
4163 145
4163 177
4163 178
4163 179
4163 180
4163 181
4163 182
4163 183
4164 135
4164 136
4164 137
4164 138
4164 139
4164 140
4164 141
4164 174
4164 175
4164 176
4164 177
4164 178
4164 179
4164 180
4165 132
4165 133
4165 134
4165 135
4165 136
4165 137
4165 138
4165 171
4165 172
4165 173
4165 174
4165 175
4165 176
4165 177
4166 130
4166 131
4166 132
4166 133
4166 134
4166 135
4166 167
4166 168
4166 169
4166 170
4166 171
4166 172
4166 173
4166 174
4167 127
4167 128
4167 129
4167 130
4167 131
4167 132
4167 164
4167 165
4167 166
4167 167
4167 168
4167 169
4167 170
4167 171
4168 124
4168 125
4168 126
4168 127
4168 128
4168 129
4168 161
4168 162
4168 163
4168 164
4168 165
4168 166
4168 167
4168 168
4169 122
4169 123
4169 124
4169 125
4169 158
4169 159
4169 160
4169 161
4169 162
4169 163
4169 164
4169 165
4170 119
4170 120
4170 121
4170 122
4170 155
4170 156
4170 157
4170 158
4170 159
4170 160
4170 161
4170 162
4170 163
4171 117
4171 118
4171 152
4171 153
4171 154
4171 155
4171 156
4171 157
4171 158
4171 159
4171 160
4171 195
4171 196
4172 149
4172 150
4172 151
4172 152
4172 153
4172 154
4172 155
4172 156
4172 191
4172 192
4172 193
4172 194
4173 146
4173 147
4173 148
4173 149
4173 150
4173 151
4173 152
4173 153
4173 187
4173 188
4173 189
4173 190
4173 191
4174 143
4174 144
4174 145
4174 146
4174 147
4174 148
4174 149
4174 150
4174 184
4174 185
4174 186
4174 187
4174 188
4174 189
4175 140
4175 141
4175 142
4175 143
4175 144
4175 145
4175 146
4175 147
4175 180
4175 181
4175 182
4175 183
4175 184
4175 185
4175 186
4176 138
4176 139
4176 140
4176 141
4176 142
4176 143
4176 144
4176 177
4176 178
4176 179
4176 180
4176 181
4176 182
4176 183
4177 135
4177 136
4177 137
4177 138
4177 139
4177 140
4177 141
4177 174
4177 175
4177 176
4177 177
4177 178
4177 179
4177 180
4178 132
4178 133
4178 134
4178 135
4178 136
4178 137
4178 138
4178 170
4178 171
4178 172
4178 173
4178 174
4178 175
4178 176
4178 177
4179 129
4179 130
4179 131
4179 132
4179 133
4179 134
4179 135
4179 167
4179 168
4179 169
4179 170
4179 171
4179 172
4179 173
4179 174
4180 127
4180 128
4180 129
4180 130
4180 131
4180 132
4180 164
4180 165
4180 166
4180 167
4180 168
4180 169
4180 170
4180 171
4181 124
4181 125
4181 126
4181 127
4181 128
4181 129
4181 161
4181 162
4181 163
4181 164
4181 165
4181 166
4181 167
4181 168
4182 121
4182 122
4182 123
4182 124
4182 125
4182 158
4182 159
4182 160
4182 161
4182 162
4182 163
4182 164
4182 165
4183 119
4183 120
4183 121
4183 122
4183 155
4183 156
4183 157
4183 158
4183 159
4183 160
4183 161
4183 162
4184 117
4184 118
4184 152
4184 153
4184 154
4184 155
4184 156
4184 157
4184 158
4184 159
4184 194
4184 195
4184 196
4185 149
4185 150
4185 151
4185 152
4185 153
4185 154
4185 155
4185 156
4185 191
4185 192
4185 193
4185 194
4186 146
4186 147
4186 148
4186 149
4186 150
4186 151
4186 152
4186 153
4186 187
4186 188
4186 189
4186 190
4186 191
4187 143
4187 144
4187 145
4187 146
4187 147
4187 148
4187 149
4187 150
4187 183
4187 184
4187 185
4187 186
4187 187
4187 188
4188 140
4188 141
4188 142
4188 143
4188 144
4188 145
4188 146
4188 147
4188 180
4188 181
4188 182
4188 183
4188 184
4188 185
4188 186
4189 137
4189 138
4189 139
4189 140
4189 141
4189 142
4189 143
4189 144
4189 177
4189 178
4189 179
4189 180
4189 181
4189 182
4189 183
4190 134
4190 135
4190 136
4190 137
4190 138
4190 139
4190 140
4190 141
4190 173
4190 174
4190 175
4190 176
4190 177
4190 178
4190 179
4190 180
4191 132
4191 133
4191 134
4191 135
4191 136
4191 137
4191 138
4191 170
4191 171
4191 172
4191 173
4191 174
4191 175
4191 176
4191 177
4192 129
4192 130
4192 131
4192 132
4192 133
4192 134
4192 135
4192 167
4192 168
4192 169
4192 170
4192 171
4192 172
4192 173
4192 174
4193 126
4193 127
4193 128
4193 129
4193 130
4193 131
4193 132
4193 164
4193 165
4193 166
4193 167
4193 168
4193 169
4193 170
4193 171
4194 124
4194 125
4194 126
4194 127
4194 128
4194 161
4194 162
4194 163
4194 164
4194 165
4194 166
4194 167
4194 168
4195 121
4195 122
4195 123
4195 124
4195 125
4195 158
4195 159
4195 160
4195 161
4195 162
4195 163
4195 164
4195 165
4196 119
4196 120
4196 121
4196 122
4196 155
4196 156
4196 157
4196 158
4196 159
4196 160
4196 161
4196 162
4197 117
4197 118
4197 152
4197 153
4197 154
4197 155
4197 156
4197 157
4197 158
4197 159
4197 194
4197 195
4197 196
4198 149
4198 150
4198 151
4198 152
4198 153
4198 154
4198 155
4198 156
4198 190
4198 191
4198 192
4198 193
4198 194
4199 146
4199 147
4199 148
4199 149
4199 150
4199 151
4199 152
4199 153
4199 187
4199 188
4199 189
4199 190
4199 191
4200 143
4200 144
4200 145
4200 146
4200 147
4200 148
4200 149
4200 150
4200 183
4200 184
4200 185
4200 186
4200 187
4200 188
4201 140
4201 141
4201 142
4201 143
4201 144
4201 145
4201 146
4201 147
4201 180
4201 181
4201 182
4201 183
4201 184
4201 185
4202 137
4202 138
4202 139
4202 140
4202 141
4202 142
4202 143
4202 144
4202 176
4202 177
4202 178
4202 179
4202 180
4202 181
4202 182
4203 134
4203 135
4203 136
4203 137
4203 138
4203 139
4203 140
4203 141
4203 173
4203 174
4203 175
4203 176
4203 177
4203 178
4203 179
4203 180
4204 131
4204 132
4204 133
4204 134
4204 135
4204 136
4204 137
4204 138
4204 170
4204 171
4204 172
4204 173
4204 174
4204 175
4204 176
4204 177
4205 129
4205 130
4205 131
4205 132
4205 133
4205 134
4205 167
4205 168
4205 169
4205 170
4205 171
4205 172
4205 173
4205 174
4206 126
4206 127
4206 128
4206 129
4206 130
4206 131
4206 164
4206 165
4206 166
4206 167
4206 168
4206 169
4206 170
4206 171
4207 123
4207 124
4207 125
4207 126
4207 127
4207 128
4207 160
4207 161
4207 162
4207 163
4207 164
4207 165
4207 166
4207 167
4207 168
4208 121
4208 122
4208 123
4208 124
4208 125
4208 157
4208 158
4208 159
4208 160
4208 161
4208 162
4208 163
4208 164
4208 165
4209 118
4209 119
4209 120
4209 121
4209 154
4209 155
4209 156
4209 157
4209 158
4209 159
4209 160
4209 161
4209 162
4210 116
4210 117
4210 118
4210 151
4210 152
4210 153
4210 154
4210 155
4210 156
4210 157
4210 158
4210 159
4210 194
4210 195
4210 196
4211 148
4211 149
4211 150
4211 151
4211 152
4211 153
4211 154
4211 155
4211 156
4211 190
4211 191
4211 192
4211 193
4212 145
4212 146
4212 147
4212 148
4212 149
4212 150
4212 151
4212 152
4212 153
4212 186
4212 187
4212 188
4212 189
4212 190
4212 191
4213 143
4213 144
4213 145
4213 146
4213 147
4213 148
4213 149
4213 150
4213 183
4213 184
4213 185
4213 186
4213 187
4213 188
4214 140
4214 141
4214 142
4214 143
4214 144
4214 145
4214 146
4214 147
4214 180
4214 181
4214 182
4214 183
4214 184
4214 185
4215 137
4215 138
4215 139
4215 140
4215 141
4215 142
4215 143
4215 144
4215 176
4215 177
4215 178
4215 179
4215 180
4215 181
4215 182
4216 134
4216 135
4216 136
4216 137
4216 138
4216 139
4216 140
4216 173
4216 174
4216 175
4216 176
4216 177
4216 178
4216 179
4217 131
4217 132
4217 133
4217 134
4217 135
4217 136
4217 137
4217 170
4217 171
4217 172
4217 173
4217 174
4217 175
4217 176
4218 128
4218 129
4218 130
4218 131
4218 132
4218 133
4218 134
4218 167
4218 168
4218 169
4218 170
4218 171
4218 172
4218 173
4219 126
4219 127
4219 128
4219 129
4219 130
4219 131
4219 163
4219 164
4219 165
4219 166
4219 167
4219 168
4219 169
4219 170
4220 123
4220 124
4220 125
4220 126
4220 127
4220 128
4220 160
4220 161
4220 162
4220 163
4220 164
4220 165
4220 166
4220 167
4221 121
4221 122
4221 123
4221 124
4221 125
4221 157
4221 158
4221 159
4221 160
4221 161
4221 162
4221 163
4221 164
4221 165
4222 118
4222 119
4222 120
4222 121
4222 154
4222 155
4222 156
4222 157
4222 158
4222 159
4222 160
4222 161
4222 162
4223 116
4223 117
4223 151
4223 152
4223 153
4223 154
4223 155
4223 156
4223 157
4223 158
4223 194
4223 195
4223 196
4224 148
4224 149
4224 150
4224 151
4224 152
4224 153
4224 154
4224 155
4224 190
4224 191
4224 192
4224 193
4225 145
4225 146
4225 147
4225 148
4225 149
4225 150
4225 151
4225 152
4225 186
4225 187
4225 188
4225 189
4225 190
4225 191
4226 142
4226 143
4226 144
4226 145
4226 146
4226 147
4226 148
4226 149
4226 183
4226 184
4226 185
4226 186
4226 187
4226 188
4227 139
4227 140
4227 141
4227 142
4227 143
4227 144
4227 145
4227 146
4227 179
4227 180
4227 181
4227 182
4227 183
4227 184
4227 185
4228 137
4228 138
4228 139
4228 140
4228 141
4228 142
4228 143
4228 176
4228 177
4228 178
4228 179
4228 180
4228 181
4228 182
4229 134
4229 135
4229 136
4229 137
4229 138
4229 139
4229 140
4229 173
4229 174
4229 175
4229 176
4229 177
4229 178
4229 179
4230 131
4230 132
4230 133
4230 134
4230 135
4230 136
4230 137
4230 169
4230 170
4230 171
4230 172
4230 173
4230 174
4230 175
4230 176
4231 128
4231 129
4231 130
4231 131
4231 132
4231 133
4231 134
4231 166
4231 167
4231 168
4231 169
4231 170
4231 171
4231 172
4231 173
4232 125
4232 126
4232 127
4232 128
4232 129
4232 130
4232 131
4232 163
4232 164
4232 165
4232 166
4232 167
4232 168
4232 169
4232 170
4233 123
4233 124
4233 125
4233 126
4233 127
4233 128
4233 160
4233 161
4233 162
4233 163
4233 164
4233 165
4233 166
4233 167
4234 120
4234 121
4234 122
4234 123
4234 124
4234 157
4234 158
4234 159
4234 160
4234 161
4234 162
4234 163
4234 164
4235 118
4235 119
4235 120
4235 121
4235 154
4235 155
4235 156
4235 157
4235 158
4235 159
4235 160
4235 161
4236 116
4236 117
4236 151
4236 152
4236 153
4236 154
4236 155
4236 156
4236 157
4236 158
4236 194
4236 195
4236 196
4237 148
4237 149
4237 150
4237 151
4237 152
4237 153
4237 154
4237 155
4237 190
4237 191
4237 192
4237 193
4238 145
4238 146
4238 147
4238 148
4238 149
4238 150
4238 151
4238 152
4238 186
4238 187
4238 188
4238 189
4238 190
4239 142
4239 143
4239 144
4239 145
4239 146
4239 147
4239 148
4239 149
4239 183
4239 184
4239 185
4239 186
4239 187
4239 188
4240 139
4240 140
4240 141
4240 142
4240 143
4240 144
4240 145
4240 146
4240 179
4240 180
4240 181
4240 182
4240 183
4240 184
4240 185
4241 136
4241 137
4241 138
4241 139
4241 140
4241 141
4241 142
4241 143
4241 176
4241 177
4241 178
4241 179
4241 180
4241 181
4241 182
4242 133
4242 134
4242 135
4242 136
4242 137
4242 138
4242 139
4242 140
4242 173
4242 174
4242 175
4242 176
4242 177
4242 178
4242 179
4243 131
4243 132
4243 133
4243 134
4243 135
4243 136
4243 137
4243 169
4243 170
4243 171
4243 172
4243 173
4243 174
4243 175
4243 176
4244 128
4244 129
4244 130
4244 131
4244 132
4244 133
4244 134
4244 166
4244 167
4244 168
4244 169
4244 170
4244 171
4244 172
4244 173
4245 125
4245 126
4245 127
4245 128
4245 129
4245 130
4245 163
4245 164
4245 165
4245 166
4245 167
4245 168
4245 169
4245 170
4246 123
4246 124
4246 125
4246 126
4246 127
4246 160
4246 161
4246 162
4246 163
4246 164
4246 165
4246 166
4246 167
4247 120
4247 121
4247 122
4247 123
4247 124
4247 157
4247 158
4247 159
4247 160
4247 161
4247 162
4247 163
4247 164
4248 118
4248 119
4248 120
4248 154
4248 155
4248 156
4248 157
4248 158
4248 159
4248 160
4248 161
4249 116
4249 117
4249 151
4249 152
4249 153
4249 154
4249 155
4249 156
4249 157
4249 158
4249 193
4249 194
4249 195
4250 148
4250 149
4250 150
4250 151
4250 152
4250 153
4250 154
4250 155
4250 190
4250 191
4250 192
4250 193
4251 145
4251 146
4251 147
4251 148
4251 149
4251 150
4251 151
4251 152
4251 186
4251 187
4251 188
4251 189
4251 190
4252 142
4252 143
4252 144
4252 145
4252 146
4252 147
4252 148
4252 149
4252 182
4252 183
4252 184
4252 185
4252 186
4252 187
4253 139
4253 140
4253 141
4253 142
4253 143
4253 144
4253 145
4253 146
4253 179
4253 180
4253 181
4253 182
4253 183
4253 184
4254 136
4254 137
4254 138
4254 139
4254 140
4254 141
4254 142
4254 143
4254 176
4254 177
4254 178
4254 179
4254 180
4254 181
4255 133
4255 134
4255 135
4255 136
4255 137
4255 138
4255 139
4255 140
4255 172
4255 173
4255 174
4255 175
4255 176
4255 177
4255 178
4255 179
4256 130
4256 131
4256 132
4256 133
4256 134
4256 135
4256 136
4256 169
4256 170
4256 171
4256 172
4256 173
4256 174
4256 175
4256 176
4257 128
4257 129
4257 130
4257 131
4257 132
4257 133
4257 166
4257 167
4257 168
4257 169
4257 170
4257 171
4257 172
4257 173
4258 125
4258 126
4258 127
4258 128
4258 129
4258 130
4258 163
4258 164
4258 165
4258 166
4258 167
4258 168
4258 169
4258 170
4259 122
4259 123
4259 124
4259 125
4259 126
4259 127
4259 160
4259 161
4259 162
4259 163
4259 164
4259 165
4259 166
4259 167
4260 120
4260 121
4260 122
4260 123
4260 157
4260 158
4260 159
4260 160
4260 161
4260 162
4260 163
4260 164
4261 118
4261 119
4261 120
4261 153
4261 154
4261 155
4261 156
4261 157
4261 158
4261 159
4261 160
4261 161
4262 116
4262 150
4262 151
4262 152
4262 153
4262 154
4262 155
4262 156
4262 157
4262 158
4262 193
4262 194
4262 195
4263 147
4263 148
4263 149
4263 150
4263 151
4263 152
4263 153
4263 154
4263 155
4263 189
4263 190
4263 191
4263 192
4263 193
4264 145
4264 146
4264 147
4264 148
4264 149
4264 150
4264 151
4264 152
4264 186
4264 187
4264 188
4264 189
4264 190
4265 142
4265 143
4265 144
4265 145
4265 146
4265 147
4265 148
4265 182
4265 183
4265 184
4265 185
4265 186
4265 187
4266 139
4266 140
4266 141
4266 142
4266 143
4266 144
4266 145
4266 179
4266 180
4266 181
4266 182
4266 183
4266 184
4267 136
4267 137
4267 138
4267 139
4267 140
4267 141
4267 142
4267 175
4267 176
4267 177
4267 178
4267 179
4267 180
4267 181
4268 133
4268 134
4268 135
4268 136
4268 137
4268 138
4268 139
4268 172
4268 173
4268 174
4268 175
4268 176
4268 177
4268 178
4269 130
4269 131
4269 132
4269 133
4269 134
4269 135
4269 136
4269 169
4269 170
4269 171
4269 172
4269 173
4269 174
4269 175
4270 128
4270 129
4270 130
4270 131
4270 132
4270 133
4270 166
4270 167
4270 168
4270 169
4270 170
4270 171
4270 172
4271 125
4271 126
4271 127
4271 128
4271 129
4271 130
4271 162
4271 163
4271 164
4271 165
4271 166
4271 167
4271 168
4271 169
4272 122
4272 123
4272 124
4272 125
4272 126
4272 159
4272 160
4272 161
4272 162
4272 163
4272 164
4272 165
4272 166
4273 120
4273 121
4273 122
4273 123
4273 156
4273 157
4273 158
4273 159
4273 160
4273 161
4273 162
4273 163
4274 118
4274 119
4274 120
4274 153
4274 154
4274 155
4274 156
4274 157
4274 158
4274 159
4274 160
4275 150
4275 151
4275 152
4275 153
4275 154
4275 155
4275 156
4275 157
4275 193
4275 194
4275 195
4276 147
4276 148
4276 149
4276 150
4276 151
4276 152
4276 153
4276 154
4276 189
4276 190
4276 191
4276 192
4277 144
4277 145
4277 146
4277 147
4277 148
4277 149
4277 150
4277 151
4277 186
4277 187
4277 188
4277 189
4277 190
4278 141
4278 142
4278 143
4278 144
4278 145
4278 146
4278 147
4278 148
4278 182
4278 183
4278 184
4278 185
4278 186
4278 187
4279 138
4279 139
4279 140
4279 141
4279 142
4279 143
4279 144
4279 145
4279 179
4279 180
4279 181
4279 182
4279 183
4279 184
4280 136
4280 137
4280 138
4280 139
4280 140
4280 141
4280 142
4280 175
4280 176
4280 177
4280 178
4280 179
4280 180
4280 181
4281 133
4281 134
4281 135
4281 136
4281 137
4281 138
4281 139
4281 172
4281 173
4281 174
4281 175
4281 176
4281 177
4281 178
4282 130
4282 131
4282 132
4282 133
4282 134
4282 135
4282 136
4282 169
4282 170
4282 171
4282 172
4282 173
4282 174
4282 175
4283 127
4283 128
4283 129
4283 130
4283 131
4283 132
4283 133
4283 165
4283 166
4283 167
4283 168
4283 169
4283 170
4283 171
4283 172
4284 125
4284 126
4284 127
4284 128
4284 129
4284 162
4284 163
4284 164
4284 165
4284 166
4284 167
4284 168
4284 169
4285 122
4285 123
4285 124
4285 125
4285 126
4285 159
4285 160
4285 161
4285 162
4285 163
4285 164
4285 165
4285 166
4286 120
4286 121
4286 122
4286 123
4286 156
4286 157
4286 158
4286 159
4286 160
4286 161
4286 162
4286 163
4287 118
4287 119
4287 153
4287 154
4287 155
4287 156
4287 157
4287 158
4287 159
4287 160
4288 150
4288 151
4288 152
4288 153
4288 154
4288 155
4288 156
4288 157
4288 193
4288 194
4288 195
4289 147
4289 148
4289 149
4289 150
4289 151
4289 152
4289 153
4289 154
4289 189
4289 190
4289 191
4289 192
4290 144
4290 145
4290 146
4290 147
4290 148
4290 149
4290 150
4290 151
4290 185
4290 186
4290 187
4290 188
4290 189
4291 141
4291 142
4291 143
4291 144
4291 145
4291 146
4291 147
4291 148
4291 182
4291 183
4291 184
4291 185
4291 186
4291 187
4292 138
4292 139
4292 140
4292 141
4292 142
4292 143
4292 144
4292 145
4292 178
4292 179
4292 180
4292 181
4292 182
4292 183
4292 184
4293 135
4293 136
4293 137
4293 138
4293 139
4293 140
4293 141
4293 142
4293 175
4293 176
4293 177
4293 178
4293 179
4293 180
4293 181
4294 133
4294 134
4294 135
4294 136
4294 137
4294 138
4294 172
4294 173
4294 174
4294 175
4294 176
4294 177
4294 178
4295 130
4295 131
4295 132
4295 133
4295 134
4295 135
4295 168
4295 169
4295 170
4295 171
4295 172
4295 173
4295 174
4295 175
4296 127
4296 128
4296 129
4296 130
4296 131
4296 132
4296 165
4296 166
4296 167
4296 168
4296 169
4296 170
4296 171
4296 172
4297 125
4297 126
4297 127
4297 128
4297 129
4297 162
4297 163
4297 164
4297 165
4297 166
4297 167
4297 168
4297 169
4298 122
4298 123
4298 124
4298 125
4298 126
4298 159
4298 160
4298 161
4298 162
4298 163
4298 164
4298 165
4298 166
4299 120
4299 121
4299 122
4299 156
4299 157
4299 158
4299 159
4299 160
4299 161
4299 162
4299 163
4300 118
4300 153
4300 154
4300 155
4300 156
4300 157
4300 158
4300 159
4300 160
4300 197
4301 150
4301 151
4301 152
4301 153
4301 154
4301 155
4301 156
4301 157
4301 193
4301 194
4301 195
4302 147
4302 148
4302 149
4302 150
4302 151
4302 152
4302 153
4302 154
4302 189
4302 190
4302 191
4302 192
4303 144
4303 145
4303 146
4303 147
4303 148
4303 149
4303 150
4303 151
4303 185
4303 186
4303 187
4303 188
4303 189
4304 141
4304 142
4304 143
4304 144
4304 145
4304 146
4304 147
4304 182
4304 183
4304 184
4304 185
4304 186
4305 138
4305 139
4305 140
4305 141
4305 142
4305 143
4305 144
4305 178
4305 179
4305 180
4305 181
4305 182
4305 183
4306 135
4306 136
4306 137
4306 138
4306 139
4306 140
4306 141
4306 175
4306 176
4306 177
4306 178
4306 179
4306 180
4307 132
4307 133
4307 134
4307 135
4307 136
4307 137
4307 138
4307 172
4307 173
4307 174
4307 175
4307 176
4307 177
4308 130
4308 131
4308 132
4308 133
4308 134
4308 135
4308 168
4308 169
4308 170
4308 171
4308 172
4308 173
4308 174
4309 127
4309 128
4309 129
4309 130
4309 131
4309 132
4309 165
4309 166
4309 167
4309 168
4309 169
4309 170
4309 171
4310 124
4310 125
4310 126
4310 127
4310 128
4310 162
4310 163
4310 164
4310 165
4310 166
4310 167
4310 168
4311 122
4311 123
4311 124
4311 125
4311 159
4311 160
4311 161
4311 162
4311 163
4311 164
4311 165
4312 120
4312 121
4312 156
4312 157
4312 158
4312 159
4312 160
4312 161
4312 162
4313 153
4313 154
4313 155
4313 156
4313 157
4313 158
4313 159
4313 197
4314 150
4314 151
4314 152
4314 153
4314 154
4314 155
4314 156
4314 192
4314 193
4314 194
4315 147
4315 148
4315 149
4315 150
4315 151
4315 152
4315 153
4315 189
4315 190
4315 191
4315 192
4316 144
4316 145
4316 146
4316 147
4316 148
4316 149
4316 150
4316 185
4316 186
4316 187
4316 188
4316 189
4317 141
4317 142
4317 143
4317 144
4317 145
4317 146
4317 147
4317 181
4317 182
4317 183
4317 184
4317 185
4317 186
4318 138
4318 139
4318 140
4318 141
4318 142
4318 143
4318 144
4318 178
4318 179
4318 180
4318 181
4318 182
4318 183
4319 135
4319 136
4319 137
4319 138
4319 139
4319 140
4319 141
4319 175
4319 176
4319 177
4319 178
4319 179
4319 180
4320 132
4320 133
4320 134
4320 135
4320 136
4320 137
4320 138
4320 171
4320 172
4320 173
4320 174
4320 175
4320 176
4320 177
4321 130
4321 131
4321 132
4321 133
4321 134
4321 168
4321 169
4321 170
4321 171
4321 172
4321 173
4321 174
4322 127
4322 128
4322 129
4322 130
4322 131
4322 165
4322 166
4322 167
4322 168
4322 169
4322 170
4322 171
4323 124
4323 125
4323 126
4323 127
4323 128
4323 162
4323 163
4323 164
4323 165
4323 166
4323 167
4323 168
4324 122
4324 123
4324 124
4324 159
4324 160
4324 161
4324 162
4324 163
4324 164
4324 165
4325 120
4325 121
4325 156
4325 157
4325 158
4325 159
4325 160
4325 161
4325 162
4326 152
4326 153
4326 154
4326 155
4326 156
4326 157
4326 158
4326 159
4326 196
4327 149
4327 150
4327 151
4327 152
4327 153
4327 154
4327 155
4327 156
4327 192
4327 193
4327 194
4328 146
4328 147
4328 148
4328 149
4328 150
4328 151
4328 152
4328 153
4328 188
4328 189
4328 190
4328 191
4329 144
4329 145
4329 146
4329 147
4329 148
4329 149
4329 150
4329 185
4329 186
4329 187
4329 188
4329 189
4330 141
4330 142
4330 143
4330 144
4330 145
4330 146
4330 147
4330 181
4330 182
4330 183
4330 184
4330 185
4330 186
4331 138
4331 139
4331 140
4331 141
4331 142
4331 143
4331 144
4331 178
4331 179
4331 180
4331 181
4331 182
4331 183
4332 135
4332 136
4332 137
4332 138
4332 139
4332 140
4332 174
4332 175
4332 176
4332 177
4332 178
4332 179
4332 180
4333 132
4333 133
4333 134
4333 135
4333 136
4333 137
4333 171
4333 172
4333 173
4333 174
4333 175
4333 176
4333 177
4334 130
4334 131
4334 132
4334 133
4334 134
4334 168
4334 169
4334 170
4334 171
4334 172
4334 173
4334 174
4335 127
4335 128
4335 129
4335 130
4335 131
4335 165
4335 166
4335 167
4335 168
4335 169
4335 170
4335 171
4336 124
4336 125
4336 126
4336 127
4336 162
4336 163
4336 164
4336 165
4336 166
4336 167
4336 168
4337 122
4337 123
4337 124
4337 158
4337 159
4337 160
4337 161
4337 162
4337 163
4337 164
4337 165
4338 155
4338 156
4338 157
4338 158
4338 159
4338 160
4338 161
4338 162
4339 152
4339 153
4339 154
4339 155
4339 156
4339 157
4339 158
4339 159
4339 196
4340 149
4340 150
4340 151
4340 152
4340 153
4340 154
4340 155
4340 156
4340 192
4340 193
4340 194
4341 146
4341 147
4341 148
4341 149
4341 150
4341 151
4341 152
4341 188
4341 189
4341 190
4341 191
4342 143
4342 144
4342 145
4342 146
4342 147
4342 148
4342 149
4342 185
4342 186
4342 187
4342 188
4343 141
4343 142
4343 143
4343 144
4343 145
4343 146
4343 181
4343 182
4343 183
4343 184
4343 185
4344 138
4344 139
4344 140
4344 141
4344 142
4344 143
4344 178
4344 179
4344 180
4344 181
4344 182
4345 135
4345 136
4345 137
4345 138
4345 139
4345 140
4345 174
4345 175
4345 176
4345 177
4345 178
4345 179
4346 132
4346 133
4346 134
4346 135
4346 136
4346 137
4346 171
4346 172
4346 173
4346 174
4346 175
4346 176
4347 129
4347 130
4347 131
4347 132
4347 133
4347 168
4347 169
4347 170
4347 171
4347 172
4347 173
4348 127
4348 128
4348 129
4348 130
4348 165
4348 166
4348 167
4348 168
4348 169
4348 170
4349 125
4349 126
4349 127
4349 161
4349 162
4349 163
4349 164
4349 165
4349 166
4349 167
4350 123
4350 158
4350 159
4350 160
4350 161
4350 162
4350 163
4350 164
4351 155
4351 156
4351 157
4351 158
4351 159
4351 160
4351 161
4352 152
4352 153
4352 154
4352 155
4352 156
4352 157
4352 158
4352 196
4353 149
4353 150
4353 151
4353 152
4353 153
4353 154
4353 155
4353 192
4353 193
4353 194
4354 146
4354 147
4354 148
4354 149
4354 150
4354 151
4354 152
4354 188
4354 189
4354 190
4354 191
4355 143
4355 144
4355 145
4355 146
4355 147
4355 148
4355 149
4355 184
4355 185
4355 186
4355 187
4355 188
4356 140
4356 141
4356 142
4356 143
4356 144
4356 145
4356 146
4356 181
4356 182
4356 183
4356 184
4356 185
4357 138
4357 139
4357 140
4357 141
4357 142
4357 143
4357 178
4357 179
4357 180
4357 181
4357 182
4358 135
4358 136
4358 137
4358 138
4358 139
4358 174
4358 175
4358 176
4358 177
4358 178
4358 179
4359 132
4359 133
4359 134
4359 135
4359 136
4359 171
4359 172
4359 173
4359 174
4359 175
4359 176
4360 129
4360 130
4360 131
4360 132
4360 133
4360 168
4360 169
4360 170
4360 171
4360 172
4360 173
4361 127
4361 128
4361 129
4361 164
4361 165
4361 166
4361 167
4361 168
4361 169
4361 170
4362 125
4362 126
4362 161
4362 162
4362 163
4362 164
4362 165
4362 166
4362 167
4363 158
4363 159
4363 160
4363 161
4363 162
4363 163
4363 164
4364 155
4364 156
4364 157
4364 158
4364 159
4364 160
4364 161
4365 152
4365 153
4365 154
4365 155
4365 156
4365 157
4365 158
4365 196
4366 149
4366 150
4366 151
4366 152
4366 153
4366 154
4366 155
4366 192
4366 193
4367 146
4367 147
4367 148
4367 149
4367 150
4367 151
4367 152
4367 188
4367 189
4367 190
4367 191
4368 143
4368 144
4368 145
4368 146
4368 147
4368 148
4368 184
4368 185
4368 186
4368 187
4368 188
4369 140
4369 141
4369 142
4369 143
4369 144
4369 145
4369 181
4369 182
4369 183
4369 184
4369 185
4370 137
4370 138
4370 139
4370 140
4370 141
4370 142
4370 177
4370 178
4370 179
4370 180
4370 181
4370 182
4371 135
4371 136
4371 137
4371 138
4371 139
4371 174
4371 175
4371 176
4371 177
4371 178
4371 179
4372 132
4372 133
4372 134
4372 135
4372 136
4372 171
4372 172
4372 173
4372 174
4372 175
4372 176
4373 130
4373 131
4373 132
4373 167
4373 168
4373 169
4373 170
4373 171
4373 172
4373 173
4374 127
4374 128
4374 129
4374 164
4374 165
4374 166
4374 167
4374 168
4374 169
4374 170
4375 161
4375 162
4375 163
4375 164
4375 165
4375 166
4375 167
4376 158
4376 159
4376 160
4376 161
4376 162
4376 163
4376 164
4377 155
4377 156
4377 157
4377 158
4377 159
4377 160
4378 152
4378 153
4378 154
4378 155
4378 156
4378 157
4378 196
4379 149
4379 150
4379 151
4379 152
4379 153
4379 154
4379 191
4379 192
4379 193
4380 146
4380 147
4380 148
4380 149
4380 150
4380 151
4380 188
4380 189
4380 190
4381 143
4381 144
4381 145
4381 146
4381 147
4381 148
4381 184
4381 185
4381 186
4381 187
4382 140
4382 141
4382 142
4382 143
4382 144
4382 145
4382 181
4382 182
4382 183
4382 184
