120 138
120 139
121 136
121 137
122 134
122 135
123 132
124 130
134 149
135 146
135 147
136 144
136 145
136 146
137 142
137 143
137 144
138 140
138 141
138 142
139 137
139 138
139 139
139 140
140 135
140 136
140 137
140 138
141 133
141 134
141 135
141 136
142 131
142 132
142 133
143 129
143 130
143 131
144 127
144 128
144 129
145 125
145 126
145 127
146 124
151 153
152 150
152 151
152 152
153 148
153 149
153 150
154 146
154 147
154 148
155 143
155 144
155 145
155 146
156 141
156 142
156 143
156 144
157 139
157 140
157 141
157 142
158 137
158 138
158 139
158 140
159 135
159 136
159 137
159 138
160 133
160 134
160 135
160 136
161 131
161 132
161 133
161 134
162 129
162 130
162 131
162 132
163 127
163 128
163 129
163 130
164 125
164 126
164 127
165 123
165 124
165 125
166 121
166 122
169 155
169 156
170 152
170 153
170 154
171 150
171 151
171 152
171 153
172 147
172 148
172 149
172 150
172 151
173 145
173 146
173 147
173 148
173 149
174 143
174 144
174 145
174 146
174 147
175 141
175 142
175 143
175 144
175 145
176 139
176 140
176 141
176 142
176 143
177 137
177 138
177 139
177 140
177 141
178 134
178 135
178 136
178 137
178 138
178 139
179 132
179 133
179 134
179 135
179 136
179 137
180 130
180 131
180 132
180 133
180 134
181 128
181 129
181 130
181 131
181 132
182 126
182 127
182 128
182 129
182 130
183 124
183 125
183 126
183 127
183 128
184 122
184 123
184 124
184 125
185 121
185 122
185 123
186 119
186 120
186 160
187 117
187 157
187 158
188 154
188 155
188 156
188 157
189 152
189 153
189 154
189 155
190 149
190 150
190 151
190 152
190 153
191 147
191 148
191 149
191 150
191 151
192 145
192 146
192 147
192 148
192 149
193 143
193 144
193 145
193 146
193 147
194 141
194 142
194 143
194 144
194 145
195 138
195 139
195 140
195 141
195 142
195 143
196 136
196 137
196 138
196 139
196 140
196 141
197 134
197 135
197 136
197 137
197 138
197 139
198 132
198 133
198 134
198 135
198 136
198 137
199 130
199 131
199 132
199 133
199 134
199 135
200 128
200 129
200 130
200 131
200 132
200 133
201 126
201 127
201 128
201 129
201 130
202 124
202 125
202 126
202 127
202 128
203 122
203 123
203 124
203 125
203 126
204 120
204 121
204 122
204 123
204 162
205 118
205 119
205 120
205 121
205 159
205 160
205 161
206 117
206 118
206 156
206 157
206 158
206 159
207 115
207 154
207 155
207 156
207 157
208 152
208 153
208 154
208 155
209 149
209 150
209 151
209 152
209 153
209 154
210 147
210 148
210 149
210 150
210 151
210 152
211 145
211 146
211 147
211 148
211 149
211 150
212 143
212 144
212 145
212 146
212 147
212 148
213 140
213 141
213 142
213 143
213 144
213 145
213 146
214 138
214 139
214 140
214 141
214 142
214 143
214 144
215 136
215 137
215 138
215 139
215 140
215 141
216 134
216 135
216 136
216 137
216 138
216 139
217 132
217 133
217 134
217 135
217 136
217 137
218 130
218 131
218 132
218 133
218 134
218 135
219 128
219 129
219 130
219 131
219 132
219 133
220 126
220 127
220 128
220 129
220 130
220 131
221 124
221 125
221 126
221 127
221 128
222 122
222 123
222 124
222 125
222 126
223 120
223 121
223 122
223 123
223 124
223 161
223 162
223 163
224 118
224 119
224 120
224 121
224 159
224 160
224 161
225 116
225 117
225 118
225 119
225 156
225 157
225 158
225 159
225 160
226 115
226 116
226 154
226 155
226 156
226 157
226 158
227 151
227 152
227 153
227 154
227 155
227 156
228 149
228 150
228 151
228 152
228 153
228 154
229 147
229 148
229 149
229 150
229 151
229 152
230 145
230 146
230 147
230 148
230 149
230 150
231 143
231 144
231 145
231 146
231 147
231 148
232 140
232 141
232 142
232 143
232 144
232 145
232 146
233 138
233 139
233 140
233 141
233 142
233 143
233 144
234 136
234 137
234 138
234 139
234 140
234 141
234 142
235 134
235 135
235 136
235 137
235 138
235 139
235 140
236 132
236 133
236 134
236 135
236 136
236 137
237 130
237 131
237 132
237 133
237 134
237 135
238 128
238 129
238 130
238 131
238 132
238 133
239 126
239 127
239 128
239 129
239 130
239 131
240 124
240 125
240 126
240 127
240 128
240 129
241 122
241 123
241 124
241 125
241 126
241 164
241 165
242 120
242 121
242 122
242 123
242 124
242 161
242 162
242 163
243 118
243 119
243 120
243 121
243 158
243 159
243 160
243 161
243 162
244 116
244 117
244 118
244 119
244 156
244 157
244 158
244 159
244 160
245 114
245 115
245 116
245 154
245 155
245 156
245 157
245 158
246 113
246 151
246 152
246 153
246 154
246 155
246 156
247 149
247 150
247 151
247 152
247 153
247 154
248 147
248 148
248 149
248 150
248 151
248 152
249 145
249 146
249 147
249 148
249 149
249 150
250 143
250 144
250 145
250 146
250 147
250 148
251 140
251 141
251 142
251 143
251 144
251 145
251 146
252 138
252 139
252 140
252 141
252 142
252 143
252 144
253 136
253 137
253 138
253 139
253 140
253 141
253 142
254 134
254 135
254 136
254 137
254 138
254 139
254 140
255 132
255 133
255 134
255 135
255 136
255 137
255 138
256 130
256 131
256 132
256 133
256 134
256 135
257 128
257 129
257 130
257 131
257 132
257 133
258 126
258 127
258 128
258 129
258 130
258 131
259 124
259 125
259 126
259 127
259 128
259 129
260 122
260 123
260 124
260 125
260 126
260 164
260 165
261 120
261 121
261 122
261 123
261 124
261 161
261 162
261 163
261 164
262 118
262 119
262 120
262 121
262 122
262 158
262 159
262 160
262 161
262 162
263 116
263 117
263 118
263 119
263 156
263 157
263 158
263 159
263 160
264 114
264 115
264 116
264 117
264 154
264 155
264 156
264 157
264 158
265 113
265 114
265 151
265 152
265 153
265 154
265 155
265 156
266 149
266 150
266 151
266 152
266 153
266 154
267 147
267 148
267 149
267 150
267 151
267 152
268 145
268 146
268 147
268 148
268 149
268 150
269 143
269 144
269 145
269 146
269 147
269 148
270 140
270 141
270 142
270 143
270 144
270 145
270 146
271 138
271 139
271 140
271 141
271 142
271 143
271 144
272 136
272 137
272 138
272 139
272 140
272 141
272 142
273 134
273 135
273 136
273 137
273 138
273 139
273 140
274 132
274 133
274 134
274 135
274 136
274 137
274 138
275 130
275 131
275 132
275 133
275 134
275 135
275 136
276 128
276 129
276 130
276 131
276 132
276 133
277 126
277 127
277 128
277 129
277 130
277 131
278 124
278 125
278 126
278 127
278 128
278 129
279 122
279 123
279 124
279 125
279 126
279 127
279 164
279 165
280 120
280 121
280 122
280 123
280 124
280 161
280 162
280 163
280 164
281 118
281 119
281 120
281 121
281 122
281 159
281 160
281 161
281 162
282 116
282 117
282 118
282 119
282 156
282 157
282 158
282 159
282 160
283 114
283 115
283 116
283 117
283 154
283 155
283 156
283 157
283 158
284 113
284 114
284 152
284 153
284 154
284 155
284 156
285 149
285 150
285 151
285 152
285 153
285 154
285 155
286 147
286 148
286 149
286 150
286 151
286 152
286 153
287 145
287 146
287 147
287 148
287 149
287 150
288 143
288 144
288 145
288 146
288 147
288 148
289 141
289 142
289 143
289 144
289 145
289 146
290 138
290 139
290 140
290 141
290 142
290 143
290 144
291 136
291 137
291 138
291 139
291 140
291 141
291 142
292 134
292 135
292 136
292 137
292 138
292 139
292 140
293 132
293 133
293 134
293 135
293 136
293 137
293 138
294 130
294 131
294 132
294 133
294 134
294 135
294 136
295 128
295 129
295 130
295 131
295 132
295 133
296 126
296 127
296 128
296 129
296 130
296 131
297 124
297 125
297 126
297 127
297 128
297 129
298 122
298 123
298 124
298 125
298 126
298 127
298 164
298 165
298 166
299 120
299 121
299 122
299 123
299 124
299 161
299 162
299 163
299 164
300 118
300 119
300 120
300 121
300 122
300 159
300 160
300 161
300 162
301 116
301 117
301 118
301 119
301 156
301 157
301 158
301 159
301 160
302 114
302 115
302 116
302 117
302 154
302 155
302 156
302 157
302 158
302 159
303 113
303 114
303 152
303 153
303 154
303 155
303 156
303 157
304 149
304 150
304 151
304 152
304 153
304 154
304 155
305 147
305 148
305 149
305 150
305 151
305 152
305 153
306 145
306 146
306 147
306 148
306 149
306 150
306 151
307 143
307 144
307 145
307 146
307 147
307 148
307 149
308 141
308 142
308 143
308 144
308 145
308 146
309 139
309 140
309 141
309 142
309 143
309 144
310 136
310 137
310 138
310 139
310 140
310 141
310 142
311 134
311 135
311 136
311 137
311 138
311 139
311 140
312 132
312 133
312 134
312 135
312 136
312 137
312 138
313 130
313 131
313 132
313 133
313 134
313 135
313 136
314 128
314 129
314 130
314 131
314 132
314 133
314 134
315 126
315 127
315 128
315 129
315 130
315 131
316 124
316 125
316 126
316 127
316 128
316 129
317 122
317 123
317 124
317 125
317 126
317 127
317 164
317 165
317 166
318 120
318 121
318 122
318 123
318 124
318 161
318 162
318 163
318 164
319 118
319 119
319 120
319 121
319 122
319 159
319 160
319 161
319 162
320 116
320 117
320 118
320 119
320 157
320 158
320 159
320 160
321 114
321 115
321 116
321 117
321 154
321 155
321 156
321 157
321 158
321 159
322 113
322 114
322 152
322 153
322 154
322 155
322 156
322 157
323 150
323 151
323 152
323 153
323 154
323 155
324 147
324 148
324 149
324 150
324 151
324 152
324 153
325 145
325 146
325 147
325 148
325 149
325 150
325 151
326 143
326 144
326 145
326 146
326 147
326 148
326 149
327 141
327 142
327 143
327 144
327 145
327 146
328 139
328 140
328 141
328 142
328 143
328 144
329 137
329 138
329 139
329 140
329 141
329 142
330 134
330 135
330 136
330 137
330 138
330 139
330 140
331 132
331 133
331 134
331 135
331 136
331 137
331 138
332 130
332 131
332 132
332 133
332 134
332 135
332 136
333 128
333 129
333 130
333 131
333 132
333 133
333 134
334 126
334 127
334 128
334 129
334 130
334 131
335 124
335 125
335 126
335 127
335 128
335 129
336 122
336 123
336 124
336 125
336 126
336 127
336 165
337 120
337 121
337 122
337 123
337 124
337 162
337 163
337 164
338 118
338 119
338 120
338 121
338 122
338 159
338 160
338 161
338 162
339 116
339 117
339 118
339 119
339 157
339 158
339 159
339 160
340 115
340 116
340 117
340 154
340 155
340 156
340 157
340 158
340 159
341 113
341 114
341 152
341 153
341 154
341 155
341 156
341 157
342 150
342 151
342 152
342 153
342 154
342 155
343 148
343 149
343 150
343 151
343 152
343 153
344 145
344 146
344 147
344 148
344 149
344 150
344 151
345 143
345 144
345 145
345 146
345 147
345 148
345 149
346 141
346 142
346 143
346 144
346 145
346 146
347 139
347 140
347 141
347 142
347 143
347 144
348 137
348 138
348 139
348 140
348 141
348 142
349 135
349 136
349 137
349 138
349 139
349 140
350 133
350 134
350 135
350 136
350 137
350 138
351 131
351 132
351 133
351 134
351 135
351 136
352 128
352 129
352 130
352 131
352 132
352 133
353 126
353 127
353 128
353 129
353 130
353 131
354 124
354 125
354 126
354 127
354 128
354 129
355 122
355 123
355 124
355 125
355 126
355 127
356 121
356 122
356 123
356 124
356 163
356 164
357 119
357 120
357 121
357 122
357 160
357 161
357 162
358 117
358 118
358 119
358 157
358 158
358 159
358 160
359 115
359 116
359 155
359 156
359 157
359 158
360 153
360 154
360 155
360 156
361 150
361 151
361 152
361 153
361 154
361 155
362 148
362 149
362 150
362 151
362 152
362 153
363 146
363 147
363 148
363 149
363 150
364 144
364 145
364 146
364 147
364 148
365 141
365 142
365 143
365 144
365 145
365 146
366 139
366 140
366 141
366 142
366 143
366 144
367 137
367 138
367 139
367 140
367 141
367 142
368 135
368 136
368 137
368 138
368 139
368 140
369 133
369 134
369 135
369 136
369 137
369 138
370 131
370 132
370 133
370 134
370 135
370 136
371 129
371 130
371 131
371 132
371 133
372 127
372 128
372 129
372 130
372 131
373 125
373 126
373 127
373 128
373 129
374 123
374 124
374 125
374 126
375 121
375 122
375 123
375 124
376 119
376 120
376 121
376 161
377 117
377 118
377 119
377 158
377 159
377 160
378 155
378 156
378 157
378 158
379 153
379 154
379 155
379 156
380 151
380 152
380 153
380 154
381 148
381 149
381 150
381 151
381 152
382 146
382 147
382 148
382 149
382 150
383 144
383 145
383 146
383 147
383 148
384 142
384 143
384 144
384 145
384 146
385 140
385 141
385 142
385 143
385 144
386 138
386 139
386 140
386 141
386 142
387 135
387 136
387 137
387 138
387 139
387 140
388 133
388 134
388 135
388 136
388 137
388 138
389 131
389 132
389 133
389 134
389 135
390 129
390 130
390 131
390 132
390 133
391 127
391 128
391 129
391 130
391 131
392 125
392 126
392 127
392 128
393 123
393 124
393 125
393 126
394 121
394 122
394 123
394 124
395 120
395 121
397 156
397 157
398 154
398 155
398 156
399 151
399 152
399 153
399 154
400 149
400 150
400 151
400 152
401 147
401 148
401 149
401 150
402 145
402 146
402 147
402 148
403 142
403 143
403 144
403 145
403 146
404 140
404 141
404 142
404 143
404 144
405 138
405 139
405 140
405 141
405 142
406 136
406 137
406 138
406 139
407 134
407 135
407 136
407 137
408 132
408 133
408 134
408 135
409 130
409 131
409 132
409 133
410 128
410 129
410 130
411 126
411 127
411 128
412 124
412 125
419 150
419 151
420 148
420 149
421 145
421 146
421 147
422 143
422 144
422 145
423 141
423 142
423 143
424 139
424 140
424 141
425 137
425 138
425 139
426 135
426 136
427 133
427 134
428 131
428 132
429 129
1377 106
1378 104
1379 101
1379 102
1380 99
1380 100
1381 97
1382 95
1383 93
1384 90
1384 91
1390 119
1390 120
1391 116
1391 117
1391 118
1392 114
1392 115
1392 116
1393 112
1393 113
1393 114
1394 109
1394 110
1394 111
1394 112
1395 107
1395 108
1395 109
1395 110
1396 105
1396 106
1396 107
1397 102
1397 103
1397 104
1397 105
1398 100
1398 101
1398 102
1398 103
1399 98
1399 99
1399 100
1399 101
1400 96
1400 97
1400 98
1400 99
1401 94
1401 95
1401 96
1402 92
1402 93
1402 94
1403 89
1403 90
1403 91
1403 92
1404 87
1404 88
1404 89
1405 85
1405 86
1405 87
1405 128
1406 83
1406 84
1406 85
1406 125
1406 126
1407 81
1407 82
1407 123
1407 124
1407 125
1408 79
1408 80
1408 120
1408 121
1408 122
1408 123
1409 118
1409 119
1409 120
1409 121
1410 115
1410 116
1410 117
1410 118
1410 119
1411 113
1411 114
1411 115
1411 116
1411 117
1412 111
1412 112
1412 113
1412 114
1413 109
1413 110
1413 111
1413 112
1414 106
1414 107
1414 108
1414 109
1414 110
1415 104
1415 105
1415 106
1415 107
1415 108
1416 102
1416 103
1416 104
1416 105
1416 106
1417 100
1417 101
1417 102
1417 103
1417 104
1418 98
1418 99
1418 100
1418 101
1419 95
1419 96
1419 97
1419 98
1419 99
1420 93
1420 94
1420 95
1420 96
1420 97
1421 91
1421 92
1421 93
1421 94
1421 95
1422 89
1422 90
1422 91
1422 92
1422 132
1423 87
1423 88
1423 89
1423 90
1423 129
1423 130
1423 131
1424 85
1424 86
1424 87
1424 88
1424 127
1424 128
1424 129
1425 83
1425 84
1425 85
1425 124
1425 125
1425 126
1425 127
1426 81
1426 82
1426 83
1426 122
1426 123
1426 124
1426 125
1427 79
1427 80
1427 120
1427 121
1427 122
1427 123
1428 77
1428 78
1428 117
1428 118
1428 119
1428 120
1428 121
1429 75
1429 115
1429 116
1429 117
1429 118
1429 119
1430 113
1430 114
1430 115
1430 116
1430 117
1431 110
1431 111
1431 112
1431 113
1431 114
1431 115
1432 108
1432 109
1432 110
1432 111
1432 112
1432 113
1433 106
1433 107
1433 108
1433 109
1433 110
1433 111
1434 104
1434 105
1434 106
1434 107
1434 108
1435 102
1435 103
1435 104
1435 105
1435 106
1436 99
1436 100
1436 101
1436 102
1436 103
1436 104
1437 97
1437 98
1437 99
1437 100
1437 101
1437 102
1438 95
1438 96
1438 97
1438 98
1438 99
1438 100
1439 93
1439 94
1439 95
1439 96
1439 97
1440 91
1440 92
1440 93
1440 94
1440 95
1440 134
1440 135
1441 89
1441 90
1441 91
1441 92
1441 93
1441 131
1441 132
1441 133
1442 87
1442 88
1442 89
1442 90
1442 129
1442 130
1442 131
1443 84
1443 85
1443 86
1443 87
1443 88
1443 126
1443 127
1443 128
1443 129
1444 82
1444 83
1444 84
1444 85
1444 86
1444 124
1444 125
1444 126
1444 127
1444 128
1445 80
1445 81
1445 82
1445 83
1445 122
1445 123
1445 124
1445 125
1445 126
1446 78
1446 79
1446 80
1446 81
1446 119
1446 120
1446 121
1446 122
1446 123
1446 124
1447 76
1447 77
1447 78
1447 117
1447 118
1447 119
1447 120
1447 121
1448 74
1448 75
1448 76
1448 115
1448 116
1448 117
1448 118
1448 119
1449 73
1449 112
1449 113
1449 114
1449 115
1449 116
1449 117
1450 110
1450 111
1450 112
1450 113
1450 114
1450 115
1451 108
1451 109
1451 110
1451 111
1451 112
1451 113
1452 106
1452 107
1452 108
1452 109
1452 110
1452 111
1453 104
1453 105
1453 106
1453 107
1453 108
1453 109
1454 101
1454 102
1454 103
1454 104
1454 105
1454 106
1454 107
1455 99
1455 100
1455 101
1455 102
1455 103
1455 104
1456 97
1456 98
1456 99
1456 100
1456 101
1456 102
1457 95
1457 96
1457 97
1457 98
1457 99
1457 100
1458 93
1458 94
1458 95
1458 96
1458 97
1458 98
1458 136
1458 137
1459 91
1459 92
1459 93
1459 94
1459 95
1459 133
1459 134
1459 135
1460 88
1460 89
1460 90
1460 91
1460 92
1460 93
1460 131
1460 132
1460 133
1460 134
1461 86
1461 87
1461 88
1461 89
1461 90
1461 91
1461 128
1461 129
1461 130
1461 131
1461 132
1462 84
1462 85
1462 86
1462 87
1462 88
1462 126
1462 127
1462 128
1462 129
1462 130
1463 82
1463 83
1463 84
1463 85
1463 86
1463 124
1463 125
1463 126
1463 127
1463 128
1464 80
1464 81
1464 82
1464 83
1464 84
1464 121
1464 122
1464 123
1464 124
1464 125
1464 126
1465 78
1465 79
1465 80
1465 81
1465 119
1465 120
1465 121
1465 122
1465 123
1465 124
1466 76
1466 77
1466 78
1466 79
1466 117
1466 118
1466 119
1466 120
1466 121
1466 122
1467 74
1467 75
1467 76
1467 114
1467 115
1467 116
1467 117
1467 118
1467 119
1467 120
1468 72
1468 73
1468 74
1468 112
1468 113
1468 114
1468 115
1468 116
1468 117
1468 118
1469 71
1469 110
1469 111
1469 112
1469 113
1469 114
1469 115
1470 108
1470 109
1470 110
1470 111
1470 112
1470 113
1471 106
1471 107
1471 108
1471 109
1471 110
1471 111
1472 103
1472 104
1472 105
1472 106
1472 107
1472 108
1472 109
1473 101
1473 102
1473 103
1473 104
1473 105
1473 106
1473 107
1474 99
1474 100
1474 101
1474 102
1474 103
1474 104
1474 105
1475 97
1475 98
1475 99
1475 100
1475 101
1475 102
1476 95
1476 96
1476 97
1476 98
1476 99
1476 100
1477 93
1477 94
1477 95
1477 96
1477 97
1477 98
1477 136
1477 137
1478 90
1478 91
1478 92
1478 93
1478 94
1478 95
1478 133
1478 134
1478 135
1479 88
1479 89
1479 90
1479 91
1479 92
1479 93
1479 130
1479 131
1479 132
1479 133
1479 134
1480 86
1480 87
1480 88
1480 89
1480 90
1480 91
1480 128
1480 129
1480 130
1480 131
1480 132
1481 84
1481 85
1481 86
1481 87
1481 88
1481 89
1481 126
1481 127
1481 128
1481 129
1481 130
1482 82
1482 83
1482 84
1482 85
1482 86
1482 123
1482 124
1482 125
1482 126
1482 127
1482 128
1483 80
1483 81
1483 82
1483 83
1483 84
1483 121
1483 122
1483 123
1483 124
1483 125
1483 126
1484 78
1484 79
1484 80
1484 81
1484 119
1484 120
1484 121
1484 122
1484 123
1484 124
1485 76
1485 77
1485 78
1485 79
1485 117
1485 118
1485 119
1485 120
1485 121
1485 122
1486 74
1486 75
1486 76
1486 114
1486 115
1486 116
1486 117
1486 118
1486 119
1486 120
1487 72
1487 73
1487 74
1487 112
1487 113
1487 114
1487 115
1487 116
1487 117
1487 118
1488 70
1488 71
1488 110
1488 111
1488 112
1488 113
1488 114
1488 115
1488 116
1489 108
1489 109
1489 110
1489 111
1489 112
1489 113
1490 105
1490 106
1490 107
1490 108
1490 109
1490 110
1490 111
1491 103
1491 104
1491 105
1491 106
1491 107
1491 108
1491 109
1492 101
1492 102
1492 103
1492 104
1492 105
1492 106
1492 107
1493 99
1493 100
1493 101
1493 102
1493 103
1493 104
1493 105
1494 97
1494 98
1494 99
1494 100
1494 101
1494 102
1495 95
1495 96
1495 97
1495 98
1495 99
1495 100
1495 138
1495 139
1496 92
1496 93
1496 94
1496 95
1496 96
1496 97
1496 98
1496 135
1496 136
1496 137
1497 90
1497 91
1497 92
1497 93
1497 94
1497 95
1497 96
1497 133
1497 134
1497 135
1497 136
1498 88
1498 89
1498 90
1498 91
1498 92
1498 93
1498 130
1498 131
1498 132
1498 133
1498 134
1499 86
1499 87
1499 88
1499 89
1499 90
1499 91
1499 128
1499 129
1499 130
1499 131
1499 132
1500 84
1500 85
1500 86
1500 87
1500 88
1500 89
1500 126
1500 127
1500 128
1500 129
1500 130
1501 82
1501 83
1501 84
1501 85
1501 86
1501 123
1501 124
1501 125
1501 126
1501 127
1501 128
1502 80
1502 81
1502 82
1502 83
1502 84
1502 121
1502 122
1502 123
1502 124
1502 125
1502 126
1503 78
1503 79
1503 80
1503 81
1503 119
1503 120
1503 121
1503 122
1503 123
1503 124
1504 76
1504 77
1504 78
1504 79
1504 116
1504 117
1504 118
1504 119
1504 120
1504 121
1504 122
1505 74
1505 75
1505 76
1505 114
1505 115
1505 116
1505 117
1505 118
1505 119
1505 120
1506 72
1506 73
1506 74
1506 112
1506 113
1506 114
1506 115
1506 116
1506 117
1506 118
1507 70
1507 71
1507 110
1507 111
1507 112
1507 113
1507 114
1507 115
1507 116
1508 108
1508 109
1508 110
1508 111
1508 112
1508 113
1509 105
1509 106
1509 107
1509 108
1509 109
1509 110
1509 111
1510 103
1510 104
1510 105
1510 106
1510 107
1510 108
1510 109
1511 101
1511 102
1511 103
1511 104
1511 105
1511 106
1511 107
1512 99
1512 100
1512 101
1512 102
1512 103
1512 104
1512 105
1513 97
1513 98
1513 99
1513 100
1513 101
1513 102
1514 95
1514 96
1514 97
1514 98
1514 99
1514 100
1514 138
1515 92
1515 93
1515 94
1515 95
1515 96
1515 97
1515 98
1515 135
1515 136
1515 137
1516 90
1516 91
1516 92
1516 93
1516 94
1516 95
1516 96
1516 133
1516 134
1516 135
1517 88
1517 89
1517 90
1517 91
1517 92
1517 93
1517 130
1517 131
1517 132
1517 133
1517 134
1518 86
1518 87
1518 88
1518 89
1518 90
1518 91
1518 128
1518 129
1518 130
1518 131
1518 132
1519 84
1519 85
1519 86
1519 87
1519 88
1519 89
1519 126
1519 127
1519 128
1519 129
1519 130
1520 82
1520 83
1520 84
1520 85
1520 86
1520 123
1520 124
1520 125
1520 126
1520 127
1520 128
1521 80
1521 81
1521 82
1521 83
1521 84
1521 121
1521 122
1521 123
1521 124
1521 125
1521 126
1522 78
1522 79
1522 80
1522 81
1522 119
1522 120
1522 121
1522 122
1522 123
1522 124
1523 76
1523 77
1523 78
1523 79
1523 116
1523 117
1523 118
1523 119
1523 120
1523 121
1523 122
1524 74
1524 75
1524 76
1524 114
1524 115
1524 116
1524 117
1524 118
1524 119
1524 120
1525 72
1525 73
1525 74
1525 112
1525 113
1525 114
1525 115
1525 116
1525 117
1525 118
1526 70
1526 71
1526 110
1526 111
1526 112
1526 113
1526 114
1526 115
1526 116
1527 108
1527 109
1527 110
1527 111
1527 112
1527 113
1528 105
1528 106
1528 107
1528 108
1528 109
1528 110
1528 111
1529 103
1529 104
1529 105
1529 106
1529 107
1529 108
1529 109
1530 101
1530 102
1530 103
1530 104
1530 105
1530 106
1530 107
1531 99
1531 100
1531 101
1531 102
1531 103
1531 104
1531 105
1532 97
1532 98
1532 99
1532 100
1532 101
1532 102
1533 95
1533 96
1533 97
1533 98
1533 99
1533 100
1534 92
1534 93
1534 94
1534 95
1534 96
1534 97
1534 98
1534 135
1534 136
1534 137
1535 90
1535 91
1535 92
1535 93
1535 94
1535 95
1535 96
1535 133
1535 134
1535 135
1536 88
1536 89
1536 90
1536 91
1536 92
1536 93
1536 130
1536 131
1536 132
1536 133
1536 134
1537 86
1537 87
1537 88
1537 89
1537 90
1537 91
1537 128
1537 129
1537 130
1537 131
1537 132
1538 84
1538 85
1538 86
1538 87
1538 88
1538 89
1538 126
1538 127
1538 128
1538 129
1538 130
1539 82
1539 83
1539 84
1539 85
1539 86
1539 123
1539 124
1539 125
1539 126
1539 127
1539 128
1540 80
1540 81
1540 82
1540 83
1540 84
1540 121
1540 122
1540 123
1540 124
1540 125
1540 126
1541 78
1541 79
1541 80
1541 81
1541 119
1541 120
1541 121
1541 122
1541 123
1541 124
1542 76
1542 77
1542 78
1542 79
1542 116
1542 117
1542 118
1542 119
1542 120
1542 121
1542 122
1543 74
1543 75
1543 76
1543 114
1543 115
1543 116
1543 117
1543 118
1543 119
1543 120
1544 72
1544 73
1544 74
1544 112
1544 113
1544 114
1544 115
1544 116
1544 117
1544 118
1545 70
1545 71
1545 110
1545 111
1545 112
1545 113
1545 114
1545 115
1546 108
1546 109
1546 110
1546 111
1546 112
1546 113
1547 105
1547 106
1547 107
1547 108
1547 109
1547 110
1547 111
1548 103
1548 104
1548 105
1548 106
1548 107
1548 108
1548 109
1549 101
1549 102
1549 103
1549 104
1549 105
1549 106
1549 107
1550 99
1550 100
1550 101
1550 102
1550 103
1550 104
1550 105
1551 97
1551 98
1551 99
1551 100
1551 101
1551 102
1552 95
1552 96
1552 97
1552 98
1552 99
1552 100
1553 92
1553 93
1553 94
1553 95
1553 96
1553 97
1553 98
1553 136
1554 90
1554 91
1554 92
1554 93
1554 94
1554 95
1554 133
1554 134
1554 135
1555 88
1555 89
1555 90
1555 91
1555 92
1555 93
1555 130
1555 131
1555 132
1555 133
1556 86
1556 87
1556 88
1556 89
1556 90
1556 91
1556 128
1556 129
1556 130
1556 131
1557 84
1557 85
1557 86
1557 87
1557 88
1557 126
1557 127
1557 128
1557 129
1557 130
1558 82
1558 83
1558 84
1558 85
1558 86
1558 123
1558 124
1558 125
1558 126
1558 127
1558 128
1559 80
1559 81
1559 82
1559 83
1559 84
1559 121
1559 122
1559 123
1559 124
1559 125
1559 126
1560 78
1560 79
1560 80
1560 81
1560 119
1560 120
1560 121
1560 122
1560 123
1560 124
1561 76
1561 77
1561 78
1561 79
1561 116
1561 117
1561 118
1561 119
1561 120
1561 121
1561 122
1562 74
1562 75
1562 76
1562 114
1562 115
1562 116
1562 117
1562 118
1562 119
1562 120
1563 72
1563 73
1563 112
1563 113
1563 114
1563 115
1563 116
1563 117
1564 70
1564 110
1564 111
1564 112
1564 113
1564 114
1564 115
1565 108
1565 109
1565 110
1565 111
1565 112
1565 113
1566 105
1566 106
1566 107
1566 108
1566 109
1566 110
1566 111
1567 103
1567 104
1567 105
1567 106
1567 107
1567 108
1567 109
1568 101
1568 102
1568 103
1568 104
1568 105
1568 106
1568 107
1569 99
1569 100
1569 101
1569 102
1569 103
1569 104
1570 97
1570 98
1570 99
1570 100
1570 101
1570 102
1571 95
1571 96
1571 97
1571 98
1571 99
1571 100
1572 92
1572 93
1572 94
1572 95
1572 96
1572 97
1572 98
1573 90
1573 91
1573 92
1573 93
1573 94
1573 95
1573 133
1573 134
1574 88
1574 89
1574 90
1574 91
1574 92
1574 93
1574 131
1574 132
1574 133
1575 86
1575 87
1575 88
1575 89
1575 90
1575 91
1575 128
1575 129
1575 130
1575 131
1576 84
1576 85
1576 86
1576 87
1576 88
1576 126
1576 127
1576 128
1576 129
1577 82
1577 83
1577 84
1577 85
1577 86
1577 123
1577 124
1577 125
1577 126
1577 127
1578 80
1578 81
1578 82
1578 83
1578 121
1578 122
1578 123
1578 124
1578 125
1579 78
1579 79
1579 80
1579 81
1579 119
1579 120
1579 121
1579 122
1579 123
1580 76
1580 77
1580 78
1580 117
1580 118
1580 119
1580 120
1580 121
1581 74
1581 75
1581 76
1581 114
1581 115
1581 116
1581 117
1581 118
1581 119
1582 72
1582 73
1582 112
1582 113
1582 114
1582 115
1582 116
1582 117
1583 110
1583 111
1583 112
1583 113
1583 114
1583 115
1584 108
1584 109
1584 110
1584 111
1584 112
1584 113
1585 106
1585 107
1585 108
1585 109
1585 110
1585 111
1586 103
1586 104
1586 105
1586 106
1586 107
1586 108
1586 109
1587 101
1587 102
1587 103
1587 104
1587 105
1587 106
1588 99
1588 100
1588 101
1588 102
1588 103
1588 104
1589 97
1589 98
1589 99
1589 100
1589 101
1589 102
1590 95
1590 96
1590 97
1590 98
1590 99
1590 100
1591 93
1591 94
1591 95
1591 96
1591 97
1592 90
1592 91
1592 92
1592 93
1592 94
1592 95
1593 88
1593 89
1593 90
1593 91
1593 92
1593 93
1593 131
1593 132
1594 86
1594 87
1594 88
1594 89
1594 90
1594 129
1594 130
1594 131
1595 84
1595 85
1595 86
1595 87
1595 88
1595 126
1595 127
1595 128
1595 129
1596 82
1596 83
1596 84
1596 85
1596 124
1596 125
1596 126
1596 127
1597 80
1597 81
1597 82
1597 83
1597 121
1597 122
1597 123
1597 124
1597 125
1598 78
1598 79
1598 80
1598 119
1598 120
1598 121
1598 122
1598 123
1599 76
1599 77
1599 78
1599 117
1599 118
1599 119
1599 120
1599 121
1600 74
1600 75
1600 114
1600 115
1600 116
1600 117
1600 118
1600 119
1601 112
1601 113
1601 114
1601 115
1601 116
1601 117
1602 110
1602 111
1602 112
1602 113
1602 114
1602 115
1603 108
1603 109
1603 110
1603 111
1603 112
1603 113
1604 106
1604 107
1604 108
1604 109
1604 110
1604 111
1605 103
1605 104
1605 105
1605 106
1605 107
1605 108
1606 101
1606 102
1606 103
1606 104
1606 105
1606 106
1607 99
1607 100
1607 101
1607 102
1607 103
1607 104
1608 97
1608 98
1608 99
1608 100
1608 101
1608 102
1609 95
1609 96
1609 97
1609 98
1609 99
1610 93
1610 94
1610 95
1610 96
1610 97
1611 91
1611 92
1611 93
1611 94
1611 95
1612 88
1612 89
1612 90
1612 91
1612 92
1613 86
1613 87
1613 88
1613 89
1613 90
1613 129
1613 130
1614 84
1614 85
1614 86
1614 87
1614 88
1614 126
1614 127
1614 128
1615 82
1615 83
1615 84
1615 85
1615 124
1615 125
1615 126
1616 80
1616 81
1616 82
1616 122
1616 123
1616 124
1616 125
1617 78
1617 79
1617 80
1617 119
1617 120
1617 121
1617 122
1617 123
1618 76
1618 77
1618 117
1618 118
1618 119
1618 120
1618 121
1619 115
1619 116
1619 117
1619 118
1619 119
1620 112
1620 113
1620 114
1620 115
1620 116
1620 117
1621 110
1621 111
1621 112
1621 113
1621 114
1622 108
1622 109
1622 110
1622 111
1622 112
1623 106
1623 107
1623 108
1623 109
1623 110
1624 104
1624 105
1624 106
1624 107
1624 108
1625 101
1625 102
1625 103
1625 104
1625 105
1625 106
1626 99
1626 100
1626 101
1626 102
1626 103
1626 104
1627 97
1627 98
1627 99
1627 100
1627 101
1628 95
1628 96
1628 97
1628 98
1628 99
1629 93
1629 94
1629 95
1629 96
1629 97
1630 91
1630 92
1630 93
1630 94
1631 89
1631 90
1631 91
1631 92
1632 87
1632 88
1632 89
1633 85
1633 86
1633 87
1634 83
1634 84
1634 125
1634 126
1635 81
1635 82
1635 122
1635 123
1635 124
1636 79
1636 120
1636 121
1636 122
1637 117
1637 118
1637 119
1637 120
1638 115
1638 116
1638 117
1638 118
1639 113
1639 114
1639 115
1639 116
1640 110
1640 111
1640 112
1640 113
1640 114
1641 108
1641 109
1641 110
1641 111
1641 112
1642 106
1642 107
1642 108
1642 109
1642 110
1643 104
1643 105
1643 106
1643 107
1644 102
1644 103
1644 104
1644 105
1645 100
1645 101
1645 102
1645 103
1646 97
1646 98
1646 99
1646 100
1646 101
1647 95
1647 96
1647 97
1647 98
1648 93
1648 94
1648 95
1648 96
1649 91
1649 92
1649 93
1649 94
1650 89
1650 90
1650 91
1651 87
1651 88
1651 89
1652 85
1652 86
1653 83
1655 120
1655 121
1656 118
1656 119
1657 115
1657 116
1657 117
1658 113
1658 114
1658 115
1659 111
1659 112
1659 113
1660 109
1660 110
1660 111
1661 106
1661 107
1661 108
1661 109
1662 104
1662 105
1662 106
1662 107
1663 102
1663 103
1663 104
1663 105
1664 100
1664 101
1664 102
1665 98
1665 99
1665 100
1666 96
1666 97
1666 98
1667 94
1667 95
1668 92
1668 93
1669 90
1677 114
1678 112
1679 109
1679 110
1680 107
1680 108
1681 105
1681 106
1682 103
1682 104
1683 101
1684 99
