1794 123
1794 124
1794 125
1794 126
1801 118
1801 119
1801 120
1801 121
1801 122
1801 123
1801 124
1801 125
1808 115
1808 116
1808 117
1808 118
1808 119
1808 120
1808 121
1808 122
1808 123
1815 112
1815 113
1815 114
1815 115
1815 116
1815 117
1815 118
1815 119
1815 120
1815 121
1822 109
1822 110
1822 111
1822 112
1822 113
1822 114
1822 115
1822 116
1822 117
1822 118
1829 106
1829 107
1829 108
1829 109
1829 110
1829 111
1829 112
1829 113
1829 114
1829 115
1831 127
1831 128
1831 129
1831 130
1831 131
1831 132
1831 133
1831 134
1836 104
1836 105
1836 106
1836 107
1836 108
1836 109
1836 110
1836 111
1836 112
1838 123
1838 124
1838 125
1838 126
1838 127
1838 128
1838 129
1838 130
1838 131
1838 132
1838 133
1843 103
1843 104
1843 105
1843 106
1843 107
1843 108
1843 109
1845 119
1845 120
1845 121
1845 122
1845 123
1845 124
1845 125
1845 126
1845 127
1845 128
1845 129
1845 130
1845 131
1850 102
1850 103
1850 104
1852 116
1852 117
1852 118
1852 119
1852 120
1852 121
1852 122
1852 123
1852 124
1852 125
1852 126
1852 127
1852 128
1852 129
1859 113
1859 114
1859 115
1859 116
1859 117
1859 118
1859 119
1859 120
1859 121
1859 122
1859 123
1859 124
1859 125
1859 126
1866 111
1866 112
1866 113
1866 114
1866 115
1866 116
1866 117
1866 118
1866 119
1866 120
1866 121
1866 122
1866 123
1866 124
1868 134
1868 135
1868 136
1868 137
1868 138
1868 139
1873 108
1873 109
1873 110
1873 111
1873 112
1873 113
1873 114
1873 115
1873 116
1873 117
1873 118
1873 119
1873 120
1873 121
1875 129
1875 130
1875 131
1875 132
1875 133
1875 134
1875 135
1875 136
1875 137
1875 138
1875 139
1880 106
1880 107
1880 108
1880 109
1880 110
1880 111
1880 112
1880 113
1880 114
1880 115
1880 116
1880 117
1880 118
1882 126
1882 127
1882 128
1882 129
1882 130
1882 131
1882 132
1882 133
1882 134
1882 135
1882 136
1882 137
1887 104
1887 105
1887 106
1887 107
1887 108
1887 109
1887 110
1887 111
1887 112
1887 113
1887 114
1887 115
1889 122
1889 123
1889 124
1889 125
1889 126
1889 127
1889 128
1889 129
1889 130
1889 131
1889 132
1889 133
1889 134
1889 135
1894 102
1894 103
1894 104
1894 105
1894 106
1894 107
1894 108
1894 109
1894 110
1894 111
1896 119
1896 120
1896 121
1896 122
1896 123
1896 124
1896 125
1896 126
1896 127
1896 128
1896 129
1896 130
1896 131
1896 132
1896 133
1901 101
1901 102
1901 103
1901 104
1901 105
1901 106
1901 107
1903 116
1903 117
1903 118
1903 119
1903 120
1903 121
1903 122
1903 123
1903 124
1903 125
1903 126
1903 127
1903 128
1903 129
1903 130
1910 114
1910 115
1910 116
1910 117
1910 118
1910 119
1910 120
1910 121
1910 122
1910 123
1910 124
1910 125
1910 126
1910 127
1910 128
1912 138
1912 139
1912 140
1912 141
1912 142
1912 143
1917 111
1917 112
1917 113
1917 114
1917 115
1917 116
1917 117
1917 118
1917 119
1917 120
1917 121
1917 122
1917 123
1917 124
1917 125
1919 133
1919 134
1919 135
1919 136
1919 137
1919 138
1919 139
1919 140
1919 141
1919 142
1924 109
1924 110
1924 111
1924 112
1924 113
1924 114
1924 115
1924 116
1924 117
1924 118
1924 119
1924 120
1924 121
1924 122
1926 130
1926 131
1926 132
1926 133
1926 134
1926 135
1926 136
1926 137
1926 138
1926 139
1926 140
1931 107
1931 108
1931 109
1931 110
1931 111
1931 112
1931 113
1931 114
1931 115
1931 116
1931 117
1931 118
1931 119
1933 127
1933 128
1933 129
1933 130
1933 131
1933 132
1933 133
1933 134
1933 135
1933 136
1933 137
1933 138
1938 106
1938 107
1938 108
1938 109
1938 110
1938 111
1938 112
1938 113
1938 114
1938 115
1940 124
1940 125
1940 126
1940 127
1940 128
1940 129
1940 130
1940 131
1940 132
1940 133
1940 134
1940 135
1940 136
1945 105
1945 106
1945 107
1945 108
1945 109
1945 110
1945 111
1947 121
1947 122
1947 123
1947 124
1947 125
1947 126
1947 127
1947 128
1947 129
1947 130
1947 131
1947 132
1947 133
1954 118
1954 119
1954 120
1954 121
1954 122
1954 123
1954 124
1954 125
1954 126
1954 127
1954 128
1954 129
1954 130
1961 116
1961 117
1961 118
1961 119
1961 120
1961 121
1961 122
1961 123
1961 124
1961 125
1961 126
1961 127
1963 140
1963 141
1963 142
1968 114
1968 115
1968 116
1968 117
1968 118
1968 119
1968 120
1968 121
1968 122
1968 123
1968 124
1970 136
1970 137
1970 138
1970 139
1970 140
1970 141
1975 113
1975 114
1975 115
1975 116
1975 117
1975 118
1975 119
1975 120
1975 121
1977 133
1977 134
1977 135
1977 136
1977 137
1977 138
1977 139
1982 112
1982 113
1982 114
1982 115
1982 116
1984 130
1984 131
1984 132
1984 133
1984 134
1984 135
1984 136
1991 128
1991 129
1991 130
1991 131
1991 132
1991 133
1991 134
1998 126
1998 127
1998 128
1998 129
1998 130
3586 308
3586 309
3586 310
3586 311
3593 305
3593 306
3593 307
3593 308
3593 309
3595 322
3595 323
3595 324
3595 325
3595 326
3600 302
3600 303
3600 304
3600 305
3600 306
3600 307
3600 308
3602 318
3602 319
3602 320
3602 321
3602 322
3602 323
3602 324
3602 325
3602 326
3607 300
3607 301
3607 302
3607 303
3607 304
3607 305
3609 314
3609 315
3609 316
3609 317
3609 318
3609 319
3609 320
3609 321
3609 322
3609 323
3609 324
3609 325
3614 298
3614 299
3614 300
3614 301
3614 302
3616 310
3616 311
3616 312
3616 313
3616 314
3616 315
3616 316
3616 317
3616 318
3616 319
3616 320
3616 321
3616 322
3616 323
3621 296
3621 297
3621 298
3621 299
3623 307
3623 308
3623 309
3623 310
3623 311
3623 312
3623 313
3623 314
3623 315
3623 316
3623 317
3623 318
3623 319
3623 320
3623 321
3623 322
3630 305
3630 306
3630 307
3630 308
3630 309
3630 310
3630 311
3630 312
3630 313
3630 314
3630 315
3630 316
3630 317
3630 318
3630 319
3630 320
3632 326
3632 327
3632 328
3632 329
3632 330
3632 331
3632 332
3632 333
3637 302
3637 303
3637 304
3637 305
3637 306
3637 307
3637 308
3637 309
3637 310
3637 311
3637 312
3637 313
3637 314
3637 315
3637 316
3637 317
3637 318
3639 321
3639 322
3639 323
3639 324
3639 325
3639 326
3639 327
3639 328
3639 329
3639 330
3639 331
3639 332
3644 299
3644 300
3644 301
3644 302
3644 303
3644 304
3644 305
3644 306
3644 307
3644 308
3644 309
3644 310
3644 311
3644 312
3644 313
3644 314
3644 315
3646 318
3646 319
3646 320
3646 321
3646 322
3646 323
3646 324
3646 325
3646 326
3646 327
3646 328
3646 329
3646 330
3646 331
3651 297
3651 298
3651 299
3651 300
3651 301
3651 302
3651 303
3651 304
3651 305
3651 306
3651 307
3651 308
3651 309
3651 310
3651 311
3651 312
3651 313
3653 314
3653 315
3653 316
3653 317
3653 318
3653 319
3653 320
3653 321
3653 322
3653 323
3653 324
3653 325
3653 326
3653 327
3653 328
3653 329
3653 330
3658 295
3658 296
3658 297
3658 298
3658 299
3658 300
3658 301
3658 302
3658 303
3658 304
3658 305
3658 306
3658 307
3658 308
3658 309
3658 310
3660 311
3660 312
3660 313
3660 314
3660 315
3660 316
3660 317
3660 318
3660 319
3660 320
3660 321
3660 322
3660 323
3660 324
3660 325
3660 326
3660 327
3660 328
3665 292
3665 293
3665 294
3665 295
3665 296
3665 297
3665 298
3665 299
3665 300
3665 301
3665 302
3665 303
3665 304
3665 305
3665 306
3665 307
3665 308
3667 308
3667 309
3667 310
3667 311
3667 312
3667 313
3667 314
3667 315
3667 316
3667 317
3667 318
3667 319
3667 320
3667 321
3667 322
3667 323
3667 324
3667 325
3667 326
3672 291
3672 292
3672 293
3672 294
3672 295
3672 296
3672 297
3672 298
3672 299
3672 300
3672 301
3672 302
3672 303
3672 304
3672 305
3674 305
3674 306
3674 307
3674 308
3674 309
3674 310
3674 311
3674 312
3674 313
3674 314
3674 315
3674 316
3674 317
3674 318
3674 319
3674 320
3674 321
3674 322
3674 323
3674 324
3676 328
3676 329
3676 330
3676 331
3676 332
3676 333
3676 334
3676 335
3676 336
3679 289
3679 290
3679 291
3679 292
3679 293
3679 294
3679 295
3679 296
3679 297
3679 298
3679 299
3679 300
3679 301
3681 303
3681 304
3681 305
3681 306
3681 307
3681 308
3681 309
3681 310
3681 311
3681 312
3681 313
3681 314
3681 315
3681 316
3681 317
3681 318
3681 319
3681 320
3681 321
3681 322
3683 324
3683 325
3683 326
3683 327
3683 328
3683 329
3683 330
3683 331
3683 332
3683 333
3683 334
3683 335
3686 288
3686 289
3686 290
3686 291
3686 292
3686 293
3686 294
3686 295
3686 296
3686 297
3686 298
3688 300
3688 301
3688 302
3688 303
3688 304
3688 305
3688 306
3688 307
3688 308
3688 309
3688 310
3688 311
3688 312
3688 313
3688 314
3688 315
3688 316
3688 317
3688 318
3688 319
3688 320
3690 320
3690 321
3690 322
3690 323
3690 324
3690 325
3690 326
3690 327
3690 328
3690 329
3690 330
3690 331
3690 332
3690 333
3690 334
3693 287
3693 288
3693 289
3693 290
3693 291
3693 292
3693 293
3693 294
3695 298
3695 299
3695 300
3695 301
3695 302
3695 303
3695 304
3695 305
3695 306
3695 307
3695 308
3695 309
3695 310
3695 311
3695 312
3695 313
3695 314
3695 315
3695 316
3695 317
3695 318
3697 317
3697 318
3697 319
3697 320
3697 321
3697 322
3697 323
3697 324
3697 325
3697 326
3697 327
3697 328
3697 329
3697 330
3697 331
3697 332
3697 333
3702 295
3702 296
3702 297
3702 298
3702 299
3702 300
3702 301
3702 302
3702 303
3702 304
3702 305
3702 306
3702 307
3702 308
3702 309
3702 310
3702 311
3702 312
3702 313
3702 314
3702 315
3704 314
3704 315
3704 316
3704 317
3704 318
3704 319
3704 320
3704 321
3704 322
3704 323
3704 324
3704 325
3704 326
3704 327
3704 328
3704 329
3704 330
3704 331
3709 293
3709 294
3709 295
3709 296
3709 297
3709 298
3709 299
3709 300
3709 301
3709 302
3709 303
3709 304
3709 305
3709 306
3709 307
3709 308
3709 309
3709 310
3709 311
3709 312
3711 311
3711 312
3711 313
3711 314
3711 315
3711 316
3711 317
3711 318
3711 319
3711 320
3711 321
3711 322
3711 323
3711 324
3711 325
3711 326
3711 327
3711 328
3711 329
3711 330
3716 291
3716 292
3716 293
3716 294
3716 295
3716 296
3716 297
3716 298
3716 299
3716 300
3716 301
3716 302
3716 303
3716 304
3716 305
3716 306
3716 307
3716 308
3716 309
3718 308
3718 309
3718 310
3718 311
3718 312
3718 313
3718 314
3718 315
3718 316
3718 317
3718 318
3718 319
3718 320
3718 321
3718 322
3718 323
3718 324
3718 325
3718 326
3718 327
3718 328
3723 289
3723 290
3723 291
3723 292
3723 293
3723 294
3723 295
3723 296
3723 297
3723 298
3723 299
3723 300
3723 301
3723 302
3723 303
3723 304
3723 305
3723 306
3725 305
3725 306
3725 307
3725 308
3725 309
3725 310
3725 311
3725 312
3725 313
3725 314
3725 315
3725 316
3725 317
3725 318
3725 319
3725 320
3725 321
3725 322
3725 323
3725 324
3725 325
3727 330
3727 331
3727 332
3727 333
3727 334
3727 335
3727 336
3730 288
3730 289
3730 290
3730 291
3730 292
3730 293
3730 294
3730 295
3730 296
3730 297
3730 298
3730 299
3730 300
3730 301
3730 302
3730 303
3732 302
3732 303
3732 304
3732 305
3732 306
3732 307
3732 308
3732 309
3732 310
3732 311
3732 312
3732 313
3732 314
3732 315
3732 316
3732 317
3732 318
3732 319
3732 320
3732 321
3732 322
3732 323
3734 325
3734 326
3734 327
3734 328
3734 329
3734 330
3734 331
3734 332
3734 333
3734 334
3734 335
3737 286
3737 287
3737 288
3737 289
3737 290
3737 291
3737 292
3737 293
3737 294
3737 295
3737 296
3737 297
3737 298
3737 299
3737 300
3739 300
3739 301
3739 302
3739 303
3739 304
3739 305
3739 306
3739 307
3739 308
3739 309
3739 310
3739 311
3739 312
3739 313
3739 314
3739 315
3739 316
3739 317
3739 318
3739 319
3739 320
3739 321
3741 321
3741 322
3741 323
3741 324
3741 325
3741 326
3741 327
3741 328
3741 329
3741 330
3741 331
3741 332
3741 333
3741 334
3744 286
3744 287
3744 288
3744 289
3744 290
3744 291
3744 292
3744 293
3744 294
3744 295
3746 298
3746 299
3746 300
3746 301
3746 302
3746 303
3746 304
3746 305
3746 306
3746 307
3746 308
3746 309
3746 310
3746 311
3746 312
3746 313
3746 314
3746 315
3746 316
3746 317
3746 318
3748 318
3748 319
3748 320
3748 321
3748 322
3748 323
3748 324
3748 325
3748 326
3748 327
3748 328
3748 329
3748 330
3748 331
3748 332
3748 333
3751 286
3751 287
3751 288
3751 289
3751 290
3753 295
3753 296
3753 297
3753 298
3753 299
3753 300
3753 301
3753 302
3753 303
3753 304
3753 305
3753 306
3753 307
3753 308
3753 309
3753 310
3753 311
3753 312
3753 313
3753 314
3753 315
3753 316
3755 315
3755 316
3755 317
3755 318
3755 319
3755 320
3755 321
3755 322
3755 323
3755 324
3755 325
3755 326
3755 327
3755 328
3755 329
3755 330
3755 331
3760 293
3760 294
3760 295
3760 296
3760 297
3760 298
3760 299
3760 300
3760 301
3760 302
3760 303
3760 304
3760 305
3760 306
3760 307
3760 308
3760 309
3760 310
3760 311
3760 312
3760 313
3762 312
3762 313
3762 314
3762 315
3762 316
3762 317
3762 318
3762 319
3762 320
3762 321
3762 322
3762 323
3762 324
3762 325
3762 326
3762 327
3762 328
3762 329
3767 291
3767 292
3767 293
3767 294
3767 295
3767 296
3767 297
3767 298
3767 299
3767 300
3767 301
3767 302
3767 303
3767 304
3767 305
3767 306
3767 307
3767 308
3767 309
3767 310
3769 309
3769 310
3769 311
3769 312
3769 313
3769 314
3769 315
3769 316
3769 317
3769 318
3769 319
3769 320
3769 321
3769 322
3769 323
3769 324
3769 325
3769 326
3769 327
3774 290
3774 291
3774 292
3774 293
3774 294
3774 295
3774 296
3774 297
3774 298
3774 299
3774 300
3774 301
3774 302
3774 303
3774 304
3774 305
3774 306
3776 306
3776 307
3776 308
3776 309
3776 310
3776 311
3776 312
3776 313
3776 314
3776 315
3776 316
3776 317
3776 318
3776 319
3776 320
3776 321
3776 322
3776 323
3776 324
3776 325
3781 288
3781 289
3781 290
3781 291
3781 292
3781 293
3781 294
3781 295
3781 296
3781 297
3781 298
3781 299
3781 300
3781 301
3781 302
3781 303
3783 304
3783 305
3783 306
3783 307
3783 308
3783 309
3783 310
3783 311
3783 312
3783 313
3783 314
3783 315
3783 316
3783 317
3783 318
3783 319
3783 320
3783 321
3783 322
3783 323
3788 288
3788 289
3788 290
3788 291
3788 292
3788 293
3788 294
3788 295
3788 296
3788 297
3788 298
3788 299
3790 302
3790 303
3790 304
3790 305
3790 306
3790 307
3790 308
3790 309
3790 310
3790 311
3790 312
3790 313
3790 314
3790 315
3790 316
3790 317
3790 318
3790 319
3790 320
3792 327
3792 328
3792 329
3792 330
3792 331
3795 288
3795 289
3795 290
3795 291
3795 292
3795 293
3795 294
3797 299
3797 300
3797 301
3797 302
3797 303
3797 304
3797 305
3797 306
3797 307
3797 308
3797 309
3797 310
3797 311
3797 312
3797 313
3797 314
3797 315
3797 316
3797 317
3797 318
3799 322
3799 323
3799 324
3799 325
3799 326
3799 327
3799 328
3799 329
3799 330
3804 297
3804 298
3804 299
3804 300
3804 301
3804 302
3804 303
3804 304
3804 305
3804 306
3804 307
3804 308
3804 309
3804 310
3804 311
3804 312
3804 313
3804 314
3804 315
3806 319
3806 320
3806 321
3806 322
3806 323
3806 324
3806 325
3806 326
3806 327
3806 328
3806 329
3811 295
3811 296
3811 297
3811 298
3811 299
3811 300
3811 301
3811 302
3811 303
3811 304
3811 305
3811 306
3811 307
3811 308
3811 309
3811 310
3811 311
3811 312
3813 316
3813 317
3813 318
3813 319
3813 320
3813 321
3813 322
3813 323
3813 324
3813 325
3813 326
3813 327
3818 294
3818 295
3818 296
3818 297
3818 298
3818 299
3818 300
3818 301
3818 302
3818 303
3818 304
3818 305
3818 306
3818 307
3818 308
3820 313
3820 314
3820 315
3820 316
3820 317
3820 318
3820 319
3820 320
3820 321
3820 322
3820 323
3820 324
3820 325
3825 293
3825 294
3825 295
3825 296
3825 297
3825 298
3825 299
3825 300
3825 301
3825 302
3825 303
3825 304
3827 310
3827 311
3827 312
3827 313
3827 314
3827 315
3827 316
3827 317
3827 318
3827 319
3827 320
3827 321
3827 322
3832 293
3832 294
3832 295
3832 296
3832 297
3832 298
3832 299
3832 300
3834 308
3834 309
3834 310
3834 311
3834 312
3834 313
3834 314
3834 315
3834 316
3834 317
3834 318
3834 319
3834 320
3841 306
3841 307
3841 308
3841 309
3841 310
3841 311
3841 312
3841 313
3841 314
3841 315
3841 316
3841 317
3848 304
3848 305
3848 306
3848 307
3848 308
3848 309
3848 310
3848 311
3848 312
3848 313
3848 314
3855 303
3855 304
3855 305
3855 306
3855 307
3855 308
3855 309
3855 310
3862 304
