133 207
133 208
2366 235
2366 236
2366 237
2366 238
2367 223
2367 224
2367 225
2367 226
2367 227
2367 228
2367 229
2367 230
2367 231
2367 232
2368 214
2368 215
2368 216
2368 217
2368 218
2368 219
2368 220
2368 221
2380 240
2380 241
2380 242
2380 243
2380 244
2380 245
2380 246
2381 227
2381 228
2381 229
2381 230
2381 231
2381 232
2381 233
2381 234
2381 235
2381 236
2381 237
2381 238
2381 239
2381 240
2382 217
2382 218
2382 219
2382 220
2382 221
2382 222
2382 223
2382 224
2382 225
2382 226
2382 227
2382 228
2382 229
2382 230
2382 231
2383 209
2383 210
2383 211
2383 212
2383 213
2383 214
2383 215
2383 216
2383 217
2383 218
2383 219
2383 220
2383 221
2384 202
2384 203
2384 204
2384 205
2384 206
2384 207
2384 208
2394 248
2394 249
2394 250
2394 251
2394 252
2395 233
2395 234
2395 235
2395 236
2395 237
2395 238
2395 239
2395 240
2395 241
2395 242
2395 243
2395 244
2395 245
2395 246
2395 247
2396 222
2396 223
2396 224
2396 225
2396 226
2396 227
2396 228
2396 229
2396 230
2396 231
2396 232
2396 233
2396 234
2396 235
2396 236
2396 237
2396 238
2396 239
2397 212
2397 213
2397 214
2397 215
2397 216
2397 217
2397 218
2397 219
2397 220
2397 221
2397 222
2397 223
2397 224
2397 225
2397 226
2397 227
2397 228
2397 229
2397 230
2398 204
2398 205
2398 206
2398 207
2398 208
2398 209
2398 210
2398 211
2398 212
2398 213
2398 214
2398 215
2398 216
2398 217
2398 218
2398 219
2399 197
2399 198
2399 199
2399 200
2399 201
2399 202
2399 203
2399 204
2399 205
2399 206
2399 207
2409 240
2409 241
2409 242
2409 243
2409 244
2409 245
2409 246
2409 247
2409 248
2409 249
2409 250
2409 251
2409 252
2409 253
2409 254
2410 228
2410 229
2410 230
2410 231
2410 232
2410 233
2410 234
2410 235
2410 236
2410 237
2410 238
2410 239
2410 240
2410 241
2410 242
2410 243
2410 244
2410 245
2410 246
2410 247
2411 217
2411 218
2411 219
2411 220
2411 221
2411 222
2411 223
2411 224
2411 225
2411 226
2411 227
2411 228
2411 229
2411 230
2411 231
2411 232
2411 233
2411 234
2411 235
2411 236
2411 237
2411 238
2412 208
2412 209
2412 210
2412 211
2412 212
2412 213
2412 214
2412 215
2412 216
2412 217
2412 218
2412 219
2412 220
2412 221
2412 222
2412 223
2412 224
2412 225
2412 226
2412 227
2412 228
2413 199
2413 200
2413 201
2413 202
2413 203
2413 204
2413 205
2413 206
2413 207
2413 208
2413 209
2413 210
2413 211
2413 212
2413 213
2413 214
2413 215
2413 216
2413 217
2414 192
2414 193
2414 194
2414 195
2414 196
2414 197
2414 198
2414 199
2414 200
2414 201
2414 202
2414 203
2414 204
2414 205
2415 188
2415 189
2415 190
2423 247
2423 248
2423 249
2423 250
2423 251
2423 252
2423 253
2423 254
2423 255
2423 256
2423 257
2423 258
2423 259
2424 234
2424 235
2424 236
2424 237
2424 238
2424 239
2424 240
2424 241
2424 242
2424 243
2424 244
2424 245
2424 246
2424 247
2424 248
2424 249
2424 250
2424 251
2424 252
2424 253
2425 223
2425 224
2425 225
2425 226
2425 227
2425 228
2425 229
2425 230
2425 231
2425 232
2425 233
2425 234
2425 235
2425 236
2425 237
2425 238
2425 239
2425 240
2425 241
2425 242
2425 243
2425 244
2425 245
2426 213
2426 214
2426 215
2426 216
2426 217
2426 218
2426 219
2426 220
2426 221
2426 222
2426 223
2426 224
2426 225
2426 226
2426 227
2426 228
2426 229
2426 230
2426 231
2426 232
2426 233
2426 234
2426 235
2426 236
2427 204
2427 205
2427 206
2427 207
2427 208
2427 209
2427 210
2427 211
2427 212
2427 213
2427 214
2427 215
2427 216
2427 217
2427 218
2427 219
2427 220
2427 221
2427 222
2427 223
2427 224
2427 225
2427 226
2428 195
2428 196
2428 197
2428 198
2428 199
2428 200
2428 201
2428 202
2428 203
2428 204
2428 205
2428 206
2428 207
2428 208
2428 209
2428 210
2428 211
2428 212
2428 213
2428 214
2428 215
2429 188
2429 189
2429 190
2429 191
2429 192
2429 193
2429 194
2429 195
2429 196
2429 197
2429 198
2429 199
2429 200
2429 201
2429 202
2429 203
2430 183
2430 184
2430 185
2430 186
2430 187
2430 188
2437 256
2437 257
2437 258
2437 259
2437 260
2437 261
2437 262
2438 241
2438 242
2438 243
2438 244
2438 245
2438 246
2438 247
2438 248
2438 249
2438 250
2438 251
2438 252
2438 253
2438 254
2438 255
2438 256
2438 257
2438 258
2438 259
2439 229
2439 230
2439 231
2439 232
2439 233
2439 234
2439 235
2439 236
2439 237
2439 238
2439 239
2439 240
2439 241
2439 242
2439 243
2439 244
2439 245
2439 246
2439 247
2439 248
2439 249
2439 250
2439 251
2439 252
2440 218
2440 219
2440 220
2440 221
2440 222
2440 223
2440 224
2440 225
2440 226
2440 227
2440 228
2440 229
2440 230
2440 231
2440 232
2440 233
2440 234
2440 235
2440 236
2440 237
2440 238
2440 239
2440 240
2440 241
2440 242
2440 243
2441 209
2441 210
2441 211
2441 212
2441 213
2441 214
2441 215
2441 216
2441 217
2441 218
2441 219
2441 220
2441 221
2441 222
2441 223
2441 224
2441 225
2441 226
2441 227
2441 228
2441 229
2441 230
2441 231
2441 232
2441 233
2442 199
2442 200
2442 201
2442 202
2442 203
2442 204
2442 205
2442 206
2442 207
2442 208
2442 209
2442 210
2442 211
2442 212
2442 213
2442 214
2442 215
2442 216
2442 217
2442 218
2442 219
2442 220
2442 221
2442 222
2442 223
2443 191
2443 192
2443 193
2443 194
2443 195
2443 196
2443 197
2443 198
2443 199
2443 200
2443 201
2443 202
2443 203
2443 204
2443 205
2443 206
2443 207
2443 208
2443 209
2443 210
2443 211
2443 212
2444 184
2444 185
2444 186
2444 187
2444 188
2444 189
2444 190
2444 191
2444 192
2444 193
2444 194
2444 195
2444 196
2444 197
2444 198
2444 199
2444 200
2445 179
2445 180
2445 181
2445 182
2445 183
2445 184
2445 185
2445 186
2452 249
2452 250
2452 251
2452 252
2452 253
2452 254
2452 255
2452 256
2452 257
2452 258
2452 259
2452 260
2452 261
2452 262
2452 263
2452 264
2453 236
2453 237
2453 238
2453 239
2453 240
2453 241
2453 242
2453 243
2453 244
2453 245
2453 246
2453 247
2453 248
2453 249
2453 250
2453 251
2453 252
2453 253
2453 254
2453 255
2453 256
2453 257
2454 224
2454 225
2454 226
2454 227
2454 228
2454 229
2454 230
2454 231
2454 232
2454 233
2454 234
2454 235
2454 236
2454 237
2454 238
2454 239
2454 240
2454 241
2454 242
2454 243
2454 244
2454 245
2454 246
2454 247
2454 248
2454 249
2454 250
2455 214
2455 215
2455 216
2455 217
2455 218
2455 219
2455 220
2455 221
2455 222
2455 223
2455 224
2455 225
2455 226
2455 227
2455 228
2455 229
2455 230
2455 231
2455 232
2455 233
2455 234
2455 235
2455 236
2455 237
2455 238
2455 239
2455 240
2455 241
2456 205
2456 206
2456 207
2456 208
2456 209
2456 210
2456 211
2456 212
2456 213
2456 214
2456 215
2456 216
2456 217
2456 218
2456 219
2456 220
2456 221
2456 222
2456 223
2456 224
2456 225
2456 226
2456 227
2456 228
2456 229
2456 230
2456 231
2457 196
2457 197
2457 198
2457 199
2457 200
2457 201
2457 202
2457 203
2457 204
2457 205
2457 206
2457 207
2457 208
2457 209
2457 210
2457 211
2457 212
2457 213
2457 214
2457 215
2457 216
2457 217
2457 218
2457 219
2457 220
2458 187
2458 188
2458 189
2458 190
2458 191
2458 192
2458 193
2458 194
2458 195
2458 196
2458 197
2458 198
2458 199
2458 200
2458 201
2458 202
2458 203
2458 204
2458 205
2458 206
2458 207
2458 208
2458 209
2459 180
2459 181
2459 182
2459 183
2459 184
2459 185
2459 186
2459 187
2459 188
2459 189
2459 190
2459 191
2459 192
2459 193
2459 194
2459 195
2459 196
2459 197
2460 175
2460 176
2460 177
2460 178
2460 179
2460 180
2460 181
2460 182
2466 258
2466 259
2466 260
2466 261
2466 262
2466 263
2466 264
2466 265
2466 266
2466 267
2467 243
2467 244
2467 245
2467 246
2467 247
2467 248
2467 249
2467 250
2467 251
2467 252
2467 253
2467 254
2467 255
2467 256
2467 257
2467 258
2467 259
2467 260
2467 261
2467 262
2467 263
2468 231
2468 232
2468 233
2468 234
2468 235
2468 236
2468 237
2468 238
2468 239
2468 240
2468 241
2468 242
2468 243
2468 244
2468 245
2468 246
2468 247
2468 248
2468 249
2468 250
2468 251
2468 252
2468 253
2468 254
2468 255
2468 256
2469 220
2469 221
2469 222
2469 223
2469 224
2469 225
2469 226
2469 227
2469 228
2469 229
2469 230
2469 231
2469 232
2469 233
2469 234
2469 235
2469 236
2469 237
2469 238
2469 239
2469 240
2469 241
2469 242
2469 243
2469 244
2469 245
2469 246
2469 247
2470 210
2470 211
2470 212
2470 213
2470 214
2470 215
2470 216
2470 217
2470 218
2470 219
2470 220
2470 221
2470 222
2470 223
2470 224
2470 225
2470 226
2470 227
2470 228
2470 229
2470 230
2470 231
2470 232
2470 233
2470 234
2470 235
2470 236
2470 237
2470 238
2471 201
2471 202
2471 203
2471 204
2471 205
2471 206
2471 207
2471 208
2471 209
2471 210
2471 211
2471 212
2471 213
2471 214
2471 215
2471 216
2471 217
2471 218
2471 219
2471 220
2471 221
2471 222
2471 223
2471 224
2471 225
2471 226
2471 227
2471 228
2472 192
2472 193
2472 194
2472 195
2472 196
2472 197
2472 198
2472 199
2472 200
2472 201
2472 202
2472 203
2472 204
2472 205
2472 206
2472 207
2472 208
2472 209
2472 210
2472 211
2472 212
2472 213
2472 214
2472 215
2472 216
2472 217
2473 184
2473 185
2473 186
2473 187
2473 188
2473 189
2473 190
2473 191
2473 192
2473 193
2473 194
2473 195
2473 196
2473 197
2473 198
2473 199
2473 200
2473 201
2473 202
2473 203
2473 204
2473 205
2474 177
2474 178
2474 179
2474 180
2474 181
2474 182
2474 183
2474 184
2474 185
2474 186
2474 187
2474 188
2474 189
2474 190
2474 191
2474 192
2474 193
2475 172
2475 173
2475 174
2475 175
2475 176
2475 177
2475 178
2481 251
2481 252
2481 253
2481 254
2481 255
2481 256
2481 257
2481 258
2481 259
2481 260
2481 261
2481 262
2481 263
2481 264
2481 265
2481 266
2481 267
2482 238
2482 239
2482 240
2482 241
2482 242
2482 243
2482 244
2482 245
2482 246
2482 247
2482 248
2482 249
2482 250
2482 251
2482 252
2482 253
2482 254
2482 255
2482 256
2482 257
2482 258
2482 259
2482 260
2482 261
2483 227
2483 228
2483 229
2483 230
2483 231
2483 232
2483 233
2483 234
2483 235
2483 236
2483 237
2483 238
2483 239
2483 240
2483 241
2483 242
2483 243
2483 244
2483 245
2483 246
2483 247
2483 248
2483 249
2483 250
2483 251
2483 252
2483 253
2484 216
2484 217
2484 218
2484 219
2484 220
2484 221
2484 222
2484 223
2484 224
2484 225
2484 226
2484 227
2484 228
2484 229
2484 230
2484 231
2484 232
2484 233
2484 234
2484 235
2484 236
2484 237
2484 238
2484 239
2484 240
2484 241
2484 242
2484 243
2484 244
2484 245
2485 206
2485 207
2485 208
2485 209
2485 210
2485 211
2485 212
2485 213
2485 214
2485 215
2485 216
2485 217
2485 218
2485 219
2485 220
2485 221
2485 222
2485 223
2485 224
2485 225
2485 226
2485 227
2485 228
2485 229
2485 230
2485 231
2485 232
2485 233
2485 234
2485 235
2486 197
2486 198
2486 199
2486 200
2486 201
2486 202
2486 203
2486 204
2486 205
2486 206
2486 207
2486 208
2486 209
2486 210
2486 211
2486 212
2486 213
2486 214
2486 215
2486 216
2486 217
2486 218
2486 219
2486 220
2486 221
2486 222
2486 223
2486 224
2487 188
2487 189
2487 190
2487 191
2487 192
2487 193
2487 194
2487 195
2487 196
2487 197
2487 198
2487 199
2487 200
2487 201
2487 202
2487 203
2487 204
2487 205
2487 206
2487 207
2487 208
2487 209
2487 210
2487 211
2487 212
2487 213
2488 180
2488 181
2488 182
2488 183
2488 184
2488 185
2488 186
2488 187
2488 188
2488 189
2488 190
2488 191
2488 192
2488 193
2488 194
2488 195
2488 196
2488 197
2488 198
2488 199
2488 200
2488 201
2488 202
2489 174
2489 175
2489 176
2489 177
2489 178
2489 179
2489 180
2489 181
2489 182
2489 183
2489 184
2489 185
2489 186
2489 187
2489 188
2489 189
2490 171
2490 172
2495 260
2495 261
2495 262
2495 263
2495 264
2495 265
2495 266
2495 267
2495 268
2495 269
2495 270
2496 246
2496 247
2496 248
2496 249
2496 250
2496 251
2496 252
2496 253
2496 254
2496 255
2496 256
2496 257
2496 258
2496 259
2496 260
2496 261
2496 262
2496 263
2496 264
2496 265
2496 266
2497 233
2497 234
2497 235
2497 236
2497 237
2497 238
2497 239
2497 240
2497 241
2497 242
2497 243
2497 244
2497 245
2497 246
2497 247
2497 248
2497 249
2497 250
2497 251
2497 252
2497 253
2497 254
2497 255
2497 256
2497 257
2497 258
2497 259
2498 222
2498 223
2498 224
2498 225
2498 226
2498 227
2498 228
2498 229
2498 230
2498 231
2498 232
2498 233
2498 234
2498 235
2498 236
2498 237
2498 238
2498 239
2498 240
2498 241
2498 242
2498 243
2498 244
2498 245
2498 246
2498 247
2498 248
2498 249
2498 250
2498 251
2499 212
2499 213
2499 214
2499 215
2499 216
2499 217
2499 218
2499 219
2499 220
2499 221
2499 222
2499 223
2499 224
2499 225
2499 226
2499 227
2499 228
2499 229
2499 230
2499 231
2499 232
2499 233
2499 234
2499 235
2499 236
2499 237
2499 238
2499 239
2499 240
2499 241
2499 242
2500 202
2500 203
2500 204
2500 205
2500 206
2500 207
2500 208
2500 209
2500 210
2500 211
2500 212
2500 213
2500 214
2500 215
2500 216
2500 217
2500 218
2500 219
2500 220
2500 221
2500 222
2500 223
2500 224
2500 225
2500 226
2500 227
2500 228
2500 229
2500 230
2500 231
2500 232
2501 193
2501 194
2501 195
2501 196
2501 197
2501 198
2501 199
2501 200
2501 201
2501 202
2501 203
2501 204
2501 205
2501 206
2501 207
2501 208
2501 209
2501 210
2501 211
2501 212
2501 213
2501 214
2501 215
2501 216
2501 217
2501 218
2501 219
2501 220
2501 221
2502 185
2502 186
2502 187
2502 188
2502 189
2502 190
2502 191
2502 192
2502 193
2502 194
2502 195
2502 196
2502 197
2502 198
2502 199
2502 200
2502 201
2502 202
2502 203
2502 204
2502 205
2502 206
2502 207
2502 208
2502 209
2502 210
2503 177
2503 178
2503 179
2503 180
2503 181
2503 182
2503 183
2503 184
2503 185
2503 186
2503 187
2503 188
2503 189
2503 190
2503 191
2503 192
2503 193
2503 194
2503 195
2503 196
2503 197
2503 198
2504 171
2504 172
2504 173
2504 174
2504 175
2504 176
2504 177
2504 178
2504 179
2504 180
2504 181
2504 182
2504 183
2504 184
2504 185
2510 254
2510 255
2510 256
2510 257
2510 258
2510 259
2510 260
2510 261
2510 262
2510 263
2510 264
2510 265
2510 266
2510 267
2510 268
2510 269
2510 270
2511 241
2511 242
2511 243
2511 244
2511 245
2511 246
2511 247
2511 248
2511 249
2511 250
2511 251
2511 252
2511 253
2511 254
2511 255
2511 256
2511 257
2511 258
2511 259
2511 260
2511 261
2511 262
2511 263
2511 264
2512 229
2512 230
2512 231
2512 232
2512 233
2512 234
2512 235
2512 236
2512 237
2512 238
2512 239
2512 240
2512 241
2512 242
2512 243
2512 244
2512 245
2512 246
2512 247
2512 248
2512 249
2512 250
2512 251
2512 252
2512 253
2512 254
2512 255
2512 256
2512 257
2513 218
2513 219
2513 220
2513 221
2513 222
2513 223
2513 224
2513 225
2513 226
2513 227
2513 228
2513 229
2513 230
2513 231
2513 232
2513 233
2513 234
2513 235
2513 236
2513 237
2513 238
2513 239
2513 240
2513 241
2513 242
2513 243
2513 244
2513 245
2513 246
2513 247
2513 248
2514 208
2514 209
2514 210
2514 211
2514 212
2514 213
2514 214
2514 215
2514 216
2514 217
2514 218
2514 219
2514 220
2514 221
2514 222
2514 223
2514 224
2514 225
2514 226
2514 227
2514 228
2514 229
2514 230
2514 231
2514 232
2514 233
2514 234
2514 235
2514 236
2514 237
2514 238
2515 199
2515 200
2515 201
2515 202
2515 203
2515 204
2515 205
2515 206
2515 207
2515 208
2515 209
2515 210
2515 211
2515 212
2515 213
2515 214
2515 215
2515 216
2515 217
2515 218
2515 219
2515 220
2515 221
2515 222
2515 223
2515 224
2515 225
2515 226
2515 227
2515 228
2516 190
2516 191
2516 192
2516 193
2516 194
2516 195
2516 196
2516 197
2516 198
2516 199
2516 200
2516 201
2516 202
2516 203
2516 204
2516 205
2516 206
2516 207
2516 208
2516 209
2516 210
2516 211
2516 212
2516 213
2516 214
2516 215
2516 216
2516 217
2517 182
2517 183
2517 184
2517 185
2517 186
2517 187
2517 188
2517 189
2517 190
2517 191
2517 192
2517 193
2517 194
2517 195
2517 196
2517 197
2517 198
2517 199
2517 200
2517 201
2517 202
2517 203
2517 204
2517 205
2517 206
2518 174
2518 175
2518 176
2518 177
2518 178
2518 179
2518 180
2518 181
2518 182
2518 183
2518 184
2518 185
2518 186
2518 187
2518 188
2518 189
2518 190
2518 191
2518 192
2518 193
2518 194
2519 168
2519 169
2519 170
2519 171
2519 172
2519 173
2519 174
2519 175
2519 176
2519 177
2519 178
2519 179
2519 180
2524 264
2524 265
2524 266
2524 267
2524 268
2524 269
2524 270
2524 271
2524 272
2524 273
2525 249
2525 250
2525 251
2525 252
2525 253
2525 254
2525 255
2525 256
2525 257
2525 258
2525 259
2525 260
2525 261
2525 262
2525 263
2525 264
2525 265
2525 266
2525 267
2525 268
2525 269
2526 236
2526 237
2526 238
2526 239
2526 240
2526 241
2526 242
2526 243
2526 244
2526 245
2526 246
2526 247
2526 248
2526 249
2526 250
2526 251
2526 252
2526 253
2526 254
2526 255
2526 256
2526 257
2526 258
2526 259
2526 260
2526 261
2526 262
2527 225
2527 226
2527 227
2527 228
2527 229
2527 230
2527 231
2527 232
2527 233
2527 234
2527 235
2527 236
2527 237
2527 238
2527 239
2527 240
2527 241
2527 242
2527 243
2527 244
2527 245
2527 246
2527 247
2527 248
2527 249
2527 250
2527 251
2527 252
2527 253
2527 254
2528 214
2528 215
2528 216
2528 217
2528 218
2528 219
2528 220
2528 221
2528 222
2528 223
2528 224
2528 225
2528 226
2528 227
2528 228
2528 229
2528 230
2528 231
2528 232
2528 233
2528 234
2528 235
2528 236
2528 237
2528 238
2528 239
2528 240
2528 241
2528 242
2528 243
2528 244
2528 245
2529 205
2529 206
2529 207
2529 208
2529 209
2529 210
2529 211
2529 212
2529 213
2529 214
2529 215
2529 216
2529 217
2529 218
2529 219
2529 220
2529 221
2529 222
2529 223
2529 224
2529 225
2529 226
2529 227
2529 228
2529 229
2529 230
2529 231
2529 232
2529 233
2529 234
2529 235
2530 195
2530 196
2530 197
2530 198
2530 199
2530 200
2530 201
2530 202
2530 203
2530 204
2530 205
2530 206
2530 207
2530 208
2530 209
2530 210
2530 211
2530 212
2530 213
2530 214
2530 215
2530 216
2530 217
2530 218
2530 219
2530 220
2530 221
2530 222
2530 223
2530 224
2530 225
2531 187
2531 188
2531 189
2531 190
2531 191
2531 192
2531 193
2531 194
2531 195
2531 196
2531 197
2531 198
2531 199
2531 200
2531 201
2531 202
2531 203
2531 204
2531 205
2531 206
2531 207
2531 208
2531 209
2531 210
2531 211
2531 212
2531 213
2531 214
2532 178
2532 179
2532 180
2532 181
2532 182
2532 183
2532 184
2532 185
2532 186
2532 187
2532 188
2532 189
2532 190
2532 191
2532 192
2532 193
2532 194
2532 195
2532 196
2532 197
2532 198
2532 199
2532 200
2532 201
2532 202
2533 171
2533 172
2533 173
2533 174
2533 175
2533 176
2533 177
2533 178
2533 179
2533 180
2533 181
2533 182
2533 183
2533 184
2533 185
2533 186
2533 187
2533 188
2533 189
2534 167
2534 168
2534 169
2534 170
2534 171
2534 172
2534 173
2534 174
2539 258
2539 259
2539 260
2539 261
2539 262
2539 263
2539 264
2539 265
2539 266
2539 267
2539 268
2539 269
2539 270
2539 271
2539 272
2539 273
2540 244
2540 245
2540 246
2540 247
2540 248
2540 249
2540 250
2540 251
2540 252
2540 253
2540 254
2540 255
2540 256
2540 257
2540 258
2540 259
2540 260
2540 261
2540 262
2540 263
2540 264
2540 265
2540 266
2540 267
2541 232
2541 233
2541 234
2541 235
2541 236
2541 237
2541 238
2541 239
2541 240
2541 241
2541 242
2541 243
2541 244
2541 245
2541 246
2541 247
2541 248
2541 249
2541 250
2541 251
2541 252
2541 253
2541 254
2541 255
2541 256
2541 257
2541 258
2541 259
2541 260
2542 221
2542 222
2542 223
2542 224
2542 225
2542 226
2542 227
2542 228
2542 229
2542 230
2542 231
2542 232
2542 233
2542 234
2542 235
2542 236
2542 237
2542 238
2542 239
2542 240
2542 241
2542 242
2542 243
2542 244
2542 245
2542 246
2542 247
2542 248
2542 249
2542 250
2542 251
2543 211
2543 212
2543 213
2543 214
2543 215
2543 216
2543 217
2543 218
2543 219
2543 220
2543 221
2543 222
2543 223
2543 224
2543 225
2543 226
2543 227
2543 228
2543 229
2543 230
2543 231
2543 232
2543 233
2543 234
2543 235
2543 236
2543 237
2543 238
2543 239
2543 240
2543 241
2543 242
2544 201
2544 202
2544 203
2544 204
2544 205
2544 206
2544 207
2544 208
2544 209
2544 210
2544 211
2544 212
2544 213
2544 214
2544 215
2544 216
2544 217
2544 218
2544 219
2544 220
2544 221
2544 222
2544 223
2544 224
2544 225
2544 226
2544 227
2544 228
2544 229
2544 230
2544 231
2545 192
2545 193
2545 194
2545 195
2545 196
2545 197
2545 198
2545 199
2545 200
2545 201
2545 202
2545 203
2545 204
2545 205
2545 206
2545 207
2545 208
2545 209
2545 210
2545 211
2545 212
2545 213
2545 214
2545 215
2545 216
2545 217
2545 218
2545 219
2545 220
2545 221
2546 183
2546 184
2546 185
2546 186
2546 187
2546 188
2546 189
2546 190
2546 191
2546 192
2546 193
2546 194
2546 195
2546 196
2546 197
2546 198
2546 199
2546 200
2546 201
2546 202
2546 203
2546 204
2546 205
2546 206
2546 207
2546 208
2546 209
2547 176
2547 177
2547 178
2547 179
2547 180
2547 181
2547 182
2547 183
2547 184
2547 185
2547 186
2547 187
2547 188
2547 189
2547 190
2547 191
2547 192
2547 193
2547 194
2547 195
2547 196
2547 197
2547 198
2548 169
2548 170
2548 171
2548 172
2548 173
2548 174
2548 175
2548 176
2548 177
2548 178
2548 179
2548 180
2548 181
2548 182
2548 183
2548 184
2553 270
2553 271
2553 272
2553 273
2554 253
2554 254
2554 255
2554 256
2554 257
2554 258
2554 259
2554 260
2554 261
2554 262
2554 263
2554 264
2554 265
2554 266
2554 267
2554 268
2554 269
2554 270
2554 271
2555 240
2555 241
2555 242
2555 243
2555 244
2555 245
2555 246
2555 247
2555 248
2555 249
2555 250
2555 251
2555 252
2555 253
2555 254
2555 255
2555 256
2555 257
2555 258
2555 259
2555 260
2555 261
2555 262
2555 263
2555 264
2555 265
2556 228
2556 229
2556 230
2556 231
2556 232
2556 233
2556 234
2556 235
2556 236
2556 237
2556 238
2556 239
2556 240
2556 241
2556 242
2556 243
2556 244
2556 245
2556 246
2556 247
2556 248
2556 249
2556 250
2556 251
2556 252
2556 253
2556 254
2556 255
2556 256
2556 257
2557 217
2557 218
2557 219
2557 220
2557 221
2557 222
2557 223
2557 224
2557 225
2557 226
2557 227
2557 228
2557 229
2557 230
2557 231
2557 232
2557 233
2557 234
2557 235
2557 236
2557 237
2557 238
2557 239
2557 240
2557 241
2557 242
2557 243
2557 244
2557 245
2557 246
2557 247
2557 248
2558 207
2558 208
2558 209
2558 210
2558 211
2558 212
2558 213
2558 214
2558 215
2558 216
2558 217
2558 218
2558 219
2558 220
2558 221
2558 222
2558 223
2558 224
2558 225
2558 226
2558 227
2558 228
2558 229
2558 230
2558 231
2558 232
2558 233
2558 234
2558 235
2558 236
2558 237
2558 238
2559 198
2559 199
2559 200
2559 201
2559 202
2559 203
2559 204
2559 205
2559 206
2559 207
2559 208
2559 209
2559 210
2559 211
2559 212
2559 213
2559 214
2559 215
2559 216
2559 217
2559 218
2559 219
2559 220
2559 221
2559 222
2559 223
2559 224
2559 225
2559 226
2559 227
2559 228
2560 189
2560 190
2560 191
2560 192
2560 193
2560 194
2560 195
2560 196
2560 197
2560 198
2560 199
2560 200
2560 201
2560 202
2560 203
2560 204
2560 205
2560 206
2560 207
2560 208
2560 209
2560 210
2560 211
2560 212
2560 213
2560 214
2560 215
2560 216
2560 217
2561 180
2561 181
2561 182
2561 183
2561 184
2561 185
2561 186
2561 187
2561 188
2561 189
2561 190
2561 191
2561 192
2561 193
2561 194
2561 195
2561 196
2561 197
2561 198
2561 199
2561 200
2561 201
2561 202
2561 203
2561 204
2561 205
2562 173
2562 174
2562 175
2562 176
2562 177
2562 178
2562 179
2562 180
2562 181
2562 182
2562 183
2562 184
2562 185
2562 186
2562 187
2562 188
2562 189
2562 190
2562 191
2562 192
2562 193
2563 167
2563 168
2563 169
2563 170
2563 171
2563 172
2563 173
2563 174
2563 175
2563 176
2563 177
2563 178
2563 179
2568 262
2568 263
2568 264
2568 265
2568 266
2568 267
2568 268
2568 269
2568 270
2568 271
2568 272
2568 273
2568 274
2569 248
2569 249
2569 250
2569 251
2569 252
2569 253
2569 254
2569 255
2569 256
2569 257
2569 258
2569 259
2569 260
2569 261
2569 262
2569 263
2569 264
2569 265
2569 266
2569 267
2569 268
2569 269
2570 235
2570 236
2570 237
2570 238
2570 239
2570 240
2570 241
2570 242
2570 243
2570 244
2570 245
2570 246
2570 247
2570 248
2570 249
2570 250
2570 251
2570 252
2570 253
2570 254
2570 255
2570 256
2570 257
2570 258
2570 259
2570 260
2570 261
2570 262
2571 224
2571 225
2571 226
2571 227
2571 228
2571 229
2571 230
2571 231
2571 232
2571 233
2571 234
2571 235
2571 236
2571 237
2571 238
2571 239
2571 240
2571 241
2571 242
2571 243
2571 244
2571 245
2571 246
2571 247
2571 248
2571 249
2571 250
2571 251
2571 252
2571 253
2571 254
2572 214
2572 215
2572 216
2572 217
2572 218
2572 219
2572 220
2572 221
2572 222
2572 223
2572 224
2572 225
2572 226
2572 227
2572 228
2572 229
2572 230
2572 231
2572 232
2572 233
2572 234
2572 235
2572 236
2572 237
2572 238
2572 239
2572 240
2572 241
2572 242
2572 243
2572 244
2573 204
2573 205
2573 206
2573 207
2573 208
2573 209
2573 210
2573 211
2573 212
2573 213
2573 214
2573 215
2573 216
2573 217
2573 218
2573 219
2573 220
2573 221
2573 222
2573 223
2573 224
2573 225
2573 226
2573 227
2573 228
2573 229
2573 230
2573 231
2573 232
2573 233
2573 234
2574 194
2574 195
2574 196
2574 197
2574 198
2574 199
2574 200
2574 201
2574 202
2574 203
2574 204
2574 205
2574 206
2574 207
2574 208
2574 209
2574 210
2574 211
2574 212
2574 213
2574 214
2574 215
2574 216
2574 217
2574 218
2574 219
2574 220
2574 221
2574 222
2574 223
2574 224
2575 186
2575 187
2575 188
2575 189
2575 190
2575 191
2575 192
2575 193
2575 194
2575 195
2575 196
2575 197
2575 198
2575 199
2575 200
2575 201
2575 202
2575 203
2575 204
2575 205
2575 206
2575 207
2575 208
2575 209
2575 210
2575 211
2575 212
2575 213
2576 178
2576 179
2576 180
2576 181
2576 182
2576 183
2576 184
2576 185
2576 186
2576 187
2576 188
2576 189
2576 190
2576 191
2576 192
2576 193
2576 194
2576 195
2576 196
2576 197
2576 198
2576 199
2576 200
2576 201
2577 171
2577 172
2577 173
2577 174
2577 175
2577 176
2577 177
2577 178
2577 179
2577 180
2577 181
2577 182
2577 183
2577 184
2577 185
2577 186
2577 187
2577 188
2583 257
2583 258
2583 259
2583 260
2583 261
2583 262
2583 263
2583 264
2583 265
2583 266
2583 267
2583 268
2583 269
2583 270
2583 271
2583 272
2583 273
2584 243
2584 244
2584 245
2584 246
2584 247
2584 248
2584 249
2584 250
2584 251
2584 252
2584 253
2584 254
2584 255
2584 256
2584 257
2584 258
2584 259
2584 260
2584 261
2584 262
2584 263
2584 264
2584 265
2584 266
2584 267
2585 231
2585 232
2585 233
2585 234
2585 235
2585 236
2585 237
2585 238
2585 239
2585 240
2585 241
2585 242
2585 243
2585 244
2585 245
2585 246
2585 247
2585 248
2585 249
2585 250
2585 251
2585 252
2585 253
2585 254
2585 255
2585 256
2585 257
2585 258
2585 259
2586 220
2586 221
2586 222
2586 223
2586 224
2586 225
2586 226
2586 227
2586 228
2586 229
2586 230
2586 231
2586 232
2586 233
2586 234
2586 235
2586 236
2586 237
2586 238
2586 239
2586 240
2586 241
2586 242
2586 243
2586 244
2586 245
2586 246
2586 247
2586 248
2586 249
2586 250
2587 210
2587 211
2587 212
2587 213
2587 214
2587 215
2587 216
2587 217
2587 218
2587 219
2587 220
2587 221
2587 222
2587 223
2587 224
2587 225
2587 226
2587 227
2587 228
2587 229
2587 230
2587 231
2587 232
2587 233
2587 234
2587 235
2587 236
2587 237
2587 238
2587 239
2587 240
2587 241
2588 200
2588 201
2588 202
2588 203
2588 204
2588 205
2588 206
2588 207
2588 208
2588 209
2588 210
2588 211
2588 212
2588 213
2588 214
2588 215
2588 216
2588 217
2588 218
2588 219
2588 220
2588 221
2588 222
2588 223
2588 224
2588 225
2588 226
2588 227
2588 228
2588 229
2588 230
2588 231
2589 191
2589 192
2589 193
2589 194
2589 195
2589 196
2589 197
2589 198
2589 199
2589 200
2589 201
2589 202
2589 203
2589 204
2589 205
2589 206
2589 207
2589 208
2589 209
2589 210
2589 211
2589 212
2589 213
2589 214
2589 215
2589 216
2589 217
2589 218
2589 219
2589 220
2590 183
2590 184
2590 185
2590 186
2590 187
2590 188
2590 189
2590 190
2590 191
2590 192
2590 193
2590 194
2590 195
2590 196
2590 197
2590 198
2590 199
2590 200
2590 201
2590 202
2590 203
2590 204
2590 205
2590 206
2590 207
2590 208
2591 175
2591 176
2591 177
2591 178
2591 179
2591 180
2591 181
2591 182
2591 183
2591 184
2591 185
2591 186
2591 187
2591 188
2591 189
2591 190
2591 191
2591 192
2591 193
2591 194
2591 195
2591 196
2592 170
2592 171
2592 172
2592 173
2592 174
2592 175
2592 176
2592 177
2592 178
2592 179
2592 180
2592 181
2592 182
2597 270
2597 271
2597 272
2597 273
2598 252
2598 253
2598 254
2598 255
2598 256
2598 257
2598 258
2598 259
2598 260
2598 261
2598 262
2598 263
2598 264
2598 265
2598 266
2598 267
2598 268
2598 269
2598 270
2598 271
2599 239
2599 240
2599 241
2599 242
2599 243
2599 244
2599 245
2599 246
2599 247
2599 248
2599 249
2599 250
2599 251
2599 252
2599 253
2599 254
2599 255
2599 256
2599 257
2599 258
2599 259
2599 260
2599 261
2599 262
2599 263
2599 264
2600 228
2600 229
2600 230
2600 231
2600 232
2600 233
2600 234
2600 235
2600 236
2600 237
2600 238
2600 239
2600 240
2600 241
2600 242
2600 243
2600 244
2600 245
2600 246
2600 247
2600 248
2600 249
2600 250
2600 251
2600 252
2600 253
2600 254
2600 255
2600 256
2601 217
2601 218
2601 219
2601 220
2601 221
2601 222
2601 223
2601 224
2601 225
2601 226
2601 227
2601 228
2601 229
2601 230
2601 231
2601 232
2601 233
2601 234
2601 235
2601 236
2601 237
2601 238
2601 239
2601 240
2601 241
2601 242
2601 243
2601 244
2601 245
2601 246
2601 247
2602 207
2602 208
2602 209
2602 210
2602 211
2602 212
2602 213
2602 214
2602 215
2602 216
2602 217
2602 218
2602 219
2602 220
2602 221
2602 222
2602 223
2602 224
2602 225
2602 226
2602 227
2602 228
2602 229
2602 230
2602 231
2602 232
2602 233
2602 234
2602 235
2602 236
2602 237
2603 197
2603 198
2603 199
2603 200
2603 201
2603 202
2603 203
2603 204
2603 205
2603 206
2603 207
2603 208
2603 209
2603 210
2603 211
2603 212
2603 213
2603 214
2603 215
2603 216
2603 217
2603 218
2603 219
2603 220
2603 221
2603 222
2603 223
2603 224
2603 225
2603 226
2604 188
2604 189
2604 190
2604 191
2604 192
2604 193
2604 194
2604 195
2604 196
2604 197
2604 198
2604 199
2604 200
2604 201
2604 202
2604 203
2604 204
2604 205
2604 206
2604 207
2604 208
2604 209
2604 210
2604 211
2604 212
2604 213
2604 214
2604 215
2605 180
2605 181
2605 182
2605 183
2605 184
2605 185
2605 186
2605 187
2605 188
2605 189
2605 190
2605 191
2605 192
2605 193
2605 194
2605 195
2605 196
2605 197
2605 198
2605 199
2605 200
2605 201
2605 202
2605 203
2606 174
2606 175
2606 176
2606 177
2606 178
2606 179
2606 180
2606 181
2606 182
2606 183
2606 184
2606 185
2606 186
2606 187
2606 188
2606 189
2606 190
2612 263
2612 264
2612 265
2612 266
2612 267
2612 268
2612 269
2612 270
2612 271
2612 272
2612 273
2613 248
2613 249
2613 250
2613 251
2613 252
2613 253
2613 254
2613 255
2613 256
2613 257
2613 258
2613 259
2613 260
2613 261
2613 262
2613 263
2613 264
2613 265
2613 266
2613 267
2613 268
2614 235
2614 236
2614 237
2614 238
2614 239
2614 240
2614 241
2614 242
2614 243
2614 244
2614 245
2614 246
2614 247
2614 248
2614 249
2614 250
2614 251
2614 252
2614 253
2614 254
2614 255
2614 256
2614 257
2614 258
2614 259
2614 260
2614 261
2615 224
2615 225
2615 226
2615 227
2615 228
2615 229
2615 230
2615 231
2615 232
2615 233
2615 234
2615 235
2615 236
2615 237
2615 238
2615 239
2615 240
2615 241
2615 242
2615 243
2615 244
2615 245
2615 246
2615 247
2615 248
2615 249
2615 250
2615 251
2615 252
2616 214
2616 215
2616 216
2616 217
2616 218
2616 219
2616 220
2616 221
2616 222
2616 223
2616 224
2616 225
2616 226
2616 227
2616 228
2616 229
2616 230
2616 231
2616 232
2616 233
2616 234
2616 235
2616 236
2616 237
2616 238
2616 239
2616 240
2616 241
2616 242
2616 243
2617 204
2617 205
2617 206
2617 207
2617 208
2617 209
2617 210
2617 211
2617 212
2617 213
2617 214
2617 215
2617 216
2617 217
2617 218
2617 219
2617 220
2617 221
2617 222
2617 223
2617 224
2617 225
2617 226
2617 227
2617 228
2617 229
2617 230
2617 231
2617 232
2617 233
2618 194
2618 195
2618 196
2618 197
2618 198
2618 199
2618 200
2618 201
2618 202
2618 203
2618 204
2618 205
2618 206
2618 207
2618 208
2618 209
2618 210
2618 211
2618 212
2618 213
2618 214
2618 215
2618 216
2618 217
2618 218
2618 219
2618 220
2618 221
2618 222
2619 186
2619 187
2619 188
2619 189
2619 190
2619 191
2619 192
2619 193
2619 194
2619 195
2619 196
2619 197
2619 198
2619 199
2619 200
2619 201
2619 202
2619 203
2619 204
2619 205
2619 206
2619 207
2619 208
2619 209
2619 210
2619 211
2620 178
2620 179
2620 180
2620 181
2620 182
2620 183
2620 184
2620 185
2620 186
2620 187
2620 188
2620 189
2620 190
2620 191
2620 192
2620 193
2620 194
2620 195
2620 196
2620 197
2620 198
2621 173
2621 174
2621 175
2621 176
2621 177
2621 178
2621 179
2621 180
2621 181
2621 182
2621 183
2621 184
2627 258
2627 259
2627 260
2627 261
2627 262
2627 263
2627 264
2627 265
2627 266
2627 267
2627 268
2627 269
2627 270
2627 271
2628 244
2628 245
2628 246
2628 247
2628 248
2628 249
2628 250
2628 251
2628 252
2628 253
2628 254
2628 255
2628 256
2628 257
2628 258
2628 259
2628 260
2628 261
2628 262
2628 263
2628 264
2628 265
2629 232
2629 233
2629 234
2629 235
2629 236
2629 237
2629 238
2629 239
2629 240
2629 241
2629 242
2629 243
2629 244
2629 245
2629 246
2629 247
2629 248
2629 249
2629 250
2629 251
2629 252
2629 253
2629 254
2629 255
2629 256
2629 257
2629 258
2630 221
2630 222
2630 223
2630 224
2630 225
2630 226
2630 227
2630 228
2630 229
2630 230
2630 231
2630 232
2630 233
2630 234
2630 235
2630 236
2630 237
2630 238
2630 239
2630 240
2630 241
2630 242
2630 243
2630 244
2630 245
2630 246
2630 247
2630 248
2630 249
2631 210
2631 211
2631 212
2631 213
2631 214
2631 215
2631 216
2631 217
2631 218
2631 219
2631 220
2631 221
2631 222
2631 223
2631 224
2631 225
2631 226
2631 227
2631 228
2631 229
2631 230
2631 231
2631 232
2631 233
2631 234
2631 235
2631 236
2631 237
2631 238
2631 239
2632 201
2632 202
2632 203
2632 204
2632 205
2632 206
2632 207
2632 208
2632 209
2632 210
2632 211
2632 212
2632 213
2632 214
2632 215
2632 216
2632 217
2632 218
2632 219
2632 220
2632 221
2632 222
2632 223
2632 224
2632 225
2632 226
2632 227
2632 228
2632 229
2633 192
2633 193
2633 194
2633 195
2633 196
2633 197
2633 198
2633 199
2633 200
2633 201
2633 202
2633 203
2633 204
2633 205
2633 206
2633 207
2633 208
2633 209
2633 210
2633 211
2633 212
2633 213
2633 214
2633 215
2633 216
2633 217
2634 184
2634 185
2634 186
2634 187
2634 188
2634 189
2634 190
2634 191
2634 192
2634 193
2634 194
2634 195
2634 196
2634 197
2634 198
2634 199
2634 200
2634 201
2634 202
2634 203
2634 204
2634 205
2635 177
2635 178
2635 179
2635 180
2635 181
2635 182
2635 183
2635 184
2635 185
2635 186
2635 187
2635 188
2635 189
2635 190
2635 191
2635 192
2642 253
2642 254
2642 255
2642 256
2642 257
2642 258
2642 259
2642 260
2642 261
2642 262
2642 263
2642 264
2642 265
2642 266
2642 267
2642 268
2642 269
2643 240
2643 241
2643 242
2643 243
2643 244
2643 245
2643 246
2643 247
2643 248
2643 249
2643 250
2643 251
2643 252
2643 253
2643 254
2643 255
2643 256
2643 257
2643 258
2643 259
2643 260
2643 261
2643 262
2644 228
2644 229
2644 230
2644 231
2644 232
2644 233
2644 234
2644 235
2644 236
2644 237
2644 238
2644 239
2644 240
2644 241
2644 242
2644 243
2644 244
2644 245
2644 246
2644 247
2644 248
2644 249
2644 250
2644 251
2644 252
2644 253
2644 254
2645 217
2645 218
2645 219
2645 220
2645 221
2645 222
2645 223
2645 224
2645 225
2645 226
2645 227
2645 228
2645 229
2645 230
2645 231
2645 232
2645 233
2645 234
2645 235
2645 236
2645 237
2645 238
2645 239
2645 240
2645 241
2645 242
2645 243
2645 244
2645 245
2646 207
2646 208
2646 209
2646 210
2646 211
2646 212
2646 213
2646 214
2646 215
2646 216
2646 217
2646 218
2646 219
2646 220
2646 221
2646 222
2646 223
2646 224
2646 225
2646 226
2646 227
2646 228
2646 229
2646 230
2646 231
2646 232
2646 233
2646 234
2646 235
2647 198
2647 199
2647 200
2647 201
2647 202
2647 203
2647 204
2647 205
2647 206
2647 207
2647 208
2647 209
2647 210
2647 211
2647 212
2647 213
2647 214
2647 215
2647 216
2647 217
2647 218
2647 219
2647 220
2647 221
2647 222
2647 223
2647 224
2648 190
2648 191
2648 192
2648 193
2648 194
2648 195
2648 196
2648 197
2648 198
2648 199
2648 200
2648 201
2648 202
2648 203
2648 204
2648 205
2648 206
2648 207
2648 208
2648 209
2648 210
2648 211
2648 212
2649 182
2649 183
2649 184
2649 185
2649 186
2649 187
2649 188
2649 189
2649 190
2649 191
2649 192
2649 193
2649 194
2649 195
2649 196
2649 197
2649 198
2649 199
2649 200
2650 178
2650 179
2650 180
2650 181
2650 182
2650 183
2657 250
2657 251
2657 252
2657 253
2657 254
2657 255
2657 256
2657 257
2657 258
2657 259
2657 260
2657 261
2657 262
2657 263
2657 264
2657 265
2657 266
2658 237
2658 238
2658 239
2658 240
2658 241
2658 242
2658 243
2658 244
2658 245
2658 246
2658 247
2658 248
2658 249
2658 250
2658 251
2658 252
2658 253
2658 254
2658 255
2658 256
2658 257
2658 258
2658 259
2659 225
2659 226
2659 227
2659 228
2659 229
2659 230
2659 231
2659 232
2659 233
2659 234
2659 235
2659 236
2659 237
2659 238
2659 239
2659 240
2659 241
2659 242
2659 243
2659 244
2659 245
2659 246
2659 247
2659 248
2659 249
2659 250
2660 215
2660 216
2660 217
2660 218
2660 219
2660 220
2660 221
2660 222
2660 223
2660 224
2660 225
2660 226
2660 227
2660 228
2660 229
2660 230
2660 231
2660 232
2660 233
2660 234
2660 235
2660 236
2660 237
2660 238
2660 239
2660 240
2660 241
2661 205
2661 206
2661 207
2661 208
2661 209
2661 210
2661 211
2661 212
2661 213
2661 214
2661 215
2661 216
2661 217
2661 218
2661 219
2661 220
2661 221
2661 222
2661 223
2661 224
2661 225
2661 226
2661 227
2661 228
2661 229
2661 230
2662 196
2662 197
2662 198
2662 199
2662 200
2662 201
2662 202
2662 203
2662 204
2662 205
2662 206
2662 207
2662 208
2662 209
2662 210
2662 211
2662 212
2662 213
2662 214
2662 215
2662 216
2662 217
2662 218
2662 219
2663 188
2663 189
2663 190
2663 191
2663 192
2663 193
2663 194
2663 195
2663 196
2663 197
2663 198
2663 199
2663 200
2663 201
2663 202
2663 203
2663 204
2663 205
2663 206
2663 207
2664 182
2664 183
2664 184
2664 185
2664 186
2664 187
2664 188
2664 189
2664 190
2664 191
2664 192
2672 246
2672 247
2672 248
2672 249
2672 250
2672 251
2672 252
2672 253
2672 254
2672 255
2672 256
2672 257
2672 258
2672 259
2672 260
2672 261
2672 262
2673 234
2673 235
2673 236
2673 237
2673 238
2673 239
2673 240
2673 241
2673 242
2673 243
2673 244
2673 245
2673 246
2673 247
2673 248
2673 249
2673 250
2673 251
2673 252
2673 253
2673 254
2673 255
2674 222
2674 223
2674 224
2674 225
2674 226
2674 227
2674 228
2674 229
2674 230
2674 231
2674 232
2674 233
2674 234
2674 235
2674 236
2674 237
2674 238
2674 239
2674 240
2674 241
2674 242
2674 243
2674 244
2674 245
2674 246
2675 212
2675 213
2675 214
2675 215
2675 216
2675 217
2675 218
2675 219
2675 220
2675 221
2675 222
2675 223
2675 224
2675 225
2675 226
2675 227
2675 228
2675 229
2675 230
2675 231
2675 232
2675 233
2675 234
2675 235
2675 236
2676 202
2676 203
2676 204
2676 205
2676 206
2676 207
2676 208
2676 209
2676 210
2676 211
2676 212
2676 213
2676 214
2676 215
2676 216
2676 217
2676 218
2676 219
2676 220
2676 221
2676 222
2676 223
2676 224
2676 225
2677 194
2677 195
2677 196
2677 197
2677 198
2677 199
2677 200
2677 201
2677 202
2677 203
2677 204
2677 205
2677 206
2677 207
2677 208
2677 209
2677 210
2677 211
2677 212
2677 213
2677 214
2678 187
2678 188
2678 189
2678 190
2678 191
2678 192
2678 193
2678 194
2678 195
2678 196
2678 197
2678 198
2678 199
2678 200
2686 260
2686 261
2687 243
2687 244
2687 245
2687 246
2687 247
2687 248
2687 249
2687 250
2687 251
2687 252
2687 253
2687 254
2687 255
2687 256
2687 257
2687 258
2688 231
2688 232
2688 233
2688 234
2688 235
2688 236
2688 237
2688 238
2688 239
2688 240
2688 241
2688 242
2688 243
2688 244
2688 245
2688 246
2688 247
2688 248
2688 249
2688 250
2688 251
2689 220
2689 221
2689 222
2689 223
2689 224
2689 225
2689 226
2689 227
2689 228
2689 229
2689 230
2689 231
2689 232
2689 233
2689 234
2689 235
2689 236
2689 237
2689 238
2689 239
2689 240
2689 241
2689 242
2690 210
2690 211
2690 212
2690 213
2690 214
2690 215
2690 216
2690 217
2690 218
2690 219
2690 220
2690 221
2690 222
2690 223
2690 224
2690 225
2690 226
2690 227
2690 228
2690 229
2690 230
2690 231
2691 201
2691 202
2691 203
2691 204
2691 205
2691 206
2691 207
2691 208
2691 209
2691 210
2691 211
2691 212
2691 213
2691 214
2691 215
2691 216
2691 217
2691 218
2691 219
2691 220
2692 194
2692 195
2692 196
2692 197
2692 198
2692 199
2692 200
2692 201
2692 202
2692 203
2692 204
2692 205
2692 206
2692 207
2702 241
2702 242
2702 243
2702 244
2702 245
2702 246
2702 247
2702 248
2702 249
2702 250
2702 251
2702 252
2702 253
2702 254
2703 228
2703 229
2703 230
2703 231
2703 232
2703 233
2703 234
2703 235
2703 236
2703 237
2703 238
2703 239
2703 240
2703 241
2703 242
2703 243
2703 244
2703 245
2703 246
2704 218
2704 219
2704 220
2704 221
2704 222
2704 223
2704 224
2704 225
2704 226
2704 227
2704 228
2704 229
2704 230
2704 231
2704 232
2704 233
2704 234
2704 235
2704 236
2704 237
2705 208
2705 209
2705 210
2705 211
2705 212
2705 213
2705 214
2705 215
2705 216
2705 217
2705 218
2705 219
2705 220
2705 221
2705 222
2705 223
2705 224
2705 225
2705 226
2706 200
2706 201
2706 202
2706 203
2706 204
2706 205
2706 206
2706 207
2706 208
2706 209
2706 210
2706 211
2706 212
2706 213
2717 239
2717 240
2717 241
2717 242
2717 243
2717 244
2717 245
2717 246
2717 247
2717 248
2717 249
2718 227
2718 228
2718 229
2718 230
2718 231
2718 232
2718 233
2718 234
2718 235
2718 236
2718 237
2718 238
2718 239
2718 240
2718 241
2719 216
2719 217
2719 218
2719 219
2719 220
2719 221
2719 222
2719 223
2719 224
2719 225
2719 226
2719 227
2719 228
2719 229
2719 230
2719 231
2720 208
2720 209
2720 210
2720 211
2720 212
2720 213
2720 214
2720 215
2720 216
2720 217
2720 218
2720 219
2732 240
2732 241
2732 242
2733 227
2733 228
2733 229
2733 230
2733 231
2733 232
2733 233
2733 234
2734 218
2734 219
2734 220
2734 221
2734 222
