1 181
1 182
1 183
1 184
1 185
1 186
1 187
1 188
1 189
1 190
1 191
1 192
1 193
1 194
1 195
1 196
1 197
1 198
1 199
1 200
1 201
1 202
1 203
1 204
1 205
1 206
1 207
1 208
1 209
1 210
1 211
1 212
1 213
1 214
2 134
2 135
2 136
2 137
2 138
2 139
2 140
2 141
2 142
2 143
2 144
2 145
2 146
2 147
2 148
2 149
2 150
2 151
2 152
4 158
4 159
4 160
4 161
4 162
4 163
4 164
4 165
4 166
4 167
4 168
4 169
4 170
4 171
4 172
4 173
4 174
4 175
4 176
4 177
4 178
4 179
4 180
4 181
4 182
4 183
4 184
4 185
4 186
4 187
4 188
4 189
4 190
4 191
6 192
6 193
6 194
6 195
6 196
6 197
6 198
6 199
6 200
6 201
6 202
6 203
6 204
6 205
6 206
6 207
6 208
6 209
6 210
6 211
6 212
6 213
6 214
6 215
6 216
6 217
6 218
6 219
6 220
7 139
7 140
7 141
7 142
7 143
7 144
7 145
7 146
7 147
7 148
7 149
7 150
7 151
7 152
7 153
7 154
7 155
7 156
7 157
7 158
7 159
7 160
7 161
7 162
7 163
7 164
9 166
9 167
9 168
9 169
9 170
9 171
9 172
9 173
9 174
9 175
9 176
9 177
9 178
9 179
9 180
9 181
9 182
9 183
9 184
9 185
9 186
9 187
9 188
9 189
9 190
9 191
9 192
9 193
9 194
9 195
9 196
9 197
9 198
9 199
9 200
11 203
11 204
11 205
11 206
11 207
11 208
11 209
11 210
11 211
11 212
11 213
11 214
11 215
11 216
11 217
11 218
11 219
11 220
11 221
11 222
11 223
11 224
11 225
12 146
12 147
12 148
12 149
12 150
12 151
12 152
12 153
12 154
12 155
12 156
12 157
12 158
12 159
12 160
12 161
12 162
12 163
12 164
12 165
12 166
12 167
12 168
12 169
12 170
12 171
12 172
12 173
12 174
14 175
14 176
14 177
14 178
14 179
14 180
14 181
14 182
14 183
14 184
14 185
14 186
14 187
14 188
14 189
14 190
14 191
14 192
14 193
14 194
14 195
14 196
14 197
14 198
14 199
14 200
14 201
14 202
14 203
14 204
14 205
14 206
14 207
14 208
15 132
15 133
15 134
15 135
15 136
15 137
15 138
15 139
15 140
15 141
15 142
15 143
16 216
16 217
16 218
16 219
16 220
16 221
16 222
16 223
16 224
16 225
16 226
16 227
16 228
17 153
17 154
17 155
17 156
17 157
17 158
17 159
17 160
17 161
17 162
17 163
17 164
17 165
17 166
17 167
17 168
17 169
17 170
17 171
17 172
17 173
17 174
17 175
17 176
17 177
17 178
17 179
17 180
17 181
17 182
17 183
17 184
19 184
19 185
19 186
19 187
19 188
19 189
19 190
19 191
19 192
19 193
19 194
19 195
19 196
19 197
19 198
19 199
19 200
19 201
19 202
19 203
19 204
19 205
19 206
19 207
19 208
19 209
19 210
19 211
19 212
19 213
19 214
19 215
19 216
20 136
20 137
20 138
20 139
20 140
20 141
20 142
20 143
20 144
20 145
20 146
20 147
20 148
20 149
20 150
20 151
20 152
20 153
20 154
20 155
20 156
22 161
22 162
22 163
22 164
22 165
22 166
22 167
22 168
22 169
22 170
22 171
22 172
22 173
22 174
22 175
22 176
22 177
22 178
22 179
22 180
22 181
22 182
22 183
22 184
22 185
22 186
22 187
22 188
22 189
22 190
22 191
22 192
22 193
22 194
24 195
24 196
24 197
24 198
24 199
24 200
24 201
24 202
24 203
24 204
24 205
24 206
24 207
24 208
24 209
24 210
24 211
24 212
24 213
24 214
24 215
24 216
24 217
24 218
24 219
24 220
24 221
24 222
25 142
25 143
25 144
25 145
25 146
25 147
25 148
25 149
25 150
25 151
25 152
25 153
25 154
25 155
25 156
25 157
25 158
25 159
25 160
25 161
25 162
25 163
25 164
25 165
25 166
25 167
27 169
27 170
27 171
27 172
27 173
27 174
27 175
27 176
27 177
27 178
27 179
27 180
27 181
27 182
27 183
27 184
27 185
27 186
27 187
27 188
27 189
27 190
27 191
27 192
27 193
27 194
27 195
27 196
27 197
27 198
27 199
27 200
27 201
27 202
29 206
29 207
29 208
29 209
29 210
29 211
29 212
29 213
29 214
29 215
29 216
29 217
29 218
29 219
29 220
29 221
29 222
29 223
29 224
29 225
29 226
29 227
30 149
30 150
30 151
30 152
30 153
30 154
30 155
30 156
30 157
30 158
30 159
30 160
30 161
30 162
30 163
30 164
30 165
30 166
30 167
30 168
30 169
30 170
30 171
30 172
30 173
30 174
30 175
30 176
30 177
32 178
32 179
32 180
32 181
32 182
32 183
32 184
32 185
32 186
32 187
32 188
32 189
32 190
32 191
32 192
32 193
32 194
32 195
32 196
32 197
32 198
32 199
32 200
32 201
32 202
32 203
32 204
32 205
32 206
32 207
32 208
32 209
32 210
33 134
33 135
33 136
33 137
33 138
33 139
33 140
33 141
33 142
33 143
33 144
33 145
33 146
33 147
34 220
34 221
34 222
34 223
34 224
34 225
34 226
34 227
34 228
34 229
35 156
35 157
35 158
35 159
35 160
35 161
35 162
35 163
35 164
35 165
35 166
35 167
35 168
35 169
35 170
35 171
35 172
35 173
35 174
35 175
35 176
35 177
35 178
35 179
35 180
35 181
35 182
35 183
35 184
35 185
35 186
35 187
37 188
37 189
37 190
37 191
37 192
37 193
37 194
37 195
37 196
37 197
37 198
37 199
37 200
37 201
37 202
37 203
37 204
37 205
37 206
37 207
37 208
37 209
37 210
37 211
37 212
37 213
37 214
37 215
37 216
37 217
38 139
38 140
38 141
38 142
38 143
38 144
38 145
38 146
38 147
38 148
38 149
38 150
38 151
38 152
38 153
38 154
38 155
38 156
38 157
38 158
38 159
40 164
40 165
40 166
40 167
40 168
40 169
40 170
40 171
40 172
40 173
40 174
40 175
40 176
40 177
40 178
40 179
40 180
40 181
40 182
40 183
40 184
40 185
40 186
40 187
40 188
40 189
40 190
40 191
40 192
40 193
40 194
40 195
40 196
42 198
42 199
42 200
42 201
42 202
42 203
42 204
42 205
42 206
42 207
42 208
42 209
42 210
42 211
42 212
42 213
42 214
42 215
42 216
42 217
42 218
42 219
42 220
42 221
42 222
42 223
43 145
43 146
43 147
43 148
43 149
43 150
43 151
43 152
43 153
43 154
43 155
43 156
43 157
43 158
43 159
43 160
43 161
43 162
43 163
43 164
43 165
43 166
43 167
43 168
43 169
45 172
45 173
45 174
45 175
45 176
45 177
45 178
45 179
45 180
45 181
45 182
45 183
45 184
45 185
45 186
45 187
45 188
45 189
45 190
45 191
45 192
45 193
45 194
45 195
45 196
45 197
45 198
45 199
45 200
45 201
45 202
45 203
45 204
47 209
47 210
47 211
47 212
47 213
47 214
47 215
47 216
47 217
47 218
47 219
47 220
47 221
47 222
47 223
47 224
47 225
47 226
47 227
47 228
48 152
48 153
48 154
48 155
48 156
48 157
48 158
48 159
48 160
48 161
48 162
48 163
48 164
48 165
48 166
48 167
48 168
48 169
48 170
48 171
48 172
48 173
48 174
48 175
48 176
48 177
48 178
48 179
50 181
50 182
50 183
50 184
50 185
50 186
50 187
50 188
50 189
50 190
50 191
50 192
50 193
50 194
50 195
50 196
50 197
50 198
50 199
50 200
50 201
50 202
50 203
50 204
50 205
50 206
50 207
50 208
50 209
50 210
50 211
50 212
51 136
51 137
51 138
51 139
51 140
51 141
51 142
51 143
51 144
51 145
51 146
51 147
51 148
51 149
51 150
52 223
52 224
52 225
52 226
52 227
52 228
52 229
52 230
53 159
53 160
53 161
53 162
53 163
53 164
53 165
53 166
53 167
53 168
53 169
53 170
53 171
53 172
53 173
53 174
53 175
53 176
53 177
53 178
53 179
53 180
53 181
53 182
53 183
53 184
53 185
53 186
53 187
53 188
53 189
55 191
55 192
55 193
55 194
55 195
55 196
55 197
55 198
55 199
55 200
55 201
55 202
55 203
55 204
55 205
55 206
55 207
55 208
55 209
55 210
55 211
55 212
55 213
55 214
55 215
55 216
55 217
55 218
55 219
56 142
56 143
56 144
56 145
56 146
56 147
56 148
56 149
56 150
56 151
56 152
56 153
56 154
56 155
56 156
56 157
56 158
56 159
56 160
56 161
58 167
58 168
58 169
58 170
58 171
58 172
58 173
58 174
58 175
58 176
58 177
58 178
58 179
58 180
58 181
58 182
58 183
58 184
58 185
58 186
58 187
58 188
58 189
58 190
58 191
58 192
58 193
58 194
58 195
58 196
58 197
58 198
60 201
60 202
60 203
60 204
60 205
60 206
60 207
60 208
60 209
60 210
60 211
60 212
60 213
60 214
60 215
60 216
60 217
60 218
60 219
60 220
60 221
60 222
60 223
60 224
60 225
61 148
61 149
61 150
61 151
61 152
61 153
61 154
61 155
61 156
61 157
61 158
61 159
61 160
61 161
61 162
61 163
61 164
61 165
61 166
61 167
61 168
61 169
61 170
61 171
61 172
63 176
63 177
63 178
63 179
63 180
63 181
63 182
63 183
63 184
63 185
63 186
63 187
63 188
63 189
63 190
63 191
63 192
63 193
63 194
63 195
63 196
63 197
63 198
63 199
63 200
63 201
63 202
63 203
63 204
63 205
63 206
64 137
64 138
64 139
65 212
65 213
65 214
65 215
65 216
65 217
65 218
65 219
65 220
65 221
65 222
65 223
65 224
65 225
65 226
65 227
65 228
65 229
65 230
66 155
66 156
66 157
66 158
66 159
66 160
66 161
66 162
66 163
66 164
66 165
66 166
66 167
66 168
66 169
66 170
66 171
66 172
66 173
66 174
66 175
66 176
66 177
66 178
66 179
66 180
66 181
68 185
68 186
68 187
68 188
68 189
68 190
68 191
68 192
68 193
68 194
68 195
68 196
68 197
68 198
68 199
68 200
68 201
68 202
68 203
68 204
68 205
68 206
68 207
68 208
68 209
68 210
68 211
68 212
68 213
69 139
69 140
69 141
69 142
69 143
69 144
69 145
69 146
69 147
69 148
69 149
69 150
69 151
69 152
69 153
71 163
71 164
71 165
71 166
71 167
71 168
71 169
71 170
71 171
71 172
71 173
71 174
71 175
71 176
71 177
71 178
71 179
71 180
71 181
71 182
71 183
71 184
71 185
71 186
71 187
71 188
71 189
71 190
71 191
73 194
73 195
73 196
73 197
73 198
73 199
73 200
73 201
73 202
73 203
73 204
73 205
73 206
73 207
73 208
73 209
73 210
73 211
73 212
73 213
73 214
73 215
73 216
73 217
73 218
73 219
73 220
74 145
74 146
74 147
74 148
74 149
74 150
74 151
74 152
74 153
74 154
74 155
74 156
74 157
74 158
74 159
74 160
74 161
74 162
74 163
74 164
76 171
76 172
76 173
76 174
76 175
76 176
76 177
76 178
76 179
76 180
76 181
76 182
76 183
76 184
76 185
76 186
76 187
76 188
76 189
76 190
76 191
76 192
76 193
76 194
76 195
76 196
76 197
76 198
76 199
78 204
78 205
78 206
78 207
78 208
78 209
78 210
78 211
78 212
78 213
78 214
78 215
78 216
78 217
78 218
78 219
78 220
78 221
78 222
78 223
78 224
78 225
78 226
79 152
79 153
79 154
79 155
79 156
79 157
79 158
79 159
79 160
79 161
79 162
79 163
79 164
79 165
79 166
79 167
79 168
79 169
79 170
79 171
79 172
79 173
79 174
81 179
81 180
81 181
81 182
81 183
81 184
81 185
81 186
81 187
81 188
81 189
81 190
81 191
81 192
81 193
81 194
81 195
81 196
81 197
81 198
81 199
81 200
81 201
81 202
81 203
81 204
81 205
81 206
81 207
82 140
82 141
83 216
83 217
83 218
83 219
83 220
83 221
83 222
83 223
83 224
83 225
83 226
83 227
83 228
83 229
83 230
83 231
84 159
84 160
84 161
84 162
84 163
84 164
84 165
84 166
84 167
84 168
84 169
84 170
84 171
84 172
84 173
84 174
84 175
84 176
84 177
84 178
84 179
84 180
84 181
84 182
84 183
86 188
86 189
86 190
86 191
86 192
86 193
86 194
86 195
86 196
86 197
86 198
86 199
86 200
86 201
86 202
86 203
86 204
86 205
86 206
86 207
86 208
86 209
86 210
86 211
86 212
86 213
86 214
86 215
87 143
87 144
87 145
87 146
87 147
87 148
87 149
87 150
87 151
87 152
87 153
87 154
87 155
89 166
89 167
89 168
89 169
89 170
89 171
89 172
89 173
89 174
89 175
89 176
89 177
89 178
89 179
89 180
89 181
89 182
89 183
89 184
89 185
89 186
89 187
89 188
89 189
89 190
89 191
89 192
91 197
91 198
91 199
91 200
91 201
91 202
91 203
91 204
91 205
91 206
91 207
91 208
91 209
91 210
91 211
91 212
91 213
91 214
91 215
91 216
91 217
91 218
91 219
91 220
91 221
91 222
92 149
92 150
92 151
92 152
92 153
92 154
92 155
92 156
92 157
92 158
92 159
92 160
92 161
92 162
92 163
92 164
92 165
94 174
94 175
94 176
94 177
94 178
94 179
94 180
94 181
94 182
94 183
94 184
94 185
94 186
94 187
94 188
94 189
94 190
94 191
94 192
94 193
94 194
94 195
94 196
94 197
94 198
94 199
94 200
94 201
96 208
96 209
96 210
96 211
96 212
96 213
96 214
96 215
96 216
96 217
96 218
96 219
96 220
96 221
96 222
96 223
96 224
96 225
96 226
96 227
97 156
97 157
97 158
97 159
97 160
97 161
97 162
97 163
97 164
97 165
97 166
97 167
97 168
97 169
97 170
97 171
97 172
97 173
97 174
97 175
99 183
99 184
99 185
99 186
99 187
99 188
99 189
99 190
99 191
99 192
99 193
99 194
99 195
99 196
99 197
99 198
99 199
99 200
99 201
99 202
99 203
99 204
99 205
99 206
99 207
99 208
99 209
101 219
101 220
101 221
101 222
101 223
101 224
101 225
101 226
101 227
101 228
101 229
101 230
101 231
101 232
102 163
102 164
102 165
102 166
102 167
102 168
102 169
102 170
102 171
102 172
102 173
102 174
102 175
102 176
102 177
102 178
102 179
102 180
102 181
102 182
102 183
102 184
102 185
104 191
104 192
104 193
104 194
104 195
104 196
104 197
104 198
104 199
104 200
104 201
104 202
104 203
104 204
104 205
104 206
104 207
104 208
104 209
104 210
104 211
104 212
104 213
104 214
104 215
104 216
105 148
105 149
105 150
105 151
105 152
105 153
105 154
105 155
105 156
107 170
107 171
107 172
107 173
107 174
107 175
107 176
107 177
107 178
107 179
107 180
107 181
107 182
107 183
107 184
107 185
107 186
107 187
107 188
107 189
107 190
107 191
107 192
107 193
107 194
109 201
109 202
109 203
109 204
109 205
109 206
109 207
109 208
109 209
109 210
109 211
109 212
109 213
109 214
109 215
109 216
109 217
109 218
109 219
109 220
109 221
109 222
109 223
110 153
110 154
110 155
110 156
110 157
110 158
110 159
110 160
110 161
110 162
110 163
110 164
110 165
110 166
110 167
112 178
112 179
112 180
112 181
112 182
112 183
112 184
112 185
112 186
112 187
112 188
112 189
112 190
112 191
112 192
112 193
112 194
112 195
112 196
112 197
112 198
112 199
112 200
112 201
112 202
114 211
114 212
114 213
114 214
114 215
114 216
114 217
114 218
114 219
114 220
114 221
114 222
114 223
114 224
114 225
114 226
114 227
114 228
115 160
115 161
115 162
115 163
115 164
115 165
115 166
115 167
115 168
115 169
115 170
115 171
115 172
115 173
115 174
115 175
115 176
117 186
117 187
117 188
117 189
117 190
117 191
117 192
117 193
117 194
117 195
117 196
117 197
117 198
117 199
117 200
117 201
117 202
117 203
117 204
117 205
117 206
117 207
117 208
117 209
117 210
119 223
119 224
119 225
119 226
119 227
119 228
119 229
119 230
119 231
119 232
120 167
120 168
120 169
120 170
120 171
120 172
120 173
120 174
120 175
120 176
120 177
120 178
120 179
120 180
120 181
120 182
120 183
120 184
120 185
120 186
122 195
122 196
122 197
122 198
122 199
122 200
122 201
122 202
122 203
122 204
122 205
122 206
122 207
122 208
122 209
122 210
122 211
122 212
122 213
122 214
122 215
122 216
122 217
125 174
125 175
125 176
125 177
125 178
125 179
125 180
125 181
125 182
125 183
125 184
125 185
125 186
125 187
125 188
125 189
125 190
125 191
125 192
125 193
125 194
125 195
127 204
127 205
127 206
127 207
127 208
127 209
127 210
127 211
127 212
127 213
127 214
127 215
127 216
127 217
127 218
127 219
127 220
127 221
127 222
127 223
127 224
128 159
128 160
128 161
128 162
128 163
128 164
128 165
128 166
130 182
130 183
130 184
130 185
130 186
130 187
130 188
130 189
130 190
130 191
130 192
130 193
130 194
130 195
130 196
130 197
130 198
130 199
130 200
130 201
130 202
130 203
132 215
132 216
132 217
132 218
132 219
132 220
132 221
132 222
132 223
132 224
132 225
132 226
132 227
132 228
132 229
133 165
133 166
133 167
133 168
133 169
133 170
133 171
133 172
133 173
133 174
133 175
133 176
133 177
135 190
135 191
135 192
135 193
135 194
135 195
135 196
135 197
135 198
135 199
135 200
135 201
135 202
135 203
135 204
135 205
135 206
135 207
135 208
135 209
135 210
135 211
137 229
137 230
137 231
138 172
138 173
138 174
138 175
138 176
138 177
138 178
138 179
138 180
138 181
138 182
138 183
138 184
138 185
138 186
140 199
140 200
140 201
140 202
140 203
140 204
140 205
140 206
140 207
140 208
140 209
140 210
140 211
140 212
140 213
140 214
140 215
140 216
140 217
140 218
143 179
143 180
143 181
143 182
143 183
143 184
143 185
143 186
143 187
143 188
143 189
143 190
143 191
143 192
143 193
143 194
143 195
145 208
145 209
145 210
145 211
145 212
145 213
145 214
145 215
145 216
145 217
145 218
145 219
145 220
145 221
145 222
145 223
145 224
145 225
148 186
148 187
148 188
148 189
148 190
148 191
148 192
148 193
148 194
148 195
148 196
148 197
148 198
148 199
148 200
148 201
148 202
148 203
148 204
150 219
150 220
150 221
150 222
150 223
150 224
150 225
150 226
150 227
150 228
150 229
150 230
151 174
153 194
153 195
153 196
153 197
153 198
153 199
153 200
153 201
153 202
153 203
153 204
153 205
153 206
153 207
153 208
153 209
153 210
153 211
153 212
156 178
156 179
156 180
156 181
156 182
156 183
156 184
156 185
156 186
158 203
158 204
158 205
158 206
158 207
158 208
158 209
158 210
158 211
158 212
158 213
158 214
158 215
158 216
158 217
158 218
158 219
161 184
161 185
161 186
161 187
161 188
161 189
161 190
161 191
161 192
161 193
161 194
161 195
163 213
163 214
163 215
163 216
163 217
163 218
163 219
163 220
163 221
163 222
163 223
163 224
163 225
166 191
166 192
166 193
166 194
166 195
166 196
166 197
166 198
166 199
166 200
166 201
166 202
166 203
166 204
168 225
168 226
168 227
168 228
171 199
171 200
171 201
171 202
171 203
171 204
171 205
171 206
171 207
171 208
171 209
171 210
171 211
171 212
176 208
176 209
176 210
176 211
176 212
176 213
176 214
176 215
176 216
176 217
176 218
176 219
181 218
181 219
181 220
181 221
181 222
181 223
181 224
184 198
184 199
184 200
184 201
184 202
189 205
189 206
189 207
189 208
189 209
189 210
194 215
194 216
2423 226
2423 227
2423 228
2423 229
2423 230
2423 231
2423 232
2423 233
2428 234
2428 235
2428 236
2428 237
2428 238
2428 239
2428 240
2428 241
2428 242
2436 220
2436 221
2436 222
2436 223
2436 224
2436 225
2436 226
2436 227
2441 226
2441 227
2441 228
2441 229
2441 230
2441 231
2441 232
2441 233
2441 234
2441 235
2441 236
2441 237
2446 235
2446 236
2446 237
2446 238
2446 239
2446 240
2446 241
2446 242
2446 243
2446 244
2446 245
2449 216
2449 217
2449 218
2449 219
2454 219
2454 220
2454 221
2454 222
2454 223
2454 224
2454 225
2454 226
2454 227
2454 228
2454 229
2454 230
2454 231
2454 232
2459 227
2459 228
2459 229
2459 230
2459 231
2459 232
2459 233
2459 234
2459 235
2459 236
2459 237
2459 238
2459 239
2459 240
2459 241
2464 236
2464 237
2464 238
2464 239
2464 240
2464 241
2464 242
2464 243
2464 244
2464 245
2464 246
2464 247
2464 248
2467 214
2467 215
2467 216
2467 217
2467 218
2467 219
2467 220
2467 221
2467 222
2467 223
2467 224
2467 225
2472 220
2472 221
2472 222
2472 223
2472 224
2472 225
2472 226
2472 227
2472 228
2472 229
2472 230
2472 231
2472 232
2472 233
2472 234
2472 235
2477 228
2477 229
2477 230
2477 231
2477 232
2477 233
2477 234
2477 235
2477 236
2477 237
2477 238
2477 239
2477 240
2477 241
2477 242
2477 243
2477 244
2480 212
2480 213
2480 214
2480 215
2482 238
2482 239
2482 240
2482 241
2482 242
2482 243
2482 244
2482 245
2482 246
2482 247
2482 248
2482 249
2482 250
2482 251
2485 215
2485 216
2485 217
2485 218
2485 219
2485 220
2485 221
2485 222
2485 223
2485 224
2485 225
2485 226
2485 227
2485 228
2485 229
2490 221
2490 222
2490 223
2490 224
2490 225
2490 226
2490 227
2490 228
2490 229
2490 230
2490 231
2490 232
2490 233
2490 234
2490 235
2490 236
2490 237
2490 238
2490 239
2495 230
2495 231
2495 232
2495 233
2495 234
2495 235
2495 236
2495 237
2495 238
2495 239
2495 240
2495 241
2495 242
2495 243
2495 244
2495 245
2495 246
2495 247
2498 211
2498 212
2498 213
2498 214
2498 215
2498 216
2498 217
2498 218
2498 219
2498 220
2498 221
2500 240
2500 241
2500 242
2500 243
2500 244
2500 245
2500 246
2500 247
2500 248
2500 249
2500 250
2500 251
2500 252
2500 253
2503 215
2503 216
2503 217
2503 218
2503 219
2503 220
2503 221
2503 222
2503 223
2503 224
2503 225
2503 226
2503 227
2503 228
2503 229
2503 230
2503 231
2503 232
2508 223
2508 224
2508 225
2508 226
2508 227
2508 228
2508 229
2508 230
2508 231
2508 232
2508 233
2508 234
2508 235
2508 236
2508 237
2508 238
2508 239
2508 240
2508 241
2508 242
2513 232
2513 233
2513 234
2513 235
2513 236
2513 237
2513 238
2513 239
2513 240
2513 241
2513 242
2513 243
2513 244
2513 245
2513 246
2513 247
2513 248
2513 249
2516 211
2516 212
2516 213
2516 214
2516 215
2516 216
2516 217
2516 218
2516 219
2516 220
2516 221
2516 222
2516 223
2516 224
2516 225
2518 243
2518 244
2518 245
2518 246
2518 247
2518 248
2518 249
2518 250
2518 251
2518 252
2518 253
2518 254
2518 255
2521 217
2521 218
2521 219
2521 220
2521 221
2521 222
2521 223
2521 224
2521 225
2521 226
2521 227
2521 228
2521 229
2521 230
2521 231
2521 232
2521 233
2521 234
2521 235
2526 224
2526 225
2526 226
2526 227
2526 228
2526 229
2526 230
2526 231
2526 232
2526 233
2526 234
2526 235
2526 236
2526 237
2526 238
2526 239
2526 240
2526 241
2526 242
2526 243
2526 244
2529 208
2529 209
2529 210
2529 211
2529 212
2529 213
2529 214
2529 215
2529 216
2531 234
2531 235
2531 236
2531 237
2531 238
2531 239
2531 240
2531 241
2531 242
2531 243
2531 244
2531 245
2531 246
2531 247
2531 248
2531 249
2531 250
2531 251
2531 252
2534 211
2534 212
2534 213
2534 214
2534 215
2534 216
2534 217
2534 218
2534 219
2534 220
2534 221
2534 222
2534 223
2534 224
2534 225
2534 226
2534 227
2534 228
2536 246
2536 247
2536 248
2536 249
2536 250
2536 251
2536 252
2536 253
2536 254
2536 255
2536 256
2539 218
2539 219
2539 220
2539 221
2539 222
2539 223
2539 224
2539 225
2539 226
2539 227
2539 228
2539 229
2539 230
2539 231
2539 232
2539 233
2539 234
2539 235
2539 236
2539 237
2539 238
2544 226
2544 227
2544 228
2544 229
2544 230
2544 231
2544 232
2544 233
2544 234
2544 235
2544 236
2544 237
2544 238
2544 239
2544 240
2544 241
2544 242
2544 243
2544 244
2544 245
2544 246
2544 247
2547 208
2547 209
2547 210
2547 211
2547 212
2547 213
2547 214
2547 215
2547 216
2547 217
2547 218
2547 219
2547 220
2549 236
2549 237
2549 238
2549 239
2549 240
2549 241
2549 242
2549 243
2549 244
2549 245
2549 246
2549 247
2549 248
2549 249
2549 250
2549 251
2549 252
2549 253
2549 254
2552 212
2552 213
2552 214
2552 215
2552 216
2552 217
2552 218
2552 219
2552 220
2552 221
2552 222
2552 223
2552 224
2552 225
2552 226
2552 227
2552 228
2552 229
2552 230
2552 231
2554 250
2554 251
2554 252
2554 253
2554 254
2554 255
2554 256
2554 257
2557 219
2557 220
2557 221
2557 222
2557 223
2557 224
2557 225
2557 226
2557 227
2557 228
2557 229
2557 230
2557 231
2557 232
2557 233
2557 234
2557 235
2557 236
2557 237
2557 238
2557 239
2557 240
2557 241
2562 228
2562 229
2562 230
2562 231
2562 232
2562 233
2562 234
2562 235
2562 236
2562 237
2562 238
2562 239
2562 240
2562 241
2562 242
2562 243
2562 244
2562 245
2562 246
2562 247
2562 248
2562 249
2565 208
2565 209
2565 210
2565 211
2565 212
2565 213
2565 214
2565 215
2565 216
2565 217
2565 218
2565 219
2565 220
2565 221
2565 222
2565 223
2565 224
2567 239
2567 240
2567 241
2567 242
2567 243
2567 244
2567 245
2567 246
2567 247
2567 248
2567 249
2567 250
2567 251
2567 252
2567 253
2567 254
2567 255
2570 214
2570 215
2570 216
2570 217
2570 218
2570 219
2570 220
2570 221
2570 222
2570 223
2570 224
2570 225
2570 226
2570 227
2570 228
2570 229
2570 230
2570 231
2570 232
2570 233
2570 234
2575 221
2575 222
2575 223
2575 224
2575 225
2575 226
2575 227
2575 228
2575 229
2575 230
2575 231
2575 232
2575 233
2575 234
2575 235
2575 236
2575 237
2575 238
2575 239
2575 240
2575 241
2575 242
2575 243
2578 206
2578 207
2578 208
2578 209
2578 210
2578 211
2578 212
2578 213
2578 214
2580 230
2580 231
2580 232
2580 233
2580 234
2580 235
2580 236
2580 237
2580 238
2580 239
2580 240
2580 241
2580 242
2580 243
2580 244
2580 245
2580 246
2580 247
2580 248
2580 249
2580 250
2580 251
2583 209
2583 210
2583 211
2583 212
2583 213
2583 214
2583 215
2583 216
2583 217
2583 218
2583 219
2583 220
2583 221
2583 222
2583 223
2583 224
2583 225
2583 226
2583 227
2585 242
2585 243
2585 244
2585 245
2585 246
2585 247
2585 248
2585 249
2585 250
2585 251
2585 252
2585 253
2585 254
2585 255
2585 256
2588 215
2588 216
2588 217
2588 218
2588 219
2588 220
2588 221
2588 222
2588 223
2588 224
2588 225
2588 226
2588 227
2588 228
2588 229
2588 230
2588 231
2588 232
2588 233
2588 234
2588 235
2588 236
2588 237
2593 223
2593 224
2593 225
2593 226
2593 227
2593 228
2593 229
2593 230
2593 231
2593 232
2593 233
2593 234
2593 235
2593 236
2593 237
2593 238
2593 239
2593 240
2593 241
2593 242
2593 243
2593 244
2593 245
2596 205
2596 206
2596 207
2596 208
2596 209
2596 210
2596 211
2596 212
2596 213
2596 214
2596 215
2596 216
2596 217
2596 218
2598 233
2598 234
2598 235
2598 236
2598 237
2598 238
2598 239
2598 240
2598 241
2598 242
2598 243
2598 244
2598 245
2598 246
2598 247
2598 248
2598 249
2598 250
2598 251
2598 252
2601 210
2601 211
2601 212
2601 213
2601 214
2601 215
2601 216
2601 217
2601 218
2601 219
2601 220
2601 221
2601 222
2601 223
2601 224
2601 225
2601 226
2601 227
2601 228
2601 229
2601 230
2603 246
2603 247
2603 248
2603 249
2603 250
2603 251
2603 252
2603 253
2603 254
2603 255
2603 256
2606 216
2606 217
2606 218
2606 219
2606 220
2606 221
2606 222
2606 223
2606 224
2606 225
2606 226
2606 227
2606 228
2606 229
2606 230
2606 231
2606 232
2606 233
2606 234
2606 235
2606 236
2606 237
2606 238
2606 239
2611 225
2611 226
2611 227
2611 228
2611 229
2611 230
2611 231
2611 232
2611 233
2611 234
2611 235
2611 236
2611 237
2611 238
2611 239
2611 240
2611 241
2611 242
2611 243
2611 244
2611 245
2611 246
2611 247
2614 206
2614 207
2614 208
2614 209
2614 210
2614 211
2614 212
2614 213
2614 214
2614 215
2614 216
2614 217
2614 218
2614 219
2614 220
2614 221
2616 236
2616 237
2616 238
2616 239
2616 240
2616 241
2616 242
2616 243
2616 244
2616 245
2616 246
2616 247
2616 248
2616 249
2616 250
2616 251
2616 252
2616 253
2616 254
2619 211
2619 212
2619 213
2619 214
2619 215
2619 216
2619 217
2619 218
2619 219
2619 220
2619 221
2619 222
2619 223
2619 224
2619 225
2619 226
2619 227
2619 228
2619 229
2619 230
2619 231
2619 232
2621 252
2621 253
2621 254
2624 218
2624 219
2624 220
2624 221
2624 222
2624 223
2624 224
2624 225
2624 226
2624 227
2624 228
2624 229
2624 230
2624 231
2624 232
2624 233
2624 234
2624 235
2624 236
2624 237
2624 238
2624 239
2624 240
2624 241
2624 242
2627 204
2627 205
2627 206
2627 207
2627 208
2627 209
2627 210
2629 227
2629 228
2629 229
2629 230
2629 231
2629 232
2629 233
2629 234
2629 235
2629 236
2629 237
2629 238
2629 239
2629 240
2629 241
2629 242
2629 243
2629 244
2629 245
2629 246
2629 247
2629 248
2629 249
2632 206
2632 207
2632 208
2632 209
2632 210
2632 211
2632 212
2632 213
2632 214
2632 215
2632 216
2632 217
2632 218
2632 219
2632 220
2632 221
2632 222
2632 223
2632 224
2632 225
2634 239
2634 240
2634 241
2634 242
2634 243
2634 244
2634 245
2634 246
2634 247
2634 248
2634 249
2634 250
2634 251
2634 252
2634 253
2634 254
2634 255
2637 212
2637 213
2637 214
2637 215
2637 216
2637 217
2637 218
2637 219
2637 220
2637 221
2637 222
2637 223
2637 224
2637 225
2637 226
2637 227
2637 228
2637 229
2637 230
2637 231
2637 232
2637 233
2637 234
2637 235
2642 220
2642 221
2642 222
2642 223
2642 224
2642 225
2642 226
2642 227
2642 228
2642 229
2642 230
2642 231
2642 232
2642 233
2642 234
2642 235
2642 236
2642 237
2642 238
2642 239
2642 240
2642 241
2642 242
2642 243
2642 244
2645 203
2645 204
2645 205
2645 206
2645 207
2645 208
2645 209
2645 210
2645 211
2645 212
2645 213
2645 214
2645 215
2647 230
2647 231
2647 232
2647 233
2647 234
2647 235
2647 236
2647 237
2647 238
2647 239
2647 240
2647 241
2647 242
2647 243
2647 244
2647 245
2647 246
2647 247
2647 248
2647 249
2647 250
2647 251
2650 207
2650 208
2650 209
2650 210
2650 211
2650 212
2650 213
2650 214
2650 215
2650 216
2650 217
2650 218
2650 219
2650 220
2650 221
2650 222
2650 223
2650 224
2650 225
2650 226
2650 227
2652 242
2652 243
2652 244
2652 245
2652 246
2652 247
2652 248
2652 249
2652 250
2652 251
2652 252
2652 253
2652 254
2652 255
2655 213
2655 214
2655 215
2655 216
2655 217
2655 218
2655 219
2655 220
2655 221
2655 222
2655 223
2655 224
2655 225
2655 226
2655 227
2655 228
2655 229
2655 230
2655 231
2655 232
2655 233
2655 234
2655 235
2655 236
2655 237
2660 222
2660 223
2660 224
2660 225
2660 226
2660 227
2660 228
2660 229
2660 230
2660 231
2660 232
2660 233
2660 234
2660 235
2660 236
2660 237
2660 238
2660 239
2660 240
2660 241
2660 242
2660 243
2660 244
2660 245
2663 203
2663 204
2663 205
2663 206
2663 207
2663 208
2663 209
2663 210
2663 211
2663 212
2663 213
2663 214
2663 215
2663 216
2663 217
2663 218
2663 219
2665 232
2665 233
2665 234
2665 235
2665 236
2665 237
2665 238
2665 239
2665 240
2665 241
2665 242
2665 243
2665 244
2665 245
2665 246
2665 247
2665 248
2665 249
2665 250
2665 251
2665 252
2668 208
2668 209
2668 210
2668 211
2668 212
2668 213
2668 214
2668 215
2668 216
2668 217
2668 218
2668 219
2668 220
2668 221
2668 222
2668 223
2668 224
2668 225
2668 226
2668 227
2668 228
2668 229
2668 230
2670 248
2670 249
2670 250
2670 251
2670 252
2670 253
2673 215
2673 216
2673 217
2673 218
2673 219
2673 220
2673 221
2673 222
2673 223
2673 224
2673 225
2673 226
2673 227
2673 228
2673 229
2673 230
2673 231
2673 232
2673 233
2673 234
2673 235
2673 236
2673 237
2673 238
2673 239
2678 224
2678 225
2678 226
2678 227
2678 228
2678 229
2678 230
2678 231
2678 232
2678 233
2678 234
2678 235
2678 236
2678 237
2678 238
2678 239
2678 240
2678 241
2678 242
2678 243
2678 244
2678 245
2678 246
2678 247
2681 204
2681 205
2681 206
2681 207
2681 208
2681 209
2681 210
2681 211
2681 212
2681 213
2681 214
2681 215
2681 216
2681 217
2681 218
2681 219
2681 220
2681 221
2681 222
2683 236
2683 237
2683 238
2683 239
2683 240
2683 241
2683 242
2683 243
2683 244
2683 245
2683 246
2683 247
2683 248
2683 249
2683 250
2683 251
2683 252
2686 209
2686 210
2686 211
2686 212
2686 213
2686 214
2686 215
2686 216
2686 217
2686 218
2686 219
2686 220
2686 221
2686 222
2686 223
2686 224
2686 225
2686 226
2686 227
2686 228
2686 229
2686 230
2686 231
2686 232
2691 217
2691 218
2691 219
2691 220
2691 221
2691 222
2691 223
2691 224
2691 225
2691 226
2691 227
2691 228
2691 229
2691 230
2691 231
2691 232
2691 233
2691 234
2691 235
2691 236
2691 237
2691 238
2691 239
2691 240
2691 241
2694 202
2694 203
2694 204
2694 205
2694 206
2694 207
2694 208
2694 209
2694 210
2694 211
2696 227
2696 228
2696 229
2696 230
2696 231
2696 232
2696 233
2696 234
2696 235
2696 236
2696 237
2696 238
2696 239
2696 240
2696 241
2696 242
2696 243
2696 244
2696 245
2696 246
2696 247
2696 248
2699 205
2699 206
2699 207
2699 208
2699 209
2699 210
2699 211
2699 212
2699 213
2699 214
2699 215
2699 216
2699 217
2699 218
2699 219
2699 220
2699 221
2699 222
2699 223
2699 224
2701 239
2701 240
2701 241
2701 242
2701 243
2701 244
2701 245
2701 246
2701 247
2701 248
2701 249
2701 250
2701 251
2701 252
2704 211
2704 212
2704 213
2704 214
2704 215
2704 216
2704 217
2704 218
2704 219
2704 220
2704 221
2704 222
2704 223
2704 224
2704 225
2704 226
2704 227
2704 228
2704 229
2704 230
2704 231
2704 232
2704 233
2704 234
2709 219
2709 220
2709 221
2709 222
2709 223
2709 224
2709 225
2709 226
2709 227
2709 228
2709 229
2709 230
2709 231
2709 232
2709 233
2709 234
2709 235
2709 236
2709 237
2709 238
2709 239
2709 240
2709 241
2709 242
2709 243
2712 202
2712 203
2712 204
2712 205
2712 206
2712 207
2712 208
2712 209
2712 210
2712 211
2712 212
2712 213
2712 214
2712 215
2714 229
2714 230
2714 231
2714 232
2714 233
2714 234
2714 235
2714 236
2714 237
2714 238
2714 239
2714 240
2714 241
2714 242
2714 243
2714 244
2714 245
2714 246
2714 247
2714 248
2714 249
2717 206
2717 207
2717 208
2717 209
2717 210
2717 211
2717 212
2717 213
2717 214
2717 215
2717 216
2717 217
2717 218
2717 219
2717 220
2717 221
2717 222
2717 223
2717 224
2717 225
2717 226
2717 227
2719 245
2719 246
2719 247
2719 248
2719 249
2719 250
2719 251
2722 212
2722 213
2722 214
2722 215
2722 216
2722 217
2722 218
2722 219
2722 220
2722 221
2722 222
2722 223
2722 224
2722 225
2722 226
2722 227
2722 228
2722 229
2722 230
2722 231
2722 232
2722 233
2722 234
2722 235
2722 236
2727 221
2727 222
2727 223
2727 224
2727 225
2727 226
2727 227
2727 228
2727 229
2727 230
2727 231
2727 232
2727 233
2727 234
2727 235
2727 236
2727 237
2727 238
2727 239
2727 240
2727 241
2727 242
2727 243
2727 244
2730 202
2730 203
2730 204
2730 205
2730 206
2730 207
2730 208
2730 209
2730 210
2730 211
2730 212
2730 213
2730 214
2730 215
2730 216
2730 217
2730 218
2732 233
2732 234
2732 235
2732 236
2732 237
2732 238
2732 239
2732 240
2732 241
2732 242
2732 243
2732 244
2732 245
2732 246
2732 247
2732 248
2732 249
2732 250
2735 207
2735 208
2735 209
2735 210
2735 211
2735 212
2735 213
2735 214
2735 215
2735 216
2735 217
2735 218
2735 219
2735 220
2735 221
2735 222
2735 223
2735 224
2735 225
2735 226
2735 227
2735 228
2735 229
2740 214
2740 215
2740 216
2740 217
2740 218
2740 219
2740 220
2740 221
2740 222
2740 223
2740 224
2740 225
2740 226
2740 227
2740 228
2740 229
2740 230
2740 231
2740 232
2740 233
2740 234
2740 235
2740 236
2740 237
2740 238
2745 224
2745 225
2745 226
2745 227
2745 228
2745 229
2745 230
2745 231
2745 232
2745 233
2745 234
2745 235
2745 236
2745 237
2745 238
2745 239
2745 240
2745 241
2745 242
2745 243
2745 244
2745 245
2748 202
2748 203
2748 204
2748 205
2748 206
2748 207
2748 208
2748 209
2748 210
2748 211
2748 212
2748 213
2748 214
2748 215
2748 216
2748 217
2748 218
2748 219
2748 220
2748 221
2750 237
2750 238
2750 239
2750 240
2750 241
2750 242
2750 243
2750 244
2750 245
2750 246
2750 247
2750 248
2750 249
2753 208
2753 209
2753 210
2753 211
2753 212
2753 213
2753 214
2753 215
2753 216
2753 217
2753 218
2753 219
2753 220
2753 221
2753 222
2753 223
2753 224
2753 225
2753 226
2753 227
2753 228
2753 229
2753 230
2753 231
2758 216
2758 217
2758 218
2758 219
2758 220
2758 221
2758 222
2758 223
2758 224
2758 225
2758 226
2758 227
2758 228
2758 229
2758 230
2758 231
2758 232
2758 233
2758 234
2758 235
2758 236
2758 237
2758 238
2758 239
2758 240
2761 201
2761 202
2761 203
2761 204
2761 205
2761 206
2761 207
2761 208
2761 209
2761 210
2763 227
2763 228
2763 229
2763 230
2763 231
2763 232
2763 233
2763 234
2763 235
2763 236
2763 237
2763 238
2763 239
2763 240
2763 241
2763 242
2763 243
2763 244
2763 245
2763 246
2766 22
2766 23
2766 24
2766 25
2766 26
2766 27
2766 28
2766 29
2766 30
2766 203
2766 204
2766 205
2766 206
2766 207
2766 208
2766 209
2766 210
2766 211
2766 212
2766 213
2766 214
2766 215
2766 216
2766 217
2766 218
2766 219
2766 220
2766 221
2766 222
2766 223
2768 242
2768 243
2768 244
2768 245
2768 246
2768 247
2771 210
2771 211
2771 212
2771 213
2771 214
2771 215
2771 216
2771 217
2771 218
2771 219
2771 220
2771 221
2771 222
2771 223
2771 224
2771 225
2771 226
2771 227
2771 228
2771 229
2771 230
2771 231
2771 232
2771 233
2776 219
2776 220
2776 221
2776 222
2776 223
2776 224
2776 225
2776 226
2776 227
2776 228
2776 229
2776 230
2776 231
2776 232
2776 233
2776 234
2776 235
2776 236
2776 237
2776 238
2776 239
2776 240
2776 241
2779 15
2779 16
2779 17
2779 18
2779 19
2779 20
2779 21
2779 22
2779 23
2779 24
2779 25
2779 201
2779 202
2779 203
2779 204
2779 205
2779 206
2779 207
2779 208
2779 209
2779 210
2779 211
2779 212
2779 213
2779 214
2781 230
2781 231
2781 232
2781 233
2781 234
2781 235
2781 236
2781 237
2781 238
2781 239
2781 240
2781 241
2781 242
2781 243
2781 244
2781 245
2781 246
2784 21
2784 22
2784 23
2784 24
2784 25
2784 26
2784 27
2784 28
2784 29
2784 30
2784 31
2784 32
2784 33
2784 34
2784 35
2784 204
2784 205
2784 206
2784 207
2784 208
2784 209
2784 210
2784 211
2784 212
2784 213
2784 214
2784 215
2784 216
2784 217
2784 218
2784 219
2784 220
2784 221
2784 222
2784 223
2784 224
2784 225
2784 226
2789 33
2789 34
2789 35
2789 36
2789 37
2789 38
2789 212
2789 213
2789 214
2789 215
2789 216
2789 217
2789 218
2789 219
2789 220
2789 221
2789 222
2789 223
2789 224
2789 225
2789 226
2789 227
2789 228
2789 229
2789 230
2789 231
2789 232
2789 233
2789 234
2789 235
2792 12
2792 13
2792 14
2792 15
2792 16
2792 17
2792 18
2794 221
2794 222
2794 223
2794 224
2794 225
2794 226
2794 227
2794 228
2794 229
2794 230
2794 231
2794 232
2794 233
2794 234
2794 235
2794 236
2794 237
2794 238
2794 239
2794 240
2794 241
2794 242
2797 14
2797 15
2797 16
2797 17
2797 18
2797 19
2797 20
2797 21
2797 22
2797 23
2797 24
2797 25
2797 26
2797 27
2797 28
2797 29
2797 30
2797 31
2797 201
2797 202
2797 203
2797 204
2797 205
2797 206
2797 207
2797 208
2797 209
2797 210
2797 211
2797 212
2797 213
2797 214
2797 215
2797 216
2797 217
2799 234
2799 235
2799 236
2799 237
2799 238
2799 239
2799 240
2799 241
2799 242
2799 243
2799 244
2799 245
2802 22
2802 23
2802 24
2802 25
2802 26
2802 27
2802 28
2802 29
2802 30
2802 31
2802 32
2802 33
2802 34
2802 35
2802 36
2802 37
2802 38
2802 206
2802 207
2802 208
2802 209
2802 210
2802 211
2802 212
2802 213
2802 214
2802 215
2802 216
2802 217
2802 218
2802 219
2802 220
2802 221
2802 222
2802 223
2802 224
2802 225
2802 226
2802 227
2802 228
2807 34
2807 35
2807 36
2807 37
2807 38
2807 39
2807 40
2807 41
2807 214
2807 215
2807 216
2807 217
2807 218
2807 219
2807 220
2807 221
2807 222
2807 223
2807 224
2807 225
2807 226
2807 227
2807 228
2807 229
2807 230
2807 231
2807 232
2807 233
2807 234
2807 235
2807 236
2810 10
2810 11
2810 12
2810 13
2810 14
2810 15
2810 16
2810 17
2810 18
2810 19
2810 20
2810 21
2810 22
2810 23
2810 24
2810 25
2812 224
2812 225
2812 226
2812 227
2812 228
2812 229
2812 230
2812 231
2812 232
2812 233
2812 234
2812 235
2812 236
2812 237
2812 238
2812 239
2812 240
2812 241
2812 242
2815 15
2815 16
2815 17
2815 18
2815 19
2815 20
2815 21
2815 22
2815 23
2815 24
2815 25
2815 26
2815 27
2815 28
2815 29
2815 30
2815 31
2815 32
2815 33
2815 34
2815 35
2815 202
2815 203
2815 204
2815 205
2815 206
2815 207
2815 208
2815 209
2815 210
2815 211
2815 212
2815 213
2815 214
2815 215
2815 216
2815 217
2815 218
2815 219
2820 23
2820 24
2820 25
2820 26
2820 27
2820 28
2820 29
2820 30
2820 31
2820 32
2820 33
2820 34
2820 35
2820 36
2820 37
2820 38
2820 39
2820 40
2820 41
2820 208
2820 209
2820 210
2820 211
2820 212
2820 213
2820 214
2820 215
2820 216
2820 217
2820 218
2820 219
2820 220
2820 221
2820 222
2820 223
2820 224
2820 225
2820 226
2820 227
2820 228
2820 229
2823 7
2823 8
2823 9
2823 10
2823 11
2823 12
2823 13
2823 14
2823 15
2823 16
2825 38
2825 39
2825 40
2825 41
2825 42
2825 216
2825 217
2825 218
2825 219
2825 220
2825 221
2825 222
2825 223
2825 224
2825 225
2825 226
2825 227
2825 228
2825 229
2825 230
2825 231
2825 232
2825 233
2825 234
2825 235
2825 236
2825 237
2828 9
2828 10
2828 11
2828 12
2828 13
2828 14
2828 15
2828 16
2828 17
2828 18
2828 19
2828 20
2828 21
2828 22
2828 23
2828 24
2828 25
2828 26
2828 27
2828 28
2828 29
2828 201
2828 202
2828 203
2828 204
2828 205
2828 206
2828 207
2830 228
2830 229
2830 230
2830 231
2830 232
2830 233
2830 234
2830 235
2830 236
2830 237
2830 238
2830 239
2830 240
2830 241
2830 242
2833 16
2833 17
2833 18
2833 19
2833 20
2833 21
2833 22
2833 23
2833 24
2833 25
2833 26
2833 27
2833 28
2833 29
2833 30
2833 31
2833 32
2833 33
2833 34
2833 35
2833 36
2833 37
2833 38
2833 203
2833 204
2833 205
2833 206
2833 207
2833 208
2833 209
2833 210
2833 211
2833 212
2833 213
2833 214
2833 215
2833 216
2833 217
2833 218
2833 219
2833 220
2833 221
2838 25
2838 26
2838 27
2838 28
2838 29
2838 30
2838 31
2838 32
2838 33
2838 34
2838 35
2838 36
2838 37
2838 38
2838 39
2838 40
2838 41
2838 42
2838 43
2838 44
2838 210
2838 211
2838 212
2838 213
2838 214
2838 215
2838 216
2838 217
2838 218
2838 219
2838 220
2838 221
2838 222
2838 223
2838 224
2838 225
2838 226
2838 227
2838 228
2838 229
2838 230
2838 231
2841 6
2841 7
2841 8
2841 9
2841 10
2841 11
2841 12
2841 13
2841 14
2841 15
2841 16
2841 17
2841 18
2841 19
2841 20
2841 21
2841 22
2843 219
2843 220
2843 221
2843 222
2843 223
2843 224
2843 225
2843 226
2843 227
2843 228
2843 229
2843 230
2843 231
2843 232
2843 233
2843 234
2843 235
2843 236
2843 237
2843 238
2846 10
2846 11
2846 12
2846 13
2846 14
2846 15
2846 16
2846 17
2846 18
2846 19
2846 20
2846 21
2846 22
2846 23
2846 24
2846 25
2846 26
2846 27
2846 28
2846 29
2846 30
2846 31
2846 32
2846 33
2846 201
2846 202
2846 203
2846 204
2846 205
2846 206
2846 207
2846 208
2846 209
2846 210
2846 211
2848 234
2848 235
2848 236
2848 237
2848 238
2848 239
2848 240
2851 18
2851 19
2851 20
2851 21
2851 22
2851 23
2851 24
2851 25
2851 26
2851 27
2851 28
2851 29
2851 30
2851 31
2851 32
2851 33
2851 34
2851 35
2851 36
2851 37
2851 38
2851 39
2851 40
2851 41
2851 204
2851 205
2851 206
2851 207
2851 208
2851 209
2851 210
2851 211
2851 212
2851 213
2851 214
2851 215
2851 216
2851 217
2851 218
2851 219
2851 220
2851 221
2851 222
2851 223
2854 5
2854 6
2854 7
2854 8
2854 9
2854 10
2854 11
2854 12
2856 28
2856 29
2856 30
2856 31
2856 32
2856 33
2856 34
2856 35
2856 36
2856 37
2856 38
2856 39
2856 40
2856 41
2856 42
2856 43
2856 44
2856 45
2856 212
2856 213
2856 214
2856 215
2856 216
2856 217
2856 218
2856 219
2856 220
2856 221
2856 222
2856 223
2856 224
2856 225
2856 226
2856 227
2856 228
2856 229
2856 230
2856 231
2856 232
2859 5
2859 6
2859 7
2859 8
2859 9
2859 10
2859 11
2859 12
2859 13
2859 14
2859 15
2859 16
2859 17
2859 18
2859 19
2859 20
2859 21
2859 22
2859 23
2859 24
2859 25
2859 26
2859 27
2861 223
2861 224
2861 225
2861 226
2861 227
2861 228
2861 229
2861 230
2861 231
2861 232
2861 233
2861 234
2861 235
2861 236
2861 237
2861 238
2864 11
2864 12
2864 13
2864 14
2864 15
2864 16
2864 17
2864 18
2864 19
2864 20
2864 21
2864 22
2864 23
2864 24
2864 25
2864 26
2864 27
2864 28
2864 29
2864 30
2864 31
2864 32
2864 33
2864 34
2864 35
2864 36
2864 201
2864 202
2864 203
2864 204
2864 205
2864 206
2864 207
2864 208
2864 209
2864 210
2864 211
2864 212
2864 213
2864 214
2869 20
2869 21
2869 22
2869 23
2869 24
2869 25
2869 26
2869 27
2869 28
2869 29
2869 30
2869 31
2869 32
2869 33
2869 34
2869 35
2869 36
2869 37
2869 38
2869 39
2869 40
2869 41
2869 42
2869 43
2869 206
2869 207
2869 208
2869 209
2869 210
2869 211
2869 212
2869 213
2869 214
2869 215
2869 216
2869 217
2869 218
2869 219
2869 220
2869 221
2869 222
2869 223
2869 224
2869 225
2872 3
2872 4
2872 5
2872 6
2872 7
2872 8
2872 9
2872 10
2872 11
2872 12
2872 13
2872 14
2872 15
2872 16
2872 17
2872 18
2872 19
2874 31
2874 32
2874 33
2874 34
2874 35
2874 36
2874 37
2874 38
2874 39
2874 40
2874 41
2874 42
2874 43
2874 44
2874 45
2874 46
2874 47
2874 215
2874 216
2874 217
2874 218
2874 219
2874 220
2874 221
2874 222
2874 223
2874 224
2874 225
2874 226
2874 227
2874 228
2874 229
2874 230
2874 231
2874 232
2874 233
2877 6
2877 7
2877 8
2877 9
2877 10
2877 11
2877 12
2877 13
2877 14
2877 15
2877 16
2877 17
2877 18
2877 19
2877 20
2877 21
2877 22
2877 23
2877 24
2877 25
2877 26
2877 27
2877 28
2877 29
2877 30
2879 228
2879 229
2879 230
2879 231
2879 232
2879 233
2879 234
2879 235
2879 236
2882 13
2882 14
2882 15
2882 16
2882 17
2882 18
2882 19
2882 20
2882 21
2882 22
2882 23
2882 24
2882 25
2882 26
2882 27
2882 28
2882 29
2882 30
2882 31
2882 32
2882 33
2882 34
2882 35
2882 36
2882 37
2882 38
2882 39
2882 203
2882 204
2882 205
2882 206
2882 207
2882 208
2882 209
2882 210
2882 211
2882 212
2882 213
2882 214
2882 215
2882 216
2887 22
2887 23
2887 24
2887 25
2887 26
2887 27
2887 28
2887 29
2887 30
2887 31
2887 32
2887 33
2887 34
2887 35
2887 36
2887 37
2887 38
2887 39
2887 40
2887 41
2887 42
2887 43
2887 44
2887 45
2887 209
2887 210
2887 211
2887 212
2887 213
2887 214
2887 215
2887 216
2887 217
2887 218
2887 219
2887 220
2887 221
2887 222
2887 223
2887 224
2887 225
2887 226
2890 3
2890 4
2890 5
2890 6
2890 7
2890 8
2890 9
2890 10
2890 11
2890 12
2890 13
2890 14
2890 15
2890 16
2890 17
2890 18
2890 19
2890 20
2890 21
2890 22
2890 23
2892 35
2892 36
2892 37
2892 38
2892 39
2892 40
2892 41
2892 42
2892 43
2892 44
2892 45
2892 46
2892 47
2892 219
2892 220
2892 221
2892 222
2892 223
2892 224
2892 225
2892 226
2892 227
2892 228
2892 229
2892 230
2892 231
2892 232
2892 233
2895 7
2895 8
2895 9
2895 10
2895 11
2895 12
2895 13
2895 14
2895 15
2895 16
2895 17
2895 18
2895 19
2895 20
2895 21
2895 22
2895 23
2895 24
2895 25
2895 26
2895 27
2895 28
2895 29
2895 30
2895 31
2895 32
2895 33
2895 34
2900 15
2900 16
2900 17
2900 18
2900 19
2900 20
2900 21
2900 22
2900 23
2900 24
2900 25
2900 26
2900 27
2900 28
2900 29
2900 30
2900 31
2900 32
2900 33
2900 34
2900 35
2900 36
2900 37
2900 38
2900 39
2900 40
2900 41
2900 205
2900 206
2900 207
2900 208
2900 209
2900 210
2900 211
2900 212
2900 213
2900 214
2900 215
2900 216
2900 217
2903 1
2903 2
2903 3
2903 4
2903 5
2903 6
2903 7
2903 8
2903 9
2903 10
2903 11
2903 12
2903 13
2903 14
2905 25
2905 26
2905 27
2905 28
2905 29
2905 30
2905 31
2905 32
2905 33
2905 34
2905 35
2905 36
2905 37
2905 38
2905 39
2905 40
2905 41
2905 42
2905 43
2905 44
2905 45
2905 46
2905 47
2905 212
2905 213
2905 214
2905 215
2905 216
2905 217
2905 218
2905 219
2905 220
2905 221
2905 222
2905 223
2905 224
2905 225
2905 226
2908 3
2908 4
2908 5
2908 6
2908 7
2908 8
2908 9
2908 10
2908 11
2908 12
2908 13
2908 14
2908 15
2908 16
2908 17
2908 18
2908 19
2908 20
2908 21
2908 22
2908 23
2908 24
2908 25
2908 26
2908 27
2910 41
2910 42
2910 43
2910 44
2910 45
2910 225
2910 226
2910 227
2910 228
2910 229
2910 230
2913 9
2913 10
2913 11
2913 12
2913 13
2913 14
2913 15
2913 16
2913 17
2913 18
2913 19
2913 20
2913 21
2913 22
2913 23
2913 24
2913 25
2913 26
2913 27
2913 28
2913 29
2913 30
2913 31
2913 32
2913 33
2913 34
2913 35
2913 36
2918 18
2918 19
2918 20
2918 21
2918 22
2918 23
2918 24
2918 25
2918 26
2918 27
2918 28
2918 29
2918 30
2918 31
2918 32
2918 33
2918 34
2918 35
2918 36
2918 37
2918 38
2918 39
2918 40
2918 41
2918 42
2918 43
2918 207
2918 208
2918 209
2918 210
2918 211
2918 212
2918 213
2918 214
2918 215
2918 216
2918 217
2918 218
2921 1
2921 2
2921 3
2921 4
2921 5
2921 6
2921 7
2921 8
2921 9
2921 10
2921 11
2921 12
2921 13
2921 14
2921 15
2921 16
2921 17
2921 18
2921 19
2923 29
2923 30
2923 31
2923 32
2923 33
2923 34
2923 35
2923 36
2923 37
2923 38
2923 39
2923 40
2923 41
2923 42
2923 43
2923 44
2923 45
2923 46
2923 47
2923 217
2923 218
2923 219
2923 220
2923 221
2923 222
2923 223
2923 224
2923 225
2923 226
2926 5
2926 6
2926 7
2926 8
2926 9
2926 10
2926 11
2926 12
2926 13
2926 14
2926 15
2926 16
2926 17
2926 18
2926 19
2926 20
2926 21
2926 22
2926 23
2926 24
2926 25
2926 26
2926 27
2926 28
2926 29
2926 30
2931 11
2931 12
2931 13
2931 14
2931 15
2931 16
2931 17
2931 18
2931 19
2931 20
2931 21
2931 22
2931 23
2931 24
2931 25
2931 26
2931 27
2931 28
2931 29
2931 30
2931 31
2931 32
2931 33
2931 34
2931 35
2931 36
2931 37
2931 38
2931 39
2936 20
2936 21
2936 22
2936 23
2936 24
2936 25
2936 26
2936 27
2936 28
2936 29
2936 30
2936 31
2936 32
2936 33
2936 34
2936 35
2936 36
2936 37
2936 38
2936 39
2936 40
2936 41
2936 42
2936 43
2936 44
2936 45
2936 212
2936 213
2936 214
2936 215
2936 216
2936 217
2936 218
2939 1
2939 2
2939 3
2939 4
2939 5
2939 6
2939 7
2939 8
2939 9
2939 10
2939 11
2939 12
2939 13
2939 14
2939 15
2939 16
2939 17
2939 18
2939 19
2939 20
2939 21
2939 22
2939 23
2941 33
2941 34
2941 35
2941 36
2941 37
2941 38
2941 39
2941 40
2941 41
2941 42
2941 43
2941 44
2941 45
2941 46
2941 47
2941 48
2944 6
2944 7
2944 8
2944 9
2944 10
2944 11
2944 12
2944 13
2944 14
2944 15
2944 16
2944 17
2944 18
2944 19
2944 20
2944 21
2944 22
2944 23
2944 24
2944 25
2944 26
2944 27
2944 28
2944 29
2944 30
2944 31
2944 32
2944 33
2949 14
2949 15
2949 16
2949 17
2949 18
2949 19
2949 20
2949 21
2949 22
2949 23
2949 24
2949 25
2949 26
2949 27
2949 28
2949 29
2949 30
2949 31
2949 32
2949 33
2949 34
2949 35
2949 36
2949 37
2949 38
2949 39
2949 40
2949 41
2952 1
2952 2
2952 3
2952 4
2952 5
2952 6
2952 7
2952 8
2952 9
2952 10
2952 11
2952 12
2952 13
2954 24
2954 25
2954 26
2954 27
2954 28
2954 29
2954 30
2954 31
2954 32
2954 33
2954 34
2954 35
2954 36
2954 37
2954 38
2954 39
2954 40
2954 41
2954 42
2954 43
2954 44
2954 45
2954 46
2957 2
2957 3
2957 4
2957 5
2957 6
2957 7
2957 8
2957 9
2957 10
2957 11
2957 12
2957 13
2957 14
2957 15
2957 16
2957 17
2957 18
2957 19
2957 20
2957 21
2957 22
2957 23
2957 24
2957 25
2957 26
2959 39
2959 40
2959 41
2959 42
2959 43
2959 44
2959 45
2959 46
2962 8
2962 9
2962 10
2962 11
2962 12
2962 13
2962 14
2962 15
2962 16
2962 17
2962 18
2962 19
2962 20
2962 21
2962 22
2962 23
2962 24
2962 25
2962 26
2962 27
2962 28
2962 29
2962 30
2962 31
2962 32
2962 33
2962 34
2962 35
2967 17
2967 18
2967 19
2967 20
2967 21
2967 22
2967 23
2967 24
2967 25
2967 26
2967 27
2967 28
2967 29
2967 30
2967 31
2967 32
2967 33
2967 34
2967 35
2967 36
2967 37
2967 38
2967 39
2967 40
2967 41
2967 42
2970 0
2970 1
2970 2
2970 3
2970 4
2970 5
2970 6
2970 7
2970 8
2970 9
2970 10
2970 11
2970 12
2970 13
2970 14
2970 15
2970 16
2970 17
2972 28
2972 29
2972 30
2972 31
2972 32
2972 33
2972 34
2972 35
2972 36
2972 37
2972 38
2972 39
2972 40
2972 41
2972 42
2972 43
2972 44
2972 45
2972 46
2975 4
2975 5
2975 6
2975 7
2975 8
2975 9
2975 10
2975 11
2975 12
2975 13
2975 14
2975 15
2975 16
2975 17
2975 18
2975 19
2975 20
2975 21
2975 22
2975 23
2975 24
2975 25
2975 26
2975 27
2975 28
2975 29
2980 11
2980 12
2980 13
2980 14
2980 15
2980 16
2980 17
2980 18
2980 19
2980 20
2980 21
2980 22
2980 23
2980 24
2980 25
2980 26
2980 27
2980 28
2980 29
2980 30
2980 31
2980 32
2980 33
2980 34
2980 35
2980 36
2980 37
2985 20
2985 21
2985 22
2985 23
2985 24
2985 25
2985 26
2985 27
2985 28
2985 29
2985 30
2985 31
2985 32
2985 33
2985 34
2985 35
2985 36
2985 37
2985 38
2985 39
2985 40
2985 41
2985 42
2985 43
2988 1
2988 2
2988 3
2988 4
2988 5
2988 6
2988 7
2988 8
2988 9
2988 10
2988 11
2988 12
2988 13
2988 14
2988 15
2988 16
2988 17
2988 18
2988 19
2988 20
2988 21
2990 32
2990 33
2990 34
2990 35
2990 36
2990 37
2990 38
2990 39
2990 40
2990 41
2990 42
2990 43
2990 44
2990 45
2990 46
2993 6
2993 7
2993 8
2993 9
2993 10
2993 11
2993 12
2993 13
2993 14
2993 15
2993 16
2993 17
2993 18
2993 19
2993 20
2993 21
2993 22
2993 23
2993 24
2993 25
2993 26
2993 27
2993 28
2993 29
2993 30
2993 31
2998 14
2998 15
2998 16
2998 17
2998 18
2998 19
2998 20
2998 21
2998 22
2998 23
2998 24
2998 25
2998 26
2998 27
2998 28
2998 29
2998 30
2998 31
2998 32
2998 33
2998 34
2998 35
2998 36
2998 37
2998 38
2998 39
3001 2
3001 3
3001 4
3001 5
3001 6
3001 7
3001 8
3001 9
3003 24
3003 25
3003 26
3003 27
3003 28
3003 29
3003 30
3003 31
3003 32
3003 33
3003 34
3003 35
3003 36
3003 37
3003 38
3003 39
3003 40
3003 41
3003 42
3003 43
3003 44
3006 3
3006 4
3006 5
3006 6
3006 7
3006 8
3006 9
3006 10
3006 11
3006 12
3006 13
3006 14
3006 15
3006 16
3006 17
3006 18
3006 19
3006 20
3006 21
3006 22
3006 23
3006 24
3011 8
3011 9
3011 10
3011 11
3011 12
3011 13
3011 14
3011 15
3011 16
3011 17
3011 18
3011 19
3011 20
3011 21
3011 22
3011 23
3011 24
3011 25
3011 26
3011 27
3011 28
3011 29
3011 30
3011 31
3011 32
3011 33
3016 17
3016 18
3016 19
3016 20
3016 21
3016 22
3016 23
3016 24
3016 25
3016 26
3016 27
3016 28
3016 29
3016 30
3016 31
3016 32
3016 33
3016 34
3016 35
3016 36
3016 37
3016 38
3016 39
3016 40
3019 2
3019 3
3019 4
3019 5
3019 6
3019 7
3019 8
3019 9
3019 10
3019 11
3019 12
3019 13
3021 28
3021 29
3021 30
3021 31
3021 32
3021 33
3021 34
3021 35
3021 36
3021 37
3021 38
3021 39
3021 40
3021 41
3021 42
3021 43
3021 44
3024 5
3024 6
3024 7
3024 8
3024 9
3024 10
3024 11
3024 12
3024 13
3024 14
3024 15
3024 16
3024 17
3024 18
3024 19
3024 20
3024 21
3024 22
3024 23
3024 24
3024 25
3024 26
3029 11
3029 12
3029 13
3029 14
3029 15
3029 16
3029 17
3029 18
3029 19
3029 20
3029 21
3029 22
3029 23
3029 24
3029 25
3029 26
3029 27
3029 28
3029 29
3029 30
3029 31
3029 32
3029 33
3029 34
3029 35
3034 21
3034 22
3034 23
3034 24
3034 25
3034 26
3034 27
3034 28
3034 29
3034 30
3034 31
3034 32
3034 33
3034 34
3034 35
3034 36
3034 37
3034 38
3034 39
3034 40
3034 41
3037 3
3037 4
3037 5
3037 6
3037 7
3037 8
3037 9
3037 10
3037 11
3037 12
3037 13
3037 14
3037 15
3037 16
3037 17
3039 35
3039 36
3039 37
3039 38
3039 39
3039 40
3039 41
3042 7
3042 8
3042 9
3042 10
3042 11
3042 12
3042 13
3042 14
3042 15
3042 16
3042 17
3042 18
3042 19
3042 20
3042 21
3042 22
3042 23
3042 24
3042 25
3042 26
3042 27
3042 28
3047 15
3047 16
3047 17
3047 18
3047 19
3047 20
3047 21
3047 22
3047 23
3047 24
3047 25
3047 26
3047 27
3047 28
3047 29
3047 30
3047 31
3047 32
3047 33
3047 34
3047 35
3047 36
3052 25
3052 26
3052 27
3052 28
3052 29
3052 30
3052 31
3052 32
3052 33
3052 34
3052 35
3052 36
3052 37
3052 38
3052 39
3052 40
3055 5
3055 6
3055 7
3055 8
3055 9
3055 10
3055 11
3055 12
3055 13
3055 14
3055 15
3055 16
3055 17
3055 18
3055 19
3060 10
3060 11
3060 12
3060 13
3060 14
3060 15
3060 16
3060 17
3060 18
3060 19
3060 20
3060 21
3060 22
3060 23
3060 24
3060 25
3060 26
3060 27
3060 28
3060 29
3065 19
3065 20
3065 21
3065 22
3065 23
3065 24
3065 25
3065 26
3065 27
3065 28
3065 29
3065 30
3065 31
3065 32
3065 33
3065 34
3065 35
3065 36
3070 33
3070 34
3070 35
3070 36
3070 37
3073 8
3073 9
3073 10
3073 11
3073 12
3073 13
3073 14
3073 15
3073 16
3073 17
3073 18
3073 19
3073 20
3073 21
3078 14
3078 15
3078 16
3078 17
3078 18
3078 19
3078 20
3078 21
3078 22
3078 23
3078 24
3078 25
3078 26
3078 27
3078 28
3078 29
3078 30
3083 24
3083 25
3083 26
3083 27
3083 28
3083 29
3083 30
3083 31
3083 32
3083 33
3083 34
3083 35
3091 11
3091 12
3091 13
3091 14
3091 15
3091 16
3091 17
3091 18
3091 19
3091 20
3091 21
3091 22
3096 18
3096 19
3096 20
3096 21
3096 22
3096 23
3096 24
3096 25
3096 26
3096 27
3096 28
3096 29
3096 30
3109 17
3109 18
3109 19
3109 20
4137 169
4137 170
4137 171
4137 172
4137 173
4142 174
4142 175
4142 176
4142 177
4142 178
4142 179
4142 180
4142 181
4142 182
4142 183
4142 184
4142 185
4142 186
4142 187
4147 186
4147 187
4147 188
4147 189
4147 190
4147 191
4147 192
4147 193
4150 164
4150 165
4155 164
4155 165
4155 166
4155 167
4155 168
4155 169
4155 170
4155 171
4155 172
4155 173
4155 174
4155 175
4155 176
4155 177
4155 178
4155 179
4155 180
4155 181
4155 182
4155 183
4160 173
4160 174
4160 175
4160 176
4160 177
4160 178
4160 179
4160 180
4160 181
4160 182
4160 183
4160 184
4160 185
4160 186
4160 187
4160 188
4160 189
4160 190
4160 191
4160 192
4160 193
4165 185
4165 186
4165 187
4165 188
4165 189
4165 190
4165 191
4165 192
4165 193
4165 194
4165 195
4165 196
4165 197
4165 198
4165 199
4168 158
4168 159
4168 160
4168 161
4168 162
4168 163
4168 164
4168 165
4168 166
4168 167
4168 168
4168 169
4168 170
4168 171
4168 172
4168 173
4168 174
4168 175
4168 176
4173 164
4173 165
4173 166
4173 167
4173 168
4173 169
4173 170
4173 171
4173 172
4173 173
4173 174
4173 175
4173 176
4173 177
4173 178
4173 179
4173 180
4173 181
4173 182
4173 183
4173 184
4173 185
4173 186
4173 187
4173 188
4178 173
4178 174
4178 175
4178 176
4178 177
4178 178
4178 179
4178 180
4178 181
4178 182
4178 183
4178 184
4178 185
4178 186
4178 187
4178 188
4178 189
4178 190
4178 191
4178 192
4178 193
4178 194
4178 195
4178 196
4178 197
4181 152
4181 153
4181 154
4181 155
4181 156
4181 157
4181 158
4181 159
4181 160
4181 161
4181 162
4181 163
4181 164
4181 165
4181 166
4181 167
4181 168
4183 185
4183 186
4183 187
4183 188
4183 189
4183 190
4183 191
4183 192
4183 193
4183 194
4183 195
4183 196
4183 197
4183 198
4183 199
4183 200
4183 201
4183 202
4183 203
4186 157
4186 158
4186 159
4186 160
4186 161
4186 162
4186 163
4186 164
4186 165
4186 166
4186 167
4186 168
4186 169
4186 170
4186 171
4186 172
4186 173
4186 174
4186 175
4186 176
4186 177
4186 178
4186 179
4186 180
4186 181
4186 182
4191 165
4191 166
4191 167
4191 168
4191 169
4191 170
4191 171
4191 172
4191 173
4191 174
4191 175
4191 176
4191 177
4191 178
4191 179
4191 180
4191 181
4191 182
4191 183
4191 184
4191 185
4191 186
4191 187
4191 188
4191 189
4191 190
4191 191
4191 192
4191 193
4194 150
4194 151
4194 152
4194 153
4194 154
4194 155
4194 156
4194 157
4194 158
4196 175
4196 176
4196 177
4196 178
4196 179
4196 180
4196 181
4196 182
4196 183
4196 184
4196 185
4196 186
4196 187
4196 188
4196 189
4196 190
4196 191
4196 192
4196 193
4196 194
4196 195
4196 196
4196 197
4196 198
4196 199
4196 200
4196 201
4199 151
4199 152
4199 153
4199 154
4199 155
4199 156
4199 157
4199 158
4199 159
4199 160
4199 161
4199 162
4199 163
4199 164
4199 165
4199 166
4199 167
4199 168
4199 169
4199 170
4199 171
4199 172
4199 173
4199 174
4199 175
4201 187
4201 188
4201 189
4201 190
4201 191
4201 192
4201 193
4201 194
4201 195
4201 196
4201 197
4201 198
4201 199
4201 200
4201 201
4201 202
4201 203
4201 204
4201 205
4201 206
4204 157
4204 158
4204 159
4204 160
4204 161
4204 162
4204 163
4204 164
4204 165
4204 166
4204 167
4204 168
4204 169
4204 170
4204 171
4204 172
4204 173
4204 174
4204 175
4204 176
4204 177
4204 178
4204 179
4204 180
4204 181
4204 182
4204 183
4204 184
4204 185
4204 186
4204 187
4209 166
4209 167
4209 168
4209 169
4209 170
4209 171
4209 172
4209 173
4209 174
4209 175
4209 176
4209 177
4209 178
4209 179
4209 180
4209 181
4209 182
4209 183
4209 184
4209 185
4209 186
4209 187
4209 188
4209 189
4209 190
4209 191
4209 192
4209 193
4209 194
4209 195
4209 196
4209 197
4212 147
4212 148
4212 149
4212 150
4212 151
4212 152
4212 153
4212 154
4212 155
4212 156
4212 157
4212 158
4212 159
4212 160
4212 161
4212 162
4212 163
4212 164
4212 165
4212 166
4212 167
4214 176
4214 177
4214 178
4214 179
4214 180
4214 181
4214 182
4214 183
4214 184
4214 185
4214 186
4214 187
4214 188
4214 189
4214 190
4214 191
4214 192
4214 193
4214 194
4214 195
4214 196
4214 197
4214 198
4214 199
4214 200
4214 201
4214 202
4214 203
4214 204
4217 151
4217 152
4217 153
4217 154
4217 155
4217 156
4217 157
4217 158
4217 159
4217 160
4217 161
4217 162
4217 163
4217 164
4217 165
4217 166
4217 167
4217 168
4217 169
4217 170
4217 171
4217 172
4217 173
4217 174
4217 175
4217 176
4217 177
4217 178
4217 179
4217 180
4219 189
4219 190
4219 191
4219 192
4219 193
4219 194
4219 195
4219 196
4219 197
4219 198
4219 199
4219 200
4219 201
4219 202
4219 203
4219 204
4219 205
4219 206
4219 207
4219 208
4219 209
4222 159
4222 160
4222 161
4222 162
4222 163
4222 164
4222 165
4222 166
4222 167
4222 168
4222 169
4222 170
4222 171
4222 172
4222 173
4222 174
4222 175
4222 176
4222 177
4222 178
4222 179
4222 180
4222 181
4222 182
4222 183
4222 184
4222 185
4222 186
4222 187
4222 188
4222 189
4222 190
4222 191
4225 144
4225 145
4225 146
4225 147
4225 148
4225 149
4225 150
4225 151
4225 152
4225 153
4225 154
4225 155
4225 156
4225 157
4227 168
4227 169
4227 170
4227 171
4227 172
4227 173
4227 174
4227 175
4227 176
4227 177
4227 178
4227 179
4227 180
4227 181
4227 182
4227 183
4227 184
4227 185
4227 186
4227 187
4227 188
4227 189
4227 190
4227 191
4227 192
4227 193
4227 194
4227 195
4227 196
4227 197
4227 198
4227 199
4227 200
4230 146
4230 147
4230 148
4230 149
4230 150
4230 151
4230 152
4230 153
4230 154
4230 155
4230 156
4230 157
4230 158
4230 159
4230 160
4230 161
4230 162
4230 163
4230 164
4230 165
4230 166
4230 167
4230 168
4230 169
4230 170
4230 171
4230 172
4232 178
4232 179
4232 180
4232 181
4232 182
4232 183
4232 184
4232 185
4232 186
4232 187
4232 188
4232 189
4232 190
4232 191
4232 192
4232 193
4232 194
4232 195
4232 196
4232 197
4232 198
4232 199
4232 200
4232 201
4232 202
4232 203
4232 204
4232 205
4232 206
4232 207
4235 152
4235 153
4235 154
4235 155
4235 156
4235 157
4235 158
4235 159
4235 160
4235 161
4235 162
4235 163
4235 164
4235 165
4235 166
4235 167
4235 168
4235 169
4235 170
4235 171
4235 172
4235 173
4235 174
4235 175
4235 176
4235 177
4235 178
4235 179
4235 180
4235 181
4235 182
4235 183
4235 184
4237 191
4237 192
4237 193
4237 194
4237 195
4237 196
4237 197
4237 198
4237 199
4237 200
4237 201
4237 202
4237 203
4237 204
4237 205
4237 206
4237 207
4237 208
4237 209
4237 210
4237 211
4237 212
4240 160
4240 161
4240 162
4240 163
4240 164
4240 165
4240 166
4240 167
4240 168
4240 169
4240 170
4240 171
4240 172
4240 173
4240 174
4240 175
4240 176
4240 177
4240 178
4240 179
4240 180
4240 181
4240 182
4240 183
4240 184
4240 185
4240 186
4240 187
4240 188
4240 189
4240 190
4240 191
4240 192
4240 193
4240 194
4243 142
4243 143
4243 144
4243 145
4243 146
4243 147
4243 148
4243 149
4243 150
4243 151
4243 152
4243 153
4243 154
4243 155
4243 156
4243 157
4243 158
4243 159
4243 160
4243 161
4243 162
4243 163
4243 164
4245 170
4245 171
4245 172
4245 173
4245 174
4245 175
4245 176
4245 177
4245 178
4245 179
4245 180
4245 181
4245 182
4245 183
4245 184
4245 185
4245 186
4245 187
4245 188
4245 189
4245 190
4245 191
4245 192
4245 193
4245 194
4245 195
4245 196
4245 197
4245 198
4245 199
4245 200
4245 201
4245 202
4245 203
4248 147
4248 148
4248 149
4248 150
4248 151
4248 152
4248 153
4248 154
4248 155
4248 156
4248 157
4248 158
4248 159
4248 160
4248 161
4248 162
4248 163
4248 164
4248 165
4248 166
4248 167
4248 168
4248 169
4248 170
4248 171
4248 172
4248 173
4248 174
4248 175
4248 176
4248 177
4250 181
4250 182
4250 183
4250 184
4250 185
4250 186
4250 187
4250 188
4250 189
4250 190
4250 191
4250 192
4250 193
4250 194
4250 195
4250 196
4250 197
4250 198
4250 199
4250 200
4250 201
4250 202
4250 203
4250 204
4250 205
4250 206
4250 207
4250 208
4250 209
4250 210
4253 154
4253 155
4253 156
4253 157
4253 158
4253 159
4253 160
4253 161
4253 162
4253 163
4253 164
4253 165
4253 166
4253 167
4253 168
4253 169
4253 170
4253 171
4253 172
4253 173
4253 174
4253 175
4253 176
4253 177
4253 178
4253 179
4253 180
4253 181
4253 182
4253 183
4253 184
4253 185
4253 186
4253 187
4253 188
4255 193
4255 194
4255 195
4255 196
4255 197
4255 198
4255 199
4255 200
4255 201
4255 202
4255 203
4255 204
4255 205
4255 206
4255 207
4255 208
4255 209
4255 210
4255 211
4255 212
4255 213
4255 214
4256 139
4256 140
4256 141
4256 142
4256 143
4256 144
4256 145
4256 146
4256 147
4256 148
4256 149
4256 150
4256 151
4256 152
4256 153
4256 154
4258 162
4258 163
4258 164
4258 165
4258 166
4258 167
4258 168
4258 169
4258 170
4258 171
4258 172
4258 173
4258 174
4258 175
4258 176
4258 177
4258 178
4258 179
4258 180
4258 181
4258 182
4258 183
4258 184
4258 185
4258 186
4258 187
4258 188
4258 189
4258 190
4258 191
4258 192
4258 193
4258 194
4258 195
4258 196
4258 197
4261 142
4261 143
4261 144
4261 145
4261 146
4261 147
4261 148
4261 149
4261 150
4261 151
4261 152
4261 153
4261 154
4261 155
4261 156
4261 157
4261 158
4261 159
4261 160
4261 161
4261 162
4261 163
4261 164
4261 165
4261 166
4261 167
4261 168
4261 169
4263 172
4263 173
4263 174
4263 175
4263 176
4263 177
4263 178
4263 179
4263 180
4263 181
4263 182
4263 183
4263 184
4263 185
4263 186
4263 187
4263 188
4263 189
4263 190
4263 191
4263 192
4263 193
4263 194
4263 195
4263 196
4263 197
4263 198
4263 199
4263 200
4263 201
4263 202
4263 203
4263 204
4263 205
4263 206
4266 148
4266 149
4266 150
4266 151
4266 152
4266 153
4266 154
4266 155
4266 156
4266 157
4266 158
4266 159
4266 160
4266 161
4266 162
4266 163
4266 164
4266 165
4266 166
4266 167
4266 168
4266 169
4266 170
4266 171
4266 172
4266 173
4266 174
4266 175
4266 176
4266 177
4266 178
4266 179
4266 180
4266 181
4268 183
4268 184
4268 185
4268 186
4268 187
4268 188
4268 189
4268 190
4268 191
4268 192
4268 193
4268 194
4268 195
4268 196
4268 197
4268 198
4268 199
4268 200
4268 201
4268 202
4268 203
4268 204
4268 205
4268 206
4268 207
4268 208
4268 209
4268 210
4268 211
4268 212
4271 156
4271 157
4271 158
4271 159
4271 160
4271 161
4271 162
4271 163
4271 164
4271 165
4271 166
4271 167
4271 168
4271 169
4271 170
4271 171
4271 172
4271 173
4271 174
4271 175
4271 176
4271 177
4271 178
4271 179
4271 180
4271 181
4271 182
4271 183
4271 184
4271 185
4271 186
4271 187
4271 188
4271 189
4271 190
4271 191
4273 196
4273 197
4273 198
4273 199
4273 200
4273 201
4273 202
4273 203
4273 204
4273 205
4273 206
4273 207
4273 208
4273 209
4273 210
4273 211
4273 212
4273 213
4273 214
4273 215
4273 216
4274 139
4274 140
4274 141
4274 142
4274 143
4274 144
4274 145
4274 146
4274 147
4274 148
4274 149
4274 150
4274 151
4274 152
4274 153
4274 154
4274 155
4274 156
4274 157
4274 158
4274 159
4274 160
4276 165
4276 166
4276 167
4276 168
4276 169
4276 170
4276 171
4276 172
4276 173
4276 174
4276 175
4276 176
4276 177
4276 178
4276 179
4276 180
4276 181
4276 182
4276 183
4276 184
4276 185
4276 186
4276 187
4276 188
4276 189
4276 190
4276 191
4276 192
4276 193
4276 194
4276 195
4276 196
4276 197
4276 198
4276 199
4276 200
4279 144
4279 145
4279 146
4279 147
4279 148
4279 149
4279 150
4279 151
4279 152
4279 153
4279 154
4279 155
4279 156
4279 157
4279 158
4279 159
4279 160
4279 161
4279 162
4279 163
4279 164
4279 165
4279 166
4279 167
4279 168
4279 169
4279 170
4279 171
4279 172
4279 173
4281 175
4281 176
4281 177
4281 178
4281 179
4281 180
4281 181
4281 182
4281 183
4281 184
4281 185
4281 186
4281 187
4281 188
4281 189
4281 190
4281 191
4281 192
4281 193
4281 194
4281 195
4281 196
4281 197
4281 198
4281 199
4281 200
4281 201
4281 202
4281 203
4281 204
4281 205
4281 206
4281 207
4281 208
4284 150
4284 151
4284 152
4284 153
4284 154
4284 155
4284 156
4284 157
4284 158
4284 159
4284 160
4284 161
4284 162
4284 163
4284 164
4284 165
4284 166
4284 167
4284 168
4284 169
4284 170
4284 171
4284 172
4284 173
4284 174
4284 175
4284 176
4284 177
4284 178
4284 179
4284 180
4284 181
4284 182
4284 183
4284 184
4286 186
4286 187
4286 188
4286 189
4286 190
4286 191
4286 192
4286 193
4286 194
4286 195
4286 196
4286 197
4286 198
4286 199
4286 200
4286 201
4286 202
4286 203
4286 204
4286 205
4286 206
4286 207
4286 208
4286 209
4286 210
4286 211
4286 212
4286 213
4286 214
4287 136
4287 137
4287 138
4287 139
4287 140
4287 141
4287 142
4287 143
4287 144
4287 145
4287 146
4287 147
4287 148
4287 149
4287 150
4287 151
4289 158
4289 159
4289 160
4289 161
4289 162
4289 163
4289 164
4289 165
4289 166
4289 167
4289 168
4289 169
4289 170
4289 171
4289 172
4289 173
4289 174
4289 175
4289 176
4289 177
4289 178
4289 179
4289 180
4289 181
4289 182
4289 183
4289 184
4289 185
4289 186
4289 187
4289 188
4289 189
4289 190
4289 191
4289 192
4289 193
4289 194
4291 198
4291 199
4291 200
4291 201
4291 202
4291 203
4291 204
4291 205
4291 206
4291 207
4291 208
4291 209
4291 210
4291 211
4291 212
4291 213
4291 214
4291 215
4291 216
4291 217
4291 218
4292 139
4292 140
4292 141
4292 142
4292 143
4292 144
4292 145
4292 146
4292 147
4292 148
4292 149
4292 150
4292 151
4292 152
4292 153
4292 154
4292 155
4292 156
4292 157
4292 158
4292 159
4292 160
4292 161
4292 162
4292 163
4292 164
4292 165
4294 167
4294 168
4294 169
4294 170
4294 171
4294 172
4294 173
4294 174
4294 175
4294 176
4294 177
4294 178
4294 179
4294 180
4294 181
4294 182
4294 183
4294 184
4294 185
4294 186
4294 187
4294 188
4294 189
4294 190
4294 191
4294 192
4294 193
4294 194
4294 195
4294 196
4294 197
4294 198
4294 199
4294 200
4294 201
4294 202
4294 203
4297 145
4297 146
4297 147
4297 148
4297 149
4297 150
4297 151
4297 152
4297 153
4297 154
4297 155
4297 156
4297 157
4297 158
4297 159
4297 160
4297 161
4297 162
4297 163
4297 164
4297 165
4297 166
4297 167
4297 168
4297 169
4297 170
4297 171
4297 172
4297 173
4297 174
4297 175
4297 176
4297 177
4299 177
4299 178
4299 179
4299 180
4299 181
4299 182
4299 183
4299 184
4299 185
4299 186
4299 187
4299 188
4299 189
4299 190
4299 191
4299 192
4299 193
4299 194
4299 195
4299 196
4299 197
4299 198
4299 199
4299 200
4299 201
4299 202
4299 203
4299 204
4299 205
4299 206
4299 207
4299 208
4299 209
4299 210
4302 152
4302 153
4302 154
4302 155
4302 156
4302 157
4302 158
4302 159
4302 160
4302 161
4302 162
4302 163
4302 164
4302 165
4302 166
4302 167
4302 168
4302 169
4302 170
4302 171
4302 172
4302 173
4302 174
4302 175
4302 176
4302 177
4302 178
4302 179
4302 180
4302 181
4302 182
4302 183
4302 184
4302 185
4302 186
4302 187
4302 188
4304 188
4304 189
4304 190
4304 191
4304 192
4304 193
4304 194
4304 195
4304 196
4304 197
4304 198
4304 199
4304 200
4304 201
4304 202
4304 203
4304 204
4304 205
4304 206
4304 207
4304 208
4304 209
4304 210
4304 211
4304 212
4304 213
4304 214
4304 215
4304 216
4305 136
4305 137
4305 138
4305 139
4305 140
4305 141
4305 142
4305 143
4305 144
4305 145
4305 146
4305 147
4305 148
4305 149
4305 150
4305 151
4305 152
4305 153
4305 154
4305 155
4305 156
4307 161
4307 162
4307 163
4307 164
4307 165
4307 166
4307 167
4307 168
4307 169
4307 170
4307 171
4307 172
4307 173
4307 174
4307 175
4307 176
4307 177
4307 178
4307 179
4307 180
4307 181
4307 182
4307 183
4307 184
4307 185
4307 186
4307 187
4307 188
4307 189
4307 190
4307 191
4307 192
4307 193
4307 194
4307 195
4307 196
4307 197
4309 201
4309 202
4309 203
4309 204
4309 205
4309 206
4309 207
4309 208
4309 209
4309 210
4309 211
4309 212
4309 213
4309 214
4309 215
4309 216
4309 217
4309 218
4309 219
4309 220
4310 141
4310 142
4310 143
4310 144
4310 145
4310 146
4310 147
4310 148
4310 149
4310 150
4310 151
4310 152
4310 153
4310 154
4310 155
4310 156
4310 157
4310 158
4310 159
4310 160
4310 161
4310 162
4310 163
4310 164
4310 165
4310 166
4310 167
4310 168
4310 169
4312 170
4312 171
4312 172
4312 173
4312 174
4312 175
4312 176
4312 177
4312 178
4312 179
4312 180
4312 181
4312 182
4312 183
4312 184
4312 185
4312 186
4312 187
4312 188
4312 189
4312 190
4312 191
4312 192
4312 193
4312 194
4312 195
4312 196
4312 197
4312 198
4312 199
4312 200
4312 201
4312 202
4312 203
4312 204
4312 205
4315 147
4315 148
4315 149
4315 150
4315 151
4315 152
4315 153
4315 154
4315 155
4315 156
4315 157
4315 158
4315 159
4315 160
4315 161
4315 162
4315 163
4315 164
4315 165
4315 166
4315 167
4315 168
4315 169
4315 170
4315 171
4315 172
4315 173
4315 174
4315 175
4315 176
4315 177
4315 178
4315 179
4315 180
4317 180
4317 181
4317 182
4317 183
4317 184
4317 185
4317 186
4317 187
4317 188
4317 189
4317 190
4317 191
4317 192
4317 193
4317 194
4317 195
4317 196
4317 197
4317 198
4317 199
4317 200
4317 201
4317 202
4317 203
4317 204
4317 205
4317 206
4317 207
4317 208
4317 209
4317 210
4317 211
4317 212
4317 213
4318 134
4318 135
4318 136
4318 137
4318 138
4318 139
4318 140
4318 141
4318 142
4318 143
4318 144
4318 145
4318 146
4318 147
4320 155
4320 156
4320 157
4320 158
4320 159
4320 160
4320 161
4320 162
4320 163
4320 164
4320 165
4320 166
4320 167
4320 168
4320 169
4320 170
4320 171
4320 172
4320 173
4320 174
4320 175
4320 176
4320 177
4320 178
4320 179
4320 180
4320 181
4320 182
4320 183
4320 184
4320 185
4320 186
4320 187
4320 188
4320 189
4320 190
4320 191
4322 191
4322 192
4322 193
4322 194
4322 195
4322 196
4322 197
4322 198
4322 199
4322 200
4322 201
4322 202
4322 203
4322 204
4322 205
4322 206
4322 207
4322 208
4322 209
4322 210
4322 211
4322 212
4322 213
4322 214
4322 215
4322 216
4322 217
4322 218
4323 137
4323 138
4323 139
4323 140
4323 141
4323 142
4323 143
4323 144
4323 145
4323 146
4323 147
4323 148
4323 149
4323 150
4323 151
4323 152
4323 153
4323 154
4323 155
4323 156
4323 157
4323 158
4323 159
4323 160
4323 161
4325 163
4325 164
4325 165
4325 166
4325 167
4325 168
4325 169
4325 170
4325 171
4325 172
4325 173
4325 174
4325 175
4325 176
4325 177
4325 178
4325 179
4325 180
4325 181
4325 182
4325 183
4325 184
4325 185
4325 186
4325 187
4325 188
4325 189
4325 190
4325 191
4325 192
4325 193
4325 194
4325 195
4325 196
4325 197
4325 198
4325 199
4325 200
4327 204
4327 205
4327 206
4327 207
4327 208
4327 209
4327 210
4327 211
4327 212
4327 213
4327 214
4327 215
4327 216
4327 217
4327 218
4327 219
4327 220
4327 221
4327 222
4328 143
4328 144
4328 145
4328 146
4328 147
4328 148
4328 149
4328 150
4328 151
4328 152
4328 153
4328 154
4328 155
4328 156
4328 157
4328 158
4328 159
4328 160
4328 161
4328 162
4328 163
4328 164
4328 165
4328 166
4328 167
4328 168
4328 169
4328 170
4328 171
4328 172
4328 173
4330 173
4330 174
4330 175
4330 176
4330 177
4330 178
4330 179
4330 180
4330 181
4330 182
4330 183
4330 184
4330 185
4330 186
4330 187
4330 188
4330 189
4330 190
4330 191
4330 192
4330 193
4330 194
4330 195
4330 196
4330 197
4330 198
4330 199
4330 200
4330 201
4330 202
4330 203
4330 204
4330 205
4330 206
4330 207
4330 208
4333 149
4333 150
4333 151
4333 152
4333 153
4333 154
4333 155
4333 156
4333 157
4333 158
4333 159
4333 160
4333 161
4333 162
4333 163
4333 164
4333 165
4333 166
4333 167
4333 168
4333 169
4333 170
4333 171
4333 172
4333 173
4333 174
4333 175
4333 176
4333 177
4333 178
4333 179
4333 180
4333 181
4333 182
4333 183
4335 183
4335 184
4335 185
4335 186
4335 187
4335 188
4335 189
4335 190
4335 191
4335 192
4335 193
4335 194
4335 195
4335 196
4335 197
4335 198
4335 199
4335 200
4335 201
4335 202
4335 203
4335 204
4335 205
4335 206
4335 207
4335 208
4335 209
4335 210
4335 211
4335 212
4335 213
4335 214
4335 215
4336 134
4336 135
4336 136
4336 137
4336 138
4336 139
4336 140
4336 141
4336 142
4336 143
4336 144
4336 145
4336 146
4336 147
4336 148
4336 149
4336 150
4336 151
4336 152
4338 157
4338 158
4338 159
4338 160
4338 161
4338 162
4338 163
4338 164
4338 165
4338 166
4338 167
4338 168
4338 169
4338 170
4338 171
4338 172
4338 173
4338 174
4338 175
4338 176
4338 177
4338 178
4338 179
4338 180
4338 181
4338 182
4338 183
4338 184
4338 185
4338 186
4338 187
4338 188
4338 189
4338 190
4338 191
4338 192
4338 193
4340 194
4340 195
4340 196
4340 197
4340 198
4340 199
4340 200
4340 201
4340 202
4340 203
4340 204
4340 205
4340 206
4340 207
4340 208
4340 209
4340 210
4340 211
4340 212
4340 213
4340 214
4340 215
4340 216
4340 217
4340 218
4340 219
4340 220
4341 139
4341 140
4341 141
4341 142
4341 143
4341 144
4341 145
4341 146
4341 147
4341 148
4341 149
4341 150
4341 151
4341 152
4341 153
4341 154
4341 155
4341 156
4341 157
4341 158
4341 159
4341 160
4341 161
4341 162
4341 163
4341 164
4341 165
4343 166
4343 167
4343 168
4343 169
4343 170
4343 171
4343 172
4343 173
4343 174
4343 175
4343 176
4343 177
4343 178
4343 179
4343 180
4343 181
4343 182
4343 183
4343 184
4343 185
4343 186
4343 187
4343 188
4343 189
4343 190
4343 191
4343 192
4343 193
4343 194
4343 195
4343 196
4343 197
4343 198
4343 199
4343 200
4343 201
4343 202
4345 207
4345 208
4345 209
4345 210
4345 211
4345 212
4345 213
4345 214
4345 215
4345 216
4345 217
4345 218
4345 219
4345 220
4345 221
4345 222
4345 223
4345 224
4346 145
4346 146
4346 147
4346 148
4346 149
4346 150
4346 151
4346 152
4346 153
4346 154
4346 155
4346 156
4346 157
4346 158
4346 159
4346 160
4346 161
4346 162
4346 163
4346 164
4346 165
4346 166
4346 167
4346 168
4346 169
4346 170
4346 171
4346 172
4346 173
4346 174
4346 175
4346 176
4348 175
4348 176
4348 177
4348 178
4348 179
4348 180
4348 181
4348 182
4348 183
4348 184
4348 185
4348 186
4348 187
4348 188
4348 189
4348 190
4348 191
4348 192
4348 193
4348 194
4348 195
4348 196
4348 197
4348 198
4348 199
4348 200
4348 201
4348 202
4348 203
4348 204
4348 205
4348 206
4348 207
4348 208
4348 209
4348 210
4349 133
4349 134
4349 135
4349 136
4349 137
4349 138
4349 139
4349 140
4349 141
4349 142
4351 152
4351 153
4351 154
4351 155
4351 156
4351 157
4351 158
4351 159
4351 160
4351 161
4351 162
4351 163
4351 164
4351 165
4351 166
4351 167
4351 168
4351 169
4351 170
4351 171
4351 172
4351 173
4351 174
4351 175
4351 176
4351 177
4351 178
4351 179
4351 180
4351 181
4351 182
4351 183
4351 184
4351 185
4351 186
4353 186
4353 187
4353 188
4353 189
4353 190
4353 191
4353 192
4353 193
4353 194
4353 195
4353 196
4353 197
4353 198
4353 199
4353 200
4353 201
4353 202
4353 203
4353 204
4353 205
4353 206
4353 207
4353 208
4353 209
4353 210
4353 211
4353 212
4353 213
4353 214
4353 215
4353 216
4353 217
4354 135
4354 136
4354 137
4354 138
4354 139
4354 140
4354 141
4354 142
4354 143
4354 144
4354 145
4354 146
4354 147
4354 148
4354 149
4354 150
4354 151
4354 152
4354 153
4354 154
4354 155
4354 156
4354 157
4356 160
4356 161
4356 162
4356 163
4356 164
4356 165
4356 166
4356 167
4356 168
4356 169
4356 170
4356 171
4356 172
4356 173
4356 174
4356 175
4356 176
4356 177
4356 178
4356 179
4356 180
4356 181
4356 182
4356 183
4356 184
4356 185
4356 186
4356 187
4356 188
4356 189
4356 190
4356 191
4356 192
4356 193
4356 194
4356 195
4356 196
4358 197
4358 198
4358 199
4358 200
4358 201
4358 202
4358 203
4358 204
4358 205
4358 206
4358 207
4358 208
4358 209
4358 210
4358 211
4358 212
4358 213
4358 214
4358 215
4358 216
4358 217
4358 218
4358 219
4358 220
4358 221
4358 222
4359 141
4359 142
4359 143
4359 144
4359 145
4359 146
4359 147
4359 148
4359 149
4359 150
4359 151
4359 152
4359 153
4359 154
4359 155
4359 156
4359 157
4359 158
4359 159
4359 160
4359 161
4359 162
4359 163
4359 164
4359 165
4359 166
4359 167
4359 168
4361 169
4361 170
4361 171
4361 172
4361 173
4361 174
4361 175
4361 176
4361 177
4361 178
4361 179
4361 180
4361 181
4361 182
4361 183
4361 184
4361 185
4361 186
4361 187
4361 188
4361 189
4361 190
4361 191
4361 192
4361 193
4361 194
4361 195
4361 196
4361 197
4361 198
4361 199
4361 200
4361 201
4361 202
4361 203
4361 204
4363 210
4363 211
4363 212
4363 213
4363 214
4363 215
4363 216
4363 217
4363 218
4363 219
4363 220
4363 221
4363 222
4363 223
4363 224
4363 225
4364 147
4364 148
4364 149
4364 150
4364 151
4364 152
4364 153
4364 154
4364 155
4364 156
4364 157
4364 158
4364 159
4364 160
4364 161
4364 162
4364 163
4364 164
4364 165
4364 166
4364 167
4364 168
4364 169
4364 170
4364 171
4364 172
4364 173
4364 174
4364 175
4364 176
4364 177
4364 178
4364 179
4366 178
4366 179
4366 180
4366 181
4366 182
4366 183
4366 184
4366 185
4366 186
4366 187
4366 188
4366 189
4366 190
4366 191
4366 192
4366 193
4366 194
4366 195
4366 196
4366 197
4366 198
4366 199
4366 200
4366 201
4366 202
4366 203
4366 204
4366 205
4366 206
4366 207
4366 208
4366 209
4366 210
4366 211
4366 212
4367 133
4367 134
4367 135
4367 136
4367 137
4367 138
4367 139
4367 140
4367 141
4367 142
4367 143
4367 144
4367 145
4367 146
4367 147
4367 148
4369 155
4369 156
4369 157
4369 158
4369 159
4369 160
4369 161
4369 162
4369 163
4369 164
4369 165
4369 166
4369 167
4369 168
4369 169
4369 170
4369 171
4369 172
4369 173
4369 174
4369 175
4369 176
4369 177
4369 178
4369 179
4369 180
4369 181
4369 182
4369 183
4369 184
4369 185
4369 186
4369 187
4369 188
4369 189
4371 189
4371 190
4371 191
4371 192
4371 193
4371 194
4371 195
4371 196
4371 197
4371 198
4371 199
4371 200
4371 201
4371 202
4371 203
4371 204
4371 205
4371 206
4371 207
4371 208
4371 209
4371 210
4371 211
4371 212
4371 213
4371 214
4371 215
4371 216
4371 217
4371 218
4372 137
4372 138
4372 139
4372 140
4372 141
4372 142
4372 143
4372 144
4372 145
4372 146
4372 147
4372 148
4372 149
4372 150
4372 151
4372 152
4372 153
4372 154
4372 155
4372 156
4372 157
4372 158
4372 159
4372 160
4374 163
4374 164
4374 165
4374 166
4374 167
4374 168
4374 169
4374 170
4374 171
4374 172
4374 173
4374 174
4374 175
4374 176
4374 177
4374 178
4374 179
4374 180
4374 181
4374 182
4374 183
4374 184
4374 185
4374 186
4374 187
4374 188
4374 189
4374 190
4374 191
4374 192
4374 193
4374 194
4374 195
4374 196
4374 197
4374 198
4376 200
4376 201
4376 202
4376 203
4376 204
4376 205
4376 206
4376 207
4376 208
4376 209
4376 210
4376 211
4376 212
4376 213
4376 214
4376 215
4376 216
4376 217
4376 218
4376 219
4376 220
4376 221
4376 222
4376 223
4376 224
4377 143
4377 144
4377 145
4377 146
4377 147
4377 148
4377 149
4377 150
4377 151
4377 152
4377 153
4377 154
4377 155
4377 156
4377 157
4377 158
4377 159
4377 160
4377 161
4377 162
4377 163
4377 164
4377 165
4377 166
4377 167
4377 168
4377 169
4377 170
4377 171
4377 172
4379 172
4379 173
4379 174
4379 175
4379 176
4379 177
4379 178
4379 179
4379 180
4379 181
4379 182
4379 183
4379 184
4379 185
4379 186
4379 187
4379 188
4379 189
4379 190
4379 191
4379 192
4379 193
4379 194
4379 195
4379 196
4379 197
4379 198
4379 199
4379 200
4379 201
4379 202
4379 203
4379 204
4379 205
4379 206
4380 133
4380 134
4380 135
4380 136
4380 137
4381 213
4381 214
4381 215
4381 216
4381 217
4381 218
4381 219
4381 220
4381 221
4381 222
4381 223
4381 224
4381 225
4381 226
4381 227
4382 150
4382 151
4382 152
4382 153
4382 154
4382 155
4382 156
4382 157
4382 158
4382 159
4382 160
4382 161
4382 162
4382 163
4382 164
4382 165
4382 166
4382 167
4382 168
4382 169
4382 170
4382 171
4382 172
4382 173
4382 174
4382 175
4382 176
4382 177
4382 178
4382 179
4382 180
4382 181
4382 182
