0 84
0 85
0 86
0 87
0 88
0 89
0 90
0 91
0 92
0 93
0 94
0 95
0 96
0 97
0 98
0 99
0 100
0 101
0 102
1 85
1 86
1 87
1 88
1 89
1 90
20 140
20 141
20 142
20 143
20 144
20 145
20 146
20 147
20 148
20 149
21 129
21 130
21 131
21 132
21 133
21 134
21 135
21 136
21 137
21 138
21 139
21 140
21 141
21 142
21 143
21 144
21 145
21 146
21 147
21 148
21 149
22 120
22 121
22 122
22 123
22 124
22 125
22 126
22 127
22 128
22 129
22 130
22 131
22 132
22 133
22 134
22 135
22 136
22 137
22 138
22 139
22 140
22 141
22 142
22 143
22 144
22 145
22 146
22 147
23 113
23 114
23 115
23 116
23 117
23 118
23 119
23 120
23 121
23 122
23 123
23 124
23 125
23 126
23 127
23 128
23 129
23 130
23 131
23 132
23 133
23 134
23 135
23 136
23 137
23 138
23 139
23 140
23 141
23 142
23 143
24 106
24 107
24 108
24 109
24 110
24 111
24 112
24 113
24 114
24 115
24 116
24 117
24 118
24 119
24 120
24 121
24 122
24 123
24 124
24 125
24 126
24 127
24 128
24 129
24 130
24 131
24 132
24 133
24 134
24 135
24 136
24 137
24 138
25 100
25 101
25 102
25 103
25 104
25 105
25 106
25 107
25 108
25 109
25 110
25 111
25 112
25 113
25 114
25 115
25 116
25 117
25 118
25 119
25 120
25 121
25 122
25 123
25 124
25 125
25 126
25 127
25 128
25 129
25 130
25 131
25 132
25 133
26 94
26 95
26 96
26 97
26 98
26 99
26 100
26 101
26 102
26 103
26 104
26 105
26 106
26 107
26 108
26 109
26 110
26 111
26 112
26 113
26 114
26 115
26 116
26 117
26 118
26 119
26 120
26 121
26 122
26 123
26 124
26 125
26 126
26 127
27 90
27 91
27 92
27 93
27 94
27 95
27 96
27 97
27 98
27 99
27 100
27 101
27 102
27 103
27 104
27 105
27 106
27 107
27 108
27 109
27 110
27 111
27 112
27 113
27 114
27 115
27 116
27 117
27 118
27 119
27 120
27 121
28 85
28 86
28 87
28 88
28 89
28 90
28 91
28 92
28 93
28 94
28 95
28 96
28 97
28 98
28 99
28 100
28 101
28 102
28 103
28 104
28 105
28 106
28 107
28 108
28 109
28 110
28 111
28 112
28 113
28 114
29 82
29 83
29 84
29 85
29 86
29 87
29 88
29 89
29 90
29 91
29 92
29 93
29 94
29 95
29 96
29 97
29 98
29 99
29 100
29 101
29 102
29 103
29 104
29 105
29 106
30 80
30 81
30 82
30 83
30 84
30 85
30 86
30 87
30 88
30 89
30 90
30 91
30 92
30 93
30 94
30 95
30 96
30 97
49 143
49 144
49 145
49 146
49 147
49 148
50 130
50 131
50 132
50 133
50 134
50 135
50 136
50 137
50 138
50 139
50 140
50 141
50 142
50 143
50 144
50 145
50 146
50 147
50 148
50 149
50 150
51 121
51 122
51 123
51 124
51 125
51 126
51 127
51 128
51 129
51 130
51 131
51 132
51 133
51 134
51 135
51 136
51 137
51 138
51 139
51 140
51 141
51 142
51 143
51 144
51 145
51 146
51 147
52 114
52 115
52 116
52 117
52 118
52 119
52 120
52 121
52 122
52 123
52 124
52 125
52 126
52 127
52 128
52 129
52 130
52 131
52 132
52 133
52 134
52 135
52 136
52 137
52 138
52 139
52 140
52 141
52 142
52 143
52 144
53 107
53 108
53 109
53 110
53 111
53 112
53 113
53 114
53 115
53 116
53 117
53 118
53 119
53 120
53 121
53 122
53 123
53 124
53 125
53 126
53 127
53 128
53 129
53 130
53 131
53 132
53 133
53 134
53 135
53 136
53 137
53 138
53 139
53 140
54 100
54 101
54 102
54 103
54 104
54 105
54 106
54 107
54 108
54 109
54 110
54 111
54 112
54 113
54 114
54 115
54 116
54 117
54 118
54 119
54 120
54 121
54 122
54 123
54 124
54 125
54 126
54 127
54 128
54 129
54 130
54 131
54 132
54 133
54 134
54 135
55 95
55 96
55 97
55 98
55 99
55 100
55 101
55 102
55 103
55 104
55 105
55 106
55 107
55 108
55 109
55 110
55 111
55 112
55 113
55 114
55 115
55 116
55 117
55 118
55 119
55 120
55 121
55 122
55 123
55 124
55 125
55 126
55 127
55 128
55 129
56 89
56 90
56 91
56 92
56 93
56 94
56 95
56 96
56 97
56 98
56 99
56 100
56 101
56 102
56 103
56 104
56 105
56 106
56 107
56 108
56 109
56 110
56 111
56 112
56 113
56 114
56 115
56 116
56 117
56 118
56 119
56 120
56 121
56 122
56 123
57 85
57 86
57 87
57 88
57 89
57 90
57 91
57 92
57 93
57 94
57 95
57 96
57 97
57 98
57 99
57 100
57 101
57 102
57 103
57 104
57 105
57 106
57 107
57 108
57 109
57 110
57 111
57 112
57 113
57 114
57 115
57 116
58 81
58 82
58 83
58 84
58 85
58 86
58 87
58 88
58 89
58 90
58 91
58 92
58 93
58 94
58 95
58 96
58 97
58 98
58 99
58 100
58 101
58 102
58 103
58 104
58 105
58 106
58 107
58 108
58 109
59 78
59 79
59 80
59 81
59 82
59 83
59 84
59 85
59 86
59 87
59 88
59 89
59 90
59 91
59 92
59 93
59 94
59 95
59 96
59 97
59 98
59 99
59 100
59 101
60 77
60 78
60 79
60 80
60 81
60 82
60 83
60 84
60 85
60 86
60 87
60 88
60 89
60 90
60 91
79 133
79 134
79 135
79 136
79 137
79 138
79 139
79 140
79 141
79 142
79 143
79 144
79 145
79 146
79 147
79 148
80 123
80 124
80 125
80 126
80 127
80 128
80 129
80 130
80 131
80 132
80 133
80 134
80 135
80 136
80 137
80 138
80 139
80 140
80 141
80 142
80 143
80 144
80 145
80 146
80 147
81 115
81 116
81 117
81 118
81 119
81 120
81 121
81 122
81 123
81 124
81 125
81 126
81 127
81 128
81 129
81 130
81 131
81 132
81 133
81 134
81 135
81 136
81 137
81 138
81 139
81 140
81 141
81 142
81 143
81 144
82 108
82 109
82 110
82 111
82 112
82 113
82 114
82 115
82 116
82 117
82 118
82 119
82 120
82 121
82 122
82 123
82 124
82 125
82 126
82 127
82 128
82 129
82 130
82 131
82 132
82 133
82 134
82 135
82 136
82 137
82 138
82 139
82 140
83 101
83 102
83 103
83 104
83 105
83 106
83 107
83 108
83 109
83 110
83 111
83 112
83 113
83 114
83 115
83 116
83 117
83 118
83 119
83 120
83 121
83 122
83 123
83 124
83 125
83 126
83 127
83 128
83 129
83 130
83 131
83 132
83 133
83 134
83 135
84 95
84 96
84 97
84 98
84 99
84 100
84 101
84 102
84 103
84 104
84 105
84 106
84 107
84 108
84 109
84 110
84 111
84 112
84 113
84 114
84 115
84 116
84 117
84 118
84 119
84 120
84 121
84 122
84 123
84 124
84 125
84 126
84 127
84 128
84 129
84 130
85 90
85 91
85 92
85 93
85 94
85 95
85 96
85 97
85 98
85 99
85 100
85 101
85 102
85 103
85 104
85 105
85 106
85 107
85 108
85 109
85 110
85 111
85 112
85 113
85 114
85 115
85 116
85 117
85 118
85 119
85 120
85 121
85 122
85 123
85 124
86 85
86 86
86 87
86 88
86 89
86 90
86 91
86 92
86 93
86 94
86 95
86 96
86 97
86 98
86 99
86 100
86 101
86 102
86 103
86 104
86 105
86 106
86 107
86 108
86 109
86 110
86 111
86 112
86 113
86 114
86 115
86 116
86 117
86 118
87 81
87 82
87 83
87 84
87 85
87 86
87 87
87 88
87 89
87 90
87 91
87 92
87 93
87 94
87 95
87 96
87 97
87 98
87 99
87 100
87 101
87 102
87 103
87 104
87 105
87 106
87 107
87 108
87 109
87 110
87 111
88 77
88 78
88 79
88 80
88 81
88 82
88 83
88 84
88 85
88 86
88 87
88 88
88 89
88 90
88 91
88 92
88 93
88 94
88 95
88 96
88 97
88 98
88 99
88 100
88 101
88 102
88 103
89 75
89 76
89 77
89 78
89 79
89 80
89 81
89 82
89 83
89 84
89 85
89 86
89 87
89 88
89 89
89 90
89 91
89 92
89 93
89 94
89 95
90 77
90 78
90 79
90 80
90 81
90 82
108 138
108 139
108 140
108 141
108 142
108 143
108 144
109 126
109 127
109 128
109 129
109 130
109 131
109 132
109 133
109 134
109 135
109 136
109 137
109 138
109 139
109 140
109 141
109 142
109 143
109 144
109 145
109 146
110 117
110 118
110 119
110 120
110 121
110 122
110 123
110 124
110 125
110 126
110 127
110 128
110 129
110 130
110 131
110 132
110 133
110 134
110 135
110 136
110 137
110 138
110 139
110 140
110 141
110 142
110 143
111 110
111 111
111 112
111 113
111 114
111 115
111 116
111 117
111 118
111 119
111 120
111 121
111 122
111 123
111 124
111 125
111 126
111 127
111 128
111 129
111 130
111 131
111 132
111 133
111 134
111 135
111 136
111 137
111 138
111 139
111 140
112 103
112 104
112 105
112 106
112 107
112 108
112 109
112 110
112 111
112 112
112 113
112 114
112 115
112 116
112 117
112 118
112 119
112 120
112 121
112 122
112 123
112 124
112 125
112 126
112 127
112 128
112 129
112 130
112 131
112 132
112 133
112 134
112 135
113 97
113 98
113 99
113 100
113 101
113 102
113 103
113 104
113 105
113 106
113 107
113 108
113 109
113 110
113 111
113 112
113 113
113 114
113 115
113 116
113 117
113 118
113 119
113 120
113 121
113 122
113 123
113 124
113 125
113 126
113 127
113 128
113 129
113 130
113 131
114 91
114 92
114 93
114 94
114 95
114 96
114 97
114 98
114 99
114 100
114 101
114 102
114 103
114 104
114 105
114 106
114 107
114 108
114 109
114 110
114 111
114 112
114 113
114 114
114 115
114 116
114 117
114 118
114 119
114 120
114 121
114 122
114 123
114 124
114 125
115 86
115 87
115 88
115 89
115 90
115 91
115 92
115 93
115 94
115 95
115 96
115 97
115 98
115 99
115 100
115 101
115 102
115 103
115 104
115 105
115 106
115 107
115 108
115 109
115 110
115 111
115 112
115 113
115 114
115 115
115 116
115 117
115 118
115 119
116 81
116 82
116 83
116 84
116 85
116 86
116 87
116 88
116 89
116 90
116 91
116 92
116 93
116 94
116 95
116 96
116 97
116 98
116 99
116 100
116 101
116 102
116 103
116 104
116 105
116 106
116 107
116 108
116 109
116 110
116 111
116 112
117 77
117 78
117 79
117 80
117 81
117 82
117 83
117 84
117 85
117 86
117 87
117 88
117 89
117 90
117 91
117 92
117 93
117 94
117 95
117 96
117 97
117 98
117 99
117 100
117 101
117 102
117 103
117 104
117 105
118 75
118 76
118 77
118 78
118 79
118 80
118 81
118 82
118 83
118 84
118 85
118 86
118 87
118 88
118 89
118 90
118 91
118 92
118 93
118 94
118 95
118 96
118 97
119 74
119 75
119 76
119 77
119 78
119 79
119 80
119 81
119 82
119 83
119 84
119 85
119 86
119 87
138 130
138 131
138 132
138 133
138 134
138 135
138 136
138 137
138 138
138 139
138 140
138 141
138 142
139 120
139 121
139 122
139 123
139 124
139 125
139 126
139 127
139 128
139 129
139 130
139 131
139 132
139 133
139 134
139 135
139 136
139 137
139 138
139 139
139 140
139 141
140 112
140 113
140 114
140 115
140 116
140 117
140 118
140 119
140 120
140 121
140 122
140 123
140 124
140 125
140 126
140 127
140 128
140 129
140 130
140 131
140 132
140 133
140 134
140 135
140 136
140 137
140 138
140 139
141 105
141 106
141 107
141 108
141 109
141 110
141 111
141 112
141 113
141 114
141 115
141 116
141 117
141 118
141 119
141 120
141 121
141 122
141 123
141 124
141 125
141 126
141 127
141 128
141 129
141 130
141 131
141 132
141 133
141 134
141 135
142 98
142 99
142 100
142 101
142 102
142 103
142 104
142 105
142 106
142 107
142 108
142 109
142 110
142 111
142 112
142 113
142 114
142 115
142 116
142 117
142 118
142 119
142 120
142 121
142 122
142 123
142 124
142 125
142 126
142 127
142 128
142 129
142 130
143 92
143 93
143 94
143 95
143 96
143 97
143 98
143 99
143 100
143 101
143 102
143 103
143 104
143 105
143 106
143 107
143 108
143 109
143 110
143 111
143 112
143 113
143 114
143 115
143 116
143 117
143 118
143 119
143 120
143 121
143 122
143 123
143 124
143 125
144 87
144 88
144 89
144 90
144 91
144 92
144 93
144 94
144 95
144 96
144 97
144 98
144 99
144 100
144 101
144 102
144 103
144 104
144 105
144 106
144 107
144 108
144 109
144 110
144 111
144 112
144 113
144 114
144 115
144 116
144 117
144 118
144 119
145 82
145 83
145 84
145 85
145 86
145 87
145 88
145 89
145 90
145 91
145 92
145 93
145 94
145 95
145 96
145 97
145 98
145 99
145 100
145 101
145 102
145 103
145 104
145 105
145 106
145 107
145 108
145 109
145 110
145 111
145 112
145 113
146 78
146 79
146 80
146 81
146 82
146 83
146 84
146 85
146 86
146 87
146 88
146 89
146 90
146 91
146 92
146 93
146 94
146 95
146 96
146 97
146 98
146 99
146 100
146 101
146 102
146 103
146 104
146 105
146 106
147 75
147 76
147 77
147 78
147 79
147 80
147 81
147 82
147 83
147 84
147 85
147 86
147 87
147 88
147 89
147 90
147 91
147 92
147 93
147 94
147 95
147 96
147 97
147 98
148 73
148 74
148 75
148 76
148 77
148 78
148 79
148 80
148 81
148 82
148 83
148 84
148 85
148 86
148 87
148 88
148 89
168 125
168 126
168 127
168 128
168 129
168 130
168 131
168 132
168 133
168 134
168 135
168 136
168 137
169 115
169 116
169 117
169 118
169 119
169 120
169 121
169 122
169 123
169 124
169 125
169 126
169 127
169 128
169 129
169 130
169 131
169 132
169 133
169 134
169 135
169 136
170 107
170 108
170 109
170 110
170 111
170 112
170 113
170 114
170 115
170 116
170 117
170 118
170 119
170 120
170 121
170 122
170 123
170 124
170 125
170 126
170 127
170 128
170 129
170 130
170 131
170 132
170 133
171 101
171 102
171 103
171 104
171 105
171 106
171 107
171 108
171 109
171 110
171 111
171 112
171 113
171 114
171 115
171 116
171 117
171 118
171 119
171 120
171 121
171 122
171 123
171 124
171 125
171 126
171 127
171 128
171 129
172 94
172 95
172 96
172 97
172 98
172 99
172 100
172 101
172 102
172 103
172 104
172 105
172 106
172 107
172 108
172 109
172 110
172 111
172 112
172 113
172 114
172 115
172 116
172 117
172 118
172 119
172 120
172 121
172 122
172 123
172 124
173 89
173 90
173 91
173 92
173 93
173 94
173 95
173 96
173 97
173 98
173 99
173 100
173 101
173 102
173 103
173 104
173 105
173 106
173 107
173 108
173 109
173 110
173 111
173 112
173 113
173 114
173 115
173 116
173 117
173 118
173 119
174 84
174 85
174 86
174 87
174 88
174 89
174 90
174 91
174 92
174 93
174 94
174 95
174 96
174 97
174 98
174 99
174 100
174 101
174 102
174 103
174 104
174 105
174 106
174 107
174 108
174 109
174 110
174 111
174 112
174 113
175 79
175 80
175 81
175 82
175 83
175 84
175 85
175 86
175 87
175 88
175 89
175 90
175 91
175 92
175 93
175 94
175 95
175 96
175 97
175 98
175 99
175 100
175 101
175 102
175 103
175 104
175 105
175 106
176 76
176 77
176 78
176 79
176 80
176 81
176 82
176 83
176 84
176 85
176 86
176 87
176 88
176 89
176 90
176 91
176 92
176 93
176 94
176 95
176 96
176 97
176 98
176 99
177 74
177 75
177 76
177 77
177 78
177 79
177 80
177 81
177 82
177 83
177 84
177 85
177 86
177 87
177 88
177 89
177 90
198 121
198 122
198 123
198 124
198 125
198 126
198 127
198 128
198 129
198 130
198 131
199 111
199 112
199 113
199 114
199 115
199 116
199 117
199 118
199 119
199 120
199 121
199 122
199 123
199 124
199 125
199 126
199 127
199 128
199 129
199 130
200 104
200 105
200 106
200 107
200 108
200 109
200 110
200 111
200 112
200 113
200 114
200 115
200 116
200 117
200 118
200 119
200 120
200 121
200 122
200 123
200 124
200 125
200 126
200 127
201 97
201 98
201 99
201 100
201 101
201 102
201 103
201 104
201 105
201 106
201 107
201 108
201 109
201 110
201 111
201 112
201 113
201 114
201 115
201 116
201 117
201 118
201 119
201 120
201 121
201 122
201 123
202 91
202 92
202 93
202 94
202 95
202 96
202 97
202 98
202 99
202 100
202 101
202 102
202 103
202 104
202 105
202 106
202 107
202 108
202 109
202 110
202 111
202 112
202 113
202 114
202 115
202 116
202 117
202 118
203 86
203 87
203 88
203 89
203 90
203 91
203 92
203 93
203 94
203 95
203 96
203 97
203 98
203 99
203 100
203 101
203 102
203 103
203 104
203 105
203 106
203 107
203 108
203 109
203 110
203 111
203 112
204 81
204 82
204 83
204 84
204 85
204 86
204 87
204 88
204 89
204 90
204 91
204 92
204 93
204 94
204 95
204 96
204 97
204 98
204 99
204 100
204 101
204 102
204 103
204 104
204 105
204 106
205 78
205 79
205 80
205 81
205 82
205 83
205 84
205 85
205 86
205 87
205 88
205 89
205 90
205 91
205 92
205 93
205 94
205 95
205 96
205 97
205 98
206 75
206 76
206 77
206 78
206 79
206 80
206 81
206 82
206 83
206 84
206 85
206 86
206 87
206 88
206 89
206 90
229 109
229 110
229 111
229 112
229 113
229 114
229 115
229 116
229 117
229 118
229 119
229 120
229 121
229 122
230 101
230 102
230 103
230 104
230 105
230 106
230 107
230 108
230 109
230 110
230 111
230 112
230 113
230 114
230 115
230 116
230 117
230 118
230 119
231 94
231 95
231 96
231 97
231 98
231 99
231 100
231 101
231 102
231 103
231 104
231 105
231 106
231 107
231 108
231 109
231 110
231 111
231 112
231 113
231 114
231 115
232 89
232 90
232 91
232 92
232 93
232 94
232 95
232 96
232 97
232 98
232 99
232 100
232 101
232 102
232 103
232 104
232 105
232 106
232 107
232 108
232 109
232 110
233 84
233 85
233 86
233 87
233 88
233 89
233 90
233 91
233 92
233 93
233 94
233 95
233 96
233 97
233 98
233 99
233 100
233 101
233 102
233 103
233 104
234 80
234 81
234 82
234 83
234 84
234 85
234 86
234 87
234 88
234 89
234 90
234 91
234 92
234 93
234 94
234 95
234 96
234 97
235 78
235 79
235 80
235 81
235 82
235 83
235 84
235 85
235 86
235 87
235 88
260 100
260 101
260 102
260 103
260 104
260 105
260 106
260 107
260 108
260 109
260 110
261 94
261 95
261 96
261 97
261 98
261 99
261 100
261 101
261 102
261 103
261 104
261 105
261 106
262 88
262 89
262 90
262 91
262 92
262 93
262 94
262 95
262 96
262 97
262 98
262 99
262 100
262 101
263 85
263 86
263 87
263 88
263 89
263 90
263 91
263 92
263 93
263 94
1851 204
1851 205
1851 206
1851 207
1851 208
1851 209
1851 210
1851 211
1851 212
1851 213
1851 214
1852 194
1852 195
1852 196
1852 197
1852 198
1852 199
1852 200
1852 201
1852 202
1852 203
1852 204
1852 205
1852 206
1852 207
1852 208
1852 209
1853 189
1853 190
1853 191
1853 192
1853 193
1853 194
1853 195
1853 196
1853 197
1853 198
1879 205
1879 206
1879 207
1879 208
1879 209
1879 210
1879 211
1879 212
1879 213
1879 214
1879 215
1879 216
1879 217
1879 218
1879 219
1879 220
1879 221
1879 222
1879 223
1879 224
1879 225
1880 192
1880 193
1880 194
1880 195
1880 196
1880 197
1880 198
1880 199
1880 200
1880 201
1880 202
1880 203
1880 204
1880 205
1880 206
1880 207
1880 208
1880 209
1880 210
1880 211
1880 212
1880 213
1880 214
1880 215
1880 216
1880 217
1880 218
1880 219
1880 220
1880 221
1880 222
1880 223
1881 181
1881 182
1881 183
1881 184
1881 185
1881 186
1881 187
1881 188
1881 189
1881 190
1881 191
1881 192
1881 193
1881 194
1881 195
1881 196
1881 197
1881 198
1881 199
1881 200
1881 201
1881 202
1881 203
1881 204
1881 205
1881 206
1881 207
1881 208
1881 209
1881 210
1881 211
1881 212
1881 213
1881 214
1881 215
1881 216
1881 217
1882 171
1882 172
1882 173
1882 174
1882 175
1882 176
1882 177
1882 178
1882 179
1882 180
1882 181
1882 182
1882 183
1882 184
1882 185
1882 186
1882 187
1882 188
1882 189
1882 190
1882 191
1882 192
1882 193
1882 194
1882 195
1882 196
1882 197
1882 198
1882 199
1882 200
1882 201
1882 202
1882 203
1882 204
1882 205
1882 206
1882 207
1882 208
1882 209
1883 163
1883 164
1883 165
1883 166
1883 167
1883 168
1883 169
1883 170
1883 171
1883 172
1883 173
1883 174
1883 175
1883 176
1883 177
1883 178
1883 179
1883 180
1883 181
1883 182
1883 183
1883 184
1883 185
1883 186
1883 187
1883 188
1883 189
1883 190
1883 191
1883 192
1883 193
1883 194
1883 195
1883 196
1883 197
1883 198
1884 158
1884 159
1884 160
1884 161
1884 162
1884 163
1884 164
1884 165
1884 166
1884 167
1884 168
1884 169
1884 170
1884 171
1884 172
1884 173
1884 174
1884 175
1884 176
1884 177
1884 178
1884 179
1884 180
1884 181
1907 216
1907 217
1907 218
1907 219
1907 220
1907 221
1907 222
1907 223
1907 224
1907 225
1907 226
1907 227
1907 228
1907 229
1908 199
1908 200
1908 201
1908 202
1908 203
1908 204
1908 205
1908 206
1908 207
1908 208
1908 209
1908 210
1908 211
1908 212
1908 213
1908 214
1908 215
1908 216
1908 217
1908 218
1908 219
1908 220
1908 221
1908 222
1908 223
1908 224
1908 225
1908 226
1908 227
1908 228
1908 229
1908 230
1908 231
1909 186
1909 187
1909 188
1909 189
1909 190
1909 191
1909 192
1909 193
1909 194
1909 195
1909 196
1909 197
1909 198
1909 199
1909 200
1909 201
1909 202
1909 203
1909 204
1909 205
1909 206
1909 207
1909 208
1909 209
1909 210
1909 211
1909 212
1909 213
1909 214
1909 215
1909 216
1909 217
1909 218
1909 219
1909 220
1909 221
1909 222
1909 223
1909 224
1909 225
1909 226
1909 227
1910 175
1910 176
1910 177
1910 178
1910 179
1910 180
1910 181
1910 182
1910 183
1910 184
1910 185
1910 186
1910 187
1910 188
1910 189
1910 190
1910 191
1910 192
1910 193
1910 194
1910 195
1910 196
1910 197
1910 198
1910 199
1910 200
1910 201
1910 202
1910 203
1910 204
1910 205
1910 206
1910 207
1910 208
1910 209
1910 210
1910 211
1910 212
1910 213
1910 214
1910 215
1910 216
1910 217
1910 218
1910 219
1910 220
1910 221
1911 164
1911 165
1911 166
1911 167
1911 168
1911 169
1911 170
1911 171
1911 172
1911 173
1911 174
1911 175
1911 176
1911 177
1911 178
1911 179
1911 180
1911 181
1911 182
1911 183
1911 184
1911 185
1911 186
1911 187
1911 188
1911 189
1911 190
1911 191
1911 192
1911 193
1911 194
1911 195
1911 196
1911 197
1911 198
1911 199
1911 200
1911 201
1911 202
1911 203
1911 204
1911 205
1911 206
1911 207
1911 208
1911 209
1911 210
1911 211
1911 212
1911 213
1911 214
1912 155
1912 156
1912 157
1912 158
1912 159
1912 160
1912 161
1912 162
1912 163
1912 164
1912 165
1912 166
1912 167
1912 168
1912 169
1912 170
1912 171
1912 172
1912 173
1912 174
1912 175
1912 176
1912 177
1912 178
1912 179
1912 180
1912 181
1912 182
1912 183
1912 184
1912 185
1912 186
1912 187
1912 188
1912 189
1912 190
1912 191
1912 192
1912 193
1912 194
1912 195
1912 196
1912 197
1912 198
1912 199
1912 200
1912 201
1912 202
1912 203
1912 204
1913 146
1913 147
1913 148
1913 149
1913 150
1913 151
1913 152
1913 153
1913 154
1913 155
1913 156
1913 157
1913 158
1913 159
1913 160
1913 161
1913 162
1913 163
1913 164
1913 165
1913 166
1913 167
1913 168
1913 169
1913 170
1913 171
1913 172
1913 173
1913 174
1913 175
1913 176
1913 177
1913 178
1913 179
1913 180
1913 181
1913 182
1913 183
1913 184
1913 185
1913 186
1913 187
1913 188
1913 189
1913 190
1913 191
1913 192
1913 193
1914 140
1914 141
1914 142
1914 143
1914 144
1914 145
1914 146
1914 147
1914 148
1914 149
1914 150
1914 151
1914 152
1914 153
1914 154
1914 155
1914 156
1914 157
1914 158
1914 159
1914 160
1914 161
1914 162
1914 163
1914 164
1914 165
1914 166
1914 167
1914 168
1914 169
1914 170
1914 171
1914 172
1914 173
1914 174
1914 175
1914 176
1914 177
1915 138
1915 139
1915 140
1915 141
1915 142
1915 143
1915 144
1915 145
1915 146
1915 147
1915 148
1915 149
1915 150
1915 151
1915 152
1915 153
1915 154
1915 155
1915 156
1915 157
1936 211
1936 212
1936 213
1936 214
1936 215
1936 216
1936 217
1936 218
1936 219
1936 220
1936 221
1936 222
1936 223
1936 224
1936 225
1936 226
1936 227
1936 228
1936 229
1936 230
1936 231
1936 232
1936 233
1936 234
1936 235
1937 196
1937 197
1937 198
1937 199
1937 200
1937 201
1937 202
1937 203
1937 204
1937 205
1937 206
1937 207
1937 208
1937 209
1937 210
1937 211
1937 212
1937 213
1937 214
1937 215
1937 216
1937 217
1937 218
1937 219
1937 220
1937 221
1937 222
1937 223
1937 224
1937 225
1937 226
1937 227
1937 228
1937 229
1937 230
1937 231
1937 232
1937 233
1937 234
1938 183
1938 184
1938 185
1938 186
1938 187
1938 188
1938 189
1938 190
1938 191
1938 192
1938 193
1938 194
1938 195
1938 196
1938 197
1938 198
1938 199
1938 200
1938 201
1938 202
1938 203
1938 204
1938 205
1938 206
1938 207
1938 208
1938 209
1938 210
1938 211
1938 212
1938 213
1938 214
1938 215
1938 216
1938 217
1938 218
1938 219
1938 220
1938 221
1938 222
1938 223
1938 224
1938 225
1938 226
1938 227
1938 228
1938 229
1938 230
1939 172
1939 173
1939 174
1939 175
1939 176
1939 177
1939 178
1939 179
1939 180
1939 181
1939 182
1939 183
1939 184
1939 185
1939 186
1939 187
1939 188
1939 189
1939 190
1939 191
1939 192
1939 193
1939 194
1939 195
1939 196
1939 197
1939 198
1939 199
1939 200
1939 201
1939 202
1939 203
1939 204
1939 205
1939 206
1939 207
1939 208
1939 209
1939 210
1939 211
1939 212
1939 213
1939 214
1939 215
1939 216
1939 217
1939 218
1939 219
1939 220
1939 221
1939 222
1939 223
1939 224
1940 161
1940 162
1940 163
1940 164
1940 165
1940 166
1940 167
1940 168
1940 169
1940 170
1940 171
1940 172
1940 173
1940 174
1940 175
1940 176
1940 177
1940 178
1940 179
1940 180
1940 181
1940 182
1940 183
1940 184
1940 185
1940 186
1940 187
1940 188
1940 189
1940 190
1940 191
1940 192
1940 193
1940 194
1940 195
1940 196
1940 197
1940 198
1940 199
1940 200
1940 201
1940 202
1940 203
1940 204
1940 205
1940 206
1940 207
1940 208
1940 209
1940 210
1940 211
1940 212
1940 213
1940 214
1940 215
1940 216
1940 217
1941 152
1941 153
1941 154
1941 155
1941 156
1941 157
1941 158
1941 159
1941 160
1941 161
1941 162
1941 163
1941 164
1941 165
1941 166
1941 167
1941 168
1941 169
1941 170
1941 171
1941 172
1941 173
1941 174
1941 175
1941 176
1941 177
1941 178
1941 179
1941 180
1941 181
1941 182
1941 183
1941 184
1941 185
1941 186
1941 187
1941 188
1941 189
1941 190
1941 191
1941 192
1941 193
1941 194
1941 195
1941 196
1941 197
1941 198
1941 199
1941 200
1941 201
1941 202
1941 203
1941 204
1941 205
1941 206
1941 207
1941 208
1942 144
1942 145
1942 146
1942 147
1942 148
1942 149
1942 150
1942 151
1942 152
1942 153
1942 154
1942 155
1942 156
1942 157
1942 158
1942 159
1942 160
1942 161
1942 162
1942 163
1942 164
1942 165
1942 166
1942 167
1942 168
1942 169
1942 170
1942 171
1942 172
1942 173
1942 174
1942 175
1942 176
1942 177
1942 178
1942 179
1942 180
1942 181
1942 182
1942 183
1942 184
1942 185
1942 186
1942 187
1942 188
1942 189
1942 190
1942 191
1942 192
1942 193
1942 194
1942 195
1942 196
1942 197
1942 198
1943 137
1943 138
1943 139
1943 140
1943 141
1943 142
1943 143
1943 144
1943 145
1943 146
1943 147
1943 148
1943 149
1943 150
1943 151
1943 152
1943 153
1943 154
1943 155
1943 156
1943 157
1943 158
1943 159
1943 160
1943 161
1943 162
1943 163
1943 164
1943 165
1943 166
1943 167
1943 168
1943 169
1943 170
1943 171
1943 172
1943 173
1943 174
1943 175
1943 176
1943 177
1943 178
1943 179
1943 180
1943 181
1943 182
1943 183
1943 184
1943 185
1944 132
1944 133
1944 134
1944 135
1944 136
1944 137
1944 138
1944 139
1944 140
1944 141
1944 142
1944 143
1944 144
1944 145
1944 146
1944 147
1944 148
1944 149
1944 150
1944 151
1944 152
1944 153
1944 154
1944 155
1944 156
1944 157
1944 158
1944 159
1944 160
1944 161
1944 162
1944 163
1944 164
1944 165
1944 166
1944 167
1944 168
1944 169
1944 170
1944 171
1945 130
1945 131
1945 132
1945 133
1945 134
1945 135
1945 136
1945 137
1945 138
1945 139
1945 140
1945 141
1945 142
1945 143
1945 144
1945 145
1945 146
1945 147
1945 148
1945 149
1945 150
1945 151
1945 152
1945 153
1965 209
1965 210
1965 211
1965 212
1965 213
1965 214
1965 215
1965 216
1965 217
1965 218
1965 219
1965 220
1965 221
1965 222
1965 223
1965 224
1965 225
1965 226
1965 227
1965 228
1965 229
1965 230
1965 231
1965 232
1965 233
1965 234
1965 235
1965 236
1965 237
1965 238
1966 195
1966 196
1966 197
1966 198
1966 199
1966 200
1966 201
1966 202
1966 203
1966 204
1966 205
1966 206
1966 207
1966 208
1966 209
1966 210
1966 211
1966 212
1966 213
1966 214
1966 215
1966 216
1966 217
1966 218
1966 219
1966 220
1966 221
1966 222
1966 223
1966 224
1966 225
1966 226
1966 227
1966 228
1966 229
1966 230
1966 231
1966 232
1966 233
1966 234
1966 235
1966 236
1966 237
1967 182
1967 183
1967 184
1967 185
1967 186
1967 187
1967 188
1967 189
1967 190
1967 191
1967 192
1967 193
1967 194
1967 195
1967 196
1967 197
1967 198
1967 199
1967 200
1967 201
1967 202
1967 203
1967 204
1967 205
1967 206
1967 207
1967 208
1967 209
1967 210
1967 211
1967 212
1967 213
1967 214
1967 215
1967 216
1967 217
1967 218
1967 219
1967 220
1967 221
1967 222
1967 223
1967 224
1967 225
1967 226
1967 227
1967 228
1967 229
1967 230
1967 231
1967 232
1967 233
1968 171
1968 172
1968 173
1968 174
1968 175
1968 176
1968 177
1968 178
1968 179
1968 180
1968 181
1968 182
1968 183
1968 184
1968 185
1968 186
1968 187
1968 188
1968 189
1968 190
1968 191
1968 192
1968 193
1968 194
1968 195
1968 196
1968 197
1968 198
1968 199
1968 200
1968 201
1968 202
1968 203
1968 204
1968 205
1968 206
1968 207
1968 208
1968 209
1968 210
1968 211
1968 212
1968 213
1968 214
1968 215
1968 216
1968 217
1968 218
1968 219
1968 220
1968 221
1968 222
1968 223
1968 224
1968 225
1968 226
1968 227
1969 160
1969 161
1969 162
1969 163
1969 164
1969 165
1969 166
1969 167
1969 168
1969 169
1969 170
1969 171
1969 172
1969 173
1969 174
1969 175
1969 176
1969 177
1969 178
1969 179
1969 180
1969 181
1969 182
1969 183
1969 184
1969 185
1969 186
1969 187
1969 188
1969 189
1969 190
1969 191
1969 192
1969 193
1969 194
1969 195
1969 196
1969 197
1969 198
1969 199
1969 200
1969 201
1969 202
1969 203
1969 204
1969 205
1969 206
1969 207
1969 208
1969 209
1969 210
1969 211
1969 212
1969 213
1969 214
1969 215
1969 216
1969 217
1969 218
1969 219
1970 151
1970 152
1970 153
1970 154
1970 155
1970 156
1970 157
1970 158
1970 159
1970 160
1970 161
1970 162
1970 163
1970 164
1970 165
1970 166
1970 167
1970 168
1970 169
1970 170
1970 171
1970 172
1970 173
1970 174
1970 175
1970 176
1970 177
1970 178
1970 179
1970 180
1970 181
1970 182
1970 183
1970 184
1970 185
1970 186
1970 187
1970 188
1970 189
1970 190
1970 191
1970 192
1970 193
1970 194
1970 195
1970 196
1970 197
1970 198
1970 199
1970 200
1970 201
1970 202
1970 203
1970 204
1970 205
1970 206
1970 207
1970 208
1970 209
1970 210
1970 211
1971 143
1971 144
1971 145
1971 146
1971 147
1971 148
1971 149
1971 150
1971 151
1971 152
1971 153
1971 154
1971 155
1971 156
1971 157
1971 158
1971 159
1971 160
1971 161
1971 162
1971 163
1971 164
1971 165
1971 166
1971 167
1971 168
1971 169
1971 170
1971 171
1971 172
1971 173
1971 174
1971 175
1971 176
1971 177
1971 178
1971 179
1971 180
1971 181
1971 182
1971 183
1971 184
1971 185
1971 186
1971 187
1971 188
1971 189
1971 190
1971 191
1971 192
1971 193
1971 194
1971 195
1971 196
1971 197
1971 198
1971 199
1971 200
1971 201
1972 136
1972 137
1972 138
1972 139
1972 140
1972 141
1972 142
1972 143
1972 144
1972 145
1972 146
1972 147
1972 148
1972 149
1972 150
1972 151
1972 152
1972 153
1972 154
1972 155
1972 156
1972 157
1972 158
1972 159
1972 160
1972 161
1972 162
1972 163
1972 164
1972 165
1972 166
1972 167
1972 168
1972 169
1972 170
1972 171
1972 172
1972 173
1972 174
1972 175
1972 176
1972 177
1972 178
1972 179
1972 180
1972 181
1972 182
1972 183
1972 184
1972 185
1972 186
1972 187
1972 188
1972 189
1972 190
1973 131
1973 132
1973 133
1973 134
1973 135
1973 136
1973 137
1973 138
1973 139
1973 140
1973 141
1973 142
1973 143
1973 144
1973 145
1973 146
1973 147
1973 148
1973 149
1973 150
1973 151
1973 152
1973 153
1973 154
1973 155
1973 156
1973 157
1973 158
1973 159
1973 160
1973 161
1973 162
1973 163
1973 164
1973 165
1973 166
1973 167
1973 168
1973 169
1973 170
1973 171
1973 172
1973 173
1973 174
1973 175
1973 176
1973 177
1974 127
1974 128
1974 129
1974 130
1974 131
1974 132
1974 133
1974 134
1974 135
1974 136
1974 137
1974 138
1974 139
1974 140
1974 141
1974 142
1974 143
1974 144
1974 145
1974 146
1974 147
1974 148
1974 149
1974 150
1974 151
1974 152
1974 153
1974 154
1974 155
1974 156
1974 157
1974 158
1974 159
1974 160
1974 161
1974 162
1974 163
1975 127
1975 128
1975 129
1975 130
1975 131
1975 132
1975 133
1975 134
1975 135
1975 136
1975 137
1975 138
1975 139
1975 140
1975 141
1975 142
1975 143
1975 144
1975 145
1975 146
1994 210
1994 211
1994 212
1994 213
1994 214
1994 215
1994 216
1994 217
1994 218
1994 219
1994 220
1994 221
1994 222
1994 223
1994 224
1994 225
1994 226
1994 227
1994 228
1994 229
1994 230
1994 231
1994 232
1994 233
1994 234
1994 235
1994 236
1994 237
1994 238
1994 239
1994 240
1994 241
1995 195
1995 196
1995 197
1995 198
1995 199
1995 200
1995 201
1995 202
1995 203
1995 204
1995 205
1995 206
1995 207
1995 208
1995 209
1995 210
1995 211
1995 212
1995 213
1995 214
1995 215
1995 216
1995 217
1995 218
1995 219
1995 220
1995 221
1995 222
1995 223
1995 224
1995 225
1995 226
1995 227
1995 228
1995 229
1995 230
1995 231
1995 232
1995 233
1995 234
1995 235
1995 236
1995 237
1995 238
1995 239
1996 182
1996 183
1996 184
1996 185
1996 186
1996 187
1996 188
1996 189
1996 190
1996 191
1996 192
1996 193
1996 194
1996 195
1996 196
1996 197
1996 198
1996 199
1996 200
1996 201
1996 202
1996 203
1996 204
1996 205
1996 206
1996 207
1996 208
1996 209
1996 210
1996 211
1996 212
1996 213
1996 214
1996 215
1996 216
1996 217
1996 218
1996 219
1996 220
1996 221
1996 222
1996 223
1996 224
1996 225
1996 226
1996 227
1996 228
1996 229
1996 230
1996 231
1996 232
1996 233
1996 234
1996 235
1997 171
1997 172
1997 173
1997 174
1997 175
1997 176
1997 177
1997 178
1997 179
1997 180
1997 181
1997 182
1997 183
1997 184
1997 185
1997 186
1997 187
1997 188
1997 189
1997 190
1997 191
1997 192
1997 193
1997 194
1997 195
1997 196
1997 197
1997 198
1997 199
1997 200
1997 201
1997 202
1997 203
1997 204
1997 205
1997 206
1997 207
1997 208
1997 209
1997 210
1997 211
1997 212
1997 213
1997 214
1997 215
1997 216
1997 217
1997 218
1997 219
1997 220
1997 221
1997 222
1997 223
1997 224
1997 225
1997 226
1997 227
1997 228
1997 229
1998 161
1998 162
1998 163
1998 164
1998 165
1998 166
1998 167
1998 168
1998 169
1998 170
1998 171
1998 172
1998 173
1998 174
1998 175
1998 176
1998 177
1998 178
1998 179
1998 180
1998 181
1998 182
1998 183
1998 184
1998 185
1998 186
1998 187
1998 188
1998 189
1998 190
1998 191
1998 192
1998 193
1998 194
1998 195
1998 196
1998 197
1998 198
1998 199
1998 200
1998 201
1998 202
1998 203
1998 204
1998 205
1998 206
1998 207
1998 208
1998 209
1998 210
1998 211
1998 212
1998 213
1998 214
1998 215
1998 216
1998 217
1998 218
1998 219
1998 220
1998 221
1999 152
1999 153
1999 154
1999 155
1999 156
1999 157
1999 158
1999 159
1999 160
1999 161
1999 162
1999 163
1999 164
1999 165
1999 166
1999 167
1999 168
1999 169
1999 170
1999 171
1999 172
1999 173
1999 174
1999 175
1999 176
1999 177
1999 178
1999 179
1999 180
1999 181
1999 182
1999 183
1999 184
1999 185
1999 186
1999 187
1999 188
1999 189
1999 190
1999 191
1999 192
1999 193
1999 194
1999 195
1999 196
1999 197
1999 198
1999 199
1999 200
1999 201
1999 202
1999 203
1999 204
1999 205
1999 206
1999 207
1999 208
1999 209
1999 210
1999 211
1999 212
1999 213
2000 144
2000 145
2000 146
2000 147
2000 148
2000 149
2000 150
2000 151
2000 152
2000 153
2000 154
2000 155
2000 156
2000 157
2000 158
2000 159
2000 160
2000 161
2000 162
2000 163
2000 164
2000 165
2000 166
2000 167
2000 168
2000 169
2000 170
2000 171
2000 172
2000 173
2000 174
2000 175
2000 176
2000 177
2000 178
2000 179
2000 180
2000 181
2000 182
2000 183
2000 184
2000 185
2000 186
2000 187
2000 188
2000 189
2000 190
2000 191
2000 192
2000 193
2000 194
2000 195
2000 196
2000 197
2000 198
2000 199
2000 200
2000 201
2000 202
2000 203
2001 137
2001 138
2001 139
2001 140
2001 141
2001 142
2001 143
2001 144
2001 145
2001 146
2001 147
2001 148
2001 149
2001 150
2001 151
2001 152
2001 153
2001 154
2001 155
2001 156
2001 157
2001 158
2001 159
2001 160
2001 161
2001 162
2001 163
2001 164
2001 165
2001 166
2001 167
2001 168
2001 169
2001 170
2001 171
2001 172
2001 173
2001 174
2001 175
2001 176
2001 177
2001 178
2001 179
2001 180
2001 181
2001 182
2001 183
2001 184
2001 185
2001 186
2001 187
2001 188
2001 189
2001 190
2001 191
2001 192
2001 193
2002 131
2002 132
2002 133
2002 134
2002 135
2002 136
2002 137
2002 138
2002 139
2002 140
2002 141
2002 142
2002 143
2002 144
2002 145
2002 146
2002 147
2002 148
2002 149
2002 150
2002 151
2002 152
2002 153
2002 154
2002 155
2002 156
2002 157
2002 158
2002 159
2002 160
2002 161
2002 162
2002 163
2002 164
2002 165
2002 166
2002 167
2002 168
2002 169
2002 170
2002 171
2002 172
2002 173
2002 174
2002 175
2002 176
2002 177
2002 178
2002 179
2002 180
2002 181
2003 127
2003 128
2003 129
2003 130
2003 131
2003 132
2003 133
2003 134
2003 135
2003 136
2003 137
2003 138
2003 139
2003 140
2003 141
2003 142
2003 143
2003 144
2003 145
2003 146
2003 147
2003 148
2003 149
2003 150
2003 151
2003 152
2003 153
2003 154
2003 155
2003 156
2003 157
2003 158
2003 159
2003 160
2003 161
2003 162
2003 163
2003 164
2003 165
2003 166
2003 167
2003 168
2004 125
2004 126
2004 127
2004 128
2004 129
2004 130
2004 131
2004 132
2004 133
2004 134
2004 135
2004 136
2004 137
2004 138
2004 139
2004 140
2004 141
2004 142
2004 143
2004 144
2004 145
2004 146
2004 147
2004 148
2004 149
2004 150
2004 151
2004 152
2004 153
2004 154
2005 129
2005 130
2005 131
2005 132
2005 133
2023 211
2023 212
2023 213
2023 214
2023 215
2023 216
2023 217
2023 218
2023 219
2023 220
2023 221
2023 222
2023 223
2023 224
2023 225
2023 226
2023 227
2023 228
2023 229
2023 230
2023 231
2023 232
2023 233
2023 234
2023 235
2023 236
2023 237
2023 238
2023 239
2023 240
2023 241
2023 242
2023 243
2024 196
2024 197
2024 198
2024 199
2024 200
2024 201
2024 202
2024 203
2024 204
2024 205
2024 206
2024 207
2024 208
2024 209
2024 210
2024 211
2024 212
2024 213
2024 214
2024 215
2024 216
2024 217
2024 218
2024 219
2024 220
2024 221
2024 222
2024 223
2024 224
2024 225
2024 226
2024 227
2024 228
2024 229
2024 230
2024 231
2024 232
2024 233
2024 234
2024 235
2024 236
2024 237
2024 238
2024 239
2024 240
2024 241
2025 183
2025 184
2025 185
2025 186
2025 187
2025 188
2025 189
2025 190
2025 191
2025 192
2025 193
2025 194
2025 195
2025 196
2025 197
2025 198
2025 199
2025 200
2025 201
2025 202
2025 203
2025 204
2025 205
2025 206
2025 207
2025 208
2025 209
2025 210
2025 211
2025 212
2025 213
2025 214
2025 215
2025 216
2025 217
2025 218
2025 219
2025 220
2025 221
2025 222
2025 223
2025 224
2025 225
2025 226
2025 227
2025 228
2025 229
2025 230
2025 231
2025 232
2025 233
2025 234
2025 235
2025 236
2026 172
2026 173
2026 174
2026 175
2026 176
2026 177
2026 178
2026 179
2026 180
2026 181
2026 182
2026 183
2026 184
2026 185
2026 186
2026 187
2026 188
2026 189
2026 190
2026 191
2026 192
2026 193
2026 194
2026 195
2026 196
2026 197
2026 198
2026 199
2026 200
2026 201
2026 202
2026 203
2026 204
2026 205
2026 206
2026 207
2026 208
2026 209
2026 210
2026 211
2026 212
2026 213
2026 214
2026 215
2026 216
2026 217
2026 218
2026 219
2026 220
2026 221
2026 222
2026 223
2026 224
2026 225
2026 226
2026 227
2026 228
2026 229
2026 230
2027 162
2027 163
2027 164
2027 165
2027 166
2027 167
2027 168
2027 169
2027 170
2027 171
2027 172
2027 173
2027 174
2027 175
2027 176
2027 177
2027 178
2027 179
2027 180
2027 181
2027 182
2027 183
2027 184
2027 185
2027 186
2027 187
2027 188
2027 189
2027 190
2027 191
2027 192
2027 193
2027 194
2027 195
2027 196
2027 197
2027 198
2027 199
2027 200
2027 201
2027 202
2027 203
2027 204
2027 205
2027 206
2027 207
2027 208
2027 209
2027 210
2027 211
2027 212
2027 213
2027 214
2027 215
2027 216
2027 217
2027 218
2027 219
2027 220
2027 221
2027 222
2027 223
2028 153
2028 154
2028 155
2028 156
2028 157
2028 158
2028 159
2028 160
2028 161
2028 162
2028 163
2028 164
2028 165
2028 166
2028 167
2028 168
2028 169
2028 170
2028 171
2028 172
2028 173
2028 174
2028 175
2028 176
2028 177
2028 178
2028 179
2028 180
2028 181
2028 182
2028 183
2028 184
2028 185
2028 186
2028 187
2028 188
2028 189
2028 190
2028 191
2028 192
2028 193
2028 194
2028 195
2028 196
2028 197
2028 198
2028 199
2028 200
2028 201
2028 202
2028 203
2028 204
2028 205
2028 206
2028 207
2028 208
2028 209
2028 210
2028 211
2028 212
2028 213
2028 214
2029 145
2029 146
2029 147
2029 148
2029 149
2029 150
2029 151
2029 152
2029 153
2029 154
2029 155
2029 156
2029 157
2029 158
2029 159
2029 160
2029 161
2029 162
2029 163
2029 164
2029 165
2029 166
2029 167
2029 168
2029 169
2029 170
2029 171
2029 172
2029 173
2029 174
2029 175
2029 176
2029 177
2029 178
2029 179
2029 180
2029 181
2029 182
2029 183
2029 184
2029 185
2029 186
2029 187
2029 188
2029 189
2029 190
2029 191
2029 192
2029 193
2029 194
2029 195
2029 196
2029 197
2029 198
2029 199
2029 200
2029 201
2029 202
2029 203
2029 204
2029 205
2030 138
2030 139
2030 140
2030 141
2030 142
2030 143
2030 144
2030 145
2030 146
2030 147
2030 148
2030 149
2030 150
2030 151
2030 152
2030 153
2030 154
2030 155
2030 156
2030 157
2030 158
2030 159
2030 160
2030 161
2030 162
2030 163
2030 164
2030 165
2030 166
2030 167
2030 168
2030 169
2030 170
2030 171
2030 172
2030 173
2030 174
2030 175
2030 176
2030 177
2030 178
2030 179
2030 180
2030 181
2030 182
2030 183
2030 184
2030 185
2030 186
2030 187
2030 188
2030 189
2030 190
2030 191
2030 192
2030 193
2030 194
2030 195
2031 133
2031 134
2031 135
2031 136
2031 137
2031 138
2031 139
2031 140
2031 141
2031 142
2031 143
2031 144
2031 145
2031 146
2031 147
2031 148
2031 149
2031 150
2031 151
2031 152
2031 153
2031 154
2031 155
2031 156
2031 157
2031 158
2031 159
2031 160
2031 161
2031 162
2031 163
2031 164
2031 165
2031 166
2031 167
2031 168
2031 169
2031 170
2031 171
2031 172
2031 173
2031 174
2031 175
2031 176
2031 177
2031 178
2031 179
2031 180
2031 181
2031 182
2031 183
2031 184
2032 128
2032 129
2032 130
2032 131
2032 132
2032 133
2032 134
2032 135
2032 136
2032 137
2032 138
2032 139
2032 140
2032 141
2032 142
2032 143
2032 144
2032 145
2032 146
2032 147
2032 148
2032 149
2032 150
2032 151
2032 152
2032 153
2032 154
2032 155
2032 156
2032 157
2032 158
2032 159
2032 160
2032 161
2032 162
2032 163
2032 164
2032 165
2032 166
2032 167
2032 168
2032 169
2032 170
2032 171
2032 172
2033 125
2033 126
2033 127
2033 128
2033 129
2033 130
2033 131
2033 132
2033 133
2033 134
2033 135
2033 136
2033 137
2033 138
2033 139
2033 140
2033 141
2033 142
2033 143
2033 144
2033 145
2033 146
2033 147
2033 148
2033 149
2033 150
2033 151
2033 152
2033 153
2033 154
2033 155
2033 156
2033 157
2033 158
2033 159
2034 125
2034 126
2034 127
2034 128
2034 129
2034 130
2034 131
2034 132
2034 133
2034 134
2034 135
2034 136
2034 137
2034 138
2034 139
2034 140
2034 141
2034 142
2034 143
2052 215
2052 216
2052 217
2052 218
2052 219
2052 220
2052 221
2052 222
2052 223
2052 224
2052 225
2052 226
2052 227
2052 228
2052 229
2052 230
2052 231
2052 232
2052 233
2052 234
2052 235
2052 236
2052 237
2052 238
2052 239
2052 240
2052 241
2052 242
2052 243
2052 244
2053 199
2053 200
2053 201
2053 202
2053 203
2053 204
2053 205
2053 206
2053 207
2053 208
2053 209
2053 210
2053 211
2053 212
2053 213
2053 214
2053 215
2053 216
2053 217
2053 218
2053 219
2053 220
2053 221
2053 222
2053 223
2053 224
2053 225
2053 226
2053 227
2053 228
2053 229
2053 230
2053 231
2053 232
2053 233
2053 234
2053 235
2053 236
2053 237
2053 238
2053 239
2053 240
2053 241
2053 242
2053 243
2054 186
2054 187
2054 188
2054 189
2054 190
2054 191
2054 192
2054 193
2054 194
2054 195
2054 196
2054 197
2054 198
2054 199
2054 200
2054 201
2054 202
2054 203
2054 204
2054 205
2054 206
2054 207
2054 208
2054 209
2054 210
2054 211
2054 212
2054 213
2054 214
2054 215
2054 216
2054 217
2054 218
2054 219
2054 220
2054 221
2054 222
2054 223
2054 224
2054 225
2054 226
2054 227
2054 228
2054 229
2054 230
2054 231
2054 232
2054 233
2054 234
2054 235
2054 236
2054 237
2054 238
2055 174
2055 175
2055 176
2055 177
2055 178
2055 179
2055 180
2055 181
2055 182
2055 183
2055 184
2055 185
2055 186
2055 187
2055 188
2055 189
2055 190
2055 191
2055 192
2055 193
2055 194
2055 195
2055 196
2055 197
2055 198
2055 199
2055 200
2055 201
2055 202
2055 203
2055 204
2055 205
2055 206
2055 207
2055 208
2055 209
2055 210
2055 211
2055 212
2055 213
2055 214
2055 215
2055 216
2055 217
2055 218
2055 219
2055 220
2055 221
2055 222
2055 223
2055 224
2055 225
2055 226
2055 227
2055 228
2055 229
2055 230
2055 231
2056 164
2056 165
2056 166
2056 167
2056 168
2056 169
2056 170
2056 171
2056 172
2056 173
2056 174
2056 175
2056 176
2056 177
2056 178
2056 179
2056 180
2056 181
2056 182
2056 183
2056 184
2056 185
2056 186
2056 187
2056 188
2056 189
2056 190
2056 191
2056 192
2056 193
2056 194
2056 195
2056 196
2056 197
2056 198
2056 199
2056 200
2056 201
2056 202
2056 203
2056 204
2056 205
2056 206
2056 207
2056 208
2056 209
2056 210
2056 211
2056 212
2056 213
2056 214
2056 215
2056 216
2056 217
2056 218
2056 219
2056 220
2056 221
2056 222
2056 223
2056 224
2057 155
2057 156
2057 157
2057 158
2057 159
2057 160
2057 161
2057 162
2057 163
2057 164
2057 165
2057 166
2057 167
2057 168
2057 169
2057 170
2057 171
2057 172
2057 173
2057 174
2057 175
2057 176
2057 177
2057 178
2057 179
2057 180
2057 181
2057 182
2057 183
2057 184
2057 185
2057 186
2057 187
2057 188
2057 189
2057 190
2057 191
2057 192
2057 193
2057 194
2057 195
2057 196
2057 197
2057 198
2057 199
2057 200
2057 201
2057 202
2057 203
2057 204
2057 205
2057 206
2057 207
2057 208
2057 209
2057 210
2057 211
2057 212
2057 213
2057 214
2057 215
2058 147
2058 148
2058 149
2058 150
2058 151
2058 152
2058 153
2058 154
2058 155
2058 156
2058 157
2058 158
2058 159
2058 160
2058 161
2058 162
2058 163
2058 164
2058 165
2058 166
2058 167
2058 168
2058 169
2058 170
2058 171
2058 172
2058 173
2058 174
2058 175
2058 176
2058 177
2058 178
2058 179
2058 180
2058 181
2058 182
2058 183
2058 184
2058 185
2058 186
2058 187
2058 188
2058 189
2058 190
2058 191
2058 192
2058 193
2058 194
2058 195
2058 196
2058 197
2058 198
2058 199
2058 200
2058 201
2058 202
2058 203
2058 204
2058 205
2058 206
2059 140
2059 141
2059 142
2059 143
2059 144
2059 145
2059 146
2059 147
2059 148
2059 149
2059 150
2059 151
2059 152
2059 153
2059 154
2059 155
2059 156
2059 157
2059 158
2059 159
2059 160
2059 161
2059 162
2059 163
2059 164
2059 165
2059 166
2059 167
2059 168
2059 169
2059 170
2059 171
2059 172
2059 173
2059 174
2059 175
2059 176
2059 177
2059 178
2059 179
2059 180
2059 181
2059 182
2059 183
2059 184
2059 185
2059 186
2059 187
2059 188
2059 189
2059 190
2059 191
2059 192
2059 193
2059 194
2059 195
2059 196
2060 135
2060 136
2060 137
2060 138
2060 139
2060 140
2060 141
2060 142
2060 143
2060 144
2060 145
2060 146
2060 147
2060 148
2060 149
2060 150
2060 151
2060 152
2060 153
2060 154
2060 155
2060 156
2060 157
2060 158
2060 159
2060 160
2060 161
2060 162
2060 163
2060 164
2060 165
2060 166
2060 167
2060 168
2060 169
2060 170
2060 171
2060 172
2060 173
2060 174
2060 175
2060 176
2060 177
2060 178
2060 179
2060 180
2060 181
2060 182
2060 183
2060 184
2060 185
2061 130
2061 131
2061 132
2061 133
2061 134
2061 135
2061 136
2061 137
2061 138
2061 139
2061 140
2061 141
2061 142
2061 143
2061 144
2061 145
2061 146
2061 147
2061 148
2061 149
2061 150
2061 151
2061 152
2061 153
2061 154
2061 155
2061 156
2061 157
2061 158
2061 159
2061 160
2061 161
2061 162
2061 163
2061 164
2061 165
2061 166
2061 167
2061 168
2061 169
2061 170
2061 171
2061 172
2061 173
2061 174
2062 126
2062 127
2062 128
2062 129
2062 130
2062 131
2062 132
2062 133
2062 134
2062 135
2062 136
2062 137
2062 138
2062 139
2062 140
2062 141
2062 142
2062 143
2062 144
2062 145
2062 146
2062 147
2062 148
2062 149
2062 150
2062 151
2062 152
2062 153
2062 154
2062 155
2062 156
2062 157
2062 158
2062 159
2062 160
2062 161
2062 162
2063 125
2063 126
2063 127
2063 128
2063 129
2063 130
2063 131
2063 132
2063 133
2063 134
2063 135
2063 136
2063 137
2063 138
2063 139
2063 140
2063 141
2063 142
2063 143
2063 144
2063 145
2063 146
2063 147
2063 148
2081 220
2081 221
2081 222
2081 223
2081 224
2081 225
2081 226
2081 227
2081 228
2081 229
2081 230
2081 231
2081 232
2081 233
2081 234
2081 235
2081 236
2081 237
2081 238
2081 239
2081 240
2081 241
2081 242
2081 243
2081 244
2081 245
2082 203
2082 204
2082 205
2082 206
2082 207
2082 208
2082 209
2082 210
2082 211
2082 212
2082 213
2082 214
2082 215
2082 216
2082 217
2082 218
2082 219
2082 220
2082 221
2082 222
2082 223
2082 224
2082 225
2082 226
2082 227
2082 228
2082 229
2082 230
2082 231
2082 232
2082 233
2082 234
2082 235
2082 236
2082 237
2082 238
2082 239
2082 240
2082 241
2082 242
2082 243
2082 244
2083 189
2083 190
2083 191
2083 192
2083 193
2083 194
2083 195
2083 196
2083 197
2083 198
2083 199
2083 200
2083 201
2083 202
2083 203
2083 204
2083 205
2083 206
2083 207
2083 208
2083 209
2083 210
2083 211
2083 212
2083 213
2083 214
2083 215
2083 216
2083 217
2083 218
2083 219
2083 220
2083 221
2083 222
2083 223
2083 224
2083 225
2083 226
2083 227
2083 228
2083 229
2083 230
2083 231
2083 232
2083 233
2083 234
2083 235
2083 236
2083 237
2083 238
2084 177
2084 178
2084 179
2084 180
2084 181
2084 182
2084 183
2084 184
2084 185
2084 186
2084 187
2084 188
2084 189
2084 190
2084 191
2084 192
2084 193
2084 194
2084 195
2084 196
2084 197
2084 198
2084 199
2084 200
2084 201
2084 202
2084 203
2084 204
2084 205
2084 206
2084 207
2084 208
2084 209
2084 210
2084 211
2084 212
2084 213
2084 214
2084 215
2084 216
2084 217
2084 218
2084 219
2084 220
2084 221
2084 222
2084 223
2084 224
2084 225
2084 226
2084 227
2084 228
2084 229
2084 230
2084 231
2084 232
2085 167
2085 168
2085 169
2085 170
2085 171
2085 172
2085 173
2085 174
2085 175
2085 176
2085 177
2085 178
2085 179
2085 180
2085 181
2085 182
2085 183
2085 184
2085 185
2085 186
2085 187
2085 188
2085 189
2085 190
2085 191
2085 192
2085 193
2085 194
2085 195
2085 196
2085 197
2085 198
2085 199
2085 200
2085 201
2085 202
2085 203
2085 204
2085 205
2085 206
2085 207
2085 208
2085 209
2085 210
2085 211
2085 212
2085 213
2085 214
2085 215
2085 216
2085 217
2085 218
2085 219
2085 220
2085 221
2085 222
2085 223
2085 224
2086 158
2086 159
2086 160
2086 161
2086 162
2086 163
2086 164
2086 165
2086 166
2086 167
2086 168
2086 169
2086 170
2086 171
2086 172
2086 173
2086 174
2086 175
2086 176
2086 177
2086 178
2086 179
2086 180
2086 181
2086 182
2086 183
2086 184
2086 185
2086 186
2086 187
2086 188
2086 189
2086 190
2086 191
2086 192
2086 193
2086 194
2086 195
2086 196
2086 197
2086 198
2086 199
2086 200
2086 201
2086 202
2086 203
2086 204
2086 205
2086 206
2086 207
2086 208
2086 209
2086 210
2086 211
2086 212
2086 213
2086 214
2086 215
2087 150
2087 151
2087 152
2087 153
2087 154
2087 155
2087 156
2087 157
2087 158
2087 159
2087 160
2087 161
2087 162
2087 163
2087 164
2087 165
2087 166
2087 167
2087 168
2087 169
2087 170
2087 171
2087 172
2087 173
2087 174
2087 175
2087 176
2087 177
2087 178
2087 179
2087 180
2087 181
2087 182
2087 183
2087 184
2087 185
2087 186
2087 187
2087 188
2087 189
2087 190
2087 191
2087 192
2087 193
2087 194
2087 195
2087 196
2087 197
2087 198
2087 199
2087 200
2087 201
2087 202
2087 203
2087 204
2087 205
2087 206
2088 143
2088 144
2088 145
2088 146
2088 147
2088 148
2088 149
2088 150
2088 151
2088 152
2088 153
2088 154
2088 155
2088 156
2088 157
2088 158
2088 159
2088 160
2088 161
2088 162
2088 163
2088 164
2088 165
2088 166
2088 167
2088 168
2088 169
2088 170
2088 171
2088 172
2088 173
2088 174
2088 175
2088 176
2088 177
2088 178
2088 179
2088 180
2088 181
2088 182
2088 183
2088 184
2088 185
2088 186
2088 187
2088 188
2088 189
2088 190
2088 191
2088 192
2088 193
2088 194
2088 195
2088 196
2089 137
2089 138
2089 139
2089 140
2089 141
2089 142
2089 143
2089 144
2089 145
2089 146
2089 147
2089 148
2089 149
2089 150
2089 151
2089 152
2089 153
2089 154
2089 155
2089 156
2089 157
2089 158
2089 159
2089 160
2089 161
2089 162
2089 163
2089 164
2089 165
2089 166
2089 167
2089 168
2089 169
2089 170
2089 171
2089 172
2089 173
2089 174
2089 175
2089 176
2089 177
2089 178
2089 179
2089 180
2089 181
2089 182
2089 183
2089 184
2089 185
2089 186
2090 132
2090 133
2090 134
2090 135
2090 136
2090 137
2090 138
2090 139
2090 140
2090 141
2090 142
2090 143
2090 144
2090 145
2090 146
2090 147
2090 148
2090 149
2090 150
2090 151
2090 152
2090 153
2090 154
2090 155
2090 156
2090 157
2090 158
2090 159
2090 160
2090 161
2090 162
2090 163
2090 164
2090 165
2090 166
2090 167
2090 168
2090 169
2090 170
2090 171
2090 172
2090 173
2090 174
2090 175
2091 129
2091 130
2091 131
2091 132
2091 133
2091 134
2091 135
2091 136
2091 137
2091 138
2091 139
2091 140
2091 141
2091 142
2091 143
2091 144
2091 145
2091 146
2091 147
2091 148
2091 149
2091 150
2091 151
2091 152
2091 153
2091 154
2091 155
2091 156
2091 157
2091 158
2091 159
2091 160
2091 161
2091 162
2091 163
2091 164
2092 127
2092 128
2092 129
2092 130
2092 131
2092 132
2092 133
2092 134
2092 135
2092 136
2092 137
2092 138
2092 139
2092 140
2092 141
2092 142
2092 143
2092 144
2092 145
2092 146
2092 147
2092 148
2092 149
2092 150
2092 151
2110 230
2110 231
2110 232
2110 233
2110 234
2110 235
2110 236
2110 237
2110 238
2110 239
2110 240
2110 241
2110 242
2110 243
2110 244
2111 209
2111 210
2111 211
2111 212
2111 213
2111 214
2111 215
2111 216
2111 217
2111 218
2111 219
2111 220
2111 221
2111 222
2111 223
2111 224
2111 225
2111 226
2111 227
2111 228
2111 229
2111 230
2111 231
2111 232
2111 233
2111 234
2111 235
2111 236
2111 237
2111 238
2111 239
2111 240
2111 241
2111 242
2111 243
2111 244
2112 193
2112 194
2112 195
2112 196
2112 197
2112 198
2112 199
2112 200
2112 201
2112 202
2112 203
2112 204
2112 205
2112 206
2112 207
2112 208
2112 209
2112 210
2112 211
2112 212
2112 213
2112 214
2112 215
2112 216
2112 217
2112 218
2112 219
2112 220
2112 221
2112 222
2112 223
2112 224
2112 225
2112 226
2112 227
2112 228
2112 229
2112 230
2112 231
2112 232
2112 233
2112 234
2112 235
2112 236
2112 237
2112 238
2112 239
2113 181
2113 182
2113 183
2113 184
2113 185
2113 186
2113 187
2113 188
2113 189
2113 190
2113 191
2113 192
2113 193
2113 194
2113 195
2113 196
2113 197
2113 198
2113 199
2113 200
2113 201
2113 202
2113 203
2113 204
2113 205
2113 206
2113 207
2113 208
2113 209
2113 210
2113 211
2113 212
2113 213
2113 214
2113 215
2113 216
2113 217
2113 218
2113 219
2113 220
2113 221
2113 222
2113 223
2113 224
2113 225
2113 226
2113 227
2113 228
2113 229
2113 230
2113 231
2113 232
2114 170
2114 171
2114 172
2114 173
2114 174
2114 175
2114 176
2114 177
2114 178
2114 179
2114 180
2114 181
2114 182
2114 183
2114 184
2114 185
2114 186
2114 187
2114 188
2114 189
2114 190
2114 191
2114 192
2114 193
2114 194
2114 195
2114 196
2114 197
2114 198
2114 199
2114 200
2114 201
2114 202
2114 203
2114 204
2114 205
2114 206
2114 207
2114 208
2114 209
2114 210
2114 211
2114 212
2114 213
2114 214
2114 215
2114 216
2114 217
2114 218
2114 219
2114 220
2114 221
2114 222
2114 223
2114 224
2115 161
2115 162
2115 163
2115 164
2115 165
2115 166
2115 167
2115 168
2115 169
2115 170
2115 171
2115 172
2115 173
2115 174
2115 175
2115 176
2115 177
2115 178
2115 179
2115 180
2115 181
2115 182
2115 183
2115 184
2115 185
2115 186
2115 187
2115 188
2115 189
2115 190
2115 191
2115 192
2115 193
2115 194
2115 195
2115 196
2115 197
2115 198
2115 199
2115 200
2115 201
2115 202
2115 203
2115 204
2115 205
2115 206
2115 207
2115 208
2115 209
2115 210
2115 211
2115 212
2115 213
2115 214
2115 215
2116 153
2116 154
2116 155
2116 156
2116 157
2116 158
2116 159
2116 160
2116 161
2116 162
2116 163
2116 164
2116 165
2116 166
2116 167
2116 168
2116 169
2116 170
2116 171
2116 172
2116 173
2116 174
2116 175
2116 176
2116 177
2116 178
2116 179
2116 180
2116 181
2116 182
2116 183
2116 184
2116 185
2116 186
2116 187
2116 188
2116 189
2116 190
2116 191
2116 192
2116 193
2116 194
2116 195
2116 196
2116 197
2116 198
2116 199
2116 200
2116 201
2116 202
2116 203
2116 204
2116 205
2116 206
2117 146
2117 147
2117 148
2117 149
2117 150
2117 151
2117 152
2117 153
2117 154
2117 155
2117 156
2117 157
2117 158
2117 159
2117 160
2117 161
2117 162
2117 163
2117 164
2117 165
2117 166
2117 167
2117 168
2117 169
2117 170
2117 171
2117 172
2117 173
2117 174
2117 175
2117 176
2117 177
2117 178
2117 179
2117 180
2117 181
2117 182
2117 183
2117 184
2117 185
2117 186
2117 187
2117 188
2117 189
2117 190
2117 191
2117 192
2117 193
2117 194
2117 195
2117 196
2118 140
2118 141
2118 142
2118 143
2118 144
2118 145
2118 146
2118 147
2118 148
2118 149
2118 150
2118 151
2118 152
2118 153
2118 154
2118 155
2118 156
2118 157
2118 158
2118 159
2118 160
2118 161
2118 162
2118 163
2118 164
2118 165
2118 166
2118 167
2118 168
2118 169
2118 170
2118 171
2118 172
2118 173
2118 174
2118 175
2118 176
2118 177
2118 178
2118 179
2118 180
2118 181
2118 182
2118 183
2118 184
2118 185
2118 186
2119 135
2119 136
2119 137
2119 138
2119 139
2119 140
2119 141
2119 142
2119 143
2119 144
2119 145
2119 146
2119 147
2119 148
2119 149
2119 150
2119 151
2119 152
2119 153
2119 154
2119 155
2119 156
2119 157
2119 158
2119 159
2119 160
2119 161
2119 162
2119 163
2119 164
2119 165
2119 166
2119 167
2119 168
2119 169
2119 170
2119 171
2119 172
2119 173
2119 174
2119 175
2119 176
2120 131
2120 132
2120 133
2120 134
2120 135
2120 136
2120 137
2120 138
2120 139
2120 140
2120 141
2120 142
2120 143
2120 144
2120 145
2120 146
2120 147
2120 148
2120 149
2120 150
2120 151
2120 152
2120 153
2120 154
2120 155
2120 156
2120 157
2120 158
2120 159
2120 160
2120 161
2120 162
2120 163
2120 164
2120 165
2121 130
2121 131
2121 132
2121 133
2121 134
2121 135
2121 136
2121 137
2121 138
2121 139
2121 140
2121 141
2121 142
2121 143
2121 144
2121 145
2121 146
2121 147
2121 148
2121 149
2121 150
2121 151
2121 152
2140 219
2140 220
2140 221
2140 222
2140 223
2140 224
2140 225
2140 226
2140 227
2140 228
2140 229
2140 230
2140 231
2140 232
2140 233
2140 234
2140 235
2140 236
2140 237
2140 238
2140 239
2140 240
2140 241
2140 242
2141 200
2141 201
2141 202
2141 203
2141 204
2141 205
2141 206
2141 207
2141 208
2141 209
2141 210
2141 211
2141 212
2141 213
2141 214
2141 215
2141 216
2141 217
2141 218
2141 219
2141 220
2141 221
2141 222
2141 223
2141 224
2141 225
2141 226
2141 227
2141 228
2141 229
2141 230
2141 231
2141 232
2141 233
2141 234
2141 235
2141 236
2141 237
2141 238
2142 186
2142 187
2142 188
2142 189
2142 190
2142 191
2142 192
2142 193
2142 194
2142 195
2142 196
2142 197
2142 198
2142 199
2142 200
2142 201
2142 202
2142 203
2142 204
2142 205
2142 206
2142 207
2142 208
2142 209
2142 210
2142 211
2142 212
2142 213
2142 214
2142 215
2142 216
2142 217
2142 218
2142 219
2142 220
2142 221
2142 222
2142 223
2142 224
2142 225
2142 226
2142 227
2142 228
2142 229
2142 230
2143 175
2143 176
2143 177
2143 178
2143 179
2143 180
2143 181
2143 182
2143 183
2143 184
2143 185
2143 186
2143 187
2143 188
2143 189
2143 190
2143 191
2143 192
2143 193
2143 194
2143 195
2143 196
2143 197
2143 198
2143 199
2143 200
2143 201
2143 202
2143 203
2143 204
2143 205
2143 206
2143 207
2143 208
2143 209
2143 210
2143 211
2143 212
2143 213
2143 214
2143 215
2143 216
2143 217
2143 218
2143 219
2143 220
2143 221
2143 222
2144 165
2144 166
2144 167
2144 168
2144 169
2144 170
2144 171
2144 172
2144 173
2144 174
2144 175
2144 176
2144 177
2144 178
2144 179
2144 180
2144 181
2144 182
2144 183
2144 184
2144 185
2144 186
2144 187
2144 188
2144 189
2144 190
2144 191
2144 192
2144 193
2144 194
2144 195
2144 196
2144 197
2144 198
2144 199
2144 200
2144 201
2144 202
2144 203
2144 204
2144 205
2144 206
2144 207
2144 208
2144 209
2144 210
2144 211
2144 212
2144 213
2145 157
2145 158
2145 159
2145 160
2145 161
2145 162
2145 163
2145 164
2145 165
2145 166
2145 167
2145 168
2145 169
2145 170
2145 171
2145 172
2145 173
2145 174
2145 175
2145 176
2145 177
2145 178
2145 179
2145 180
2145 181
2145 182
2145 183
2145 184
2145 185
2145 186
2145 187
2145 188
2145 189
2145 190
2145 191
2145 192
2145 193
2145 194
2145 195
2145 196
2145 197
2145 198
2145 199
2145 200
2145 201
2145 202
2145 203
2145 204
2146 150
2146 151
2146 152
2146 153
2146 154
2146 155
2146 156
2146 157
2146 158
2146 159
2146 160
2146 161
2146 162
2146 163
2146 164
2146 165
2146 166
2146 167
2146 168
2146 169
2146 170
2146 171
2146 172
2146 173
2146 174
2146 175
2146 176
2146 177
2146 178
2146 179
2146 180
2146 181
2146 182
2146 183
2146 184
2146 185
2146 186
2146 187
2146 188
2146 189
2146 190
2146 191
2146 192
2146 193
2146 194
2146 195
2147 144
2147 145
2147 146
2147 147
2147 148
2147 149
2147 150
2147 151
2147 152
2147 153
2147 154
2147 155
2147 156
2147 157
2147 158
2147 159
2147 160
2147 161
2147 162
2147 163
2147 164
2147 165
2147 166
2147 167
2147 168
2147 169
2147 170
2147 171
2147 172
2147 173
2147 174
2147 175
2147 176
2147 177
2147 178
2147 179
2147 180
2147 181
2147 182
2147 183
2147 184
2147 185
2148 139
2148 140
2148 141
2148 142
2148 143
2148 144
2148 145
2148 146
2148 147
2148 148
2148 149
2148 150
2148 151
2148 152
2148 153
2148 154
2148 155
2148 156
2148 157
2148 158
2148 159
2148 160
2148 161
2148 162
2148 163
2148 164
2148 165
2148 166
2148 167
2148 168
2148 169
2148 170
2148 171
2148 172
2148 173
2148 174
2148 175
2149 135
2149 136
2149 137
2149 138
2149 139
2149 140
2149 141
2149 142
2149 143
2149 144
2149 145
2149 146
2149 147
2149 148
2149 149
2149 150
2149 151
2149 152
2149 153
2149 154
2149 155
2149 156
2149 157
2149 158
2149 159
2149 160
2149 161
2149 162
2149 163
2149 164
2150 134
2150 135
2150 136
2150 137
2150 138
2150 139
2150 140
2150 141
2150 142
2150 143
2150 144
2150 145
2150 146
2150 147
2150 148
2150 149
2150 150
2150 151
2150 152
2170 216
2170 217
2170 218
2170 219
2170 220
2170 221
2170 222
2170 223
2170 224
2170 225
2170 226
2170 227
2170 228
2170 229
2170 230
2170 231
2171 195
2171 196
2171 197
2171 198
2171 199
2171 200
2171 201
2171 202
2171 203
2171 204
2171 205
2171 206
2171 207
2171 208
2171 209
2171 210
2171 211
2171 212
2171 213
2171 214
2171 215
2171 216
2171 217
2171 218
2171 219
2171 220
2171 221
2171 222
2171 223
2171 224
2171 225
2171 226
2172 181
2172 182
2172 183
2172 184
2172 185
2172 186
2172 187
2172 188
2172 189
2172 190
2172 191
2172 192
2172 193
2172 194
2172 195
2172 196
2172 197
2172 198
2172 199
2172 200
2172 201
2172 202
2172 203
2172 204
2172 205
2172 206
2172 207
2172 208
2172 209
2172 210
2172 211
2172 212
2172 213
2172 214
2172 215
2172 216
2172 217
2172 218
2173 171
2173 172
2173 173
2173 174
2173 175
2173 176
2173 177
2173 178
2173 179
2173 180
2173 181
2173 182
2173 183
2173 184
2173 185
2173 186
2173 187
2173 188
2173 189
2173 190
2173 191
2173 192
2173 193
2173 194
2173 195
2173 196
2173 197
2173 198
2173 199
2173 200
2173 201
2173 202
2173 203
2173 204
2173 205
2173 206
2173 207
2173 208
2173 209
2174 162
2174 163
2174 164
2174 165
2174 166
2174 167
2174 168
2174 169
2174 170
2174 171
2174 172
2174 173
2174 174
2174 175
2174 176
2174 177
2174 178
2174 179
2174 180
2174 181
2174 182
2174 183
2174 184
2174 185
2174 186
2174 187
2174 188
2174 189
2174 190
2174 191
2174 192
2174 193
2174 194
2174 195
2174 196
2174 197
2174 198
2174 199
2174 200
2174 201
2175 155
2175 156
2175 157
2175 158
2175 159
2175 160
2175 161
2175 162
2175 163
2175 164
2175 165
2175 166
2175 167
2175 168
2175 169
2175 170
2175 171
2175 172
2175 173
2175 174
2175 175
2175 176
2175 177
2175 178
2175 179
2175 180
2175 181
2175 182
2175 183
2175 184
2175 185
2175 186
2175 187
2175 188
2175 189
2175 190
2175 191
2175 192
2176 149
2176 150
2176 151
2176 152
2176 153
2176 154
2176 155
2176 156
2176 157
2176 158
2176 159
2176 160
2176 161
2176 162
2176 163
2176 164
2176 165
2176 166
2176 167
2176 168
2176 169
2176 170
2176 171
2176 172
2176 173
2176 174
2176 175
2176 176
2176 177
2176 178
2176 179
2176 180
2176 181
2176 182
2177 144
2177 145
2177 146
2177 147
2177 148
2177 149
2177 150
2177 151
2177 152
2177 153
2177 154
2177 155
2177 156
2177 157
2177 158
2177 159
2177 160
2177 161
2177 162
2177 163
2177 164
2177 165
2177 166
2177 167
2177 168
2177 169
2177 170
2177 171
2177 172
2177 173
2178 140
2178 141
2178 142
2178 143
2178 144
2178 145
2178 146
2178 147
2178 148
2178 149
2178 150
2178 151
2178 152
2178 153
2178 154
2178 155
2178 156
2178 157
2178 158
2178 159
2178 160
2178 161
2178 162
2179 142
2179 143
2179 144
2179 145
2179 146
2179 147
2179 148
2202 180
2202 181
2202 182
2202 183
2202 184
2202 185
2202 186
2202 187
2202 188
2202 189
2202 190
2202 191
2202 192
2202 193
2202 194
2202 195
2202 196
2202 197
2202 198
2202 199
2202 200
2203 170
2203 171
2203 172
2203 173
2203 174
2203 175
2203 176
2203 177
2203 178
2203 179
2203 180
2203 181
2203 182
2203 183
2203 184
2203 185
2203 186
2203 187
2203 188
2203 189
2203 190
2203 191
2203 192
2203 193
2204 161
2204 162
2204 163
2204 164
2204 165
2204 166
2204 167
2204 168
2204 169
2204 170
2204 171
2204 172
2204 173
2204 174
2204 175
2204 176
2204 177
2204 178
2204 179
2204 180
2204 181
2204 182
2204 183
2204 184
2204 185
2204 186
2205 155
2205 156
2205 157
2205 158
2205 159
2205 160
2205 161
2205 162
2205 163
2205 164
2205 165
2205 166
2205 167
2205 168
2205 169
2205 170
2205 171
2205 172
2205 173
2205 174
2205 175
2205 176
2205 177
2206 151
2206 152
2206 153
2206 154
2206 155
2206 156
2206 157
2206 158
2206 159
2206 160
2206 161
2206 162
2206 163
2206 164
2206 165
2206 166
2206 167
2206 168
2207 150
2207 151
2207 152
2207 153
2207 154
2207 155
4317 134
4317 135
4317 136
4317 137
4318 123
4318 124
4318 125
4318 126
4318 127
4318 128
4318 129
4318 130
4318 131
4318 132
4318 133
4318 134
4318 135
4318 136
4318 137
4319 115
4319 116
4319 117
4319 118
4319 119
4319 120
4319 121
4319 122
4319 123
4319 124
4319 125
4319 126
4319 127
4319 128
4319 129
4319 130
4319 131
4319 132
4319 133
4320 109
4320 110
4320 111
4320 112
4320 113
4320 114
4320 115
4320 116
4320 117
4320 118
4320 119
4320 120
4320 121
4320 122
4320 123
4320 124
4320 125
4320 126
4320 127
4320 128
4321 104
4321 105
4321 106
4321 107
4321 108
4321 109
4321 110
4321 111
4321 112
4321 113
4321 114
4321 115
4321 116
4321 117
4321 118
4321 119
4321 120
4321 121
4321 122
4322 100
4322 101
4322 102
4322 103
4322 104
4322 105
4322 106
4322 107
4322 108
4322 109
4322 110
4322 111
4322 112
4322 113
4322 114
4322 115
4323 98
4323 99
4323 100
4323 101
4323 102
4323 103
4323 104
4323 105
4323 106
4346 129
4346 130
4346 131
4346 132
4346 133
4346 134
4346 135
4346 136
4346 137
4346 138
4346 139
4346 140
4346 141
4346 142
4346 143
4346 144
4347 120
4347 121
4347 122
4347 123
4347 124
4347 125
4347 126
4347 127
4347 128
4347 129
4347 130
4347 131
4347 132
4347 133
4347 134
4347 135
4347 136
4347 137
4347 138
4347 139
4347 140
4347 141
4347 142
4348 113
4348 114
4348 115
4348 116
4348 117
4348 118
4348 119
4348 120
4348 121
4348 122
4348 123
4348 124
4348 125
4348 126
4348 127
4348 128
4348 129
4348 130
4348 131
4348 132
4348 133
4348 134
4348 135
4348 136
4348 137
4348 138
4349 107
4349 108
4349 109
4349 110
4349 111
4349 112
4349 113
4349 114
4349 115
4349 116
4349 117
4349 118
4349 119
4349 120
4349 121
4349 122
4349 123
4349 124
4349 125
4349 126
4349 127
4349 128
4349 129
4349 130
4349 131
4349 132
4349 133
4350 101
4350 102
4350 103
4350 104
4350 105
4350 106
4350 107
4350 108
4350 109
4350 110
4350 111
4350 112
4350 113
4350 114
4350 115
4350 116
4350 117
4350 118
4350 119
4350 120
4350 121
4350 122
4350 123
4350 124
4350 125
4350 126
4350 127
4351 96
4351 97
4351 98
4351 99
4351 100
4351 101
4351 102
4351 103
4351 104
4351 105
4351 106
4351 107
4351 108
4351 109
4351 110
4351 111
4351 112
4351 113
4351 114
4351 115
4351 116
4351 117
4351 118
4351 119
4351 120
4351 121
4352 92
4352 93
4352 94
4352 95
4352 96
4352 97
4352 98
4352 99
4352 100
4352 101
4352 102
4352 103
4352 104
4352 105
4352 106
4352 107
4352 108
4352 109
4352 110
4352 111
4352 112
4352 113
4352 114
4353 90
4353 91
4353 92
4353 93
4353 94
4353 95
4353 96
4353 97
4353 98
4353 99
4353 100
4353 101
4353 102
4353 103
4353 104
4353 105
4374 139
4374 140
4374 141
4374 142
4374 143
4374 144
4374 145
4374 146
4374 147
4374 148
4375 128
4375 129
4375 130
4375 131
4375 132
4375 133
4375 134
4375 135
4375 136
4375 137
4375 138
4375 139
4375 140
4375 141
4375 142
4375 143
4375 144
4375 145
4375 146
4375 147
4375 148
4376 120
4376 121
4376 122
4376 123
4376 124
4376 125
4376 126
4376 127
4376 128
4376 129
4376 130
4376 131
4376 132
4376 133
4376 134
4376 135
4376 136
4376 137
4376 138
4376 139
4376 140
4376 141
4376 142
4376 143
4376 144
4376 145
4377 113
4377 114
4377 115
4377 116
4377 117
4377 118
4377 119
4377 120
4377 121
4377 122
4377 123
4377 124
4377 125
4377 126
4377 127
4377 128
4377 129
4377 130
4377 131
4377 132
4377 133
4377 134
4377 135
4377 136
4377 137
4377 138
4377 139
4377 140
4377 141
4378 106
4378 107
4378 108
4378 109
4378 110
4378 111
4378 112
4378 113
4378 114
4378 115
4378 116
4378 117
4378 118
4378 119
4378 120
4378 121
4378 122
4378 123
4378 124
4378 125
4378 126
4378 127
4378 128
4378 129
4378 130
4378 131
4378 132
4378 133
4378 134
4378 135
4378 136
4379 100
4379 101
4379 102
4379 103
4379 104
4379 105
4379 106
4379 107
4379 108
4379 109
4379 110
4379 111
4379 112
4379 113
4379 114
4379 115
4379 116
4379 117
4379 118
4379 119
4379 120
4379 121
4379 122
4379 123
4379 124
4379 125
4379 126
4379 127
4379 128
4379 129
4379 130
4379 131
4380 95
4380 96
4380 97
4380 98
4380 99
4380 100
4380 101
4380 102
4380 103
4380 104
4380 105
4380 106
4380 107
4380 108
4380 109
4380 110
4380 111
4380 112
4380 113
4380 114
4380 115
4380 116
4380 117
4380 118
4380 119
4380 120
4380 121
4380 122
4380 123
4380 124
4380 125
4381 90
4381 91
4381 92
4381 93
4381 94
4381 95
4381 96
4381 97
4381 98
4381 99
4381 100
4381 101
4381 102
4381 103
4381 104
4381 105
4381 106
4381 107
4381 108
4381 109
4381 110
4381 111
4381 112
4381 113
4381 114
4381 115
4381 116
4381 117
4381 118
4382 86
4382 87
4382 88
4382 89
4382 90
4382 91
4382 92
4382 93
4382 94
4382 95
4382 96
4382 97
4382 98
4382 99
4382 100
4382 101
4382 102
4382 103
4382 104
4382 105
4382 106
4382 107
4382 108
4382 109
4382 110
4382 111
