1702 559
1702 560
1702 561
1702 562
1702 563
1702 564
1705 555
1705 556
1705 557
1705 558
1705 559
1705 560
1705 561
1705 562
1708 552
1708 553
1708 554
1708 555
1708 556
1708 557
1708 558
1708 559
1711 549
1711 550
1711 551
1711 552
1711 553
1711 554
1711 555
1711 556
1714 548
1714 549
1714 550
1714 551
1714 552
1737 0
1737 1
1737 2
1737 569
1737 570
1737 571
1737 572
1737 573
1737 574
1737 575
1740 0
1740 1
1740 564
1740 565
1740 566
1740 567
1740 568
1740 569
1740 570
1740 571
1740 572
1740 573
1740 574
1740 575
1743 0
1743 560
1743 561
1743 562
1743 563
1743 564
1743 565
1743 566
1743 567
1743 568
1743 569
1743 570
1743 571
1743 572
1743 573
1743 574
1743 575
1746 557
1746 558
1746 559
1746 560
1746 561
1746 562
1746 563
1746 564
1746 565
1746 566
1746 567
1746 568
1746 569
1746 570
1746 571
1746 572
1746 573
1749 553
1749 554
1749 555
1749 556
1749 557
1749 558
1749 559
1749 560
1749 561
1749 562
1749 563
1749 564
1749 565
1749 566
1749 567
1749 568
1749 569
1749 570
1749 571
1752 550
1752 551
1752 552
1752 553
1752 554
1752 555
1752 556
1752 557
1752 558
1752 559
1752 560
1752 561
1752 562
1752 563
1752 564
1752 565
1752 566
1752 567
1752 568
1755 548
1755 549
1755 550
1755 551
1755 552
1755 553
1755 554
1755 555
1755 556
1755 557
1755 558
1755 559
1755 560
1755 561
1755 562
1755 563
1755 564
1755 565
1758 545
1758 546
1758 547
1758 548
1758 549
1758 550
1758 551
1758 552
1758 553
1758 554
1758 555
1758 556
1758 557
1758 558
1758 559
1758 560
1758 561
1758 562
1761 543
1761 544
1761 545
1761 546
1761 547
1761 548
1761 549
1761 550
1761 551
1761 552
1761 553
1761 554
1761 555
1761 556
1761 557
1761 558
1764 542
1764 543
1764 544
1764 545
1764 546
1764 547
1764 548
1764 549
1764 550
1764 551
1764 552
1764 553
1764 554
1767 541
1767 542
1767 543
1767 544
1767 545
1767 546
1767 547
1767 548
1767 549
1775 3
1775 4
1775 5
1775 6
1775 7
1775 8
1775 9
1775 10
1775 11
1778 0
1778 1
1778 2
1778 3
1778 4
1778 5
1778 6
1778 7
1778 8
1778 9
1778 10
1778 11
1778 573
1778 574
1778 575
1781 0
1781 1
1781 2
1781 3
1781 4
1781 5
1781 6
1781 7
1781 8
1781 9
1781 10
1781 569
1781 570
1781 571
1781 572
1781 573
1781 574
1781 575
1784 0
1784 1
1784 2
1784 3
1784 4
1784 5
1784 6
1784 7
1784 8
1784 565
1784 566
1784 567
1784 568
1784 569
1784 570
1784 571
1784 572
1784 573
1784 574
1784 575
1787 0
1787 1
1787 2
1787 3
1787 4
1787 5
1787 6
1787 561
1787 562
1787 563
1787 564
1787 565
1787 566
1787 567
1787 568
1787 569
1787 570
1787 571
1787 572
1787 573
1787 574
1787 575
1790 0
1790 1
1790 2
1790 3
1790 4
1790 558
1790 559
1790 560
1790 561
1790 562
1790 563
1790 564
1790 565
1790 566
1790 567
1790 568
1790 569
1790 570
1790 571
1790 572
1790 573
1790 574
1790 575
1793 0
1793 1
1793 554
1793 555
1793 556
1793 557
1793 558
1793 559
1793 560
1793 561
1793 562
1793 563
1793 564
1793 565
1793 566
1793 567
1793 568
1793 569
1793 570
1793 571
1793 572
1793 573
1793 574
1793 575
1796 552
1796 553
1796 554
1796 555
1796 556
1796 557
1796 558
1796 559
1796 560
1796 561
1796 562
1796 563
1796 564
1796 565
1796 566
1796 567
1796 568
1796 569
1796 570
1796 571
1796 572
1796 573
1796 574
1796 575
1799 549
1799 550
1799 551
1799 552
1799 553
1799 554
1799 555
1799 556
1799 557
1799 558
1799 559
1799 560
1799 561
1799 562
1799 563
1799 564
1799 565
1799 566
1799 567
1799 568
1799 569
1799 570
1799 571
1799 572
1802 546
1802 547
1802 548
1802 549
1802 550
1802 551
1802 552
1802 553
1802 554
1802 555
1802 556
1802 557
1802 558
1802 559
1802 560
1802 561
1802 562
1802 563
1802 564
1802 565
1802 566
1802 567
1802 568
1802 569
1805 544
1805 545
1805 546
1805 547
1805 548
1805 549
1805 550
1805 551
1805 552
1805 553
1805 554
1805 555
1805 556
1805 557
1805 558
1805 559
1805 560
1805 561
1805 562
1805 563
1805 564
1805 565
1808 542
1808 543
1808 544
1808 545
1808 546
1808 547
1808 548
1808 549
1808 550
1808 551
1808 552
1808 553
1808 554
1808 555
1808 556
1808 557
1808 558
1808 559
1808 560
1808 561
1808 562
1811 540
1811 541
1811 542
1811 543
1811 544
1811 545
1811 546
1811 547
1811 548
1811 549
1811 550
1811 551
1811 552
1811 553
1811 554
1811 555
1811 556
1811 557
1811 558
1814 539
1814 540
1814 541
1814 542
1814 543
1814 544
1814 545
1814 546
1814 547
1814 548
1814 549
1814 550
1814 551
1814 552
1814 553
1814 554
1816 9
1816 10
1816 11
1816 12
1816 13
1816 14
1816 15
1816 16
1816 17
1817 538
1817 539
1817 540
1817 541
1817 542
1817 543
1817 544
1817 545
1817 546
1817 547
1817 548
1817 549
1819 3
1819 4
1819 5
1819 6
1819 7
1819 8
1819 9
1819 10
1819 11
1819 12
1819 13
1819 14
1819 15
1819 16
1819 17
1820 539
1820 540
1820 541
1820 542
1820 543
1822 0
1822 1
1822 2
1822 3
1822 4
1822 5
1822 6
1822 7
1822 8
1822 9
1822 10
1822 11
1822 12
1822 13
1822 14
1822 15
1822 16
1822 17
1822 574
1822 575
1825 0
1825 1
1825 2
1825 3
1825 4
1825 5
1825 6
1825 7
1825 8
1825 9
1825 10
1825 11
1825 12
1825 13
1825 14
1825 15
1825 570
1825 571
1825 572
1825 573
1825 574
1825 575
1828 0
1828 1
1828 2
1828 3
1828 4
1828 5
1828 6
1828 7
1828 8
1828 9
1828 10
1828 11
1828 12
1828 13
1828 14
1828 566
1828 567
1828 568
1828 569
1828 570
1828 571
1828 572
1828 573
1828 574
1828 575
1831 0
1831 1
1831 2
1831 3
1831 4
1831 5
1831 6
1831 7
1831 8
1831 9
1831 10
1831 11
1831 12
1831 563
1831 564
1831 565
1831 566
1831 567
1831 568
1831 569
1831 570
1831 571
1831 572
1831 573
1831 574
1831 575
1834 0
1834 1
1834 2
1834 3
1834 4
1834 5
1834 6
1834 7
1834 8
1834 9
1834 560
1834 561
1834 562
1834 563
1834 564
1834 565
1834 566
1834 567
1834 568
1834 569
1834 570
1834 571
1834 572
1834 573
1834 574
1834 575
1837 0
1837 1
1837 2
1837 3
1837 4
1837 5
1837 6
1837 7
1837 557
1837 558
1837 559
1837 560
1837 561
1837 562
1837 563
1837 564
1837 565
1837 566
1837 567
1837 568
1837 569
1837 570
1837 571
1837 572
1837 573
1837 574
1837 575
1840 0
1840 1
1840 2
1840 3
1840 4
1840 554
1840 555
1840 556
1840 557
1840 558
1840 559
1840 560
1840 561
1840 562
1840 563
1840 564
1840 565
1840 566
1840 567
1840 568
1840 569
1840 570
1840 571
1840 572
1840 573
1840 574
1840 575
1843 0
1843 1
1843 551
1843 552
1843 553
1843 554
1843 555
1843 556
1843 557
1843 558
1843 559
1843 560
1843 561
1843 562
1843 563
1843 564
1843 565
1843 566
1843 567
1843 568
1843 569
1843 570
1843 571
1843 572
1843 573
1843 574
1843 575
1846 548
1846 549
1846 550
1846 551
1846 552
1846 553
1846 554
1846 555
1846 556
1846 557
1846 558
1846 559
1846 560
1846 561
1846 562
1846 563
1846 564
1846 565
1846 566
1846 567
1846 568
1846 569
1846 570
1846 571
1846 572
1846 573
1846 574
1849 546
1849 547
1849 548
1849 549
1849 550
1849 551
1849 552
1849 553
1849 554
1849 555
1849 556
1849 557
1849 558
1849 559
1849 560
1849 561
1849 562
1849 563
1849 564
1849 565
1849 566
1849 567
1849 568
1849 569
1849 570
1849 571
1852 544
1852 545
1852 546
1852 547
1852 548
1852 549
1852 550
1852 551
1852 552
1852 553
1852 554
1852 555
1852 556
1852 557
1852 558
1852 559
1852 560
1852 561
1852 562
1852 563
1852 564
1852 565
1852 566
1852 567
1852 568
1855 542
1855 543
1855 544
1855 545
1855 546
1855 547
1855 548
1855 549
1855 550
1855 551
1855 552
1855 553
1855 554
1855 555
1855 556
1855 557
1855 558
1855 559
1855 560
1855 561
1855 562
1855 563
1855 564
1858 541
1858 542
1858 543
1858 544
1858 545
1858 546
1858 547
1858 548
1858 549
1858 550
1858 551
1858 552
1858 553
1858 554
1858 555
1858 556
1858 557
1858 558
1858 559
1858 560
1858 561
1860 11
1860 12
1860 13
1860 14
1860 15
1860 16
1860 17
1860 18
1860 19
1860 20
1860 21
1860 22
1861 539
1861 540
1861 541
1861 542
1861 543
1861 544
1861 545
1861 546
1861 547
1861 548
1861 549
1861 550
1861 551
1861 552
1861 553
1861 554
1861 555
1861 556
1861 557
1863 5
1863 6
1863 7
1863 8
1863 9
1863 10
1863 11
1863 12
1863 13
1863 14
1863 15
1863 16
1863 17
1863 18
1863 19
1863 20
1863 21
1863 22
1864 538
1864 539
1864 540
1864 541
1864 542
1864 543
1864 544
1864 545
1864 546
1864 547
1864 548
1864 549
1864 550
1864 551
1864 552
1866 1
1866 2
1866 3
1866 4
1866 5
1866 6
1866 7
1866 8
1866 9
1866 10
1866 11
1866 12
1866 13
1866 14
1866 15
1866 16
1866 17
1866 18
1866 19
1866 20
1866 21
1866 22
1867 538
1867 539
1867 540
1867 541
1867 542
1867 543
1867 544
1867 545
1867 546
1867 547
1869 0
1869 1
1869 2
1869 3
1869 4
1869 5
1869 6
1869 7
1869 8
1869 9
1869 10
1869 11
1869 12
1869 13
1869 14
1869 15
1869 16
1869 17
1869 18
1869 19
1869 20
1869 573
1869 574
1869 575
1872 0
1872 1
1872 2
1872 3
1872 4
1872 5
1872 6
1872 7
1872 8
1872 9
1872 10
1872 11
1872 12
1872 13
1872 14
1872 15
1872 16
1872 17
1872 18
1872 19
1872 569
1872 570
1872 571
1872 572
1872 573
1872 574
1872 575
1875 0
1875 1
1875 2
1875 3
1875 4
1875 5
1875 6
1875 7
1875 8
1875 9
1875 10
1875 11
1875 12
1875 13
1875 14
1875 15
1875 16
1875 17
1875 566
1875 567
1875 568
1875 569
1875 570
1875 571
1875 572
1875 573
1875 574
1875 575
1878 0
1878 1
1878 2
1878 3
1878 4
1878 5
1878 6
1878 7
1878 8
1878 9
1878 10
1878 11
1878 12
1878 13
1878 14
1878 563
1878 564
1878 565
1878 566
1878 567
1878 568
1878 569
1878 570
1878 571
1878 572
1878 573
1878 574
1878 575
1881 0
1881 1
1881 2
1881 3
1881 4
1881 5
1881 6
1881 7
1881 8
1881 9
1881 10
1881 11
1881 12
1881 560
1881 561
1881 562
1881 563
1881 564
1881 565
1881 566
1881 567
1881 568
1881 569
1881 570
1881 571
1881 572
1881 573
1881 574
1881 575
1884 0
1884 1
1884 2
1884 3
1884 4
1884 5
1884 6
1884 7
1884 8
1884 9
1884 557
1884 558
1884 559
1884 560
1884 561
1884 562
1884 563
1884 564
1884 565
1884 566
1884 567
1884 568
1884 569
1884 570
1884 571
1884 572
1884 573
1884 574
1884 575
1887 0
1887 1
1887 2
1887 3
1887 4
1887 5
1887 6
1887 7
1887 554
1887 555
1887 556
1887 557
1887 558
1887 559
1887 560
1887 561
1887 562
1887 563
1887 564
1887 565
1887 566
1887 567
1887 568
1887 569
1887 570
1887 571
1887 572
1887 573
1887 574
1887 575
1890 0
1890 1
1890 2
1890 3
1890 4
1890 551
1890 552
1890 553
1890 554
1890 555
1890 556
1890 557
1890 558
1890 559
1890 560
1890 561
1890 562
1890 563
1890 564
1890 565
1890 566
1890 567
1890 568
1890 569
1890 570
1890 571
1890 572
1890 573
1890 574
1890 575
1893 0
1893 1
1893 549
1893 550
1893 551
1893 552
1893 553
1893 554
1893 555
1893 556
1893 557
1893 558
1893 559
1893 560
1893 561
1893 562
1893 563
1893 564
1893 565
1893 566
1893 567
1893 568
1893 569
1893 570
1893 571
1893 572
1893 573
1893 574
1893 575
1896 547
1896 548
1896 549
1896 550
1896 551
1896 552
1896 553
1896 554
1896 555
1896 556
1896 557
1896 558
1896 559
1896 560
1896 561
1896 562
1896 563
1896 564
1896 565
1896 566
1896 567
1896 568
1896 569
1896 570
1896 571
1896 572
1896 573
1896 574
1899 545
1899 546
1899 547
1899 548
1899 549
1899 550
1899 551
1899 552
1899 553
1899 554
1899 555
1899 556
1899 557
1899 558
1899 559
1899 560
1899 561
1899 562
1899 563
1899 564
1899 565
1899 566
1899 567
1899 568
1899 569
1899 570
1902 543
1902 544
1902 545
1902 546
1902 547
1902 548
1902 549
1902 550
1902 551
1902 552
1902 553
1902 554
1902 555
1902 556
1902 557
1902 558
1902 559
1902 560
1902 561
1902 562
1902 563
1902 564
1902 565
1902 566
1902 567
1904 15
1904 16
1904 17
1904 18
1904 19
1904 20
1904 21
1904 22
1904 23
1904 24
1904 25
1904 26
1905 542
1905 543
1905 544
1905 545
1905 546
1905 547
1905 548
1905 549
1905 550
1905 551
1905 552
1905 553
1905 554
1905 555
1905 556
1905 557
1905 558
1905 559
1905 560
1905 561
1905 562
1905 563
1907 9
1907 10
1907 11
1907 12
1907 13
1907 14
1907 15
1907 16
1907 17
1907 18
1907 19
1907 20
1907 21
1907 22
1907 23
1907 24
1907 25
1907 26
1908 540
1908 541
1908 542
1908 543
1908 544
1908 545
1908 546
1908 547
1908 548
1908 549
1908 550
1908 551
1908 552
1908 553
1908 554
1908 555
1908 556
1908 557
1908 558
1908 559
1910 5
1910 6
1910 7
1910 8
1910 9
1910 10
1910 11
1910 12
1910 13
1910 14
1910 15
1910 16
1910 17
1910 18
1910 19
1910 20
1910 21
1910 22
1910 23
1910 24
1910 25
1911 539
1911 540
1911 541
1911 542
1911 543
1911 544
1911 545
1911 546
1911 547
1911 548
1911 549
1911 550
1911 551
1911 552
1911 553
1911 554
1911 555
1913 1
1913 2
1913 3
1913 4
1913 5
1913 6
1913 7
1913 8
1913 9
1913 10
1913 11
1913 12
1913 13
1913 14
1913 15
1913 16
1913 17
1913 18
1913 19
1913 20
1913 21
1913 22
1913 23
1913 24
1914 539
1914 540
1914 541
1914 542
1914 543
1914 544
1914 545
1914 546
1914 547
1914 548
1914 549
1914 550
1916 0
1916 1
1916 2
1916 3
1916 4
1916 5
1916 6
1916 7
1916 8
1916 9
1916 10
1916 11
1916 12
1916 13
1916 14
1916 15
1916 16
1916 17
1916 18
1916 19
1916 20
1916 21
1916 22
1916 23
1916 573
1916 574
1916 575
1919 0
1919 1
1919 2
1919 3
1919 4
1919 5
1919 6
1919 7
1919 8
1919 9
1919 10
1919 11
1919 12
1919 13
1919 14
1919 15
1919 16
1919 17
1919 18
1919 19
1919 20
1919 21
1919 570
1919 571
1919 572
1919 573
1919 574
1919 575
1922 0
1922 1
1922 2
1922 3
1922 4
1922 5
1922 6
1922 7
1922 8
1922 9
1922 10
1922 11
1922 12
1922 13
1922 14
1922 15
1922 16
1922 17
1922 18
1922 19
1922 566
1922 567
1922 568
1922 569
1922 570
1922 571
1922 572
1922 573
1922 574
1922 575
1925 0
1925 1
1925 2
1925 3
1925 4
1925 5
1925 6
1925 7
1925 8
1925 9
1925 10
1925 11
1925 12
1925 13
1925 14
1925 15
1925 16
1925 563
1925 564
1925 565
1925 566
1925 567
1925 568
1925 569
1925 570
1925 571
1925 572
1925 573
1925 574
1925 575
1928 0
1928 1
1928 2
1928 3
1928 4
1928 5
1928 6
1928 7
1928 8
1928 9
1928 10
1928 11
1928 12
1928 13
1928 14
1928 560
1928 561
1928 562
1928 563
1928 564
1928 565
1928 566
1928 567
1928 568
1928 569
1928 570
1928 571
1928 572
1928 573
1928 574
1928 575
1931 0
1931 1
1931 2
1931 3
1931 4
1931 5
1931 6
1931 7
1931 8
1931 9
1931 10
1931 11
1931 558
1931 559
1931 560
1931 561
1931 562
1931 563
1931 564
1931 565
1931 566
1931 567
1931 568
1931 569
1931 570
1931 571
1931 572
1931 573
1931 574
1931 575
1934 0
1934 1
1934 2
1934 3
1934 4
1934 5
1934 6
1934 7
1934 8
1934 555
1934 556
1934 557
1934 558
1934 559
1934 560
1934 561
1934 562
1934 563
1934 564
1934 565
1934 566
1934 567
1934 568
1934 569
1934 570
1934 571
1934 572
1934 573
1934 574
1934 575
1937 0
1937 1
1937 2
1937 3
1937 4
1937 5
1937 6
1937 553
1937 554
1937 555
1937 556
1937 557
1937 558
1937 559
1937 560
1937 561
1937 562
1937 563
1937 564
1937 565
1937 566
1937 567
1937 568
1937 569
1937 570
1937 571
1937 572
1937 573
1937 574
1937 575
1940 0
1940 1
1940 2
1940 3
1940 550
1940 551
1940 552
1940 553
1940 554
1940 555
1940 556
1940 557
1940 558
1940 559
1940 560
1940 561
1940 562
1940 563
1940 564
1940 565
1940 566
1940 567
1940 568
1940 569
1940 570
1940 571
1940 572
1940 573
1940 574
1940 575
1943 548
1943 549
1943 550
1943 551
1943 552
1943 553
1943 554
1943 555
1943 556
1943 557
1943 558
1943 559
1943 560
1943 561
1943 562
1943 563
1943 564
1943 565
1943 566
1943 567
1943 568
1943 569
1943 570
1943 571
1943 572
1943 573
1943 574
1943 575
1946 546
1946 547
1946 548
1946 549
1946 550
1946 551
1946 552
1946 553
1946 554
1946 555
1946 556
1946 557
1946 558
1946 559
1946 560
1946 561
1946 562
1946 563
1946 564
1946 565
1946 566
1946 567
1946 568
1946 569
1946 570
1946 571
1946 572
1948 21
1948 22
1948 23
1948 24
1948 25
1948 26
1948 27
1949 545
1949 546
1949 547
1949 548
1949 549
1949 550
1949 551
1949 552
1949 553
1949 554
1949 555
1949 556
1949 557
1949 558
1949 559
1949 560
1949 561
1949 562
1949 563
1949 564
1949 565
1949 566
1949 567
1949 568
1951 15
1951 16
1951 17
1951 18
1951 19
1951 20
1951 21
1951 22
1951 23
1951 24
1951 25
1951 26
1951 27
1951 28
1952 543
1952 544
1952 545
1952 546
1952 547
1952 548
1952 549
1952 550
1952 551
1952 552
1952 553
1952 554
1952 555
1952 556
1952 557
1952 558
1952 559
1952 560
1952 561
1952 562
1952 563
1952 564
1952 565
1954 10
1954 11
1954 12
1954 13
1954 14
1954 15
1954 16
1954 17
1954 18
1954 19
1954 20
1954 21
1954 22
1954 23
1954 24
1954 25
1954 26
1954 27
1954 28
1955 542
1955 543
1955 544
1955 545
1955 546
1955 547
1955 548
1955 549
1955 550
1955 551
1955 552
1955 553
1955 554
1955 555
1955 556
1955 557
1955 558
1955 559
1955 560
1955 561
1957 6
1957 7
1957 8
1957 9
1957 10
1957 11
1957 12
1957 13
1957 14
1957 15
1957 16
1957 17
1957 18
1957 19
1957 20
1957 21
1957 22
1957 23
1957 24
1957 25
1957 26
1957 27
1958 541
1958 542
1958 543
1958 544
1958 545
1958 546
1958 547
1958 548
1958 549
1958 550
1958 551
1958 552
1958 553
1958 554
1958 555
1958 556
1960 2
1960 3
1960 4
1960 5
1960 6
1960 7
1960 8
1960 9
1960 10
1960 11
1960 12
1960 13
1960 14
1960 15
1960 16
1960 17
1960 18
1960 19
1960 20
1960 21
1960 22
1960 23
1960 24
1960 25
1960 26
1961 542
1961 543
1961 544
1961 545
1961 546
1961 547
1961 548
1961 549
1961 550
1961 551
1963 0
1963 1
1963 2
1963 3
1963 4
1963 5
1963 6
1963 7
1963 8
1963 9
1963 10
1963 11
1963 12
1963 13
1963 14
1963 15
1963 16
1963 17
1963 18
1963 19
1963 20
1963 21
1963 22
1963 23
1963 24
1963 574
1963 575
1966 0
1966 1
1966 2
1966 3
1966 4
1966 5
1966 6
1966 7
1966 8
1966 9
1966 10
1966 11
1966 12
1966 13
1966 14
1966 15
1966 16
1966 17
1966 18
1966 19
1966 20
1966 21
1966 22
1966 571
1966 572
1966 573
1966 574
1966 575
1969 0
1969 1
1969 2
1969 3
1969 4
1969 5
1969 6
1969 7
1969 8
1969 9
1969 10
1969 11
1969 12
1969 13
1969 14
1969 15
1969 16
1969 17
1969 18
1969 19
1969 20
1969 568
1969 569
1969 570
1969 571
1969 572
1969 573
1969 574
1969 575
1972 0
1972 1
1972 2
1972 3
1972 4
1972 5
1972 6
1972 7
1972 8
1972 9
1972 10
1972 11
1972 12
1972 13
1972 14
1972 15
1972 16
1972 17
1972 18
1972 565
1972 566
1972 567
1972 568
1972 569
1972 570
1972 571
1972 572
1972 573
1972 574
1972 575
1975 0
1975 1
1975 2
1975 3
1975 4
1975 5
1975 6
1975 7
1975 8
1975 9
1975 10
1975 11
1975 12
1975 13
1975 14
1975 15
1975 562
1975 563
1975 564
1975 565
1975 566
1975 567
1975 568
1975 569
1975 570
1975 571
1975 572
1975 573
1975 574
1975 575
1978 0
1978 1
1978 2
1978 3
1978 4
1978 5
1978 6
1978 7
1978 8
1978 9
1978 10
1978 11
1978 12
1978 13
1978 559
1978 560
1978 561
1978 562
1978 563
1978 564
1978 565
1978 566
1978 567
1978 568
1978 569
1978 570
1978 571
1978 572
1978 573
1978 574
1978 575
1981 0
1981 1
1981 2
1981 3
1981 4
1981 5
1981 6
1981 7
1981 8
1981 9
1981 10
1981 557
1981 558
1981 559
1981 560
1981 561
1981 562
1981 563
1981 564
1981 565
1981 566
1981 567
1981 568
1981 569
1981 570
1981 571
1981 572
1981 573
1981 574
1981 575
1984 0
1984 1
1984 2
1984 3
1984 4
1984 5
1984 6
1984 7
1984 555
1984 556
1984 557
1984 558
1984 559
1984 560
1984 561
1984 562
1984 563
1984 564
1984 565
1984 566
1984 567
1984 568
1984 569
1984 570
1984 571
1984 572
1984 573
1984 574
1984 575
1987 0
1987 1
1987 2
1987 3
1987 4
1987 552
1987 553
1987 554
1987 555
1987 556
1987 557
1987 558
1987 559
1987 560
1987 561
1987 562
1987 563
1987 564
1987 565
1987 566
1987 567
1987 568
1987 569
1987 570
1987 571
1987 572
1987 573
1987 574
1987 575
1990 0
1990 550
1990 551
1990 552
1990 553
1990 554
1990 555
1990 556
1990 557
1990 558
1990 559
1990 560
1990 561
1990 562
1990 563
1990 564
1990 565
1990 566
1990 567
1990 568
1990 569
1990 570
1990 571
1990 572
1990 573
1990 574
1990 575
1993 549
1993 550
1993 551
1993 552
1993 553
1993 554
1993 555
1993 556
1993 557
1993 558
1993 559
1993 560
1993 561
1993 562
1993 563
1993 564
1993 565
1993 566
1993 567
1993 568
1993 569
1993 570
1993 571
1993 572
1993 573
1995 22
1995 23
1995 24
1995 25
1995 26
1995 27
1995 28
1996 547
1996 548
1996 549
1996 550
1996 551
1996 552
1996 553
1996 554
1996 555
1996 556
1996 557
1996 558
1996 559
1996 560
1996 561
1996 562
1996 563
1996 564
1996 565
1996 566
1996 567
1996 568
1996 569
1998 16
1998 17
1998 18
1998 19
1998 20
1998 21
1998 22
1998 23
1998 24
1998 25
1998 26
1998 27
1998 28
1998 29
1999 546
1999 547
1999 548
1999 549
1999 550
1999 551
1999 552
1999 553
1999 554
1999 555
1999 556
1999 557
1999 558
1999 559
1999 560
1999 561
1999 562
1999 563
1999 564
1999 565
1999 566
2001 12
2001 13
2001 14
2001 15
2001 16
2001 17
2001 18
2001 19
2001 20
2001 21
2001 22
2001 23
2001 24
2001 25
2001 26
2001 27
2001 28
2001 29
2002 545
2002 546
2002 547
2002 548
2002 549
2002 550
2002 551
2002 552
2002 553
2002 554
2002 555
2002 556
2002 557
2002 558
2002 559
2002 560
2002 561
2004 8
2004 9
2004 10
2004 11
2004 12
2004 13
2004 14
2004 15
2004 16
2004 17
2004 18
2004 19
2004 20
2004 21
2004 22
2004 23
2004 24
2004 25
2004 26
2004 27
2004 28
2005 545
2005 546
2005 547
2005 548
2005 549
2005 550
2005 551
2005 552
2005 553
2005 554
2005 555
2005 556
2005 557
2007 4
2007 5
2007 6
2007 7
2007 8
2007 9
2007 10
2007 11
2007 12
2007 13
2007 14
2007 15
2007 16
2007 17
2007 18
2007 19
2007 20
2007 21
2007 22
2007 23
2007 24
2007 25
2007 26
2008 546
2008 547
2008 548
2008 549
2008 550
2010 0
2010 1
2010 2
2010 3
2010 4
2010 5
2010 6
2010 7
2010 8
2010 9
2010 10
2010 11
2010 12
2010 13
2010 14
2010 15
2010 16
2010 17
2010 18
2010 19
2010 20
2010 21
2010 22
2010 23
2010 24
2010 25
2013 0
2013 1
2013 2
2013 3
2013 4
2013 5
2013 6
2013 7
2013 8
2013 9
2013 10
2013 11
2013 12
2013 13
2013 14
2013 15
2013 16
2013 17
2013 18
2013 19
2013 20
2013 21
2013 22
2013 23
2013 573
2013 574
2013 575
2016 0
2016 1
2016 2
2016 3
2016 4
2016 5
2016 6
2016 7
2016 8
2016 9
2016 10
2016 11
2016 12
2016 13
2016 14
2016 15
2016 16
2016 17
2016 18
2016 19
2016 20
2016 21
2016 570
2016 571
2016 572
2016 573
2016 574
2016 575
2019 0
2019 1
2019 2
2019 3
2019 4
2019 5
2019 6
2019 7
2019 8
2019 9
2019 10
2019 11
2019 12
2019 13
2019 14
2019 15
2019 16
2019 17
2019 18
2019 567
2019 568
2019 569
2019 570
2019 571
2019 572
2019 573
2019 574
2019 575
2022 0
2022 1
2022 2
2022 3
2022 4
2022 5
2022 6
2022 7
2022 8
2022 9
2022 10
2022 11
2022 12
2022 13
2022 14
2022 15
2022 16
2022 564
2022 565
2022 566
2022 567
2022 568
2022 569
2022 570
2022 571
2022 572
2022 573
2022 574
2022 575
2025 0
2025 1
2025 2
2025 3
2025 4
2025 5
2025 6
2025 7
2025 8
2025 9
2025 10
2025 11
2025 12
2025 13
2025 562
2025 563
2025 564
2025 565
2025 566
2025 567
2025 568
2025 569
2025 570
2025 571
2025 572
2025 573
2025 574
2025 575
2028 0
2028 1
2028 2
2028 3
2028 4
2028 5
2028 6
2028 7
2028 8
2028 9
2028 10
2028 559
2028 560
2028 561
2028 562
2028 563
2028 564
2028 565
2028 566
2028 567
2028 568
2028 569
2028 570
2028 571
2028 572
2028 573
2028 574
2028 575
2031 0
2031 1
2031 2
2031 3
2031 4
2031 5
2031 6
2031 7
2031 557
2031 558
2031 559
2031 560
2031 561
2031 562
2031 563
2031 564
2031 565
2031 566
2031 567
2031 568
2031 569
2031 570
2031 571
2031 572
2031 573
2031 574
2031 575
2034 0
2034 1
2034 2
2034 3
2034 4
2034 555
2034 556
2034 557
2034 558
2034 559
2034 560
2034 561
2034 562
2034 563
2034 564
2034 565
2034 566
2034 567
2034 568
2034 569
2034 570
2034 571
2034 572
2034 573
2034 574
2034 575
2037 0
2037 1
2037 553
2037 554
2037 555
2037 556
2037 557
2037 558
2037 559
2037 560
2037 561
2037 562
2037 563
2037 564
2037 565
2037 566
2037 567
2037 568
2037 569
2037 570
2037 571
2037 572
2037 573
2037 574
2037 575
2040 552
2040 553
2040 554
2040 555
2040 556
2040 557
2040 558
2040 559
2040 560
2040 561
2040 562
2040 563
2040 564
2040 565
2040 566
2040 567
2040 568
2040 569
2040 570
2040 571
2040 572
2040 573
2043 550
2043 551
2043 552
2043 553
2043 554
2043 555
2043 556
2043 557
2043 558
2043 559
2043 560
2043 561
2043 562
2043 563
2043 564
2043 565
2043 566
2043 567
2043 568
2043 569
2043 570
2045 20
2045 21
2045 22
2045 23
2045 24
2045 25
2045 26
2045 27
2045 28
2046 549
2046 550
2046 551
2046 552
2046 553
2046 554
2046 555
2046 556
2046 557
2046 558
2046 559
2046 560
2046 561
2046 562
2046 563
2046 564
2046 565
2048 15
2048 16
2048 17
2048 18
2048 19
2048 20
2048 21
2048 22
2048 23
2048 24
2048 25
2048 26
2048 27
2048 28
2049 549
2049 550
2049 551
2049 552
2049 553
2049 554
2049 555
2049 556
2049 557
2049 558
2049 559
2049 560
2049 561
2051 11
2051 12
2051 13
2051 14
2051 15
2051 16
2051 17
2051 18
2051 19
2051 20
2051 21
2051 22
2051 23
2051 24
2051 25
2051 26
2051 27
2051 28
2052 551
2052 552
2052 553
2052 554
2054 7
2054 8
2054 9
2054 10
2054 11
2054 12
2054 13
2054 14
2054 15
2054 16
2054 17
2054 18
2054 19
2054 20
2054 21
2054 22
2054 23
2054 24
2054 25
2054 26
2057 3
2057 4
2057 5
2057 6
2057 7
2057 8
2057 9
2057 10
2057 11
2057 12
2057 13
2057 14
2057 15
2057 16
2057 17
2057 18
2057 19
2057 20
2057 21
2057 22
2057 23
2057 24
2057 25
2060 0
2060 1
2060 2
2060 3
2060 4
2060 5
2060 6
2060 7
2060 8
2060 9
2060 10
2060 11
2060 12
2060 13
2060 14
2060 15
2060 16
2060 17
2060 18
2060 19
2060 20
2060 21
2060 22
2060 23
2063 0
2063 1
2063 2
2063 3
2063 4
2063 5
2063 6
2063 7
2063 8
2063 9
2063 10
2063 11
2063 12
2063 13
2063 14
2063 15
2063 16
2063 17
2063 18
2063 19
2063 20
2063 573
2063 574
2063 575
2066 0
2066 1
2066 2
2066 3
2066 4
2066 5
2066 6
2066 7
2066 8
2066 9
2066 10
2066 11
2066 12
2066 13
2066 14
2066 15
2066 16
2066 17
2066 18
2066 570
2066 571
2066 572
2066 573
2066 574
2066 575
2069 0
2069 1
2069 2
2069 3
2069 4
2069 5
2069 6
2069 7
2069 8
2069 9
2069 10
2069 11
2069 12
2069 13
2069 14
2069 15
2069 16
2069 568
2069 569
2069 570
2069 571
2069 572
2069 573
2069 574
2069 575
2072 0
2072 1
2072 2
2072 3
2072 4
2072 5
2072 6
2072 7
2072 8
2072 9
2072 10
2072 11
2072 12
2072 13
2072 565
2072 566
2072 567
2072 568
2072 569
2072 570
2072 571
2072 572
2072 573
2072 574
2072 575
2075 0
2075 1
2075 2
2075 3
2075 4
2075 5
2075 6
2075 7
2075 8
2075 9
2075 10
2075 563
2075 564
2075 565
2075 566
2075 567
2075 568
2075 569
2075 570
2075 571
2075 572
2075 573
2075 574
2075 575
2078 0
2078 1
2078 2
2078 3
2078 4
2078 5
2078 6
2078 7
2078 561
2078 562
2078 563
2078 564
2078 565
2078 566
2078 567
2078 568
2078 569
2078 570
2078 571
2078 572
2078 573
2078 574
2078 575
2081 0
2081 1
2081 2
2081 3
2081 4
2081 559
2081 560
2081 561
2081 562
2081 563
2081 564
2081 565
2081 566
2081 567
2081 568
2081 569
2081 570
2081 571
2081 572
2081 573
2081 574
2081 575
2084 0
2084 557
2084 558
2084 559
2084 560
2084 561
2084 562
2084 563
2084 564
2084 565
2084 566
2084 567
2084 568
2084 569
2084 570
2084 571
2084 572
2084 573
2084 574
2084 575
2087 556
2087 557
2087 558
2087 559
2087 560
2087 561
2087 562
2087 563
2087 564
2087 565
2087 566
2087 567
2087 568
2087 569
2087 570
2087 571
2087 572
2090 555
2090 556
2090 557
2090 558
2090 559
2090 560
2090 561
2090 562
2090 563
2090 564
2090 565
2090 566
2090 567
2090 568
2093 556
2093 557
2093 558
2093 559
2093 560
2093 561
2093 562
2093 563
2095 22
2095 23
2095 24
2098 16
2098 17
2098 18
2098 19
2098 20
2098 21
2098 22
2098 23
2098 24
2098 25
2101 11
2101 12
2101 13
2101 14
2101 15
2101 16
2101 17
2101 18
2101 19
2101 20
2101 21
2101 22
2101 23
2101 24
2104 8
2104 9
2104 10
2104 11
2104 12
2104 13
2104 14
2104 15
2104 16
2104 17
2104 18
2104 19
2104 20
2104 21
2104 22
2104 23
2107 5
2107 6
2107 7
2107 8
2107 9
2107 10
2107 11
2107 12
2107 13
2107 14
2107 15
2107 16
2107 17
2107 18
2107 19
2107 20
2107 21
2110 1
2110 2
2110 3
2110 4
2110 5
2110 6
2110 7
2110 8
2110 9
2110 10
2110 11
2110 12
2110 13
2110 14
2110 15
2110 16
2110 17
2110 18
2110 19
2113 0
2113 1
2113 2
2113 3
2113 4
2113 5
2113 6
2113 7
2113 8
2113 9
2113 10
2113 11
2113 12
2113 13
2113 14
2113 15
2113 16
2113 575
2116 0
2116 1
2116 2
2116 3
2116 4
2116 5
2116 6
2116 7
2116 8
2116 9
2116 10
2116 11
2116 12
2116 13
2116 14
2116 572
2116 573
2116 574
2116 575
2119 0
2119 1
2119 2
2119 3
2119 4
2119 5
2119 6
2119 7
2119 8
2119 9
2119 10
2119 11
2119 570
2119 571
2119 572
2119 573
2119 574
2119 575
2122 0
2122 1
2122 2
2122 3
2122 4
2122 5
2122 6
2122 7
2122 8
2122 568
2122 569
2122 570
2122 571
2122 572
2122 573
2122 574
2122 575
2125 0
2125 1
2125 2
2125 3
2125 4
2125 5
2125 566
2125 567
2125 568
2125 569
2125 570
2125 571
2125 572
2125 573
2125 574
2125 575
2128 0
2128 1
2128 565
2128 566
2128 567
2128 568
2128 569
2128 570
2128 571
2128 572
2128 573
2128 574
2128 575
2131 564
2131 565
2131 566
2131 567
2131 568
2131 569
2131 570
2131 571
2131 572
