0 112
0 113
0 114
0 115
0 116
0 117
0 118
0 119
0 120
0 121
0 122
0 123
0 124
0 125
0 126
0 127
0 128
0 129
0 130
22 144
22 145
22 146
22 147
22 148
22 149
22 150
22 151
22 152
22 153
22 154
22 155
22 156
22 157
22 158
23 134
23 135
23 136
23 137
23 138
23 139
23 140
23 141
23 142
23 143
23 144
23 145
23 146
23 147
23 148
23 149
23 150
23 151
23 152
23 153
23 154
23 155
23 156
23 157
23 158
24 126
24 127
24 128
24 129
24 130
24 131
24 132
24 133
24 134
24 135
24 136
24 137
24 138
24 139
24 140
24 141
24 142
24 143
24 144
24 145
24 146
24 147
24 148
24 149
24 150
24 151
24 152
24 153
24 154
24 155
25 120
25 121
25 122
25 123
25 124
25 125
25 126
25 127
25 128
25 129
25 130
25 131
25 132
25 133
25 134
25 135
25 136
25 137
25 138
25 139
25 140
25 141
25 142
25 143
25 144
25 145
25 146
25 147
25 148
25 149
25 150
25 151
26 116
26 117
26 118
26 119
26 120
26 121
26 122
26 123
26 124
26 125
26 126
26 127
26 128
26 129
26 130
26 131
26 132
26 133
26 134
26 135
26 136
26 137
26 138
26 139
26 140
26 141
26 142
26 143
26 144
26 145
27 113
27 114
27 115
27 116
27 117
27 118
27 119
27 120
27 121
27 122
27 123
27 124
27 125
27 126
27 127
27 128
27 129
27 130
27 131
27 132
27 133
27 134
27 135
27 136
27 137
28 113
28 114
28 115
28 116
28 117
28 118
28 119
28 120
28 121
28 122
28 123
28 124
28 125
28 126
50 140
50 141
50 142
50 143
50 144
50 145
50 146
50 147
50 148
50 149
50 150
50 151
50 152
50 153
50 154
50 155
50 156
50 157
50 158
50 159
51 131
51 132
51 133
51 134
51 135
51 136
51 137
51 138
51 139
51 140
51 141
51 142
51 143
51 144
51 145
51 146
51 147
51 148
51 149
51 150
51 151
51 152
51 153
51 154
51 155
51 156
51 157
51 158
52 124
52 125
52 126
52 127
52 128
52 129
52 130
52 131
52 132
52 133
52 134
52 135
52 136
52 137
52 138
52 139
52 140
52 141
52 142
52 143
52 144
52 145
52 146
52 147
52 148
52 149
52 150
52 151
52 152
52 153
52 154
53 119
53 120
53 121
53 122
53 123
53 124
53 125
53 126
53 127
53 128
53 129
53 130
53 131
53 132
53 133
53 134
53 135
53 136
53 137
53 138
53 139
53 140
53 141
53 142
53 143
53 144
53 145
53 146
53 147
53 148
53 149
54 115
54 116
54 117
54 118
54 119
54 120
54 121
54 122
54 123
54 124
54 125
54 126
54 127
54 128
54 129
54 130
54 131
54 132
54 133
54 134
54 135
54 136
54 137
54 138
54 139
54 140
54 141
54 142
54 143
55 113
55 114
55 115
55 116
55 117
55 118
55 119
55 120
55 121
55 122
55 123
55 124
55 125
55 126
55 127
55 128
55 129
55 130
55 131
55 132
55 133
55 134
77 149
77 150
77 151
77 152
77 153
77 154
77 155
77 156
77 157
78 137
78 138
78 139
78 140
78 141
78 142
78 143
78 144
78 145
78 146
78 147
78 148
78 149
78 150
78 151
78 152
78 153
78 154
78 155
78 156
78 157
78 158
78 159
79 129
79 130
79 131
79 132
79 133
79 134
79 135
79 136
79 137
79 138
79 139
79 140
79 141
79 142
79 143
79 144
79 145
79 146
79 147
79 148
79 149
79 150
79 151
79 152
79 153
79 154
79 155
79 156
79 157
80 123
80 124
80 125
80 126
80 127
80 128
80 129
80 130
80 131
80 132
80 133
80 134
80 135
80 136
80 137
80 138
80 139
80 140
80 141
80 142
80 143
80 144
80 145
80 146
80 147
80 148
80 149
80 150
80 151
80 152
80 153
81 118
81 119
81 120
81 121
81 122
81 123
81 124
81 125
81 126
81 127
81 128
81 129
81 130
81 131
81 132
81 133
81 134
81 135
81 136
81 137
81 138
81 139
81 140
81 141
81 142
81 143
81 144
81 145
81 146
81 147
82 115
82 116
82 117
82 118
82 119
82 120
82 121
82 122
82 123
82 124
82 125
82 126
82 127
82 128
82 129
82 130
82 131
82 132
82 133
82 134
82 135
82 136
82 137
82 138
82 139
82 140
83 115
83 116
83 117
83 118
83 119
83 120
83 121
83 122
83 123
83 124
83 125
83 126
83 127
83 128
83 129
105 145
105 146
105 147
105 148
105 149
105 150
105 151
105 152
105 153
105 154
105 155
105 156
105 157
105 158
106 135
106 136
106 137
106 138
106 139
106 140
106 141
106 142
106 143
106 144
106 145
106 146
106 147
106 148
106 149
106 150
106 151
106 152
106 153
106 154
106 155
106 156
106 157
106 158
107 128
107 129
107 130
107 131
107 132
107 133
107 134
107 135
107 136
107 137
107 138
107 139
107 140
107 141
107 142
107 143
107 144
107 145
107 146
107 147
107 148
107 149
107 150
107 151
107 152
107 153
107 154
107 155
108 122
108 123
108 124
108 125
108 126
108 127
108 128
108 129
108 130
108 131
108 132
108 133
108 134
108 135
108 136
108 137
108 138
108 139
108 140
108 141
108 142
108 143
108 144
108 145
108 146
108 147
108 148
108 149
108 150
109 118
109 119
109 120
109 121
109 122
109 123
109 124
109 125
109 126
109 127
109 128
109 129
109 130
109 131
109 132
109 133
109 134
109 135
109 136
109 137
109 138
109 139
109 140
109 141
109 142
109 143
109 144
110 116
110 117
110 118
110 119
110 120
110 121
110 122
110 123
110 124
110 125
110 126
110 127
110 128
110 129
110 130
110 131
110 132
110 133
110 134
110 135
133 142
133 143
133 144
133 145
133 146
133 147
133 148
133 149
133 150
133 151
133 152
133 153
133 154
133 155
133 156
133 157
134 133
134 134
134 135
134 136
134 137
134 138
134 139
134 140
134 141
134 142
134 143
134 144
134 145
134 146
134 147
134 148
134 149
134 150
134 151
134 152
134 153
134 154
134 155
134 156
135 127
135 128
135 129
135 130
135 131
135 132
135 133
135 134
135 135
135 136
135 137
135 138
135 139
135 140
135 141
135 142
135 143
135 144
135 145
135 146
135 147
135 148
135 149
135 150
135 151
135 152
136 122
136 123
136 124
136 125
136 126
136 127
136 128
136 129
136 130
136 131
136 132
136 133
136 134
136 135
136 136
136 137
136 138
136 139
136 140
136 141
136 142
136 143
136 144
136 145
136 146
137 119
137 120
137 121
137 122
137 123
137 124
137 125
137 126
137 127
137 128
137 129
137 130
137 131
137 132
137 133
137 134
137 135
137 136
137 137
137 138
137 139
138 121
138 122
138 123
138 124
138 125
138 126
138 127
161 141
161 142
161 143
161 144
161 145
161 146
161 147
161 148
161 149
161 150
161 151
161 152
161 153
161 154
162 133
162 134
162 135
162 136
162 137
162 138
162 139
162 140
162 141
162 142
162 143
162 144
162 145
162 146
162 147
162 148
162 149
162 150
162 151
162 152
163 127
163 128
163 129
163 130
163 131
163 132
163 133
163 134
163 135
163 136
163 137
163 138
163 139
163 140
163 141
163 142
163 143
163 144
163 145
163 146
163 147
163 148
164 123
164 124
164 125
164 126
164 127
164 128
164 129
164 130
164 131
164 132
164 133
164 134
164 135
164 136
164 137
164 138
164 139
164 140
164 141
165 124
165 125
165 126
165 127
165 128
165 129
165 130
189 144
189 145
189 146
190 134
190 135
190 136
190 137
190 138
190 139
190 140
190 141
190 142
190 143
190 144
190 145
190 146
191 130
191 131
191 132
191 133
191 134
191 135
191 136
191 137
191 138
191 139
191 140
4046 141
4046 142
4046 143
4046 144
4046 145
4047 135
4047 136
4047 137
4047 138
4047 139
4047 140
4047 141
4073 146
4074 136
4074 137
4074 138
4074 139
4074 140
4074 141
4074 142
4074 143
4074 144
4074 145
4074 146
4075 131
4075 132
4075 133
4075 134
4075 135
4075 136
4075 137
4075 138
4075 139
4075 140
4075 141
4076 128
4076 129
4076 130
4076 131
4076 132
4076 133
4076 134
4101 140
4101 141
4101 142
4101 143
4101 144
4101 145
4101 146
4101 147
4101 148
4102 133
4102 134
4102 135
4102 136
4102 137
4102 138
4102 139
4102 140
4102 141
4102 142
4102 143
4102 144
4102 145
4103 128
4103 129
4103 130
4103 131
4103 132
4103 133
4103 134
4103 135
4103 136
4103 137
4103 138
4103 139
4103 140
4104 125
4104 126
4104 127
4104 128
4104 129
4104 130
4104 131
4104 132
4104 133
4129 137
4129 138
4129 139
4129 140
4129 141
4129 142
4129 143
4129 144
4129 145
4129 146
4129 147
4129 148
4130 130
4130 131
4130 132
4130 133
4130 134
4130 135
4130 136
4130 137
4130 138
4130 139
4130 140
4130 141
4130 142
4130 143
4130 144
4131 125
4131 126
4131 127
4131 128
4131 129
4131 130
4131 131
4131 132
4131 133
4131 134
4131 135
4131 136
4131 137
4131 138
4131 139
4132 122
4132 123
4132 124
4132 125
4132 126
4132 127
4132 128
4132 129
4132 130
4132 131
4132 132
4156 144
4156 145
4156 146
4156 147
4157 134
4157 135
4157 136
4157 137
4157 138
4157 139
4157 140
4157 141
4157 142
4157 143
4157 144
4157 145
4157 146
4157 147
4158 127
4158 128
4158 129
4158 130
4158 131
4158 132
4158 133
4158 134
4158 135
4158 136
4158 137
4158 138
4158 139
4158 140
4158 141
4158 142
4158 143
4158 144
4159 123
4159 124
4159 125
4159 126
4159 127
4159 128
4159 129
4159 130
4159 131
4159 132
4159 133
4159 134
4159 135
4159 136
4159 137
4159 138
4160 120
4160 121
4160 122
4160 123
4160 124
4160 125
4160 126
4160 127
4160 128
4160 129
4160 130
4160 131
4184 140
4184 141
4184 142
4184 143
4184 144
4184 145
4184 146
4184 147
4184 148
4184 149
4185 131
4185 132
4185 133
4185 134
4185 135
4185 136
4185 137
4185 138
4185 139
4185 140
4185 141
4185 142
4185 143
4185 144
4185 145
4185 146
4185 147
4186 125
4186 126
4186 127
4186 128
4186 129
4186 130
4186 131
4186 132
4186 133
4186 134
4186 135
4186 136
4186 137
4186 138
4186 139
4186 140
4186 141
4186 142
4186 143
4187 120
4187 121
4187 122
4187 123
4187 124
4187 125
4187 126
4187 127
4187 128
4187 129
4187 130
4187 131
4187 132
4187 133
4187 134
4187 135
4187 136
4187 137
4187 138
4188 118
4188 119
4188 120
4188 121
4188 122
4188 123
4188 124
4188 125
4188 126
4188 127
4188 128
4188 129
4188 130
4212 137
4212 138
4212 139
4212 140
4212 141
4212 142
4212 143
4212 144
4212 145
4212 146
4212 147
4212 148
4212 149
4213 129
4213 130
4213 131
4213 132
4213 133
4213 134
4213 135
4213 136
4213 137
4213 138
4213 139
4213 140
4213 141
4213 142
4213 143
4213 144
4213 145
4213 146
4213 147
4214 123
4214 124
4214 125
4214 126
4214 127
4214 128
4214 129
4214 130
4214 131
4214 132
4214 133
4214 134
4214 135
4214 136
4214 137
4214 138
4214 139
4214 140
4214 141
4214 142
4214 143
4215 118
4215 119
4215 120
4215 121
4215 122
4215 123
4215 124
4215 125
4215 126
4215 127
4215 128
4215 129
4215 130
4215 131
4215 132
4215 133
4215 134
4215 135
4215 136
4215 137
4216 116
4216 117
4216 118
4216 119
4216 120
4216 121
4216 122
4216 123
4216 124
4216 125
4216 126
4216 127
4216 128
4216 129
4239 146
4239 147
4239 148
4240 134
4240 135
4240 136
4240 137
4240 138
4240 139
4240 140
4240 141
4240 142
4240 143
4240 144
4240 145
4240 146
4240 147
4240 148
4240 149
4240 150
4241 127
4241 128
4241 129
4241 130
4241 131
4241 132
4241 133
4241 134
4241 135
4241 136
4241 137
4241 138
4241 139
4241 140
4241 141
4241 142
4241 143
4241 144
4241 145
4241 146
4241 147
4242 121
4242 122
4242 123
4242 124
4242 125
4242 126
4242 127
4242 128
4242 129
4242 130
4242 131
4242 132
4242 133
4242 134
4242 135
4242 136
4242 137
4242 138
4242 139
4242 140
4242 141
4242 142
4242 143
4243 117
4243 118
4243 119
4243 120
4243 121
4243 122
4243 123
4243 124
4243 125
4243 126
4243 127
4243 128
4243 129
4243 130
4243 131
4243 132
4243 133
4243 134
4243 135
4243 136
4244 114
4244 115
4244 116
4244 117
4244 118
4244 119
4244 120
4244 121
4244 122
4244 123
4244 124
4244 125
4244 126
4244 127
4244 128
4267 141
4267 142
4267 143
4267 144
4267 145
4267 146
4267 147
4267 148
4267 149
4267 150
4267 151
4267 152
4268 131
4268 132
4268 133
4268 134
4268 135
4268 136
4268 137
4268 138
4268 139
4268 140
4268 141
4268 142
4268 143
4268 144
4268 145
4268 146
4268 147
4268 148
4268 149
4268 150
4268 151
4269 124
4269 125
4269 126
4269 127
4269 128
4269 129
4269 130
4269 131
4269 132
4269 133
4269 134
4269 135
4269 136
4269 137
4269 138
4269 139
4269 140
4269 141
4269 142
4269 143
4269 144
4269 145
4269 146
4269 147
4270 119
4270 120
4270 121
4270 122
4270 123
4270 124
4270 125
4270 126
4270 127
4270 128
4270 129
4270 130
4270 131
4270 132
4270 133
4270 134
4270 135
4270 136
4270 137
4270 138
4270 139
4270 140
4270 141
4270 142
4271 115
4271 116
4271 117
4271 118
4271 119
4271 120
4271 121
4271 122
4271 123
4271 124
4271 125
4271 126
4271 127
4271 128
4271 129
4271 130
4271 131
4271 132
4271 133
4271 134
4271 135
4272 113
4272 114
4272 115
4272 116
4272 117
4272 118
4272 119
4272 120
4272 121
4272 122
4272 123
4272 124
4272 125
4272 126
4295 137
4295 138
4295 139
4295 140
4295 141
4295 142
4295 143
4295 144
4295 145
4295 146
4295 147
4295 148
4295 149
4295 150
4295 151
4295 152
4295 153
4296 129
4296 130
4296 131
4296 132
4296 133
4296 134
4296 135
4296 136
4296 137
4296 138
4296 139
4296 140
4296 141
4296 142
4296 143
4296 144
4296 145
4296 146
4296 147
4296 148
4296 149
4296 150
4296 151
4297 122
4297 123
4297 124
4297 125
4297 126
4297 127
4297 128
4297 129
4297 130
4297 131
4297 132
4297 133
4297 134
4297 135
4297 136
4297 137
4297 138
4297 139
4297 140
4297 141
4297 142
4297 143
4297 144
4297 145
4297 146
4297 147
4298 117
4298 118
4298 119
4298 120
4298 121
4298 122
4298 123
4298 124
4298 125
4298 126
4298 127
4298 128
4298 129
4298 130
4298 131
4298 132
4298 133
4298 134
4298 135
4298 136
4298 137
4298 138
4298 139
4298 140
4298 141
4298 142
4299 114
4299 115
4299 116
4299 117
4299 118
4299 119
4299 120
4299 121
4299 122
4299 123
4299 124
4299 125
4299 126
4299 127
4299 128
4299 129
4299 130
4299 131
4299 132
4299 133
4299 134
4299 135
4300 113
4300 114
4300 115
4300 116
4300 117
4300 118
4300 119
4300 120
4300 121
4300 122
4300 123
4300 124
4300 125
4322 145
4322 146
4322 147
4322 148
4322 149
4322 150
4322 151
4322 152
4322 153
4322 154
4323 134
4323 135
4323 136
4323 137
4323 138
4323 139
4323 140
4323 141
4323 142
4323 143
4323 144
4323 145
4323 146
4323 147
4323 148
4323 149
4323 150
4323 151
4323 152
4323 153
4323 154
4324 126
4324 127
4324 128
4324 129
4324 130
4324 131
4324 132
4324 133
4324 134
4324 135
4324 136
4324 137
4324 138
4324 139
4324 140
4324 141
4324 142
4324 143
4324 144
4324 145
4324 146
4324 147
4324 148
4324 149
4324 150
4324 151
4324 152
4325 120
4325 121
4325 122
4325 123
4325 124
4325 125
4325 126
4325 127
4325 128
4325 129
4325 130
4325 131
4325 132
4325 133
4325 134
4325 135
4325 136
4325 137
4325 138
4325 139
4325 140
4325 141
4325 142
4325 143
4325 144
4325 145
4325 146
4325 147
4326 116
4326 117
4326 118
4326 119
4326 120
4326 121
4326 122
4326 123
4326 124
4326 125
4326 126
4326 127
4326 128
4326 129
4326 130
4326 131
4326 132
4326 133
4326 134
4326 135
4326 136
4326 137
4326 138
4326 139
4326 140
4326 141
4327 112
4327 113
4327 114
4327 115
4327 116
4327 117
4327 118
4327 119
4327 120
4327 121
4327 122
4327 123
4327 124
4327 125
4327 126
4327 127
4327 128
4327 129
4327 130
4327 131
4327 132
4327 133
4327 134
4328 113
4328 114
4328 115
4328 116
4328 117
4328 118
4328 119
4328 120
4328 121
4328 122
4350 140
4350 141
4350 142
4350 143
4350 144
4350 145
4350 146
4350 147
4350 148
4350 149
4350 150
4350 151
4350 152
4350 153
4350 154
4350 155
4350 156
4351 131
4351 132
4351 133
4351 134
4351 135
4351 136
4351 137
4351 138
4351 139
4351 140
4351 141
4351 142
4351 143
4351 144
4351 145
4351 146
4351 147
4351 148
4351 149
4351 150
4351 151
4351 152
4351 153
4351 154
4351 155
4352 124
4352 125
4352 126
4352 127
4352 128
4352 129
4352 130
4352 131
4352 132
4352 133
4352 134
4352 135
4352 136
4352 137
4352 138
4352 139
4352 140
4352 141
4352 142
4352 143
4352 144
4352 145
4352 146
4352 147
4352 148
4352 149
4352 150
4352 151
4352 152
4353 118
4353 119
4353 120
4353 121
4353 122
4353 123
4353 124
4353 125
4353 126
4353 127
4353 128
4353 129
4353 130
4353 131
4353 132
4353 133
4353 134
4353 135
4353 136
4353 137
4353 138
4353 139
4353 140
4353 141
4353 142
4353 143
4353 144
4353 145
4353 146
4353 147
4354 114
4354 115
4354 116
4354 117
4354 118
4354 119
4354 120
4354 121
4354 122
4354 123
4354 124
4354 125
4354 126
4354 127
4354 128
4354 129
4354 130
4354 131
4354 132
4354 133
4354 134
4354 135
4354 136
4354 137
4354 138
4354 139
4354 140
4355 112
4355 113
4355 114
4355 115
4355 116
4355 117
4355 118
4355 119
4355 120
4355 121
4355 122
4355 123
4355 124
4355 125
4355 126
4355 127
4355 128
4355 129
4355 130
4355 131
4355 132
4356 116
4356 117
4377 149
4377 150
4377 151
4377 152
4377 153
4377 154
4377 155
4378 137
4378 138
4378 139
4378 140
4378 141
4378 142
4378 143
4378 144
4378 145
4378 146
4378 147
4378 148
4378 149
4378 150
4378 151
4378 152
4378 153
4378 154
4378 155
4378 156
4378 157
4379 129
4379 130
4379 131
4379 132
4379 133
4379 134
4379 135
4379 136
4379 137
4379 138
4379 139
4379 140
4379 141
4379 142
4379 143
4379 144
4379 145
4379 146
4379 147
4379 148
4379 149
4379 150
4379 151
4379 152
4379 153
4379 154
4379 155
4380 122
4380 123
4380 124
4380 125
4380 126
4380 127
4380 128
4380 129
4380 130
4380 131
4380 132
4380 133
4380 134
4380 135
4380 136
4380 137
4380 138
4380 139
4380 140
4380 141
4380 142
4380 143
4380 144
4380 145
4380 146
4380 147
4380 148
4380 149
4380 150
4380 151
4381 117
4381 118
4381 119
4381 120
4381 121
4381 122
4381 123
4381 124
4381 125
4381 126
4381 127
4381 128
4381 129
4381 130
4381 131
4381 132
4381 133
4381 134
4381 135
4381 136
4381 137
4381 138
4381 139
4381 140
4381 141
4381 142
4381 143
4381 144
4381 145
4381 146
4382 113
4382 114
4382 115
4382 116
4382 117
4382 118
4382 119
4382 120
4382 121
4382 122
4382 123
4382 124
4382 125
4382 126
4382 127
4382 128
4382 129
4382 130
4382 131
4382 132
4382 133
4382 134
4382 135
4382 136
4382 137
4382 138
4382 139
