2172 154
2172 155
2172 156
2172 157
2173 146
2173 147
2173 148
2173 149
2173 150
2173 151
2173 152
2173 153
2174 140
2174 141
2174 142
2174 143
2174 144
2174 145
2193 157
2193 158
2193 159
2193 160
2193 161
2193 162
2193 163
2193 164
2193 165
2193 166
2194 148
2194 149
2194 150
2194 151
2194 152
2194 153
2194 154
2194 155
2194 156
2194 157
2194 158
2194 159
2194 160
2194 161
2194 162
2194 163
2195 141
2195 142
2195 143
2195 144
2195 145
2195 146
2195 147
2195 148
2195 149
2195 150
2195 151
2195 152
2195 153
2195 154
2195 155
2195 156
2195 157
2196 135
2196 136
2196 137
2196 138
2196 139
2196 140
2196 141
2196 142
2196 143
2196 144
2196 145
2196 146
2196 147
2196 148
2196 149
2196 150
2197 130
2197 131
2197 132
2197 133
2197 134
2197 135
2197 136
2197 137
2197 138
2197 139
2197 140
2197 141
2197 142
2214 164
2214 165
2214 166
2214 167
2214 168
2214 169
2214 170
2214 171
2215 154
2215 155
2215 156
2215 157
2215 158
2215 159
2215 160
2215 161
2215 162
2215 163
2215 164
2215 165
2215 166
2215 167
2215 168
2215 169
2216 145
2216 146
2216 147
2216 148
2216 149
2216 150
2216 151
2216 152
2216 153
2216 154
2216 155
2216 156
2216 157
2216 158
2216 159
2216 160
2216 161
2216 162
2216 163
2216 164
2216 165
2217 138
2217 139
2217 140
2217 141
2217 142
2217 143
2217 144
2217 145
2217 146
2217 147
2217 148
2217 149
2217 150
2217 151
2217 152
2217 153
2217 154
2217 155
2217 156
2217 157
2217 158
2217 159
2218 132
2218 133
2218 134
2218 135
2218 136
2218 137
2218 138
2218 139
2218 140
2218 141
2218 142
2218 143
2218 144
2218 145
2218 146
2218 147
2218 148
2218 149
2218 150
2218 151
2218 152
2219 127
2219 128
2219 129
2219 130
2219 131
2219 132
2219 133
2219 134
2219 135
2219 136
2219 137
2219 138
2219 139
2219 140
2219 141
2219 142
2219 143
2219 144
2220 123
2220 124
2220 125
2220 126
2220 127
2220 128
2220 129
2220 130
2220 131
2220 132
2220 133
2220 134
2220 135
2236 161
2236 162
2236 163
2236 164
2236 165
2236 166
2236 167
2236 168
2236 169
2236 170
2236 171
2236 172
2236 173
2237 151
2237 152
2237 153
2237 154
2237 155
2237 156
2237 157
2237 158
2237 159
2237 160
2237 161
2237 162
2237 163
2237 164
2237 165
2237 166
2237 167
2237 168
2237 169
2237 170
2237 171
2238 143
2238 144
2238 145
2238 146
2238 147
2238 148
2238 149
2238 150
2238 151
2238 152
2238 153
2238 154
2238 155
2238 156
2238 157
2238 158
2238 159
2238 160
2238 161
2238 162
2238 163
2238 164
2238 165
2238 166
2239 136
2239 137
2239 138
2239 139
2239 140
2239 141
2239 142
2239 143
2239 144
2239 145
2239 146
2239 147
2239 148
2239 149
2239 150
2239 151
2239 152
2239 153
2239 154
2239 155
2239 156
2239 157
2239 158
2239 159
2239 160
2240 130
2240 131
2240 132
2240 133
2240 134
2240 135
2240 136
2240 137
2240 138
2240 139
2240 140
2240 141
2240 142
2240 143
2240 144
2240 145
2240 146
2240 147
2240 148
2240 149
2240 150
2240 151
2240 152
2240 153
2241 124
2241 125
2241 126
2241 127
2241 128
2241 129
2241 130
2241 131
2241 132
2241 133
2241 134
2241 135
2241 136
2241 137
2241 138
2241 139
2241 140
2241 141
2241 142
2241 143
2241 144
2241 145
2241 146
2242 120
2242 121
2242 122
2242 123
2242 124
2242 125
2242 126
2242 127
2242 128
2242 129
2242 130
2242 131
2242 132
2242 133
2242 134
2242 135
2242 136
2242 137
2243 118
2243 119
2243 120
2243 121
2243 122
2243 123
2243 124
2243 125
2258 158
2258 159
2258 160
2258 161
2258 162
2258 163
2258 164
2258 165
2258 166
2258 167
2258 168
2258 169
2258 170
2258 171
2258 172
2258 173
2258 174
2258 175
2259 149
2259 150
2259 151
2259 152
2259 153
2259 154
2259 155
2259 156
2259 157
2259 158
2259 159
2259 160
2259 161
2259 162
2259 163
2259 164
2259 165
2259 166
2259 167
2259 168
2259 169
2259 170
2259 171
2260 142
2260 143
2260 144
2260 145
2260 146
2260 147
2260 148
2260 149
2260 150
2260 151
2260 152
2260 153
2260 154
2260 155
2260 156
2260 157
2260 158
2260 159
2260 160
2260 161
2260 162
2260 163
2260 164
2260 165
2260 166
2260 167
2261 135
2261 136
2261 137
2261 138
2261 139
2261 140
2261 141
2261 142
2261 143
2261 144
2261 145
2261 146
2261 147
2261 148
2261 149
2261 150
2261 151
2261 152
2261 153
2261 154
2261 155
2261 156
2261 157
2261 158
2261 159
2261 160
2261 161
2262 128
2262 129
2262 130
2262 131
2262 132
2262 133
2262 134
2262 135
2262 136
2262 137
2262 138
2262 139
2262 140
2262 141
2262 142
2262 143
2262 144
2262 145
2262 146
2262 147
2262 148
2262 149
2262 150
2262 151
2262 152
2262 153
2262 154
2263 123
2263 124
2263 125
2263 126
2263 127
2263 128
2263 129
2263 130
2263 131
2263 132
2263 133
2263 134
2263 135
2263 136
2263 137
2263 138
2263 139
2263 140
2263 141
2263 142
2263 143
2263 144
2263 145
2263 146
2263 147
2264 118
2264 119
2264 120
2264 121
2264 122
2264 123
2264 124
2264 125
2264 126
2264 127
2264 128
2264 129
2264 130
2264 131
2264 132
2264 133
2264 134
2264 135
2264 136
2264 137
2264 138
2265 115
2265 116
2265 117
2265 118
2265 119
2265 120
2265 121
2265 122
2265 123
2265 124
2265 125
2265 126
2265 127
2265 128
2279 168
2279 169
2279 170
2279 171
2279 172
2279 173
2279 174
2279 175
2280 157
2280 158
2280 159
2280 160
2280 161
2280 162
2280 163
2280 164
2280 165
2280 166
2280 167
2280 168
2280 169
2280 170
2280 171
2280 172
2280 173
2280 174
2280 175
2281 148
2281 149
2281 150
2281 151
2281 152
2281 153
2281 154
2281 155
2281 156
2281 157
2281 158
2281 159
2281 160
2281 161
2281 162
2281 163
2281 164
2281 165
2281 166
2281 167
2281 168
2281 169
2281 170
2281 171
2281 172
2282 140
2282 141
2282 142
2282 143
2282 144
2282 145
2282 146
2282 147
2282 148
2282 149
2282 150
2282 151
2282 152
2282 153
2282 154
2282 155
2282 156
2282 157
2282 158
2282 159
2282 160
2282 161
2282 162
2282 163
2282 164
2282 165
2282 166
2282 167
2283 133
2283 134
2283 135
2283 136
2283 137
2283 138
2283 139
2283 140
2283 141
2283 142
2283 143
2283 144
2283 145
2283 146
2283 147
2283 148
2283 149
2283 150
2283 151
2283 152
2283 153
2283 154
2283 155
2283 156
2283 157
2283 158
2283 159
2283 160
2283 161
2284 127
2284 128
2284 129
2284 130
2284 131
2284 132
2284 133
2284 134
2284 135
2284 136
2284 137
2284 138
2284 139
2284 140
2284 141
2284 142
2284 143
2284 144
2284 145
2284 146
2284 147
2284 148
2284 149
2284 150
2284 151
2284 152
2284 153
2284 154
2284 155
2285 121
2285 122
2285 123
2285 124
2285 125
2285 126
2285 127
2285 128
2285 129
2285 130
2285 131
2285 132
2285 133
2285 134
2285 135
2285 136
2285 137
2285 138
2285 139
2285 140
2285 141
2285 142
2285 143
2285 144
2285 145
2285 146
2285 147
2286 117
2286 118
2286 119
2286 120
2286 121
2286 122
2286 123
2286 124
2286 125
2286 126
2286 127
2286 128
2286 129
2286 130
2286 131
2286 132
2286 133
2286 134
2286 135
2286 136
2286 137
2286 138
2286 139
2287 113
2287 114
2287 115
2287 116
2287 117
2287 118
2287 119
2287 120
2287 121
2287 122
2287 123
2287 124
2287 125
2287 126
2287 127
2287 128
2287 129
2301 167
2301 168
2301 169
2301 170
2301 171
2301 172
2301 173
2301 174
2301 175
2301 176
2302 156
2302 157
2302 158
2302 159
2302 160
2302 161
2302 162
2302 163
2302 164
2302 165
2302 166
2302 167
2302 168
2302 169
2302 170
2302 171
2302 172
2302 173
2302 174
2302 175
2303 147
2303 148
2303 149
2303 150
2303 151
2303 152
2303 153
2303 154
2303 155
2303 156
2303 157
2303 158
2303 159
2303 160
2303 161
2303 162
2303 163
2303 164
2303 165
2303 166
2303 167
2303 168
2303 169
2303 170
2303 171
2303 172
2304 139
2304 140
2304 141
2304 142
2304 143
2304 144
2304 145
2304 146
2304 147
2304 148
2304 149
2304 150
2304 151
2304 152
2304 153
2304 154
2304 155
2304 156
2304 157
2304 158
2304 159
2304 160
2304 161
2304 162
2304 163
2304 164
2304 165
2304 166
2304 167
2305 132
2305 133
2305 134
2305 135
2305 136
2305 137
2305 138
2305 139
2305 140
2305 141
2305 142
2305 143
2305 144
2305 145
2305 146
2305 147
2305 148
2305 149
2305 150
2305 151
2305 152
2305 153
2305 154
2305 155
2305 156
2305 157
2305 158
2305 159
2305 160
2305 161
2306 126
2306 127
2306 128
2306 129
2306 130
2306 131
2306 132
2306 133
2306 134
2306 135
2306 136
2306 137
2306 138
2306 139
2306 140
2306 141
2306 142
2306 143
2306 144
2306 145
2306 146
2306 147
2306 148
2306 149
2306 150
2306 151
2306 152
2306 153
2306 154
2306 155
2307 120
2307 121
2307 122
2307 123
2307 124
2307 125
2307 126
2307 127
2307 128
2307 129
2307 130
2307 131
2307 132
2307 133
2307 134
2307 135
2307 136
2307 137
2307 138
2307 139
2307 140
2307 141
2307 142
2307 143
2307 144
2307 145
2307 146
2307 147
2308 116
2308 117
2308 118
2308 119
2308 120
2308 121
2308 122
2308 123
2308 124
2308 125
2308 126
2308 127
2308 128
2308 129
2308 130
2308 131
2308 132
2308 133
2308 134
2308 135
2308 136
2308 137
2308 138
2308 139
2309 112
2309 113
2309 114
2309 115
2309 116
2309 117
2309 118
2309 119
2309 120
2309 121
2309 122
2309 123
2309 124
2309 125
2309 126
2309 127
2309 128
2309 129
2309 130
2323 165
2323 166
2323 167
2323 168
2323 169
2323 170
2323 171
2323 172
2323 173
2323 174
2323 175
2323 176
2324 155
2324 156
2324 157
2324 158
2324 159
2324 160
2324 161
2324 162
2324 163
2324 164
2324 165
2324 166
2324 167
2324 168
2324 169
2324 170
2324 171
2324 172
2324 173
2324 174
2324 175
2325 146
2325 147
2325 148
2325 149
2325 150
2325 151
2325 152
2325 153
2325 154
2325 155
2325 156
2325 157
2325 158
2325 159
2325 160
2325 161
2325 162
2325 163
2325 164
2325 165
2325 166
2325 167
2325 168
2325 169
2325 170
2325 171
2325 172
2326 139
2326 140
2326 141
2326 142
2326 143
2326 144
2326 145
2326 146
2326 147
2326 148
2326 149
2326 150
2326 151
2326 152
2326 153
2326 154
2326 155
2326 156
2326 157
2326 158
2326 159
2326 160
2326 161
2326 162
2326 163
2326 164
2326 165
2326 166
2326 167
2327 132
2327 133
2327 134
2327 135
2327 136
2327 137
2327 138
2327 139
2327 140
2327 141
2327 142
2327 143
2327 144
2327 145
2327 146
2327 147
2327 148
2327 149
2327 150
2327 151
2327 152
2327 153
2327 154
2327 155
2327 156
2327 157
2327 158
2327 159
2327 160
2327 161
2328 125
2328 126
2328 127
2328 128
2328 129
2328 130
2328 131
2328 132
2328 133
2328 134
2328 135
2328 136
2328 137
2328 138
2328 139
2328 140
2328 141
2328 142
2328 143
2328 144
2328 145
2328 146
2328 147
2328 148
2328 149
2328 150
2328 151
2328 152
2328 153
2328 154
2328 155
2329 120
2329 121
2329 122
2329 123
2329 124
2329 125
2329 126
2329 127
2329 128
2329 129
2329 130
2329 131
2329 132
2329 133
2329 134
2329 135
2329 136
2329 137
2329 138
2329 139
2329 140
2329 141
2329 142
2329 143
2329 144
2329 145
2329 146
2329 147
2330 115
2330 116
2330 117
2330 118
2330 119
2330 120
2330 121
2330 122
2330 123
2330 124
2330 125
2330 126
2330 127
2330 128
2330 129
2330 130
2330 131
2330 132
2330 133
2330 134
2330 135
2330 136
2330 137
2330 138
2330 139
2331 111
2331 112
2331 113
2331 114
2331 115
2331 116
2331 117
2331 118
2331 119
2331 120
2331 121
2331 122
2331 123
2331 124
2331 125
2331 126
2331 127
2331 128
2331 129
2331 130
2332 113
2332 114
2332 115
2332 116
2345 165
2345 166
2345 167
2345 168
2345 169
2345 170
2345 171
2345 172
2345 173
2345 174
2345 175
2345 176
2346 154
2346 155
2346 156
2346 157
2346 158
2346 159
2346 160
2346 161
2346 162
2346 163
2346 164
2346 165
2346 166
2346 167
2346 168
2346 169
2346 170
2346 171
2346 172
2346 173
2346 174
2346 175
2347 146
2347 147
2347 148
2347 149
2347 150
2347 151
2347 152
2347 153
2347 154
2347 155
2347 156
2347 157
2347 158
2347 159
2347 160
2347 161
2347 162
2347 163
2347 164
2347 165
2347 166
2347 167
2347 168
2347 169
2347 170
2347 171
2348 138
2348 139
2348 140
2348 141
2348 142
2348 143
2348 144
2348 145
2348 146
2348 147
2348 148
2348 149
2348 150
2348 151
2348 152
2348 153
2348 154
2348 155
2348 156
2348 157
2348 158
2348 159
2348 160
2348 161
2348 162
2348 163
2348 164
2348 165
2348 166
2349 131
2349 132
2349 133
2349 134
2349 135
2349 136
2349 137
2349 138
2349 139
2349 140
2349 141
2349 142
2349 143
2349 144
2349 145
2349 146
2349 147
2349 148
2349 149
2349 150
2349 151
2349 152
2349 153
2349 154
2349 155
2349 156
2349 157
2349 158
2349 159
2349 160
2349 161
2350 125
2350 126
2350 127
2350 128
2350 129
2350 130
2350 131
2350 132
2350 133
2350 134
2350 135
2350 136
2350 137
2350 138
2350 139
2350 140
2350 141
2350 142
2350 143
2350 144
2350 145
2350 146
2350 147
2350 148
2350 149
2350 150
2350 151
2350 152
2350 153
2350 154
2351 119
2351 120
2351 121
2351 122
2351 123
2351 124
2351 125
2351 126
2351 127
2351 128
2351 129
2351 130
2351 131
2351 132
2351 133
2351 134
2351 135
2351 136
2351 137
2351 138
2351 139
2351 140
2351 141
2351 142
2351 143
2351 144
2351 145
2351 146
2351 147
2352 114
2352 115
2352 116
2352 117
2352 118
2352 119
2352 120
2352 121
2352 122
2352 123
2352 124
2352 125
2352 126
2352 127
2352 128
2352 129
2352 130
2352 131
2352 132
2352 133
2352 134
2352 135
2352 136
2352 137
2352 138
2352 139
2353 111
2353 112
2353 113
2353 114
2353 115
2353 116
2353 117
2353 118
2353 119
2353 120
2353 121
2353 122
2353 123
2353 124
2353 125
2353 126
2353 127
2353 128
2353 129
2353 130
2354 112
2354 113
2354 114
2354 115
2354 116
2367 164
2367 165
2367 166
2367 167
2367 168
2367 169
2367 170
2367 171
2367 172
2367 173
2367 174
2367 175
2368 154
2368 155
2368 156
2368 157
2368 158
2368 159
2368 160
2368 161
2368 162
2368 163
2368 164
2368 165
2368 166
2368 167
2368 168
2368 169
2368 170
2368 171
2368 172
2368 173
2368 174
2369 145
2369 146
2369 147
2369 148
2369 149
2369 150
2369 151
2369 152
2369 153
2369 154
2369 155
2369 156
2369 157
2369 158
2369 159
2369 160
2369 161
2369 162
2369 163
2369 164
2369 165
2369 166
2369 167
2369 168
2369 169
2369 170
2369 171
2370 138
2370 139
2370 140
2370 141
2370 142
2370 143
2370 144
2370 145
2370 146
2370 147
2370 148
2370 149
2370 150
2370 151
2370 152
2370 153
2370 154
2370 155
2370 156
2370 157
2370 158
2370 159
2370 160
2370 161
2370 162
2370 163
2370 164
2370 165
2370 166
2371 131
2371 132
2371 133
2371 134
2371 135
2371 136
2371 137
2371 138
2371 139
2371 140
2371 141
2371 142
2371 143
2371 144
2371 145
2371 146
2371 147
2371 148
2371 149
2371 150
2371 151
2371 152
2371 153
2371 154
2371 155
2371 156
2371 157
2371 158
2371 159
2371 160
2372 124
2372 125
2372 126
2372 127
2372 128
2372 129
2372 130
2372 131
2372 132
2372 133
2372 134
2372 135
2372 136
2372 137
2372 138
2372 139
2372 140
2372 141
2372 142
2372 143
2372 144
2372 145
2372 146
2372 147
2372 148
2372 149
2372 150
2372 151
2372 152
2372 153
2372 154
2373 119
2373 120
2373 121
2373 122
2373 123
2373 124
2373 125
2373 126
2373 127
2373 128
2373 129
2373 130
2373 131
2373 132
2373 133
2373 134
2373 135
2373 136
2373 137
2373 138
2373 139
2373 140
2373 141
2373 142
2373 143
2373 144
2373 145
2373 146
2373 147
2374 114
2374 115
2374 116
2374 117
2374 118
2374 119
2374 120
2374 121
2374 122
2374 123
2374 124
2374 125
2374 126
2374 127
2374 128
2374 129
2374 130
2374 131
2374 132
2374 133
2374 134
2374 135
2374 136
2374 137
2374 138
2374 139
2375 111
2375 112
2375 113
2375 114
2375 115
2375 116
2375 117
2375 118
2375 119
2375 120
2375 121
2375 122
2375 123
2375 124
2375 125
2375 126
2375 127
2375 128
2375 129
2376 113
2376 114
2376 115
2389 164
2389 165
2389 166
2389 167
2389 168
2389 169
2389 170
2389 171
2389 172
2389 173
2389 174
2390 153
2390 154
2390 155
2390 156
2390 157
2390 158
2390 159
2390 160
2390 161
2390 162
2390 163
2390 164
2390 165
2390 166
2390 167
2390 168
2390 169
2390 170
2390 171
2390 172
2390 173
2391 145
2391 146
2391 147
2391 148
2391 149
2391 150
2391 151
2391 152
2391 153
2391 154
2391 155
2391 156
2391 157
2391 158
2391 159
2391 160
2391 161
2391 162
2391 163
2391 164
2391 165
2391 166
2391 167
2391 168
2391 169
2391 170
2392 137
2392 138
2392 139
2392 140
2392 141
2392 142
2392 143
2392 144
2392 145
2392 146
2392 147
2392 148
2392 149
2392 150
2392 151
2392 152
2392 153
2392 154
2392 155
2392 156
2392 157
2392 158
2392 159
2392 160
2392 161
2392 162
2392 163
2392 164
2392 165
2393 130
2393 131
2393 132
2393 133
2393 134
2393 135
2393 136
2393 137
2393 138
2393 139
2393 140
2393 141
2393 142
2393 143
2393 144
2393 145
2393 146
2393 147
2393 148
2393 149
2393 150
2393 151
2393 152
2393 153
2393 154
2393 155
2393 156
2393 157
2393 158
2393 159
2393 160
2394 124
2394 125
2394 126
2394 127
2394 128
2394 129
2394 130
2394 131
2394 132
2394 133
2394 134
2394 135
2394 136
2394 137
2394 138
2394 139
2394 140
2394 141
2394 142
2394 143
2394 144
2394 145
2394 146
2394 147
2394 148
2394 149
2394 150
2394 151
2394 152
2394 153
2395 119
2395 120
2395 121
2395 122
2395 123
2395 124
2395 125
2395 126
2395 127
2395 128
2395 129
2395 130
2395 131
2395 132
2395 133
2395 134
2395 135
2395 136
2395 137
2395 138
2395 139
2395 140
2395 141
2395 142
2395 143
2395 144
2395 145
2395 146
2396 114
2396 115
2396 116
2396 117
2396 118
2396 119
2396 120
2396 121
2396 122
2396 123
2396 124
2396 125
2396 126
2396 127
2396 128
2396 129
2396 130
2396 131
2396 132
2396 133
2396 134
2396 135
2396 136
2396 137
2396 138
2397 111
2397 112
2397 113
2397 114
2397 115
2397 116
2397 117
2397 118
2397 119
2397 120
2397 121
2397 122
2397 123
2397 124
2397 125
2397 126
2397 127
2397 128
2397 129
2411 165
2411 166
2411 167
2411 168
2411 169
2411 170
2411 171
2411 172
2412 153
2412 154
2412 155
2412 156
2412 157
2412 158
2412 159
2412 160
2412 161
2412 162
2412 163
2412 164
2412 165
2412 166
2412 167
2412 168
2412 169
2412 170
2412 171
2412 172
2413 145
2413 146
2413 147
2413 148
2413 149
2413 150
2413 151
2413 152
2413 153
2413 154
2413 155
2413 156
2413 157
2413 158
2413 159
2413 160
2413 161
2413 162
2413 163
2413 164
2413 165
2413 166
2413 167
2413 168
2413 169
2414 137
2414 138
2414 139
2414 140
2414 141
2414 142
2414 143
2414 144
2414 145
2414 146
2414 147
2414 148
2414 149
2414 150
2414 151
2414 152
2414 153
2414 154
2414 155
2414 156
2414 157
2414 158
2414 159
2414 160
2414 161
2414 162
2414 163
2414 164
2415 130
2415 131
2415 132
2415 133
2415 134
2415 135
2415 136
2415 137
2415 138
2415 139
2415 140
2415 141
2415 142
2415 143
2415 144
2415 145
2415 146
2415 147
2415 148
2415 149
2415 150
2415 151
2415 152
2415 153
2415 154
2415 155
2415 156
2415 157
2415 158
2415 159
2416 124
2416 125
2416 126
2416 127
2416 128
2416 129
2416 130
2416 131
2416 132
2416 133
2416 134
2416 135
2416 136
2416 137
2416 138
2416 139
2416 140
2416 141
2416 142
2416 143
2416 144
2416 145
2416 146
2416 147
2416 148
2416 149
2416 150
2416 151
2416 152
2417 119
2417 120
2417 121
2417 122
2417 123
2417 124
2417 125
2417 126
2417 127
2417 128
2417 129
2417 130
2417 131
2417 132
2417 133
2417 134
2417 135
2417 136
2417 137
2417 138
2417 139
2417 140
2417 141
2417 142
2417 143
2417 144
2417 145
2418 114
2418 115
2418 116
2418 117
2418 118
2418 119
2418 120
2418 121
2418 122
2418 123
2418 124
2418 125
2418 126
2418 127
2418 128
2418 129
2418 130
2418 131
2418 132
2418 133
2418 134
2418 135
2418 136
2418 137
2419 112
2419 113
2419 114
2419 115
2419 116
2419 117
2419 118
2419 119
2419 120
2419 121
2419 122
2419 123
2419 124
2419 125
2419 126
2419 127
2419 128
2434 154
2434 155
2434 156
2434 157
2434 158
2434 159
2434 160
2434 161
2434 162
2434 163
2434 164
2434 165
2434 166
2434 167
2434 168
2434 169
2434 170
2435 145
2435 146
2435 147
2435 148
2435 149
2435 150
2435 151
2435 152
2435 153
2435 154
2435 155
2435 156
2435 157
2435 158
2435 159
2435 160
2435 161
2435 162
2435 163
2435 164
2435 165
2435 166
2435 167
2435 168
2436 137
2436 138
2436 139
2436 140
2436 141
2436 142
2436 143
2436 144
2436 145
2436 146
2436 147
2436 148
2436 149
2436 150
2436 151
2436 152
2436 153
2436 154
2436 155
2436 156
2436 157
2436 158
2436 159
2436 160
2436 161
2436 162
2436 163
2437 131
2437 132
2437 133
2437 134
2437 135
2437 136
2437 137
2437 138
2437 139
2437 140
2437 141
2437 142
2437 143
2437 144
2437 145
2437 146
2437 147
2437 148
2437 149
2437 150
2437 151
2437 152
2437 153
2437 154
2437 155
2437 156
2437 157
2437 158
2438 124
2438 125
2438 126
2438 127
2438 128
2438 129
2438 130
2438 131
2438 132
2438 133
2438 134
2438 135
2438 136
2438 137
2438 138
2438 139
2438 140
2438 141
2438 142
2438 143
2438 144
2438 145
2438 146
2438 147
2438 148
2438 149
2438 150
2438 151
2439 119
2439 120
2439 121
2439 122
2439 123
2439 124
2439 125
2439 126
2439 127
2439 128
2439 129
2439 130
2439 131
2439 132
2439 133
2439 134
2439 135
2439 136
2439 137
2439 138
2439 139
2439 140
2439 141
2439 142
2439 143
2439 144
2440 115
2440 116
2440 117
2440 118
2440 119
2440 120
2440 121
2440 122
2440 123
2440 124
2440 125
2440 126
2440 127
2440 128
2440 129
2440 130
2440 131
2440 132
2440 133
2440 134
2440 135
2440 136
2441 113
2441 114
2441 115
2441 116
2441 117
2441 118
2441 119
2441 120
2441 121
2441 122
2441 123
2441 124
2441 125
2441 126
2456 154
2456 155
2456 156
2456 157
2456 158
2456 159
2456 160
2456 161
2456 162
2456 163
2456 164
2456 165
2456 166
2456 167
2456 168
2456 169
2457 145
2457 146
2457 147
2457 148
2457 149
2457 150
2457 151
2457 152
2457 153
2457 154
2457 155
2457 156
2457 157
2457 158
2457 159
2457 160
2457 161
2457 162
2457 163
2457 164
2457 165
2457 166
2458 138
2458 139
2458 140
2458 141
2458 142
2458 143
2458 144
2458 145
2458 146
2458 147
2458 148
2458 149
2458 150
2458 151
2458 152
2458 153
2458 154
2458 155
2458 156
2458 157
2458 158
2458 159
2458 160
2458 161
2458 162
2459 131
2459 132
2459 133
2459 134
2459 135
2459 136
2459 137
2459 138
2459 139
2459 140
2459 141
2459 142
2459 143
2459 144
2459 145
2459 146
2459 147
2459 148
2459 149
2459 150
2459 151
2459 152
2459 153
2459 154
2459 155
2459 156
2459 157
2460 125
2460 126
2460 127
2460 128
2460 129
2460 130
2460 131
2460 132
2460 133
2460 134
2460 135
2460 136
2460 137
2460 138
2460 139
2460 140
2460 141
2460 142
2460 143
2460 144
2460 145
2460 146
2460 147
2460 148
2460 149
2460 150
2461 120
2461 121
2461 122
2461 123
2461 124
2461 125
2461 126
2461 127
2461 128
2461 129
2461 130
2461 131
2461 132
2461 133
2461 134
2461 135
2461 136
2461 137
2461 138
2461 139
2461 140
2461 141
2461 142
2461 143
2462 116
2462 117
2462 118
2462 119
2462 120
2462 121
2462 122
2462 123
2462 124
2462 125
2462 126
2462 127
2462 128
2462 129
2462 130
2462 131
2462 132
2462 133
2462 134
2462 135
2463 115
2463 116
2463 117
2463 118
2463 119
2463 120
2463 121
2463 122
2463 123
2463 124
2478 156
2478 157
2478 158
2478 159
2478 160
2478 161
2478 162
2478 163
2478 164
2478 165
2478 166
2479 146
2479 147
2479 148
2479 149
2479 150
2479 151
2479 152
2479 153
2479 154
2479 155
2479 156
2479 157
2479 158
2479 159
2479 160
2479 161
2479 162
2479 163
2479 164
2480 138
2480 139
2480 140
2480 141
2480 142
2480 143
2480 144
2480 145
2480 146
2480 147
2480 148
2480 149
2480 150
2480 151
2480 152
2480 153
2480 154
2480 155
2480 156
2480 157
2480 158
2480 159
2480 160
2481 132
2481 133
2481 134
2481 135
2481 136
2481 137
2481 138
2481 139
2481 140
2481 141
2481 142
2481 143
2481 144
2481 145
2481 146
2481 147
2481 148
2481 149
2481 150
2481 151
2481 152
2481 153
2481 154
2481 155
2482 126
2482 127
2482 128
2482 129
2482 130
2482 131
2482 132
2482 133
2482 134
2482 135
2482 136
2482 137
2482 138
2482 139
2482 140
2482 141
2482 142
2482 143
2482 144
2482 145
2482 146
2482 147
2482 148
2482 149
2483 121
2483 122
2483 123
2483 124
2483 125
2483 126
2483 127
2483 128
2483 129
2483 130
2483 131
2483 132
2483 133
2483 134
2483 135
2483 136
2483 137
2483 138
2483 139
2483 140
2483 141
2484 117
2484 118
2484 119
2484 120
2484 121
2484 122
2484 123
2484 124
2484 125
2484 126
2484 127
2484 128
2484 129
2484 130
2484 131
2484 132
2484 133
2501 148
2501 149
2501 150
2501 151
2501 152
2501 153
2501 154
2501 155
2501 156
2501 157
2501 158
2501 159
2501 160
2501 161
2501 162
2502 139
2502 140
2502 141
2502 142
2502 143
2502 144
2502 145
2502 146
2502 147
2502 148
2502 149
2502 150
2502 151
2502 152
2502 153
2502 154
2502 155
2502 156
2502 157
2502 158
2503 133
2503 134
2503 135
2503 136
2503 137
2503 138
2503 139
2503 140
2503 141
2503 142
2503 143
2503 144
2503 145
2503 146
2503 147
2503 148
2503 149
2503 150
2503 151
2503 152
2503 153
2504 127
2504 128
2504 129
2504 130
2504 131
2504 132
2504 133
2504 134
2504 135
2504 136
2504 137
2504 138
2504 139
2504 140
2504 141
2504 142
2504 143
2504 144
2504 145
2504 146
2504 147
2505 122
2505 123
2505 124
2505 125
2505 126
2505 127
2505 128
2505 129
2505 130
2505 131
2505 132
2505 133
2505 134
2505 135
2505 136
2505 137
2505 138
2505 139
2506 120
2506 121
2506 122
2506 123
2506 124
2506 125
2506 126
2506 127
2506 128
2506 129
2506 130
2523 150
2523 151
2523 152
2523 153
2523 154
2523 155
2523 156
2523 157
2523 158
2524 141
2524 142
2524 143
2524 144
2524 145
2524 146
2524 147
2524 148
2524 149
2524 150
2524 151
2524 152
2524 153
2524 154
2524 155
2525 134
2525 135
2525 136
2525 137
2525 138
2525 139
2525 140
2525 141
2525 142
2525 143
2525 144
2525 145
2525 146
2525 147
2525 148
2525 149
2525 150
2525 151
2526 129
2526 130
2526 131
2526 132
2526 133
2526 134
2526 135
2526 136
2526 137
2526 138
2526 139
2526 140
2526 141
2526 142
2526 143
2526 144
2527 125
2527 126
2527 127
2527 128
2527 129
2527 130
2527 131
2527 132
2527 133
2527 134
2527 135
2527 136
2527 137
2546 145
2546 146
2546 147
2546 148
2546 149
2546 150
2546 151
2547 137
2547 138
2547 139
2547 140
2547 141
2547 142
2547 143
2547 144
2547 145
2547 146
2547 147
2548 132
2548 133
2548 134
2548 135
2548 136
2548 137
2548 138
2548 139
2548 140
2548 141
