1399 154
1399 155
1399 156
1399 157
1399 158
1399 159
1399 160
1399 161
1408 155
1408 156
1408 157
1408 158
1408 159
1408 160
1408 161
1408 162
1408 163
1408 164
1409 141
1409 142
1409 143
1409 144
1409 145
1409 146
1409 147
1409 148
1409 149
1409 150
1417 156
1417 157
1417 158
1417 159
1417 160
1417 161
1417 162
1417 163
1417 164
1417 165
1417 166
1418 141
1418 142
1418 143
1418 144
1418 145
1418 146
1418 147
1418 148
1418 149
1418 150
1418 151
1418 152
1418 153
1418 154
1426 158
1426 159
1426 160
1426 161
1426 162
1426 163
1426 164
1426 165
1426 166
1426 167
1426 168
1426 169
1427 141
1427 142
1427 143
1427 144
1427 145
1427 146
1427 147
1427 148
1427 149
1427 150
1427 151
1427 152
1427 153
1427 154
1427 155
1427 156
1427 157
1435 160
1435 161
1435 162
1435 163
1435 164
1435 165
1435 166
1435 167
1435 168
1435 169
1435 170
1436 142
1436 143
1436 144
1436 145
1436 146
1436 147
1436 148
1436 149
1436 150
1436 151
1436 152
1436 153
1436 154
1436 155
1436 156
1436 157
1436 158
1436 159
1436 160
1437 133
1437 134
1437 135
1437 136
1437 137
1437 138
1437 139
1437 140
1437 141
1444 162
1444 163
1444 164
1444 165
1444 166
1444 167
1444 168
1444 169
1444 170
1444 171
1444 172
1445 144
1445 145
1445 146
1445 147
1445 148
1445 149
1445 150
1445 151
1445 152
1445 153
1445 154
1445 155
1445 156
1445 157
1445 158
1445 159
1445 160
1445 161
1445 162
1445 163
1446 133
1446 134
1446 135
1446 136
1446 137
1446 138
1446 139
1446 140
1446 141
1446 142
1446 143
1446 144
1446 145
1453 165
1453 166
1453 167
1453 168
1453 169
1453 170
1453 171
1453 172
1453 173
1454 145
1454 146
1454 147
1454 148
1454 149
1454 150
1454 151
1454 152
1454 153
1454 154
1454 155
1454 156
1454 157
1454 158
1454 159
1454 160
1454 161
1454 162
1454 163
1454 164
1454 165
1455 133
1455 134
1455 135
1455 136
1455 137
1455 138
1455 139
1455 140
1455 141
1455 142
1455 143
1455 144
1455 145
1455 146
1455 147
1455 148
1455 149
1462 169
1462 170
1462 171
1462 172
1462 173
1463 147
1463 148
1463 149
1463 150
1463 151
1463 152
1463 153
1463 154
1463 155
1463 156
1463 157
1463 158
1463 159
1463 160
1463 161
1463 162
1463 163
1463 164
1463 165
1463 166
1463 167
1464 134
1464 135
1464 136
1464 137
1464 138
1464 139
1464 140
1464 141
1464 142
1464 143
1464 144
1464 145
1464 146
1464 147
1464 148
1464 149
1464 150
1464 151
1464 152
1472 149
1472 150
1472 151
1472 152
1472 153
1472 154
1472 155
1472 156
1472 157
1472 158
1472 159
1472 160
1472 161
1472 162
1472 163
1472 164
1472 165
1472 166
1472 167
1472 168
1472 169
1473 135
1473 136
1473 137
1473 138
1473 139
1473 140
1473 141
1473 142
1473 143
1473 144
1473 145
1473 146
1473 147
1473 148
1473 149
1473 150
1473 151
1473 152
1473 153
1473 154
1473 155
1481 151
1481 152
1481 153
1481 154
1481 155
1481 156
1481 157
1481 158
1481 159
1481 160
1481 161
1481 162
1481 163
1481 164
1481 165
1481 166
1481 167
1481 168
1481 169
1481 170
1481 171
1482 136
1482 137
1482 138
1482 139
1482 140
1482 141
1482 142
1482 143
1482 144
1482 145
1482 146
1482 147
1482 148
1482 149
1482 150
1482 151
1482 152
1482 153
1482 154
1482 155
1482 156
1482 157
1483 128
1483 129
1483 130
1483 131
1483 132
1483 133
1483 134
1483 135
1483 136
1490 153
1490 154
1490 155
1490 156
1490 157
1490 158
1490 159
1490 160
1490 161
1490 162
1490 163
1490 164
1490 165
1490 166
1490 167
1490 168
1490 169
1490 170
1490 171
1490 172
1490 173
1491 137
1491 138
1491 139
1491 140
1491 141
1491 142
1491 143
1491 144
1491 145
1491 146
1491 147
1491 148
1491 149
1491 150
1491 151
1491 152
1491 153
1491 154
1491 155
1491 156
1491 157
1491 158
1491 159
1491 160
1492 128
1492 129
1492 130
1492 131
1492 132
1492 133
1492 134
1492 135
1492 136
1492 137
1492 138
1492 139
1492 140
1499 155
1499 156
1499 157
1499 158
1499 159
1499 160
1499 161
1499 162
1499 163
1499 164
1499 165
1499 166
1499 167
1499 168
1499 169
1499 170
1499 171
1499 172
1499 173
1499 174
1500 139
1500 140
1500 141
1500 142
1500 143
1500 144
1500 145
1500 146
1500 147
1500 148
1500 149
1500 150
1500 151
1500 152
1500 153
1500 154
1500 155
1500 156
1500 157
1500 158
1500 159
1500 160
1500 161
1500 162
1501 128
1501 129
1501 130
1501 131
1501 132
1501 133
1501 134
1501 135
1501 136
1501 137
1501 138
1501 139
1501 140
1501 141
1501 142
1501 143
1501 144
1508 158
1508 159
1508 160
1508 161
1508 162
1508 163
1508 164
1508 165
1508 166
1508 167
1508 168
1508 169
1508 170
1508 171
1508 172
1508 173
1508 174
1508 175
1509 141
1509 142
1509 143
1509 144
1509 145
1509 146
1509 147
1509 148
1509 149
1509 150
1509 151
1509 152
1509 153
1509 154
1509 155
1509 156
1509 157
1509 158
1509 159
1509 160
1509 161
1509 162
1509 163
1509 164
1510 129
1510 130
1510 131
1510 132
1510 133
1510 134
1510 135
1510 136
1510 137
1510 138
1510 139
1510 140
1510 141
1510 142
1510 143
1510 144
1510 145
1510 146
1517 161
1517 162
1517 163
1517 164
1517 165
1517 166
1517 167
1517 168
1517 169
1517 170
1517 171
1517 172
1517 173
1517 174
1517 175
1517 176
1518 143
1518 144
1518 145
1518 146
1518 147
1518 148
1518 149
1518 150
1518 151
1518 152
1518 153
1518 154
1518 155
1518 156
1518 157
1518 158
1518 159
1518 160
1518 161
1518 162
1518 163
1518 164
1518 165
1518 166
1519 130
1519 131
1519 132
1519 133
1519 134
1519 135
1519 136
1519 137
1519 138
1519 139
1519 140
1519 141
1519 142
1519 143
1519 144
1519 145
1519 146
1519 147
1519 148
1519 149
1526 164
1526 165
1526 166
1526 167
1526 168
1526 169
1526 170
1526 171
1526 172
1526 173
1526 174
1526 175
1526 176
1526 177
1527 145
1527 146
1527 147
1527 148
1527 149
1527 150
1527 151
1527 152
1527 153
1527 154
1527 155
1527 156
1527 157
1527 158
1527 159
1527 160
1527 161
1527 162
1527 163
1527 164
1527 165
1527 166
1527 167
1527 168
1528 132
1528 133
1528 134
1528 135
1528 136
1528 137
1528 138
1528 139
1528 140
1528 141
1528 142
1528 143
1528 144
1528 145
1528 146
1528 147
1528 148
1528 149
1528 150
1528 151
1528 152
1535 167
1535 168
1535 169
1535 170
1535 171
1535 172
1535 173
1535 174
1535 175
1535 176
1536 147
1536 148
1536 149
1536 150
1536 151
1536 152
1536 153
1536 154
1536 155
1536 156
1536 157
1536 158
1536 159
1536 160
1536 161
1536 162
1536 163
1536 164
1536 165
1536 166
1536 167
1536 168
1536 169
1537 133
1537 134
1537 135
1537 136
1537 137
1537 138
1537 139
1537 140
1537 141
1537 142
1537 143
1537 144
1537 145
1537 146
1537 147
1537 148
1537 149
1537 150
1537 151
1537 152
1537 153
1537 154
1545 149
1545 150
1545 151
1545 152
1545 153
1545 154
1545 155
1545 156
1545 157
1545 158
1545 159
1545 160
1545 161
1545 162
1545 163
1545 164
1545 165
1545 166
1545 167
1545 168
1545 169
1545 170
1545 171
1546 135
1546 136
1546 137
1546 138
1546 139
1546 140
1546 141
1546 142
1546 143
1546 144
1546 145
1546 146
1546 147
1546 148
1546 149
1546 150
1546 151
1546 152
1546 153
1546 154
1546 155
1546 156
1547 127
1547 128
1547 129
1547 130
1547 131
1547 132
1547 133
1547 134
1547 135
1554 151
1554 152
1554 153
1554 154
1554 155
1554 156
1554 157
1554 158
1554 159
1554 160
1554 161
1554 162
1554 163
1554 164
1554 165
1554 166
1554 167
1554 168
1554 169
1554 170
1554 171
1554 172
1555 136
1555 137
1555 138
1555 139
1555 140
1555 141
1555 142
1555 143
1555 144
1555 145
1555 146
1555 147
1555 148
1555 149
1555 150
1555 151
1555 152
1555 153
1555 154
1555 155
1555 156
1555 157
1555 158
1556 128
1556 129
1556 130
1556 131
1556 132
1556 133
1556 134
1556 135
1556 136
1556 137
1556 138
1563 154
1563 155
1563 156
1563 157
1563 158
1563 159
1563 160
1563 161
1563 162
1563 163
1563 164
1563 165
1563 166
1563 167
1563 168
1563 169
1563 170
1563 171
1563 172
1563 173
1564 138
1564 139
1564 140
1564 141
1564 142
1564 143
1564 144
1564 145
1564 146
1564 147
1564 148
1564 149
1564 150
1564 151
1564 152
1564 153
1564 154
1564 155
1564 156
1564 157
1564 158
1564 159
1564 160
1565 129
1565 130
1565 131
1565 132
1565 133
1565 134
1565 135
1565 136
1565 137
1565 138
1565 139
1565 140
1565 141
1572 157
1572 158
1572 159
1572 160
1572 161
1572 162
1572 163
1572 164
1572 165
1572 166
1572 167
1572 168
1572 169
1572 170
1572 171
1572 172
1572 173
1572 174
1573 140
1573 141
1573 142
1573 143
1573 144
1573 145
1573 146
1573 147
1573 148
1573 149
1573 150
1573 151
1573 152
1573 153
1573 154
1573 155
1573 156
1573 157
1573 158
1573 159
1573 160
1573 161
1573 162
1574 130
1574 131
1574 132
1574 133
1574 134
1574 135
1574 136
1574 137
1574 138
1574 139
1574 140
1574 141
1574 142
1574 143
1574 144
1581 160
1581 161
1581 162
1581 163
1581 164
1581 165
1581 166
1581 167
1581 168
1581 169
1581 170
1581 171
1581 172
1581 173
1581 174
1582 142
1582 143
1582 144
1582 145
1582 146
1582 147
1582 148
1582 149
1582 150
1582 151
1582 152
1582 153
1582 154
1582 155
1582 156
1582 157
1582 158
1582 159
1582 160
1582 161
1582 162
1582 163
1582 164
1583 131
1583 132
1583 133
1583 134
1583 135
1583 136
1583 137
1583 138
1583 139
1583 140
1583 141
1583 142
1583 143
1583 144
1583 145
1583 146
1590 164
1590 165
1590 166
1590 167
1590 168
1590 169
1590 170
1590 171
1590 172
1590 173
1590 174
1591 145
1591 146
1591 147
1591 148
1591 149
1591 150
1591 151
1591 152
1591 153
1591 154
1591 155
1591 156
1591 157
1591 158
1591 159
1591 160
1591 161
1591 162
1591 163
1591 164
1591 165
1592 133
1592 134
1592 135
1592 136
1592 137
1592 138
1592 139
1592 140
1592 141
1592 142
1592 143
1592 144
1592 145
1592 146
1592 147
1592 148
1600 147
1600 148
1600 149
1600 150
1600 151
1600 152
1600 153
1600 154
1600 155
1600 156
1600 157
1600 158
1600 159
1600 160
1600 161
1600 162
1600 163
1600 164
1600 165
1600 166
1601 134
1601 135
1601 136
1601 137
1601 138
1601 139
1601 140
1601 141
1601 142
1601 143
1601 144
1601 145
1601 146
1601 147
1601 148
1601 149
1601 150
1609 150
1609 151
1609 152
1609 153
1609 154
1609 155
1609 156
1609 157
1609 158
1609 159
1609 160
1609 161
1609 162
1609 163
1609 164
1609 165
1609 166
1609 167
1610 136
1610 137
1610 138
1610 139
1610 140
1610 141
1610 142
1610 143
1610 144
1610 145
1610 146
1610 147
1610 148
1610 149
1610 150
1610 151
1610 152
1618 153
1618 154
1618 155
1618 156
1618 157
1618 158
1618 159
1618 160
1618 161
1618 162
1618 163
1618 164
1618 165
1618 166
1618 167
1618 168
1619 138
1619 139
1619 140
1619 141
1619 142
1619 143
1619 144
1619 145
1619 146
1619 147
1619 148
1619 149
1619 150
1619 151
1619 152
1619 153
1619 154
1627 157
1627 158
1627 159
1627 160
1627 161
1627 162
1627 163
1627 164
1627 165
1627 166
1627 167
1627 168
1628 141
1628 142
1628 143
1628 144
1628 145
1628 146
1628 147
1628 148
1628 149
1628 150
1628 151
1628 152
1628 153
1628 154
1628 155
1636 162
1636 163
1636 164
1636 165
1636 166
1637 143
1637 144
1637 145
1637 146
1637 147
1637 148
1637 149
1637 150
1637 151
1637 152
1637 153
1637 154
1637 155
1637 156
1637 157
1646 146
1646 147
1646 148
1646 149
1646 150
1646 151
1646 152
1646 153
1646 154
1646 155
1646 156
1646 157
1655 149
1655 150
1655 151
1655 152
1655 153
1655 154
1655 155
1655 156
1655 157
1655 158
3499 264
3499 265
3499 266
3508 264
3508 265
3508 266
3508 267
3508 268
3508 269
3508 270
3517 265
3517 266
3517 267
3517 268
3517 269
3517 270
3517 271
3517 272
3517 273
3517 274
3526 266
3526 267
3526 268
3526 269
3526 270
3526 271
3526 272
3526 273
3526 274
3526 275
3526 276
3526 277
3535 268
3535 269
3535 270
3535 271
3535 272
3535 273
3535 274
3535 275
3535 276
3535 277
3535 278
3535 279
3536 256
3536 257
3536 258
3536 259
3536 260
3536 261
3544 270
3544 271
3544 272
3544 273
3544 274
3544 275
3544 276
3544 277
3544 278
3544 279
3544 280
3544 281
3545 255
3545 256
3545 257
3545 258
3545 259
3545 260
3545 261
3545 262
3545 263
3545 264
3545 265
3553 272
3553 273
3553 274
3553 275
3553 276
3553 277
3553 278
3553 279
3553 280
3553 281
3553 282
3553 283
3554 256
3554 257
3554 258
3554 259
3554 260
3554 261
3554 262
3554 263
3554 264
3554 265
3554 266
3554 267
3554 268
3562 275
3562 276
3562 277
3562 278
3562 279
3562 280
3562 281
3562 282
3562 283
3562 284
3562 285
3563 257
3563 258
3563 259
3563 260
3563 261
3563 262
3563 263
3563 264
3563 265
3563 266
3563 267
3563 268
3563 269
3563 270
3563 271
3563 272
3571 278
3571 279
3571 280
3571 281
3571 282
3571 283
3571 284
3571 285
3571 286
3572 259
3572 260
3572 261
3572 262
3572 263
3572 264
3572 265
3572 266
3572 267
3572 268
3572 269
3572 270
3572 271
3572 272
3572 273
3572 274
3580 282
3580 283
3580 284
3580 285
3580 286
3581 260
3581 261
3581 262
3581 263
3581 264
3581 265
3581 266
3581 267
3581 268
3581 269
3581 270
3581 271
3581 272
3581 273
3581 274
3581 275
3581 276
3581 277
3590 262
3590 263
3590 264
3590 265
3590 266
3590 267
3590 268
3590 269
3590 270
3590 271
3590 272
3590 273
3590 274
3590 275
3590 276
3590 277
3590 278
3590 279
3599 264
3599 265
3599 266
3599 267
3599 268
3599 269
3599 270
3599 271
3599 272
3599 273
3599 274
3599 275
3599 276
3599 277
3599 278
3599 279
3599 280
3599 281
3599 282
3600 255
3600 256
3600 257
3600 258
3600 259
3600 260
3608 266
3608 267
3608 268
3608 269
3608 270
3608 271
3608 272
3608 273
3608 274
3608 275
3608 276
3608 277
3608 278
3608 279
3608 280
3608 281
3608 282
3608 283
3608 284
3609 254
3609 255
3609 256
3609 257
3609 258
3609 259
3609 260
3609 261
3609 262
3609 263
3609 264
3617 268
3617 269
3617 270
3617 271
3617 272
3617 273
3617 274
3617 275
3617 276
3617 277
3617 278
3617 279
3617 280
3617 281
3617 282
3617 283
3617 284
3617 285
3618 255
3618 256
3618 257
3618 258
3618 259
3618 260
3618 261
3618 262
3618 263
3618 264
3618 265
3618 266
3618 267
3626 271
3626 272
3626 273
3626 274
3626 275
3626 276
3626 277
3626 278
3626 279
3626 280
3626 281
3626 282
3626 283
3626 284
3626 285
3626 286
3626 287
3627 256
3627 257
3627 258
3627 259
3627 260
3627 261
3627 262
3627 263
3627 264
3627 265
3627 266
3627 267
3627 268
3627 269
3627 270
3635 274
3635 275
3635 276
3635 277
3635 278
3635 279
3635 280
3635 281
3635 282
3635 283
3635 284
3635 285
3635 286
3635 287
3635 288
3636 257
3636 258
3636 259
3636 260
3636 261
3636 262
3636 263
3636 264
3636 265
3636 266
3636 267
3636 268
3636 269
3636 270
3636 271
3636 272
3636 273
3644 277
3644 278
3644 279
3644 280
3644 281
3644 282
3644 283
3644 284
3644 285
3644 286
3644 287
3644 288
3644 289
3645 259
3645 260
3645 261
3645 262
3645 263
3645 264
3645 265
3645 266
3645 267
3645 268
3645 269
3645 270
3645 271
3645 272
3645 273
3645 274
3645 275
3645 276
3653 282
3653 283
3653 284
3653 285
3653 286
3653 287
3653 288
3653 289
3654 261
3654 262
3654 263
3654 264
3654 265
3654 266
3654 267
3654 268
3654 269
3654 270
3654 271
3654 272
3654 273
3654 274
3654 275
3654 276
3654 277
3654 278
3663 263
3663 264
3663 265
3663 266
3663 267
3663 268
3663 269
3663 270
3663 271
3663 272
3663 273
3663 274
3663 275
3663 276
3663 277
3663 278
3663 279
3663 280
3672 265
3672 266
3672 267
3672 268
3672 269
3672 270
3672 271
3672 272
3672 273
3672 274
3672 275
3672 276
3672 277
3672 278
3672 279
3672 280
3672 281
3672 282
3681 267
3681 268
3681 269
3681 270
3681 271
3681 272
3681 273
3681 274
3681 275
3681 276
3681 277
3681 278
3681 279
3681 280
3681 281
3681 282
3681 283
3690 270
3690 271
3690 272
3690 273
3690 274
3690 275
3690 276
3690 277
3690 278
3690 279
3690 280
3690 281
3690 282
3690 283
3690 284
3691 261
3691 262
3699 273
3699 274
3699 275
3699 276
3699 277
3699 278
3699 279
3699 280
3699 281
3699 282
3699 283
3699 284
3699 285
3700 260
3700 261
3700 262
3700 263
3700 264
3700 265
3700 266
3708 277
3708 278
3708 279
3708 280
3708 281
3708 282
3708 283
3708 284
3708 285
3709 261
3709 262
3709 263
3709 264
3709 265
3709 266
3709 267
3709 268
3709 269
3718 263
3718 264
3718 265
3718 266
3718 267
3718 268
3718 269
3718 270
3718 271
3727 265
3727 266
3727 267
3727 268
3727 269
3727 270
3727 271
3727 272
3727 273
3736 267
3736 268
3736 269
3736 270
3736 271
3736 272
3736 273
3736 274
3745 271
3745 272
3745 273
3745 274
