3344 122
3344 123
3344 124
3344 125
3344 126
3344 127
3344 128
3344 129
3344 130
3344 131
3344 132
3345 112
3345 113
3345 114
3345 115
3345 116
3345 117
3345 118
3345 119
3345 120
3345 121
3345 122
3345 123
3345 124
3345 125
3345 126
3345 127
3346 105
3346 106
3346 107
3346 108
3346 109
3346 110
3346 111
3346 112
3346 113
3346 114
3346 115
3346 116
3346 117
3346 118
3346 119
3346 120
3346 121
3347 100
3347 101
3347 102
3347 103
3347 104
3347 105
3347 106
3347 107
3347 108
3347 109
3347 110
3347 111
3347 112
3347 113
3366 126
3366 127
3366 128
3366 129
3366 130
3366 131
3366 132
3366 133
3366 134
3366 135
3366 136
3366 137
3366 138
3366 139
3366 140
3366 141
3366 142
3366 143
3367 117
3367 118
3367 119
3367 120
3367 121
3367 122
3367 123
3367 124
3367 125
3367 126
3367 127
3367 128
3367 129
3367 130
3367 131
3367 132
3367 133
3367 134
3367 135
3367 136
3367 137
3367 138
3368 109
3368 110
3368 111
3368 112
3368 113
3368 114
3368 115
3368 116
3368 117
3368 118
3368 119
3368 120
3368 121
3368 122
3368 123
3368 124
3368 125
3368 126
3368 127
3368 128
3368 129
3368 130
3368 131
3368 132
3369 102
3369 103
3369 104
3369 105
3369 106
3369 107
3369 108
3369 109
3369 110
3369 111
3369 112
3369 113
3369 114
3369 115
3369 116
3369 117
3369 118
3369 119
3369 120
3369 121
3369 122
3369 123
3369 124
3369 125
3369 126
3370 96
3370 97
3370 98
3370 99
3370 100
3370 101
3370 102
3370 103
3370 104
3370 105
3370 106
3370 107
3370 108
3370 109
3370 110
3370 111
3370 112
3370 113
3370 114
3370 115
3370 116
3370 117
3371 93
3371 94
3371 95
3371 96
3371 97
3371 98
3371 99
3371 100
3371 101
3371 102
3371 103
3371 104
3371 105
3371 106
3371 107
3387 146
3387 147
3387 148
3387 149
3387 150
3387 151
3388 132
3388 133
3388 134
3388 135
3388 136
3388 137
3388 138
3388 139
3388 140
3388 141
3388 142
3388 143
3388 144
3388 145
3388 146
3388 147
3388 148
3388 149
3388 150
3388 151
3388 152
3389 122
3389 123
3389 124
3389 125
3389 126
3389 127
3389 128
3389 129
3389 130
3389 131
3389 132
3389 133
3389 134
3389 135
3389 136
3389 137
3389 138
3389 139
3389 140
3389 141
3389 142
3389 143
3389 144
3389 145
3389 146
3389 147
3389 148
3390 114
3390 115
3390 116
3390 117
3390 118
3390 119
3390 120
3390 121
3390 122
3390 123
3390 124
3390 125
3390 126
3390 127
3390 128
3390 129
3390 130
3390 131
3390 132
3390 133
3390 134
3390 135
3390 136
3390 137
3390 138
3390 139
3390 140
3390 141
3390 142
3391 106
3391 107
3391 108
3391 109
3391 110
3391 111
3391 112
3391 113
3391 114
3391 115
3391 116
3391 117
3391 118
3391 119
3391 120
3391 121
3391 122
3391 123
3391 124
3391 125
3391 126
3391 127
3391 128
3391 129
3391 130
3391 131
3391 132
3391 133
3391 134
3391 135
3391 136
3392 100
3392 101
3392 102
3392 103
3392 104
3392 105
3392 106
3392 107
3392 108
3392 109
3392 110
3392 111
3392 112
3392 113
3392 114
3392 115
3392 116
3392 117
3392 118
3392 119
3392 120
3392 121
3392 122
3392 123
3392 124
3392 125
3392 126
3392 127
3392 128
3392 129
3393 94
3393 95
3393 96
3393 97
3393 98
3393 99
3393 100
3393 101
3393 102
3393 103
3393 104
3393 105
3393 106
3393 107
3393 108
3393 109
3393 110
3393 111
3393 112
3393 113
3393 114
3393 115
3393 116
3393 117
3393 118
3393 119
3393 120
3394 90
3394 91
3394 92
3394 93
3394 94
3394 95
3394 96
3394 97
3394 98
3394 99
3394 100
3394 101
3394 102
3394 103
3394 104
3394 105
3394 106
3394 107
3394 108
3394 109
3394 110
3394 111
3395 92
3395 93
3395 94
3395 95
3395 96
3410 140
3410 141
3410 142
3410 143
3410 144
3410 145
3410 146
3410 147
3410 148
3410 149
3410 150
3410 151
3410 152
3410 153
3410 154
3410 155
3410 156
3410 157
3410 158
3410 159
3411 129
3411 130
3411 131
3411 132
3411 133
3411 134
3411 135
3411 136
3411 137
3411 138
3411 139
3411 140
3411 141
3411 142
3411 143
3411 144
3411 145
3411 146
3411 147
3411 148
3411 149
3411 150
3411 151
3411 152
3411 153
3411 154
3411 155
3411 156
3412 120
3412 121
3412 122
3412 123
3412 124
3412 125
3412 126
3412 127
3412 128
3412 129
3412 130
3412 131
3412 132
3412 133
3412 134
3412 135
3412 136
3412 137
3412 138
3412 139
3412 140
3412 141
3412 142
3412 143
3412 144
3412 145
3412 146
3412 147
3412 148
3412 149
3412 150
3412 151
3413 112
3413 113
3413 114
3413 115
3413 116
3413 117
3413 118
3413 119
3413 120
3413 121
3413 122
3413 123
3413 124
3413 125
3413 126
3413 127
3413 128
3413 129
3413 130
3413 131
3413 132
3413 133
3413 134
3413 135
3413 136
3413 137
3413 138
3413 139
3413 140
3413 141
3413 142
3413 143
3413 144
3413 145
3414 105
3414 106
3414 107
3414 108
3414 109
3414 110
3414 111
3414 112
3414 113
3414 114
3414 115
3414 116
3414 117
3414 118
3414 119
3414 120
3414 121
3414 122
3414 123
3414 124
3414 125
3414 126
3414 127
3414 128
3414 129
3414 130
3414 131
3414 132
3414 133
3414 134
3414 135
3414 136
3414 137
3414 138
3415 98
3415 99
3415 100
3415 101
3415 102
3415 103
3415 104
3415 105
3415 106
3415 107
3415 108
3415 109
3415 110
3415 111
3415 112
3415 113
3415 114
3415 115
3415 116
3415 117
3415 118
3415 119
3415 120
3415 121
3415 122
3415 123
3415 124
3415 125
3415 126
3415 127
3415 128
3415 129
3415 130
3415 131
3416 93
3416 94
3416 95
3416 96
3416 97
3416 98
3416 99
3416 100
3416 101
3416 102
3416 103
3416 104
3416 105
3416 106
3416 107
3416 108
3416 109
3416 110
3416 111
3416 112
3416 113
3416 114
3416 115
3416 116
3416 117
3416 118
3416 119
3416 120
3416 121
3416 122
3416 123
3417 89
3417 90
3417 91
3417 92
3417 93
3417 94
3417 95
3417 96
3417 97
3417 98
3417 99
3417 100
3417 101
3417 102
3417 103
3417 104
3417 105
3417 106
3417 107
3417 108
3417 109
3417 110
3417 111
3417 112
3417 113
3418 88
3418 89
3418 90
3418 91
3418 92
3418 93
3418 94
3418 95
3418 96
3418 97
3418 98
3418 99
3418 100
3418 101
3432 148
3432 149
3432 150
3432 151
3432 152
3432 153
3432 154
3432 155
3432 156
3432 157
3432 158
3432 159
3432 160
3432 161
3432 162
3432 163
3432 164
3432 165
3432 166
3433 137
3433 138
3433 139
3433 140
3433 141
3433 142
3433 143
3433 144
3433 145
3433 146
3433 147
3433 148
3433 149
3433 150
3433 151
3433 152
3433 153
3433 154
3433 155
3433 156
3433 157
3433 158
3433 159
3433 160
3433 161
3433 162
3433 163
3434 127
3434 128
3434 129
3434 130
3434 131
3434 132
3434 133
3434 134
3434 135
3434 136
3434 137
3434 138
3434 139
3434 140
3434 141
3434 142
3434 143
3434 144
3434 145
3434 146
3434 147
3434 148
3434 149
3434 150
3434 151
3434 152
3434 153
3434 154
3434 155
3434 156
3434 157
3434 158
3434 159
3435 119
3435 120
3435 121
3435 122
3435 123
3435 124
3435 125
3435 126
3435 127
3435 128
3435 129
3435 130
3435 131
3435 132
3435 133
3435 134
3435 135
3435 136
3435 137
3435 138
3435 139
3435 140
3435 141
3435 142
3435 143
3435 144
3435 145
3435 146
3435 147
3435 148
3435 149
3435 150
3435 151
3435 152
3435 153
3436 111
3436 112
3436 113
3436 114
3436 115
3436 116
3436 117
3436 118
3436 119
3436 120
3436 121
3436 122
3436 123
3436 124
3436 125
3436 126
3436 127
3436 128
3436 129
3436 130
3436 131
3436 132
3436 133
3436 134
3436 135
3436 136
3436 137
3436 138
3436 139
3436 140
3436 141
3436 142
3436 143
3436 144
3436 145
3436 146
3436 147
3437 104
3437 105
3437 106
3437 107
3437 108
3437 109
3437 110
3437 111
3437 112
3437 113
3437 114
3437 115
3437 116
3437 117
3437 118
3437 119
3437 120
3437 121
3437 122
3437 123
3437 124
3437 125
3437 126
3437 127
3437 128
3437 129
3437 130
3437 131
3437 132
3437 133
3437 134
3437 135
3437 136
3437 137
3437 138
3437 139
3437 140
3438 97
3438 98
3438 99
3438 100
3438 101
3438 102
3438 103
3438 104
3438 105
3438 106
3438 107
3438 108
3438 109
3438 110
3438 111
3438 112
3438 113
3438 114
3438 115
3438 116
3438 117
3438 118
3438 119
3438 120
3438 121
3438 122
3438 123
3438 124
3438 125
3438 126
3438 127
3438 128
3438 129
3438 130
3438 131
3438 132
3438 133
3439 92
3439 93
3439 94
3439 95
3439 96
3439 97
3439 98
3439 99
3439 100
3439 101
3439 102
3439 103
3439 104
3439 105
3439 106
3439 107
3439 108
3439 109
3439 110
3439 111
3439 112
3439 113
3439 114
3439 115
3439 116
3439 117
3439 118
3439 119
3439 120
3439 121
3439 122
3439 123
3439 124
3439 125
3440 88
3440 89
3440 90
3440 91
3440 92
3440 93
3440 94
3440 95
3440 96
3440 97
3440 98
3440 99
3440 100
3440 101
3440 102
3440 103
3440 104
3440 105
3440 106
3440 107
3440 108
3440 109
3440 110
3440 111
3440 112
3440 113
3440 114
3440 115
3441 87
3441 88
3441 89
3441 90
3441 91
3441 92
3441 93
3441 94
3441 95
3441 96
3441 97
3441 98
3441 99
3441 100
3441 101
3441 102
3441 103
3441 104
3454 158
3454 159
3454 160
3454 161
3454 162
3454 163
3454 164
3454 165
3454 166
3454 167
3454 168
3454 169
3454 170
3454 171
3455 145
3455 146
3455 147
3455 148
3455 149
3455 150
3455 151
3455 152
3455 153
3455 154
3455 155
3455 156
3455 157
3455 158
3455 159
3455 160
3455 161
3455 162
3455 163
3455 164
3455 165
3455 166
3455 167
3455 168
3455 169
3456 135
3456 136
3456 137
3456 138
3456 139
3456 140
3456 141
3456 142
3456 143
3456 144
3456 145
3456 146
3456 147
3456 148
3456 149
3456 150
3456 151
3456 152
3456 153
3456 154
3456 155
3456 156
3456 157
3456 158
3456 159
3456 160
3456 161
3456 162
3456 163
3456 164
3456 165
3456 166
3457 126
3457 127
3457 128
3457 129
3457 130
3457 131
3457 132
3457 133
3457 134
3457 135
3457 136
3457 137
3457 138
3457 139
3457 140
3457 141
3457 142
3457 143
3457 144
3457 145
3457 146
3457 147
3457 148
3457 149
3457 150
3457 151
3457 152
3457 153
3457 154
3457 155
3457 156
3457 157
3457 158
3457 159
3457 160
3457 161
3458 117
3458 118
3458 119
3458 120
3458 121
3458 122
3458 123
3458 124
3458 125
3458 126
3458 127
3458 128
3458 129
3458 130
3458 131
3458 132
3458 133
3458 134
3458 135
3458 136
3458 137
3458 138
3458 139
3458 140
3458 141
3458 142
3458 143
3458 144
3458 145
3458 146
3458 147
3458 148
3458 149
3458 150
3458 151
3458 152
3458 153
3458 154
3458 155
3459 110
3459 111
3459 112
3459 113
3459 114
3459 115
3459 116
3459 117
3459 118
3459 119
3459 120
3459 121
3459 122
3459 123
3459 124
3459 125
3459 126
3459 127
3459 128
3459 129
3459 130
3459 131
3459 132
3459 133
3459 134
3459 135
3459 136
3459 137
3459 138
3459 139
3459 140
3459 141
3459 142
3459 143
3459 144
3459 145
3459 146
3459 147
3459 148
3459 149
3460 103
3460 104
3460 105
3460 106
3460 107
3460 108
3460 109
3460 110
3460 111
3460 112
3460 113
3460 114
3460 115
3460 116
3460 117
3460 118
3460 119
3460 120
3460 121
3460 122
3460 123
3460 124
3460 125
3460 126
3460 127
3460 128
3460 129
3460 130
3460 131
3460 132
3460 133
3460 134
3460 135
3460 136
3460 137
3460 138
3460 139
3460 140
3460 141
3460 142
3461 96
3461 97
3461 98
3461 99
3461 100
3461 101
3461 102
3461 103
3461 104
3461 105
3461 106
3461 107
3461 108
3461 109
3461 110
3461 111
3461 112
3461 113
3461 114
3461 115
3461 116
3461 117
3461 118
3461 119
3461 120
3461 121
3461 122
3461 123
3461 124
3461 125
3461 126
3461 127
3461 128
3461 129
3461 130
3461 131
3461 132
3461 133
3461 134
3462 91
3462 92
3462 93
3462 94
3462 95
3462 96
3462 97
3462 98
3462 99
3462 100
3462 101
3462 102
3462 103
3462 104
3462 105
3462 106
3462 107
3462 108
3462 109
3462 110
3462 111
3462 112
3462 113
3462 114
3462 115
3462 116
3462 117
3462 118
3462 119
3462 120
3462 121
3462 122
3462 123
3462 124
3462 125
3462 126
3463 87
3463 88
3463 89
3463 90
3463 91
3463 92
3463 93
3463 94
3463 95
3463 96
3463 97
3463 98
3463 99
3463 100
3463 101
3463 102
3463 103
3463 104
3463 105
3463 106
3463 107
3463 108
3463 109
3463 110
3463 111
3463 112
3463 113
3463 114
3463 115
3463 116
3463 117
3464 86
3464 87
3464 88
3464 89
3464 90
3464 91
3464 92
3464 93
3464 94
3464 95
3464 96
3464 97
3464 98
3464 99
3464 100
3464 101
3464 102
3464 103
3464 104
3464 105
3464 106
3477 155
3477 156
3477 157
3477 158
3477 159
3477 160
3477 161
3477 162
3477 163
3477 164
3477 165
3477 166
3477 167
3477 168
3477 169
3477 170
3477 171
3477 172
3477 173
3477 174
3477 175
3478 143
3478 144
3478 145
3478 146
3478 147
3478 148
3478 149
3478 150
3478 151
3478 152
3478 153
3478 154
3478 155
3478 156
3478 157
3478 158
3478 159
3478 160
3478 161
3478 162
3478 163
3478 164
3478 165
3478 166
3478 167
3478 168
3478 169
3478 170
3478 171
3478 172
3479 133
3479 134
3479 135
3479 136
3479 137
3479 138
3479 139
3479 140
3479 141
3479 142
3479 143
3479 144
3479 145
3479 146
3479 147
3479 148
3479 149
3479 150
3479 151
3479 152
3479 153
3479 154
3479 155
3479 156
3479 157
3479 158
3479 159
3479 160
3479 161
3479 162
3479 163
3479 164
3479 165
3479 166
3479 167
3479 168
3480 125
3480 126
3480 127
3480 128
3480 129
3480 130
3480 131
3480 132
3480 133
3480 134
3480 135
3480 136
3480 137
3480 138
3480 139
3480 140
3480 141
3480 142
3480 143
3480 144
3480 145
3480 146
3480 147
3480 148
3480 149
3480 150
3480 151
3480 152
3480 153
3480 154
3480 155
3480 156
3480 157
3480 158
3480 159
3480 160
3480 161
3480 162
3480 163
3481 116
3481 117
3481 118
3481 119
3481 120
3481 121
3481 122
3481 123
3481 124
3481 125
3481 126
3481 127
3481 128
3481 129
3481 130
3481 131
3481 132
3481 133
3481 134
3481 135
3481 136
3481 137
3481 138
3481 139
3481 140
3481 141
3481 142
3481 143
3481 144
3481 145
3481 146
3481 147
3481 148
3481 149
3481 150
3481 151
3481 152
3481 153
3481 154
3481 155
3481 156
3481 157
3482 109
3482 110
3482 111
3482 112
3482 113
3482 114
3482 115
3482 116
3482 117
3482 118
3482 119
3482 120
3482 121
3482 122
3482 123
3482 124
3482 125
3482 126
3482 127
3482 128
3482 129
3482 130
3482 131
3482 132
3482 133
3482 134
3482 135
3482 136
3482 137
3482 138
3482 139
3482 140
3482 141
3482 142
3482 143
3482 144
3482 145
3482 146
3482 147
3482 148
3482 149
3482 150
3483 102
3483 103
3483 104
3483 105
3483 106
3483 107
3483 108
3483 109
3483 110
3483 111
3483 112
3483 113
3483 114
3483 115
3483 116
3483 117
3483 118
3483 119
3483 120
3483 121
3483 122
3483 123
3483 124
3483 125
3483 126
3483 127
3483 128
3483 129
3483 130
3483 131
3483 132
3483 133
3483 134
3483 135
3483 136
3483 137
3483 138
3483 139
3483 140
3483 141
3483 142
3483 143
3484 96
3484 97
3484 98
3484 99
3484 100
3484 101
3484 102
3484 103
3484 104
3484 105
3484 106
3484 107
3484 108
3484 109
3484 110
3484 111
3484 112
3484 113
3484 114
3484 115
3484 116
3484 117
3484 118
3484 119
3484 120
3484 121
3484 122
3484 123
3484 124
3484 125
3484 126
3484 127
3484 128
3484 129
3484 130
3484 131
3484 132
3484 133
3484 134
3484 135
3484 136
3485 91
3485 92
3485 93
3485 94
3485 95
3485 96
3485 97
3485 98
3485 99
3485 100
3485 101
3485 102
3485 103
3485 104
3485 105
3485 106
3485 107
3485 108
3485 109
3485 110
3485 111
3485 112
3485 113
3485 114
3485 115
3485 116
3485 117
3485 118
3485 119
3485 120
3485 121
3485 122
3485 123
3485 124
3485 125
3485 126
3485 127
3486 87
3486 88
3486 89
3486 90
3486 91
3486 92
3486 93
3486 94
3486 95
3486 96
3486 97
3486 98
3486 99
3486 100
3486 101
3486 102
3486 103
3486 104
3486 105
3486 106
3486 107
3486 108
3486 109
3486 110
3486 111
3486 112
3486 113
3486 114
3486 115
3486 116
3486 117
3486 118
3487 85
3487 86
3487 87
3487 88
3487 89
3487 90
3487 91
3487 92
3487 93
3487 94
3487 95
3487 96
3487 97
3487 98
3487 99
3487 100
3487 101
3487 102
3487 103
3487 104
3487 105
3487 106
3487 107
3499 166
3499 167
3499 168
3499 169
3499 170
3499 171
3499 172
3499 173
3499 174
3499 175
3499 176
3499 177
3499 178
3500 152
3500 153
3500 154
3500 155
3500 156
3500 157
3500 158
3500 159
3500 160
3500 161
3500 162
3500 163
3500 164
3500 165
3500 166
3500 167
3500 168
3500 169
3500 170
3500 171
3500 172
3500 173
3500 174
3500 175
3500 176
3500 177
3501 142
3501 143
3501 144
3501 145
3501 146
3501 147
3501 148
3501 149
3501 150
3501 151
3501 152
3501 153
3501 154
3501 155
3501 156
3501 157
3501 158
3501 159
3501 160
3501 161
3501 162
3501 163
3501 164
3501 165
3501 166
3501 167
3501 168
3501 169
3501 170
3501 171
3501 172
3501 173
3501 174
3502 132
3502 133
3502 134
3502 135
3502 136
3502 137
3502 138
3502 139
3502 140
3502 141
3502 142
3502 143
3502 144
3502 145
3502 146
3502 147
3502 148
3502 149
3502 150
3502 151
3502 152
3502 153
3502 154
3502 155
3502 156
3502 157
3502 158
3502 159
3502 160
3502 161
3502 162
3502 163
3502 164
3502 165
3502 166
3502 167
3502 168
3502 169
3503 124
3503 125
3503 126
3503 127
3503 128
3503 129
3503 130
3503 131
3503 132
3503 133
3503 134
3503 135
3503 136
3503 137
3503 138
3503 139
3503 140
3503 141
3503 142
3503 143
3503 144
3503 145
3503 146
3503 147
3503 148
3503 149
3503 150
3503 151
3503 152
3503 153
3503 154
3503 155
3503 156
3503 157
3503 158
3503 159
3503 160
3503 161
3503 162
3503 163
3503 164
3504 116
3504 117
3504 118
3504 119
3504 120
3504 121
3504 122
3504 123
3504 124
3504 125
3504 126
3504 127
3504 128
3504 129
3504 130
3504 131
3504 132
3504 133
3504 134
3504 135
3504 136
3504 137
3504 138
3504 139
3504 140
3504 141
3504 142
3504 143
3504 144
3504 145
3504 146
3504 147
3504 148
3504 149
3504 150
3504 151
3504 152
3504 153
3504 154
3504 155
3504 156
3504 157
3504 158
3505 108
3505 109
3505 110
3505 111
3505 112
3505 113
3505 114
3505 115
3505 116
3505 117
3505 118
3505 119
3505 120
3505 121
3505 122
3505 123
3505 124
3505 125
3505 126
3505 127
3505 128
3505 129
3505 130
3505 131
3505 132
3505 133
3505 134
3505 135
3505 136
3505 137
3505 138
3505 139
3505 140
3505 141
3505 142
3505 143
3505 144
3505 145
3505 146
3505 147
3505 148
3505 149
3505 150
3505 151
3506 102
3506 103
3506 104
3506 105
3506 106
3506 107
3506 108
3506 109
3506 110
3506 111
3506 112
3506 113
3506 114
3506 115
3506 116
3506 117
3506 118
3506 119
3506 120
3506 121
3506 122
3506 123
3506 124
3506 125
3506 126
3506 127
3506 128
3506 129
3506 130
3506 131
3506 132
3506 133
3506 134
3506 135
3506 136
3506 137
3506 138
3506 139
3506 140
3506 141
3506 142
3506 143
3506 144
3507 96
3507 97
3507 98
3507 99
3507 100
3507 101
3507 102
3507 103
3507 104
3507 105
3507 106
3507 107
3507 108
3507 109
3507 110
3507 111
3507 112
3507 113
3507 114
3507 115
3507 116
3507 117
3507 118
3507 119
3507 120
3507 121
3507 122
3507 123
3507 124
3507 125
3507 126
3507 127
3507 128
3507 129
3507 130
3507 131
3507 132
3507 133
3507 134
3507 135
3507 136
3507 137
3508 91
3508 92
3508 93
3508 94
3508 95
3508 96
3508 97
3508 98
3508 99
3508 100
3508 101
3508 102
3508 103
3508 104
3508 105
3508 106
3508 107
3508 108
3508 109
3508 110
3508 111
3508 112
3508 113
3508 114
3508 115
3508 116
3508 117
3508 118
3508 119
3508 120
3508 121
3508 122
3508 123
3508 124
3508 125
3508 126
3508 127
3508 128
3509 87
3509 88
3509 89
3509 90
3509 91
3509 92
3509 93
3509 94
3509 95
3509 96
3509 97
3509 98
3509 99
3509 100
3509 101
3509 102
3509 103
3509 104
3509 105
3509 106
3509 107
3509 108
3509 109
3509 110
3509 111
3509 112
3509 113
3509 114
3509 115
3509 116
3509 117
3509 118
3509 119
3510 85
3510 86
3510 87
3510 88
3510 89
3510 90
3510 91
3510 92
3510 93
3510 94
3510 95
3510 96
3510 97
3510 98
3510 99
3510 100
3510 101
3510 102
3510 103
3510 104
3510 105
3510 106
3510 107
3510 108
3522 163
3522 164
3522 165
3522 166
3522 167
3522 168
3522 169
3522 170
3522 171
3522 172
3522 173
3522 174
3522 175
3522 176
3522 177
3522 178
3522 179
3522 180
3522 181
3523 151
3523 152
3523 153
3523 154
3523 155
3523 156
3523 157
3523 158
3523 159
3523 160
3523 161
3523 162
3523 163
3523 164
3523 165
3523 166
3523 167
3523 168
3523 169
3523 170
3523 171
3523 172
3523 173
3523 174
3523 175
3523 176
3523 177
3523 178
3523 179
3524 141
3524 142
3524 143
3524 144
3524 145
3524 146
3524 147
3524 148
3524 149
3524 150
3524 151
3524 152
3524 153
3524 154
3524 155
3524 156
3524 157
3524 158
3524 159
3524 160
3524 161
3524 162
3524 163
3524 164
3524 165
3524 166
3524 167
3524 168
3524 169
3524 170
3524 171
3524 172
3524 173
3524 174
3524 175
3525 132
3525 133
3525 134
3525 135
3525 136
3525 137
3525 138
3525 139
3525 140
3525 141
3525 142
3525 143
3525 144
3525 145
3525 146
3525 147
3525 148
3525 149
3525 150
3525 151
3525 152
3525 153
3525 154
3525 155
3525 156
3525 157
3525 158
3525 159
3525 160
3525 161
3525 162
3525 163
3525 164
3525 165
3525 166
3525 167
3525 168
3525 169
3525 170
3526 123
3526 124
3526 125
3526 126
3526 127
3526 128
3526 129
3526 130
3526 131
3526 132
3526 133
3526 134
3526 135
3526 136
3526 137
3526 138
3526 139
3526 140
3526 141
3526 142
3526 143
3526 144
3526 145
3526 146
3526 147
3526 148
3526 149
3526 150
3526 151
3526 152
3526 153
3526 154
3526 155
3526 156
3526 157
3526 158
3526 159
3526 160
3526 161
3526 162
3526 163
3526 164
3526 165
3527 115
3527 116
3527 117
3527 118
3527 119
3527 120
3527 121
3527 122
3527 123
3527 124
3527 125
3527 126
3527 127
3527 128
3527 129
3527 130
3527 131
3527 132
3527 133
3527 134
3527 135
3527 136
3527 137
3527 138
3527 139
3527 140
3527 141
3527 142
3527 143
3527 144
3527 145
3527 146
3527 147
3527 148
3527 149
3527 150
3527 151
3527 152
3527 153
3527 154
3527 155
3527 156
3527 157
3527 158
3527 159
3528 108
3528 109
3528 110
3528 111
3528 112
3528 113
3528 114
3528 115
3528 116
3528 117
3528 118
3528 119
3528 120
3528 121
3528 122
3528 123
3528 124
3528 125
3528 126
3528 127
3528 128
3528 129
3528 130
3528 131
3528 132
3528 133
3528 134
3528 135
3528 136
3528 137
3528 138
3528 139
3528 140
3528 141
3528 142
3528 143
3528 144
3528 145
3528 146
3528 147
3528 148
3528 149
3528 150
3528 151
3528 152
3529 102
3529 103
3529 104
3529 105
3529 106
3529 107
3529 108
3529 109
3529 110
3529 111
3529 112
3529 113
3529 114
3529 115
3529 116
3529 117
3529 118
3529 119
3529 120
3529 121
3529 122
3529 123
3529 124
3529 125
3529 126
3529 127
3529 128
3529 129
3529 130
3529 131
3529 132
3529 133
3529 134
3529 135
3529 136
3529 137
3529 138
3529 139
3529 140
3529 141
3529 142
3529 143
3529 144
3529 145
3530 96
3530 97
3530 98
3530 99
3530 100
3530 101
3530 102
3530 103
3530 104
3530 105
3530 106
3530 107
3530 108
3530 109
3530 110
3530 111
3530 112
3530 113
3530 114
3530 115
3530 116
3530 117
3530 118
3530 119
3530 120
3530 121
3530 122
3530 123
3530 124
3530 125
3530 126
3530 127
3530 128
3530 129
3530 130
3530 131
3530 132
3530 133
3530 134
3530 135
3530 136
3530 137
3531 91
3531 92
3531 93
3531 94
3531 95
3531 96
3531 97
3531 98
3531 99
3531 100
3531 101
3531 102
3531 103
3531 104
3531 105
3531 106
3531 107
3531 108
3531 109
3531 110
3531 111
3531 112
3531 113
3531 114
3531 115
3531 116
3531 117
3531 118
3531 119
3531 120
3531 121
3531 122
3531 123
3531 124
3531 125
3531 126
3531 127
3531 128
3531 129
3532 87
3532 88
3532 89
3532 90
3532 91
3532 92
3532 93
3532 94
3532 95
3532 96
3532 97
3532 98
3532 99
3532 100
3532 101
3532 102
3532 103
3532 104
3532 105
3532 106
3532 107
3532 108
3532 109
3532 110
3532 111
3532 112
3532 113
3532 114
3532 115
3532 116
3532 117
3532 118
3532 119
3532 120
3533 85
3533 86
3533 87
3533 88
3533 89
3533 90
3533 91
3533 92
3533 93
3533 94
3533 95
3533 96
3533 97
3533 98
3533 99
3533 100
3533 101
3533 102
3533 103
3533 104
3533 105
3533 106
3533 107
3533 108
3533 109
3544 177
3544 178
3544 179
3544 180
3544 181
3544 182
3545 161
3545 162
3545 163
3545 164
3545 165
3545 166
3545 167
3545 168
3545 169
3545 170
3545 171
3545 172
3545 173
3545 174
3545 175
3545 176
3545 177
3545 178
3545 179
3545 180
3545 181
3545 182
3545 183
3546 150
3546 151
3546 152
3546 153
3546 154
3546 155
3546 156
3546 157
3546 158
3546 159
3546 160
3546 161
3546 162
3546 163
3546 164
3546 165
3546 166
3546 167
3546 168
3546 169
3546 170
3546 171
3546 172
3546 173
3546 174
3546 175
3546 176
3546 177
3546 178
3546 179
3546 180
3547 140
3547 141
3547 142
3547 143
3547 144
3547 145
3547 146
3547 147
3547 148
3547 149
3547 150
3547 151
3547 152
3547 153
3547 154
3547 155
3547 156
3547 157
3547 158
3547 159
3547 160
3547 161
3547 162
3547 163
3547 164
3547 165
3547 166
3547 167
3547 168
3547 169
3547 170
3547 171
3547 172
3547 173
3547 174
3547 175
3547 176
3548 131
3548 132
3548 133
3548 134
3548 135
3548 136
3548 137
3548 138
3548 139
3548 140
3548 141
3548 142
3548 143
3548 144
3548 145
3548 146
3548 147
3548 148
3548 149
3548 150
3548 151
3548 152
3548 153
3548 154
3548 155
3548 156
3548 157
3548 158
3548 159
3548 160
3548 161
3548 162
3548 163
3548 164
3548 165
3548 166
3548 167
3548 168
3548 169
3548 170
3548 171
3549 123
3549 124
3549 125
3549 126
3549 127
3549 128
3549 129
3549 130
3549 131
3549 132
3549 133
3549 134
3549 135
3549 136
3549 137
3549 138
3549 139
3549 140
3549 141
3549 142
3549 143
3549 144
3549 145
3549 146
3549 147
3549 148
3549 149
3549 150
3549 151
3549 152
3549 153
3549 154
3549 155
3549 156
3549 157
3549 158
3549 159
3549 160
3549 161
3549 162
3549 163
3549 164
3549 165
3550 115
3550 116
3550 117
3550 118
3550 119
3550 120
3550 121
3550 122
3550 123
3550 124
3550 125
3550 126
3550 127
3550 128
3550 129
3550 130
3550 131
3550 132
3550 133
3550 134
3550 135
3550 136
3550 137
3550 138
3550 139
3550 140
3550 141
3550 142
3550 143
3550 144
3550 145
3550 146
3550 147
3550 148
3550 149
3550 150
3550 151
3550 152
3550 153
3550 154
3550 155
3550 156
3550 157
3550 158
3550 159
3551 108
3551 109
3551 110
3551 111
3551 112
3551 113
3551 114
3551 115
3551 116
3551 117
3551 118
3551 119
3551 120
3551 121
3551 122
3551 123
3551 124
3551 125
3551 126
3551 127
3551 128
3551 129
3551 130
3551 131
3551 132
3551 133
3551 134
3551 135
3551 136
3551 137
3551 138
3551 139
3551 140
3551 141
3551 142
3551 143
3551 144
3551 145
3551 146
3551 147
3551 148
3551 149
3551 150
3551 151
3551 152
3551 153
3552 101
3552 102
3552 103
3552 104
3552 105
3552 106
3552 107
3552 108
3552 109
3552 110
3552 111
3552 112
3552 113
3552 114
3552 115
3552 116
3552 117
3552 118
3552 119
3552 120
3552 121
3552 122
3552 123
3552 124
3552 125
3552 126
3552 127
3552 128
3552 129
3552 130
3552 131
3552 132
3552 133
3552 134
3552 135
3552 136
3552 137
3552 138
3552 139
3552 140
3552 141
3552 142
3552 143
3552 144
3552 145
3553 96
3553 97
3553 98
3553 99
3553 100
3553 101
3553 102
3553 103
3553 104
3553 105
3553 106
3553 107
3553 108
3553 109
3553 110
3553 111
3553 112
3553 113
3553 114
3553 115
3553 116
3553 117
3553 118
3553 119
3553 120
3553 121
3553 122
3553 123
3553 124
3553 125
3553 126
3553 127
3553 128
3553 129
3553 130
3553 131
3553 132
3553 133
3553 134
3553 135
3553 136
3553 137
3553 138
3554 91
3554 92
3554 93
3554 94
3554 95
3554 96
3554 97
3554 98
3554 99
3554 100
3554 101
3554 102
3554 103
3554 104
3554 105
3554 106
3554 107
3554 108
3554 109
3554 110
3554 111
3554 112
3554 113
3554 114
3554 115
3554 116
3554 117
3554 118
3554 119
3554 120
3554 121
3554 122
3554 123
3554 124
3554 125
3554 126
3554 127
3554 128
3554 129
3555 87
3555 88
3555 89
3555 90
3555 91
3555 92
3555 93
3555 94
3555 95
3555 96
3555 97
3555 98
3555 99
3555 100
3555 101
3555 102
3555 103
3555 104
3555 105
3555 106
3555 107
3555 108
3555 109
3555 110
3555 111
3555 112
3555 113
3555 114
3555 115
3555 116
3555 117
3555 118
3555 119
3555 120
3556 86
3556 87
3556 88
3556 89
3556 90
3556 91
3556 92
3556 93
3556 94
3556 95
3556 96
3556 97
3556 98
3556 99
3556 100
3556 101
3556 102
3556 103
3556 104
3556 105
3556 106
3556 107
3556 108
3556 109
3556 110
3567 173
3567 174
3567 175
3567 176
3567 177
3567 178
3567 179
3567 180
3567 181
3567 182
3567 183
3567 184
3567 185
3568 160
3568 161
3568 162
3568 163
3568 164
3568 165
3568 166
3568 167
3568 168
3568 169
3568 170
3568 171
3568 172
3568 173
3568 174
3568 175
3568 176
3568 177
3568 178
3568 179
3568 180
3568 181
3568 182
3568 183
3568 184
3568 185
3569 149
3569 150
3569 151
3569 152
3569 153
3569 154
3569 155
3569 156
3569 157
3569 158
3569 159
3569 160
3569 161
3569 162
3569 163
3569 164
3569 165
3569 166
3569 167
3569 168
3569 169
3569 170
3569 171
3569 172
3569 173
3569 174
3569 175
3569 176
3569 177
3569 178
3569 179
3569 180
3569 181
3570 139
3570 140
3570 141
3570 142
3570 143
3570 144
3570 145
3570 146
3570 147
3570 148
3570 149
3570 150
3570 151
3570 152
3570 153
3570 154
3570 155
3570 156
3570 157
3570 158
3570 159
3570 160
3570 161
3570 162
3570 163
3570 164
3570 165
3570 166
3570 167
3570 168
3570 169
3570 170
3570 171
3570 172
3570 173
3570 174
3570 175
3570 176
3570 177
3571 131
3571 132
3571 133
3571 134
3571 135
3571 136
3571 137
3571 138
3571 139
3571 140
3571 141
3571 142
3571 143
3571 144
3571 145
3571 146
3571 147
3571 148
3571 149
3571 150
3571 151
3571 152
3571 153
3571 154
3571 155
3571 156
3571 157
3571 158
3571 159
3571 160
3571 161
3571 162
3571 163
3571 164
3571 165
3571 166
3571 167
3571 168
3571 169
3571 170
3571 171
3571 172
3572 123
3572 124
3572 125
3572 126
3572 127
3572 128
3572 129
3572 130
3572 131
3572 132
3572 133
3572 134
3572 135
3572 136
3572 137
3572 138
3572 139
3572 140
3572 141
3572 142
3572 143
3572 144
3572 145
3572 146
3572 147
3572 148
3572 149
3572 150
3572 151
3572 152
3572 153
3572 154
3572 155
3572 156
3572 157
3572 158
3572 159
3572 160
3572 161
3572 162
3572 163
3572 164
3572 165
3572 166
3573 115
3573 116
3573 117
3573 118
3573 119
3573 120
3573 121
3573 122
3573 123
3573 124
3573 125
3573 126
3573 127
3573 128
3573 129
3573 130
3573 131
3573 132
3573 133
3573 134
3573 135
3573 136
3573 137
3573 138
3573 139
3573 140
3573 141
3573 142
3573 143
3573 144
3573 145
3573 146
3573 147
3573 148
3573 149
3573 150
3573 151
3573 152
3573 153
3573 154
3573 155
3573 156
3573 157
3573 158
3573 159
3573 160
3574 108
3574 109
3574 110
3574 111
3574 112
3574 113
3574 114
3574 115
3574 116
3574 117
3574 118
3574 119
3574 120
3574 121
3574 122
3574 123
3574 124
3574 125
3574 126
3574 127
3574 128
3574 129
3574 130
3574 131
3574 132
3574 133
3574 134
3574 135
3574 136
3574 137
3574 138
3574 139
3574 140
3574 141
3574 142
3574 143
3574 144
3574 145
3574 146
3574 147
3574 148
3574 149
3574 150
3574 151
3574 152
3574 153
3575 102
3575 103
3575 104
3575 105
3575 106
3575 107
3575 108
3575 109
3575 110
3575 111
3575 112
3575 113
3575 114
3575 115
3575 116
3575 117
3575 118
3575 119
3575 120
3575 121
3575 122
3575 123
3575 124
3575 125
3575 126
3575 127
3575 128
3575 129
3575 130
3575 131
3575 132
3575 133
3575 134
3575 135
3575 136
3575 137
3575 138
3575 139
3575 140
3575 141
3575 142
3575 143
3575 144
3575 145
3575 146
3576 96
3576 97
3576 98
3576 99
3576 100
3576 101
3576 102
3576 103
3576 104
3576 105
3576 106
3576 107
3576 108
3576 109
3576 110
3576 111
3576 112
3576 113
3576 114
3576 115
3576 116
3576 117
3576 118
3576 119
3576 120
3576 121
3576 122
3576 123
3576 124
3576 125
3576 126
3576 127
3576 128
3576 129
3576 130
3576 131
3576 132
3576 133
3576 134
3576 135
3576 136
3576 137
3576 138
3577 91
3577 92
3577 93
3577 94
3577 95
3577 96
3577 97
3577 98
3577 99
3577 100
3577 101
3577 102
3577 103
3577 104
3577 105
3577 106
3577 107
3577 108
3577 109
3577 110
3577 111
3577 112
3577 113
3577 114
3577 115
3577 116
3577 117
3577 118
3577 119
3577 120
3577 121
3577 122
3577 123
3577 124
3577 125
3577 126
3577 127
3577 128
3577 129
3577 130
3578 88
3578 89
3578 90
3578 91
3578 92
3578 93
3578 94
3578 95
3578 96
3578 97
3578 98
3578 99
3578 100
3578 101
3578 102
3578 103
3578 104
3578 105
3578 106
3578 107
3578 108
3578 109
3578 110
3578 111
3578 112
3578 113
3578 114
3578 115
3578 116
3578 117
3578 118
3578 119
3578 120
3579 86
3579 87
3579 88
3579 89
3579 90
3579 91
3579 92
3579 93
3579 94
3579 95
3579 96
3579 97
3579 98
3579 99
3579 100
3579 101
3579 102
3579 103
3579 104
3579 105
3579 106
3579 107
3579 108
3579 109
3579 110
3590 171
3590 172
3590 173
3590 174
3590 175
3590 176
3590 177
3590 178
3590 179
3590 180
3590 181
3590 182
3590 183
3590 184
3590 185
3590 186
3590 187
3591 159
3591 160
3591 161
3591 162
3591 163
3591 164
3591 165
3591 166
3591 167
3591 168
3591 169
3591 170
3591 171
3591 172
3591 173
3591 174
3591 175
3591 176
3591 177
3591 178
3591 179
3591 180
3591 181
3591 182
3591 183
3591 184
3591 185
3592 148
3592 149
3592 150
3592 151
3592 152
3592 153
3592 154
3592 155
3592 156
3592 157
3592 158
3592 159
3592 160
3592 161
3592 162
3592 163
3592 164
3592 165
3592 166
3592 167
3592 168
3592 169
3592 170
3592 171
3592 172
3592 173
3592 174
3592 175
3592 176
3592 177
3592 178
3592 179
3592 180
3592 181
3592 182
3593 139
3593 140
3593 141
3593 142
3593 143
3593 144
3593 145
3593 146
3593 147
3593 148
3593 149
3593 150
3593 151
3593 152
3593 153
3593 154
3593 155
3593 156
3593 157
3593 158
3593 159
3593 160
3593 161
3593 162
3593 163
3593 164
3593 165
3593 166
3593 167
3593 168
3593 169
3593 170
3593 171
3593 172
3593 173
3593 174
3593 175
3593 176
3593 177
3594 130
3594 131
3594 132
3594 133
3594 134
3594 135
3594 136
3594 137
3594 138
3594 139
3594 140
3594 141
3594 142
3594 143
3594 144
3594 145
3594 146
3594 147
3594 148
3594 149
3594 150
3594 151
3594 152
3594 153
3594 154
3594 155
3594 156
3594 157
3594 158
3594 159
3594 160
3594 161
3594 162
3594 163
3594 164
3594 165
3594 166
3594 167
3594 168
3594 169
3594 170
3594 171
3594 172
3595 122
3595 123
3595 124
3595 125
3595 126
3595 127
3595 128
3595 129
3595 130
3595 131
3595 132
3595 133
3595 134
3595 135
3595 136
3595 137
3595 138
3595 139
3595 140
3595 141
3595 142
3595 143
3595 144
3595 145
3595 146
3595 147
3595 148
3595 149
3595 150
3595 151
3595 152
3595 153
3595 154
3595 155
3595 156
3595 157
3595 158
3595 159
3595 160
3595 161
3595 162
3595 163
3595 164
3595 165
3595 166
3596 115
3596 116
3596 117
3596 118
3596 119
3596 120
3596 121
3596 122
3596 123
3596 124
3596 125
3596 126
3596 127
3596 128
3596 129
3596 130
3596 131
3596 132
3596 133
3596 134
3596 135
3596 136
3596 137
3596 138
3596 139
3596 140
3596 141
3596 142
3596 143
3596 144
3596 145
3596 146
3596 147
3596 148
3596 149
3596 150
3596 151
3596 152
3596 153
3596 154
3596 155
3596 156
3596 157
3596 158
3596 159
3596 160
3597 108
3597 109
3597 110
3597 111
3597 112
3597 113
3597 114
3597 115
3597 116
3597 117
3597 118
3597 119
3597 120
3597 121
3597 122
3597 123
3597 124
3597 125
3597 126
3597 127
3597 128
3597 129
3597 130
3597 131
3597 132
3597 133
3597 134
3597 135
3597 136
3597 137
3597 138
3597 139
3597 140
3597 141
3597 142
3597 143
3597 144
3597 145
3597 146
3597 147
3597 148
3597 149
3597 150
3597 151
3597 152
3597 153
3598 102
3598 103
3598 104
3598 105
3598 106
3598 107
3598 108
3598 109
3598 110
3598 111
3598 112
3598 113
3598 114
3598 115
3598 116
3598 117
3598 118
3598 119
3598 120
3598 121
3598 122
3598 123
3598 124
3598 125
3598 126
3598 127
3598 128
3598 129
3598 130
3598 131
3598 132
3598 133
3598 134
3598 135
3598 136
3598 137
3598 138
3598 139
3598 140
3598 141
3598 142
3598 143
3598 144
3598 145
3598 146
3599 96
3599 97
3599 98
3599 99
3599 100
3599 101
3599 102
3599 103
3599 104
3599 105
3599 106
3599 107
3599 108
3599 109
3599 110
3599 111
3599 112
3599 113
3599 114
3599 115
3599 116
3599 117
3599 118
3599 119
3599 120
3599 121
3599 122
3599 123
3599 124
3599 125
3599 126
3599 127
3599 128
3599 129
3599 130
3599 131
3599 132
3599 133
3599 134
3599 135
3599 136
3599 137
3599 138
3600 92
3600 93
3600 94
3600 95
3600 96
3600 97
3600 98
3600 99
3600 100
3600 101
3600 102
3600 103
3600 104
3600 105
3600 106
3600 107
3600 108
3600 109
3600 110
3600 111
3600 112
3600 113
3600 114
3600 115
3600 116
3600 117
3600 118
3600 119
3600 120
3600 121
3600 122
3600 123
3600 124
3600 125
3600 126
3600 127
3600 128
3600 129
3600 130
3601 88
3601 89
3601 90
3601 91
3601 92
3601 93
3601 94
3601 95
3601 96
3601 97
3601 98
3601 99
3601 100
3601 101
3601 102
3601 103
3601 104
3601 105
3601 106
3601 107
3601 108
3601 109
3601 110
3601 111
3601 112
3601 113
3601 114
3601 115
3601 116
3601 117
3601 118
3601 119
3601 120
3602 87
3602 88
3602 89
3602 90
3602 91
3602 92
3602 93
3602 94
3602 95
3602 96
3602 97
3602 98
3602 99
3602 100
3602 101
3602 102
3602 103
3602 104
3602 105
3602 106
3602 107
3602 108
3602 109
3602 110
3613 170
3613 171
3613 172
3613 173
3613 174
3613 175
3613 176
3613 177
3613 178
3613 179
3613 180
3613 181
3613 182
3613 183
3613 184
3613 185
3613 186
3613 187
3613 188
3614 158
3614 159
3614 160
3614 161
3614 162
3614 163
3614 164
3614 165
3614 166
3614 167
3614 168
3614 169
3614 170
3614 171
3614 172
3614 173
3614 174
3614 175
3614 176
3614 177
3614 178
3614 179
3614 180
3614 181
3614 182
3614 183
3614 184
3614 185
3614 186
3615 148
3615 149
3615 150
3615 151
3615 152
3615 153
3615 154
3615 155
3615 156
3615 157
3615 158
3615 159
3615 160
3615 161
3615 162
3615 163
3615 164
3615 165
3615 166
3615 167
3615 168
3615 169
3615 170
3615 171
3615 172
3615 173
3615 174
3615 175
3615 176
3615 177
3615 178
3615 179
3615 180
3615 181
3615 182
3616 139
3616 140
3616 141
3616 142
3616 143
3616 144
3616 145
3616 146
3616 147
3616 148
3616 149
3616 150
3616 151
3616 152
3616 153
3616 154
3616 155
3616 156
3616 157
3616 158
3616 159
3616 160
3616 161
3616 162
3616 163
3616 164
3616 165
3616 166
3616 167
3616 168
3616 169
3616 170
3616 171
3616 172
3616 173
3616 174
3616 175
3616 176
3616 177
3617 130
3617 131
3617 132
3617 133
3617 134
3617 135
3617 136
3617 137
3617 138
3617 139
3617 140
3617 141
3617 142
3617 143
3617 144
3617 145
3617 146
3617 147
3617 148
3617 149
3617 150
3617 151
3617 152
3617 153
3617 154
3617 155
3617 156
3617 157
3617 158
3617 159
3617 160
3617 161
3617 162
3617 163
3617 164
3617 165
3617 166
3617 167
3617 168
3617 169
3617 170
3617 171
3617 172
3618 122
3618 123
3618 124
3618 125
3618 126
3618 127
3618 128
3618 129
3618 130
3618 131
3618 132
3618 133
3618 134
3618 135
3618 136
3618 137
3618 138
3618 139
3618 140
3618 141
3618 142
3618 143
3618 144
3618 145
3618 146
3618 147
3618 148
3618 149
3618 150
3618 151
3618 152
3618 153
3618 154
3618 155
3618 156
3618 157
3618 158
3618 159
3618 160
3618 161
3618 162
3618 163
3618 164
3618 165
3618 166
3619 115
3619 116
3619 117
3619 118
3619 119
3619 120
3619 121
3619 122
3619 123
3619 124
3619 125
3619 126
3619 127
3619 128
3619 129
3619 130
3619 131
3619 132
3619 133
3619 134
3619 135
3619 136
3619 137
3619 138
3619 139
3619 140
3619 141
3619 142
3619 143
3619 144
3619 145
3619 146
3619 147
3619 148
3619 149
3619 150
3619 151
3619 152
3619 153
3619 154
3619 155
3619 156
3619 157
3619 158
3619 159
3619 160
3620 108
3620 109
3620 110
3620 111
3620 112
3620 113
3620 114
3620 115
3620 116
3620 117
3620 118
3620 119
3620 120
3620 121
3620 122
3620 123
3620 124
3620 125
3620 126
3620 127
3620 128
3620 129
3620 130
3620 131
3620 132
3620 133
3620 134
3620 135
3620 136
3620 137
3620 138
3620 139
3620 140
3620 141
3620 142
3620 143
3620 144
3620 145
3620 146
3620 147
3620 148
3620 149
3620 150
3620 151
3620 152
3620 153
3621 102
3621 103
3621 104
3621 105
3621 106
3621 107
3621 108
3621 109
3621 110
3621 111
3621 112
3621 113
3621 114
3621 115
3621 116
3621 117
3621 118
3621 119
3621 120
3621 121
3621 122
3621 123
3621 124
3621 125
3621 126
3621 127
3621 128
3621 129
3621 130
3621 131
3621 132
3621 133
3621 134
3621 135
3621 136
3621 137
3621 138
3621 139
3621 140
3621 141
3621 142
3621 143
3621 144
3621 145
3621 146
3622 97
3622 98
3622 99
3622 100
3622 101
3622 102
3622 103
3622 104
3622 105
3622 106
3622 107
3622 108
3622 109
3622 110
3622 111
3622 112
3622 113
3622 114
3622 115
3622 116
3622 117
3622 118
3622 119
3622 120
3622 121
3622 122
3622 123
3622 124
3622 125
3622 126
3622 127
3622 128
3622 129
3622 130
3622 131
3622 132
3622 133
3622 134
3622 135
3622 136
3622 137
3622 138
3623 92
3623 93
3623 94
3623 95
3623 96
3623 97
3623 98
3623 99
3623 100
3623 101
3623 102
3623 103
3623 104
3623 105
3623 106
3623 107
3623 108
3623 109
3623 110
3623 111
3623 112
3623 113
3623 114
3623 115
3623 116
3623 117
3623 118
3623 119
3623 120
3623 121
3623 122
3623 123
3623 124
3623 125
3623 126
3623 127
3623 128
3623 129
3624 89
3624 90
3624 91
3624 92
3624 93
3624 94
3624 95
3624 96
3624 97
3624 98
3624 99
3624 100
3624 101
3624 102
3624 103
3624 104
3624 105
3624 106
3624 107
3624 108
3624 109
3624 110
3624 111
3624 112
3624 113
3624 114
3624 115
3624 116
3624 117
3624 118
3624 119
3624 120
3625 88
3625 89
3625 90
3625 91
3625 92
3625 93
3625 94
3625 95
3625 96
3625 97
3625 98
3625 99
3625 100
3625 101
3625 102
3625 103
3625 104
3625 105
3625 106
3625 107
3625 108
3625 109
3636 169
3636 170
3636 171
3636 172
3636 173
3636 174
3636 175
3636 176
3636 177
3636 178
3636 179
3636 180
3636 181
3636 182
3636 183
3636 184
3636 185
3636 186
3636 187
3636 188
3637 158
3637 159
3637 160
3637 161
3637 162
3637 163
3637 164
3637 165
3637 166
3637 167
3637 168
3637 169
3637 170
3637 171
3637 172
3637 173
3637 174
3637 175
3637 176
3637 177
3637 178
3637 179
3637 180
3637 181
3637 182
3637 183
3637 184
3637 185
3637 186
3638 148
3638 149
3638 150
3638 151
3638 152
3638 153
3638 154
3638 155
3638 156
3638 157
3638 158
3638 159
3638 160
3638 161
3638 162
3638 163
3638 164
3638 165
3638 166
3638 167
3638 168
3638 169
3638 170
3638 171
3638 172
3638 173
3638 174
3638 175
3638 176
3638 177
3638 178
3638 179
3638 180
3638 181
3638 182
3639 139
3639 140
3639 141
3639 142
3639 143
3639 144
3639 145
3639 146
3639 147
3639 148
3639 149
3639 150
3639 151
3639 152
3639 153
3639 154
3639 155
3639 156
3639 157
3639 158
3639 159
3639 160
3639 161
3639 162
3639 163
3639 164
3639 165
3639 166
3639 167
3639 168
3639 169
3639 170
3639 171
3639 172
3639 173
3639 174
3639 175
3639 176
3639 177
3640 130
3640 131
3640 132
3640 133
3640 134
3640 135
3640 136
3640 137
3640 138
3640 139
3640 140
3640 141
3640 142
3640 143
3640 144
3640 145
3640 146
3640 147
3640 148
3640 149
3640 150
3640 151
3640 152
3640 153
3640 154
3640 155
3640 156
3640 157
3640 158
3640 159
3640 160
3640 161
3640 162
3640 163
3640 164
3640 165
3640 166
3640 167
3640 168
3640 169
3640 170
3640 171
3640 172
3641 123
3641 124
3641 125
3641 126
3641 127
3641 128
3641 129
3641 130
3641 131
3641 132
3641 133
3641 134
3641 135
3641 136
3641 137
3641 138
3641 139
3641 140
3641 141
3641 142
3641 143
3641 144
3641 145
3641 146
3641 147
3641 148
3641 149
3641 150
3641 151
3641 152
3641 153
3641 154
3641 155
3641 156
3641 157
3641 158
3641 159
3641 160
3641 161
3641 162
3641 163
3641 164
3641 165
3641 166
3642 115
3642 116
3642 117
3642 118
3642 119
3642 120
3642 121
3642 122
3642 123
3642 124
3642 125
3642 126
3642 127
3642 128
3642 129
3642 130
3642 131
3642 132
3642 133
3642 134
3642 135
3642 136
3642 137
3642 138
3642 139
3642 140
3642 141
3642 142
3642 143
3642 144
3642 145
3642 146
3642 147
3642 148
3642 149
3642 150
3642 151
3642 152
3642 153
3642 154
3642 155
3642 156
3642 157
3642 158
3642 159
3642 160
3643 109
3643 110
3643 111
3643 112
3643 113
3643 114
3643 115
3643 116
3643 117
3643 118
3643 119
3643 120
3643 121
3643 122
3643 123
3643 124
3643 125
3643 126
3643 127
3643 128
3643 129
3643 130
3643 131
3643 132
3643 133
3643 134
3643 135
3643 136
3643 137
3643 138
3643 139
3643 140
3643 141
3643 142
3643 143
3643 144
3643 145
3643 146
3643 147
3643 148
3643 149
3643 150
3643 151
3643 152
3643 153
3644 103
3644 104
3644 105
3644 106
3644 107
3644 108
3644 109
3644 110
3644 111
3644 112
3644 113
3644 114
3644 115
3644 116
3644 117
3644 118
3644 119
3644 120
3644 121
3644 122
3644 123
3644 124
3644 125
3644 126
3644 127
3644 128
3644 129
3644 130
3644 131
3644 132
3644 133
3644 134
3644 135
3644 136
3644 137
3644 138
3644 139
3644 140
3644 141
3644 142
3644 143
3644 144
3644 145
3645 97
3645 98
3645 99
3645 100
3645 101
3645 102
3645 103
3645 104
3645 105
3645 106
3645 107
3645 108
3645 109
3645 110
3645 111
3645 112
3645 113
3645 114
3645 115
3645 116
3645 117
3645 118
3645 119
3645 120
3645 121
3645 122
3645 123
3645 124
3645 125
3645 126
3645 127
3645 128
3645 129
3645 130
3645 131
3645 132
3645 133
3645 134
3645 135
3645 136
3645 137
3646 93
3646 94
3646 95
3646 96
3646 97
3646 98
3646 99
3646 100
3646 101
3646 102
3646 103
3646 104
3646 105
3646 106
3646 107
3646 108
3646 109
3646 110
3646 111
3646 112
3646 113
3646 114
3646 115
3646 116
3646 117
3646 118
3646 119
3646 120
3646 121
3646 122
3646 123
3646 124
3646 125
3646 126
3646 127
3646 128
3646 129
3647 90
3647 91
3647 92
3647 93
3647 94
3647 95
3647 96
3647 97
3647 98
3647 99
3647 100
3647 101
3647 102
3647 103
3647 104
3647 105
3647 106
3647 107
3647 108
3647 109
3647 110
3647 111
3647 112
3647 113
3647 114
3647 115
3647 116
3647 117
3647 118
3647 119
3647 120
3648 90
3648 91
3648 92
3648 93
3648 94
3648 95
3648 96
3648 97
3648 98
3648 99
3648 100
3648 101
3648 102
3648 103
3648 104
3648 105
3648 106
3648 107
3648 108
3659 169
3659 170
3659 171
3659 172
3659 173
3659 174
3659 175
3659 176
3659 177
3659 178
3659 179
3659 180
3659 181
3659 182
3659 183
3659 184
3659 185
3659 186
3659 187
3659 188
3660 157
3660 158
3660 159
3660 160
3660 161
3660 162
3660 163
3660 164
3660 165
3660 166
3660 167
3660 168
3660 169
3660 170
3660 171
3660 172
3660 173
3660 174
3660 175
3660 176
3660 177
3660 178
3660 179
3660 180
3660 181
3660 182
3660 183
3660 184
3660 185
3661 148
3661 149
3661 150
3661 151
3661 152
3661 153
3661 154
3661 155
3661 156
3661 157
3661 158
3661 159
3661 160
3661 161
3661 162
3661 163
3661 164
3661 165
3661 166
3661 167
3661 168
3661 169
3661 170
3661 171
3661 172
3661 173
3661 174
3661 175
3661 176
3661 177
3661 178
3661 179
3661 180
3661 181
3661 182
3662 139
3662 140
3662 141
3662 142
3662 143
3662 144
3662 145
3662 146
3662 147
3662 148
3662 149
3662 150
3662 151
3662 152
3662 153
3662 154
3662 155
3662 156
3662 157
3662 158
3662 159
3662 160
3662 161
3662 162
3662 163
3662 164
3662 165
3662 166
3662 167
3662 168
3662 169
3662 170
3662 171
3662 172
3662 173
3662 174
3662 175
3662 176
3662 177
3663 130
3663 131
3663 132
3663 133
3663 134
3663 135
3663 136
3663 137
3663 138
3663 139
3663 140
3663 141
3663 142
3663 143
3663 144
3663 145
3663 146
3663 147
3663 148
3663 149
3663 150
3663 151
3663 152
3663 153
3663 154
3663 155
3663 156
3663 157
3663 158
3663 159
3663 160
3663 161
3663 162
3663 163
3663 164
3663 165
3663 166
3663 167
3663 168
3663 169
3663 170
3663 171
3664 123
3664 124
3664 125
3664 126
3664 127
3664 128
3664 129
3664 130
3664 131
3664 132
3664 133
3664 134
3664 135
3664 136
3664 137
3664 138
3664 139
3664 140
3664 141
3664 142
3664 143
3664 144
3664 145
3664 146
3664 147
3664 148
3664 149
3664 150
3664 151
3664 152
3664 153
3664 154
3664 155
3664 156
3664 157
3664 158
3664 159
3664 160
3664 161
3664 162
3664 163
3664 164
3664 165
3665 116
3665 117
3665 118
3665 119
3665 120
3665 121
3665 122
3665 123
3665 124
3665 125
3665 126
3665 127
3665 128
3665 129
3665 130
3665 131
3665 132
3665 133
3665 134
3665 135
3665 136
3665 137
3665 138
3665 139
3665 140
3665 141
3665 142
3665 143
3665 144
3665 145
3665 146
3665 147
3665 148
3665 149
3665 150
3665 151
3665 152
3665 153
3665 154
3665 155
3665 156
3665 157
3665 158
3665 159
3666 109
3666 110
3666 111
3666 112
3666 113
3666 114
3666 115
3666 116
3666 117
3666 118
3666 119
3666 120
3666 121
3666 122
3666 123
3666 124
3666 125
3666 126
3666 127
3666 128
3666 129
3666 130
3666 131
3666 132
3666 133
3666 134
3666 135
3666 136
3666 137
3666 138
3666 139
3666 140
3666 141
3666 142
3666 143
3666 144
3666 145
3666 146
3666 147
3666 148
3666 149
3666 150
3666 151
3666 152
3667 103
3667 104
3667 105
3667 106
3667 107
3667 108
3667 109
3667 110
3667 111
3667 112
3667 113
3667 114
3667 115
3667 116
3667 117
3667 118
3667 119
3667 120
3667 121
3667 122
3667 123
3667 124
3667 125
3667 126
3667 127
3667 128
3667 129
3667 130
3667 131
3667 132
3667 133
3667 134
3667 135
3667 136
3667 137
3667 138
3667 139
3667 140
3667 141
3667 142
3667 143
3667 144
3667 145
3668 98
3668 99
3668 100
3668 101
3668 102
3668 103
3668 104
3668 105
3668 106
3668 107
3668 108
3668 109
3668 110
3668 111
3668 112
3668 113
3668 114
3668 115
3668 116
3668 117
3668 118
3668 119
3668 120
3668 121
3668 122
3668 123
3668 124
3668 125
3668 126
3668 127
3668 128
3668 129
3668 130
3668 131
3668 132
3668 133
3668 134
3668 135
3668 136
3668 137
3669 94
3669 95
3669 96
3669 97
3669 98
3669 99
3669 100
3669 101
3669 102
3669 103
3669 104
3669 105
3669 106
3669 107
3669 108
3669 109
3669 110
3669 111
3669 112
3669 113
3669 114
3669 115
3669 116
3669 117
3669 118
3669 119
3669 120
3669 121
3669 122
3669 123
3669 124
3669 125
3669 126
3669 127
3669 128
3670 92
3670 93
3670 94
3670 95
3670 96
3670 97
3670 98
3670 99
3670 100
3670 101
3670 102
3670 103
3670 104
3670 105
3670 106
3670 107
3670 108
3670 109
3670 110
3670 111
3670 112
3670 113
3670 114
3670 115
3670 116
3670 117
3670 118
3670 119
3671 92
3671 93
3671 94
3671 95
3671 96
3671 97
3671 98
3671 99
3671 100
3671 101
3671 102
3671 103
3671 104
3671 105
3671 106
3671 107
3682 169
3682 170
3682 171
3682 172
3682 173
3682 174
3682 175
3682 176
3682 177
3682 178
3682 179
3682 180
3682 181
3682 182
3682 183
3682 184
3682 185
3682 186
3682 187
3683 157
3683 158
3683 159
3683 160
3683 161
3683 162
3683 163
3683 164
3683 165
3683 166
3683 167
3683 168
3683 169
3683 170
3683 171
3683 172
3683 173
3683 174
3683 175
3683 176
3683 177
3683 178
3683 179
3683 180
3683 181
3683 182
3683 183
3683 184
3683 185
3684 148
3684 149
3684 150
3684 151
3684 152
3684 153
3684 154
3684 155
3684 156
3684 157
3684 158
3684 159
3684 160
3684 161
3684 162
3684 163
3684 164
3684 165
3684 166
3684 167
3684 168
3684 169
3684 170
3684 171
3684 172
3684 173
3684 174
3684 175
3684 176
3684 177
3684 178
3684 179
3684 180
3684 181
3685 139
3685 140
3685 141
3685 142
3685 143
3685 144
3685 145
3685 146
3685 147
3685 148
3685 149
3685 150
3685 151
3685 152
3685 153
3685 154
3685 155
3685 156
3685 157
3685 158
3685 159
3685 160
3685 161
3685 162
3685 163
3685 164
3685 165
3685 166
3685 167
3685 168
3685 169
3685 170
3685 171
3685 172
3685 173
3685 174
3685 175
3685 176
3686 131
3686 132
3686 133
3686 134
3686 135
3686 136
3686 137
3686 138
3686 139
3686 140
3686 141
3686 142
3686 143
3686 144
3686 145
3686 146
3686 147
3686 148
3686 149
3686 150
3686 151
3686 152
3686 153
3686 154
3686 155
3686 156
3686 157
3686 158
3686 159
3686 160
3686 161
3686 162
3686 163
3686 164
3686 165
3686 166
3686 167
3686 168
3686 169
3686 170
3686 171
3687 123
3687 124
3687 125
3687 126
3687 127
3687 128
3687 129
3687 130
3687 131
3687 132
3687 133
3687 134
3687 135
3687 136
3687 137
3687 138
3687 139
3687 140
3687 141
3687 142
3687 143
3687 144
3687 145
3687 146
3687 147
3687 148
3687 149
3687 150
3687 151
3687 152
3687 153
3687 154
3687 155
3687 156
3687 157
3687 158
3687 159
3687 160
3687 161
3687 162
3687 163
3687 164
3687 165
3688 116
3688 117
3688 118
3688 119
3688 120
3688 121
3688 122
3688 123
3688 124
3688 125
3688 126
3688 127
3688 128
3688 129
3688 130
3688 131
3688 132
3688 133
3688 134
3688 135
3688 136
3688 137
3688 138
3688 139
3688 140
3688 141
3688 142
3688 143
3688 144
3688 145
3688 146
3688 147
3688 148
3688 149
3688 150
3688 151
3688 152
3688 153
3688 154
3688 155
3688 156
3688 157
3688 158
3689 110
3689 111
3689 112
3689 113
3689 114
3689 115
3689 116
3689 117
3689 118
3689 119
3689 120
3689 121
3689 122
3689 123
3689 124
3689 125
3689 126
3689 127
3689 128
3689 129
3689 130
3689 131
3689 132
3689 133
3689 134
3689 135
3689 136
3689 137
3689 138
3689 139
3689 140
3689 141
3689 142
3689 143
3689 144
3689 145
3689 146
3689 147
3689 148
3689 149
3689 150
3689 151
3690 104
3690 105
3690 106
3690 107
3690 108
3690 109
3690 110
3690 111
3690 112
3690 113
3690 114
3690 115
3690 116
3690 117
3690 118
3690 119
3690 120
3690 121
3690 122
3690 123
3690 124
3690 125
3690 126
3690 127
3690 128
3690 129
3690 130
3690 131
3690 132
3690 133
3690 134
3690 135
3690 136
3690 137
3690 138
3690 139
3690 140
3690 141
3690 142
3690 143
3690 144
3691 99
3691 100
3691 101
3691 102
3691 103
3691 104
3691 105
3691 106
3691 107
3691 108
3691 109
3691 110
3691 111
3691 112
3691 113
3691 114
3691 115
3691 116
3691 117
3691 118
3691 119
3691 120
3691 121
3691 122
3691 123
3691 124
3691 125
3691 126
3691 127
3691 128
3691 129
3691 130
3691 131
3691 132
3691 133
3691 134
3691 135
3691 136
3692 95
3692 96
3692 97
3692 98
3692 99
3692 100
3692 101
3692 102
3692 103
3692 104
3692 105
3692 106
3692 107
3692 108
3692 109
3692 110
3692 111
3692 112
3692 113
3692 114
3692 115
3692 116
3692 117
3692 118
3692 119
3692 120
3692 121
3692 122
3692 123
3692 124
3692 125
3692 126
3692 127
3693 93
3693 94
3693 95
3693 96
3693 97
3693 98
3693 99
3693 100
3693 101
3693 102
3693 103
3693 104
3693 105
3693 106
3693 107
3693 108
3693 109
3693 110
3693 111
3693 112
3693 113
3693 114
3693 115
3693 116
3693 117
3693 118
3694 95
3694 96
3694 97
3694 98
3694 99
3694 100
3694 101
3694 102
3694 103
3694 104
3705 169
3705 170
3705 171
3705 172
3705 173
3705 174
3705 175
3705 176
3705 177
3705 178
3705 179
3705 180
3705 181
3705 182
3705 183
3705 184
3705 185
3705 186
3706 157
3706 158
3706 159
3706 160
3706 161
3706 162
3706 163
3706 164
3706 165
3706 166
3706 167
3706 168
3706 169
3706 170
3706 171
3706 172
3706 173
3706 174
3706 175
3706 176
3706 177
3706 178
3706 179
3706 180
3706 181
3706 182
3706 183
3706 184
3707 148
3707 149
3707 150
3707 151
3707 152
3707 153
3707 154
3707 155
3707 156
3707 157
3707 158
3707 159
3707 160
3707 161
3707 162
3707 163
3707 164
3707 165
3707 166
3707 167
3707 168
3707 169
3707 170
3707 171
3707 172
3707 173
3707 174
3707 175
3707 176
3707 177
3707 178
3707 179
3707 180
3708 139
3708 140
3708 141
3708 142
3708 143
3708 144
3708 145
3708 146
3708 147
3708 148
3708 149
3708 150
3708 151
3708 152
3708 153
3708 154
3708 155
3708 156
3708 157
3708 158
3708 159
3708 160
3708 161
3708 162
3708 163
3708 164
3708 165
3708 166
3708 167
3708 168
3708 169
3708 170
3708 171
3708 172
3708 173
3708 174
3708 175
3709 131
3709 132
3709 133
3709 134
3709 135
3709 136
3709 137
3709 138
3709 139
3709 140
3709 141
3709 142
3709 143
3709 144
3709 145
3709 146
3709 147
3709 148
3709 149
3709 150
3709 151
3709 152
3709 153
3709 154
3709 155
3709 156
3709 157
3709 158
3709 159
3709 160
3709 161
3709 162
3709 163
3709 164
3709 165
3709 166
3709 167
3709 168
3709 169
3709 170
3710 124
3710 125
3710 126
3710 127
3710 128
3710 129
3710 130
3710 131
3710 132
3710 133
3710 134
3710 135
3710 136
3710 137
3710 138
3710 139
3710 140
3710 141
3710 142
3710 143
3710 144
3710 145
3710 146
3710 147
3710 148
3710 149
3710 150
3710 151
3710 152
3710 153
3710 154
3710 155
3710 156
3710 157
3710 158
3710 159
3710 160
3710 161
3710 162
3710 163
3710 164
3711 117
3711 118
3711 119
3711 120
3711 121
3711 122
3711 123
3711 124
3711 125
3711 126
3711 127
3711 128
3711 129
3711 130
3711 131
3711 132
3711 133
3711 134
3711 135
3711 136
3711 137
3711 138
3711 139
3711 140
3711 141
3711 142
3711 143
3711 144
3711 145
3711 146
3711 147
3711 148
3711 149
3711 150
3711 151
3711 152
3711 153
3711 154
3711 155
3711 156
3711 157
3712 111
3712 112
3712 113
3712 114
3712 115
3712 116
3712 117
3712 118
3712 119
3712 120
3712 121
3712 122
3712 123
3712 124
3712 125
3712 126
3712 127
3712 128
3712 129
3712 130
3712 131
3712 132
3712 133
3712 134
3712 135
3712 136
3712 137
3712 138
3712 139
3712 140
3712 141
3712 142
3712 143
3712 144
3712 145
3712 146
3712 147
3712 148
3712 149
3712 150
3713 105
3713 106
3713 107
3713 108
3713 109
3713 110
3713 111
3713 112
3713 113
3713 114
3713 115
3713 116
3713 117
3713 118
3713 119
3713 120
3713 121
3713 122
3713 123
3713 124
3713 125
3713 126
3713 127
3713 128
3713 129
3713 130
3713 131
3713 132
3713 133
3713 134
3713 135
3713 136
3713 137
3713 138
3713 139
3713 140
3713 141
3713 142
3713 143
3714 100
3714 101
3714 102
3714 103
3714 104
3714 105
3714 106
3714 107
3714 108
3714 109
3714 110
3714 111
3714 112
3714 113
3714 114
3714 115
3714 116
3714 117
3714 118
3714 119
3714 120
3714 121
3714 122
3714 123
3714 124
3714 125
3714 126
3714 127
3714 128
3714 129
3714 130
3714 131
3714 132
3714 133
3714 134
3714 135
3715 97
3715 98
3715 99
3715 100
3715 101
3715 102
3715 103
3715 104
3715 105
3715 106
3715 107
3715 108
3715 109
3715 110
3715 111
3715 112
3715 113
3715 114
3715 115
3715 116
3715 117
3715 118
3715 119
3715 120
3715 121
3715 122
3715 123
3715 124
3715 125
3715 126
3716 95
3716 96
3716 97
3716 98
3716 99
3716 100
3716 101
3716 102
3716 103
3716 104
3716 105
3716 106
3716 107
3716 108
3716 109
3716 110
3716 111
3716 112
3716 113
3716 114
3716 115
3716 116
3728 169
3728 170
3728 171
3728 172
3728 173
3728 174
3728 175
3728 176
3728 177
3728 178
3728 179
3728 180
3728 181
3728 182
3728 183
3728 184
3728 185
3729 158
3729 159
3729 160
3729 161
3729 162
3729 163
3729 164
3729 165
3729 166
3729 167
3729 168
3729 169
3729 170
3729 171
3729 172
3729 173
3729 174
3729 175
3729 176
3729 177
3729 178
3729 179
3729 180
3729 181
3729 182
3729 183
3730 148
3730 149
3730 150
3730 151
3730 152
3730 153
3730 154
3730 155
3730 156
3730 157
3730 158
3730 159
3730 160
3730 161
3730 162
3730 163
3730 164
3730 165
3730 166
3730 167
3730 168
3730 169
3730 170
3730 171
3730 172
3730 173
3730 174
3730 175
3730 176
3730 177
3730 178
3730 179
3731 139
3731 140
3731 141
3731 142
3731 143
3731 144
3731 145
3731 146
3731 147
3731 148
3731 149
3731 150
3731 151
3731 152
3731 153
3731 154
3731 155
3731 156
3731 157
3731 158
3731 159
3731 160
3731 161
3731 162
3731 163
3731 164
3731 165
3731 166
3731 167
3731 168
3731 169
3731 170
3731 171
3731 172
3731 173
3731 174
3732 132
3732 133
3732 134
3732 135
3732 136
3732 137
3732 138
3732 139
3732 140
3732 141
3732 142
3732 143
3732 144
3732 145
3732 146
3732 147
3732 148
3732 149
3732 150
3732 151
3732 152
3732 153
3732 154
3732 155
3732 156
3732 157
3732 158
3732 159
3732 160
3732 161
3732 162
3732 163
3732 164
3732 165
3732 166
3732 167
3732 168
3732 169
3733 124
3733 125
3733 126
3733 127
3733 128
3733 129
3733 130
3733 131
3733 132
3733 133
3733 134
3733 135
3733 136
3733 137
3733 138
3733 139
3733 140
3733 141
3733 142
3733 143
3733 144
3733 145
3733 146
3733 147
3733 148
3733 149
3733 150
3733 151
3733 152
3733 153
3733 154
3733 155
3733 156
3733 157
3733 158
3733 159
3733 160
3733 161
3733 162
3733 163
3734 118
3734 119
3734 120
3734 121
3734 122
3734 123
3734 124
3734 125
3734 126
3734 127
3734 128
3734 129
3734 130
3734 131
3734 132
3734 133
3734 134
3734 135
3734 136
3734 137
3734 138
3734 139
3734 140
3734 141
3734 142
3734 143
3734 144
3734 145
3734 146
3734 147
3734 148
3734 149
3734 150
3734 151
3734 152
3734 153
3734 154
3734 155
3734 156
3735 112
3735 113
3735 114
3735 115
3735 116
3735 117
3735 118
3735 119
3735 120
3735 121
3735 122
3735 123
3735 124
3735 125
3735 126
3735 127
3735 128
3735 129
3735 130
3735 131
3735 132
3735 133
3735 134
3735 135
3735 136
3735 137
3735 138
3735 139
3735 140
3735 141
3735 142
3735 143
3735 144
3735 145
3735 146
3735 147
3735 148
3735 149
3736 106
3736 107
3736 108
3736 109
3736 110
3736 111
3736 112
3736 113
3736 114
3736 115
3736 116
3736 117
3736 118
3736 119
3736 120
3736 121
3736 122
3736 123
3736 124
3736 125
3736 126
3736 127
3736 128
3736 129
3736 130
3736 131
3736 132
3736 133
3736 134
3736 135
3736 136
3736 137
3736 138
3736 139
3736 140
3736 141
3736 142
3737 102
3737 103
3737 104
3737 105
3737 106
3737 107
3737 108
3737 109
3737 110
3737 111
3737 112
3737 113
3737 114
3737 115
3737 116
3737 117
3737 118
3737 119
3737 120
3737 121
3737 122
3737 123
3737 124
3737 125
3737 126
3737 127
3737 128
3737 129
3737 130
3737 131
3737 132
3737 133
3738 99
3738 100
3738 101
3738 102
3738 103
3738 104
3738 105
3738 106
3738 107
3738 108
3738 109
3738 110
3738 111
3738 112
3738 113
3738 114
3738 115
3738 116
3738 117
3738 118
3738 119
3738 120
3738 121
3738 122
3738 123
3738 124
3739 98
3739 99
3739 100
3739 101
3739 102
3739 103
3739 104
3739 105
3739 106
3739 107
3739 108
3739 109
3739 110
3739 111
3739 112
3739 113
3751 170
3751 171
3751 172
3751 173
3751 174
3751 175
3751 176
3751 177
3751 178
3751 179
3751 180
3751 181
3751 182
3751 183
3752 158
3752 159
3752 160
3752 161
3752 162
3752 163
3752 164
3752 165
3752 166
3752 167
3752 168
3752 169
3752 170
3752 171
3752 172
3752 173
3752 174
3752 175
3752 176
3752 177
3752 178
3752 179
3752 180
3752 181
3753 149
3753 150
3753 151
3753 152
3753 153
3753 154
3753 155
3753 156
3753 157
3753 158
3753 159
3753 160
3753 161
3753 162
3753 163
3753 164
3753 165
3753 166
3753 167
3753 168
3753 169
3753 170
3753 171
3753 172
3753 173
3753 174
3753 175
3753 176
3753 177
3753 178
3754 140
3754 141
3754 142
3754 143
3754 144
3754 145
3754 146
3754 147
3754 148
3754 149
3754 150
3754 151
3754 152
3754 153
3754 154
3754 155
3754 156
3754 157
3754 158
3754 159
3754 160
3754 161
3754 162
3754 163
3754 164
3754 165
3754 166
3754 167
3754 168
3754 169
3754 170
3754 171
3754 172
3754 173
3755 132
3755 133
3755 134
3755 135
3755 136
3755 137
3755 138
3755 139
3755 140
3755 141
3755 142
3755 143
3755 144
3755 145
3755 146
3755 147
3755 148
3755 149
3755 150
3755 151
3755 152
3755 153
3755 154
3755 155
3755 156
3755 157
3755 158
3755 159
3755 160
3755 161
3755 162
3755 163
3755 164
3755 165
3755 166
3755 167
3756 125
3756 126
3756 127
3756 128
3756 129
3756 130
3756 131
3756 132
3756 133
3756 134
3756 135
3756 136
3756 137
3756 138
3756 139
3756 140
3756 141
3756 142
3756 143
3756 144
3756 145
3756 146
3756 147
3756 148
3756 149
3756 150
3756 151
3756 152
3756 153
3756 154
3756 155
3756 156
3756 157
3756 158
3756 159
3756 160
3756 161
3757 119
3757 120
3757 121
3757 122
3757 123
3757 124
3757 125
3757 126
3757 127
3757 128
3757 129
3757 130
3757 131
3757 132
3757 133
3757 134
3757 135
3757 136
3757 137
3757 138
3757 139
3757 140
3757 141
3757 142
3757 143
3757 144
3757 145
3757 146
3757 147
3757 148
3757 149
3757 150
3757 151
3757 152
3757 153
3757 154
3757 155
3758 113
3758 114
3758 115
3758 116
3758 117
3758 118
3758 119
3758 120
3758 121
3758 122
3758 123
3758 124
3758 125
3758 126
3758 127
3758 128
3758 129
3758 130
3758 131
3758 132
3758 133
3758 134
3758 135
3758 136
3758 137
3758 138
3758 139
3758 140
3758 141
3758 142
3758 143
3758 144
3758 145
3758 146
3758 147
3758 148
3759 108
3759 109
3759 110
3759 111
3759 112
3759 113
3759 114
3759 115
3759 116
3759 117
3759 118
3759 119
3759 120
3759 121
3759 122
3759 123
3759 124
3759 125
3759 126
3759 127
3759 128
3759 129
3759 130
3759 131
3759 132
3759 133
3759 134
3759 135
3759 136
3759 137
3759 138
3759 139
3759 140
3760 104
3760 105
3760 106
3760 107
3760 108
3760 109
3760 110
3760 111
3760 112
3760 113
3760 114
3760 115
3760 116
3760 117
3760 118
3760 119
3760 120
3760 121
3760 122
3760 123
3760 124
3760 125
3760 126
3760 127
3760 128
3760 129
3760 130
3760 131
3760 132
3761 101
3761 102
3761 103
3761 104
3761 105
3761 106
3761 107
3761 108
3761 109
3761 110
3761 111
3761 112
3761 113
3761 114
3761 115
3761 116
3761 117
3761 118
3761 119
3761 120
3761 121
3761 122
3762 104
3762 105
3762 106
3762 107
3762 108
3774 173
3774 174
3774 175
3774 176
3774 177
3774 178
3774 179
3775 159
3775 160
3775 161
3775 162
3775 163
3775 164
3775 165
3775 166
3775 167
3775 168
3775 169
3775 170
3775 171
3775 172
3775 173
3775 174
3775 175
3775 176
3775 177
3775 178
3775 179
3776 149
3776 150
3776 151
3776 152
3776 153
3776 154
3776 155
3776 156
3776 157
3776 158
3776 159
3776 160
3776 161
3776 162
3776 163
3776 164
3776 165
3776 166
3776 167
3776 168
3776 169
3776 170
3776 171
3776 172
3776 173
3776 174
3776 175
3776 176
3777 141
3777 142
3777 143
3777 144
3777 145
3777 146
3777 147
3777 148
3777 149
3777 150
3777 151
3777 152
3777 153
3777 154
3777 155
3777 156
3777 157
3777 158
3777 159
3777 160
3777 161
3777 162
3777 163
3777 164
3777 165
3777 166
3777 167
3777 168
3777 169
3777 170
3777 171
3778 133
3778 134
3778 135
3778 136
3778 137
3778 138
3778 139
3778 140
3778 141
3778 142
3778 143
3778 144
3778 145
3778 146
3778 147
3778 148
3778 149
3778 150
3778 151
3778 152
3778 153
3778 154
3778 155
3778 156
3778 157
3778 158
3778 159
3778 160
3778 161
3778 162
3778 163
3778 164
3778 165
3778 166
3779 126
3779 127
3779 128
3779 129
3779 130
3779 131
3779 132
3779 133
3779 134
3779 135
3779 136
3779 137
3779 138
3779 139
3779 140
3779 141
3779 142
3779 143
3779 144
3779 145
3779 146
3779 147
3779 148
3779 149
3779 150
3779 151
3779 152
3779 153
3779 154
3779 155
3779 156
3779 157
3779 158
3779 159
3780 120
3780 121
3780 122
3780 123
3780 124
3780 125
3780 126
3780 127
3780 128
3780 129
3780 130
3780 131
3780 132
3780 133
3780 134
3780 135
3780 136
3780 137
3780 138
3780 139
3780 140
3780 141
3780 142
3780 143
3780 144
3780 145
3780 146
3780 147
3780 148
3780 149
3780 150
3780 151
3780 152
3780 153
3781 114
3781 115
3781 116
3781 117
3781 118
3781 119
3781 120
3781 121
3781 122
3781 123
3781 124
3781 125
3781 126
3781 127
3781 128
3781 129
3781 130
3781 131
3781 132
3781 133
3781 134
3781 135
3781 136
3781 137
3781 138
3781 139
3781 140
3781 141
3781 142
3781 143
3781 144
3781 145
3781 146
3782 110
3782 111
3782 112
3782 113
3782 114
3782 115
3782 116
3782 117
3782 118
3782 119
3782 120
3782 121
3782 122
3782 123
3782 124
3782 125
3782 126
3782 127
3782 128
3782 129
3782 130
3782 131
3782 132
3782 133
3782 134
3782 135
3782 136
3782 137
3782 138
3783 106
3783 107
3783 108
3783 109
3783 110
3783 111
3783 112
3783 113
3783 114
3783 115
3783 116
3783 117
3783 118
3783 119
3783 120
3783 121
3783 122
3783 123
3783 124
3783 125
3783 126
3783 127
3783 128
3783 129
3784 105
3784 106
3784 107
3784 108
3784 109
3784 110
3784 111
3784 112
3784 113
3784 114
3784 115
3784 116
3784 117
3784 118
3798 160
3798 161
3798 162
3798 163
3798 164
3798 165
3798 166
3798 167
3798 168
3798 169
3798 170
3798 171
3798 172
3798 173
3798 174
3798 175
3798 176
3799 150
3799 151
3799 152
3799 153
3799 154
3799 155
3799 156
3799 157
3799 158
3799 159
3799 160
3799 161
3799 162
3799 163
3799 164
3799 165
3799 166
3799 167
3799 168
3799 169
3799 170
3799 171
3799 172
3799 173
3800 142
3800 143
3800 144
3800 145
3800 146
3800 147
3800 148
3800 149
3800 150
3800 151
3800 152
3800 153
3800 154
3800 155
3800 156
3800 157
3800 158
3800 159
3800 160
3800 161
3800 162
3800 163
3800 164
3800 165
3800 166
3800 167
3800 168
3800 169
3801 134
3801 135
3801 136
3801 137
3801 138
3801 139
3801 140
3801 141
3801 142
3801 143
3801 144
3801 145
3801 146
3801 147
3801 148
3801 149
3801 150
3801 151
3801 152
3801 153
3801 154
3801 155
3801 156
3801 157
3801 158
3801 159
3801 160
3801 161
3801 162
3801 163
3802 127
3802 128
3802 129
3802 130
3802 131
3802 132
3802 133
3802 134
3802 135
3802 136
3802 137
3802 138
3802 139
3802 140
3802 141
3802 142
3802 143
3802 144
3802 145
3802 146
3802 147
3802 148
3802 149
3802 150
3802 151
3802 152
3802 153
3802 154
3802 155
3802 156
3802 157
3803 121
3803 122
3803 123
3803 124
3803 125
3803 126
3803 127
3803 128
3803 129
3803 130
3803 131
3803 132
3803 133
3803 134
3803 135
3803 136
3803 137
3803 138
3803 139
3803 140
3803 141
3803 142
3803 143
3803 144
3803 145
3803 146
3803 147
3803 148
3803 149
3803 150
3803 151
3804 116
3804 117
3804 118
3804 119
3804 120
3804 121
3804 122
3804 123
3804 124
3804 125
3804 126
3804 127
3804 128
3804 129
3804 130
3804 131
3804 132
3804 133
3804 134
3804 135
3804 136
3804 137
3804 138
3804 139
3804 140
3804 141
3804 142
3804 143
3805 112
3805 113
3805 114
3805 115
3805 116
3805 117
3805 118
3805 119
3805 120
3805 121
3805 122
3805 123
3805 124
3805 125
3805 126
3805 127
3805 128
3805 129
3805 130
3805 131
3805 132
3805 133
3805 134
3805 135
3806 110
3806 111
3806 112
3806 113
3806 114
3806 115
3806 116
3806 117
3806 118
3806 119
3806 120
3806 121
3806 122
3806 123
3806 124
3806 125
3821 163
3821 164
3821 165
3821 166
3821 167
3821 168
3821 169
3821 170
3821 171
3821 172
3822 152
3822 153
3822 154
3822 155
3822 156
3822 157
3822 158
3822 159
3822 160
3822 161
3822 162
3822 163
3822 164
3822 165
3822 166
3822 167
3822 168
3822 169
3822 170
3823 143
3823 144
3823 145
3823 146
3823 147
3823 148
3823 149
3823 150
3823 151
3823 152
3823 153
3823 154
3823 155
3823 156
3823 157
3823 158
3823 159
3823 160
3823 161
3823 162
3823 163
3823 164
3823 165
3823 166
3824 136
3824 137
3824 138
3824 139
3824 140
3824 141
3824 142
3824 143
3824 144
3824 145
3824 146
3824 147
3824 148
3824 149
3824 150
3824 151
3824 152
3824 153
3824 154
3824 155
3824 156
3824 157
3824 158
3824 159
3824 160
3824 161
3825 129
3825 130
3825 131
3825 132
3825 133
3825 134
3825 135
3825 136
3825 137
3825 138
3825 139
3825 140
3825 141
3825 142
3825 143
3825 144
3825 145
3825 146
3825 147
3825 148
3825 149
3825 150
3825 151
3825 152
3825 153
3825 154
3826 124
3826 125
3826 126
3826 127
3826 128
3826 129
3826 130
3826 131
3826 132
3826 133
3826 134
3826 135
3826 136
3826 137
3826 138
3826 139
3826 140
3826 141
3826 142
3826 143
3826 144
3826 145
3826 146
3826 147
3827 119
3827 120
3827 121
3827 122
3827 123
3827 124
3827 125
3827 126
3827 127
3827 128
3827 129
3827 130
3827 131
3827 132
3827 133
3827 134
3827 135
3827 136
3827 137
3827 138
3827 139
3827 140
3828 116
3828 117
3828 118
3828 119
3828 120
3828 121
3828 122
3828 123
3828 124
3828 125
3828 126
3828 127
3828 128
3828 129
3828 130
3828 131
3845 155
3845 156
3845 157
3845 158
3845 159
3845 160
3845 161
3845 162
3845 163
3845 164
3845 165
3846 146
3846 147
3846 148
3846 149
3846 150
3846 151
3846 152
3846 153
3846 154
3846 155
3846 156
3846 157
3846 158
3846 159
3846 160
3846 161
3846 162
3847 138
3847 139
3847 140
3847 141
3847 142
3847 143
3847 144
3847 145
3847 146
3847 147
3847 148
3847 149
3847 150
3847 151
3847 152
3847 153
3847 154
3847 155
3847 156
3847 157
3848 132
3848 133
3848 134
3848 135
3848 136
3848 137
3848 138
3848 139
3848 140
3848 141
3848 142
3848 143
3848 144
3848 145
3848 146
3848 147
3848 148
3848 149
3848 150
3849 127
3849 128
3849 129
3849 130
3849 131
3849 132
3849 133
3849 134
3849 135
3849 136
3849 137
3849 138
3849 139
3849 140
3849 141
3849 142
3849 143
3850 124
3850 125
3850 126
3850 127
3850 128
3850 129
3850 130
3850 131
3850 132
3850 133
3850 134
3869 151
3869 152
3869 153
3869 154
3869 155
3870 143
3870 144
3870 145
3870 146
3870 147
3870 148
3870 149
3870 150
3870 151
3871 137
3871 138
3871 139
3871 140
3871 141
3871 142
3871 143
3871 144
