911 20
911 21
911 22
911 23
918 24
918 25
918 26
918 27
918 28
918 29
918 30
918 31
918 32
918 33
918 34
925 34
925 35
925 36
925 37
925 38
926 15
926 16
926 17
926 18
926 19
926 20
926 21
933 18
933 19
933 20
933 21
933 22
933 23
933 24
933 25
933 26
933 27
933 28
933 29
933 30
933 31
933 32
933 33
940 26
940 27
940 28
940 29
940 30
940 31
940 32
940 33
940 34
940 35
940 36
940 37
940 38
940 39
940 40
941 12
941 13
941 14
941 15
941 16
941 17
941 18
948 14
948 15
948 16
948 17
948 18
948 19
948 20
948 21
948 22
948 23
948 24
948 25
948 26
948 27
948 28
948 29
948 30
948 31
955 21
955 22
955 23
955 24
955 25
955 26
955 27
955 28
955 29
955 30
955 31
955 32
955 33
955 34
955 35
955 36
955 37
955 38
955 39
956 11
956 12
956 13
962 31
962 32
962 33
962 34
962 35
962 36
962 37
962 38
962 39
962 40
962 41
962 42
962 43
962 44
963 11
963 12
963 13
963 14
963 15
963 16
963 17
963 18
963 19
963 20
963 21
963 22
963 23
963 24
963 25
963 26
963 27
963 28
970 17
970 18
970 19
970 20
970 21
970 22
970 23
970 24
970 25
970 26
970 27
970 28
970 29
970 30
970 31
970 32
970 33
970 34
970 35
970 36
970 37
977 25
977 26
977 27
977 28
977 29
977 30
977 31
977 32
977 33
977 34
977 35
977 36
977 37
977 38
977 39
977 40
977 41
977 42
977 43
977 44
978 8
978 9
978 10
978 11
978 12
978 13
978 14
978 15
978 16
978 17
978 18
978 19
978 20
978 21
978 22
978 23
978 24
978 25
984 37
984 38
984 39
984 40
984 41
984 42
984 43
984 44
984 45
984 46
984 47
985 13
985 14
985 15
985 16
985 17
985 18
985 19
985 20
985 21
985 22
985 23
985 24
985 25
985 26
985 27
985 28
985 29
985 30
985 31
985 32
985 33
985 34
985 35
992 21
992 22
992 23
992 24
992 25
992 26
992 27
992 28
992 29
992 30
992 31
992 32
992 33
992 34
992 35
992 36
992 37
992 38
992 39
992 40
992 41
992 42
993 6
993 7
993 8
993 9
993 10
993 11
993 12
993 13
993 14
993 15
993 16
993 17
993 18
993 19
993 20
993 21
999 30
999 31
999 32
999 33
999 34
999 35
999 36
999 37
999 38
999 39
999 40
999 41
999 42
999 43
999 44
999 45
999 46
999 47
1000 10
1000 11
1000 12
1000 13
1000 14
1000 15
1000 16
1000 17
1000 18
1000 19
1000 20
1000 21
1000 22
1000 23
1000 24
1000 25
1000 26
1000 27
1000 28
1000 29
1000 30
1000 31
1000 32
1007 17
1007 18
1007 19
1007 20
1007 21
1007 22
1007 23
1007 24
1007 25
1007 26
1007 27
1007 28
1007 29
1007 30
1007 31
1007 32
1007 33
1007 34
1007 35
1007 36
1007 37
1007 38
1007 39
1007 40
1008 5
1008 6
1008 7
1008 8
1008 9
1008 10
1008 11
1008 12
1008 13
1008 14
1008 15
1008 16
1014 26
1014 27
1014 28
1014 29
1014 30
1014 31
1014 32
1014 33
1014 34
1014 35
1014 36
1014 37
1014 38
1014 39
1014 40
1014 41
1014 42
1014 43
1014 44
1014 45
1014 46
1014 47
1015 7
1015 8
1015 9
1015 10
1015 11
1015 12
1015 13
1015 14
1015 15
1015 16
1015 17
1015 18
1015 19
1015 20
1015 21
1015 22
1015 23
1015 24
1015 25
1015 26
1015 27
1015 28
1015 29
1021 37
1021 38
1021 39
1021 40
1021 41
1021 42
1021 43
1021 44
1021 45
1021 46
1021 47
1021 48
1021 49
1021 50
1022 14
1022 15
1022 16
1022 17
1022 18
1022 19
1022 20
1022 21
1022 22
1022 23
1022 24
1022 25
1022 26
1022 27
1022 28
1022 29
1022 30
1022 31
1022 32
1022 33
1022 34
1022 35
1022 36
1022 37
1022 38
1023 5
1023 6
1023 7
1023 8
1023 9
1023 10
1029 22
1029 23
1029 24
1029 25
1029 26
1029 27
1029 28
1029 29
1029 30
1029 31
1029 32
1029 33
1029 34
1029 35
1029 36
1029 37
1029 38
1029 39
1029 40
1029 41
1029 42
1029 43
1029 44
1029 45
1030 5
1030 6
1030 7
1030 8
1030 9
1030 10
1030 11
1030 12
1030 13
1030 14
1030 15
1030 16
1030 17
1030 18
1030 19
1030 20
1030 21
1030 22
1030 23
1030 24
1030 25
1036 32
1036 33
1036 34
1036 35
1036 36
1036 37
1036 38
1036 39
1036 40
1036 41
1036 42
1036 43
1036 44
1036 45
1036 46
1036 47
1036 48
1036 49
1036 50
1037 11
1037 12
1037 13
1037 14
1037 15
1037 16
1037 17
1037 18
1037 19
1037 20
1037 21
1037 22
1037 23
1037 24
1037 25
1037 26
1037 27
1037 28
1037 29
1037 30
1037 31
1037 32
1037 33
1037 34
1037 35
1044 18
1044 19
1044 20
1044 21
1044 22
1044 23
1044 24
1044 25
1044 26
1044 27
1044 28
1044 29
1044 30
1044 31
1044 32
1044 33
1044 34
1044 35
1044 36
1044 37
1044 38
1044 39
1044 40
1044 41
1044 42
1044 43
1045 4
1045 5
1045 6
1045 7
1045 8
1045 9
1045 10
1045 11
1045 12
1045 13
1045 14
1045 15
1045 16
1045 17
1045 18
1045 19
1045 20
1045 21
1051 28
1051 29
1051 30
1051 31
1051 32
1051 33
1051 34
1051 35
1051 36
1051 37
1051 38
1051 39
1051 40
1051 41
1051 42
1051 43
1051 44
1051 45
1051 46
1051 47
1051 48
1051 49
1052 8
1052 9
1052 10
1052 11
1052 12
1052 13
1052 14
1052 15
1052 16
1052 17
1052 18
1052 19
1052 20
1052 21
1052 22
1052 23
1052 24
1052 25
1052 26
1052 27
1052 28
1052 29
1052 30
1052 31
1052 32
1058 40
1058 41
1058 42
1058 43
1058 44
1058 45
1058 46
1058 47
1058 48
1058 49
1058 50
1058 51
1059 15
1059 16
1059 17
1059 18
1059 19
1059 20
1059 21
1059 22
1059 23
1059 24
1059 25
1059 26
1059 27
1059 28
1059 29
1059 30
1059 31
1059 32
1059 33
1059 34
1059 35
1059 36
1059 37
1059 38
1059 39
1059 40
1060 4
1060 5
1060 6
1060 7
1060 8
1060 9
1060 10
1060 11
1060 12
1060 13
1060 14
1060 15
1060 16
1066 24
1066 25
1066 26
1066 27
1066 28
1066 29
1066 30
1066 31
1066 32
1066 33
1066 34
1066 35
1066 36
1066 37
1066 38
1066 39
1066 40
1066 41
1066 42
1066 43
1066 44
1066 45
1066 46
1066 47
1067 6
1067 7
1067 8
1067 9
1067 10
1067 11
1067 12
1067 13
1067 14
1067 15
1067 16
1067 17
1067 18
1067 19
1067 20
1067 21
1067 22
1067 23
1067 24
1067 25
1067 26
1067 27
1067 28
1073 35
1073 36
1073 37
1073 38
1073 39
1073 40
1073 41
1073 42
1073 43
1073 44
1073 45
1073 46
1073 47
1073 48
1073 49
1073 50
1073 51
1074 13
1074 14
1074 15
1074 16
1074 17
1074 18
1074 19
1074 20
1074 21
1074 22
1074 23
1074 24
1074 25
1074 26
1074 27
1074 28
1074 29
1074 30
1074 31
1074 32
1074 33
1074 34
1074 35
1074 36
1074 37
1081 21
1081 22
1081 23
1081 24
1081 25
1081 26
1081 27
1081 28
1081 29
1081 30
1081 31
1081 32
1081 33
1081 34
1081 35
1081 36
1081 37
1081 38
1081 39
1081 40
1081 41
1081 42
1081 43
1081 44
1082 5
1082 6
1082 7
1082 8
1082 9
1082 10
1082 11
1082 12
1082 13
1082 14
1082 15
1082 16
1082 17
1082 18
1082 19
1082 20
1082 21
1082 22
1082 23
1082 24
1088 31
1088 32
1088 33
1088 34
1088 35
1088 36
1088 37
1088 38
1088 39
1088 40
1088 41
1088 42
1088 43
1088 44
1088 45
1088 46
1088 47
1088 48
1088 49
1088 50
1089 10
1089 11
1089 12
1089 13
1089 14
1089 15
1089 16
1089 17
1089 18
1089 19
1089 20
1089 21
1089 22
1089 23
1089 24
1089 25
1089 26
1089 27
1089 28
1089 29
1089 30
1089 31
1089 32
1089 33
1089 34
1095 45
1095 46
1095 47
1095 48
1095 49
1095 50
1096 18
1096 19
1096 20
1096 21
1096 22
1096 23
1096 24
1096 25
1096 26
1096 27
1096 28
1096 29
1096 30
1096 31
1096 32
1096 33
1096 34
1096 35
1096 36
1096 37
1096 38
1096 39
1096 40
1096 41
1096 42
1097 5
1097 6
1097 7
1097 8
1097 9
1097 10
1097 11
1097 12
1097 13
1097 14
1097 15
1097 16
1097 17
1097 18
1097 19
1103 27
1103 28
1103 29
1103 30
1103 31
1103 32
1103 33
1103 34
1103 35
1103 36
1103 37
1103 38
1103 39
1103 40
1103 41
1103 42
1103 43
1103 44
1103 45
1103 46
1103 47
1103 48
1104 9
1104 10
1104 11
1104 12
1104 13
1104 14
1104 15
1104 16
1104 17
1104 18
1104 19
1104 20
1104 21
1104 22
1104 23
1104 24
1104 25
1104 26
1104 27
1104 28
1104 29
1104 30
1110 39
1110 40
1110 41
1110 42
1110 43
1110 44
1110 45
1110 46
1110 47
1110 48
1110 49
1110 50
1110 51
1111 16
1111 17
1111 18
1111 19
1111 20
1111 21
1111 22
1111 23
1111 24
1111 25
1111 26
1111 27
1111 28
1111 29
1111 30
1111 31
1111 32
1111 33
1111 34
1111 35
1111 36
1111 37
1111 38
1111 39
1112 9
1112 10
1118 24
1118 25
1118 26
1118 27
1118 28
1118 29
1118 30
1118 31
1118 32
1118 33
1118 34
1118 35
1118 36
1118 37
1118 38
1118 39
1118 40
1118 41
1118 42
1118 43
1118 44
1118 45
1119 8
1119 9
1119 10
1119 11
1119 12
1119 13
1119 14
1119 15
1119 16
1119 17
1119 18
1119 19
1119 20
1119 21
1119 22
1119 23
1119 24
1119 25
1119 26
1125 35
1125 36
1125 37
1125 38
1125 39
1125 40
1125 41
1125 42
1125 43
1125 44
1125 45
1125 46
1125 47
1125 48
1125 49
1125 50
1126 14
1126 15
1126 16
1126 17
1126 18
1126 19
1126 20
1126 21
1126 22
1126 23
1126 24
1126 25
1126 26
1126 27
1126 28
1126 29
1126 30
1126 31
1126 32
1126 33
1126 34
1126 35
1133 22
1133 23
1133 24
1133 25
1133 26
1133 27
1133 28
1133 29
1133 30
1133 31
1133 32
1133 33
1133 34
1133 35
1133 36
1133 37
1133 38
1133 39
1133 40
1133 41
1133 42
1133 43
1134 9
1134 10
1134 11
1134 12
1134 13
1134 14
1134 15
1134 16
1134 17
1134 18
1134 19
1134 20
1140 32
1140 33
1140 34
1140 35
1140 36
1140 37
1140 38
1140 39
1140 40
1140 41
1140 42
1140 43
1140 44
1140 45
1140 46
1140 47
1140 48
1141 13
1141 14
1141 15
1141 16
1141 17
1141 18
1141 19
1141 20
1141 21
1141 22
1141 23
1141 24
1141 25
1141 26
1141 27
1141 28
1141 29
1141 30
1141 31
1148 20
1148 21
1148 22
1148 23
1148 24
1148 25
1148 26
1148 27
1148 28
1148 29
1148 30
1148 31
1148 32
1148 33
1148 34
1148 35
1148 36
1148 37
1148 38
1148 39
1155 29
1155 30
1155 31
1155 32
1155 33
1155 34
1155 35
1155 36
1155 37
1155 38
1155 39
1155 40
1155 41
1155 42
1155 43
1155 44
1155 45
1156 13
1156 14
1156 15
1156 16
1156 17
1156 18
1156 19
1156 20
1156 21
1156 22
1156 23
1156 24
1156 25
1156 26
1163 19
1163 20
1163 21
1163 22
1163 23
1163 24
1163 25
1163 26
1163 27
1163 28
1163 29
1163 30
1163 31
1163 32
1163 33
1163 34
1163 35
1170 27
1170 28
1170 29
1170 30
1170 31
1170 32
1170 33
1170 34
1170 35
1170 36
1170 37
1170 38
1170 39
1170 40
1170 41
1170 42
1177 41
1177 42
1177 43
1178 19
1178 20
1178 21
1178 22
1178 23
1178 24
1178 25
1178 26
1178 27
1178 28
1178 29
1178 30
1178 31
1185 27
1185 28
1185 29
1185 30
1185 31
1185 32
1185 33
1185 34
1185 35
1185 36
1185 37
1185 38
1200 28
1200 29
1200 30
1200 31
