2226 35
2226 36
2226 37
2226 38
2226 39
2236 30
2236 31
2236 32
2236 33
2236 34
2236 35
2236 36
2236 37
2236 38
2246 27
2246 28
2246 29
2246 30
2246 31
2246 32
2246 33
2246 34
2246 35
2246 36
2256 23
2256 24
2256 25
2256 26
2256 27
2256 28
2256 29
2256 30
2256 31
2256 32
2256 33
2256 34
2266 20
2266 21
2266 22
2266 23
2266 24
2266 25
2266 26
2266 27
2266 28
2266 29
2266 30
2266 31
2266 32
2276 18
2276 19
2276 20
2276 21
2276 22
2276 23
2276 24
2276 25
2276 26
2276 27
2276 28
2276 29
2276 30
2279 35
2279 36
2279 37
2279 38
2279 39
2279 40
2279 41
2279 42
2286 15
2286 16
2286 17
2286 18
2286 19
2286 20
2286 21
2286 22
2286 23
2286 24
2286 25
2286 26
2286 27
2286 28
2289 31
2289 32
2289 33
2289 34
2289 35
2289 36
2289 37
2289 38
2289 39
2289 40
2289 41
2296 13
2296 14
2296 15
2296 16
2296 17
2296 18
2296 19
2296 20
2296 21
2296 22
2296 23
2296 24
2296 25
2299 28
2299 29
2299 30
2299 31
2299 32
2299 33
2299 34
2299 35
2299 36
2299 37
2299 38
2299 39
2299 40
2306 10
2306 11
2306 12
2306 13
2306 14
2306 15
2306 16
2306 17
2306 18
2306 19
2306 20
2306 21
2306 22
2309 25
2309 26
2309 27
2309 28
2309 29
2309 30
2309 31
2309 32
2309 33
2309 34
2309 35
2309 36
2309 37
2309 38
2316 9
2316 10
2316 11
2316 12
2316 13
2316 14
2316 15
2316 16
2316 17
2316 18
2316 19
2316 20
2319 22
2319 23
2319 24
2319 25
2319 26
2319 27
2319 28
2319 29
2319 30
2319 31
2319 32
2319 33
2319 34
2319 35
2319 36
2326 7
2326 8
2326 9
2326 10
2326 11
2326 12
2326 13
2326 14
2326 15
2326 16
2326 17
2329 19
2329 20
2329 21
2329 22
2329 23
2329 24
2329 25
2329 26
2329 27
2329 28
2329 29
2329 30
2329 31
2329 32
2329 33
2329 34
2336 6
2336 7
2336 8
2336 9
2336 10
2336 11
2336 12
2336 13
2339 17
2339 18
2339 19
2339 20
2339 21
2339 22
2339 23
2339 24
2339 25
2339 26
2339 27
2339 28
2339 29
2339 30
2339 31
2346 6
2346 7
2346 8
2346 9
2349 15
2349 16
2349 17
2349 18
2349 19
2349 20
2349 21
2349 22
2349 23
2349 24
2349 25
2349 26
2349 27
2349 28
2349 29
2352 36
2352 37
2359 13
2359 14
2359 15
2359 16
2359 17
2359 18
2359 19
2359 20
2359 21
2359 22
2359 23
2359 24
2359 25
2359 26
2362 31
2362 32
2362 33
2362 34
2362 35
2362 36
2362 37
2369 11
2369 12
2369 13
2369 14
2369 15
2369 16
2369 17
2369 18
2369 19
2369 20
2369 21
2369 22
2369 23
2369 24
2372 28
2372 29
2372 30
2372 31
2372 32
2372 33
2372 34
2372 35
2379 10
2379 11
2379 12
2379 13
2379 14
2379 15
2379 16
2379 17
2379 18
2379 19
2379 20
2379 21
2382 25
2382 26
2382 27
2382 28
2382 29
2382 30
2382 31
2382 32
2382 33
2382 34
2389 9
2389 10
2389 11
2389 12
2389 13
2389 14
2389 15
2389 16
2389 17
2392 23
2392 24
2392 25
2392 26
2392 27
2392 28
2392 29
2392 30
2392 31
2399 8
2399 9
2399 10
2399 11
2399 12
2399 13
2402 21
2402 22
2402 23
2402 24
2402 25
2402 26
2402 27
2402 28
2402 29
2412 19
2412 20
2412 21
2412 22
2412 23
2412 24
2412 25
2412 26
2422 18
2422 19
2422 20
2422 21
2422 22
2422 23
