570 82
570 83
570 84
570 85
570 86
578 88
578 89
578 90
578 91
578 92
578 93
578 94
578 95
578 96
579 73
579 74
579 75
586 97
586 98
586 99
586 100
586 101
586 102
587 76
587 77
587 78
587 79
587 80
587 81
587 82
587 83
587 84
587 85
587 86
587 87
595 83
595 84
595 85
595 86
595 87
595 88
595 89
595 90
595 91
595 92
595 93
595 94
595 95
595 96
595 97
596 68
596 69
596 70
596 71
596 72
596 73
596 74
596 75
603 91
603 92
603 93
603 94
603 95
603 96
603 97
603 98
603 99
603 100
603 101
603 102
603 103
603 104
604 73
604 74
604 75
604 76
604 77
604 78
604 79
604 80
604 81
604 82
604 83
604 84
604 85
604 86
611 100
611 101
611 102
611 103
611 104
611 105
611 106
611 107
611 108
611 109
612 79
612 80
612 81
612 82
612 83
612 84
612 85
612 86
612 87
612 88
612 89
612 90
612 91
612 92
612 93
612 94
612 95
612 96
613 65
613 66
613 67
613 68
613 69
613 70
613 71
613 72
613 73
620 87
620 88
620 89
620 90
620 91
620 92
620 93
620 94
620 95
620 96
620 97
620 98
620 99
620 100
620 101
620 102
620 103
620 104
621 69
621 70
621 71
621 72
621 73
621 74
621 75
621 76
621 77
621 78
621 79
621 80
621 81
621 82
621 83
621 84
621 85
628 95
628 96
628 97
628 98
628 99
628 100
628 101
628 102
628 103
628 104
628 105
628 106
628 107
628 108
628 109
628 110
629 76
629 77
629 78
629 79
629 80
629 81
629 82
629 83
629 84
629 85
629 86
629 87
629 88
629 89
629 90
629 91
629 92
629 93
629 94
630 63
630 64
630 65
630 66
630 67
630 68
630 69
630 70
636 106
636 107
636 108
636 109
636 110
636 111
636 112
636 113
636 114
637 83
637 84
637 85
637 86
637 87
637 88
637 89
637 90
637 91
637 92
637 93
637 94
637 95
637 96
637 97
637 98
637 99
637 100
637 101
637 102
637 103
638 67
638 68
638 69
638 70
638 71
638 72
638 73
638 74
638 75
638 76
638 77
638 78
638 79
638 80
638 81
638 82
638 83
645 91
645 92
645 93
645 94
645 95
645 96
645 97
645 98
645 99
645 100
645 101
645 102
645 103
645 104
645 105
645 106
645 107
645 108
645 109
645 110
646 73
646 74
646 75
646 76
646 77
646 78
646 79
646 80
646 81
646 82
646 83
646 84
646 85
646 86
646 87
646 88
646 89
646 90
646 91
646 92
647 63
647 64
647 65
653 101
653 102
653 103
653 104
653 105
653 106
653 107
653 108
653 109
653 110
653 111
653 112
653 113
653 114
653 115
654 80
654 81
654 82
654 83
654 84
654 85
654 86
654 87
654 88
654 89
654 90
654 91
654 92
654 93
654 94
654 95
654 96
654 97
654 98
654 99
654 100
654 101
655 65
655 66
655 67
655 68
655 69
655 70
655 71
655 72
655 73
655 74
655 75
655 76
655 77
655 78
655 79
655 80
662 88
662 89
662 90
662 91
662 92
662 93
662 94
662 95
662 96
662 97
662 98
662 99
662 100
662 101
662 102
662 103
662 104
662 105
662 106
662 107
662 108
663 70
663 71
663 72
663 73
663 74
663 75
663 76
663 77
663 78
663 79
663 80
663 81
663 82
663 83
663 84
663 85
663 86
663 87
663 88
663 89
663 90
670 96
670 97
670 98
670 99
670 100
670 101
670 102
670 103
670 104
670 105
670 106
670 107
670 108
670 109
670 110
670 111
670 112
670 113
670 114
671 77
671 78
671 79
671 80
671 81
671 82
671 83
671 84
671 85
671 86
671 87
671 88
671 89
671 90
671 91
671 92
671 93
671 94
671 95
671 96
671 97
671 98
671 99
672 63
672 64
672 65
672 66
672 67
672 68
672 69
672 70
672 71
672 72
672 73
672 74
672 75
672 76
678 108
678 109
678 110
678 111
678 112
678 113
678 114
678 115
678 116
678 117
679 84
679 85
679 86
679 87
679 88
679 89
679 90
679 91
679 92
679 93
679 94
679 95
679 96
679 97
679 98
679 99
679 100
679 101
679 102
679 103
679 104
679 105
679 106
679 107
680 68
680 69
680 70
680 71
680 72
680 73
680 74
680 75
680 76
680 77
680 78
680 79
680 80
680 81
680 82
680 83
680 84
680 85
680 86
680 87
687 93
687 94
687 95
687 96
687 97
687 98
687 99
687 100
687 101
687 102
687 103
687 104
687 105
687 106
687 107
687 108
687 109
687 110
687 111
687 112
687 113
688 74
688 75
688 76
688 77
688 78
688 79
688 80
688 81
688 82
688 83
688 84
688 85
688 86
688 87
688 88
688 89
688 90
688 91
688 92
688 93
688 94
688 95
688 96
689 62
689 63
689 64
689 65
689 66
689 67
689 68
689 69
689 70
689 71
689 72
695 103
695 104
695 105
695 106
695 107
695 108
695 109
695 110
695 111
695 112
695 113
695 114
695 115
695 116
695 117
696 82
696 83
696 84
696 85
696 86
696 87
696 88
696 89
696 90
696 91
696 92
696 93
696 94
696 95
696 96
696 97
696 98
696 99
696 100
696 101
696 102
696 103
696 104
697 66
697 67
697 68
697 69
697 70
697 71
697 72
697 73
697 74
697 75
697 76
697 77
697 78
697 79
697 80
697 81
697 82
697 83
697 84
704 90
704 91
704 92
704 93
704 94
704 95
704 96
704 97
704 98
704 99
704 100
704 101
704 102
704 103
704 104
704 105
704 106
704 107
704 108
704 109
704 110
704 111
705 72
705 73
705 74
705 75
705 76
705 77
705 78
705 79
705 80
705 81
705 82
705 83
705 84
705 85
705 86
705 87
705 88
705 89
705 90
705 91
705 92
705 93
705 94
712 99
712 100
712 101
712 102
712 103
712 104
712 105
712 106
712 107
712 108
712 109
712 110
712 111
712 112
712 113
712 114
712 115
712 116
713 79
713 80
713 81
713 82
713 83
713 84
713 85
713 86
713 87
713 88
713 89
713 90
713 91
713 92
713 93
713 94
713 95
713 96
713 97
713 98
713 99
713 100
713 101
713 102
714 65
714 66
714 67
714 68
714 69
714 70
714 71
714 72
714 73
714 74
714 75
714 76
714 77
714 78
714 79
714 80
721 87
721 88
721 89
721 90
721 91
721 92
721 93
721 94
721 95
721 96
721 97
721 98
721 99
721 100
721 101
721 102
721 103
721 104
721 105
721 106
721 107
721 108
721 109
722 70
722 71
722 72
722 73
722 74
722 75
722 76
722 77
722 78
722 79
722 80
722 81
722 82
722 83
722 84
722 85
722 86
722 87
722 88
722 89
722 90
729 96
729 97
729 98
729 99
729 100
729 101
729 102
729 103
729 104
729 105
729 106
729 107
729 108
729 109
729 110
729 111
729 112
729 113
729 114
730 77
730 78
730 79
730 80
730 81
730 82
730 83
730 84
730 85
730 86
730 87
730 88
730 89
730 90
730 91
730 92
730 93
730 94
730 95
730 96
730 97
730 98
730 99
731 64
731 65
731 66
731 67
731 68
731 69
731 70
731 71
731 72
731 73
731 74
731 75
737 108
737 109
737 110
737 111
737 112
737 113
737 114
737 115
737 116
738 84
738 85
738 86
738 87
738 88
738 89
738 90
738 91
738 92
738 93
738 94
738 95
738 96
738 97
738 98
738 99
738 100
738 101
738 102
738 103
738 104
738 105
738 106
739 69
739 70
739 71
739 72
739 73
739 74
739 75
739 76
739 77
739 78
739 79
739 80
739 81
739 82
739 83
739 84
739 85
739 86
746 93
746 94
746 95
746 96
746 97
746 98
746 99
746 100
746 101
746 102
746 103
746 104
746 105
746 106
746 107
746 108
746 109
746 110
746 111
746 112
747 75
747 76
747 77
747 78
747 79
747 80
747 81
747 82
747 83
747 84
747 85
747 86
747 87
747 88
747 89
747 90
747 91
747 92
747 93
747 94
747 95
754 104
754 105
754 106
754 107
754 108
754 109
754 110
754 111
754 112
754 113
754 114
754 115
755 82
755 83
755 84
755 85
755 86
755 87
755 88
755 89
755 90
755 91
755 92
755 93
755 94
755 95
755 96
755 97
755 98
755 99
755 100
755 101
755 102
755 103
756 68
756 69
756 70
756 71
756 72
756 73
756 74
756 75
756 76
756 77
756 78
756 79
756 80
756 81
756 82
763 91
763 92
763 93
763 94
763 95
763 96
763 97
763 98
763 99
763 100
763 101
763 102
763 103
763 104
763 105
763 106
763 107
763 108
763 109
764 73
764 74
764 75
764 76
764 77
764 78
764 79
764 80
764 81
764 82
764 83
764 84
764 85
764 86
764 87
764 88
764 89
764 90
764 91
764 92
771 101
771 102
771 103
771 104
771 105
771 106
771 107
771 108
771 109
771 110
771 111
771 112
771 113
772 80
772 81
772 82
772 83
772 84
772 85
772 86
772 87
772 88
772 89
772 90
772 91
772 92
772 93
772 94
772 95
772 96
772 97
772 98
772 99
772 100
773 68
773 69
773 70
773 71
773 72
773 73
773 74
773 75
773 76
780 89
780 90
780 91
780 92
780 93
780 94
780 95
780 96
780 97
780 98
780 99
780 100
780 101
780 102
780 103
780 104
780 105
780 106
781 72
781 73
781 74
781 75
781 76
781 77
781 78
781 79
781 80
781 81
781 82
781 83
781 84
781 85
781 86
781 87
788 99
788 100
788 101
788 102
788 103
788 104
788 105
788 106
788 107
788 108
788 109
788 110
789 79
789 80
789 81
789 82
789 83
789 84
789 85
789 86
789 87
789 88
789 89
789 90
789 91
789 92
789 93
789 94
789 95
797 87
797 88
797 89
797 90
797 91
797 92
797 93
797 94
797 95
797 96
797 97
797 98
797 99
797 100
797 101
797 102
798 73
798 74
798 75
798 76
798 77
798 78
798 79
798 80
798 81
805 97
805 98
805 99
805 100
805 101
805 102
805 103
805 104
805 105
805 106
806 78
806 79
806 80
806 81
806 82
806 83
806 84
806 85
806 86
806 87
806 88
806 89
806 90
814 86
814 87
814 88
814 89
814 90
814 91
814 92
814 93
814 94
814 95
814 96
814 97
814 98
822 97
822 98
822 99
822 100
822 101
823 80
823 81
823 82
823 83
831 87
831 88
831 89
831 90
831 91
