1443 296
1443 297
1443 298
1443 299
1443 300
1443 301
1443 302
1443 303
1456 306
1456 307
1456 308
1456 309
1456 310
1456 311
1466 296
1466 297
1466 298
1466 299
1466 300
1466 301
1466 302
1466 303
1466 304
1466 305
1466 306
1466 307
1466 308
1466 309
1476 290
1476 291
1476 292
1476 293
1476 294
1476 295
1476 296
1476 297
1476 298
1476 299
1476 300
1476 301
1476 302
1476 303
1486 287
1486 288
1486 289
1486 290
1486 291
1486 292
1486 293
1486 294
1489 299
1489 300
1489 301
1489 302
1489 303
1489 304
1489 305
1489 306
1489 307
1489 308
1489 309
1489 310
1489 311
1489 312
1499 292
1499 293
1499 294
1499 295
1499 296
1499 297
1499 298
1499 299
1499 300
1499 301
1499 302
1499 303
1499 304
1499 305
1499 306
1499 307
1499 308
1509 286
1509 287
1509 288
1509 289
1509 290
1509 291
1509 292
1509 293
1509 294
1509 295
1509 296
1509 297
1509 298
1509 299
1509 300
1509 301
1512 304
1512 305
1512 306
1512 307
1512 308
1512 309
1512 310
1512 311
1512 312
1512 313
1512 314
1519 286
1519 287
1519 288
1519 289
1519 290
1522 295
1522 296
1522 297
1522 298
1522 299
1522 300
1522 301
1522 302
1522 303
1522 304
1522 305
1522 306
1522 307
1522 308
1522 309
1522 310
1522 311
1532 289
1532 290
1532 291
1532 292
1532 293
1532 294
1532 295
1532 296
1532 297
1532 298
1532 299
1532 300
1532 301
1532 302
1532 303
1532 304
1532 305
1532 306
1542 285
1542 286
1542 287
1542 288
1542 289
1542 290
1542 291
1542 292
1542 293
1542 294
1542 295
1542 296
1542 297
1542 298
1545 300
1545 301
1545 302
1545 303
1545 304
1545 305
1545 306
1545 307
1545 308
1545 309
1545 310
1545 311
1545 312
1555 293
1555 294
1555 295
1555 296
1555 297
1555 298
1555 299
1555 300
1555 301
1555 302
1555 303
1555 304
1555 305
1555 306
1555 307
1555 308
1565 288
1565 289
1565 290
1565 291
1565 292
1565 293
1565 294
1565 295
1565 296
1565 297
1565 298
1565 299
1565 300
1565 301
1565 302
1575 287
1575 288
1575 289
1575 290
1575 291
1575 292
1578 299
1578 300
1578 301
1578 302
1578 303
1578 304
1578 305
1578 306
1578 307
1578 308
1578 309
1588 292
1588 293
1588 294
1588 295
1588 296
1588 297
1588 298
1588 299
1588 300
1588 301
1588 302
1588 303
1588 304
1598 289
1598 290
1598 291
1598 292
1598 293
1598 294
1598 295
1598 296
1611 301
1611 302
2220 193
2220 194
2233 200
2233 201
2233 202
2243 194
2243 195
2243 196
2243 197
2243 198
2243 199
2253 190
2253 191
2253 192
2253 193
2266 197
2266 198
2266 199
2266 200
2266 201
2266 202
2276 192
2276 193
2276 194
2276 195
2276 196
2276 197
2299 197
3869 273
3869 274
3869 275
3869 276
3869 277
3869 278
3879 268
3879 269
3879 270
3879 271
3879 272
3879 273
3902 271
3902 272
3902 273
3902 274
3902 275
3902 276
3902 277
