1 180
1 181
1 182
1 183
1 184
1 185
1 186
1 187
1 188
2 155
2 156
2 157
2 158
2 159
2 160
5 169
5 170
5 171
5 172
5 173
5 174
5 175
5 176
5 177
5 178
5 179
9 160
9 161
9 162
9 163
9 164
9 165
9 166
9 167
9 168
12 177
12 178
12 179
12 180
12 181
12 182
12 183
12 184
16 166
16 167
16 168
16 169
16 170
16 171
16 172
16 173
16 174
16 175
20 158
20 159
20 160
20 161
20 162
23 174
23 175
23 176
23 177
23 178
23 179
23 180
27 164
27 165
27 166
27 167
27 168
27 169
27 170
34 171
34 172
34 173
34 174
34 175
34 176
38 162
38 163
38 164
45 169
45 170
45 171
4088 159
4088 160
4095 164
4095 165
4095 166
4095 167
4099 154
4099 155
4099 156
4099 157
4102 170
4102 171
4102 172
4102 173
4106 159
4106 160
4106 161
4106 162
4106 163
4106 164
4106 165
4110 151
4110 152
4110 153
4113 165
4113 166
4113 167
4113 168
4113 169
4113 170
4113 171
4117 155
4117 156
4117 157
4117 158
4117 159
4117 160
4117 161
4117 162
4120 171
4120 172
4120 173
4120 174
4120 175
4120 176
4120 177
4124 161
4124 162
4124 163
4124 164
4124 165
4124 166
4124 167
4124 168
4127 178
4127 179
4127 180
4127 181
4128 152
4128 153
4128 154
4128 155
4128 156
4128 157
4128 158
4131 166
4131 167
4131 168
4131 169
4131 170
4131 171
4131 172
4131 173
4131 174
4135 157
4135 158
4135 159
4135 160
4135 161
4135 162
4135 163
4135 164
4135 165
4138 173
4138 174
4138 175
4138 176
4138 177
4138 178
4138 179
4138 180
4139 149
4139 150
4139 151
4139 152
4139 153
4139 154
4142 162
4142 163
4142 164
4142 165
4142 166
4142 167
4142 168
4142 169
4142 170
4142 171
4142 172
4145 180
4145 181
4145 182
4145 183
4145 184
4145 185
4146 153
4146 154
4146 155
4146 156
4146 157
4146 158
4146 159
4146 160
4146 161
4146 162
4149 168
4149 169
4149 170
4149 171
4149 172
4149 173
4149 174
4149 175
4149 176
4149 177
4149 178
4150 148
4153 159
4153 160
4153 161
4153 162
4153 163
4153 164
4153 165
4153 166
4153 167
4153 168
4153 169
4156 175
4156 176
4156 177
4156 178
4156 179
4156 180
4156 181
4156 182
4156 183
4157 150
4157 151
4157 152
4157 153
4157 154
4157 155
4157 156
4157 157
4157 158
4160 164
4160 165
4160 166
4160 167
4160 168
4160 169
4160 170
4160 171
4160 172
4160 173
4160 174
4160 175
4163 182
4163 183
4163 184
4163 185
4163 186
4163 187
4163 188
4164 155
4164 156
4164 157
4164 158
4164 159
4164 160
4164 161
4164 162
4164 163
4164 164
4164 165
4167 171
4167 172
4167 173
4167 174
4167 175
4167 176
4167 177
4167 178
4167 179
4167 180
4167 181
4168 148
4168 149
4168 150
4168 151
4168 152
4168 153
4170 191
4171 161
4171 162
4171 163
4171 164
4171 165
4171 166
4171 167
4171 168
4171 169
4171 170
4171 171
4171 172
4174 177
4174 178
4174 179
4174 180
4174 181
4174 182
4174 183
4174 184
4174 185
4174 186
4175 152
4175 153
4175 154
4175 155
4175 156
4175 157
4175 158
4175 159
4175 160
4175 161
4178 167
4178 168
4178 169
4178 170
4178 171
4178 172
4178 173
4178 174
4178 175
4178 176
4178 177
4178 178
4181 184
4181 185
4181 186
4181 187
4181 188
4181 189
4181 190
4181 191
4182 157
4182 158
4182 159
4182 160
4182 161
4182 162
4182 163
4182 164
4182 165
4182 166
4182 167
4182 168
4185 173
4185 174
4185 175
4185 176
4185 177
4185 178
4185 179
4185 180
4185 181
4185 182
4185 183
4185 184
4186 149
4186 150
4186 151
4186 152
4186 153
4186 154
4186 155
4186 156
4186 157
4188 193
4188 194
4188 195
4189 163
4189 164
4189 165
4189 166
4189 167
4189 168
4189 169
4189 170
4189 171
4189 172
4189 173
4189 174
4189 175
4192 180
4192 181
4192 182
4192 183
4192 184
4192 185
4192 186
4192 187
4192 188
4192 189
4193 154
4193 155
4193 156
4193 157
4193 158
4193 159
4193 160
4193 161
4193 162
4193 163
4193 164
4193 165
4196 169
4196 170
4196 171
4196 172
4196 173
4196 174
4196 175
4196 176
4196 177
4196 178
4196 179
4196 180
4196 181
4197 147
4197 148
4197 149
4197 150
4197 151
4197 152
4199 187
4199 188
4199 189
4199 190
4199 191
4199 192
4199 193
4199 194
4200 159
4200 160
4200 161
4200 162
4200 163
4200 164
4200 165
4200 166
4200 167
4200 168
4200 169
4200 170
4200 171
4203 175
4203 176
4203 177
4203 178
4203 179
4203 180
4203 181
4203 182
4203 183
4203 184
4203 185
4203 186
4203 187
4204 151
4204 152
4204 153
4204 154
4204 155
4204 156
4204 157
4204 158
4204 159
4204 160
4204 161
4206 196
4206 197
4207 165
4207 166
4207 167
4207 168
4207 169
4207 170
4207 171
4207 172
4207 173
4207 174
4207 175
4207 176
4207 177
4207 178
4210 182
4210 183
4210 184
4210 185
4210 186
4210 187
4210 188
4210 189
4210 190
4210 191
4210 192
4211 156
4211 157
4211 158
4211 159
4211 160
4211 161
4211 162
4211 163
4211 164
4211 165
4211 166
4211 167
4211 168
4214 171
4214 172
4214 173
4214 174
4214 175
4214 176
4214 177
4214 178
4214 179
4214 180
4214 181
4214 182
4214 183
4214 184
4215 148
4215 149
4215 150
4215 151
4215 152
4215 153
4215 154
4215 155
4215 156
4217 190
4217 191
4217 192
4217 193
4217 194
4217 195
4217 196
4217 197
4218 161
4218 162
4218 163
4218 164
4218 165
4218 166
4218 167
4218 168
4218 169
4218 170
4218 171
4218 172
4218 173
4218 174
4218 175
4221 178
4221 179
4221 180
4221 181
4221 182
4221 183
4221 184
4221 185
4221 186
4221 187
4221 188
4221 189
4222 153
4222 154
4222 155
4222 156
4222 157
4222 158
4222 159
4222 160
4222 161
4222 162
4222 163
4222 164
4225 168
4225 169
4225 170
4225 171
4225 172
4225 173
4225 174
4225 175
4225 176
4225 177
4225 178
4225 179
4225 180
4225 181
4226 146
4226 147
4226 148
4226 149
4226 150
4226 151
4228 185
4228 186
4228 187
4228 188
4228 189
4228 190
4228 191
4228 192
4228 193
4228 194
4228 195
4229 158
4229 159
4229 160
4229 161
4229 162
4229 163
4229 164
4229 165
4229 166
4229 167
4229 168
4229 169
4229 170
4229 171
4232 174
4232 175
4232 176
4232 177
4232 178
4232 179
4232 180
4232 181
4232 182
4232 183
4232 184
4232 185
4232 186
4232 187
4233 150
4233 151
4233 152
4233 153
4233 154
4233 155
4233 156
4233 157
4233 158
4233 159
4233 160
4235 193
4235 194
4235 195
4235 196
4235 197
4235 198
4235 199
4236 164
4236 165
4236 166
4236 167
4236 168
4236 169
4236 170
4236 171
4236 172
4236 173
4236 174
4236 175
4236 176
4236 177
4239 181
4239 182
4239 183
4239 184
4239 185
4239 186
4239 187
4239 188
4239 189
4239 190
4239 191
4239 192
4240 155
4240 156
4240 157
4240 158
4240 159
4240 160
4240 161
4240 162
4240 163
4240 164
4240 165
4240 166
4240 167
4243 170
4243 171
4243 172
4243 173
4243 174
4243 175
4243 176
4243 177
4243 178
4243 179
4243 180
4243 181
4243 182
4243 183
4243 184
4244 148
4244 149
4244 150
4244 151
4244 152
4244 153
4244 154
4244 155
4246 188
4246 189
4246 190
4246 191
4246 192
4246 193
4246 194
4246 195
4246 196
4246 197
4247 160
4247 161
4247 162
4247 163
4247 164
4247 165
4247 166
4247 167
4247 168
4247 169
4247 170
4247 171
4247 172
4247 173
4247 174
4250 177
4250 178
4250 179
4250 180
4250 181
4250 182
4250 183
4250 184
4250 185
4250 186
4250 187
4250 188
4250 189
4251 152
4251 153
4251 154
4251 155
4251 156
4251 157
4251 158
4251 159
4251 160
4251 161
4251 162
4251 163
4253 197
4253 198
4253 199
4253 200
4253 201
4254 167
4254 168
4254 169
4254 170
4254 171
4254 172
4254 173
4254 174
4254 175
4254 176
4254 177
4254 178
4254 179
4254 180
4255 147
4255 148
4255 149
4257 184
4257 185
4257 186
4257 187
4257 188
4257 189
4257 190
4257 191
4257 192
4257 193
4257 194
4257 195
4258 157
4258 158
4258 159
4258 160
4258 161
4258 162
4258 163
4258 164
4258 165
4258 166
4258 167
4258 168
4258 169
4258 170
4261 173
4261 174
4261 175
4261 176
4261 177
4261 178
4261 179
4261 180
4261 181
4261 182
4261 183
4261 184
4261 185
4261 186
4262 149
4262 150
4262 151
4262 152
4262 153
4262 154
4262 155
4262 156
4262 157
4262 158
4262 159
4264 192
4264 193
4264 194
4264 195
4264 196
4264 197
4264 198
4264 199
4265 163
4265 164
4265 165
4265 166
4265 167
4265 168
4265 169
4265 170
4265 171
4265 172
4265 173
4265 174
4265 175
4265 176
4265 177
4268 180
4268 181
4268 182
4268 183
4268 184
4268 185
4268 186
4268 187
4268 188
4268 189
4268 190
4268 191
4268 192
4269 154
4269 155
4269 156
4269 157
4269 158
4269 159
4269 160
4269 161
4269 162
4269 163
4269 164
4269 165
4269 166
4272 169
4272 170
4272 171
4272 172
4272 173
4272 174
4272 175
4272 176
4272 177
4272 178
4272 179
4272 180
4272 181
4272 182
4272 183
4273 147
4273 148
4273 149
4273 150
4273 151
4273 152
4273 153
4273 154
4275 188
4275 189
4275 190
4275 191
4275 192
4275 193
4275 194
4275 195
4275 196
4275 197
4276 160
4276 161
4276 162
4276 163
4276 164
4276 165
4276 166
4276 167
4276 168
4276 169
4276 170
4276 171
4276 172
4276 173
4279 176
4279 177
4279 178
4279 179
4279 180
4279 181
4279 182
4279 183
4279 184
4279 185
4279 186
4279 187
4279 188
4279 189
4280 151
4280 152
4280 153
4280 154
4280 155
4280 156
4280 157
4280 158
4280 159
4280 160
4280 161
4280 162
4282 196
4282 197
4282 198
4282 199
4282 200
4282 201
4283 166
4283 167
4283 168
4283 169
4283 170
4283 171
4283 172
4283 173
4283 174
4283 175
4283 176
4283 177
4283 178
4283 179
4283 180
4286 183
4286 184
4286 185
4286 186
4286 187
4286 188
4286 189
4286 190
4286 191
4286 192
4286 193
4286 194
4287 157
4287 158
4287 159
4287 160
4287 161
4287 162
4287 163
4287 164
4287 165
4287 166
4287 167
4287 168
4287 169
4290 172
4290 173
4290 174
4290 175
4290 176
4290 177
4290 178
4290 179
4290 180
4290 181
4290 182
4290 183
4290 184
4290 185
4290 186
4291 149
4291 150
4291 151
4291 152
4291 153
4291 154
4291 155
4291 156
4291 157
4293 191
4293 192
4293 193
4293 194
4293 195
4293 196
4293 197
4293 198
4293 199
4294 162
4294 163
4294 164
4294 165
4294 166
4294 167
4294 168
4294 169
4294 170
4294 171
4294 172
4294 173
4294 174
4294 175
4294 176
4297 179
4297 180
4297 181
4297 182
4297 183
4297 184
4297 185
4297 186
4297 187
4297 188
4297 189
4297 190
4297 191
4298 154
4298 155
4298 156
4298 157
4298 158
4298 159
4298 160
4298 161
4298 162
4298 163
4298 164
4298 165
4301 169
4301 170
4301 171
4301 172
4301 173
4301 174
4301 175
4301 176
4301 177
4301 178
4301 179
4301 180
4301 181
4301 182
4302 148
4302 149
4302 150
4302 151
4304 187
4304 188
4304 189
4304 190
4304 191
4304 192
4304 193
4304 194
4304 195
4304 196
4305 159
4305 160
4305 161
4305 162
4305 163
4305 164
4305 165
4305 166
4305 167
4305 168
4305 169
4305 170
4305 171
4305 172
4308 176
4308 177
4308 178
4308 179
4308 180
4308 181
4308 182
4308 183
4308 184
4308 185
4308 186
4308 187
4308 188
4309 151
4309 152
4309 153
4309 154
4309 155
4309 156
4309 157
4309 158
4309 159
4309 160
4309 161
4311 196
4311 197
4311 198
4311 199
4311 200
4312 165
4312 166
4312 167
4312 168
4312 169
4312 170
4312 171
4312 172
4312 173
4312 174
4312 175
4312 176
4312 177
4312 178
4312 179
4315 183
4315 184
4315 185
4315 186
4315 187
4315 188
4315 189
4315 190
4315 191
4315 192
4315 193
4315 194
4316 156
4316 157
4316 158
4316 159
4316 160
4316 161
4316 162
4316 163
4316 164
4316 165
4316 166
4316 167
4316 168
4319 172
4319 173
4319 174
4319 175
4319 176
4319 177
4319 178
4319 179
4319 180
4319 181
4319 182
4319 183
4319 184
4319 185
4320 149
4320 150
4320 151
4320 152
4320 153
4320 154
4320 155
4322 191
4322 192
4322 193
4322 194
4322 195
4322 196
4322 197
4322 198
4323 162
4323 163
4323 164
4323 165
4323 166
4323 167
4323 168
4323 169
4323 170
4323 171
4323 172
4323 173
4323 174
4323 175
4326 179
4326 180
4326 181
4326 182
4326 183
4326 184
4326 185
4326 186
4326 187
4326 188
4326 189
4326 190
4326 191
4327 154
4327 155
4327 156
4327 157
4327 158
4327 159
4327 160
4327 161
4327 162
4327 163
4327 164
4330 169
4330 170
4330 171
4330 172
4330 173
4330 174
4330 175
4330 176
4330 177
4330 178
4330 179
4330 180
4330 181
4333 187
4333 188
4333 189
4333 190
4333 191
4333 192
4333 193
4333 194
4333 195
4334 159
4334 160
4334 161
4334 162
4334 163
4334 164
4334 165
4334 166
4334 167
4334 168
4334 169
4334 170
4334 171
4337 176
4337 177
4337 178
4337 179
4337 180
4337 181
4337 182
4337 183
4337 184
4337 185
4337 186
4337 187
4338 151
4338 152
4338 153
4338 154
4338 155
4338 156
4338 157
4338 158
4338 159
4341 165
4341 166
4341 167
4341 168
4341 169
4341 170
4341 171
4341 172
4341 173
4341 174
4341 175
4341 176
4341 177
4341 178
4344 183
4344 184
4344 185
4344 186
4344 187
4344 188
4344 189
4344 190
4344 191
4344 192
4344 193
4345 156
4345 157
4345 158
4345 159
4345 160
4345 161
4345 162
4345 163
4345 164
4345 165
4345 166
4345 167
4348 172
4348 173
4348 174
4348 175
4348 176
4348 177
4348 178
4348 179
4348 180
4348 181
4348 182
4348 183
4348 184
4349 151
4349 152
4351 192
4351 193
4351 194
4351 195
4351 196
4352 162
4352 163
4352 164
4352 165
4352 166
4352 167
4352 168
4352 169
4352 170
4352 171
4352 172
4352 173
4352 174
4355 180
4355 181
4355 182
4355 183
4355 184
4355 185
4355 186
4355 187
4355 188
4355 189
4356 154
4356 155
4356 156
4356 157
4356 158
4356 159
4356 160
4356 161
4356 162
4359 169
4359 170
4359 171
4359 172
4359 173
4359 174
4359 175
4359 176
4359 177
4359 178
4359 179
4359 180
4362 188
4362 189
4362 190
4362 191
4362 192
4362 193
4362 194
4363 159
4363 160
4363 161
4363 162
4363 163
4363 164
4363 165
4363 166
4363 167
4363 168
4363 169
4363 170
4366 176
4366 177
4366 178
4366 179
4366 180
4366 181
4366 182
4366 183
4366 184
4366 185
4366 186
4367 153
4367 154
4367 155
4367 156
4370 165
4370 166
4370 167
4370 168
4370 169
4370 170
4370 171
4370 172
4370 173
4370 174
4370 175
4370 176
4373 184
4373 185
4373 186
4373 187
4373 188
4373 189
4373 190
4373 191
4374 157
4374 158
4374 159
4374 160
4374 161
4374 162
4374 163
4374 164
4374 165
4377 172
4377 173
4377 174
4377 175
4377 176
4377 177
4377 178
4377 179
4377 180
4377 181
4377 182
4381 162
4381 163
4381 164
4381 165
4381 166
4381 167
4381 168
4381 169
4381 170
4381 171
4381 172
