1788 124
1788 125
1788 126
1789 122
1789 123
1789 124
1789 125
1790 120
1790 121
1790 122
1790 123
1790 124
1791 118
1791 119
1791 120
1791 121
1791 122
1791 123
1792 117
1792 118
1792 119
1792 120
1792 121
1792 122
1793 115
1793 116
1793 117
1793 118
1793 119
1793 120
1794 114
1794 115
1794 116
1794 117
1794 118
1794 119
1795 112
1795 113
1795 114
1795 115
1795 116
1795 117
1795 118
1796 111
1796 112
1796 113
1796 114
1796 115
1796 116
1797 109
1797 110
1797 111
1797 112
1797 113
1797 114
1797 115
1798 108
1798 109
1798 110
1798 111
1798 112
1798 113
1799 107
1799 108
1799 109
1799 110
1799 111
1799 112
1800 106
1800 107
1800 108
1800 109
1800 110
1801 105
1801 106
1801 107
1801 108
1802 104
1802 105
1802 106
1803 103
1803 104
1860 127
1860 128
1860 129
1861 125
1861 126
1861 127
1861 128
1862 123
1862 124
1862 125
1862 126
1862 127
1863 122
1863 123
1863 124
1863 125
1863 126
1864 120
1864 121
1864 122
1864 123
1864 124
1864 125
1865 118
1865 119
1865 120
1865 121
1865 122
1865 123
1865 124
1866 117
1866 118
1866 119
1866 120
1866 121
1866 122
1867 115
1867 116
1867 117
1867 118
1867 119
1867 120
1867 121
1868 114
1868 115
1868 116
1868 117
1868 118
1868 119
1869 113
1869 114
1869 115
1869 116
1869 117
1869 118
1870 111
1870 112
1870 113
1870 114
1870 115
1870 116
1870 117
1871 110
1871 111
1871 112
1871 113
1871 114
1871 115
1872 109
1872 110
1872 111
1872 112
1872 113
1872 114
1873 107
1873 108
1873 109
1873 110
1873 111
1873 112
1874 106
1874 107
1874 108
1874 109
1874 110
1875 105
1875 106
1875 107
1875 108
1876 105
1876 106
