2927 251
2933 259
2940 248
2940 249
2940 250
2940 251
2946 255
2946 256
2946 257
2946 258
2946 259
2946 260
2953 246
2953 247
2953 248
2953 249
2959 253
2959 254
2959 255
2959 256
2959 257
2959 258
2959 259
2965 262
2965 263
2965 264
2965 265
2965 266
2966 245
2966 246
2966 247
2972 251
2972 252
2972 253
2972 254
2972 255
2972 256
2972 257
2972 258
2978 260
2978 261
2978 262
2978 263
2978 264
2978 265
2978 266
2985 250
2985 251
2985 252
2985 253
2985 254
2985 255
2985 256
2991 258
2991 259
2991 260
2991 261
2991 262
2991 263
2991 264
2997 267
2997 268
2997 269
2997 270
2997 271
2998 249
2998 250
2998 251
2998 252
2998 253
3004 256
3004 257
3004 258
3004 259
3004 260
3004 261
3004 262
3004 263
3010 265
3010 266
3010 267
3010 268
3010 269
3010 270
3017 255
3017 256
3017 257
3017 258
3017 259
3017 260
3023 264
3023 265
3023 266
3023 267
3023 268
3030 255
3030 256
3030 257
3036 263
3036 264
3036 265
3036 266
3409 303
3409 304
3409 305
3415 309
3415 310
3415 311
3415 312
3415 313
3422 301
3422 302
3422 303
3422 304
3422 305
3422 306
3428 307
3428 308
3428 309
3428 310
3428 311
3428 312
3428 313
3434 314
3434 315
3434 316
3434 317
3434 318
3434 319
3435 299
3435 300
3435 301
3435 302
3435 303
3435 304
3435 305
3435 306
3441 305
3441 306
3441 307
3441 308
3441 309
3441 310
3441 311
3441 312
3441 313
3442 294
3442 295
3442 296
3447 312
3447 313
3447 314
3447 315
3447 316
3447 317
3447 318
3447 319
3448 297
3448 298
3448 299
3448 300
3448 301
3448 302
3448 303
3448 304
3448 305
3454 303
3454 304
3454 305
3454 306
3454 307
3454 308
3454 309
3454 310
3454 311
3454 312
3454 313
3455 292
3455 293
3455 294
3455 295
3455 296
3460 310
3460 311
3460 312
3460 313
3460 314
3460 315
3460 316
3460 317
3460 318
3460 319
3461 296
3461 297
3461 298
3461 299
3461 300
3461 301
3461 302
3461 303
3461 304
3461 305
3466 318
3466 319
3466 320
3466 321
3466 322
3466 323
3467 301
3467 302
3467 303
3467 304
3467 305
3467 306
3467 307
3467 308
3467 309
3467 310
3467 311
3467 312
3468 290
3468 291
3468 292
3468 293
3468 294
3468 295
3468 296
3473 308
3473 309
3473 310
3473 311
3473 312
3473 313
3473 314
3473 315
3473 316
3473 317
3473 318
3474 294
3474 295
3474 296
3474 297
3474 298
3474 299
3474 300
3474 301
3474 302
3474 303
3474 304
3479 316
3479 317
3479 318
3479 319
3479 320
3479 321
3479 322
3479 323
3480 300
3480 301
3480 302
3480 303
3480 304
3480 305
3480 306
3480 307
3480 308
3480 309
3480 310
3480 311
3481 288
3481 289
3481 290
3481 291
3481 292
3481 293
3481 294
3481 295
3486 306
3486 307
3486 308
3486 309
3486 310
3486 311
3486 312
3486 313
3486 314
3486 315
3486 316
3486 317
3486 318
3487 293
3487 294
3487 295
3487 296
3487 297
3487 298
3487 299
3487 300
3487 301
3487 302
3487 303
3487 304
3492 314
3492 315
3492 316
3492 317
3492 318
3492 319
3492 320
3492 321
3492 322
3492 323
3493 298
3493 299
3493 300
3493 301
3493 302
3493 303
3493 304
3493 305
3493 306
3493 307
3493 308
3493 309
3493 310
3493 311
3494 287
3494 288
3494 289
3494 290
3494 291
3494 292
3494 293
3494 294
3498 324
3498 325
3499 305
3499 306
3499 307
3499 308
3499 309
3499 310
3499 311
3499 312
3499 313
3499 314
3499 315
3499 316
3499 317
3500 291
3500 292
3500 293
3500 294
3500 295
3500 296
3500 297
3500 298
3500 299
3500 300
3500 301
3500 302
3500 303
3505 312
3505 313
3505 314
3505 315
3505 316
3505 317
3505 318
3505 319
3505 320
3505 321
3505 322
3506 297
3506 298
3506 299
3506 300
3506 301
3506 302
3506 303
3506 304
3506 305
3506 306
3506 307
3506 308
3506 309
3506 310
3507 285
3507 286
3507 287
3507 288
3507 289
3507 290
3507 291
3507 292
3507 293
3507 294
3511 321
3511 322
3511 323
3511 324
3511 325
3511 326
3512 303
3512 304
3512 305
3512 306
3512 307
3512 308
3512 309
3512 310
3512 311
3512 312
3512 313
3512 314
3512 315
3512 316
3513 290
3513 291
3513 292
3513 293
3513 294
3513 295
3513 296
3513 297
3513 298
3513 299
3513 300
3513 301
3513 302
3518 310
3518 311
3518 312
3518 313
3518 314
3518 315
3518 316
3518 317
3518 318
3518 319
3518 320
3518 321
3518 322
3519 295
3519 296
3519 297
3519 298
3519 299
3519 300
3519 301
3519 302
3519 303
3519 304
3519 305
3519 306
3519 307
3519 308
3519 309
3520 284
3520 285
3520 286
3520 287
3520 288
3520 289
3520 290
3520 291
3520 292
3520 293
3524 319
3524 320
3524 321
3524 322
3524 323
3524 324
3524 325
3524 326
3525 302
3525 303
3525 304
3525 305
3525 306
3525 307
3525 308
3525 309
3525 310
3525 311
3525 312
3525 313
3525 314
3525 315
3526 288
3526 289
3526 290
3526 291
3526 292
3526 293
3526 294
3526 295
3526 296
3526 297
3526 298
3526 299
3526 300
3526 301
3531 309
3531 310
3531 311
3531 312
3531 313
3531 314
3531 315
3531 316
3531 317
3531 318
3531 319
3531 320
3531 321
3532 294
3532 295
3532 296
3532 297
3532 298
3532 299
3532 300
3532 301
3532 302
3532 303
3532 304
3532 305
3532 306
3532 307
3532 308
3533 282
3533 283
3533 284
3533 285
3533 286
3533 287
3533 288
3533 289
3533 290
3533 291
3533 292
3537 317
3537 318
3537 319
3537 320
3537 321
3537 322
3537 323
3537 324
3537 325
3537 326
3538 300
3538 301
3538 302
3538 303
3538 304
3538 305
3538 306
3538 307
3538 308
3538 309
3538 310
3538 311
3538 312
3538 313
3538 314
3539 287
3539 288
3539 289
3539 290
3539 291
3539 292
3539 293
3539 294
3539 295
3539 296
3539 297
3539 298
3539 299
3539 300
3544 307
3544 308
3544 309
3544 310
3544 311
3544 312
3544 313
3544 314
3544 315
3544 316
3544 317
3544 318
3544 319
3544 320
3545 292
3545 293
3545 294
3545 295
3545 296
3545 297
3545 298
3545 299
3545 300
3545 301
3545 302
3545 303
3545 304
3545 305
3545 306
3545 307
3546 281
3546 282
3546 283
3546 284
3546 285
3546 286
3546 287
3546 288
3546 289
3546 290
3546 291
3550 315
3550 316
3550 317
3550 318
3550 319
3550 320
3550 321
3550 322
3550 323
3550 324
3550 325
3551 299
3551 300
3551 301
3551 302
3551 303
3551 304
3551 305
3551 306
3551 307
3551 308
3551 309
3551 310
3551 311
3551 312
3551 313
3551 314
3552 285
3552 286
3552 287
3552 288
3552 289
3552 290
3552 291
3552 292
3552 293
3552 294
3552 295
3552 296
3552 297
3552 298
3552 299
3556 325
3556 326
3556 327
3557 305
3557 306
3557 307
3557 308
3557 309
3557 310
3557 311
3557 312
3557 313
3557 314
3557 315
3557 316
3557 317
3557 318
3557 319
3558 291
3558 292
3558 293
3558 294
3558 295
3558 296
3558 297
3558 298
3558 299
3558 300
3558 301
3558 302
3558 303
3558 304
3558 305
3558 306
3559 280
3559 281
3559 282
3559 283
3559 284
3559 285
3559 286
3559 287
3559 288
3559 289
3559 290
3563 313
3563 314
3563 315
3563 316
3563 317
3563 318
3563 319
3563 320
3563 321
3563 322
3563 323
3563 324
3564 297
3564 298
3564 299
3564 300
3564 301
3564 302
3564 303
3564 304
3564 305
3564 306
3564 307
3564 308
3564 309
3564 310
3564 311
3564 312
3565 284
3565 285
3565 286
3565 287
3565 288
3565 289
3565 290
3565 291
3565 292
3565 293
3565 294
3565 295
3565 296
3565 297
3565 298
3569 322
3569 323
3569 324
3569 325
3569 326
3569 327
3569 328
3570 304
3570 305
3570 306
3570 307
3570 308
3570 309
3570 310
3570 311
3570 312
3570 313
3570 314
3570 315
3570 316
3570 317
3570 318
3571 290
3571 291
3571 292
3571 293
3571 294
3571 295
3571 296
3571 297
3571 298
3571 299
3571 300
3571 301
3571 302
3571 303
3571 304
3571 305
3572 279
3572 280
3572 281
3572 282
3572 283
3572 284
3572 285
3572 286
3572 287
3572 288
3572 289
3576 311
3576 312
3576 313
3576 314
3576 315
3576 316
3576 317
3576 318
3576 319
3576 320
3576 321
3576 322
3576 323
3577 296
3577 297
3577 298
3577 299
3577 300
3577 301
3577 302
3577 303
3577 304
3577 305
3577 306
3577 307
3577 308
3577 309
3577 310
3577 311
3578 283
3578 284
3578 285
3578 286
3578 287
3578 288
3578 289
3578 290
3578 291
3578 292
3578 293
3578 294
3578 295
3578 296
3578 297
3582 320
3582 321
3582 322
3582 323
3582 324
3582 325
3582 326
3582 327
3583 302
3583 303
3583 304
3583 305
3583 306
3583 307
3583 308
3583 309
3583 310
3583 311
3583 312
3583 313
3583 314
3583 315
3583 316
3583 317
3584 288
3584 289
3584 290
3584 291
3584 292
3584 293
3584 294
3584 295
3584 296
3584 297
3584 298
3584 299
3584 300
3584 301
3584 302
3584 303
3584 304
3585 277
3585 278
3585 279
3585 280
3585 281
3585 282
3585 283
3585 284
3585 285
3585 286
3585 287
3589 310
3589 311
3589 312
3589 313
3589 314
3589 315
3589 316
3589 317
3589 318
3589 319
3589 320
3589 321
3589 322
3590 294
3590 295
3590 296
3590 297
3590 298
3590 299
3590 300
3590 301
3590 302
3590 303
3590 304
3590 305
3590 306
3590 307
3590 308
3590 309
3590 310
3591 282
3591 283
3591 284
3591 285
3591 286
3591 287
3591 288
3591 289
3591 290
3591 291
3591 292
3591 293
3591 294
3591 295
3595 318
3595 319
3595 320
3595 321
3595 322
3595 323
3595 324
3595 325
3595 326
3596 301
3596 302
3596 303
3596 304
3596 305
3596 306
3596 307
3596 308
3596 309
3596 310
3596 311
3596 312
3596 313
3596 314
3596 315
3596 316
3597 287
3597 288
3597 289
3597 290
3597 291
3597 292
3597 293
3597 294
3597 295
3597 296
3597 297
3597 298
3597 299
3597 300
3597 301
3597 302
3597 303
3598 276
3598 277
3598 278
3598 279
3598 280
3598 281
3598 282
3598 283
3598 284
3598 285
3598 286
3602 308
3602 309
3602 310
3602 311
3602 312
3602 313
3602 314
3602 315
3602 316
3602 317
3602 318
3602 319
3602 320
3602 321
3603 293
3603 294
3603 295
3603 296
3603 297
3603 298
3603 299
3603 300
3603 301
3603 302
3603 303
3603 304
3603 305
3603 306
3603 307
3603 308
3603 309
3604 280
3604 281
3604 282
3604 283
3604 284
3604 285
3604 286
3604 287
3604 288
3604 289
3604 290
3604 291
3604 292
3604 293
3604 294
3608 316
3608 317
3608 318
3608 319
3608 320
3608 321
3608 322
3608 323
3608 324
3608 325
3608 326
3609 300
3609 301
3609 302
3609 303
3609 304
3609 305
3609 306
3609 307
3609 308
3609 309
3609 310
3609 311
3609 312
3609 313
3609 314
3609 315
3610 286
3610 287
3610 288
3610 289
3610 290
3610 291
3610 292
3610 293
3610 294
3610 295
3610 296
3610 297
3610 298
3610 299
3610 300
3610 301
3611 275
3611 276
3611 277
3611 278
3611 279
3611 280
3611 281
3611 282
3611 283
3611 284
3615 307
3615 308
3615 309
3615 310
3615 311
3615 312
3615 313
3615 314
3615 315
3615 316
3615 317
3615 318
3615 319
3615 320
3616 292
3616 293
3616 294
3616 295
3616 296
3616 297
3616 298
3616 299
3616 300
3616 301
3616 302
3616 303
3616 304
3616 305
3616 306
3616 307
3616 308
3617 279
3617 280
3617 281
3617 282
3617 283
3617 284
3617 285
3617 286
3617 287
3617 288
3617 289
3617 290
3617 291
3617 292
3617 293
3621 315
3621 316
3621 317
3621 318
3621 319
3621 320
3621 321
3621 322
3621 323
3621 324
3621 325
3622 298
3622 299
3622 300
3622 301
3622 302
3622 303
3622 304
3622 305
3622 306
3622 307
3622 308
3622 309
3622 310
3622 311
3622 312
3622 313
3622 314
3623 285
3623 286
3623 287
3623 288
3623 289
3623 290
3623 291
3623 292
3623 293
3623 294
3623 295
3623 296
3623 297
3623 298
3623 299
3623 300
3624 275
3624 276
3624 277
3624 278
3624 279
3624 280
3624 281
3624 282
3624 283
3627 326
3628 305
3628 306
3628 307
3628 308
3628 309
3628 310
3628 311
3628 312
3628 313
3628 314
3628 315
3628 316
3628 317
3628 318
3628 319
3629 290
3629 291
3629 292
3629 293
3629 294
3629 295
3629 296
3629 297
3629 298
3629 299
3629 300
3629 301
3629 302
3629 303
3629 304
3629 305
3629 306
3629 307
3630 278
3630 279
3630 280
3630 281
3630 282
3630 283
3630 284
3630 285
3630 286
3630 287
3630 288
3630 289
3630 290
3630 291
3634 313
3634 314
3634 315
3634 316
3634 317
3634 318
3634 319
3634 320
3634 321
3634 322
3634 323
3634 324
3635 297
3635 298
3635 299
3635 300
3635 301
3635 302
3635 303
3635 304
3635 305
3635 306
3635 307
3635 308
3635 309
3635 310
3635 311
3635 312
3635 313
3636 283
3636 284
3636 285
3636 286
3636 287
3636 288
3636 289
3636 290
3636 291
3636 292
3636 293
3636 294
3636 295
3636 296
3636 297
3636 298
3637 274
3637 275
3637 276
3637 277
3637 278
3637 279
3637 280
3637 281
3640 323
3640 324
3640 325
3640 326
3641 304
3641 305
3641 306
3641 307
3641 308
3641 309
3641 310
3641 311
3641 312
3641 313
3641 314
3641 315
3641 316
3641 317
3641 318
3642 289
3642 290
3642 291
3642 292
3642 293
3642 294
3642 295
3642 296
3642 297
3642 298
3642 299
3642 300
3642 301
3642 302
3642 303
3642 304
3642 305
3643 277
3643 278
3643 279
3643 280
3643 281
3643 282
3643 283
3643 284
3643 285
3643 286
3643 287
3643 288
3643 289
3643 290
3647 311
3647 312
3647 313
3647 314
3647 315
3647 316
3647 317
3647 318
3647 319
3647 320
3647 321
3647 322
3647 323
3648 295
3648 296
3648 297
3648 298
3648 299
3648 300
3648 301
3648 302
3648 303
3648 304
3648 305
3648 306
3648 307
3648 308
3648 309
3648 310
3648 311
3649 282
3649 283
3649 284
3649 285
3649 286
3649 287
3649 288
3649 289
3649 290
3649 291
3649 292
3649 293
3649 294
3649 295
3649 296
3649 297
3650 273
3650 274
3650 275
3650 276
3650 277
3650 278
3650 279
3653 321
3653 322
3653 323
3653 324
3653 325
3653 326
3654 302
3654 303
3654 304
3654 305
3654 306
3654 307
3654 308
3654 309
3654 310
3654 311
3654 312
3654 313
3654 314
3654 315
3654 316
3654 317
3655 288
3655 289
3655 290
3655 291
3655 292
3655 293
3655 294
3655 295
3655 296
3655 297
3655 298
3655 299
3655 300
3655 301
3655 302
3655 303
3655 304
3656 277
3656 278
3656 279
3656 280
3656 281
3656 282
3656 283
3656 284
3656 285
3656 286
3656 287
3656 288
3660 310
3660 311
3660 312
3660 313
3660 314
3660 315
3660 316
3660 317
3660 318
3660 319
3660 320
3660 321
3660 322
3661 294
3661 295
3661 296
3661 297
3661 298
3661 299
3661 300
3661 301
3661 302
3661 303
3661 304
3661 305
3661 306
3661 307
3661 308
3661 309
3661 310
3662 281
3662 282
3662 283
3662 284
3662 285
3662 286
3662 287
3662 288
3662 289
3662 290
3662 291
3662 292
3662 293
3662 294
3662 295
3663 274
3663 275
3663 276
3666 319
3666 320
3666 321
3666 322
3666 323
3666 324
3666 325
3667 301
3667 302
3667 303
3667 304
3667 305
3667 306
3667 307
3667 308
3667 309
3667 310
3667 311
3667 312
3667 313
3667 314
3667 315
3668 287
3668 288
3668 289
3668 290
3668 291
3668 292
3668 293
3668 294
3668 295
3668 296
3668 297
3668 298
3668 299
3668 300
3668 301
3668 302
3669 276
3669 277
3669 278
3669 279
3669 280
3669 281
3669 282
3669 283
3669 284
3669 285
3669 286
3673 309
3673 310
3673 311
3673 312
3673 313
3673 314
3673 315
3673 316
3673 317
3673 318
3673 319
3673 320
3674 293
3674 294
3674 295
3674 296
3674 297
3674 298
3674 299
3674 300
3674 301
3674 302
3674 303
3674 304
3674 305
3674 306
3674 307
3674 308
3675 280
3675 281
3675 282
3675 283
3675 284
3675 285
3675 286
3675 287
3675 288
3675 289
3675 290
3675 291
3675 292
3675 293
3675 294
3679 317
3679 318
3679 319
3679 320
3679 321
3679 322
3679 323
3679 324
3680 300
3680 301
3680 302
3680 303
3680 304
3680 305
3680 306
3680 307
3680 308
3680 309
3680 310
3680 311
3680 312
3680 313
3680 314
3681 286
3681 287
3681 288
3681 289
3681 290
3681 291
3681 292
3681 293
3681 294
3681 295
3681 296
3681 297
3681 298
3681 299
3681 300
3681 301
3682 275
3682 276
3682 277
3682 278
3682 279
3682 280
3682 281
3682 282
3682 283
3682 284
3686 307
3686 308
3686 309
3686 310
3686 311
3686 312
3686 313
3686 314
3686 315
3686 316
3686 317
3686 318
3686 319
3687 292
3687 293
3687 294
3687 295
3687 296
3687 297
3687 298
3687 299
3687 300
3687 301
3687 302
3687 303
3687 304
3687 305
3687 306
3687 307
3688 280
3688 281
3688 282
3688 283
3688 284
3688 285
3688 286
3688 287
3688 288
3688 289
3688 290
3688 291
3688 292
3692 316
3692 317
3692 318
3692 319
3692 320
3692 321
3692 322
3693 299
3693 300
3693 301
3693 302
3693 303
3693 304
3693 305
3693 306
3693 307
3693 308
3693 309
3693 310
3693 311
3693 312
3693 313
3694 285
3694 286
3694 287
3694 288
3694 289
3694 290
3694 291
3694 292
3694 293
3694 294
3694 295
3694 296
3694 297
3694 298
3694 299
3695 275
3695 276
3695 277
3695 278
3695 279
3695 280
3695 281
3695 282
3699 306
3699 307
3699 308
3699 309
3699 310
3699 311
3699 312
3699 313
3699 314
3699 315
3699 316
3699 317
3699 318
3700 291
3700 292
3700 293
3700 294
3700 295
3700 296
3700 297
3700 298
3700 299
3700 300
3700 301
3700 302
3700 303
3700 304
3700 305
3701 279
3701 280
3701 281
3701 282
3701 283
3701 284
3701 285
3701 286
3701 287
3701 288
3701 289
3701 290
3705 315
3705 316
3705 317
3705 318
3705 319
3705 320
3705 321
3706 297
3706 298
3706 299
3706 300
3706 301
3706 302
3706 303
3706 304
3706 305
3706 306
3706 307
3706 308
3706 309
3706 310
3706 311
3707 284
3707 285
3707 286
3707 287
3707 288
3707 289
3707 290
3707 291
3707 292
3707 293
3707 294
3707 295
3707 296
3707 297
3708 276
3708 277
3708 278
3712 305
3712 306
3712 307
3712 308
3712 309
3712 310
3712 311
3712 312
3712 313
3712 314
3712 315
3712 316
3713 290
3713 291
3713 292
3713 293
3713 294
3713 295
3713 296
3713 297
3713 298
3713 299
3713 300
3713 301
3713 302
3713 303
3714 278
3714 279
3714 280
3714 281
3714 282
3714 283
3714 284
3714 285
3714 286
3714 287
3714 288
3718 313
3718 314
3718 315
3718 316
3718 317
3718 318
3718 319
3718 320
3719 296
3719 297
3719 298
3719 299
3719 300
3719 301
3719 302
3719 303
3719 304
3719 305
3719 306
3719 307
3719 308
3719 309
3720 283
3720 284
3720 285
3720 286
3720 287
3720 288
3720 289
3720 290
3720 291
3720 292
3720 293
3720 294
3720 295
3725 304
3725 305
3725 306
3725 307
3725 308
3725 309
3725 310
3725 311
3725 312
3725 313
3725 314
3726 289
3726 290
3726 291
3726 292
3726 293
3726 294
3726 295
3726 296
3726 297
3726 298
3726 299
3726 300
3726 301
3727 278
3727 279
3727 280
3727 281
3727 282
3727 283
3727 284
3727 285
3731 312
3731 313
3731 314
3731 315
3731 316
3731 317
3731 318
3732 295
3732 296
3732 297
3732 298
3732 299
3732 300
3732 301
3732 302
3732 303
3732 304
3732 305
3732 306
3732 307
3733 283
3733 284
3733 285
3733 286
3733 287
3733 288
3733 289
3733 290
3733 291
3733 292
3733 293
3738 303
3738 304
3738 305
3738 306
3738 307
3738 308
3738 309
3738 310
3738 311
3738 312
3739 288
3739 289
3739 290
3739 291
3739 292
3739 293
3739 294
3739 295
3739 296
3739 297
3739 298
3739 299
3740 280
3740 281
3744 311
3744 312
3744 313
3744 314
3744 315
3744 316
3745 295
3745 296
3745 297
3745 298
3745 299
3745 300
3745 301
3745 302
3745 303
3745 304
3745 305
3746 283
3746 284
3746 285
3746 286
3746 287
3746 288
3746 289
3746 290
3751 302
3751 303
3751 304
3751 305
3751 306
3751 307
3751 308
3751 309
3751 310
3752 288
3752 289
3752 290
3752 291
3752 292
3752 293
3752 294
3752 295
3752 296
3752 297
3757 311
3757 312
3757 313
3758 294
3758 295
3758 296
3758 297
3758 298
3758 299
3758 300
3758 301
3758 302
3758 303
3759 284
3759 285
3759 286
3759 287
3764 301
3764 302
3764 303
3764 304
3764 305
3764 306
3764 307
3764 308
3765 288
3765 289
3765 290
3765 291
3765 292
3765 293
3765 294
3771 294
3771 295
3771 296
3771 297
3771 298
3771 299
3771 300
3777 302
3777 303
3777 304
3777 305
3784 296
