212 116
212 117
214 116
214 117
214 118
216 117
216 118
216 119
218 117
218 118
218 119
218 120
220 117
220 118
220 119
220 120
222 118
222 119
222 120
222 121
224 118
224 119
224 120
224 121
224 122
226 118
226 119
226 120
226 121
226 122
226 123
228 119
228 120
228 121
228 122
228 123
230 119
230 120
230 121
230 122
230 123
230 124
232 120
232 121
232 122
232 123
232 124
232 125
234 120
234 121
234 122
234 123
234 124
234 125
236 121
236 122
236 123
236 124
236 125
236 126
238 121
238 122
238 123
238 124
238 125
238 126
238 127
240 122
240 123
240 124
240 125
240 126
240 127
242 122
242 123
242 124
242 125
242 126
242 127
242 128
244 123
244 124
244 125
244 126
244 127
244 128
246 123
246 124
246 125
246 126
246 127
246 128
246 129
248 124
248 125
248 126
248 127
248 128
248 129
248 130
250 124
250 125
250 126
250 127
250 128
250 129
250 130
252 125
252 126
252 127
252 128
252 129
252 130
252 131
254 125
254 126
254 127
254 128
254 129
254 130
254 131
256 126
256 127
256 128
256 129
256 130
256 131
256 132
258 126
258 127
258 128
258 129
258 130
258 131
258 132
260 127
260 128
260 129
260 130
260 131
260 132
260 133
262 128
262 129
262 130
262 131
262 132
262 133
262 134
264 128
264 129
264 130
264 131
264 132
264 133
264 134
266 129
266 130
266 131
266 132
266 133
266 134
266 135
268 129
268 130
268 131
268 132
268 133
268 134
268 135
270 130
270 131
270 132
270 133
270 134
270 135
270 136
272 130
272 131
272 132
272 133
272 134
272 135
272 136
274 131
274 132
274 133
274 134
274 135
274 136
274 137
276 131
276 132
276 133
276 134
276 135
276 136
276 137
278 132
278 133
278 134
278 135
278 136
278 137
278 138
280 133
280 134
280 135
280 136
280 137
280 138
282 133
282 134
282 135
282 136
282 137
282 138
282 139
284 134
284 135
284 136
284 137
284 138
284 139
286 134
286 135
286 136
286 137
286 138
286 139
286 140
288 135
288 136
288 137
288 138
288 139
288 140
290 136
290 137
290 138
290 139
290 140
290 141
292 136
292 137
292 138
292 139
292 140
292 141
294 137
294 138
294 139
294 140
294 141
296 137
296 138
296 139
296 140
296 141
296 142
298 138
298 139
298 140
298 141
298 142
300 139
300 140
300 141
300 142
300 143
302 139
302 140
302 141
302 142
302 143
304 140
304 141
304 142
304 143
306 141
306 142
306 143
306 144
308 142
308 143
308 144
310 142
310 143
310 144
312 143
312 144
314 144
3729 143
3731 142
3731 143
3731 144
3733 142
3733 143
3733 144
3733 145
3735 142
3735 143
3735 144
3735 145
3735 146
3737 143
3737 144
3737 145
3737 146
3737 147
3739 143
3739 144
3739 145
3739 146
3739 147
3739 148
3741 143
3741 144
3741 145
3741 146
3741 147
3741 148
3741 149
3743 143
3743 144
3743 145
3743 146
3743 147
3743 148
3743 149
3745 144
3745 145
3745 146
3745 147
3745 148
3745 149
3745 150
3747 144
3747 145
3747 146
3747 147
3747 148
3747 149
3747 150
3747 151
3749 144
3749 145
3749 146
3749 147
3749 148
3749 149
3749 150
3749 151
3749 152
3751 145
3751 146
3751 147
3751 148
3751 149
3751 150
3751 151
3751 152
3753 145
3753 146
3753 147
3753 148
3753 149
3753 150
3753 151
3753 152
3753 153
3755 146
3755 147
3755 148
3755 149
3755 150
3755 151
3755 152
3755 153
3755 154
3757 146
3757 147
3757 148
3757 149
3757 150
3757 151
3757 152
3757 153
3757 154
3759 146
3759 147
3759 148
3759 149
3759 150
3759 151
3759 152
3759 153
3759 154
3759 155
3761 147
3761 148
3761 149
3761 150
3761 151
3761 152
3761 153
3761 154
3761 155
3763 147
3763 148
3763 149
3763 150
3763 151
3763 152
3763 153
3763 154
3763 155
3763 156
3765 148
3765 149
3765 150
3765 151
3765 152
3765 153
3765 154
3765 155
3765 156
3765 157
3767 148
3767 149
3767 150
3767 151
3767 152
3767 153
3767 154
3767 155
3767 156
3767 157
3769 149
3769 150
3769 151
3769 152
3769 153
3769 154
3769 155
3769 156
3769 157
3769 158
3771 149
3771 150
3771 151
3771 152
3771 153
3771 154
3771 155
3771 156
3771 157
3771 158
3773 150
3773 151
3773 152
3773 153
3773 154
3773 155
3773 156
3773 157
3773 158
3773 159
3775 150
3775 151
3775 152
3775 153
3775 154
3775 155
3775 156
3775 157
3775 158
3775 159
3777 150
3777 151
3777 152
3777 153
3777 154
3777 155
3777 156
3777 157
3777 158
3777 159
3777 160
3779 151
3779 152
3779 153
3779 154
3779 155
3779 156
3779 157
3779 158
3779 159
3779 160
3781 152
3781 153
3781 154
3781 155
3781 156
3781 157
3781 158
3781 159
3781 160
3781 161
3783 152
3783 153
3783 154
3783 155
3783 156
3783 157
3783 158
3783 159
3783 160
3783 161
3785 153
3785 154
3785 155
3785 156
3785 157
3785 158
3785 159
3785 160
3785 161
3785 162
3787 153
3787 154
3787 155
3787 156
3787 157
3787 158
3787 159
3787 160
3787 161
3787 162
3789 154
3789 155
3789 156
3789 157
3789 158
3789 159
3789 160
3789 161
3789 162
3789 163
3791 154
3791 155
3791 156
3791 157
3791 158
3791 159
3791 160
3791 161
3791 162
3791 163
3793 155
3793 156
3793 157
3793 158
3793 159
3793 160
3793 161
3793 162
3793 163
3793 164
3795 155
3795 156
3795 157
3795 158
3795 159
3795 160
3795 161
3795 162
3795 163
3795 164
3797 156
3797 157
3797 158
3797 159
3797 160
3797 161
3797 162
3797 163
3797 164
3797 165
3799 156
3799 157
3799 158
3799 159
3799 160
3799 161
3799 162
3799 163
3799 164
3799 165
3801 157
3801 158
3801 159
3801 160
3801 161
3801 162
3801 163
3801 164
3801 165
3801 166
3803 158
3803 159
3803 160
3803 161
3803 162
3803 163
3803 164
3803 165
3803 166
3805 158
3805 159
3805 160
3805 161
3805 162
3805 163
3805 164
3805 165
3805 166
3807 159
3807 160
3807 161
3807 162
3807 163
3807 164
3807 165
3807 166
3807 167
3809 159
3809 160
3809 161
3809 162
3809 163
3809 164
3809 165
3809 166
3809 167
3811 160
3811 161
3811 162
3811 163
3811 164
3811 165
3811 166
3811 167
3811 168
3813 161
3813 162
3813 163
3813 164
3813 165
3813 166
3813 167
3813 168
3815 161
3815 162
3815 163
3815 164
3815 165
3815 166
3815 167
3815 168
3817 162
3817 163
3817 164
3817 165
3817 166
3817 167
3817 168
3817 169
3819 163
3819 164
3819 165
3819 166
3819 167
3819 168
3819 169
3821 164
3821 165
3821 166
3821 167
3821 168
3821 169
3823 164
3823 165
3823 166
3823 167
3823 168
3823 169
3825 165
3825 166
3825 167
3825 168
3825 169
3825 170
3827 166
3827 167
3827 168
3827 169
3827 170
3829 167
3829 168
3829 169
3829 170
3831 168
3831 169
3832 122
3832 123
3834 121
3834 122
3834 123
3834 124
3834 125
3836 121
3836 122
3836 123
3836 124
3836 125
3836 126
3838 122
3838 123
3838 124
3838 125
3838 126
3840 122
3840 123
3840 124
3840 125
3840 126
3840 127
3842 122
3842 123
3842 124
3842 125
3842 126
3842 127
3842 128
3844 122
3844 123
3844 124
3844 125
3844 126
3844 127
3844 128
3844 129
3846 122
3846 123
3846 124
3846 125
3846 126
3846 127
3846 128
3846 129
3846 130
3848 123
3848 124
3848 125
3848 126
3848 127
3848 128
3848 129
3848 130
3850 123
3850 124
3850 125
3850 126
3850 127
3850 128
3850 129
3850 130
3850 131
3852 123
3852 124
3852 125
3852 126
3852 127
3852 128
3852 129
3852 130
3852 131
3852 132
3854 123
3854 124
3854 125
3854 126
3854 127
3854 128
3854 129
3854 130
3854 131
3854 132
3856 124
3856 125
3856 126
3856 127
3856 128
3856 129
3856 130
3856 131
3856 132
3856 133
3858 124
3858 125
3858 126
3858 127
3858 128
3858 129
3858 130
3858 131
3858 132
3858 133
3858 134
3860 124
3860 125
3860 126
3860 127
3860 128
3860 129
3860 130
3860 131
3860 132
3860 133
3860 134
3862 125
3862 126
3862 127
3862 128
3862 129
3862 130
3862 131
3862 132
3862 133
3862 134
3862 135
3864 125
3864 126
3864 127
3864 128
3864 129
3864 130
3864 131
3864 132
3864 133
3864 134
3864 135
3864 136
3866 125
3866 126
3866 127
3866 128
3866 129
3866 130
3866 131
3866 132
3866 133
3866 134
3866 135
3866 136
3868 126
3868 127
3868 128
3868 129
3868 130
3868 131
3868 132
3868 133
3868 134
3868 135
3868 136
3868 137
3870 126
3870 127
3870 128
3870 129
3870 130
3870 131
3870 132
3870 133
3870 134
3870 135
3870 136
3870 137
3872 126
3872 127
3872 128
3872 129
3872 130
3872 131
3872 132
3872 133
3872 134
3872 135
3872 136
3872 137
3872 138
3874 127
3874 128
3874 129
3874 130
3874 131
3874 132
3874 133
3874 134
3874 135
3874 136
3874 137
3874 138
3874 139
3876 127
3876 128
3876 129
3876 130
3876 131
3876 132
3876 133
3876 134
3876 135
3876 136
3876 137
3876 138
3876 139
3878 128
3878 129
3878 130
3878 131
3878 132
3878 133
3878 134
3878 135
3878 136
3878 137
3878 138
3878 139
3878 140
3880 128
3880 129
3880 130
3880 131
3880 132
3880 133
3880 134
3880 135
3880 136
3880 137
3880 138
3880 139
3880 140
3882 128
3882 129
3882 130
3882 131
3882 132
3882 133
3882 134
3882 135
3882 136
3882 137
3882 138
3882 139
3882 140
3882 141
3884 129
3884 130
3884 131
3884 132
3884 133
3884 134
3884 135
3884 136
3884 137
3884 138
3884 139
3884 140
3884 141
3886 129
3886 130
3886 131
3886 132
3886 133
3886 134
3886 135
3886 136
3886 137
3886 138
3886 139
3886 140
3886 141
3886 142
3888 130
3888 131
3888 132
3888 133
3888 134
3888 135
3888 136
3888 137
3888 138
3888 139
3888 140
3888 141
3888 142
3888 143
3890 130
3890 131
3890 132
3890 133
3890 134
3890 135
3890 136
3890 137
3890 138
3890 139
3890 140
3890 141
3890 142
3890 143
3892 130
3892 131
3892 132
3892 133
3892 134
3892 135
3892 136
3892 137
3892 138
3892 139
3892 140
3892 141
3892 142
3892 143
3892 144
3894 131
3894 132
3894 133
3894 134
3894 135
3894 136
3894 137
3894 138
3894 139
3894 140
3894 141
3894 142
3894 143
3894 144
3896 131
3896 132
3896 133
3896 134
3896 135
3896 136
3896 137
3896 138
3896 139
3896 140
3896 141
3896 142
3896 143
3896 144
3896 145
3898 132
3898 133
3898 134
3898 135
3898 136
3898 137
3898 138
3898 139
3898 140
3898 141
3898 142
3898 143
3898 144
3898 145
3900 132
3900 133
3900 134
3900 135
3900 136
3900 137
3900 138
3900 139
3900 140
3900 141
3900 142
3900 143
3900 144
3900 145
3900 146
3902 133
3902 134
3902 135
3902 136
3902 137
3902 138
3902 139
3902 140
3902 141
3902 142
3902 143
3902 144
3902 145
3902 146
3904 133
3904 134
3904 135
3904 136
3904 137
3904 138
3904 139
3904 140
3904 141
3904 142
3904 143
3904 144
3904 145
3904 146
3904 147
3906 134
3906 135
3906 136
3906 137
3906 138
3906 139
3906 140
3906 141
3906 142
3906 143
3906 144
3906 145
3906 146
3906 147
3906 148
3908 134
3908 135
3908 136
3908 137
3908 138
3908 139
3908 140
3908 141
3908 142
3908 143
3908 144
3908 145
3908 146
3908 147
3908 148
3910 134
3910 135
3910 136
3910 137
3910 138
3910 139
3910 140
3910 141
3910 142
3910 143
3910 144
3910 145
3910 146
3910 147
3910 148
3910 149
3912 135
3912 136
3912 137
3912 138
3912 139
3912 140
3912 141
3912 142
3912 143
3912 144
3912 145
3912 146
3912 147
3912 148
3912 149
3914 135
3914 136
3914 137
3914 138
3914 139
3914 140
3914 141
3914 142
3914 143
3914 144
3914 145
3914 146
3914 147
3914 148
3914 149
3914 150
3916 136
3916 137
3916 138
3916 139
3916 140
3916 141
3916 142
3916 143
3916 144
3916 145
3916 146
3916 147
3916 148
3916 149
3916 150
3918 136
3918 137
3918 138
3918 139
3918 140
3918 141
3918 142
3918 143
3918 144
3918 145
3918 146
3918 147
3918 148
3918 149
3918 150
3918 151
3920 137
3920 138
3920 139
3920 140
3920 141
3920 142
3920 143
3920 144
3920 145
3920 146
3920 147
3920 148
3920 149
3920 150
3920 151
3922 137
3922 138
3922 139
3922 140
3922 141
3922 142
3922 143
3922 144
3922 145
3922 146
3922 147
3922 148
3922 149
3922 150
3922 151
3922 152
3924 138
3924 139
3924 140
3924 141
3924 142
3924 143
3924 144
3924 145
3924 146
3924 147
3924 148
3924 149
3924 150
3924 151
3924 152
3926 138
3926 139
3926 140
3926 141
3926 142
3926 143
3926 144
3926 145
3926 146
3926 147
3926 148
3926 149
3926 150
3926 151
3926 152
3926 153
3928 139
3928 140
3928 141
3928 142
3928 143
3928 144
3928 145
3928 146
3928 147
3928 148
3928 149
3928 150
3928 151
3928 152
3928 153
3930 139
3930 140
3930 141
3930 142
3930 143
3930 144
3930 145
3930 146
3930 147
3930 148
3930 149
3930 150
3930 151
3930 152
3930 153
3930 154
3932 140
3932 141
3932 142
3932 143
3932 144
3932 145
3932 146
3932 147
3932 148
3932 149
3932 150
3932 151
3932 152
3932 153
3932 154
3934 140
3934 141
3934 142
3934 143
3934 144
3934 145
3934 146
3934 147
3934 148
3934 149
3934 150
3934 151
3934 152
3934 153
3934 154
3934 155
3936 141
3936 142
3936 143
3936 144
3936 145
3936 146
3936 147
3936 148
3936 149
3936 150
3936 151
3936 152
3936 153
3936 154
3936 155
3938 141
3938 142
3938 143
3938 144
3938 145
3938 146
3938 147
3938 148
3938 149
3938 150
3938 151
3938 152
3938 153
3938 154
3938 155
3940 142
3940 143
3940 144
3940 145
3940 146
3940 147
3940 148
3940 149
3940 150
3940 151
3940 152
3940 153
3940 154
3940 155
3940 156
3942 142
3942 143
3942 144
3942 145
3942 146
3942 147
3942 148
3942 149
3942 150
3942 151
3942 152
3942 153
3942 154
3942 155
3942 156
3944 143
3944 144
3944 145
3944 146
3944 147
3944 148
3944 149
3944 150
3944 151
3944 152
3944 153
3944 154
3944 155
3944 156
3944 157
3946 143
3946 144
3946 145
3946 146
3946 147
3946 148
3946 149
3946 150
3946 151
3946 152
3946 153
3946 154
3946 155
3946 156
3946 157
3948 144
3948 145
3948 146
3948 147
3948 148
3948 149
3948 150
3948 151
3948 152
3948 153
3948 154
3948 155
3948 156
3948 157
3948 158
3950 145
3950 146
3950 147
3950 148
3950 149
3950 150
3950 151
3950 152
3950 153
3950 154
3950 155
3950 156
3950 157
3950 158
3952 145
3952 146
3952 147
3952 148
3952 149
3952 150
3952 151
3952 152
3952 153
3952 154
3952 155
3952 156
3952 157
3952 158
3952 159
3954 146
3954 147
3954 148
3954 149
3954 150
3954 151
3954 152
3954 153
3954 154
3954 155
3954 156
3954 157
3954 158
3954 159
3956 146
3956 147
3956 148
3956 149
3956 150
3956 151
3956 152
3956 153
3956 154
3956 155
3956 156
3956 157
3956 158
3956 159
3956 160
3958 147
3958 148
3958 149
3958 150
3958 151
3958 152
3958 153
3958 154
3958 155
3958 156
3958 157
3958 158
3958 159
3958 160
3960 147
3960 148
3960 149
3960 150
3960 151
3960 152
3960 153
3960 154
3960 155
3960 156
3960 157
3960 158
3960 159
3960 160
3962 148
3962 149
3962 150
3962 151
3962 152
3962 153
3962 154
3962 155
3962 156
3962 157
3962 158
3962 159
3962 160
3962 161
3964 148
3964 149
3964 150
3964 151
3964 152
3964 153
3964 154
3964 155
3964 156
3964 157
3964 158
3964 159
3964 160
3964 161
3966 149
3966 150
3966 151
3966 152
3966 153
3966 154
3966 155
3966 156
3966 157
3966 158
3966 159
3966 160
3966 161
3966 162
3968 150
3968 151
3968 152
3968 153
3968 154
3968 155
3968 156
3968 157
3968 158
3968 159
3968 160
3968 161
3968 162
3970 150
3970 151
3970 152
3970 153
3970 154
3970 155
3970 156
3970 157
3970 158
3970 159
3970 160
3970 161
3970 162
3972 151
3972 152
3972 153
3972 154
3972 155
3972 156
3972 157
3972 158
3972 159
3972 160
3972 161
3972 162
3972 163
3974 151
3974 152
3974 153
3974 154
3974 155
3974 156
3974 157
3974 158
3974 159
3974 160
3974 161
3974 162
3974 163
3976 152
3976 153
3976 154
3976 155
3976 156
3976 157
3976 158
3976 159
3976 160
3976 161
3976 162
3976 163
3976 164
3978 153
3978 154
3978 155
3978 156
3978 157
3978 158
3978 159
3978 160
3978 161
3978 162
3978 163
3978 164
3980 153
3980 154
3980 155
3980 156
3980 157
3980 158
3980 159
3980 160
3980 161
3980 162
3980 163
3980 164
3982 154
3982 155
3982 156
3982 157
3982 158
3982 159
3982 160
3982 161
3982 162
3982 163
3982 164
3982 165
3984 155
3984 156
3984 157
3984 158
3984 159
3984 160
3984 161
3984 162
3984 163
3984 164
3984 165
3986 155
3986 156
3986 157
3986 158
3986 159
3986 160
3986 161
3986 162
3986 163
3986 164
3986 165
3988 156
3988 157
3988 158
3988 159
3988 160
3988 161
3988 162
3988 163
3988 164
3988 165
3988 166
3990 157
3990 158
3990 159
3990 160
3990 161
3990 162
3990 163
3990 164
3990 165
3990 166
3992 157
3992 158
3992 159
3992 160
3992 161
3992 162
3992 163
3992 164
3992 165
3992 166
3994 158
3994 159
3994 160
3994 161
3994 162
3994 163
3994 164
3994 165
3994 166
3996 159
3996 160
3996 161
3996 162
3996 163
3996 164
3996 165
3996 166
3996 167
3998 159
3998 160
3998 161
3998 162
3998 163
3998 164
3998 165
3998 166
3998 167
4000 160
4000 161
4000 162
4000 163
4000 164
4000 165
4000 166
4000 167
4002 161
4002 162
4002 163
4002 164
4002 165
4002 166
4002 167
4004 162
4004 163
4004 164
4004 165
4004 166
4004 167
4004 168
4006 162
4006 163
4006 164
4006 165
4006 166
4006 167
4006 168
4008 163
4008 164
4008 165
4008 166
4008 167
4008 168
4010 164
4010 165
4010 166
4010 167
4010 168
4012 165
4012 166
4012 167
4012 168
4014 167
