2793 0
2793 574
2793 575
2797 1
2797 2
2797 3
2797 4
2801 3
2801 4
2801 5
2801 6
2801 7
2801 8
2805 6
2805 7
2805 8
2805 9
2805 10
2805 11
2809 9
2809 10
2809 11
2809 12
2809 13
2809 14
2810 563
2810 564
2810 565
2810 566
2810 567
2813 13
2813 14
2813 15
2813 16
2813 17
2814 565
2814 566
2814 567
2814 568
2814 569
2814 570
2814 571
2817 17
2817 18
2817 19
2818 567
2818 568
2818 569
2818 570
2818 571
2818 572
2818 573
2818 574
2818 575
2822 0
2822 1
2822 2
2822 570
2822 571
2822 572
2822 573
2822 574
2822 575
2826 0
2826 1
2826 2
2826 3
2826 4
2826 5
2826 6
2826 573
2826 574
2826 575
2830 0
2830 1
2830 2
2830 3
2830 4
2830 5
2830 6
2830 7
2830 8
2830 9
2831 557
2831 558
2834 3
2834 4
2834 5
2834 6
2834 7
2834 8
2834 9
2834 10
2834 11
2834 12
2835 558
2835 559
2835 560
2835 561
2835 562
2835 563
2838 6
2838 7
2838 8
2838 9
2838 10
2838 11
2838 12
2838 13
2838 14
2838 15
2838 16
2839 560
2839 561
2839 562
2839 563
2839 564
2839 565
2839 566
2839 567
2839 568
2842 9
2842 10
2842 11
2842 12
2842 13
2842 14
2842 15
2842 16
2842 17
2842 18
2842 19
2843 562
2843 563
2843 564
2843 565
2843 566
2843 567
2843 568
2843 569
2843 570
2843 571
2846 12
2846 13
2846 14
2846 15
2846 16
2846 17
2846 18
2846 19
2846 20
2846 21
2846 22
2847 565
2847 566
2847 567
2847 568
2847 569
2847 570
2847 571
2847 572
2847 573
2847 574
2847 575
2850 16
2850 17
2850 18
2850 19
2850 20
2850 21
2850 22
2850 23
2850 24
2851 0
2851 1
2851 2
2851 3
2851 567
2851 568
2851 569
2851 570
2851 571
2851 572
2851 573
2851 574
2851 575
2854 20
2854 21
2854 22
2854 23
2854 24
2854 25
2854 26
2854 27
2855 0
2855 1
2855 2
2855 3
2855 4
2855 5
2855 6
2855 570
2855 571
2855 572
2855 573
2855 574
2855 575
2858 24
2858 25
2858 26
2858 27
2858 28
2858 29
2859 0
2859 1
2859 2
2859 3
2859 4
2859 5
2859 6
2859 7
2859 8
2859 9
2859 10
2859 573
2859 574
2859 575
2860 554
2860 555
2860 556
2860 557
2860 558
2860 559
2862 29
2863 0
2863 1
2863 2
2863 3
2863 4
2863 5
2863 6
2863 7
2863 8
2863 9
2863 10
2863 11
2863 12
2863 13
2864 555
2864 556
2864 557
2864 558
2864 559
2864 560
2864 561
2864 562
2864 563
2867 3
2867 4
2867 5
2867 6
2867 7
2867 8
2867 9
2867 10
2867 11
2867 12
2867 13
2867 14
2867 15
2867 16
2868 557
2868 558
2868 559
2868 560
2868 561
2868 562
2868 563
2868 564
2868 565
2868 566
2868 567
2871 6
2871 7
2871 8
2871 9
2871 10
2871 11
2871 12
2871 13
2871 14
2871 15
2871 16
2871 17
2871 18
2871 19
2872 560
2872 561
2872 562
2872 563
2872 564
2872 565
2872 566
2872 567
2872 568
2872 569
2872 570
2872 571
2875 10
2875 11
2875 12
2875 13
2875 14
2875 15
2875 16
2875 17
2875 18
2875 19
2875 20
2875 21
2875 22
2876 562
2876 563
2876 564
2876 565
2876 566
2876 567
2876 568
2876 569
2876 570
2876 571
2876 572
2876 573
2876 574
2876 575
2879 13
2879 14
2879 15
2879 16
2879 17
2879 18
2879 19
2879 20
2879 21
2879 22
2879 23
2879 24
2879 25
2880 0
2880 1
2880 2
2880 3
2880 565
2880 566
2880 567
2880 568
2880 569
2880 570
2880 571
2880 572
2880 573
2880 574
2880 575
2883 17
2883 18
2883 19
2883 20
2883 21
2883 22
2883 23
2883 24
2883 25
2883 26
2883 27
2883 28
2884 0
2884 1
2884 2
2884 3
2884 4
2884 5
2884 6
2884 568
2884 569
2884 570
2884 571
2884 572
2884 573
2884 574
2884 575
2885 551
2885 552
2885 553
2887 21
2887 22
2887 23
2887 24
2887 25
2887 26
2887 27
2887 28
2887 29
2887 30
2888 0
2888 1
2888 2
2888 3
2888 4
2888 5
2888 6
2888 7
2888 8
2888 9
2888 571
2888 572
2888 573
2888 574
2888 575
2889 552
2889 553
2889 554
2889 555
2889 556
2889 557
2889 558
2891 25
2891 26
2891 27
2891 28
2891 29
2891 30
2891 31
2891 32
2892 0
2892 1
2892 2
2892 3
2892 4
2892 5
2892 6
2892 7
2892 8
2892 9
2892 10
2892 11
2892 12
2892 13
2892 574
2892 575
2893 553
2893 554
2893 555
2893 556
2893 557
2893 558
2893 559
2893 560
2893 561
2893 562
2893 563
2895 30
2895 31
2895 32
2895 33
2895 34
2896 1
2896 2
2896 3
2896 4
2896 5
2896 6
2896 7
2896 8
2896 9
2896 10
2896 11
2896 12
2896 13
2896 14
2896 15
2896 16
2897 556
2897 557
2897 558
2897 559
2897 560
2897 561
2897 562
2897 563
2897 564
2897 565
2897 566
2897 567
2900 4
2900 5
2900 6
2900 7
2900 8
2900 9
2900 10
2900 11
2900 12
2900 13
2900 14
2900 15
2900 16
2900 17
2900 18
2900 19
2901 558
2901 559
2901 560
2901 561
2901 562
2901 563
2901 564
2901 565
2901 566
2901 567
2901 568
2901 569
2901 570
2901 571
2904 8
2904 9
2904 10
2904 11
2904 12
2904 13
2904 14
2904 15
2904 16
2904 17
2904 18
2904 19
2904 20
2904 21
2904 22
2905 561
2905 562
2905 563
2905 564
2905 565
2905 566
2905 567
2905 568
2905 569
2905 570
2905 571
2905 572
2905 573
2905 574
2908 11
2908 12
2908 13
2908 14
2908 15
2908 16
2908 17
2908 18
2908 19
2908 20
2908 21
2908 22
2908 23
2908 24
2908 25
2909 0
2909 1
2909 2
2909 563
2909 564
2909 565
2909 566
2909 567
2909 568
2909 569
2909 570
2909 571
2909 572
2909 573
2909 574
2909 575
2912 15
2912 16
2912 17
2912 18
2912 19
2912 20
2912 21
2912 22
2912 23
2912 24
2912 25
2912 26
2912 27
2912 28
2913 0
2913 1
2913 2
2913 3
2913 4
2913 5
2913 6
2913 566
2913 567
2913 568
2913 569
2913 570
2913 571
2913 572
2913 573
2913 574
2913 575
2914 550
2914 551
2914 552
2916 18
2916 19
2916 20
2916 21
2916 22
2916 23
2916 24
2916 25
2916 26
2916 27
2916 28
2916 29
2916 30
2917 0
2917 1
2917 2
2917 3
2917 4
2917 5
2917 6
2917 7
2917 8
2917 9
2917 569
2917 570
2917 571
2917 572
2917 573
2917 574
2917 575
2918 550
2918 551
2918 552
2918 553
2918 554
2918 555
2918 556
2918 557
2920 22
2920 23
2920 24
2920 25
2920 26
2920 27
2920 28
2920 29
2920 30
2920 31
2920 32
2920 33
2921 0
2921 1
2921 2
2921 3
2921 4
2921 5
2921 6
2921 7
2921 8
2921 9
2921 10
2921 11
2921 12
2921 572
2921 573
2921 574
2921 575
2922 552
2922 553
2922 554
2922 555
2922 556
2922 557
2922 558
2922 559
2922 560
2922 561
2922 562
2924 27
2924 28
2924 29
2924 30
2924 31
2924 32
2924 33
2924 34
2924 35
2925 0
2925 1
2925 2
2925 3
2925 4
2925 5
2925 6
2925 7
2925 8
2925 9
2925 10
2925 11
2925 12
2925 13
2925 14
2925 15
2925 16
2925 575
2926 554
2926 555
2926 556
2926 557
2926 558
2926 559
2926 560
2926 561
2926 562
2926 563
2926 564
2926 565
2926 566
2928 32
2928 33
2928 34
2928 35
2928 36
2929 2
2929 3
2929 4
2929 5
2929 6
2929 7
2929 8
2929 9
2929 10
2929 11
2929 12
2929 13
2929 14
2929 15
2929 16
2929 17
2929 18
2929 19
2930 556
2930 557
2930 558
2930 559
2930 560
2930 561
2930 562
2930 563
2930 564
2930 565
2930 566
2930 567
2930 568
2930 569
2930 570
2933 6
2933 7
2933 8
2933 9
2933 10
2933 11
2933 12
2933 13
2933 14
2933 15
2933 16
2933 17
2933 18
2933 19
2933 20
2933 21
2933 22
2934 559
2934 560
2934 561
2934 562
2934 563
2934 564
2934 565
2934 566
2934 567
2934 568
2934 569
2934 570
2934 571
2934 572
2934 573
2934 574
2937 9
2937 10
2937 11
2937 12
2937 13
2937 14
2937 15
2937 16
2937 17
2937 18
2937 19
2937 20
2937 21
2937 22
2937 23
2937 24
2937 25
2938 0
2938 1
2938 562
2938 563
2938 564
2938 565
2938 566
2938 567
2938 568
2938 569
2938 570
2938 571
2938 572
2938 573
2938 574
2938 575
2941 13
2941 14
2941 15
2941 16
2941 17
2941 18
2941 19
2941 20
2941 21
2941 22
2941 23
2941 24
2941 25
2941 26
2941 27
2941 28
2942 0
2942 1
2942 2
2942 3
2942 4
2942 5
2942 564
2942 565
2942 566
2942 567
2942 568
2942 569
2942 570
2942 571
2942 572
2942 573
2942 574
2942 575
2945 17
2945 18
2945 19
2945 20
2945 21
2945 22
2945 23
2945 24
2945 25
2945 26
2945 27
2945 28
2945 29
2945 30
2946 0
2946 1
2946 2
2946 3
2946 4
2946 5
2946 6
2946 7
2946 8
2946 567
2946 568
2946 569
2946 570
2946 571
2946 572
2946 573
2946 574
2946 575
2947 549
2947 550
2947 551
2947 552
2947 553
2947 554
2947 555
2947 556
2949 20
2949 21
2949 22
2949 23
2949 24
2949 25
2949 26
2949 27
2949 28
2949 29
2949 30
2949 31
2949 32
2949 33
2950 0
2950 1
2950 2
2950 3
2950 4
2950 5
2950 6
2950 7
2950 8
2950 9
2950 10
2950 11
2950 12
2950 570
2950 571
2950 572
2950 573
2950 574
2950 575
2951 551
2951 552
2951 553
2951 554
2951 555
2951 556
2951 557
2951 558
2951 559
2951 560
2951 561
2953 25
2953 26
2953 27
2953 28
2953 29
2953 30
2953 31
2953 32
2953 33
2953 34
2953 35
2954 0
2954 1
2954 2
2954 3
2954 4
2954 5
2954 6
2954 7
2954 8
2954 9
2954 10
2954 11
2954 12
2954 13
2954 14
2954 15
2954 573
2954 574
2954 575
2955 553
2955 554
2955 555
2955 556
2955 557
2955 558
2955 559
2955 560
2955 561
2955 562
2955 563
2955 564
2955 565
2957 29
2957 30
2957 31
2957 32
2957 33
2957 34
2957 35
2957 36
2958 1
2958 2
2958 3
2958 4
2958 5
2958 6
2958 7
2958 8
2958 9
2958 10
2958 11
2958 12
2958 13
2958 14
2958 15
2958 16
2958 17
2958 18
2959 555
2959 556
2959 557
2959 558
2959 559
2959 560
2959 561
2959 562
2959 563
2959 564
2959 565
2959 566
2959 567
2959 568
2959 569
2962 4
2962 5
2962 6
2962 7
2962 8
2962 9
2962 10
2962 11
2962 12
2962 13
2962 14
2962 15
2962 16
2962 17
2962 18
2962 19
2962 20
2962 21
2963 557
2963 558
2963 559
2963 560
2963 561
2963 562
2963 563
2963 564
2963 565
2963 566
2963 567
2963 568
2963 569
2963 570
2963 571
2963 572
2963 573
2966 8
2966 9
2966 10
2966 11
2966 12
2966 13
2966 14
2966 15
2966 16
2966 17
2966 18
2966 19
2966 20
2966 21
2966 22
2966 23
2966 24
2967 0
2967 560
2967 561
2967 562
2967 563
2967 564
2967 565
2967 566
2967 567
2967 568
2967 569
2967 570
2967 571
2967 572
2967 573
2967 574
2967 575
2970 11
2970 12
2970 13
2970 14
2970 15
2970 16
2970 17
2970 18
2970 19
2970 20
2970 21
2970 22
2970 23
2970 24
2970 25
2970 26
2970 27
2971 0
2971 1
2971 2
2971 3
2971 4
2971 563
2971 564
2971 565
2971 566
2971 567
2971 568
2971 569
2971 570
2971 571
2971 572
2971 573
2971 574
2971 575
2974 15
2974 16
2974 17
2974 18
2974 19
2974 20
2974 21
2974 22
2974 23
2974 24
2974 25
2974 26
2974 27
2974 28
2974 29
2974 30
2975 0
2975 1
2975 2
2975 3
2975 4
2975 5
2975 6
2975 7
2975 566
2975 567
2975 568
2975 569
2975 570
2975 571
2975 572
2975 573
2975 574
2975 575
2976 548
2976 549
2976 550
2976 551
2976 552
2976 553
2976 554
2978 19
2978 20
2978 21
2978 22
2978 23
2978 24
2978 25
2978 26
2978 27
2978 28
2978 29
2978 30
2978 31
2978 32
2979 0
2979 1
2979 2
2979 3
2979 4
2979 5
2979 6
2979 7
2979 8
2979 9
2979 10
2979 11
2979 569
2979 570
2979 571
2979 572
2979 573
2979 574
2979 575
2980 550
2980 551
2980 552
2980 553
2980 554
2980 555
2980 556
2980 557
2980 558
2980 559
2982 23
2982 24
2982 25
2982 26
2982 27
2982 28
2982 29
2982 30
2982 31
2982 32
2982 33
2982 34
2983 0
2983 1
2983 2
2983 3
2983 4
2983 5
2983 6
2983 7
2983 8
2983 9
2983 10
2983 11
2983 12
2983 13
2983 14
2983 572
2983 573
2983 574
2983 575
2984 551
2984 552
2984 553
2984 554
2984 555
2984 556
2984 557
2984 558
2984 559
2984 560
2984 561
2984 562
2984 563
2986 28
2986 29
2986 30
2986 31
2986 32
2986 33
2986 34
2986 35
2986 36
2987 0
2987 1
2987 2
2987 3
2987 4
2987 5
2987 6
2987 7
2987 8
2987 9
2987 10
2987 11
2987 12
2987 13
2987 14
2987 15
2987 16
2987 17
2987 575
2988 554
2988 555
2988 556
2988 557
2988 558
2988 559
2988 560
2988 561
2988 562
2988 563
2988 564
2988 565
2988 566
2988 567
2990 34
2990 35
2990 36
2991 3
2991 4
2991 5
2991 6
2991 7
2991 8
2991 9
2991 10
2991 11
2991 12
2991 13
2991 14
2991 15
2991 16
2991 17
2991 18
2991 19
2991 20
2991 21
2992 556
2992 557
2992 558
2992 559
2992 560
2992 561
2992 562
2992 563
2992 564
2992 565
2992 566
2992 567
2992 568
2992 569
2992 570
2992 571
2995 6
2995 7
2995 8
2995 9
2995 10
2995 11
2995 12
2995 13
2995 14
2995 15
2995 16
2995 17
2995 18
2995 19
2995 20
2995 21
2995 22
2995 23
2995 24
2996 559
2996 560
2996 561
2996 562
2996 563
2996 564
2996 565
2996 566
2996 567
2996 568
2996 569
2996 570
2996 571
2996 572
2996 573
2996 574
2996 575
2999 10
2999 11
2999 12
2999 13
2999 14
2999 15
2999 16
2999 17
2999 18
2999 19
2999 20
2999 21
2999 22
2999 23
2999 24
2999 25
2999 26
3000 0
3000 1
3000 2
3000 3
3000 562
3000 563
3000 564
3000 565
3000 566
3000 567
3000 568
3000 569
3000 570
3000 571
3000 572
3000 573
3000 574
3000 575
3003 13
3003 14
3003 15
3003 16
3003 17
3003 18
3003 19
3003 20
3003 21
3003 22
3003 23
3003 24
3003 25
3003 26
3003 27
3003 28
3003 29
3004 0
3004 1
3004 2
3004 3
3004 4
3004 5
3004 6
3004 564
3004 565
3004 566
3004 567
3004 568
3004 569
3004 570
3004 571
3004 572
3004 573
3004 574
3004 575
3005 548
3005 549
3005 550
3005 551
3007 17
3007 18
3007 19
3007 20
3007 21
3007 22
3007 23
3007 24
3007 25
3007 26
3007 27
3007 28
3007 29
3007 30
3007 31
3007 32
3008 0
3008 1
3008 2
3008 3
3008 4
3008 5
3008 6
3008 7
3008 8
3008 9
3008 10
3008 567
3008 568
3008 569
3008 570
3008 571
3008 572
3008 573
3008 574
3008 575
3009 549
3009 550
3009 551
3009 552
3009 553
3009 554
3009 555
3009 556
3009 557
3011 22
3011 23
3011 24
3011 25
3011 26
3011 27
3011 28
3011 29
3011 30
3011 31
3011 32
3011 33
3011 34
3012 0
3012 1
3012 2
3012 3
3012 4
3012 5
3012 6
3012 7
3012 8
3012 9
3012 10
3012 11
3012 12
3012 13
3012 571
3012 572
3012 573
3012 574
3012 575
3013 550
3013 551
3013 552
3013 553
3013 554
3013 555
3013 556
3013 557
3013 558
3013 559
3013 560
3013 561
3015 26
3015 27
3015 28
3015 29
3015 30
3015 31
3015 32
3015 33
3015 34
3015 35
3015 36
3016 0
3016 1
3016 2
3016 3
3016 4
3016 5
3016 6
3016 7
3016 8
3016 9
3016 10
3016 11
3016 12
3016 13
3016 14
3016 15
3016 16
3016 574
3016 575
3017 553
3017 554
3017 555
3017 556
3017 557
3017 558
3017 559
3017 560
3017 561
3017 562
3017 563
3017 564
3017 565
3017 566
3019 32
3019 33
3019 34
3019 35
3019 36
3020 1
3020 2
3020 3
3020 4
3020 5
3020 6
3020 7
3020 8
3020 9
3020 10
3020 11
3020 12
3020 13
3020 14
3020 15
3020 16
3020 17
3020 18
3020 19
3020 20
3021 555
3021 556
3021 557
3021 558
3021 559
3021 560
3021 561
3021 562
3021 563
3021 564
3021 565
3021 566
3021 567
3021 568
3021 569
3021 570
3024 5
3024 6
3024 7
3024 8
3024 9
3024 10
3024 11
3024 12
3024 13
3024 14
3024 15
3024 16
3024 17
3024 18
3024 19
3024 20
3024 21
3024 22
3024 23
3025 558
3025 559
3025 560
3025 561
3025 562
3025 563
3025 564
3025 565
3025 566
3025 567
3025 568
3025 569
3025 570
3025 571
3025 572
3025 573
3025 574
3028 8
3028 9
3028 10
3028 11
3028 12
3028 13
3028 14
3028 15
3028 16
3028 17
3028 18
3028 19
3028 20
3028 21
3028 22
3028 23
3028 24
3028 25
3028 26
3029 0
3029 1
3029 560
3029 561
3029 562
3029 563
3029 564
3029 565
3029 566
3029 567
3029 568
3029 569
3029 570
3029 571
3029 572
3029 573
3029 574
3029 575
3032 12
3032 13
3032 14
3032 15
3032 16
3032 17
3032 18
3032 19
3032 20
3032 21
3032 22
3032 23
3032 24
3032 25
3032 26
3032 27
3032 28
3033 0
3033 1
3033 2
3033 3
3033 4
3033 5
3033 563
3033 564
3033 565
3033 566
3033 567
3033 568
3033 569
3033 570
3033 571
3033 572
3033 573
3033 574
3033 575
3036 16
3036 17
3036 18
3036 19
3036 20
3036 21
3036 22
3036 23
3036 24
3036 25
3036 26
3036 27
3036 28
3036 29
3036 30
3036 31
3037 0
3037 1
3037 2
3037 3
3037 4
3037 5
3037 6
3037 7
3037 8
3037 9
3037 566
3037 567
3037 568
3037 569
3037 570
3037 571
3037 572
3037 573
3037 574
3037 575
3038 549
3038 550
3038 551
3038 552
3038 553
3038 554
3040 21
3040 22
3040 23
3040 24
3040 25
3040 26
3040 27
3040 28
3040 29
3040 30
3040 31
3040 32
3040 33
3041 0
3041 1
3041 2
3041 3
3041 4
3041 5
3041 6
3041 7
3041 8
3041 9
3041 10
3041 11
3041 12
3041 569
3041 570
3041 571
3041 572
3041 573
3041 574
3041 575
3042 550
3042 551
3042 552
3042 553
3042 554
3042 555
3042 556
3042 557
3042 558
3042 559
3044 25
3044 26
3044 27
3044 28
3044 29
3044 30
3044 31
3044 32
3044 33
3044 34
3044 35
3045 0
3045 1
3045 2
3045 3
3045 4
3045 5
3045 6
3045 7
3045 8
3045 9
3045 10
3045 11
3045 12
3045 13
3045 14
3045 15
3045 573
3045 574
3045 575
3046 552
3046 553
3046 554
3046 555
3046 556
3046 557
3046 558
3046 559
3046 560
3046 561
3046 562
3046 563
3046 564
3048 31
3048 32
3048 33
3048 34
3048 35
3048 36
3049 0
3049 1
3049 2
3049 3
3049 4
3049 5
3049 6
3049 7
3049 8
3049 9
3049 10
3049 11
3049 12
3049 13
3049 14
3049 15
3049 16
3049 17
3049 18
3049 19
3050 554
3050 555
3050 556
3050 557
3050 558
3050 559
3050 560
3050 561
3050 562
3050 563
3050 564
3050 565
3050 566
3050 567
3050 568
3053 4
3053 5
3053 6
3053 7
3053 8
3053 9
3053 10
3053 11
3053 12
3053 13
3053 14
3053 15
3053 16
3053 17
3053 18
3053 19
3053 20
3053 21
3053 22
3054 556
3054 557
3054 558
3054 559
3054 560
3054 561
3054 562
3054 563
3054 564
3054 565
3054 566
3054 567
3054 568
3054 569
3054 570
3054 571
3054 572
3057 7
3057 8
3057 9
3057 10
3057 11
3057 12
3057 13
3057 14
3057 15
3057 16
3057 17
3057 18
3057 19
3057 20
3057 21
3057 22
3057 23
3057 24
3057 25
3058 0
3058 559
3058 560
3058 561
3058 562
3058 563
3058 564
3058 565
3058 566
3058 567
3058 568
3058 569
3058 570
3058 571
3058 572
3058 573
3058 574
3058 575
3061 11
3061 12
3061 13
3061 14
3061 15
3061 16
3061 17
3061 18
3061 19
3061 20
3061 21
3061 22
3061 23
3061 24
3061 25
3061 26
3061 27
3061 28
3062 0
3062 1
3062 2
3062 3
3062 4
3062 562
3062 563
3062 564
3062 565
3062 566
3062 567
3062 568
3062 569
3062 570
3062 571
3062 572
3062 573
3062 574
3062 575
3065 15
3065 16
3065 17
3065 18
3065 19
3065 20
3065 21
3065 22
3065 23
3065 24
3065 25
3065 26
3065 27
3065 28
3065 29
3065 30
3066 0
3066 1
3066 2
3066 3
3066 4
3066 5
3066 6
3066 7
3066 565
3066 566
3066 567
3066 568
3066 569
3066 570
3066 571
3066 572
3066 573
3066 574
3066 575
3069 20
3069 21
3069 22
3069 23
3069 24
3069 25
3069 26
3069 27
3069 28
3069 29
3069 30
3069 31
3069 32
3070 0
3070 1
3070 2
3070 3
3070 4
3070 5
3070 6
3070 7
3070 8
3070 9
3070 10
3070 11
3070 568
3070 569
3070 570
3070 571
3070 572
3070 573
3070 574
3070 575
3071 550
3071 551
3071 552
3071 553
3071 554
3071 555
3071 556
3071 557
3073 24
3073 25
3073 26
3073 27
3073 28
3073 29
3073 30
3073 31
3073 32
3073 33
3073 34
3074 0
3074 1
3074 2
3074 3
3074 4
3074 5
3074 6
3074 7
3074 8
3074 9
3074 10
3074 11
3074 12
3074 13
3074 14
3074 571
3074 572
3074 573
3074 574
3074 575
3075 551
3075 552
3075 553
3075 554
3075 555
3075 556
3075 557
3075 558
3075 559
3075 560
3075 561
3075 562
3077 30
3077 31
3077 32
3077 33
3077 34
3077 35
3078 0
3078 1
3078 2
3078 3
3078 4
3078 5
3078 6
3078 7
3078 8
3078 9
3078 10
3078 11
3078 12
3078 13
3078 14
3078 15
3078 16
3078 17
3078 18
3078 575
3079 553
3079 554
3079 555
3079 556
3079 557
3079 558
3079 559
3079 560
3079 561
3079 562
3079 563
3079 564
3079 565
3079 566
3082 3
3082 4
3082 5
3082 6
3082 7
3082 8
3082 9
3082 10
3082 11
3082 12
3082 13
3082 14
3082 15
3082 16
3082 17
3082 18
3082 19
3082 20
3082 21
3083 556
3083 557
3083 558
3083 559
3083 560
3083 561
3083 562
3083 563
3083 564
3083 565
3083 566
3083 567
3083 568
3083 569
3083 570
3086 6
3086 7
3086 8
3086 9
3086 10
3086 11
3086 12
3086 13
3086 14
3086 15
3086 16
3086 17
3086 18
3086 19
3086 20
3086 21
3086 22
3086 23
3086 24
3087 558
3087 559
3087 560
3087 561
3087 562
3087 563
3087 564
3087 565
3087 566
3087 567
3087 568
3087 569
3087 570
3087 571
3087 572
3087 573
3087 574
3090 10
3090 11
3090 12
3090 13
3090 14
3090 15
3090 16
3090 17
3090 18
3090 19
3090 20
3090 21
3090 22
3090 23
3090 24
3090 25
3090 26
3090 27
3091 0
3091 1
3091 2
3091 561
3091 562
3091 563
3091 564
3091 565
3091 566
3091 567
3091 568
3091 569
3091 570
3091 571
3091 572
3091 573
3091 574
3091 575
3094 14
3094 15
3094 16
3094 17
3094 18
3094 19
3094 20
3094 21
3094 22
3094 23
3094 24
3094 25
3094 26
3094 27
3094 28
3094 29
3095 0
3095 1
3095 2
3095 3
3095 4
3095 5
3095 6
3095 564
3095 565
3095 566
3095 567
3095 568
3095 569
3095 570
3095 571
3095 572
3095 573
3095 574
3095 575
3098 19
3098 20
3098 21
3098 22
3098 23
3098 24
3098 25
3098 26
3098 27
3098 28
3098 29
3098 30
3098 31
3099 0
3099 1
3099 2
3099 3
3099 4
3099 5
3099 6
3099 7
3099 8
3099 9
3099 567
3099 568
3099 569
3099 570
3099 571
3099 572
3099 573
3099 574
3099 575
3100 551
3100 552
3102 24
3102 25
3102 26
3102 27
3102 28
3102 29
3102 30
3102 31
3102 32
3102 33
3103 0
3103 1
3103 2
3103 3
3103 4
3103 5
3103 6
3103 7
3103 8
3103 9
3103 10
3103 11
3103 12
3103 13
3103 571
3103 572
3103 573
3103 574
3103 575
3104 551
3104 552
3104 553
3104 554
3104 555
3104 556
3104 557
3104 558
3104 559
3106 31
3106 32
3106 33
3107 0
3107 1
3107 2
3107 3
3107 4
3107 5
3107 6
3107 7
3107 8
3107 9
3107 10
3107 11
3107 12
3107 13
3107 14
3107 15
3107 16
3107 574
3107 575
3108 553
3108 554
3108 555
3108 556
3108 557
3108 558
3108 559
3108 560
3108 561
3108 562
3108 563
3108 564
3111 2
3111 3
3111 4
3111 5
3111 6
3111 7
3111 8
3111 9
3111 10
3111 11
3111 12
3111 13
3111 14
3111 15
3111 16
3111 17
3111 18
3111 19
3111 20
3112 555
3112 556
3112 557
3112 558
3112 559
3112 560
3112 561
3112 562
3112 563
3112 564
3112 565
3112 566
3112 567
3112 568
3115 5
3115 6
3115 7
3115 8
3115 9
3115 10
3115 11
3115 12
3115 13
3115 14
3115 15
3115 16
3115 17
3115 18
3115 19
3115 20
3115 21
3115 22
3115 23
3116 557
3116 558
3116 559
3116 560
3116 561
3116 562
3116 563
3116 564
3116 565
3116 566
3116 567
3116 568
3116 569
3116 570
3116 571
3116 572
3119 9
3119 10
3119 11
3119 12
3119 13
3119 14
3119 15
3119 16
3119 17
3119 18
3119 19
3119 20
3119 21
3119 22
3119 23
3119 24
3119 25
3120 0
3120 560
3120 561
3120 562
3120 563
3120 564
3120 565
3120 566
3120 567
3120 568
3120 569
3120 570
3120 571
3120 572
3120 573
3120 574
3120 575
3123 14
3123 15
3123 16
3123 17
3123 18
3123 19
3123 20
3123 21
3123 22
3123 23
3123 24
3123 25
3123 26
3123 27
3123 28
3124 0
3124 1
3124 2
3124 3
3124 4
3124 563
3124 564
3124 565
3124 566
3124 567
3124 568
3124 569
3124 570
3124 571
3124 572
3124 573
3124 574
3124 575
3127 18
3127 19
3127 20
3127 21
3127 22
3127 23
3127 24
3127 25
3127 26
3127 27
3127 28
3127 29
3127 30
3128 0
3128 1
3128 2
3128 3
3128 4
3128 5
3128 6
3128 7
3128 8
3128 566
3128 567
3128 568
3128 569
3128 570
3128 571
3128 572
3128 573
3128 574
3128 575
3131 24
3131 25
3131 26
3131 27
3131 28
3131 29
3131 30
3131 31
3131 32
3132 0
3132 1
3132 2
3132 3
3132 4
3132 5
3132 6
3132 7
3132 8
3132 9
3132 10
3132 11
3132 570
3132 571
3132 572
3132 573
3132 574
3132 575
3133 552
3133 553
3133 554
3133 555
3136 0
3136 1
3136 2
3136 3
3136 4
3136 5
3136 6
3136 7
3136 8
3136 9
3136 10
3136 11
3136 12
3136 13
3136 14
3136 15
3136 573
3136 574
3136 575
3137 553
3137 554
3137 555
3137 556
3137 557
3137 558
3137 559
3137 560
3137 561
3140 1
3140 2
3140 3
3140 4
3140 5
3140 6
3140 7
3140 8
3140 9
3140 10
3140 11
3140 12
3140 13
3140 14
3140 15
3140 16
3140 17
3140 18
3141 555
3141 556
3141 557
3141 558
3141 559
3141 560
3141 561
3141 562
3141 563
3141 564
3141 565
3141 566
3144 5
3144 6
3144 7
3144 8
3144 9
3144 10
3144 11
3144 12
3144 13
3144 14
3144 15
3144 16
3144 17
3144 18
3144 19
3144 20
3144 21
3145 557
3145 558
3145 559
3145 560
3145 561
3145 562
3145 563
3145 564
3145 565
3145 566
3145 567
3145 568
3145 569
3145 570
3148 9
3148 10
3148 11
3148 12
3148 13
3148 14
3148 15
3148 16
3148 17
3148 18
3148 19
3148 20
3148 21
3148 22
3148 23
3148 24
3149 560
3149 561
3149 562
3149 563
3149 564
3149 565
3149 566
3149 567
3149 568
3149 569
3149 570
3149 571
3149 572
3149 573
3149 574
3152 13
3152 14
3152 15
3152 16
3152 17
3152 18
3152 19
3152 20
3152 21
3152 22
3152 23
3152 24
3152 25
3152 26
3152 27
3153 0
3153 1
3153 2
3153 563
3153 564
3153 565
3153 566
3153 567
3153 568
3153 569
3153 570
3153 571
3153 572
3153 573
3153 574
3153 575
3156 18
3156 19
3156 20
3156 21
3156 22
3156 23
3156 24
3156 25
3156 26
3156 27
3156 28
3156 29
3157 0
3157 1
3157 2
3157 3
3157 4
3157 5
3157 6
3157 566
3157 567
3157 568
3157 569
3157 570
3157 571
3157 572
3157 573
3157 574
3157 575
3160 24
3160 25
3160 26
3160 27
3160 28
3160 29
3160 30
3161 0
3161 1
3161 2
3161 3
3161 4
3161 5
3161 6
3161 7
3161 8
3161 9
3161 10
3161 569
3161 570
3161 571
3161 572
3161 573
3161 574
3161 575
3165 0
3165 1
3165 2
3165 3
3165 4
3165 5
3165 6
3165 7
3165 8
3165 9
3165 10
3165 11
3165 12
3165 13
3165 573
3165 574
3165 575
3166 555
3166 556
3169 0
3169 1
3169 2
3169 3
3169 4
3169 5
3169 6
3169 7
3169 8
3169 9
3169 10
3169 11
3169 12
3169 13
3169 14
3169 15
3169 16
3169 17
3170 555
3170 556
3170 557
3170 558
3170 559
3170 560
3170 561
3170 562
3170 563
3173 4
3173 5
3173 6
3173 7
3173 8
3173 9
3173 10
3173 11
3173 12
3173 13
3173 14
3173 15
3173 16
3173 17
3173 18
3173 19
3173 20
3174 557
3174 558
3174 559
3174 560
3174 561
3174 562
3174 563
3174 564
3174 565
3174 566
3174 567
3177 9
3177 10
3177 11
3177 12
3177 13
3177 14
3177 15
3177 16
3177 17
3177 18
3177 19
3177 20
3177 21
3177 22
3177 23
3178 559
3178 560
3178 561
3178 562
3178 563
3178 564
3178 565
3178 566
3178 567
3178 568
3178 569
3178 570
3178 571
3178 572
3181 13
3181 14
3181 15
3181 16
3181 17
3181 18
3181 19
3181 20
3181 21
3181 22
3181 23
3181 24
3181 25
3182 0
3182 562
3182 563
3182 564
3182 565
3182 566
3182 567
3182 568
3182 569
3182 570
3182 571
3182 572
3182 573
3182 574
3182 575
3185 18
3185 19
3185 20
3185 21
3185 22
3185 23
3185 24
3185 25
3185 26
3185 27
3186 0
3186 1
3186 2
3186 3
3186 4
3186 565
3186 566
3186 567
3186 568
3186 569
3186 570
3186 571
3186 572
3186 573
3186 574
3186 575
3189 25
3189 26
3189 27
3189 28
3190 0
3190 1
3190 2
3190 3
3190 4
3190 5
3190 6
3190 7
3190 8
3190 569
3190 570
3190 571
3190 572
3190 573
3190 574
3190 575
3194 0
3194 1
3194 2
3194 3
3194 4
3194 5
3194 6
3194 7
3194 8
3194 9
3194 10
3194 11
3194 572
3194 573
3194 574
3194 575
3198 0
3198 1
3198 2
3198 3
3198 4
3198 5
3198 6
3198 7
3198 8
3198 9
3198 10
3198 11
3198 12
3198 13
3198 14
3198 15
3202 4
3202 5
3202 6
3202 7
3202 8
3202 9
3202 10
3202 11
3202 12
3202 13
3202 14
3202 15
3202 16
3202 17
3202 18
3203 558
3203 559
3203 560
3203 561
3203 562
3203 563
3203 564
3206 9
3206 10
3206 11
3206 12
3206 13
3206 14
3206 15
3206 16
3206 17
3206 18
3206 19
3206 20
3206 21
3207 560
3207 561
3207 562
3207 563
3207 564
3207 565
3207 566
3207 567
3207 568
3207 569
3210 13
3210 14
3210 15
3210 16
3210 17
3210 18
3210 19
3210 20
3210 21
3210 22
3210 23
3211 562
3211 563
3211 564
3211 565
3211 566
3211 567
3211 568
3211 569
3211 570
3211 571
3211 572
3211 573
3214 19
3214 20
3214 21
3214 22
3214 23
3214 24
3214 25
3215 0
3215 1
3215 2
3215 565
3215 566
3215 567
3215 568
3215 569
3215 570
3215 571
3215 572
3215 573
3215 574
3215 575
3219 0
3219 1
3219 2
3219 3
3219 4
3219 5
3219 6
3219 569
3219 570
3219 571
3219 572
3219 573
3219 574
3219 575
3223 0
3223 1
3223 2
3223 3
3223 4
3223 5
3223 6
3223 7
3223 8
3223 9
3223 572
3223 573
3223 574
3223 575
3227 0
3227 1
3227 2
3227 3
3227 4
3227 5
3227 6
3227 7
3227 8
3227 9
3227 10
3227 11
3227 12
3227 13
3231 4
3231 5
3231 6
3231 7
3231 8
3231 9
3231 10
3231 11
3231 12
3231 13
3231 14
3231 15
3231 16
3235 9
3235 10
3235 11
3235 12
3235 13
3235 14
3235 15
3235 16
3235 17
3235 18
3235 19
3236 563
3239 14
3239 15
3239 16
3239 17
3239 18
3239 19
3239 20
3239 21
3240 564
3240 565
3240 566
3240 567
3240 568
3240 569
3240 570
3244 566
3244 567
3244 568
3244 569
3244 570
3244 571
3244 572
3244 573
3244 574
3248 0
3248 1
3248 2
3248 3
3248 570
3248 571
3248 572
3248 573
3248 574
3248 575
3252 0
3252 1
3252 2
3252 3
3252 4
3252 5
3252 6
3252 7
3252 573
3252 574
3252 575
3256 1
3256 2
3256 3
3256 4
3256 5
3256 6
3256 7
3256 8
3256 9
3256 10
3260 5
3260 6
3260 7
3260 8
3260 9
3260 10
3260 11
3260 12
3260 13
3264 10
3264 11
3264 12
3264 13
3264 14
3264 15
3264 16
3281 0
3281 1
3281 2
3285 4
3285 5
3285 6
