1069 18
1069 19
1069 20
1069 21
1076 21
1076 22
1076 23
1076 24
1083 25
1083 26
1083 27
1083 28
1090 29
1090 30
1094 16
1094 17
1094 18
1094 19
1101 19
1101 20
1101 21
1101 22
1101 23
1108 23
1108 24
1108 25
1108 26
2454 164
2461 165
2461 166
2461 167
2461 168
2461 169
2468 168
2468 169
2468 170
2468 171
2468 172
2468 173
2472 157
2472 158
2472 159
2472 160
2475 172
2475 173
2475 174
2475 175
2475 176
2475 177
2479 159
2479 160
2479 161
2479 162
2479 163
2479 164
2479 165
2482 175
2482 176
2482 177
2482 178
2482 179
2482 180
2482 181
2486 162
2486 163
2486 164
2486 165
2486 166
2486 167
2486 168
2486 169
2489 180
2489 181
2489 182
2489 183
2490 151
2490 152
2490 153
2490 154
2490 155
2493 165
2493 166
2493 167
2493 168
2493 169
2493 170
2493 171
2493 172
2493 173
2497 153
2497 154
2497 155
2497 156
2497 157
2497 158
2497 159
2497 160
2500 169
2500 170
2500 171
2500 172
2500 173
2500 174
2500 175
2500 176
2500 177
2504 156
2504 157
2504 158
2504 159
2504 160
2504 161
2504 162
2504 163
2504 164
2507 173
2507 174
2507 175
2507 176
2507 177
2507 178
2507 179
2507 180
2508 146
2508 147
2508 148
2508 149
2511 159
2511 160
2511 161
2511 162
2511 163
2511 164
2511 165
2511 166
2511 167
2511 168
2514 177
2514 178
2514 179
2514 180
2514 181
2514 182
2514 183
2515 148
2515 149
2515 150
2515 151
2515 152
2515 153
2515 154
2515 155
2518 163
2518 164
2518 165
2518 166
2518 167
2518 168
2518 169
2518 170
2518 171
2518 172
2521 182
2521 183
2521 184
2521 185
2522 150
2522 151
2522 152
2522 153
2522 154
2522 155
2522 156
2522 157
2522 158
2522 159
2525 166
2525 167
2525 168
2525 169
2525 170
2525 171
2525 172
2525 173
2525 174
2525 175
2525 176
2529 154
2529 155
2529 156
2529 157
2529 158
2529 159
2529 160
2529 161
2529 162
2529 163
2532 170
2532 171
2532 172
2532 173
2532 174
2532 175
2532 176
2532 177
2532 178
2532 179
2533 143
2533 144
2533 145
2533 146
2533 147
2533 148
2533 149
2536 157
2536 158
2536 159
2536 160
2536 161
2536 162
2536 163
2536 164
2536 165
2536 166
2536 167
2539 175
2539 176
2539 177
2539 178
2539 179
2539 180
2539 181
2539 182
2540 145
2540 146
2540 147
2540 148
2540 149
2540 150
2540 151
2540 152
2540 153
2540 154
2543 160
2543 161
2543 162
2543 163
2543 164
2543 165
2543 166
2543 167
2543 168
2543 169
2543 170
2543 171
2546 180
2546 181
2546 182
2546 183
2546 184
2547 148
2547 149
2547 150
2547 151
2547 152
2547 153
2547 154
2547 155
2547 156
2547 157
2547 158
2550 164
2550 165
2550 166
2550 167
2550 168
2550 169
2550 170
2550 171
2550 172
2550 173
2550 174
2550 175
2551 139
2551 140
2551 141
2551 142
2554 151
2554 152
2554 153
2554 154
2554 155
2554 156
2554 157
2554 158
2554 159
2554 160
2554 161
2554 162
2557 168
2557 169
2557 170
2557 171
2557 172
2557 173
2557 174
2557 175
2557 176
2557 177
2557 178
2558 141
2558 142
2558 143
2558 144
2558 145
2558 146
2558 147
2558 148
2561 155
2561 156
2561 157
2561 158
2561 159
2561 160
2561 161
2561 162
2561 163
2561 164
2561 165
2561 166
2564 173
2564 174
2564 175
2564 176
2564 177
2564 178
2564 179
2564 180
2564 181
2565 143
2565 144
2565 145
2565 146
2565 147
2565 148
2565 149
2565 150
2565 151
2565 152
2568 159
2568 160
2568 161
2568 162
2568 163
2568 164
2568 165
2568 166
2568 167
2568 168
2568 169
2568 170
2571 178
2571 179
2571 180
2571 181
2571 182
2571 183
2572 146
2572 147
2572 148
2572 149
2572 150
2572 151
2572 152
2572 153
2572 154
2572 155
2572 156
2572 157
2575 162
2575 163
2575 164
2575 165
2575 166
2575 167
2575 168
2575 169
2575 170
2575 171
2575 172
2575 173
2576 137
2576 138
2576 139
2576 140
2576 141
2579 149
2579 150
2579 151
2579 152
2579 153
2579 154
2579 155
2579 156
2579 157
2579 158
2579 159
2579 160
2579 161
2582 167
2582 168
2582 169
2582 170
2582 171
2582 172
2582 173
2582 174
2582 175
2582 176
2583 139
2583 140
2583 141
2583 142
2583 143
2583 144
2583 145
2583 146
2586 153
2586 154
2586 155
2586 156
2586 157
2586 158
2586 159
2586 160
2586 161
2586 162
2586 163
2586 164
2586 165
2589 171
2589 172
2589 173
2589 174
2589 175
2589 176
2589 177
2589 178
2589 179
2590 141
2590 142
2590 143
2590 144
2590 145
2590 146
2590 147
2590 148
2590 149
2590 150
2590 151
2593 157
2593 158
2593 159
2593 160
2593 161
2593 162
2593 163
2593 164
2593 165
2593 166
2593 167
2593 168
2596 177
2596 178
2596 179
2596 180
2596 181
2597 144
2597 145
2597 146
2597 147
2597 148
2597 149
2597 150
2597 151
2597 152
2597 153
2597 154
2597 155
2600 161
2600 162
2600 163
2600 164
2600 165
2600 166
2600 167
2600 168
2600 169
2600 170
2600 171
2600 172
2601 135
2601 136
2601 137
2601 138
2601 139
2604 148
2604 149
2604 150
2604 151
2604 152
2604 153
2604 154
2604 155
2604 156
2604 157
2604 158
2604 159
2607 165
2607 166
2607 167
2607 168
2607 169
2607 170
2607 171
2607 172
2607 173
2607 174
2607 175
2608 137
2608 138
2608 139
2608 140
2608 141
2608 142
2608 143
2608 144
2611 151
2611 152
2611 153
2611 154
2611 155
2611 156
2611 157
2611 158
2611 159
2611 160
2611 161
2611 162
2611 163
2614 170
2614 171
2614 172
2614 173
2614 174
2614 175
2614 176
2614 177
2615 140
2615 141
2615 142
2615 143
2615 144
2615 145
2615 146
2615 147
2615 148
2615 149
2618 155
2618 156
2618 157
2618 158
2618 159
2618 160
2618 161
2618 162
2618 163
2618 164
2618 165
2618 166
2618 167
2621 177
2621 178
2622 143
2622 144
2622 145
2622 146
2622 147
2622 148
2622 149
2622 150
2622 151
2622 152
2622 153
2625 159
2625 160
2625 161
2625 162
2625 163
2625 164
2625 165
2625 166
2625 167
2625 168
2625 169
2625 170
2626 134
2626 135
2626 136
2626 137
2629 146
2629 147
2629 148
2629 149
2629 150
2629 151
2629 152
2629 153
2629 154
2629 155
2629 156
2629 157
2632 164
2632 165
2632 166
2632 167
2632 168
2632 169
2632 170
2632 171
2632 172
2632 173
2633 136
2633 137
2633 138
2633 139
2633 140
2633 141
2633 142
2636 150
2636 151
2636 152
2636 153
2636 154
2636 155
2636 156
2636 157
2636 158
2636 159
2636 160
2636 161
2639 169
2639 170
2639 171
2639 172
2639 173
2639 174
2639 175
2640 138
2640 139
2640 140
2640 141
2640 142
2640 143
2640 144
2640 145
2640 146
2640 147
2643 154
2643 155
2643 156
2643 157
2643 158
2643 159
2643 160
2643 161
2643 162
2643 163
2643 164
2643 165
2647 141
2647 142
2647 143
2647 144
2647 145
2647 146
2647 147
2647 148
2647 149
2647 150
2647 151
2650 158
2650 159
2650 160
2650 161
2650 162
2650 163
2650 164
2650 165
2650 166
2650 167
2650 168
2654 145
2654 146
2654 147
2654 148
2654 149
2654 150
2654 151
2654 152
2654 153
2654 154
2654 155
2657 163
2657 164
2657 165
2657 166
2657 167
2657 168
2657 169
2657 170
2658 135
2658 136
2658 137
2658 138
2658 139
2658 140
2661 149
2661 150
2661 151
2661 152
2661 153
2661 154
2661 155
2661 156
2661 157
2661 158
2661 159
2664 169
2664 170
2664 171
2664 172
2665 137
2665 138
2665 139
2665 140
2665 141
2665 142
2665 143
2665 144
2668 153
2668 154
2668 155
2668 156
2668 157
2668 158
2668 159
2668 160
2668 161
2668 162
2672 141
2672 142
2672 143
2672 144
2672 145
2672 146
2672 147
2672 148
2672 149
2675 157
2675 158
2675 159
2675 160
2675 161
2675 162
2675 163
2675 164
2675 165
2679 144
2679 145
2679 146
2679 147
2679 148
2679 149
2679 150
2679 151
2679 152
2679 153
2682 163
2682 164
2682 165
2682 166
2682 167
2686 148
2686 149
2686 150
2686 151
2686 152
2686 153
2686 154
2686 155
2686 156
2690 137
2690 138
2690 139
2690 140
2690 141
2693 152
2693 153
2693 154
2693 155
2693 156
2693 157
2693 158
2693 159
2697 140
2697 141
2697 142
2697 143
2697 144
2697 145
2700 157
2700 158
2700 159
2700 160
2700 161
2700 162
2704 144
2704 145
2704 146
2704 147
2704 148
2704 149
2711 148
2711 149
2711 150
2711 151
2711 152
2711 153
2718 153
2718 154
2718 155
4238 237
4238 238
4256 231
4256 232
4256 233
4256 234
4263 234
4263 235
4263 236
4263 237
4263 238
4270 237
4270 238
4270 239
4270 240
4270 241
4270 242
4274 227
4274 228
4277 242
4277 243
4277 244
4281 228
4281 229
4281 230
4281 231
4281 232
4281 233
4288 231
4288 232
4288 233
4288 234
4288 235
4288 236
4288 237
4295 235
4295 236
4295 237
4295 238
4295 239
4295 240
4295 241
4299 226
4302 239
4302 240
4302 241
4302 242
4302 243
4302 244
4306 227
4306 228
4306 229
4306 230
4306 231
4306 232
4309 244
4309 245
4309 246
4313 230
4313 231
4313 232
4313 233
4313 234
4313 235
4313 236
4320 233
4320 234
4320 235
4320 236
4320 237
4320 238
4320 239
4327 237
4327 238
4327 239
4327 240
4327 241
4327 242
4331 226
4331 227
4331 228
4331 229
4334 242
4334 243
4334 244
4334 245
4338 229
4338 230
4338 231
4338 232
4338 233
4338 234
4345 232
4345 233
4345 234
4345 235
4345 236
4345 237
4352 236
4352 237
4352 238
4352 239
4352 240
4359 240
4359 241
4359 242
4359 243
4363 229
4363 230
4370 232
4370 233
4370 234
4377 235
4377 236
4377 237
