846 197
846 198
846 199
848 201
848 202
848 203
850 205
850 206
861 189
861 190
863 191
863 192
863 193
863 194
863 195
865 194
865 195
865 196
865 197
865 198
865 199
865 200
867 197
867 198
867 199
867 200
867 201
867 202
867 203
867 204
869 201
869 202
869 203
869 204
869 205
869 206
869 207
871 205
871 206
871 207
871 208
871 209
871 210
873 210
873 211
873 212
873 213
880 186
880 187
880 188
880 189
880 190
882 188
882 189
882 190
882 191
882 192
882 193
882 194
882 195
884 191
884 192
884 193
884 194
884 195
884 196
884 197
884 198
884 199
886 195
886 196
886 197
886 198
886 199
886 200
886 201
886 202
886 203
888 198
888 199
888 200
888 201
888 202
888 203
888 204
888 205
888 206
888 207
890 202
890 203
890 204
890 205
890 206
890 207
890 208
890 209
890 210
890 211
892 207
892 208
892 209
892 210
892 211
892 212
892 213
892 214
894 211
894 212
894 213
894 214
894 215
894 216
894 217
899 183
899 184
899 185
899 186
899 187
899 188
899 189
901 186
901 187
901 188
901 189
901 190
901 191
901 192
901 193
901 194
903 189
903 190
903 191
903 192
903 193
903 194
903 195
903 196
903 197
903 198
905 192
905 193
905 194
905 195
905 196
905 197
905 198
905 199
905 200
905 201
905 202
905 203
907 196
907 197
907 198
907 199
907 200
907 201
907 202
907 203
907 204
907 205
907 206
907 207
909 200
909 201
909 202
909 203
909 204
909 205
909 206
909 207
909 208
909 209
909 210
911 204
911 205
911 206
911 207
911 208
911 209
911 210
911 211
911 212
911 213
911 214
913 208
913 209
913 210
913 211
913 212
913 213
913 214
913 215
913 216
913 217
915 213
915 214
915 215
915 216
915 217
915 218
915 219
915 220
917 220
918 181
918 182
918 183
918 184
918 185
918 186
918 187
918 188
920 184
920 185
920 186
920 187
920 188
920 189
920 190
920 191
920 192
920 193
922 187
922 188
922 189
922 190
922 191
922 192
922 193
922 194
922 195
922 196
922 197
922 198
924 190
924 191
924 192
924 193
924 194
924 195
924 196
924 197
924 198
924 199
924 200
924 201
924 202
926 194
926 195
926 196
926 197
926 198
926 199
926 200
926 201
926 202
926 203
926 204
926 205
926 206
928 198
928 199
928 200
928 201
928 202
928 203
928 204
928 205
928 206
928 207
928 208
928 209
928 210
930 202
930 203
930 204
930 205
930 206
930 207
930 208
930 209
930 210
930 211
930 212
930 213
932 206
932 207
932 208
932 209
932 210
932 211
932 212
932 213
932 214
932 215
932 216
932 217
934 211
934 212
934 213
934 214
934 215
934 216
934 217
934 218
934 219
934 220
935 179
935 180
936 216
936 217
936 218
936 219
936 220
936 221
936 222
936 223
937 179
937 180
937 181
937 182
937 183
937 184
937 185
937 186
937 187
939 182
939 183
939 184
939 185
939 186
939 187
939 188
939 189
939 190
939 191
939 192
941 185
941 186
941 187
941 188
941 189
941 190
941 191
941 192
941 193
941 194
941 195
941 196
943 188
943 189
943 190
943 191
943 192
943 193
943 194
943 195
943 196
943 197
943 198
943 199
943 200
943 201
945 192
945 193
945 194
945 195
945 196
945 197
945 198
945 199
945 200
945 201
945 202
945 203
945 204
945 205
947 196
947 197
947 198
947 199
947 200
947 201
947 202
947 203
947 204
947 205
947 206
947 207
947 208
947 209
949 200
949 201
949 202
949 203
949 204
949 205
949 206
949 207
949 208
949 209
949 210
949 211
949 212
949 213
951 204
951 205
951 206
951 207
951 208
951 209
951 210
951 211
951 212
951 213
951 214
951 215
951 216
951 217
953 208
953 209
953 210
953 211
953 212
953 213
953 214
953 215
953 216
953 217
953 218
953 219
953 220
954 177
954 178
955 213
955 214
955 215
955 216
955 217
955 218
955 219
955 220
955 221
955 222
955 223
956 178
956 179
956 180
956 181
956 182
956 183
956 184
956 185
957 219
957 220
957 221
957 222
957 223
957 224
957 225
958 180
958 181
958 182
958 183
958 184
958 185
958 186
958 187
958 188
958 189
958 190
958 191
960 4
960 5
960 6
960 7
960 183
960 184
960 185
960 186
960 187
960 188
960 189
960 190
960 191
960 192
960 193
960 194
960 195
962 8
962 9
962 10
962 11
962 12
962 186
962 187
962 188
962 189
962 190
962 191
962 192
962 193
962 194
962 195
962 196
962 197
962 198
962 199
962 200
964 12
964 13
964 14
964 15
964 16
964 190
964 191
964 192
964 193
964 194
964 195
964 196
964 197
964 198
964 199
964 200
964 201
964 202
964 203
964 204
966 16
966 17
966 18
966 19
966 20
966 194
966 195
966 196
966 197
966 198
966 199
966 200
966 201
966 202
966 203
966 204
966 205
966 206
966 207
966 208
968 21
968 22
968 23
968 198
968 199
968 200
968 201
968 202
968 203
968 204
968 205
968 206
968 207
968 208
968 209
968 210
968 211
968 212
970 202
970 203
970 204
970 205
970 206
970 207
970 208
970 209
970 210
970 211
970 212
970 213
970 214
970 215
970 216
972 206
972 207
972 208
972 209
972 210
972 211
972 212
972 213
972 214
972 215
972 216
972 217
972 218
972 219
972 220
973 176
973 177
974 211
974 212
974 213
974 214
974 215
974 216
974 217
974 218
974 219
974 220
974 221
974 222
974 223
975 176
975 177
975 178
975 179
975 180
975 181
975 182
975 183
975 184
976 216
976 217
976 218
976 219
976 220
976 221
976 222
976 223
976 224
976 225
976 226
977 0
977 1
977 2
977 178
977 179
977 180
977 181
977 182
977 183
977 184
977 185
977 186
977 187
977 188
977 189
977 575
978 222
978 223
978 224
978 225
978 226
978 227
978 228
979 2
979 3
979 4
979 5
979 6
979 7
979 181
979 182
979 183
979 184
979 185
979 186
979 187
979 188
979 189
979 190
979 191
979 192
979 193
979 194
981 5
981 6
981 7
981 8
981 9
981 10
981 11
981 12
981 184
981 185
981 186
981 187
981 188
981 189
981 190
981 191
981 192
981 193
981 194
981 195
981 196
981 197
981 198
981 199
983 9
983 10
983 11
983 12
983 13
983 14
983 15
983 16
983 188
983 189
983 190
983 191
983 192
983 193
983 194
983 195
983 196
983 197
983 198
983 199
983 200
983 201
983 202
983 203
985 13
985 14
985 15
985 16
985 17
985 18
985 19
985 20
985 192
985 193
985 194
985 195
985 196
985 197
985 198
985 199
985 200
985 201
985 202
985 203
985 204
985 205
985 206
985 207
987 18
987 19
987 20
987 21
987 22
987 23
987 24
987 196
987 197
987 198
987 199
987 200
987 201
987 202
987 203
987 204
987 205
987 206
987 207
987 208
987 209
987 210
987 211
989 22
989 23
989 24
989 25
989 26
989 27
989 200
989 201
989 202
989 203
989 204
989 205
989 206
989 207
989 208
989 209
989 210
989 211
989 212
989 213
989 214
989 215
991 204
991 205
991 206
991 207
991 208
991 209
991 210
991 211
991 212
991 213
991 214
991 215
991 216
991 217
991 218
991 219
993 209
993 210
993 211
993 212
993 213
993 214
993 215
993 216
993 217
993 218
993 219
993 220
993 221
993 222
993 223
994 174
994 175
994 176
994 177
994 178
994 179
994 180
994 181
994 182
995 214
995 215
995 216
995 217
995 218
995 219
995 220
995 221
995 222
995 223
995 224
995 225
995 226
996 0
996 1
996 2
996 177
996 178
996 179
996 180
996 181
996 182
996 183
996 184
996 185
996 186
996 187
996 188
996 572
996 573
996 574
996 575
997 219
997 220
997 221
997 222
997 223
997 224
997 225
997 226
997 227
997 228
997 229
998 0
998 1
998 2
998 3
998 4
998 5
998 6
998 7
998 180
998 181
998 182
998 183
998 184
998 185
998 186
998 187
998 188
998 189
998 190
998 191
998 192
998 193
999 225
999 226
999 227
999 228
999 229
999 230
1000 3
1000 4
1000 5
1000 6
1000 7
1000 8
1000 9
1000 10
1000 11
1000 12
1000 183
1000 184
1000 185
1000 186
1000 187
1000 188
1000 189
1000 190
1000 191
1000 192
1000 193
1000 194
1000 195
1000 196
1000 197
1000 198
1002 7
1002 8
1002 9
1002 10
1002 11
1002 12
1002 13
1002 14
1002 15
1002 16
1002 186
1002 187
1002 188
1002 189
1002 190
1002 191
1002 192
1002 193
1002 194
1002 195
1002 196
1002 197
1002 198
1002 199
1002 200
1002 201
1002 202
1004 11
1004 12
1004 13
1004 14
1004 15
1004 16
1004 17
1004 18
1004 19
1004 20
1004 190
1004 191
1004 192
1004 193
1004 194
1004 195
1004 196
1004 197
1004 198
1004 199
1004 200
1004 201
1004 202
1004 203
1004 204
1004 205
1004 206
1006 16
1006 17
1006 18
1006 19
1006 20
1006 21
1006 22
1006 23
1006 24
1006 194
1006 195
1006 196
1006 197
1006 198
1006 199
1006 200
1006 201
1006 202
1006 203
1006 204
1006 205
1006 206
1006 207
1006 208
1006 209
1006 210
1006 211
1008 20
1008 21
1008 22
1008 23
1008 24
1008 25
1008 26
1008 27
1008 198
1008 199
1008 200
1008 201
1008 202
1008 203
1008 204
1008 205
1008 206
1008 207
1008 208
1008 209
1008 210
1008 211
1008 212
1008 213
1008 214
1008 215
1010 25
1010 26
1010 27
1010 28
1010 29
1010 30
1010 202
1010 203
1010 204
1010 205
1010 206
1010 207
1010 208
1010 209
1010 210
1010 211
1010 212
1010 213
1010 214
1010 215
1010 216
1010 217
1010 218
1012 207
1012 208
1012 209
1012 210
1012 211
1012 212
1012 213
1012 214
1012 215
1012 216
1012 217
1012 218
1012 219
1012 220
1012 221
1012 222
1013 173
1013 174
1013 175
1013 176
1013 177
1013 178
1013 179
1013 180
1013 181
1013 568
1013 569
1013 570
1013 571
1014 212
1014 213
1014 214
1014 215
1014 216
1014 217
1014 218
1014 219
1014 220
1014 221
1014 222
1014 223
1014 224
1014 225
1014 226
1015 0
1015 1
1015 175
1015 176
1015 177
1015 178
1015 179
1015 180
1015 181
1015 182
1015 183
1015 184
1015 185
1015 186
1015 571
1015 572
1015 573
1015 574
1015 575
1016 217
1016 218
1016 219
1016 220
1016 221
1016 222
1016 223
1016 224
1016 225
1016 226
1016 227
1016 228
1016 229
1017 0
1017 1
1017 2
1017 3
1017 4
1017 5
1017 6
1017 178
1017 179
1017 180
1017 181
1017 182
1017 183
1017 184
1017 185
1017 186
1017 187
1017 188
1017 189
1017 190
1017 191
1017 192
1017 574
1017 575
1018 222
1018 223
1018 224
1018 225
1018 226
1018 227
1018 228
1018 229
1018 230
1018 231
1019 1
1019 2
1019 3
1019 4
1019 5
1019 6
1019 7
1019 8
1019 9
1019 10
1019 11
1019 181
1019 182
1019 183
1019 184
1019 185
1019 186
1019 187
1019 188
1019 189
1019 190
1019 191
1019 192
1019 193
1019 194
1019 195
1019 196
1020 230
1020 231
1021 5
1021 6
1021 7
1021 8
1021 9
1021 10
1021 11
1021 12
1021 13
1021 14
1021 15
1021 185
1021 186
1021 187
1021 188
1021 189
1021 190
1021 191
1021 192
1021 193
1021 194
1021 195
1021 196
1021 197
1021 198
1021 199
1021 200
1021 201
1023 9
1023 10
1023 11
1023 12
1023 13
1023 14
1023 15
1023 16
1023 17
1023 18
1023 19
1023 188
1023 189
1023 190
1023 191
1023 192
1023 193
1023 194
1023 195
1023 196
1023 197
1023 198
1023 199
1023 200
1023 201
1023 202
1023 203
1023 204
1023 205
1025 14
1025 15
1025 16
1025 17
1025 18
1025 19
1025 20
1025 21
1025 22
1025 23
1025 192
1025 193
1025 194
1025 195
1025 196
1025 197
1025 198
1025 199
1025 200
1025 201
1025 202
1025 203
1025 204
1025 205
1025 206
1025 207
1025 208
1025 209
1025 210
1027 18
1027 19
1027 20
1027 21
1027 22
1027 23
1027 24
1027 25
1027 26
1027 27
1027 196
1027 197
1027 198
1027 199
1027 200
1027 201
1027 202
1027 203
1027 204
1027 205
1027 206
1027 207
1027 208
1027 209
1027 210
1027 211
1027 212
1027 213
1027 214
1029 23
1029 24
1029 25
1029 26
1029 27
1029 28
1029 29
1029 30
1029 201
1029 202
1029 203
1029 204
1029 205
1029 206
1029 207
1029 208
1029 209
1029 210
1029 211
1029 212
1029 213
1029 214
1029 215
1029 216
1029 217
1029 218
1031 28
1031 29
1031 30
1031 31
1031 32
1031 205
1031 206
1031 207
1031 208
1031 209
1031 210
1031 211
1031 212
1031 213
1031 214
1031 215
1031 216
1031 217
1031 218
1031 219
1031 220
1031 221
1031 222
1032 172
1032 173
1032 174
1032 175
1032 176
1032 177
1032 178
1032 179
1032 567
1032 568
1032 569
1032 570
1033 210
1033 211
1033 212
1033 213
1033 214
1033 215
1033 216
1033 217
1033 218
1033 219
1033 220
1033 221
1033 222
1033 223
1033 224
1033 225
1034 0
1034 174
1034 175
1034 176
1034 177
1034 178
1034 179
1034 180
1034 181
1034 182
1034 183
1034 184
1034 185
1034 569
1034 570
1034 571
1034 572
1034 573
1034 574
1034 575
1035 215
1035 216
1035 217
1035 218
1035 219
1035 220
1035 221
1035 222
1035 223
1035 224
1035 225
1035 226
1035 227
1035 228
1035 229
1036 0
1036 1
1036 2
1036 3
1036 4
1036 5
1036 6
1036 177
1036 178
1036 179
1036 180
1036 181
1036 182
1036 183
1036 184
1036 185
1036 186
1036 187
1036 188
1036 189
1036 190
1036 572
1036 573
1036 574
1036 575
1037 220
1037 221
1037 222
1037 223
1037 224
1037 225
1037 226
1037 227
1037 228
1037 229
1037 230
1037 231
1038 0
1038 1
1038 2
1038 3
1038 4
1038 5
1038 6
1038 7
1038 8
1038 9
1038 10
1038 180
1038 181
1038 182
1038 183
1038 184
1038 185
1038 186
1038 187
1038 188
1038 189
1038 190
1038 191
1038 192
1038 193
1038 194
1038 195
1039 226
1039 227
1039 228
1039 229
1039 230
1039 231
1039 232
1039 233
1039 234
1040 4
1040 5
1040 6
1040 7
1040 8
1040 9
1040 10
1040 11
1040 12
1040 13
1040 14
1040 15
1040 183
1040 184
1040 185
1040 186
1040 187
1040 188
1040 189
1040 190
1040 191
1040 192
1040 193
1040 194
1040 195
1040 196
1040 197
1040 198
1040 199
1040 200
1042 8
1042 9
1042 10
1042 11
1042 12
1042 13
1042 14
1042 15
1042 16
1042 17
1042 18
1042 19
1042 187
1042 188
1042 189
1042 190
1042 191
1042 192
1042 193
1042 194
1042 195
1042 196
1042 197
1042 198
1042 199
1042 200
1042 201
1042 202
1042 203
1042 204
1044 12
1044 13
1044 14
1044 15
1044 16
1044 17
1044 18
1044 19
1044 20
1044 21
1044 22
1044 23
1044 191
1044 192
1044 193
1044 194
1044 195
1044 196
1044 197
1044 198
1044 199
1044 200
1044 201
1044 202
1044 203
1044 204
1044 205
1044 206
1044 207
1044 208
1046 17
1046 18
1046 19
1046 20
1046 21
1046 22
1046 23
1046 24
1046 25
1046 26
1046 195
1046 196
1046 197
1046 198
1046 199
1046 200
1046 201
1046 202
1046 203
1046 204
1046 205
1046 206
1046 207
1046 208
1046 209
1046 210
1046 211
1046 212
1046 213
1048 21
1048 22
1048 23
1048 24
1048 25
1048 26
1048 27
1048 28
1048 29
1048 199
1048 200
1048 201
1048 202
1048 203
1048 204
1048 205
1048 206
1048 207
1048 208
1048 209
1048 210
1048 211
1048 212
1048 213
1048 214
1048 215
1048 216
1048 217
1050 26
1050 27
1050 28
1050 29
1050 30
1050 31
1050 32
1050 203
1050 204
1050 205
1050 206
1050 207
1050 208
1050 209
1050 210
1050 211
1050 212
1050 213
1050 214
1050 215
1050 216
1050 217
1050 218
1050 219
1050 220
1050 221
1051 171
1051 172
1051 173
1051 174
1051 175
1051 176
1051 177
1051 566
1051 567
1051 568
1051 569
1052 32
1052 33
1052 34
1052 208
1052 209
1052 210
1052 211
1052 212
1052 213
1052 214
1052 215
1052 216
1052 217
1052 218
1052 219
1052 220
1052 221
1052 222
1052 223
1052 224
1052 225
1053 173
1053 174
1053 175
1053 176
1053 177
1053 178
1053 179
1053 180
1053 181
1053 182
1053 183
1053 568
1053 569
1053 570
1053 571
1053 572
1053 573
1053 574
1053 575
1054 213
1054 214
1054 215
1054 216
1054 217
1054 218
1054 219
1054 220
1054 221
1054 222
1054 223
1054 224
1054 225
1054 226
1054 227
1054 228
1055 0
1055 1
1055 2
1055 3
1055 4
1055 175
1055 176
1055 177
1055 178
1055 179
1055 180
1055 181
1055 182
1055 183
1055 184
1055 185
1055 186
1055 187
1055 188
1055 189
1055 571
1055 572
1055 573
1055 574
1055 575
1056 218
1056 219
1056 220
1056 221
1056 222
1056 223
1056 224
1056 225
1056 226
1056 227
1056 228
1056 229
1056 230
1056 231
1057 0
1057 1
1057 2
1057 3
1057 4
1057 5
1057 6
1057 7
1057 8
1057 9
1057 178
1057 179
1057 180
1057 181
1057 182
1057 183
1057 184
1057 185
1057 186
1057 187
1057 188
1057 189
1057 190
1057 191
1057 192
1057 193
1057 194
1057 575
1058 224
1058 225
1058 226
1058 227
1058 228
1058 229
1058 230
1058 231
1058 232
1058 233
1058 234
1059 2
1059 3
1059 4
1059 5
1059 6
1059 7
1059 8
1059 9
1059 10
1059 11
1059 12
1059 13
1059 14
1059 182
1059 183
1059 184
1059 185
1059 186
1059 187
1059 188
1059 189
1059 190
1059 191
1059 192
1059 193
1059 194
1059 195
1059 196
1059 197
1059 198
1060 231
1060 232
1060 233
1060 234
1060 235
1060 236
1061 6
1061 7
1061 8
1061 9
1061 10
1061 11
1061 12
1061 13
1061 14
1061 15
1061 16
1061 17
1061 18
1061 185
1061 186
1061 187
1061 188
1061 189
1061 190
1061 191
1061 192
1061 193
1061 194
1061 195
1061 196
1061 197
1061 198
1061 199
1061 200
1061 201
1061 202
1061 203
1063 11
1063 12
1063 13
1063 14
1063 15
1063 16
1063 17
1063 18
1063 19
1063 20
1063 21
1063 22
1063 189
1063 190
1063 191
1063 192
1063 193
1063 194
1063 195
1063 196
1063 197
1063 198
1063 199
1063 200
1063 201
1063 202
1063 203
1063 204
1063 205
1063 206
1063 207
1065 15
1065 16
1065 17
1065 18
1065 19
1065 20
1065 21
1065 22
1065 23
1065 24
1065 25
1065 193
1065 194
1065 195
1065 196
1065 197
1065 198
1065 199
1065 200
1065 201
1065 202
1065 203
1065 204
1065 205
1065 206
1065 207
1065 208
1065 209
1065 210
1065 211
1065 212
1067 20
1067 21
1067 22
1067 23
1067 24
1067 25
1067 26
1067 27
1067 28
1067 29
1067 197
1067 198
1067 199
1067 200
1067 201
1067 202
1067 203
1067 204
1067 205
1067 206
1067 207
1067 208
1067 209
1067 210
1067 211
1067 212
1067 213
1067 214
1067 215
1067 216
1069 24
1069 25
1069 26
1069 27
1069 28
1069 29
1069 30
1069 31
1069 32
1069 202
1069 203
1069 204
1069 205
1069 206
1069 207
1069 208
1069 209
1069 210
1069 211
1069 212
1069 213
1069 214
1069 215
1069 216
1069 217
1069 218
1069 219
1069 220
1070 171
1070 172
1070 173
1070 174
1070 175
1070 565
1070 566
1070 567
1071 30
1071 31
1071 32
1071 33
1071 34
1071 206
1071 207
1071 208
1071 209
1071 210
1071 211
1071 212
1071 213
1071 214
1071 215
1071 216
1071 217
1071 218
1071 219
1071 220
1071 221
1071 222
1071 223
1071 224
1072 172
1072 173
1072 174
1072 175
1072 176
1072 177
1072 178
1072 179
1072 180
1072 181
1072 182
1072 567
1072 568
1072 569
1072 570
1072 571
1072 572
1072 573
1072 574
1073 211
1073 212
1073 213
1073 214
1073 215
1073 216
1073 217
1073 218
1073 219
1073 220
1073 221
1073 222
1073 223
1073 224
1073 225
1073 226
1073 227
1073 228
1074 0
1074 1
1074 2
1074 3
1074 174
1074 175
1074 176
1074 177
1074 178
1074 179
1074 180
1074 181
1074 182
1074 183
1074 184
1074 185
1074 186
1074 187
1074 570
1074 571
1074 572
1074 573
1074 574
1074 575
1075 216
1075 217
1075 218
1075 219
1075 220
1075 221
1075 222
1075 223
1075 224
1075 225
1075 226
1075 227
1075 228
1075 229
1075 230
1075 231
1076 0
1076 1
1076 2
1076 3
1076 4
1076 5
1076 6
1076 7
1076 8
1076 177
1076 178
1076 179
1076 180
1076 181
1076 182
1076 183
1076 184
1076 185
1076 186
1076 187
1076 188
1076 189
1076 190
1076 191
1076 192
1076 573
1076 574
1076 575
1077 222
1077 223
1077 224
1077 225
1077 226
1077 227
1077 228
1077 229
1077 230
1077 231
1077 232
1077 233
1077 234
1078 1
1078 2
1078 3
1078 4
1078 5
1078 6
1078 7
1078 8
1078 9
1078 10
1078 11
1078 12
1078 13
1078 180
1078 181
1078 182
1078 183
1078 184
1078 185
1078 186
1078 187
1078 188
1078 189
1078 190
1078 191
1078 192
1078 193
1078 194
1078 195
1078 196
1078 197
1079 228
1079 229
1079 230
1079 231
1079 232
1079 233
1079 234
1079 235
1079 236
1079 237
1080 5
1080 6
1080 7
1080 8
1080 9
1080 10
1080 11
1080 12
1080 13
1080 14
1080 15
1080 16
1080 17
1080 184
1080 185
1080 186
1080 187
1080 188
1080 189
1080 190
1080 191
1080 192
1080 193
1080 194
1080 195
1080 196
1080 197
1080 198
1080 199
1080 200
1080 201
1080 202
1082 9
1082 10
1082 11
1082 12
1082 13
1082 14
1082 15
1082 16
1082 17
1082 18
1082 19
1082 20
1082 21
1082 188
1082 189
1082 190
1082 191
1082 192
1082 193
1082 194
1082 195
1082 196
1082 197
1082 198
1082 199
1082 200
1082 201
1082 202
1082 203
1082 204
1082 205
1082 206
1084 14
1084 15
1084 16
1084 17
1084 18
1084 19
1084 20
1084 21
1084 22
1084 23
1084 24
1084 192
1084 193
1084 194
1084 195
1084 196
1084 197
1084 198
1084 199
1084 200
1084 201
1084 202
1084 203
1084 204
1084 205
1084 206
1084 207
1084 208
1084 209
1084 210
1084 211
1086 18
1086 19
1086 20
1086 21
1086 22
1086 23
1086 24
1086 25
1086 26
1086 27
1086 28
1086 196
1086 197
1086 198
1086 199
1086 200
1086 201
1086 202
1086 203
1086 204
1086 205
1086 206
1086 207
1086 208
1086 209
1086 210
1086 211
1086 212
1086 213
1086 214
1086 215
1088 23
1088 24
1088 25
1088 26
1088 27
1088 28
1088 29
1088 30
1088 31
1088 200
1088 201
1088 202
1088 203
1088 204
1088 205
1088 206
1088 207
1088 208
1088 209
1088 210
1088 211
1088 212
1088 213
1088 214
1088 215
1088 216
1088 217
1088 218
1088 219
1089 171
1089 172
1090 28
1090 29
1090 30
1090 31
1090 32
1090 33
1090 34
1090 205
1090 206
1090 207
1090 208
1090 209
1090 210
1090 211
1090 212
1090 213
1090 214
1090 215
1090 216
1090 217
1090 218
1090 219
1090 220
1090 221
1090 222
1090 223
1091 171
1091 172
1091 173
1091 174
1091 175
1091 176
1091 177
1091 178
1091 179
1091 180
1091 566
1091 567
1091 568
1091 569
1091 570
1091 571
1091 572
1092 210
1092 211
1092 212
1092 213
1092 214
1092 215
1092 216
1092 217
1092 218
1092 219
1092 220
1092 221
1092 222
1092 223
1092 224
1092 225
1092 226
1092 227
1093 0
1093 1
1093 2
1093 173
1093 174
1093 175
1093 176
1093 177
1093 178
1093 179
1093 180
1093 181
1093 182
1093 183
1093 184
1093 185
1093 186
1093 569
1093 570
1093 571
1093 572
1093 573
1093 574
1093 575
1094 215
1094 216
1094 217
1094 218
1094 219
1094 220
1094 221
1094 222
1094 223
1094 224
1094 225
1094 226
1094 227
1094 228
1094 229
1094 230
1094 231
1095 0
1095 1
1095 2
1095 3
1095 4
1095 5
1095 6
1095 7
1095 176
1095 177
1095 178
1095 179
1095 180
1095 181
1095 182
1095 183
1095 184
1095 185
1095 186
1095 187
1095 188
1095 189
1095 190
1095 191
1095 572
1095 573
1095 574
1095 575
1096 220
1096 221
1096 222
1096 223
1096 224
1096 225
1096 226
1096 227
1096 228
1096 229
1096 230
1096 231
1096 232
1096 233
1096 234
1097 0
1097 1
1097 2
1097 3
1097 4
1097 5
1097 6
1097 7
1097 8
1097 9
1097 10
1097 11
1097 179
1097 180
1097 181
1097 182
1097 183
1097 184
1097 185
1097 186
1097 187
1097 188
1097 189
1097 190
1097 191
1097 192
1097 193
1097 194
1097 195
1097 196
1098 226
1098 227
1098 228
1098 229
1098 230
1098 231
1098 232
1098 233
1098 234
1098 235
1098 236
1098 237
1099 4
1099 5
1099 6
1099 7
1099 8
1099 9
1099 10
1099 11
1099 12
1099 13
1099 14
1099 15
1099 16
1099 183
1099 184
1099 185
1099 186
1099 187
1099 188
1099 189
1099 190
1099 191
1099 192
1099 193
1099 194
1099 195
1099 196
1099 197
1099 198
1099 199
1099 200
1100 232
1100 233
1100 234
1100 235
1100 236
1100 237
1100 238
1100 239
1101 8
1101 9
1101 10
1101 11
1101 12
1101 13
1101 14
1101 15
1101 16
1101 17
1101 18
1101 19
1101 20
1101 186
1101 187
1101 188
1101 189
1101 190
1101 191
1101 192
1101 193
1101 194
1101 195
1101 196
1101 197
1101 198
1101 199
1101 200
1101 201
1101 202
1101 203
1101 204
1101 205
1103 12
1103 13
1103 14
1103 15
1103 16
1103 17
1103 18
1103 19
1103 20
1103 21
1103 22
1103 23
1103 190
1103 191
1103 192
1103 193
1103 194
1103 195
1103 196
1103 197
1103 198
1103 199
1103 200
1103 201
1103 202
1103 203
1103 204
1103 205
1103 206
1103 207
1103 208
1103 209
1105 17
1105 18
1105 19
1105 20
1105 21
1105 22
1105 23
1105 24
1105 25
1105 26
1105 27
1105 195
1105 196
1105 197
1105 198
1105 199
1105 200
1105 201
1105 202
1105 203
1105 204
1105 205
1105 206
1105 207
1105 208
1105 209
1105 210
1105 211
1105 212
1105 213
1105 214
1107 22
1107 23
1107 24
1107 25
1107 26
1107 27
1107 28
1107 29
1107 30
1107 199
1107 200
1107 201
1107 202
1107 203
1107 204
1107 205
1107 206
1107 207
1107 208
1107 209
1107 210
1107 211
1107 212
1107 213
1107 214
1107 215
1107 216
1107 217
1107 218
1109 27
1109 28
1109 29
1109 30
1109 31
1109 32
1109 33
1109 203
1109 204
1109 205
1109 206
1109 207
1109 208
1109 209
1109 210
1109 211
1109 212
1109 213
1109 214
1109 215
1109 216
1109 217
1109 218
1109 219
1109 220
1109 221
1109 222
1110 170
1110 171
1110 172
1110 173
1110 174
1110 175
1110 176
1110 177
1110 178
1110 565
1110 566
1110 567
1110 568
1110 569
1110 570
1111 33
1111 34
1111 208
1111 209
1111 210
1111 211
1111 212
1111 213
1111 214
1111 215
1111 216
1111 217
1111 218
1111 219
1111 220
1111 221
1111 222
1111 223
1111 224
1111 225
1111 226
1112 0
1112 172
1112 173
1112 174
1112 175
1112 176
1112 177
1112 178
1112 179
1112 180
1112 181
1112 182
1112 183
1112 184
1112 568
1112 569
1112 570
1112 571
1112 572
1112 573
1112 574
1112 575
1113 213
1113 214
1113 215
1113 216
1113 217
1113 218
1113 219
1113 220
1113 221
1113 222
1113 223
1113 224
1113 225
1113 226
1113 227
1113 228
1113 229
1113 230
1114 0
1114 1
1114 2
1114 3
1114 4
1114 5
1114 175
1114 176
1114 177
1114 178
1114 179
1114 180
1114 181
1114 182
1114 183
1114 184
1114 185
1114 186
1114 187
1114 188
1114 189
1114 571
1114 572
1114 573
1114 574
1114 575
1115 218
1115 219
1115 220
1115 221
1115 222
1115 223
1115 224
1115 225
1115 226
1115 227
1115 228
1115 229
1115 230
1115 231
1115 232
1115 233
1115 234
1116 0
1116 1
1116 2
1116 3
1116 4
1116 5
1116 6
1116 7
1116 8
1116 9
1116 10
1116 178
1116 179
1116 180
1116 181
1116 182
1116 183
1116 184
1116 185
1116 186
1116 187
1116 188
1116 189
1116 190
1116 191
1116 192
1116 193
1116 194
1116 575
1117 224
1117 225
1117 226
1117 227
1117 228
1117 229
1117 230
1117 231
1117 232
1117 233
1117 234
1117 235
1117 236
1117 237
1118 3
1118 4
1118 5
1118 6
1118 7
1118 8
1118 9
1118 10
1118 11
1118 12
1118 13
1118 14
1118 182
1118 183
1118 184
1118 185
1118 186
1118 187
1118 188
1118 189
1118 190
1118 191
1118 192
1118 193
1118 194
1118 195
1118 196
1118 197
1118 198
1118 199
1119 230
1119 231
1119 232
1119 233
1119 234
1119 235
1119 236
1119 237
1119 238
1119 239
1119 240
1120 7
1120 8
1120 9
1120 10
1120 11
1120 12
1120 13
1120 14
1120 15
1120 16
1120 17
1120 18
1120 185
1120 186
1120 187
1120 188
1120 189
1120 190
1120 191
1120 192
1120 193
1120 194
1120 195
1120 196
1120 197
1120 198
1120 199
1120 200
1120 201
1120 202
1120 203
1120 204
1121 237
1121 238
1121 239
1121 240
1121 241
1121 242
1122 11
1122 12
1122 13
1122 14
1122 15
1122 16
1122 17
1122 18
1122 19
1122 20
1122 21
1122 22
1122 189
1122 190
1122 191
1122 192
1122 193
1122 194
1122 195
1122 196
1122 197
1122 198
1122 199
1122 200
1122 201
1122 202
1122 203
1122 204
1122 205
1122 206
1122 207
1122 208
1124 16
1124 17
1124 18
1124 19
1124 20
1124 21
1124 22
1124 23
1124 24
1124 25
1124 26
1124 193
1124 194
1124 195
1124 196
1124 197
1124 198
1124 199
1124 200
1124 201
1124 202
1124 203
1124 204
1124 205
1124 206
1124 207
1124 208
1124 209
1124 210
1124 211
1124 212
1124 213
1126 20
1126 21
1126 22
1126 23
1126 24
1126 25
1126 26
1126 27
1126 28
1126 29
1126 198
1126 199
1126 200
1126 201
1126 202
1126 203
1126 204
1126 205
1126 206
1126 207
1126 208
1126 209
1126 210
1126 211
1126 212
1126 213
1126 214
1126 215
1126 216
1126 217
1128 25
1128 26
1128 27
1128 28
1128 29
1128 30
1128 31
1128 32
1128 202
1128 203
1128 204
1128 205
1128 206
1128 207
1128 208
1128 209
1128 210
1128 211
1128 212
1128 213
1128 214
1128 215
1128 216
1128 217
1128 218
1128 219
1128 220
1128 221
1129 170
1129 171
1129 172
1129 173
1129 174
1129 175
1129 176
1129 566
1129 567
1130 31
1130 32
1130 33
1130 34
1130 207
1130 208
1130 209
1130 210
1130 211
1130 212
1130 213
1130 214
1130 215
1130 216
1130 217
1130 218
1130 219
1130 220
1130 221
1130 222
1130 223
1130 224
1130 225
1131 171
1131 172
1131 173
1131 174
1131 175
1131 176
1131 177
1131 178
1131 179
1131 180
1131 181
1131 182
1131 567
1131 568
1131 569
1131 570
1131 571
1131 572
1131 573
1131 574
1132 211
1132 212
1132 213
1132 214
1132 215
1132 216
1132 217
1132 218
1132 219
1132 220
1132 221
1132 222
1132 223
1132 224
1132 225
1132 226
1132 227
1132 228
1132 229
1132 230
1133 0
1133 1
1133 2
1133 3
1133 174
1133 175
1133 176
1133 177
1133 178
1133 179
1133 180
1133 181
1133 182
1133 183
1133 184
1133 185
1133 186
1133 187
1133 188
1133 570
1133 571
1133 572
1133 573
1133 574
1133 575
1134 217
1134 218
1134 219
1134 220
1134 221
1134 222
1134 223
1134 224
1134 225
1134 226
1134 227
1134 228
1134 229
1134 230
1134 231
1134 232
1134 233
1135 0
1135 1
1135 2
1135 3
1135 4
1135 5
1135 6
1135 7
1135 8
1135 177
1135 178
1135 179
1135 180
1135 181
1135 182
1135 183
1135 184
1135 185
1135 186
1135 187
1135 188
1135 189
1135 190
1135 191
1135 192
1135 193
1135 574
1135 575
1136 222
1136 223
1136 224
1136 225
1136 226
1136 227
1136 228
1136 229
1136 230
1136 231
1136 232
1136 233
1136 234
1136 235
1136 236
1136 237
1137 2
1137 3
1137 4
1137 5
1137 6
1137 7
1137 8
1137 9
1137 10
1137 11
1137 12
1137 13
1137 180
1137 181
1137 182
1137 183
1137 184
1137 185
1137 186
1137 187
1137 188
1137 189
1137 190
1137 191
1137 192
1137 193
1137 194
1137 195
1137 196
1137 197
1137 198
1138 228
1138 229
1138 230
1138 231
1138 232
1138 233
1138 234
1138 235
1138 236
1138 237
1138 238
1138 239
1138 240
1139 6
1139 7
1139 8
1139 9
1139 10
1139 11
1139 12
1139 13
1139 14
1139 15
1139 16
1139 17
1139 184
1139 185
1139 186
1139 187
1139 188
1139 189
1139 190
1139 191
1139 192
1139 193
1139 194
1139 195
1139 196
1139 197
1139 198
1139 199
1139 200
1139 201
1139 202
1140 234
1140 235
1140 236
1140 237
1140 238
1140 239
1140 240
1140 241
1140 242
1140 243
1141 10
1141 11
1141 12
1141 13
1141 14
1141 15
1141 16
1141 17
1141 18
1141 19
1141 20
1141 21
1141 188
1141 189
1141 190
1141 191
1141 192
1141 193
1141 194
1141 195
1141 196
1141 197
1141 198
1141 199
1141 200
1141 201
1141 202
1141 203
1141 204
1141 205
1141 206
1141 207
1143 15
1143 16
1143 17
1143 18
1143 19
1143 20
1143 21
1143 22
1143 23
1143 24
1143 192
1143 193
1143 194
1143 195
1143 196
1143 197
1143 198
1143 199
1143 200
1143 201
1143 202
1143 203
1143 204
1143 205
1143 206
1143 207
1143 208
1143 209
1143 210
1143 211
1145 19
1145 20
1145 21
1145 22
1145 23
1145 24
1145 25
1145 26
1145 27
1145 28
1145 196
1145 197
1145 198
1145 199
1145 200
1145 201
1145 202
1145 203
1145 204
1145 205
1145 206
1145 207
1145 208
1145 209
1145 210
1145 211
1145 212
1145 213
1145 214
1145 215
1145 216
1147 24
1147 25
1147 26
1147 27
1147 28
1147 29
1147 30
1147 201
1147 202
1147 203
1147 204
1147 205
1147 206
1147 207
1147 208
1147 209
1147 210
1147 211
1147 212
1147 213
1147 214
1147 215
1147 216
1147 217
1147 218
1147 219
1147 220
1148 171
1148 172
1149 30
1149 31
1149 32
1149 205
1149 206
1149 207
1149 208
1149 209
1149 210
1149 211
1149 212
1149 213
1149 214
1149 215
1149 216
1149 217
1149 218
1149 219
1149 220
1149 221
1149 222
1149 223
1149 224
1149 225
1150 171
1150 172
1150 173
1150 174
1150 175
1150 176
1150 177
1150 178
1150 179
1150 180
1150 567
1150 568
1150 569
1150 570
1150 571
1150 572
1151 210
1151 211
1151 212
1151 213
1151 214
1151 215
1151 216
1151 217
1151 218
1151 219
1151 220
1151 221
1151 222
1151 223
1151 224
1151 225
1151 226
1151 227
1151 228
1151 229
1152 0
1152 1
1152 173
1152 174
1152 175
1152 176
1152 177
1152 178
1152 179
1152 180
1152 181
1152 182
1152 183
1152 184
1152 185
1152 186
1152 570
1152 571
1152 572
1152 573
1152 574
1152 575
1153 215
1153 216
1153 217
1153 218
1153 219
1153 220
1153 221
1153 222
1153 223
1153 224
1153 225
1153 226
1153 227
1153 228
1153 229
1153 230
1153 231
1153 232
1153 233
1154 0
1154 1
1154 2
1154 3
1154 4
1154 5
1154 6
1154 176
1154 177
1154 178
1154 179
1154 180
1154 181
1154 182
1154 183
1154 184
1154 185
1154 186
1154 187
1154 188
1154 189
1154 190
1154 191
1154 573
1154 574
1154 575
1155 220
1155 221
1155 222
1155 223
1155 224
1155 225
1155 226
1155 227
1155 228
1155 229
1155 230
1155 231
1155 232
1155 233
1155 234
1155 235
1155 236
1155 237
1156 1
1156 2
1156 3
1156 4
1156 5
1156 6
1156 7
1156 8
1156 9
1156 10
1156 11
1156 179
1156 180
1156 181
1156 182
1156 183
1156 184
1156 185
1156 186
1156 187
1156 188
1156 189
1156 190
1156 191
1156 192
1156 193
1156 194
1156 195
1156 196
1157 226
1157 227
1157 228
1157 229
1157 230
1157 231
1157 232
1157 233
1157 234
1157 235
1157 236
1157 237
1157 238
1157 239
1157 240
1158 5
1158 6
1158 7
1158 8
1158 9
1158 10
1158 11
1158 12
1158 13
1158 14
1158 15
1158 183
1158 184
1158 185
1158 186
1158 187
1158 188
1158 189
1158 190
1158 191
1158 192
1158 193
1158 194
1158 195
1158 196
1158 197
1158 198
1158 199
1158 200
1158 201
1159 232
1159 233
1159 234
1159 235
1159 236
1159 237
1159 238
1159 239
1159 240
1159 241
1159 242
1159 243
1159 244
1160 9
1160 10
1160 11
1160 12
1160 13
1160 14
1160 15
1160 16
1160 17
1160 18
1160 19
1160 187
1160 188
1160 189
1160 190
1160 191
1160 192
1160 193
1160 194
1160 195
1160 196
1160 197
1160 198
1160 199
1160 200
1160 201
1160 202
1160 203
1160 204
1160 205
1160 206
1161 239
1161 240
1161 241
1161 242
1161 243
1161 244
1161 245
1161 246
1162 14
1162 15
1162 16
1162 17
1162 18
1162 19
1162 20
1162 21
1162 22
1162 23
1162 191
1162 192
1162 193
1162 194
1162 195
1162 196
1162 197
1162 198
1162 199
1162 200
1162 201
1162 202
1162 203
1162 204
1162 205
1162 206
1162 207
1162 208
1162 209
1162 210
1164 18
1164 19
1164 20
1164 21
1164 22
1164 23
1164 24
1164 25
1164 26
1164 195
1164 196
1164 197
1164 198
1164 199
1164 200
1164 201
1164 202
1164 203
1164 204
1164 205
1164 206
1164 207
1164 208
1164 209
1164 210
1164 211
1164 212
1164 213
1164 214
1164 215
1166 23
1166 24
1166 25
1166 26
1166 27
1166 28
1166 29
1166 200
1166 201
1166 202
1166 203
1166 204
1166 205
1166 206
1166 207
1166 208
1166 209
1166 210
1166 211
1166 212
1166 213
1166 214
1166 215
1166 216
1166 217
1166 218
1166 219
1168 30
1168 204
1168 205
1168 206
1168 207
1168 208
1168 209
1168 210
1168 211
1168 212
1168 213
1168 214
1168 215
1168 216
1168 217
1168 218
1168 219
1168 220
1168 221
1168 222
1168 223
1168 224
1169 171
1169 172
1169 173
1169 174
1169 175
1169 176
1169 177
1169 178
1170 209
1170 210
1170 211
1170 212
1170 213
1170 214
1170 215
1170 216
1170 217
1170 218
1170 219
1170 220
1170 221
1170 222
1170 223
1170 224
1170 225
1170 226
1170 227
1170 228
1171 173
1171 174
1171 175
1171 176
1171 177
1171 178
1171 179
1171 180
1171 181
1171 182
1171 183
1171 184
1171 570
1171 571
1171 572
1171 573
1171 574
1171 575
1172 214
1172 215
1172 216
1172 217
1172 218
1172 219
1172 220
1172 221
1172 222
1172 223
1172 224
1172 225
1172 226
1172 227
1172 228
1172 229
1172 230
1172 231
1172 232
1173 0
1173 1
1173 2
1173 3
1173 4
1173 175
1173 176
1173 177
1173 178
1173 179
1173 180
1173 181
1173 182
1173 183
1173 184
1173 185
1173 186
1173 187
1173 188
1173 189
1173 573
1173 574
1173 575
1174 219
1174 220
1174 221
1174 222
1174 223
1174 224
1174 225
1174 226
1174 227
1174 228
1174 229
1174 230
1174 231
1174 232
1174 233
1174 234
1174 235
1174 236
1175 1
1175 2
1175 3
1175 4
1175 5
1175 6
1175 7
1175 8
1175 9
1175 179
1175 180
1175 181
1175 182
1175 183
1175 184
1175 185
1175 186
1175 187
1175 188
1175 189
1175 190
1175 191
1175 192
1175 193
1175 194
1175 195
1176 224
1176 225
1176 226
1176 227
1176 228
1176 229
1176 230
1176 231
1176 232
1176 233
1176 234
1176 235
1176 236
1176 237
1176 238
1176 239
1176 240
1177 5
1177 6
1177 7
1177 8
1177 9
1177 10
1177 11
1177 12
1177 13
1177 182
1177 183
1177 184
1177 185
1177 186
1177 187
1177 188
1177 189
1177 190
1177 191
1177 192
1177 193
1177 194
1177 195
1177 196
1177 197
1177 198
1177 199
1178 230
1178 231
1178 232
1178 233
1178 234
1178 235
1178 236
1178 237
1178 238
1178 239
1178 240
1178 241
1178 242
1178 243
1179 9
1179 10
1179 11
1179 12
1179 13
1179 14
1179 15
1179 16
1179 17
1179 186
1179 187
1179 188
1179 189
1179 190
1179 191
1179 192
1179 193
1179 194
1179 195
1179 196
1179 197
1179 198
1179 199
1179 200
1179 201
1179 202
1179 203
1179 204
1180 236
1180 237
1180 238
1180 239
1180 240
1180 241
1180 242
1180 243
1180 244
1180 245
1180 246
1180 247
1181 13
1181 14
1181 15
1181 16
1181 17
1181 18
1181 19
1181 20
1181 21
1181 190
1181 191
1181 192
1181 193
1181 194
1181 195
1181 196
1181 197
1181 198
1181 199
1181 200
1181 201
1181 202
1181 203
1181 204
1181 205
1181 206
1181 207
1181 208
1181 209
1182 245
1182 246
1182 247
1182 248
1183 18
1183 19
1183 20
1183 21
1183 22
1183 23
1183 24
1183 194
1183 195
1183 196
1183 197
1183 198
1183 199
1183 200
1183 201
1183 202
1183 203
1183 204
1183 205
1183 206
1183 207
1183 208
1183 209
1183 210
1183 211
1183 212
1183 213
1185 23
1185 24
1185 25
1185 26
1185 27
1185 198
1185 199
1185 200
1185 201
1185 202
1185 203
1185 204
1185 205
1185 206
1185 207
1185 208
1185 209
1185 210
1185 211
1185 212
1185 213
1185 214
1185 215
1185 216
1185 217
1185 218
1187 203
1187 204
1187 205
1187 206
1187 207
1187 208
1187 209
1187 210
1187 211
1187 212
1187 213
1187 214
1187 215
1187 216
1187 217
1187 218
1187 219
1187 220
1187 221
1187 222
1188 171
1188 172
1188 173
1188 174
1188 175
1189 208
1189 209
1189 210
1189 211
1189 212
1189 213
1189 214
1189 215
1189 216
1189 217
1189 218
1189 219
1189 220
1189 221
1189 222
1189 223
1189 224
1189 225
1189 226
1189 227
1190 172
1190 173
1190 174
1190 175
1190 176
1190 177
1190 178
1190 179
1190 180
1190 181
1190 182
1191 212
1191 213
1191 214
1191 215
1191 216
1191 217
1191 218
1191 219
1191 220
1191 221
1191 222
1191 223
1191 224
1191 225
1191 226
1191 227
1191 228
1191 229
1191 230
1191 231
1192 0
1192 1
1192 2
1192 175
1192 176
1192 177
1192 178
1192 179
1192 180
1192 181
1192 182
1192 183
1192 184
1192 185
1192 186
1192 187
1192 188
1192 573
1192 574
1192 575
1193 217
1193 218
1193 219
1193 220
1193 221
1193 222
1193 223
1193 224
1193 225
1193 226
1193 227
1193 228
1193 229
1193 230
1193 231
1193 232
1193 233
1193 234
1193 235
1194 1
1194 2
1194 3
1194 4
1194 5
1194 6
1194 7
1194 178
1194 179
1194 180
1194 181
1194 182
1194 183
1194 184
1194 185
1194 186
1194 187
1194 188
1194 189
1194 190
1194 191
1194 192
1194 193
1195 223
1195 224
1195 225
1195 226
1195 227
1195 228
1195 229
1195 230
1195 231
1195 232
1195 233
1195 234
1195 235
1195 236
1195 237
1195 238
1195 239
1196 4
1196 5
1196 6
1196 7
1196 8
1196 9
1196 10
1196 11
1196 181
1196 182
1196 183
1196 184
1196 185
1196 186
1196 187
1196 188
1196 189
1196 190
1196 191
1196 192
1196 193
1196 194
1196 195
1196 196
1196 197
1196 198
1197 228
1197 229
1197 230
1197 231
1197 232
1197 233
1197 234
1197 235
1197 236
1197 237
1197 238
1197 239
1197 240
1197 241
1197 242
1197 243
1198 8
1198 9
1198 10
1198 11
1198 12
1198 13
1198 14
1198 15
1198 185
1198 186
1198 187
1198 188
1198 189
1198 190
1198 191
1198 192
1198 193
1198 194
1198 195
1198 196
1198 197
1198 198
1198 199
1198 200
1198 201
1198 202
1198 203
1199 234
1199 235
1199 236
1199 237
1199 238
1199 239
1199 240
1199 241
1199 242
1199 243
1199 244
1199 245
1199 246
1199 247
1200 13
1200 14
1200 15
1200 16
1200 17
1200 18
1200 19
1200 189
1200 190
1200 191
1200 192
1200 193
1200 194
1200 195
1200 196
1200 197
1200 198
1200 199
1200 200
1200 201
1200 202
1200 203
1200 204
1200 205
1200 206
1200 207
1200 208
1201 241
1201 242
1201 243
1201 244
1201 245
1201 246
1201 247
1201 248
1201 249
1201 250
1202 18
1202 19
1202 20
1202 21
1202 22
1202 193
1202 194
1202 195
1202 196
1202 197
1202 198
1202 199
1202 200
1202 201
1202 202
1202 203
1202 204
1202 205
1202 206
1202 207
1202 208
1202 209
1202 210
1202 211
1202 212
1204 23
1204 24
1204 197
1204 198
1204 199
1204 200
1204 201
1204 202
1204 203
1204 204
1204 205
1204 206
1204 207
1204 208
1204 209
1204 210
1204 211
1204 212
1204 213
1204 214
1204 215
1204 216
1204 217
1206 202
1206 203
1206 204
1206 205
1206 206
1206 207
1206 208
1206 209
1206 210
1206 211
1206 212
1206 213
1206 214
1206 215
1206 216
1206 217
1206 218
1206 219
1206 220
1206 221
1208 206
1208 207
1208 208
1208 209
1208 210
1208 211
1208 212
1208 213
1208 214
1208 215
1208 216
1208 217
1208 218
1208 219
1208 220
1208 221
1208 222
1208 223
1208 224
1208 225
1208 226
1209 172
1209 173
1209 174
1209 175
1209 176
1209 177
1209 178
1209 179
1209 180
1210 211
1210 212
1210 213
1210 214
1210 215
1210 216
1210 217
1210 218
1210 219
1210 220
1210 221
1210 222
1210 223
1210 224
1210 225
1210 226
1210 227
1210 228
1210 229
1210 230
1211 175
1211 176
1211 177
1211 178
1211 179
1211 180
1211 181
1211 182
1211 183
1211 184
1211 185
1211 186
1212 216
1212 217
1212 218
1212 219
1212 220
1212 221
1212 222
1212 223
1212 224
1212 225
1212 226
1212 227
1212 228
1212 229
1212 230
1212 231
1212 232
1212 233
1212 234
1213 1
1213 2
1213 3
1213 177
1213 178
1213 179
1213 180
1213 181
1213 182
1213 183
1213 184
1213 185
1213 186
1213 187
1213 188
1213 189
1213 190
1213 191
1214 221
1214 222
1214 223
1214 224
1214 225
1214 226
1214 227
1214 228
1214 229
1214 230
1214 231
1214 232
1214 233
1214 234
1214 235
1214 236
1214 237
1214 238
1214 239
1215 5
1215 6
1215 7
1215 8
1215 181
1215 182
1215 183
1215 184
1215 185
1215 186
1215 187
1215 188
1215 189
1215 190
1215 191
1215 192
1215 193
1215 194
1215 195
1215 196
1216 227
1216 228
1216 229
1216 230
1216 231
1216 232
1216 233
1216 234
1216 235
1216 236
1216 237
1216 238
1216 239
1216 240
1216 241
1216 242
1216 243
1217 9
1217 10
1217 11
1217 12
1217 13
1217 184
1217 185
1217 186
1217 187
1217 188
1217 189
1217 190
1217 191
1217 192
1217 193
1217 194
1217 195
1217 196
1217 197
1217 198
1217 199
1217 200
1217 201
1218 233
1218 234
1218 235
1218 236
1218 237
1218 238
1218 239
1218 240
1218 241
1218 242
1218 243
1218 244
1218 245
1218 246
1219 13
1219 14
1219 15
1219 16
1219 188
1219 189
1219 190
1219 191
1219 192
1219 193
1219 194
1219 195
1219 196
1219 197
1219 198
1219 199
1219 200
1219 201
1219 202
1219 203
1219 204
1219 205
1219 206
1220 239
1220 240
1220 241
1220 242
1220 243
1220 244
1220 245
1220 246
1220 247
1220 248
1220 249
1220 250
1221 19
1221 192
1221 193
1221 194
1221 195
1221 196
1221 197
1221 198
1221 199
1221 200
1221 201
1221 202
1221 203
1221 204
1221 205
1221 206
1221 207
1221 208
1221 209
1221 210
1221 211
1222 246
1222 247
1222 248
1222 249
1222 250
1222 251
1222 252
1222 253
1223 196
1223 197
1223 198
1223 199
1223 200
1223 201
1223 202
1223 203
1223 204
1223 205
1223 206
1223 207
1223 208
1223 209
1223 210
1223 211
1223 212
1223 213
1223 214
1223 215
1225 201
1225 202
1225 203
1225 204
1225 205
1225 206
1225 207
1225 208
1225 209
1225 210
1225 211
1225 212
1225 213
1225 214
1225 215
1225 216
1225 217
1225 218
1225 219
1225 220
1227 205
1227 206
1227 207
1227 208
1227 209
1227 210
1227 211
1227 212
1227 213
1227 214
1227 215
1227 216
1227 217
1227 218
1227 219
1227 220
1227 221
1227 222
1227 223
1227 224
1227 225
1228 173
1228 174
1228 175
1228 176
1228 177
1229 210
1229 211
1229 212
1229 213
1229 214
1229 215
1229 216
1229 217
1229 218
1229 219
1229 220
1229 221
1229 222
1229 223
1229 224
1229 225
1229 226
1229 227
1229 228
1229 229
1230 174
1230 175
1230 176
1230 177
1230 178
1230 179
1230 180
1230 181
1230 182
1230 183
1230 184
1231 215
1231 216
1231 217
1231 218
1231 219
1231 220
1231 221
1231 222
1231 223
1231 224
1231 225
1231 226
1231 227
1231 228
1231 229
1231 230
1231 231
1231 232
1231 233
1232 177
1232 178
1232 179
1232 180
1232 181
1232 182
1232 183
1232 184
1232 185
1232 186
1232 187
1232 188
1232 189
1233 220
1233 221
1233 222
1233 223
1233 224
1233 225
1233 226
1233 227
1233 228
1233 229
1233 230
1233 231
1233 232
1233 233
1233 234
1233 235
1233 236
1233 237
1233 238
1234 180
1234 181
1234 182
1234 183
1234 184
1234 185
1234 186
1234 187
1234 188
1234 189
1234 190
1234 191
1234 192
1234 193
1234 194
1234 195
1235 225
1235 226
1235 227
1235 228
1235 229
1235 230
1235 231
1235 232
1235 233
1235 234
1235 235
1235 236
1235 237
1235 238
1235 239
1235 240
1235 241
1235 242
1236 184
1236 185
1236 186
1236 187
1236 188
1236 189
1236 190
1236 191
1236 192
1236 193
1236 194
1236 195
1236 196
1236 197
1236 198
1236 199
1236 200
1237 231
1237 232
1237 233
1237 234
1237 235
1237 236
1237 237
1237 238
1237 239
1237 240
1237 241
1237 242
1237 243
1237 244
1237 245
1237 246
1238 187
1238 188
1238 189
1238 190
1238 191
1238 192
1238 193
1238 194
1238 195
1238 196
1238 197
1238 198
1238 199
1238 200
1238 201
1238 202
1238 203
1238 204
1238 205
1239 237
1239 238
1239 239
1239 240
1239 241
1239 242
1239 243
1239 244
1239 245
1239 246
1239 247
1239 248
1239 249
1239 250
1240 191
1240 192
1240 193
1240 194
1240 195
1240 196
1240 197
1240 198
1240 199
1240 200
1240 201
1240 202
1240 203
1240 204
1240 205
1240 206
1240 207
1240 208
1240 209
1241 243
1241 244
1241 245
1241 246
1241 247
1241 248
1241 249
1241 250
1241 251
1241 252
1241 253
1242 196
1242 197
1242 198
1242 199
1242 200
1242 201
1242 202
1242 203
1242 204
1242 205
1242 206
1242 207
1242 208
1242 209
1242 210
1242 211
1242 212
1242 213
1242 214
1243 251
1243 252
1243 253
1243 254
1243 255
1244 200
1244 201
1244 202
1244 203
1244 204
1244 205
1244 206
1244 207
1244 208
1244 209
1244 210
1244 211
1244 212
1244 213
1244 214
1244 215
1244 216
1244 217
1244 218
1244 219
1246 204
1246 205
1246 206
1246 207
1246 208
1246 209
1246 210
1246 211
1246 212
1246 213
1246 214
1246 215
1246 216
1246 217
1246 218
1246 219
1246 220
1246 221
1246 222
1246 223
1248 209
1248 210
1248 211
1248 212
1248 213
1248 214
1248 215
1248 216
1248 217
1248 218
1248 219
1248 220
1248 221
1248 222
1248 223
1248 224
1248 225
1248 226
1248 227
1248 228
1249 175
1249 176
1249 177
1249 178
1249 179
1249 180
1249 181
1250 214
1250 215
1250 216
1250 217
1250 218
1250 219
1250 220
1250 221
1250 222
1250 223
1250 224
1250 225
1250 226
1250 227
1250 228
1250 229
1250 230
1250 231
1250 232
1251 177
1251 178
1251 179
1251 180
1251 181
1251 182
1251 183
1251 184
1251 185
1251 186
1251 187
1251 188
1252 219
1252 220
1252 221
1252 222
1252 223
1252 224
1252 225
1252 226
1252 227
1252 228
1252 229
1252 230
1252 231
1252 232
1252 233
1252 234
1252 235
1252 236
1252 237
1253 180
1253 181
1253 182
1253 183
1253 184
1253 185
1253 186
1253 187
1253 188
1253 189
1253 190
1253 191
1253 192
1253 193
1254 224
1254 225
1254 226
1254 227
1254 228
1254 229
1254 230
1254 231
1254 232
1254 233
1254 234
1254 235
1254 236
1254 237
1254 238
1254 239
1254 240
1254 241
1255 183
1255 184
1255 185
1255 186
1255 187
1255 188
1255 189
1255 190
1255 191
1255 192
1255 193
1255 194
1255 195
1255 196
1255 197
1255 198
1256 229
1256 230
1256 231
1256 232
1256 233
1256 234
1256 235
1256 236
1256 237
1256 238
1256 239
1256 240
1256 241
1256 242
1256 243
1256 244
1256 245
1257 187
1257 188
1257 189
1257 190
1257 191
1257 192
1257 193
1257 194
1257 195
1257 196
1257 197
1257 198
1257 199
1257 200
1257 201
1257 202
1257 203
1258 235
1258 236
1258 237
1258 238
1258 239
1258 240
1258 241
1258 242
1258 243
1258 244
1258 245
1258 246
1258 247
1258 248
1258 249
1259 191
1259 192
1259 193
1259 194
1259 195
1259 196
1259 197
1259 198
1259 199
1259 200
1259 201
1259 202
1259 203
1259 204
1259 205
1259 206
1259 207
1259 208
1260 241
1260 242
1260 243
1260 244
1260 245
1260 246
1260 247
1260 248
1260 249
1260 250
1260 251
1260 252
1260 253
1261 195
1261 196
1261 197
1261 198
1261 199
1261 200
1261 201
1261 202
1261 203
1261 204
1261 205
1261 206
1261 207
1261 208
1261 209
1261 210
1261 211
1261 212
1261 213
1262 248
1262 249
1262 250
1262 251
1262 252
1262 253
1262 254
1262 255
1262 256
1263 199
1263 200
1263 201
1263 202
1263 203
1263 204
1263 205
1263 206
1263 207
1263 208
1263 209
1263 210
1263 211
1263 212
1263 213
1263 214
1263 215
1263 216
1263 217
1265 203
1265 204
1265 205
1265 206
1265 207
1265 208
1265 209
1265 210
1265 211
1265 212
1265 213
1265 214
1265 215
1265 216
1265 217
1265 218
1265 219
1265 220
1265 221
1265 222
1267 208
1267 209
1267 210
1267 211
1267 212
1267 213
1267 214
1267 215
1267 216
1267 217
1267 218
1267 219
1267 220
1267 221
1267 222
1267 223
1267 224
1267 225
1267 226
1267 227
1268 176
1268 177
1268 178
1269 213
1269 214
1269 215
1269 216
1269 217
1269 218
1269 219
1269 220
1269 221
1269 222
1269 223
1269 224
1269 225
1269 226
1269 227
1269 228
1269 229
1269 230
1269 231
1270 177
1270 178
1270 179
1270 180
1270 181
1270 182
1270 183
1270 184
1270 185
1271 218
1271 219
1271 220
1271 221
1271 222
1271 223
1271 224
1271 225
1271 226
1271 227
1271 228
1271 229
1271 230
1271 231
1271 232
1271 233
1271 234
1271 235
1271 236
1272 180
1272 181
1272 182
1272 183
1272 184
1272 185
1272 186
1272 187
1272 188
1272 189
1272 190
1272 191
1273 223
1273 224
1273 225
1273 226
1273 227
1273 228
1273 229
1273 230
1273 231
1273 232
1273 233
1273 234
1273 235
1273 236
1273 237
1273 238
1273 239
1273 240
1274 183
1274 184
1274 185
1274 186
1274 187
1274 188
1274 189
1274 190
1274 191
1274 192
1274 193
1274 194
1274 195
1274 196
1275 228
1275 229
1275 230
1275 231
1275 232
1275 233
1275 234
1275 235
1275 236
1275 237
1275 238
1275 239
1275 240
1275 241
1275 242
1275 243
1275 244
1276 186
1276 187
1276 188
1276 189
1276 190
1276 191
1276 192
1276 193
1276 194
1276 195
1276 196
1276 197
1276 198
1276 199
1276 200
1276 201
1277 234
1277 235
1277 236
1277 237
1277 238
1277 239
1277 240
1277 241
1277 242
1277 243
1277 244
1277 245
1277 246
1277 247
1277 248
1278 190
1278 191
1278 192
1278 193
1278 194
1278 195
1278 196
1278 197
1278 198
1278 199
1278 200
1278 201
1278 202
1278 203
1278 204
1278 205
1278 206
1279 239
1279 240
1279 241
1279 242
1279 243
1279 244
1279 245
1279 246
1279 247
1279 248
1279 249
1279 250
1279 251
1279 252
1280 194
1280 195
1280 196
1280 197
1280 198
1280 199
1280 200
1280 201
1280 202
1280 203
1280 204
1280 205
1280 206
1280 207
1280 208
1280 209
1280 210
1280 211
1281 246
1281 247
1281 248
1281 249
1281 250
1281 251
1281 252
1281 253
1281 254
1281 255
1281 256
1282 198
1282 199
1282 200
1282 201
1282 202
1282 203
1282 204
1282 205
1282 206
1282 207
1282 208
1282 209
1282 210
1282 211
1282 212
1282 213
1282 214
1282 215
1282 216
1283 253
1283 254
1283 255
1283 256
1283 257
1283 258
1284 203
1284 204
1284 205
1284 206
1284 207
1284 208
1284 209
1284 210
1284 211
1284 212
1284 213
1284 214
1284 215
1284 216
1284 217
1284 218
1284 219
1284 220
1284 221
1286 207
1286 208
1286 209
1286 210
1286 211
1286 212
1286 213
1286 214
1286 215
1286 216
1286 217
1286 218
1286 219
1286 220
1286 221
1286 222
1286 223
1286 224
1286 225
1288 212
1288 213
1288 214
1288 215
1288 216
1288 217
1288 218
1288 219
1288 220
1288 221
1288 222
1288 223
1288 224
1288 225
1288 226
1288 227
1288 228
1288 229
1288 230
1289 178
1289 179
1289 180
1289 181
1289 182
1289 183
1290 217
1290 218
1290 219
1290 220
1290 221
1290 222
1290 223
1290 224
1290 225
1290 226
1290 227
1290 228
1290 229
1290 230
1290 231
1290 232
1290 233
1290 234
1291 180
1291 181
1291 182
1291 183
1291 184
1291 185
1291 186
1291 187
1291 188
1291 189
1292 222
1292 223
1292 224
1292 225
1292 226
1292 227
1292 228
1292 229
1292 230
1292 231
1292 232
1292 233
1292 234
1292 235
1292 236
1292 237
1292 238
1292 239
1293 183
1293 184
1293 185
1293 186
1293 187
1293 188
1293 189
1293 190
1293 191
1293 192
1293 193
1293 194
1293 195
1294 227
1294 228
1294 229
1294 230
1294 231
1294 232
1294 233
1294 234
1294 235
1294 236
1294 237
1294 238
1294 239
1294 240
1294 241
1294 242
1294 243
1295 186
1295 187
1295 188
1295 189
1295 190
1295 191
1295 192
1295 193
1295 194
1295 195
1295 196
1295 197
1295 198
1295 199
1295 200
1296 232
1296 233
1296 234
1296 235
1296 236
1296 237
1296 238
1296 239
1296 240
1296 241
1296 242
1296 243
1296 244
1296 245
1296 246
1296 247
1297 190
1297 191
1297 192
1297 193
1297 194
1297 195
1297 196
1297 197
1297 198
1297 199
1297 200
1297 201
1297 202
1297 203
1297 204
1297 205
1298 238
1298 239
1298 240
1298 241
1298 242
1298 243
1298 244
1298 245
1298 246
1298 247
1298 248
1298 249
1298 250
1298 251
1299 194
1299 195
1299 196
1299 197
1299 198
1299 199
1299 200
1299 201
1299 202
1299 203
1299 204
1299 205
1299 206
1299 207
1299 208
1299 209
1299 210
1300 244
1300 245
1300 246
1300 247
1300 248
1300 249
1300 250
1300 251
1300 252
1300 253
1300 254
1300 255
1301 198
1301 199
1301 200
1301 201
1301 202
1301 203
1301 204
1301 205
1301 206
1301 207
1301 208
1301 209
1301 210
1301 211
1301 212
1301 213
1301 214
1302 250
1302 251
1302 252
1302 253
1302 254
1302 255
1302 256
1302 257
1302 258
1303 202
1303 203
1303 204
1303 205
1303 206
1303 207
1303 208
1303 209
1303 210
1303 211
1303 212
1303 213
1303 214
1303 215
1303 216
1303 217
1303 218
1303 219
1304 258
1304 259
1304 260
1305 207
1305 208
1305 209
1305 210
1305 211
1305 212
1305 213
1305 214
1305 215
1305 216
1305 217
1305 218
1305 219
1305 220
1305 221
1305 222
1305 223
1305 224
1307 211
1307 212
1307 213
1307 214
1307 215
1307 216
1307 217
1307 218
1307 219
1307 220
1307 221
1307 222
1307 223
1307 224
1307 225
1307 226
1307 227
1307 228
1309 216
1309 217
1309 218
1309 219
1309 220
1309 221
1309 222
1309 223
1309 224
1309 225
1309 226
1309 227
1309 228
1309 229
1309 230
1309 231
1309 232
1309 233
1310 180
1310 181
1310 182
1310 183
1310 184
1310 185
1310 186
1310 187
1311 221
1311 222
1311 223
1311 224
1311 225
1311 226
1311 227
1311 228
1311 229
1311 230
1311 231
1311 232
1311 233
1311 234
1311 235
1311 236
1311 237
1312 183
1312 184
1312 185
1312 186
1312 187
1312 188
1312 189
1312 190
1312 191
1312 192
1313 226
1313 227
1313 228
1313 229
1313 230
1313 231
1313 232
1313 233
1313 234
1313 235
1313 236
1313 237
1313 238
1313 239
1313 240
1313 241
1313 242
1314 186
1314 187
1314 188
1314 189
1314 190
1314 191
1314 192
1314 193
1314 194
1314 195
1314 196
1314 197
1314 198
1315 231
1315 232
1315 233
1315 234
1315 235
1315 236
1315 237
1315 238
1315 239
1315 240
1315 241
1315 242
1315 243
1315 244
1315 245
1315 246
1316 189
1316 190
1316 191
1316 192
1316 193
1316 194
1316 195
1316 196
1316 197
1316 198
1316 199
1316 200
1316 201
1316 202
1316 203
1317 237
1317 238
1317 239
1317 240
1317 241
1317 242
1317 243
1317 244
1317 245
1317 246
1317 247
1317 248
1317 249
1317 250
1318 193
1318 194
1318 195
1318 196
1318 197
1318 198
1318 199
1318 200
1318 201
1318 202
1318 203
1318 204
1318 205
1318 206
1318 207
1318 208
1319 242
1319 243
1319 244
1319 245
1319 246
1319 247
1319 248
1319 249
1319 250
1319 251
1319 252
1319 253
1319 254
1320 197
1320 198
1320 199
1320 200
1320 201
1320 202
1320 203
1320 204
1320 205
1320 206
1320 207
1320 208
1320 209
1320 210
1320 211
1320 212
1320 213
1321 248
1321 249
1321 250
1321 251
1321 252
1321 253
1321 254
1321 255
1321 256
1321 257
1321 258
1322 202
1322 203
1322 204
1322 205
1322 206
1322 207
1322 208
1322 209
1322 210
1322 211
1322 212
1322 213
1322 214
1322 215
1322 216
1322 217
1322 218
1323 255
1323 256
1323 257
1323 258
1323 259
1323 260
1323 261
1324 206
1324 207
1324 208
1324 209
1324 210
1324 211
1324 212
1324 213
1324 214
1324 215
1324 216
1324 217
1324 218
1324 219
1324 220
1324 221
1324 222
1326 210
1326 211
1326 212
1326 213
1326 214
1326 215
1326 216
1326 217
1326 218
1326 219
1326 220
1326 221
1326 222
1326 223
1326 224
1326 225
1326 226
1326 227
1328 215
1328 216
1328 217
1328 218
1328 219
1328 220
1328 221
1328 222
1328 223
1328 224
1328 225
1328 226
1328 227
1328 228
1328 229
1328 230
1328 231
1328 232
1330 220
1330 221
1330 222
1330 223
1330 224
1330 225
1330 226
1330 227
1330 228
1330 229
1330 230
1330 231
1330 232
1330 233
1330 234
1330 235
1330 236
1331 183
1331 184
1331 185
1331 186
1331 187
1331 188
1331 189
1331 190
1332 225
1332 226
1332 227
1332 228
1332 229
1332 230
1332 231
1332 232
1332 233
1332 234
1332 235
1332 236
1332 237
1332 238
1332 239
1332 240
1332 241
1333 186
1333 187
1333 188
1333 189
1333 190
1333 191
1333 192
1333 193
1333 194
1333 195
1333 196
1334 230
1334 231
1334 232
1334 233
1334 234
1334 235
1334 236
1334 237
1334 238
1334 239
1334 240
1334 241
1334 242
1334 243
1334 244
1334 245
1335 189
1335 190
1335 191
1335 192
1335 193
1335 194
1335 195
1335 196
1335 197
1335 198
1335 199
1335 200
1335 201
1336 235
1336 236
1336 237
1336 238
1336 239
1336 240
1336 241
1336 242
1336 243
1336 244
1336 245
1336 246
1336 247
1336 248
1336 249
1337 193
1337 194
1337 195
1337 196
1337 197
1337 198
1337 199
1337 200
1337 201
1337 202
1337 203
1337 204
1337 205
1337 206
1338 241
1338 242
1338 243
1338 244
1338 245
1338 246
1338 247
1338 248
1338 249
1338 250
1338 251
1338 252
1338 253
1339 197
1339 198
1339 199
1339 200
1339 201
1339 202
1339 203
1339 204
1339 205
1339 206
1339 207
1339 208
1339 209
1339 210
1339 211
1340 247
1340 248
1340 249
1340 250
1340 251
1340 252
1340 253
1340 254
1340 255
1340 256
1340 257
1341 201
1341 202
1341 203
1341 204
1341 205
1341 206
1341 207
1341 208
1341 209
1341 210
1341 211
1341 212
1341 213
1341 214
1341 215
1341 216
1342 253
1342 254
1342 255
1342 256
1342 257
1342 258
1342 259
1342 260
1343 205
1343 206
1343 207
1343 208
1343 209
1343 210
1343 211
1343 212
1343 213
1343 214
1343 215
1343 216
1343 217
1343 218
1343 219
1343 220
1343 221
1344 261
1345 210
1345 211
1345 212
1345 213
1345 214
1345 215
1345 216
1345 217
1345 218
1345 219
1345 220
1345 221
1345 222
1345 223
1345 224
1345 225
1347 214
1347 215
1347 216
1347 217
1347 218
1347 219
1347 220
1347 221
1347 222
1347 223
1347 224
1347 225
1347 226
1347 227
1347 228
1347 229
1347 230
1349 219
1349 220
1349 221
1349 222
1349 223
1349 224
1349 225
1349 226
1349 227
1349 228
1349 229
1349 230
1349 231
1349 232
1349 233
1349 234
1349 235
1350 185
1350 186
1351 224
1351 225
1351 226
1351 227
1351 228
1351 229
1351 230
1351 231
1351 232
1351 233
1351 234
1351 235
1351 236
1351 237
1351 238
1351 239
1352 187
1352 188
1352 189
1352 190
1352 191
1352 192
1352 193
1352 194
1353 229
1353 230
1353 231
1353 232
1353 233
1353 234
1353 235
1353 236
1353 237
1353 238
1353 239
1353 240
1353 241
1353 242
1353 243
1354 190
1354 191
1354 192
1354 193
1354 194
1354 195
1354 196
1354 197
1354 198
1354 199
1355 234
1355 235
1355 236
1355 237
1355 238
1355 239
1355 240
1355 241
1355 242
1355 243
1355 244
1355 245
1355 246
1355 247
1355 248
1356 193
1356 194
1356 195
1356 196
1356 197
1356 198
1356 199
1356 200
1356 201
1356 202
1356 203
1356 204
1357 240
1357 241
1357 242
1357 243
1357 244
1357 245
1357 246
1357 247
1357 248
1357 249
1357 250
1357 251
1357 252
1358 197
1358 198
1358 199
1358 200
1358 201
1358 202
1358 203
1358 204
1358 205
1358 206
1358 207
1358 208
1358 209
1359 245
1359 246
1359 247
1359 248
1359 249
1359 250
1359 251
1359 252
1359 253
1359 254
1359 255
1360 201
1360 202
1360 203
1360 204
1360 205
1360 206
1360 207
1360 208
1360 209
1360 210
1360 211
1360 212
1360 213
1360 214
1361 251
1361 252
1361 253
1361 254
1361 255
1361 256
1361 257
1361 258
1361 259
1362 205
1362 206
1362 207
1362 208
1362 209
1362 210
1362 211
1362 212
1362 213
1362 214
1362 215
1362 216
1362 217
1362 218
1362 219
1363 258
1363 259
1363 260
1363 261
1364 209
1364 210
1364 211
1364 212
1364 213
1364 214
1364 215
1364 216
1364 217
1364 218
1364 219
1364 220
1364 221
1364 222
1364 223
1364 224
1366 214
1366 215
1366 216
1366 217
1366 218
1366 219
1366 220
1366 221
1366 222
1366 223
1366 224
1366 225
1366 226
1366 227
1366 228
1366 229
1368 219
1368 220
1368 221
1368 222
1368 223
1368 224
1368 225
1368 226
1368 227
1368 228
1368 229
1368 230
1368 231
1368 232
1368 233
1370 223
1370 224
1370 225
1370 226
1370 227
1370 228
1370 229
1370 230
1370 231
1370 232
1370 233
1370 234
1370 235
1370 236
1370 237
1370 238
1371 189
1371 190
1372 228
1372 229
1372 230
1372 231
1372 232
1372 233
1372 234
1372 235
1372 236
1372 237
1372 238
1372 239
1372 240
1372 241
1372 242
1373 190
1373 191
1373 192
1373 193
1373 194
1373 195
1373 196
1373 197
1374 233
1374 234
1374 235
1374 236
1374 237
1374 238
1374 239
1374 240
1374 241
1374 242
1374 243
1374 244
1374 245
1374 246
1375 193
1375 194
1375 195
1375 196
1375 197
1375 198
1375 199
1375 200
1375 201
1375 202
1376 239
1376 240
1376 241
1376 242
1376 243
1376 244
1376 245
1376 246
1376 247
1376 248
1376 249
1376 250
1377 197
1377 198
1377 199
1377 200
1377 201
1377 202
1377 203
1377 204
1377 205
1377 206
1377 207
1378 244
1378 245
1378 246
1378 247
1378 248
1378 249
1378 250
1378 251
1378 252
1378 253
1378 254
1379 201
1379 202
1379 203
1379 204
1379 205
1379 206
1379 207
1379 208
1379 209
1379 210
1379 211
1379 212
1380 250
1380 251
1380 252
1380 253
1380 254
1380 255
1380 256
1380 257
1381 205
1381 206
1381 207
1381 208
1381 209
1381 210
1381 211
1381 212
1381 213
1381 214
1381 215
1381 216
1381 217
1382 256
1382 257
1382 258
1382 259
1382 260
1383 209
1383 210
1383 211
1383 212
1383 213
1383 214
1383 215
1383 216
1383 217
1383 218
1383 219
1383 220
1383 221
1383 222
1385 213
1385 214
1385 215
1385 216
1385 217
1385 218
1385 219
1385 220
1385 221
1385 222
1385 223
1385 224
1385 225
1385 226
1385 227
1387 218
1387 219
1387 220
1387 221
1387 222
1387 223
1387 224
1387 225
1387 226
1387 227
1387 228
1387 229
1387 230
1387 231
1389 223
1389 224
1389 225
1389 226
1389 227
1389 228
1389 229
1389 230
1389 231
1389 232
1389 233
1389 234
1389 235
1389 236
1391 228
1391 229
1391 230
1391 231
1391 232
1391 233
1391 234
1391 235
1391 236
1391 237
1391 238
1391 239
1391 240
1392 193
1393 233
1393 234
1393 235
1393 236
1393 237
1393 238
1393 239
1393 240
1393 241
1393 242
1393 243
1393 244
1393 245
1394 194
1394 195
1394 196
1394 197
1394 198
1394 199
1394 200
1395 238
1395 239
1395 240
1395 241
1395 242
1395 243
1395 244
1395 245
1395 246
1395 247
1395 248
1395 249
1396 197
1396 198
1396 199
1396 200
1396 201
1396 202
1396 203
1396 204
1396 205
1397 243
1397 244
1397 245
1397 246
1397 247
1397 248
1397 249
1397 250
1397 251
1397 252
1398 201
1398 202
1398 203
1398 204
1398 205
1398 206
1398 207
1398 208
1398 209
1398 210
1399 249
1399 250
1399 251
1399 252
1399 253
1399 254
1399 255
1399 256
1400 205
1400 206
1400 207
1400 208
1400 209
1400 210
1400 211
1400 212
1400 213
1400 214
1400 215
1401 255
1401 256
1401 257
1401 258
1401 259
1402 209
1402 210
1402 211
1402 212
1402 213
1402 214
1402 215
1402 216
1402 217
1402 218
1402 219
1402 220
1404 213
1404 214
1404 215
1404 216
1404 217
1404 218
1404 219
1404 220
1404 221
1404 222
1404 223
1404 224
1404 225
1406 218
1406 219
1406 220
1406 221
1406 222
1406 223
1406 224
1406 225
1406 226
1406 227
1406 228
1406 229
1406 230
1408 222
1408 223
1408 224
1408 225
1408 226
1408 227
1408 228
1408 229
1408 230
1408 231
1408 232
1408 233
1408 234
1410 227
1410 228
1410 229
1410 230
1410 231
1410 232
1410 233
1410 234
1410 235
1410 236
1410 237
1410 238
1412 232
1412 233
1412 234
1412 235
1412 236
1412 237
1412 238
1412 239
1412 240
1412 241
1412 242
1412 243
1414 237
1414 238
1414 239
1414 240
1414 241
1414 242
1414 243
1414 244
1414 245
1414 246
1414 247
1415 198
1415 199
1415 200
1415 201
1415 202
1415 203
1416 242
1416 243
1416 244
1416 245
1416 246
1416 247
1416 248
1416 249
1416 250
1416 251
1417 201
1417 202
1417 203
1417 204
1417 205
1417 206
1417 207
1417 208
1418 248
1418 249
1418 250
1418 251
1418 252
1418 253
1418 254
1419 205
1419 206
1419 207
1419 208
1419 209
1419 210
1419 211
1419 212
1419 213
1420 255
1420 256
1421 209
1421 210
1421 211
1421 212
1421 213
1421 214
1421 215
1421 216
1421 217
1421 218
1423 213
1423 214
1423 215
1423 216
1423 217
1423 218
1423 219
1423 220
1423 221
1423 222
1423 223
1425 218
1425 219
1425 220
1425 221
1425 222
1425 223
1425 224
1425 225
1425 226
1425 227
1425 228
1427 222
1427 223
1427 224
1427 225
1427 226
1427 227
1427 228
1427 229
1427 230
1427 231
1427 232
1429 227
1429 228
1429 229
1429 230
1429 231
1429 232
1429 233
1429 234
1429 235
1429 236
1429 237
1431 232
1431 233
1431 234
1431 235
1431 236
1431 237
1431 238
1431 239
1431 240
1431 241
1433 237
1433 238
1433 239
1433 240
1433 241
1433 242
1433 243
1433 244
1433 245
1435 242
1435 243
1435 244
1435 245
1435 246
1435 247
1435 248
1436 203
1436 204
1436 205
1437 248
1437 249
1437 250
1437 251
1437 252
1438 206
1438 207
1438 208
1438 209
1438 210
1438 211
1440 210
1440 211
1440 212
1440 213
1440 214
1440 215
1440 216
1442 213
1442 214
1442 215
1442 216
1442 217
1442 218
1442 219
1442 220
1442 221
1444 218
1444 219
1444 220
1444 221
1444 222
1444 223
1444 224
1444 225
1446 222
1446 223
1446 224
1446 225
1446 226
1446 227
1446 228
1446 229
1446 230
1448 227
1448 228
1448 229
1448 230
1448 231
1448 232
1448 233
1448 234
1450 231
1450 232
1450 233
1450 234
1450 235
1450 236
1450 237
1450 238
1452 236
1452 237
1452 238
1452 239
1452 240
1452 241
1452 242
1454 242
1454 243
1454 244
1454 245
1454 246
1461 215
1461 216
1461 217
1461 218
1463 218
1463 219
1463 220
1463 221
1463 222
1465 223
1465 224
1465 225
1465 226
1465 227
1467 227
1467 228
1467 229
1467 230
1467 231
1469 232
1469 233
1469 234
1469 235
1469 236
1471 237
1471 238
1471 239
