561 11
561 12
564 2
564 3
564 4
564 5
572 9
572 10
572 11
572 12
572 13
572 14
572 15
575 1
575 2
575 3
575 4
575 5
575 6
575 7
575 8
578 571
578 572
578 573
578 574
578 575
580 17
580 18
580 19
580 20
580 21
580 22
583 9
583 10
583 11
583 12
583 13
583 14
583 15
583 16
586 1
586 2
586 3
586 4
586 5
586 6
586 7
586 8
586 9
589 0
589 1
589 570
589 571
589 572
589 573
589 574
589 575
591 17
591 18
591 19
591 20
591 21
591 22
591 23
591 24
592 566
594 9
594 10
594 11
594 12
594 13
594 14
594 15
594 16
594 17
594 18
597 1
597 2
597 3
597 4
597 5
597 6
597 7
597 8
597 9
597 10
597 11
599 27
599 28
599 29
599 30
600 0
600 1
600 2
600 3
600 570
600 571
600 572
600 573
600 574
600 575
602 17
602 18
602 19
602 20
602 21
602 22
602 23
602 24
602 25
602 26
603 565
603 566
603 567
603 568
603 569
605 9
605 10
605 11
605 12
605 13
605 14
605 15
605 16
605 17
605 18
605 19
605 20
608 1
608 2
608 3
608 4
608 5
608 6
608 7
608 8
608 9
608 10
608 11
608 12
610 26
610 27
610 28
610 29
610 30
610 31
610 32
611 0
611 1
611 2
611 3
611 4
611 570
611 571
611 572
611 573
611 574
611 575
613 17
613 18
613 19
613 20
613 21
613 22
613 23
613 24
613 25
613 26
613 27
614 564
614 565
614 566
614 567
614 568
614 569
614 570
614 571
616 9
616 10
616 11
616 12
616 13
616 14
616 15
616 16
616 17
616 18
616 19
616 20
616 21
619 1
619 2
619 3
619 4
619 5
619 6
619 7
619 8
619 9
619 10
619 11
619 12
619 13
619 14
621 26
621 27
621 28
621 29
621 30
621 31
621 32
621 33
621 34
622 0
622 1
622 2
622 3
622 4
622 5
622 6
622 571
622 572
622 573
622 574
622 575
624 17
624 18
624 19
624 20
624 21
624 22
624 23
624 24
624 25
624 26
624 27
624 28
624 29
625 564
625 565
625 566
625 567
625 568
625 569
625 570
625 571
625 572
625 573
627 9
627 10
627 11
627 12
627 13
627 14
627 15
627 16
627 17
627 18
627 19
627 20
627 21
627 22
630 2
630 3
630 4
630 5
630 6
630 7
630 8
630 9
630 10
630 11
630 12
630 13
630 14
630 15
632 26
632 27
632 28
632 29
632 30
632 31
632 32
632 33
632 34
632 35
633 0
633 1
633 2
633 3
633 4
633 5
633 6
633 7
633 571
633 572
633 573
633 574
633 575
635 18
635 19
635 20
635 21
635 22
635 23
635 24
635 25
635 26
635 27
635 28
635 29
635 30
636 565
636 566
636 567
636 568
636 569
636 570
636 571
636 572
636 573
636 574
638 10
638 11
638 12
638 13
638 14
638 15
638 16
638 17
638 18
638 19
638 20
638 21
638 22
638 23
639 560
639 561
639 562
639 563
639 564
640 37
640 38
640 39
640 40
641 2
641 3
641 4
641 5
641 6
641 7
641 8
641 9
641 10
641 11
641 12
641 13
641 14
641 15
641 16
643 27
643 28
643 29
643 30
643 31
643 32
643 33
643 34
643 35
643 36
643 37
644 0
644 1
644 2
644 3
644 4
644 5
644 6
644 7
644 8
644 571
644 572
644 573
644 574
644 575
646 18
646 19
646 20
646 21
646 22
646 23
646 24
646 25
646 26
646 27
646 28
646 29
646 30
646 31
647 0
647 565
647 566
647 567
647 568
647 569
647 570
647 571
647 572
647 573
647 574
647 575
649 10
649 11
649 12
649 13
649 14
649 15
649 16
649 17
649 18
649 19
649 20
649 21
649 22
649 23
649 24
650 560
650 561
650 562
650 563
650 564
650 565
650 566
651 37
651 38
651 39
651 40
651 41
651 42
652 3
652 4
652 5
652 6
652 7
652 8
652 9
652 10
652 11
652 12
652 13
652 14
652 15
652 16
652 17
654 27
654 28
654 29
654 30
654 31
654 32
654 33
654 34
654 35
654 36
654 37
654 38
655 0
655 1
655 2
655 3
655 4
655 5
655 6
655 7
655 8
655 9
655 572
655 573
655 574
655 575
657 18
657 19
657 20
657 21
657 22
657 23
657 24
657 25
657 26
657 27
657 28
657 29
657 30
657 31
657 32
658 0
658 1
658 565
658 566
658 567
658 568
658 569
658 570
658 571
658 572
658 573
658 574
658 575
660 11
660 12
660 13
660 14
660 15
660 16
660 17
660 18
660 19
660 20
660 21
660 22
660 23
660 24
660 25
661 560
661 561
661 562
661 563
661 564
661 565
661 566
661 567
661 568
662 37
662 38
662 39
662 40
662 41
662 42
662 43
663 3
663 4
663 5
663 6
663 7
663 8
663 9
663 10
663 11
663 12
663 13
663 14
663 15
663 16
663 17
663 18
665 27
665 28
665 29
665 30
665 31
665 32
665 33
665 34
665 35
665 36
665 37
665 38
665 39
666 0
666 1
666 2
666 3
666 4
666 5
666 6
666 7
666 8
666 9
666 10
666 11
666 572
666 573
666 574
666 575
668 19
668 20
668 21
668 22
668 23
668 24
668 25
668 26
668 27
668 28
668 29
668 30
668 31
668 32
668 33
669 0
669 1
669 2
669 566
669 567
669 568
669 569
669 570
669 571
669 572
669 573
669 574
669 575
671 11
671 12
671 13
671 14
671 15
671 16
671 17
671 18
671 19
671 20
671 21
671 22
671 23
671 24
671 25
671 26
672 560
672 561
672 562
672 563
672 564
672 565
672 566
672 567
672 568
672 569
673 37
673 38
673 39
673 40
673 41
673 42
673 43
673 44
674 4
674 5
674 6
674 7
674 8
674 9
674 10
674 11
674 12
674 13
674 14
674 15
674 16
674 17
674 18
674 19
676 28
676 29
676 30
676 31
676 32
676 33
676 34
676 35
676 36
676 37
676 38
676 39
676 40
677 0
677 1
677 2
677 3
677 4
677 5
677 6
677 7
677 8
677 9
677 10
677 11
677 12
677 573
677 574
677 575
679 19
679 20
679 21
679 22
679 23
679 24
679 25
679 26
679 27
679 28
679 29
679 30
679 31
679 32
679 33
679 34
680 0
680 1
680 2
680 3
680 566
680 567
680 568
680 569
680 570
680 571
680 572
680 573
680 574
680 575
682 12
682 13
682 14
682 15
682 16
682 17
682 18
682 19
682 20
682 21
682 22
682 23
682 24
682 25
682 26
682 27
682 28
683 560
683 561
683 562
683 563
683 564
683 565
683 566
683 567
683 568
683 569
683 570
684 37
684 38
684 39
684 40
684 41
684 42
684 43
684 44
684 45
684 46
685 4
685 5
685 6
685 7
685 8
685 9
685 10
685 11
685 12
685 13
685 14
685 15
685 16
685 17
685 18
685 19
685 20
687 28
687 29
687 30
687 31
687 32
687 33
687 34
687 35
687 36
687 37
687 38
687 39
687 40
687 41
688 0
688 1
688 2
688 3
688 4
688 5
688 6
688 7
688 8
688 9
688 10
688 11
688 12
688 13
688 573
688 574
688 575
690 20
690 21
690 22
690 23
690 24
690 25
690 26
690 27
690 28
690 29
690 30
690 31
690 32
690 33
690 34
690 35
691 0
691 1
691 2
691 3
691 4
691 5
691 567
691 568
691 569
691 570
691 571
691 572
691 573
691 574
691 575
693 12
693 13
693 14
693 15
693 16
693 17
693 18
693 19
693 20
693 21
693 22
693 23
693 24
693 25
693 26
693 27
693 28
694 561
694 562
694 563
694 564
694 565
694 566
694 567
694 568
694 569
694 570
694 571
694 572
695 38
695 39
695 40
695 41
695 42
695 43
695 44
695 45
695 46
695 47
696 5
696 6
696 7
696 8
696 9
696 10
696 11
696 12
696 13
696 14
696 15
696 16
696 17
696 18
696 19
696 20
696 21
697 558
697 559
697 560
698 29
698 30
698 31
698 32
698 33
698 34
698 35
698 36
698 37
698 38
698 39
698 40
698 41
698 42
699 0
699 1
699 2
699 3
699 4
699 5
699 6
699 7
699 8
699 9
699 10
699 11
699 12
699 13
699 14
699 574
699 575
701 21
701 22
701 23
701 24
701 25
701 26
701 27
701 28
701 29
701 30
701 31
701 32
701 33
701 34
701 35
701 36
702 0
702 1
702 2
702 3
702 4
702 5
702 6
702 567
702 568
702 569
702 570
702 571
702 572
702 573
702 574
702 575
704 13
704 14
704 15
704 16
704 17
704 18
704 19
704 20
704 21
704 22
704 23
704 24
704 25
704 26
704 27
704 28
704 29
705 561
705 562
705 563
705 564
705 565
705 566
705 567
705 568
705 569
705 570
705 571
705 572
705 573
706 38
706 39
706 40
706 41
706 42
706 43
706 44
706 45
706 46
706 47
706 48
707 5
707 6
707 7
707 8
707 9
707 10
707 11
707 12
707 13
707 14
707 15
707 16
707 17
707 18
707 19
707 20
707 21
707 22
708 558
708 559
708 560
708 561
708 562
709 29
709 30
709 31
709 32
709 33
709 34
709 35
709 36
709 37
709 38
709 39
709 40
709 41
709 42
709 43
710 0
710 1
710 2
710 3
710 4
710 5
710 6
710 7
710 8
710 9
710 10
710 11
710 12
710 13
710 14
710 15
710 574
710 575
712 21
712 22
712 23
712 24
712 25
712 26
712 27
712 28
712 29
712 30
712 31
712 32
712 33
712 34
712 35
712 36
712 37
713 0
713 1
713 2
713 3
713 4
713 5
713 6
713 7
713 568
713 569
713 570
713 571
713 572
713 573
713 574
713 575
715 13
715 14
715 15
715 16
715 17
715 18
715 19
715 20
715 21
715 22
715 23
715 24
715 25
715 26
715 27
715 28
715 29
715 30
716 562
716 563
716 564
716 565
716 566
716 567
716 568
716 569
716 570
716 571
716 572
716 573
716 574
717 39
717 40
717 41
717 42
717 43
717 44
717 45
717 46
717 47
717 48
717 49
718 6
718 7
718 8
718 9
718 10
718 11
718 12
718 13
718 14
718 15
718 16
718 17
718 18
718 19
718 20
718 21
718 22
718 23
719 558
719 559
719 560
719 561
719 562
719 563
720 30
720 31
720 32
720 33
720 34
720 35
720 36
720 37
720 38
720 39
720 40
720 41
720 42
720 43
720 44
721 0
721 1
721 2
721 3
721 4
721 5
721 6
721 7
721 8
721 9
721 10
721 11
721 12
721 13
721 14
721 15
721 16
721 575
723 22
723 23
723 24
723 25
723 26
723 27
723 28
723 29
723 30
723 31
723 32
723 33
723 34
723 35
723 36
723 37
723 38
724 0
724 1
724 2
724 3
724 4
724 5
724 6
724 7
724 8
724 568
724 569
724 570
724 571
724 572
724 573
724 574
724 575
726 14
726 15
726 16
726 17
726 18
726 19
726 20
726 21
726 22
726 23
726 24
726 25
726 26
726 27
726 28
726 29
726 30
726 31
727 562
727 563
727 564
727 565
727 566
727 567
727 568
727 569
727 570
727 571
727 572
727 573
727 574
727 575
728 40
728 41
728 42
728 43
728 44
728 45
728 46
728 47
728 48
728 49
728 50
729 7
729 8
729 9
729 10
729 11
729 12
729 13
729 14
729 15
729 16
729 17
729 18
729 19
729 20
729 21
729 22
729 23
729 24
730 558
730 559
730 560
730 561
730 562
730 563
730 564
730 565
731 31
731 32
731 33
731 34
731 35
731 36
731 37
731 38
731 39
731 40
731 41
731 42
731 43
731 44
731 45
732 0
732 1
732 2
732 3
732 4
732 5
732 6
732 7
732 8
732 9
732 10
732 11
732 12
732 13
732 14
732 15
732 16
732 17
734 22
734 23
734 24
734 25
734 26
734 27
734 28
734 29
734 30
734 31
734 32
734 33
734 34
734 35
734 36
734 37
734 38
734 39
735 0
735 1
735 2
735 3
735 4
735 5
735 6
735 7
735 8
735 9
735 569
735 570
735 571
735 572
735 573
735 574
735 575
737 15
737 16
737 17
737 18
737 19
737 20
737 21
737 22
737 23
737 24
737 25
737 26
737 27
737 28
737 29
737 30
737 31
737 32
738 0
738 563
738 564
738 565
738 566
738 567
738 568
738 569
738 570
738 571
738 572
738 573
738 574
738 575
739 40
739 41
739 42
739 43
739 44
739 45
739 46
739 47
739 48
739 49
739 50
740 7
740 8
740 9
740 10
740 11
740 12
740 13
740 14
740 15
740 16
740 17
740 18
740 19
740 20
740 21
740 22
740 23
740 24
740 25
741 558
741 559
741 560
741 561
741 562
741 563
741 564
741 565
741 566
742 31
742 32
742 33
742 34
742 35
742 36
742 37
742 38
742 39
742 40
742 41
742 42
742 43
742 44
742 45
743 0
743 1
743 2
743 3
743 4
743 5
743 6
743 7
743 8
743 9
743 10
743 11
743 12
743 13
743 14
743 15
743 16
743 17
743 18
745 23
745 24
745 25
745 26
745 27
745 28
745 29
745 30
745 31
745 32
745 33
745 34
745 35
745 36
745 37
745 38
745 39
745 40
746 0
746 1
746 2
746 3
746 4
746 5
746 6
746 7
746 8
746 9
746 10
746 570
746 571
746 572
746 573
746 574
746 575
748 15
748 16
748 17
748 18
748 19
748 20
748 21
748 22
748 23
748 24
748 25
748 26
748 27
748 28
748 29
748 30
748 31
748 32
748 33
749 0
749 1
749 564
749 565
749 566
749 567
749 568
749 569
749 570
749 571
749 572
749 573
749 574
749 575
750 41
750 42
750 43
750 44
750 45
750 46
750 47
750 48
750 49
750 50
750 51
751 8
751 9
751 10
751 11
751 12
751 13
751 14
751 15
751 16
751 17
751 18
751 19
751 20
751 21
751 22
751 23
751 24
751 25
751 26
752 559
752 560
752 561
752 562
752 563
752 564
752 565
752 566
752 567
753 32
753 33
753 34
753 35
753 36
753 37
753 38
753 39
753 40
753 41
753 42
753 43
753 44
753 45
753 46
754 1
754 2
754 3
754 4
754 5
754 6
754 7
754 8
754 9
754 10
754 11
754 12
754 13
754 14
754 15
754 16
754 17
754 18
754 19
756 24
756 25
756 26
756 27
756 28
756 29
756 30
756 31
756 32
756 33
756 34
756 35
756 36
756 37
756 38
756 39
756 40
757 0
757 1
757 2
757 3
757 4
757 5
757 6
757 7
757 8
757 9
757 10
757 11
757 570
757 571
757 572
757 573
757 574
757 575
759 16
759 17
759 18
759 19
759 20
759 21
759 22
759 23
759 24
759 25
759 26
759 27
759 28
759 29
759 30
759 31
759 32
759 33
759 34
760 0
760 1
760 2
760 564
760 565
760 566
760 567
760 568
760 569
760 570
760 571
760 572
760 573
760 574
760 575
761 42
761 43
761 44
761 45
761 46
761 47
761 48
761 49
761 50
761 51
761 52
762 9
762 10
762 11
762 12
762 13
762 14
762 15
762 16
762 17
762 18
762 19
762 20
762 21
762 22
762 23
762 24
762 25
762 26
762 27
763 559
763 560
763 561
763 562
763 563
763 564
763 565
763 566
763 567
763 568
763 569
764 33
764 34
764 35
764 36
764 37
764 38
764 39
764 40
764 41
764 42
764 43
764 44
764 45
764 46
764 47
765 2
765 3
765 4
765 5
765 6
765 7
765 8
765 9
765 10
765 11
765 12
765 13
765 14
765 15
765 16
765 17
765 18
765 19
767 24
767 25
767 26
767 27
767 28
767 29
767 30
767 31
767 32
767 33
767 34
767 35
767 36
767 37
767 38
767 39
767 40
767 41
768 0
768 1
768 2
768 3
768 4
768 5
768 6
768 7
768 8
768 9
768 10
768 11
768 12
768 571
768 572
768 573
768 574
768 575
770 17
770 18
770 19
770 20
770 21
770 22
770 23
770 24
770 25
770 26
770 27
770 28
770 29
770 30
770 31
770 32
770 33
770 34
770 35
771 0
771 1
771 2
771 3
771 565
771 566
771 567
771 568
771 569
771 570
771 571
771 572
771 573
771 574
771 575
772 42
772 43
772 44
772 45
772 46
772 47
772 48
772 49
772 50
772 51
772 52
772 53
773 9
773 10
773 11
773 12
773 13
773 14
773 15
773 16
773 17
773 18
773 19
773 20
773 21
773 22
773 23
773 24
773 25
773 26
773 27
773 28
774 560
774 561
774 562
774 563
774 564
774 565
774 566
774 567
774 568
774 569
774 570
775 33
775 34
775 35
775 36
775 37
775 38
775 39
775 40
775 41
775 42
775 43
775 44
775 45
775 46
775 47
775 48
776 2
776 3
776 4
776 5
776 6
776 7
776 8
776 9
776 10
776 11
776 12
776 13
776 14
776 15
776 16
776 17
776 18
776 19
776 20
778 25
778 26
778 27
778 28
778 29
778 30
778 31
778 32
778 33
778 34
778 35
778 36
778 37
778 38
778 39
778 40
778 41
778 42
779 0
779 1
779 2
779 3
779 4
779 5
779 6
779 7
779 8
779 9
779 10
779 11
779 12
779 572
779 573
779 574
779 575
781 17
781 18
781 19
781 20
781 21
781 22
781 23
781 24
781 25
781 26
781 27
781 28
781 29
781 30
781 31
781 32
781 33
781 34
781 35
782 0
782 1
782 2
782 3
782 4
782 566
782 567
782 568
782 569
782 570
782 571
782 572
782 573
782 574
782 575
783 43
783 44
783 45
783 46
783 47
783 48
783 49
783 50
783 51
783 52
783 53
784 10
784 11
784 12
784 13
784 14
784 15
784 16
784 17
784 18
784 19
784 20
784 21
784 22
784 23
784 24
784 25
784 26
784 27
784 28
784 29
785 561
785 562
785 563
785 564
785 565
785 566
785 567
785 568
785 569
785 570
785 571
786 34
786 35
786 36
786 37
786 38
786 39
786 40
786 41
786 42
786 43
786 44
786 45
786 46
786 47
786 48
786 49
787 3
787 4
787 5
787 6
787 7
787 8
787 9
787 10
787 11
787 12
787 13
787 14
787 15
787 16
787 17
787 18
787 19
787 20
787 21
789 26
789 27
789 28
789 29
789 30
789 31
789 32
789 33
789 34
789 35
789 36
789 37
789 38
789 39
789 40
789 41
789 42
789 43
790 0
790 1
790 2
790 3
790 4
790 5
790 6
790 7
790 8
790 9
790 10
790 11
790 12
790 13
790 572
790 573
790 574
790 575
792 18
792 19
792 20
792 21
792 22
792 23
792 24
792 25
792 26
792 27
792 28
792 29
792 30
792 31
792 32
792 33
792 34
792 35
792 36
793 0
793 1
793 2
793 3
793 4
793 5
793 566
793 567
793 568
793 569
793 570
793 571
793 572
793 573
793 574
793 575
794 44
794 45
794 46
794 47
794 48
794 49
794 50
794 51
794 52
794 53
794 54
795 11
795 12
795 13
795 14
795 15
795 16
795 17
795 18
795 19
795 20
795 21
795 22
795 23
795 24
795 25
795 26
795 27
795 28
795 29
796 561
796 562
796 563
796 564
796 565
796 566
796 567
796 568
796 569
796 570
796 571
796 572
797 35
797 36
797 37
797 38
797 39
797 40
797 41
797 42
797 43
797 44
797 45
797 46
797 47
797 48
797 49
798 4
798 5
798 6
798 7
798 8
798 9
798 10
798 11
798 12
798 13
798 14
798 15
798 16
798 17
798 18
798 19
798 20
798 21
798 22
800 27
800 28
800 29
800 30
800 31
800 32
800 33
800 34
800 35
800 36
800 37
800 38
800 39
800 40
800 41
800 42
800 43
801 0
801 1
801 2
801 3
801 4
801 5
801 6
801 7
801 8
801 9
801 10
801 11
801 12
801 13
801 14
801 573
801 574
801 575
803 19
803 20
803 21
803 22
803 23
803 24
803 25
803 26
803 27
803 28
803 29
803 30
803 31
803 32
803 33
803 34
803 35
803 36
803 37
804 0
804 1
804 2
804 3
804 4
804 5
804 6
804 567
804 568
804 569
804 570
804 571
804 572
804 573
804 574
804 575
805 45
805 46
805 47
805 48
805 49
805 50
805 51
805 52
805 53
805 54
805 55
806 12
806 13
806 14
806 15
806 16
806 17
806 18
806 19
806 20
806 21
806 22
806 23
806 24
806 25
806 26
806 27
806 28
806 29
806 30
807 562
807 563
807 564
807 565
807 566
807 567
807 568
807 569
807 570
807 571
807 572
807 573
808 36
808 37
808 38
808 39
808 40
808 41
808 42
808 43
808 44
808 45
808 46
808 47
808 48
808 49
808 50
809 5
809 6
809 7
809 8
809 9
809 10
809 11
809 12
809 13
809 14
809 15
809 16
809 17
809 18
809 19
809 20
809 21
809 22
809 23
811 28
811 29
811 30
811 31
811 32
811 33
811 34
811 35
811 36
811 37
811 38
811 39
811 40
811 41
811 42
811 43
811 44
812 0
812 1
812 2
812 3
812 4
812 5
812 6
812 7
812 8
812 9
812 10
812 11
812 12
812 13
812 14
812 15
812 574
812 575
814 20
814 21
814 22
814 23
814 24
814 25
814 26
814 27
814 28
814 29
814 30
814 31
814 32
814 33
814 34
814 35
814 36
814 37
814 38
815 0
815 1
815 2
815 3
815 4
815 5
815 6
815 7
815 568
815 569
815 570
815 571
815 572
815 573
815 574
815 575
816 46
816 47
816 48
816 49
816 50
816 51
816 52
816 53
816 54
816 55
817 12
817 13
817 14
817 15
817 16
817 17
817 18
817 19
817 20
817 21
817 22
817 23
817 24
817 25
817 26
817 27
817 28
817 29
817 30
817 31
818 563
818 564
818 565
818 566
818 567
818 568
818 569
818 570
818 571
818 572
818 573
818 574
819 37
819 38
819 39
819 40
819 41
819 42
819 43
819 44
819 45
819 46
819 47
819 48
819 49
819 50
819 51
820 5
820 6
820 7
820 8
820 9
820 10
820 11
820 12
820 13
820 14
820 15
820 16
820 17
820 18
820 19
820 20
820 21
820 22
820 23
820 24
822 28
822 29
822 30
822 31
822 32
822 33
822 34
822 35
822 36
822 37
822 38
822 39
822 40
822 41
822 42
822 43
822 44
822 45
823 0
823 1
823 2
823 3
823 4
823 5
823 6
823 7
823 8
823 9
823 10
823 11
823 12
823 13
823 14
823 15
823 16
823 575
825 21
825 22
825 23
825 24
825 25
825 26
825 27
825 28
825 29
825 30
825 31
825 32
825 33
825 34
825 35
825 36
825 37
825 38
826 0
826 1
826 2
826 3
826 4
826 5
826 6
826 7
826 8
826 569
826 570
826 571
826 572
826 573
826 574
826 575
827 47
827 48
827 49
827 50
827 51
827 52
827 53
827 54
827 55
827 56
828 13
828 14
828 15
828 16
828 17
828 18
828 19
828 20
828 21
828 22
828 23
828 24
828 25
828 26
828 27
828 28
828 29
828 30
828 31
828 32
829 563
829 564
829 565
829 566
829 567
829 568
829 569
829 570
829 571
829 572
829 573
829 574
829 575
830 37
830 38
830 39
830 40
830 41
830 42
830 43
830 44
830 45
830 46
830 47
830 48
830 49
830 50
830 51
831 6
831 7
831 8
831 9
831 10
831 11
831 12
831 13
831 14
831 15
831 16
831 17
831 18
831 19
831 20
831 21
831 22
831 23
831 24
833 29
833 30
833 31
833 32
833 33
833 34
833 35
833 36
833 37
833 38
833 39
833 40
833 41
833 42
833 43
833 44
833 45
833 46
834 0
834 1
834 2
834 3
834 4
834 5
834 6
834 7
834 8
834 9
834 10
834 11
834 12
834 13
834 14
834 15
834 16
834 17
836 21
836 22
836 23
836 24
836 25
836 26
836 27
836 28
836 29
836 30
836 31
836 32
836 33
836 34
836 35
836 36
836 37
836 38
836 39
837 0
837 1
837 2
837 3
837 4
837 5
837 6
837 7
837 8
837 9
837 569
837 570
837 571
837 572
837 573
837 574
837 575
838 48
838 49
838 50
838 51
838 52
838 53
838 54
838 55
838 56
839 14
839 15
839 16
839 17
839 18
839 19
839 20
839 21
839 22
839 23
839 24
839 25
839 26
839 27
839 28
839 29
839 30
839 31
839 32
840 0
840 564
840 565
840 566
840 567
840 568
840 569
840 570
840 571
840 572
840 573
840 574
840 575
841 38
841 39
841 40
841 41
841 42
841 43
841 44
841 45
841 46
841 47
841 48
841 49
841 50
841 51
841 52
842 7
842 8
842 9
842 10
842 11
842 12
842 13
842 14
842 15
842 16
842 17
842 18
842 19
842 20
842 21
842 22
842 23
842 24
842 25
843 563
844 30
844 31
844 32
844 33
844 34
844 35
844 36
844 37
844 38
844 39
844 40
844 41
844 42
844 43
844 44
844 45
844 46
845 0
845 1
845 2
845 3
845 4
845 5
845 6
845 7
845 8
845 9
845 10
845 11
845 12
845 13
845 14
845 15
845 16
845 17
847 22
847 23
847 24
847 25
847 26
847 27
847 28
847 29
847 30
847 31
847 32
847 33
847 34
847 35
847 36
847 37
847 38
847 39
847 40
848 0
848 1
848 2
848 3
848 4
848 5
848 6
848 7
848 8
848 9
848 570
848 571
848 572
848 573
848 574
848 575
849 49
849 50
849 51
849 52
849 53
849 54
849 55
849 56
850 15
850 16
850 17
850 18
850 19
850 20
850 21
850 22
850 23
850 24
850 25
850 26
850 27
850 28
850 29
850 30
850 31
850 32
850 33
851 0
851 565
851 566
851 567
851 568
851 569
851 570
851 571
851 572
851 573
851 574
851 575
852 39
852 40
852 41
852 42
852 43
852 44
852 45
852 46
852 47
852 48
852 49
852 50
852 51
852 52
853 8
853 9
853 10
853 11
853 12
853 13
853 14
853 15
853 16
853 17
853 18
853 19
853 20
853 21
853 22
853 23
853 24
853 25
853 26
854 563
854 564
855 31
855 32
855 33
855 34
855 35
855 36
855 37
855 38
855 39
855 40
855 41
855 42
855 43
855 44
855 45
855 46
855 47
856 1
856 2
856 3
856 4
856 5
856 6
856 7
856 8
856 9
856 10
856 11
856 12
856 13
856 14
856 15
856 16
856 17
856 18
858 23
858 24
858 25
858 26
858 27
858 28
858 29
858 30
858 31
858 32
858 33
858 34
858 35
858 36
858 37
858 38
858 39
858 40
858 41
859 0
859 1
859 2
859 3
859 4
859 5
859 6
859 7
859 8
859 9
859 10
859 571
859 572
859 573
859 574
859 575
860 50
860 51
860 52
860 53
860 54
860 55
860 56
860 57
861 16
861 17
861 18
861 19
861 20
861 21
861 22
861 23
861 24
861 25
861 26
861 27
861 28
861 29
861 30
861 31
861 32
861 33
861 34
862 0
862 1
862 566
862 567
862 568
862 569
862 570
862 571
862 572
862 573
862 574
862 575
863 40
863 41
863 42
863 43
863 44
863 45
863 46
863 47
863 48
863 49
863 50
863 51
863 52
863 53
864 9
864 10
864 11
864 12
864 13
864 14
864 15
864 16
864 17
864 18
864 19
864 20
864 21
864 22
864 23
864 24
864 25
864 26
864 27
865 564
865 565
865 566
866 32
866 33
866 34
866 35
866 36
866 37
866 38
866 39
866 40
866 41
866 42
866 43
866 44
866 45
866 46
866 47
867 2
867 3
867 4
867 5
867 6
867 7
867 8
867 9
867 10
867 11
867 12
867 13
867 14
867 15
867 16
867 17
867 18
867 19
869 24
869 25
869 26
869 27
869 28
869 29
869 30
869 31
869 32
869 33
869 34
869 35
869 36
869 37
869 38
869 39
869 40
869 41
870 0
870 1
870 2
870 3
870 4
870 5
870 6
870 7
870 8
870 9
870 10
870 11
870 572
870 573
870 574
870 575
871 51
871 52
871 53
871 54
871 55
871 56
871 57
872 16
872 17
872 18
872 19
872 20
872 21
872 22
872 23
872 24
872 25
872 26
872 27
872 28
872 29
872 30
872 31
872 32
872 33
872 34
873 0
873 1
873 2
873 567
873 568
873 569
873 570
873 571
873 572
873 573
873 574
873 575
874 41
874 42
874 43
874 44
874 45
874 46
874 47
874 48
874 49
874 50
874 51
874 52
874 53
875 9
875 10
875 11
875 12
875 13
875 14
875 15
875 16
875 17
875 18
875 19
875 20
875 21
875 22
875 23
875 24
875 25
875 26
875 27
876 564
876 565
876 566
876 567
877 33
877 34
877 35
877 36
877 37
877 38
877 39
877 40
877 41
877 42
877 43
877 44
877 45
877 46
877 47
877 48
878 3
878 4
878 5
878 6
878 7
878 8
878 9
878 10
878 11
878 12
878 13
878 14
878 15
878 16
878 17
878 18
878 19
878 20
880 25
880 26
880 27
880 28
880 29
880 30
880 31
880 32
880 33
880 34
880 35
880 36
880 37
880 38
880 39
880 40
880 41
880 42
881 0
881 1
881 2
881 3
881 4
881 5
881 6
881 7
881 8
881 9
881 10
881 11
881 12
881 573
881 574
881 575
882 53
882 54
882 55
882 56
882 57
883 17
883 18
883 19
883 20
883 21
883 22
883 23
883 24
883 25
883 26
883 27
883 28
883 29
883 30
883 31
883 32
883 33
883 34
883 35
884 0
884 1
884 2
884 3
884 567
884 568
884 569
884 570
884 571
884 572
884 573
884 574
884 575
885 42
885 43
885 44
885 45
885 46
885 47
885 48
885 49
885 50
885 51
885 52
885 53
885 54
886 10
886 11
886 12
886 13
886 14
886 15
886 16
886 17
886 18
886 19
886 20
886 21
886 22
886 23
886 24
886 25
886 26
886 27
886 28
887 565
887 566
887 567
887 568
888 33
888 34
888 35
888 36
888 37
888 38
888 39
888 40
888 41
888 42
888 43
888 44
888 45
888 46
888 47
888 48
889 4
889 5
889 6
889 7
889 8
889 9
889 10
889 11
889 12
889 13
889 14
889 15
889 16
889 17
889 18
889 19
889 20
891 26
891 27
891 28
891 29
891 30
891 31
891 32
891 33
891 34
891 35
891 36
891 37
891 38
891 39
891 40
891 41
891 42
892 0
892 1
892 2
892 3
892 4
892 5
892 6
892 7
892 8
892 9
892 10
892 11
892 12
892 574
892 575
893 55
893 56
894 18
894 19
894 20
894 21
894 22
894 23
894 24
894 25
894 26
894 27
894 28
894 29
894 30
894 31
894 32
894 33
894 34
894 35
894 36
895 0
895 1
895 2
895 3
895 4
895 568
895 569
895 570
895 571
895 572
895 573
895 574
895 575
896 43
896 44
896 45
896 46
896 47
896 48
896 49
896 50
896 51
896 52
896 53
896 54
897 11
897 12
897 13
897 14
897 15
897 16
897 17
897 18
897 19
897 20
897 21
897 22
897 23
897 24
897 25
897 26
897 27
897 28
897 29
898 566
898 567
898 568
898 569
899 34
899 35
899 36
899 37
899 38
899 39
899 40
899 41
899 42
899 43
899 44
899 45
899 46
899 47
899 48
899 49
900 4
900 5
900 6
900 7
900 8
900 9
900 10
900 11
900 12
900 13
900 14
900 15
900 16
900 17
900 18
900 19
900 20
900 21
902 26
902 27
902 28
902 29
902 30
902 31
902 32
902 33
902 34
902 35
902 36
902 37
902 38
902 39
902 40
902 41
902 42
902 43
903 0
903 1
903 2
903 3
903 4
903 5
903 6
903 7
903 8
903 9
903 10
903 11
903 12
903 13
903 574
903 575
905 19
905 20
905 21
905 22
905 23
905 24
905 25
905 26
905 27
905 28
905 29
905 30
905 31
905 32
905 33
905 34
905 35
905 36
906 0
906 1
906 2
906 3
906 4
906 5
906 569
906 570
906 571
906 572
906 573
906 574
906 575
907 44
907 45
907 46
907 47
907 48
907 49
907 50
907 51
907 52
907 53
907 54
908 12
908 13
908 14
908 15
908 16
908 17
908 18
908 19
908 20
908 21
908 22
908 23
908 24
908 25
908 26
908 27
908 28
908 29
909 566
909 567
909 568
909 569
910 35
910 36
910 37
910 38
910 39
910 40
910 41
910 42
910 43
910 44
910 45
910 46
910 47
910 48
910 49
911 5
911 6
911 7
911 8
911 9
911 10
911 11
911 12
911 13
911 14
911 15
911 16
911 17
911 18
911 19
911 20
911 21
911 22
913 27
913 28
913 29
913 30
913 31
913 32
913 33
913 34
913 35
913 36
913 37
913 38
913 39
913 40
913 41
913 42
913 43
914 0
914 1
914 2
914 3
914 4
914 5
914 6
914 7
914 8
914 9
914 10
914 11
914 12
914 13
914 14
914 575
916 20
916 21
916 22
916 23
916 24
916 25
916 26
916 27
916 28
916 29
916 30
916 31
916 32
916 33
916 34
916 35
916 36
916 37
917 0
917 1
917 2
917 3
917 4
917 5
917 570
917 571
917 572
917 573
917 574
917 575
918 45
918 46
918 47
918 48
918 49
918 50
918 51
918 52
918 53
918 54
918 55
919 13
919 14
919 15
919 16
919 17
919 18
919 19
919 20
919 21
919 22
919 23
919 24
919 25
919 26
919 27
919 28
919 29
919 30
920 567
920 568
920 569
920 570
921 36
921 37
921 38
921 39
921 40
921 41
921 42
921 43
921 44
921 45
921 46
921 47
921 48
921 49
921 50
922 6
922 7
922 8
922 9
922 10
922 11
922 12
922 13
922 14
922 15
922 16
922 17
922 18
922 19
922 20
922 21
922 22
924 28
924 29
924 30
924 31
924 32
924 33
924 34
924 35
924 36
924 37
924 38
924 39
924 40
924 41
924 42
924 43
924 44
925 0
925 1
925 2
925 3
925 4
925 5
925 6
925 7
925 8
925 9
925 10
925 11
925 12
925 13
925 14
925 15
927 21
927 22
927 23
927 24
927 25
927 26
927 27
927 28
927 29
927 30
927 31
927 32
927 33
927 34
927 35
927 36
927 37
928 0
928 1
928 2
928 3
928 4
928 5
928 6
928 571
928 572
928 573
928 574
928 575
929 46
929 47
929 48
929 49
929 50
929 51
929 52
929 53
929 54
929 55
930 14
930 15
930 16
930 17
930 18
930 19
930 20
930 21
930 22
930 23
930 24
930 25
930 26
930 27
930 28
930 29
930 30
931 568
931 569
931 570
931 571
932 37
932 38
932 39
932 40
932 41
932 42
932 43
932 44
932 45
932 46
932 47
932 48
932 49
932 50
933 7
933 8
933 9
933 10
933 11
933 12
933 13
933 14
933 15
933 16
933 17
933 18
933 19
933 20
933 21
933 22
933 23
935 29
935 30
935 31
935 32
935 33
935 34
935 35
935 36
935 37
935 38
935 39
935 40
935 41
935 42
935 43
935 44
936 1
936 2
936 3
936 4
936 5
936 6
936 7
936 8
936 9
936 10
936 11
936 12
936 13
936 14
936 15
938 22
938 23
938 24
938 25
938 26
938 27
938 28
938 29
938 30
938 31
938 32
938 33
938 34
938 35
938 36
938 37
938 38
939 0
939 1
939 2
939 3
939 4
939 5
939 6
939 7
939 572
939 573
939 574
939 575
940 48
940 49
940 50
940 51
940 52
940 53
940 54
940 55
941 15
941 16
941 17
941 18
941 19
941 20
941 21
941 22
941 23
941 24
941 25
941 26
941 27
941 28
941 29
941 30
941 31
942 569
942 570
942 571
942 572
943 38
943 39
943 40
943 41
943 42
943 43
943 44
943 45
943 46
943 47
943 48
943 49
943 50
943 51
944 8
944 9
944 10
944 11
944 12
944 13
944 14
944 15
944 16
944 17
944 18
944 19
944 20
944 21
944 22
944 23
944 24
946 30
946 31
946 32
946 33
946 34
946 35
946 36
946 37
946 38
946 39
946 40
946 41
946 42
946 43
946 44
946 45
947 2
947 3
947 4
947 5
947 6
947 7
947 8
947 9
947 10
947 11
947 12
947 13
947 14
947 15
947 16
949 23
949 24
949 25
949 26
949 27
949 28
949 29
949 30
949 31
949 32
949 33
949 34
949 35
949 36
949 37
949 38
949 39
950 0
950 1
950 2
950 3
950 4
950 5
950 6
950 7
950 573
950 574
950 575
951 49
951 50
951 51
951 52
951 53
951 54
951 55
952 15
952 16
952 17
952 18
952 19
952 20
952 21
952 22
952 23
952 24
952 25
952 26
952 27
952 28
952 29
952 30
952 31
952 32
953 570
953 571
953 572
954 39
954 40
954 41
954 42
954 43
954 44
954 45
954 46
954 47
954 48
954 49
954 50
954 51
955 9
955 10
955 11
955 12
955 13
955 14
955 15
955 16
955 17
955 18
955 19
955 20
955 21
955 22
955 23
955 24
957 31
957 32
957 33
957 34
957 35
957 36
957 37
957 38
957 39
957 40
957 41
957 42
957 43
957 44
957 45
958 3
958 4
958 5
958 6
958 7
958 8
958 9
958 10
958 11
958 12
958 13
958 14
958 15
958 16
960 23
960 24
960 25
960 26
960 27
960 28
960 29
960 30
960 31
960 32
960 33
960 34
960 35
960 36
960 37
960 38
960 39
961 0
961 1
961 2
961 3
961 4
961 5
961 6
961 7
961 8
961 574
961 575
962 51
962 52
962 53
962 54
963 16
963 17
963 18
963 19
963 20
963 21
963 22
963 23
963 24
963 25
963 26
963 27
963 28
963 29
963 30
963 31
963 32
964 572
965 40
965 41
965 42
965 43
965 44
965 45
965 46
965 47
965 48
965 49
965 50
965 51
966 10
966 11
966 12
966 13
966 14
966 15
966 16
966 17
966 18
966 19
966 20
966 21
966 22
966 23
966 24
966 25
968 32
968 33
968 34
968 35
968 36
968 37
968 38
968 39
968 40
968 41
968 42
968 43
968 44
968 45
968 46
969 4
969 5
969 6
969 7
969 8
969 9
969 10
969 11
969 12
969 13
969 14
969 15
969 16
969 17
971 24
971 25
971 26
971 27
971 28
971 29
971 30
971 31
971 32
971 33
971 34
971 35
971 36
971 37
971 38
971 39
972 0
972 1
972 2
972 3
972 4
972 5
972 6
972 7
972 8
972 9
972 575
974 17
974 18
974 19
974 20
974 21
974 22
974 23
974 24
974 25
974 26
974 27
974 28
974 29
974 30
974 31
974 32
974 33
976 41
976 42
976 43
976 44
976 45
976 46
976 47
976 48
976 49
976 50
976 51
977 11
977 12
977 13
977 14
977 15
977 16
977 17
977 18
977 19
977 20
977 21
977 22
977 23
977 24
977 25
979 33
979 34
979 35
979 36
979 37
979 38
979 39
979 40
979 41
979 42
979 43
979 44
979 45
979 46
980 5
980 6
980 7
980 8
980 9
980 10
980 11
980 12
980 13
980 14
980 15
980 16
980 17
980 18
982 25
982 26
982 27
982 28
982 29
982 30
982 31
982 32
982 33
982 34
982 35
982 36
982 37
982 38
982 39
982 40
983 0
983 1
983 2
983 3
983 4
983 5
983 6
983 7
983 8
983 9
985 18
985 19
985 20
985 21
985 22
985 23
985 24
985 25
985 26
985 27
985 28
985 29
985 30
985 31
985 32
985 33
987 43
987 44
987 45
987 46
987 47
987 48
987 49
987 50
987 51
988 12
988 13
988 14
988 15
988 16
988 17
988 18
988 19
988 20
988 21
988 22
988 23
988 24
988 25
988 26
990 34
990 35
990 36
990 37
990 38
990 39
990 40
990 41
990 42
990 43
990 44
990 45
990 46
991 6
991 7
991 8
991 9
991 10
991 11
991 12
991 13
991 14
991 15
991 16
991 17
991 18
993 26
993 27
993 28
993 29
993 30
993 31
993 32
993 33
993 34
993 35
993 36
993 37
993 38
993 39
993 40
994 1
994 2
994 3
994 4
994 5
994 6
994 7
994 8
994 9
994 10
996 19
996 20
996 21
996 22
996 23
996 24
996 25
996 26
996 27
996 28
996 29
996 30
996 31
996 32
996 33
996 34
998 44
998 45
998 46
998 47
998 48
998 49
998 50
998 51
999 13
999 14
999 15
999 16
999 17
999 18
999 19
999 20
999 21
999 22
999 23
999 24
999 25
999 26
1001 35
1001 36
1001 37
1001 38
1001 39
1001 40
1001 41
1001 42
1001 43
1001 44
1001 45
1001 46
1001 47
1002 7
1002 8
1002 9
1002 10
1002 11
1002 12
1002 13
1002 14
1002 15
1002 16
1002 17
1002 18
1002 19
1004 27
1004 28
1004 29
1004 30
1004 31
1004 32
1004 33
1004 34
1004 35
1004 36
1004 37
1004 38
1004 39
1004 40
1004 41
1005 2
1005 3
1005 4
1005 5
1005 6
1005 7
1005 8
1005 9
1005 10
1007 20
1007 21
1007 22
1007 23
1007 24
1007 25
1007 26
1007 27
1007 28
1007 29
1007 30
1007 31
1007 32
1007 33
1007 34
1009 45
1009 46
1009 47
1009 48
1009 49
1009 50
1009 51
1010 13
1010 14
1010 15
1010 16
1010 17
1010 18
1010 19
1010 20
1010 21
1010 22
1010 23
1010 24
1010 25
1010 26
1010 27
1012 36
1012 37
1012 38
1012 39
1012 40
1012 41
1012 42
1012 43
1012 44
1012 45
1012 46
1012 47
1013 8
1013 9
1013 10
1013 11
1013 12
1013 13
1013 14
1013 15
1013 16
1013 17
1013 18
1013 19
1015 28
1015 29
1015 30
1015 31
1015 32
1015 33
1015 34
1015 35
1015 36
1015 37
1015 38
1015 39
1015 40
1015 41
1016 3
1016 4
1016 5
1016 6
1016 7
1016 8
1016 9
1016 10
1016 11
1018 21
1018 22
1018 23
1018 24
1018 25
1018 26
1018 27
1018 28
1018 29
1018 30
1018 31
1018 32
1018 33
1018 34
1020 47
1020 48
1020 49
1020 50
1020 51
1021 14
1021 15
1021 16
1021 17
1021 18
1021 19
1021 20
1021 21
1021 22
1021 23
1021 24
1021 25
1021 26
1021 27
1023 37
1023 38
1023 39
1023 40
1023 41
1023 42
1023 43
1023 44
1023 45
1023 46
1023 47
1024 8
1024 9
1024 10
1024 11
1024 12
1024 13
1024 14
1024 15
1024 16
1024 17
1024 18
1024 19
1024 20
1026 29
1026 30
1026 31
1026 32
1026 33
1026 34
1026 35
1026 36
1026 37
1026 38
1026 39
1026 40
1026 41
1027 4
1027 5
1027 6
1027 7
1027 8
1027 9
1027 10
1027 11
1029 22
1029 23
1029 24
1029 25
1029 26
1029 27
1029 28
1029 29
1029 30
1029 31
1029 32
1029 33
1029 34
1029 35
1032 15
1032 16
1032 17
1032 18
1032 19
1032 20
1032 21
1032 22
1032 23
1032 24
1032 25
1032 26
1032 27
1032 28
1034 38
1034 39
1034 40
1034 41
1034 42
1034 43
1034 44
1034 45
1034 46
1034 47
1035 9
1035 10
1035 11
1035 12
1035 13
1035 14
1035 15
1035 16
1035 17
1035 18
1035 19
1035 20
1037 30
1037 31
1037 32
1037 33
1037 34
1037 35
1037 36
1037 37
1037 38
1037 39
1037 40
1037 41
1038 5
1038 6
1038 7
1038 8
1038 9
1038 10
1038 11
1040 23
1040 24
1040 25
1040 26
1040 27
1040 28
1040 29
1040 30
1040 31
1040 32
1040 33
1040 34
1040 35
1043 16
1043 17
1043 18
1043 19
1043 20
1043 21
1043 22
1043 23
1043 24
1043 25
1043 26
1043 27
1043 28
1045 40
1045 41
1045 42
1045 43
1045 44
1045 45
1045 46
1045 47
1046 11
1046 12
1046 13
1046 14
1046 15
1046 16
1046 17
1046 18
1046 19
1046 20
1048 31
1048 32
1048 33
1048 34
1048 35
1048 36
1048 37
1048 38
1048 39
1048 40
1048 41
1048 42
1049 6
1049 7
1049 8
1049 9
1049 10
1049 11
1049 12
1051 24
1051 25
1051 26
1051 27
1051 28
1051 29
1051 30
1051 31
1051 32
1051 33
1051 34
1051 35
1054 17
1054 18
1054 19
1054 20
1054 21
1054 22
1054 23
1054 24
1054 25
1054 26
1054 27
1054 28
1056 41
1056 42
1056 43
1056 44
1056 45
1056 46
1056 47
1057 12
1057 13
1057 14
1057 15
1057 16
1057 17
1057 18
1057 19
1057 20
1057 21
1059 32
1059 33
1059 34
1059 35
1059 36
1059 37
1059 38
1059 39
1059 40
1059 41
1059 42
1060 7
1060 8
1060 9
1060 10
1060 11
1060 12
1062 25
1062 26
1062 27
1062 28
1062 29
1062 30
1062 31
1062 32
1062 33
1062 34
1062 35
1062 36
1065 18
1065 19
1065 20
1065 21
1065 22
1065 23
1065 24
1065 25
1065 26
1065 27
1065 28
1065 29
1067 43
1067 44
1067 45
1067 46
1068 13
1068 14
1068 15
1068 16
1068 17
1068 18
1068 19
1068 20
1068 21
1070 34
1070 35
1070 36
1070 37
1070 38
1070 39
1070 40
1070 41
1070 42
1071 8
1071 9
1071 10
1071 11
1071 12
1073 26
1073 27
1073 28
1073 29
1073 30
1073 31
1073 32
1073 33
1073 34
1073 35
1073 36
1076 19
1076 20
1076 21
1076 22
1076 23
1076 24
1076 25
1076 26
1076 27
1076 28
1076 29
1078 45
1079 14
1079 15
1079 16
1079 17
1079 18
1079 19
1079 20
1079 21
1081 35
1081 36
1081 37
1081 38
1081 39
1081 40
1081 41
1081 42
1082 10
1082 11
1084 27
1084 28
1084 29
1084 30
1084 31
1084 32
1084 33
1084 34
1084 35
1084 36
1087 21
1087 22
1087 23
1087 24
1087 25
1087 26
1087 27
1087 28
1087 29
1090 15
1090 16
1090 17
1090 18
1090 19
1090 20
1090 21
1092 36
1092 37
1092 38
1092 39
1092 40
1092 41
1092 42
1095 28
1095 29
1095 30
1095 31
1095 32
1095 33
1095 34
1095 35
1095 36
1098 22
1098 23
1098 24
1098 25
1098 26
1098 27
1098 28
1098 29
1101 16
1101 17
1101 18
1101 19
1101 20
1101 21
1103 37
1103 38
1103 39
1103 40
1103 41
1103 42
1106 29
1106 30
1106 31
1106 32
1106 33
1106 34
1106 35
1106 36
1109 23
1109 24
1109 25
1109 26
1109 27
1109 28
1109 29
1112 17
1112 18
1112 19
1112 20
1112 21
1114 39
1114 40
1114 41
1117 31
1117 32
1117 33
1117 34
1117 35
1117 36
1120 24
1120 25
1120 26
1120 27
1120 28
1120 29
1123 19
1123 20
1123 21
1128 32
1128 33
1128 34
1128 35
1128 36
1131 25
1131 26
1131 27
1131 28
1131 29
1139 34
1139 35
1142 27
1142 28
1142 29
1406 40
1406 41
1406 42
1406 43
1414 48
1414 49
1414 50
1417 40
1417 41
1417 42
1417 43
1417 44
1420 35
1420 36
1425 48
1425 49
1425 50
1425 51
1428 40
1428 41
1428 42
1428 43
1428 44
1428 45
1431 34
1431 35
1431 36
1431 37
1431 38
1436 48
1436 49
1436 50
1436 51
1436 52
1439 41
1439 42
1439 43
1439 44
1439 45
1439 46
1439 47
1442 34
1442 35
1442 36
1442 37
1442 38
1442 39
1447 48
1447 49
1447 50
1447 51
1447 52
1447 53
1447 54
1450 41
1450 42
1450 43
1450 44
1450 45
1450 46
1450 47
1450 48
1453 34
1453 35
1453 36
1453 37
1453 38
1453 39
1453 40
1453 41
1456 30
1456 31
1456 32
1458 49
1458 50
1458 51
1458 52
1458 53
1458 54
1458 55
1461 41
1461 42
1461 43
1461 44
1461 45
1461 46
1461 47
1461 48
1461 49
1464 35
1464 36
1464 37
1464 38
1464 39
1464 40
1464 41
1464 42
1467 29
1467 30
1467 31
1467 32
1467 33
1467 34
1469 49
1469 50
1469 51
1469 52
1469 53
1469 54
1469 55
1469 56
1472 42
1472 43
1472 44
1472 45
1472 46
1472 47
1472 48
1472 49
1472 50
1475 35
1475 36
1475 37
1475 38
1475 39
1475 40
1475 41
1475 42
1475 43
1477 60
1478 29
1478 30
1478 31
1478 32
1478 33
1478 34
1478 35
1480 50
1480 51
1480 52
1480 53
1480 54
1480 55
1480 56
1480 57
1483 42
1483 43
1483 44
1483 45
1483 46
1483 47
1483 48
1483 49
1483 50
1483 51
1486 35
1486 36
1486 37
1486 38
1486 39
1486 40
1486 41
1486 42
1486 43
1486 44
1488 60
1488 61
1489 29
1489 30
1489 31
1489 32
1489 33
1489 34
1489 35
1489 36
1491 50
1491 51
1491 52
1491 53
1491 54
1491 55
1491 56
1491 57
1491 58
1494 42
1494 43
1494 44
1494 45
1494 46
1494 47
1494 48
1494 49
1494 50
1494 51
1494 52
1497 36
1497 37
1497 38
1497 39
1497 40
1497 41
1497 42
1497 43
1497 44
1497 45
1499 60
1499 61
1499 62
1500 30
1500 31
1500 32
1500 33
1500 34
1500 35
1500 36
1500 37
1502 51
1502 52
1502 53
1502 54
1502 55
1502 56
1502 57
1502 58
1503 25
1503 26
1503 27
1503 28
1505 43
1505 44
1505 45
1505 46
1505 47
1505 48
1505 49
1505 50
1505 51
1505 52
1505 53
1508 36
1508 37
1508 38
1508 39
1508 40
1508 41
1508 42
1508 43
1508 44
1508 45
1508 46
1510 61
1510 62
1510 63
1511 30
1511 31
1511 32
1511 33
1511 34
1511 35
1511 36
1511 37
1511 38
1513 51
1513 52
1513 53
1513 54
1513 55
1513 56
1513 57
1513 58
1513 59
1514 25
1514 26
1514 27
1514 28
1514 29
1514 30
1516 44
1516 45
1516 46
1516 47
1516 48
1516 49
1516 50
1516 51
1516 52
1516 53
1519 37
1519 38
1519 39
1519 40
1519 41
1519 42
1519 43
1519 44
1519 45
1519 46
1519 47
1521 62
1521 63
1521 64
1522 30
1522 31
1522 32
1522 33
1522 34
1522 35
1522 36
1522 37
1522 38
1522 39
1524 52
1524 53
1524 54
1524 55
1524 56
1524 57
1524 58
1524 59
1524 60
1525 25
1525 26
1525 27
1525 28
1525 29
1525 30
1525 31
1527 44
1527 45
1527 46
1527 47
1527 48
1527 49
1527 50
1527 51
1527 52
1527 53
1527 54
1530 37
1530 38
1530 39
1530 40
1530 41
1530 42
1530 43
1530 44
1530 45
1530 46
1530 47
1530 48
1532 63
1532 64
1533 31
1533 32
1533 33
1533 34
1533 35
1533 36
1533 37
1533 38
1533 39
1533 40
1535 53
1535 54
1535 55
1535 56
1535 57
1535 58
1535 59
1535 60
1535 61
1536 25
1536 26
1536 27
1536 28
1536 29
1536 30
1536 31
1536 32
1538 45
1538 46
1538 47
1538 48
1538 49
1538 50
1538 51
1538 52
1538 53
1538 54
1538 55
1541 38
1541 39
1541 40
1541 41
1541 42
1541 43
1541 44
1541 45
1541 46
1541 47
1541 48
1541 49
1544 31
1544 32
1544 33
1544 34
1544 35
1544 36
1544 37
1544 38
1544 39
1544 40
1544 41
1546 54
1546 55
1546 56
1546 57
1546 58
1546 59
1546 60
1546 61
1546 62
1547 25
1547 26
1547 27
1547 28
1547 29
1547 30
1547 31
1547 32
1547 33
1549 45
1549 46
1549 47
1549 48
1549 49
1549 50
1549 51
1549 52
1549 53
1549 54
1549 55
1549 56
1550 22
1550 23
1550 24
1552 38
1552 39
1552 40
1552 41
1552 42
1552 43
1552 44
1552 45
1552 46
1552 47
1552 48
1552 49
1555 32
1555 33
1555 34
1555 35
1555 36
1555 37
1555 38
1555 39
1555 40
1555 41
1555 42
1557 54
1557 55
1557 56
1557 57
1557 58
1557 59
1557 60
1557 61
1557 62
1558 26
1558 27
1558 28
1558 29
1558 30
1558 31
1558 32
1558 33
1558 34
1560 46
1560 47
1560 48
1560 49
1560 50
1560 51
1560 52
1560 53
1560 54
1560 55
1560 56
1560 57
1561 21
1561 22
1561 23
1561 24
1561 25
1563 39
1563 40
1563 41
1563 42
1563 43
1563 44
1563 45
1563 46
1563 47
1563 48
1563 49
1563 50
1566 32
1566 33
1566 34
1566 35
1566 36
1566 37
1566 38
1566 39
1566 40
1566 41
1566 42
1566 43
1568 55
1568 56
1568 57
1568 58
1568 59
1568 60
1568 61
1568 62
1568 63
1569 26
1569 27
1569 28
1569 29
1569 30
1569 31
1569 32
1569 33
1569 34
1569 35
1571 47
1571 48
1571 49
1571 50
1571 51
1571 52
1571 53
1571 54
1571 55
1571 56
1571 57
1572 21
1572 22
1572 23
1572 24
1572 25
1572 26
1572 27
1574 40
1574 41
1574 42
1574 43
1574 44
1574 45
1574 46
1574 47
1574 48
1574 49
1574 50
1574 51
1577 33
1577 34
1577 35
1577 36
1577 37
1577 38
1577 39
1577 40
1577 41
1577 42
1577 43
1577 44
1579 56
1579 57
1579 58
1579 59
1579 60
1579 61
1579 62
1579 63
1579 64
1580 27
1580 28
1580 29
1580 30
1580 31
1580 32
1580 33
1580 34
1580 35
1580 36
1582 48
1582 49
1582 50
1582 51
1582 52
1582 53
1582 54
1582 55
1582 56
1582 57
1582 58
1583 22
1583 23
1583 24
1583 25
1583 26
1583 27
1583 28
1585 40
1585 41
1585 42
1585 43
1585 44
1585 45
1585 46
1585 47
1585 48
1585 49
1585 50
1585 51
1585 52
1588 33
1588 34
1588 35
1588 36
1588 37
1588 38
1588 39
1588 40
1588 41
1588 42
1588 43
1588 44
1588 45
1590 57
1590 58
1590 59
1590 60
1590 61
1590 62
1590 63
1590 64
1591 27
1591 28
1591 29
1591 30
1591 31
1591 32
1591 33
1591 34
1591 35
1591 36
1591 37
1593 49
1593 50
1593 51
1593 52
1593 53
1593 54
1593 55
1593 56
1593 57
1593 58
1593 59
1594 22
1594 23
1594 24
1594 25
1594 26
1594 27
1594 28
1594 29
1596 41
1596 42
1596 43
1596 44
1596 45
1596 46
1596 47
1596 48
1596 49
1596 50
1596 51
1596 52
1596 53
1599 34
1599 35
1599 36
1599 37
1599 38
1599 39
1599 40
1599 41
1599 42
1599 43
1599 44
1599 45
1599 46
1601 58
1601 59
1601 60
1601 61
1601 62
1601 63
1601 64
1602 28
1602 29
1602 30
1602 31
1602 32
1602 33
1602 34
1602 35
1602 36
1602 37
1602 38
1604 50
1604 51
1604 52
1604 53
1604 54
1604 55
1604 56
1604 57
1604 58
1604 59
1604 60
1605 22
1605 23
1605 24
1605 25
1605 26
1605 27
1605 28
1605 29
1605 30
1607 42
1607 43
1607 44
1607 45
1607 46
1607 47
1607 48
1607 49
1607 50
1607 51
1607 52
1607 53
1610 35
1610 36
1610 37
1610 38
1610 39
1610 40
1610 41
1610 42
1610 43
1610 44
1610 45
1610 46
1610 47
1612 60
1612 61
1612 62
1612 63
1612 64
1612 65
1613 28
1613 29
1613 30
1613 31
1613 32
1613 33
1613 34
1613 35
1613 36
1613 37
1613 38
1613 39
1615 51
1615 52
1615 53
1615 54
1615 55
1615 56
1615 57
1615 58
1615 59
1615 60
1616 23
1616 24
1616 25
1616 26
1616 27
1616 28
1616 29
1616 30
1616 31
1618 43
1618 44
1618 45
1618 46
1618 47
1618 48
1618 49
1618 50
1618 51
1618 52
1618 53
1618 54
1619 19
1619 20
1619 21
1621 36
1621 37
1621 38
1621 39
1621 40
1621 41
1621 42
1621 43
1621 44
1621 45
1621 46
1621 47
1623 61
1623 62
1623 63
1623 64
1623 65
1624 29
1624 30
1624 31
1624 32
1624 33
1624 34
1624 35
1624 36
1624 37
1624 38
1624 39
1624 40
1626 52
1626 53
1626 54
1626 55
1626 56
1626 57
1626 58
1626 59
1626 60
1626 61
1627 23
1627 24
1627 25
1627 26
1627 27
1627 28
1627 29
1627 30
1627 31
1627 32
1629 44
1629 45
1629 46
1629 47
1629 48
1629 49
1629 50
1629 51
1629 52
1629 53
1629 54
1629 55
1630 19
1630 20
1630 21
1630 22
1630 23
1632 36
1632 37
1632 38
1632 39
1632 40
1632 41
1632 42
1632 43
1632 44
1632 45
1632 46
1632 47
1632 48
1635 30
1635 31
1635 32
1635 33
1635 34
1635 35
1635 36
1635 37
1635 38
1635 39
1635 40
1635 41
1637 53
1637 54
1637 55
1637 56
1637 57
1637 58
1637 59
1637 60
1637 61
1638 24
1638 25
1638 26
1638 27
1638 28
1638 29
1638 30
1638 31
1638 32
1638 33
1640 45
1640 46
1640 47
1640 48
1640 49
1640 50
1640 51
1640 52
1640 53
1640 54
1640 55
1641 19
1641 20
1641 21
1641 22
1641 23
1641 24
1643 37
1643 38
1643 39
1643 40
1643 41
1643 42
1643 43
1643 44
1643 45
1643 46
1643 47
1643 48
1643 49
1646 30
1646 31
1646 32
1646 33
1646 34
1646 35
1646 36
1646 37
1646 38
1646 39
1646 40
1646 41
1646 42
1648 54
1648 55
1648 56
1648 57
1648 58
1648 59
1648 60
1648 61
1649 24
1649 25
1649 26
1649 27
1649 28
1649 29
1649 30
1649 31
1649 32
1649 33
1649 34
1651 46
1651 47
1651 48
1651 49
1651 50
1651 51
1651 52
1651 53
1651 54
1651 55
1651 56
1652 19
1652 20
1652 21
1652 22
1652 23
1652 24
1652 25
1654 38
1654 39
1654 40
1654 41
1654 42
1654 43
1654 44
1654 45
1654 46
1654 47
1654 48
1654 49
1657 31
1657 32
1657 33
1657 34
1657 35
1657 36
1657 37
1657 38
1657 39
1657 40
1657 41
1657 42
1659 55
1659 56
1659 57
1659 58
1659 59
1659 60
1659 61
1659 62
1660 25
1660 26
1660 27
1660 28
1660 29
1660 30
1660 31
1660 32
1660 33
1660 34
1660 35
1662 47
1662 48
1662 49
1662 50
1662 51
1662 52
1662 53
1662 54
1662 55
1662 56
1663 20
1663 21
1663 22
1663 23
1663 24
1663 25
1663 26
1665 39
1665 40
1665 41
1665 42
1665 43
1665 44
1665 45
1665 46
1665 47
1665 48
1665 49
1665 50
1668 32
1668 33
1668 34
1668 35
1668 36
1668 37
1668 38
1668 39
1668 40
1668 41
1668 42
1668 43
1670 57
1670 58
1670 59
1670 60
1670 61
1671 26
1671 27
1671 28
1671 29
1671 30
1671 31
1671 32
1671 33
1671 34
1671 35
1673 48
1673 49
1673 50
1673 51
1673 52
1673 53
1673 54
1673 55
1673 56
1673 57
1674 20
1674 21
1674 22
1674 23
1674 24
1674 25
1674 26
1674 27
1676 40
1676 41
1676 42
1676 43
1676 44
1676 45
1676 46
1676 47
1676 48
1676 49
1676 50
1679 33
1679 34
1679 35
1679 36
1679 37
1679 38
1679 39
1679 40
1679 41
1679 42
1679 43
1679 44
1681 60
1682 26
1682 27
1682 28
1682 29
1682 30
1682 31
1682 32
1682 33
1682 34
1682 35
1682 36
1684 49
1684 50
1684 51
1684 52
1684 53
1684 54
1684 55
1684 56
1684 57
1685 21
1685 22
1685 23
1685 24
1685 25
1685 26
1685 27
1685 28
1687 41
1687 42
1687 43
1687 44
1687 45
1687 46
1687 47
1687 48
1687 49
1687 50
1687 51
1690 34
1690 35
1690 36
1690 37
1690 38
1690 39
1690 40
1690 41
1690 42
1690 43
1690 44
1693 27
1693 28
1693 29
1693 30
1693 31
1693 32
1693 33
1693 34
1693 35
1693 36
1693 37
1695 51
1695 52
1695 53
1695 54
1695 55
1695 56
1695 57
1696 21
1696 22
1696 23
1696 24
1696 25
1696 26
1696 27
1696 28
1696 29
1698 42
1698 43
1698 44
1698 45
1698 46
1698 47
1698 48
1698 49
1698 50
1698 51
1701 35
1701 36
1701 37
1701 38
1701 39
1701 40
1701 41
1701 42
1701 43
1701 44
1701 45
1704 28
1704 29
1704 30
1704 31
1704 32
1704 33
1704 34
1704 35
1704 36
1704 37
1706 53
1706 54
1706 55
1706 56
1706 57
1707 22
1707 23
1707 24
1707 25
1707 26
1707 27
1707 28
1707 29
1709 44
1709 45
1709 46
1709 47
1709 48
1709 49
1709 50
1709 51
1709 52
1712 36
1712 37
1712 38
1712 39
1712 40
1712 41
1712 42
1712 43
1712 44
1712 45
1715 29
1715 30
1715 31
1715 32
1715 33
1715 34
1715 35
1715 36
1715 37
1715 38
1718 23
1718 24
1718 25
1718 26
1718 27
1718 28
1718 29
1718 30
1720 45
1720 46
1720 47
1720 48
1720 49
1720 50
1720 51
1720 52
1721 19
1721 20
1723 37
1723 38
1723 39
1723 40
1723 41
1723 42
1723 43
1723 44
1723 45
1726 30
1726 31
1726 32
1726 33
1726 34
1726 35
1726 36
1726 37
1726 38
1729 24
1729 25
1729 26
1729 27
1729 28
1729 29
1729 30
1729 31
1731 47
1731 48
1731 49
1731 50
1731 51
1732 20
1732 21
1734 39
1734 40
1734 41
1734 42
1734 43
1734 44
1734 45
1734 46
1737 31
1737 32
1737 33
1737 34
1737 35
1737 36
1737 37
1737 38
1737 39
1740 25
1740 26
1740 27
1740 28
1740 29
1740 30
1740 31
1742 50
1743 21
1745 40
1745 41
1745 42
1745 43
1745 44
1745 45
1745 46
1748 33
1748 34
1748 35
1748 36
1748 37
1748 38
1748 39
1751 26
1751 27
1751 28
1751 29
1751 30
1751 31
1756 42
1756 43
1756 44
1756 45
1759 34
1759 35
1759 36
1759 37
1759 38
1759 39
1762 28
1762 29
1762 30
1762 31
1770 36
1770 37
1770 38
1773 29
1773 30
1773 31
3360 36
3360 37
3371 36
3371 37
3371 38
3371 39
3374 29
3374 30
3374 31
3374 32
3382 36
3382 37
3382 38
3382 39
3382 40
3382 41
3385 29
3385 30
3385 31
3385 32
3385 33
3385 34
3393 37
3393 38
3393 39
3393 40
3393 41
3393 42
3396 30
3396 31
3396 32
3396 33
3396 34
3396 35
3399 24
3399 25
3399 26
3399 27
3404 38
3404 39
3404 40
3404 41
3404 42
3404 43
3407 30
3407 31
3407 32
3407 33
3407 34
3407 35
3407 36
3407 37
3410 24
3410 25
3410 26
3410 27
3410 28
3410 29
3415 38
3415 39
3415 40
3415 41
3415 42
3415 43
3415 44
3418 31
3418 32
3418 33
3418 34
3418 35
3418 36
3418 37
3418 38
3421 24
3421 25
3421 26
3421 27
3421 28
3421 29
3421 30
3426 39
3426 40
3426 41
3426 42
3426 43
3426 44
3426 45
3429 32
3429 33
3429 34
3429 35
3429 36
3429 37
3429 38
3429 39
3432 25
3432 26
3432 27
3432 28
3432 29
3432 30
3432 31
3432 32
3435 21
3435 22
3437 40
3437 41
3437 42
3437 43
3437 44
3437 45
3437 46
3440 32
3440 33
3440 34
3440 35
3440 36
3440 37
3440 38
3440 39
3440 40
3443 26
3443 27
3443 28
3443 29
3443 30
3443 31
3443 32
3443 33
3446 20
3446 21
3446 22
3446 23
3446 24
3448 41
3448 42
3448 43
3448 44
3448 45
3448 46
3448 47
3451 33
3451 34
3451 35
3451 36
3451 37
3451 38
3451 39
3451 40
3451 41
3454 26
3454 27
3454 28
3454 29
3454 30
3454 31
3454 32
3454 33
3454 34
3457 21
3457 22
3457 23
3457 24
3457 25
3459 42
3459 43
3459 44
3459 45
3459 46
3459 47
3459 48
3462 34
3462 35
3462 36
3462 37
3462 38
3462 39
3462 40
3462 41
3462 42
3465 27
3465 28
3465 29
3465 30
3465 31
3465 32
3465 33
3465 34
3465 35
3468 21
3468 22
3468 23
3468 24
3468 25
3468 26
3468 27
3470 43
3470 44
3470 45
3470 46
3470 47
3470 48
3470 49
3473 35
3473 36
3473 37
3473 38
3473 39
3473 40
3473 41
3473 42
3473 43
3476 28
3476 29
3476 30
3476 31
3476 32
3476 33
3476 34
3476 35
3476 36
3479 22
3479 23
3479 24
3479 25
3479 26
3479 27
3479 28
3481 44
3481 45
3481 46
3481 47
3481 48
3481 49
3484 36
3484 37
3484 38
3484 39
3484 40
3484 41
3484 42
3484 43
3484 44
3487 29
3487 30
3487 31
3487 32
3487 33
3487 34
3487 35
3487 36
3487 37
3490 23
3490 24
3490 25
3490 26
3490 27
3490 28
3490 29
3492 45
3492 46
3492 47
3492 48
3492 49
3492 50
3495 37
3495 38
3495 39
3495 40
3495 41
3495 42
3495 43
3495 44
3495 45
3498 29
3498 30
3498 31
3498 32
3498 33
3498 34
3498 35
3498 36
3498 37
3498 38
3501 23
3501 24
3501 25
3501 26
3501 27
3501 28
3501 29
3501 30
3503 47
3503 48
3503 49
3503 50
3506 38
3506 39
3506 40
3506 41
3506 42
3506 43
3506 44
3506 45
3509 30
3509 31
3509 32
3509 33
3509 34
3509 35
3509 36
3509 37
3509 38
3509 39
3512 24
3512 25
3512 26
3512 27
3512 28
3512 29
3512 30
3512 31
3514 48
3514 49
3514 50
3515 20
3515 21
3517 39
3517 40
3517 41
3517 42
3517 43
3517 44
3517 45
3517 46
3520 31
3520 32
3520 33
3520 34
3520 35
3520 36
3520 37
3520 38
3520 39
3523 25
3523 26
3523 27
3523 28
3523 29
3523 30
3523 31
3523 32
3526 20
3526 21
3526 22
3526 23
3528 40
3528 41
3528 42
3528 43
3528 44
3528 45
3528 46
3531 32
3531 33
3531 34
3531 35
3531 36
3531 37
3531 38
3531 39
3531 40
3534 26
3534 27
3534 28
3534 29
3534 30
3534 31
3534 32
3534 33
3537 21
3537 22
3537 23
3537 24
3539 41
3539 42
3539 43
3539 44
3539 45
3539 46
3539 47
3542 33
3542 34
3542 35
3542 36
3542 37
3542 38
3542 39
3542 40
3542 41
3545 27
3545 28
3545 29
3545 30
3545 31
3545 32
3545 33
3545 34
3548 22
3548 23
3548 24
3548 25
3550 42
3550 43
3550 44
3550 45
3550 46
3550 47
3553 34
3553 35
3553 36
3553 37
3553 38
3553 39
3553 40
3553 41
3556 28
3556 29
3556 30
3556 31
3556 32
3556 33
3556 34
3559 23
3559 24
3559 25
3561 44
3561 45
3561 46
3561 47
3564 35
3564 36
3564 37
3564 38
3564 39
3564 40
3564 41
3564 42
3567 29
3567 30
3567 31
3567 32
3567 33
3567 34
3567 35
3570 24
3570 25
3570 26
3572 45
3572 46
3572 47
3575 37
3575 38
3575 39
3575 40
3575 41
3575 42
3578 30
3578 31
3578 32
3578 33
3578 34
3578 35
3581 25
3581 26
3581 27
3586 38
3586 39
3586 40
3586 41
3586 42
3589 31
3589 32
3589 33
3589 34
3589 35
3589 36
3592 26
3592 27
3597 39
3597 40
3597 41
3597 42
3600 32
3600 33
3600 34
3600 35
3600 36
3608 42
3611 34
3611 35
3611 36
