500 117
500 118
508 121
508 122
508 123
509 112
509 113
509 114
516 125
516 126
516 127
517 115
517 116
517 117
517 118
517 119
525 119
525 120
525 121
525 122
525 123
526 110
526 111
526 112
526 113
526 114
533 123
533 124
533 125
533 126
533 127
533 128
534 114
534 115
534 116
534 117
534 118
534 119
535 107
541 128
541 129
541 130
541 131
541 132
542 118
542 119
542 120
542 121
542 122
542 123
542 124
543 109
543 110
543 111
543 112
543 113
543 114
549 133
549 134
549 135
550 122
550 123
550 124
550 125
550 126
550 127
550 128
551 112
551 113
551 114
551 115
551 116
551 117
551 118
551 119
552 105
552 106
552 107
558 126
558 127
558 128
558 129
558 130
558 131
558 132
559 116
559 117
559 118
559 119
559 120
559 121
559 122
559 123
560 108
560 109
560 110
560 111
560 112
560 113
566 131
566 132
566 133
566 134
566 135
566 136
567 120
567 121
567 122
567 123
567 124
567 125
567 126
567 127
567 128
568 111
568 112
568 113
568 114
568 115
568 116
568 117
568 118
569 104
569 105
569 106
569 107
574 137
574 138
574 139
575 125
575 126
575 127
575 128
575 129
575 130
575 131
575 132
576 115
576 116
576 117
576 118
576 119
576 120
576 121
576 122
576 123
577 107
577 108
577 109
577 110
577 111
577 112
577 113
583 129
583 130
583 131
583 132
583 133
583 134
583 135
583 136
584 119
584 120
584 121
584 122
584 123
584 124
584 125
584 126
584 127
584 128
585 110
585 111
585 112
585 113
585 114
585 115
585 116
585 117
585 118
586 103
586 104
586 105
586 106
591 135
591 136
591 137
591 138
591 139
591 140
592 123
592 124
592 125
592 126
592 127
592 128
592 129
592 130
592 131
592 132
593 114
593 115
593 116
593 117
593 118
593 119
593 120
593 121
593 122
593 123
594 106
594 107
594 108
594 109
594 110
594 111
594 112
599 140
599 141
599 142
599 143
600 128
600 129
600 130
600 131
600 132
600 133
600 134
600 135
600 136
601 118
601 119
601 120
601 121
601 122
601 123
601 124
601 125
601 126
601 127
602 109
602 110
602 111
602 112
602 113
602 114
602 115
602 116
602 117
603 103
603 104
603 105
608 133
608 134
608 135
608 136
608 137
608 138
608 139
608 140
609 122
609 123
609 124
609 125
609 126
609 127
609 128
609 129
609 130
609 131
609 132
610 113
610 114
610 115
610 116
610 117
610 118
610 119
610 120
610 121
610 122
611 105
611 106
611 107
611 108
611 109
611 110
611 111
616 138
616 139
616 140
616 141
616 142
616 143
616 144
617 127
617 128
617 129
617 130
617 131
617 132
617 133
617 134
617 135
617 136
618 117
618 118
618 119
618 120
618 121
618 122
618 123
618 124
618 125
618 126
618 127
619 108
619 109
619 110
619 111
619 112
619 113
619 114
619 115
619 116
620 102
620 103
620 104
624 144
624 145
624 146
624 147
625 131
625 132
625 133
625 134
625 135
625 136
625 137
625 138
625 139
625 140
626 121
626 122
626 123
626 124
626 125
626 126
626 127
626 128
626 129
626 130
626 131
627 112
627 113
627 114
627 115
627 116
627 117
627 118
627 119
627 120
627 121
628 104
628 105
628 106
628 107
628 108
628 109
628 110
633 136
633 137
633 138
633 139
633 140
633 141
633 142
633 143
633 144
634 126
634 127
634 128
634 129
634 130
634 131
634 132
634 133
634 134
634 135
635 116
635 117
635 118
635 119
635 120
635 121
635 122
635 123
635 124
635 125
635 126
636 108
636 109
636 110
636 111
636 112
636 113
636 114
636 115
641 142
641 143
641 144
641 145
641 146
641 147
642 130
642 131
642 132
642 133
642 134
642 135
642 136
642 137
642 138
642 139
642 140
643 120
643 121
643 122
643 123
643 124
643 125
643 126
643 127
643 128
643 129
643 130
644 111
644 112
644 113
644 114
644 115
644 116
644 117
644 118
644 119
644 120
645 104
645 105
645 106
645 107
645 108
645 109
649 148
649 149
649 150
650 135
650 136
650 137
650 138
650 139
650 140
650 141
650 142
650 143
651 124
651 125
651 126
651 127
651 128
651 129
651 130
651 131
651 132
651 133
651 134
651 135
652 115
652 116
652 117
652 118
652 119
652 120
652 121
652 122
652 123
652 124
652 125
653 107
653 108
653 109
653 110
653 111
653 112
653 113
653 114
658 140
658 141
658 142
658 143
658 144
658 145
658 146
658 147
659 129
659 130
659 131
659 132
659 133
659 134
659 135
659 136
659 137
659 138
659 139
660 119
660 120
660 121
660 122
660 123
660 124
660 125
660 126
660 127
660 128
660 129
660 130
661 110
661 111
661 112
661 113
661 114
661 115
661 116
661 117
661 118
661 119
662 104
662 105
662 106
662 107
666 146
666 147
666 148
666 149
666 150
666 151
667 134
667 135
667 136
667 137
667 138
667 139
667 140
667 141
667 142
667 143
668 123
668 124
668 125
668 126
668 127
668 128
668 129
668 130
668 131
668 132
668 133
668 134
669 114
669 115
669 116
669 117
669 118
669 119
669 120
669 121
669 122
669 123
669 124
670 106
670 107
670 108
670 109
670 110
670 111
670 112
670 113
675 139
675 140
675 141
675 142
675 143
675 144
675 145
675 146
675 147
676 128
676 129
676 130
676 131
676 132
676 133
676 134
676 135
676 136
676 137
676 138
677 118
677 119
677 120
677 121
677 122
677 123
677 124
677 125
677 126
677 127
677 128
677 129
678 110
678 111
678 112
678 113
678 114
678 115
678 116
678 117
678 118
679 104
679 105
683 144
683 145
683 146
683 147
683 148
683 149
683 150
684 132
684 133
684 134
684 135
684 136
684 137
684 138
684 139
684 140
684 141
684 142
685 122
685 123
685 124
685 125
685 126
685 127
685 128
685 129
685 130
685 131
685 132
685 133
686 113
686 114
686 115
686 116
686 117
686 118
686 119
686 120
686 121
686 122
686 123
687 106
687 107
687 108
687 109
687 110
687 111
687 112
691 150
691 151
691 152
691 153
692 137
692 138
692 139
692 140
692 141
692 142
692 143
692 144
692 145
692 146
693 127
693 128
693 129
693 130
693 131
693 132
693 133
693 134
693 135
693 136
693 137
694 117
694 118
694 119
694 120
694 121
694 122
694 123
694 124
694 125
694 126
694 127
694 128
695 109
695 110
695 111
695 112
695 113
695 114
695 115
695 116
695 117
700 142
700 143
700 144
700 145
700 146
700 147
700 148
700 149
700 150
701 131
701 132
701 133
701 134
701 135
701 136
701 137
701 138
701 139
701 140
701 141
701 142
702 121
702 122
702 123
702 124
702 125
702 126
702 127
702 128
702 129
702 130
702 131
702 132
703 113
703 114
703 115
703 116
703 117
703 118
703 119
703 120
703 121
703 122
704 106
704 107
704 108
704 109
704 110
708 148
708 149
708 150
708 151
708 152
708 153
709 136
709 137
709 138
709 139
709 140
709 141
709 142
709 143
709 144
709 145
709 146
710 126
710 127
710 128
710 129
710 130
710 131
710 132
710 133
710 134
710 135
710 136
711 117
711 118
711 119
711 120
711 121
711 122
711 123
711 124
711 125
711 126
712 109
712 110
712 111
712 112
712 113
712 114
712 115
716 155
717 141
717 142
717 143
717 144
717 145
717 146
717 147
717 148
717 149
718 130
718 131
718 132
718 133
718 134
718 135
718 136
718 137
718 138
718 139
718 140
718 141
719 121
719 122
719 123
719 124
719 125
719 126
719 127
719 128
719 129
719 130
719 131
720 112
720 113
720 114
720 115
720 116
720 117
720 118
720 119
720 120
725 146
725 147
725 148
725 149
725 150
725 151
725 152
725 153
726 135
726 136
726 137
726 138
726 139
726 140
726 141
726 142
726 143
726 144
726 145
727 125
727 126
727 127
727 128
727 129
727 130
727 131
727 132
727 133
727 134
727 135
728 116
728 117
728 118
728 119
728 120
728 121
728 122
728 123
728 124
728 125
729 109
729 110
729 111
729 112
729 113
733 152
733 153
733 154
733 155
733 156
734 140
734 141
734 142
734 143
734 144
734 145
734 146
734 147
734 148
734 149
735 129
735 130
735 131
735 132
735 133
735 134
735 135
735 136
735 137
735 138
735 139
735 140
736 120
736 121
736 122
736 123
736 124
736 125
736 126
736 127
736 128
736 129
736 130
737 112
737 113
737 114
737 115
737 116
737 117
737 118
737 119
742 145
742 146
742 147
742 148
742 149
742 150
742 151
742 152
743 134
743 135
743 136
743 137
743 138
743 139
743 140
743 141
743 142
743 143
743 144
744 124
744 125
744 126
744 127
744 128
744 129
744 130
744 131
744 132
744 133
744 134
745 116
745 117
745 118
745 119
745 120
745 121
745 122
745 123
745 124
750 151
750 152
750 153
750 154
750 155
751 139
751 140
751 141
751 142
751 143
751 144
751 145
751 146
751 147
751 148
752 128
752 129
752 130
752 131
752 132
752 133
752 134
752 135
752 136
752 137
752 138
753 119
753 120
753 121
753 122
753 123
753 124
753 125
753 126
753 127
753 128
754 112
754 113
754 114
754 115
754 116
759 144
759 145
759 146
759 147
759 148
759 149
759 150
759 151
760 133
760 134
760 135
760 136
760 137
760 138
760 139
760 140
760 141
760 142
761 123
761 124
761 125
761 126
761 127
761 128
761 129
761 130
761 131
761 132
761 133
762 115
762 116
762 117
762 118
762 119
762 120
762 121
762 122
767 149
767 150
767 151
767 152
767 153
767 154
768 138
768 139
768 140
768 141
768 142
768 143
768 144
768 145
768 146
769 128
769 129
769 130
769 131
769 132
769 133
769 134
769 135
769 136
769 137
770 119
770 120
770 121
770 122
770 123
770 124
770 125
770 126
776 143
776 144
776 145
776 146
776 147
776 148
776 149
776 150
777 132
777 133
777 134
777 135
777 136
777 137
777 138
777 139
777 140
777 141
778 123
778 124
778 125
778 126
778 127
778 128
778 129
778 130
778 131
779 116
779 117
779 118
779 119
784 148
784 149
784 150
784 151
784 152
784 153
785 137
785 138
785 139
785 140
785 141
785 142
785 143
785 144
785 145
786 127
786 128
786 129
786 130
786 131
786 132
786 133
786 134
786 135
787 119
787 120
787 121
787 122
787 123
787 124
793 142
793 143
793 144
793 145
793 146
793 147
793 148
794 132
794 133
794 134
794 135
794 136
794 137
794 138
794 139
795 123
795 124
795 125
795 126
795 127
795 128
795 129
801 148
801 149
801 150
801 151
802 136
802 137
802 138
802 139
802 140
802 141
802 142
802 143
803 127
803 128
803 129
803 130
803 131
803 132
803 133
810 142
810 143
810 144
810 145
810 146
810 147
811 131
811 132
811 133
811 134
811 135
811 136
811 137
812 124
812 125
812 126
818 148
818 149
819 136
819 137
819 138
819 139
819 140
819 141
820 128
820 129
820 130
827 142
827 143
827 144
828 132
828 133
828 134
3814 532
3814 533
3814 534
3822 535
3822 536
3822 537
3822 538
3823 526
3823 527
3823 528
3823 529
3830 540
3830 541
3830 542
3831 530
3831 531
3831 532
3831 533
3831 534
3832 521
3832 522
3832 523
3832 524
3838 545
3839 533
3839 534
3839 535
3839 536
3839 537
3839 538
3840 524
3840 525
3840 526
3840 527
3840 528
3840 529
3841 517
3841 518
3847 538
3847 539
3847 540
3847 541
3848 528
3848 529
3848 530
3848 531
3848 532
3848 533
3849 519
3849 520
3849 521
3849 522
3849 523
3855 542
3855 543
3855 544
3855 545
3856 532
3856 533
3856 534
3856 535
3856 536
3856 537
3857 522
3857 523
3857 524
3857 525
3857 526
3857 527
3857 528
3858 515
3858 516
3858 517
3858 518
3864 536
3864 537
3864 538
3864 539
3864 540
3864 541
3865 526
3865 527
3865 528
3865 529
3865 530
3865 531
3865 532
3866 517
3866 518
3866 519
3866 520
3866 521
3866 522
3866 523
3872 540
3872 541
3872 542
3872 543
3872 544
3873 530
3873 531
3873 532
3873 533
3873 534
3873 535
3873 536
3874 521
3874 522
3874 523
3874 524
3874 525
3874 526
3874 527
3875 513
3875 514
3875 515
3875 516
3875 517
3880 546
3880 547
3881 534
3881 535
3881 536
3881 537
3881 538
3881 539
3881 540
3882 524
3882 525
3882 526
3882 527
3882 528
3882 529
3882 530
3882 531
3883 516
3883 517
3883 518
3883 519
3883 520
3883 521
3883 522
3889 539
3889 540
3889 541
3889 542
3889 543
3889 544
3890 528
3890 529
3890 530
3890 531
3890 532
3890 533
3890 534
3890 535
3891 519
3891 520
3891 521
3891 522
3891 523
3891 524
3891 525
3891 526
3892 511
3892 512
3892 513
3892 514
3892 515
3892 516
3897 544
3897 545
3897 546
3897 547
3898 533
3898 534
3898 535
3898 536
3898 537
3898 538
3898 539
3899 523
3899 524
3899 525
3899 526
3899 527
3899 528
3899 529
3899 530
3900 514
3900 515
3900 516
3900 517
3900 518
3900 519
3900 520
3900 521
3906 537
3906 538
3906 539
3906 540
3906 541
3906 542
3906 543
3907 527
3907 528
3907 529
3907 530
3907 531
3907 532
3907 533
3907 534
3908 517
3908 518
3908 519
3908 520
3908 521
3908 522
3908 523
3908 524
3908 525
3909 510
3909 511
3909 512
3909 513
3909 514
3914 542
3914 543
3914 544
3914 545
3914 546
3915 531
3915 532
3915 533
3915 534
3915 535
3915 536
3915 537
3915 538
3916 521
3916 522
3916 523
3916 524
3916 525
3916 526
3916 527
3916 528
3916 529
3917 513
3917 514
3917 515
3917 516
3917 517
3917 518
3917 519
3923 536
3923 537
3923 538
3923 539
3923 540
3923 541
3923 542
3924 525
3924 526
3924 527
3924 528
3924 529
3924 530
3924 531
3924 532
3924 533
3925 516
3925 517
3925 518
3925 519
3925 520
3925 521
3925 522
3925 523
3925 524
3926 508
3926 509
3926 510
3926 511
3926 512
3926 513
3931 541
3931 542
3931 543
3931 544
3931 545
3932 530
3932 531
3932 532
3932 533
3932 534
3932 535
3932 536
3932 537
3933 520
3933 521
3933 522
3933 523
3933 524
3933 525
3933 526
3933 527
3933 528
3934 511
3934 512
3934 513
3934 514
3934 515
3934 516
3934 517
3934 518
3940 534
3940 535
3940 536
3940 537
3940 538
3940 539
3940 540
3940 541
3941 524
3941 525
3941 526
3941 527
3941 528
3941 529
3941 530
3941 531
3941 532
3942 515
3942 516
3942 517
3942 518
3942 519
3942 520
3942 521
3942 522
3942 523
3943 507
3943 508
3943 509
3943 510
3943 511
3948 539
3948 540
3948 541
3948 542
3948 543
3948 544
3949 528
3949 529
3949 530
3949 531
3949 532
3949 533
3949 534
3949 535
3949 536
3950 518
3950 519
3950 520
3950 521
3950 522
3950 523
3950 524
3950 525
3950 526
3950 527
3951 510
3951 511
3951 512
3951 513
3951 514
3951 515
3951 516
3951 517
3956 545
3956 546
3956 547
3957 533
3957 534
3957 535
3957 536
3957 537
3957 538
3957 539
3957 540
3958 522
3958 523
3958 524
3958 525
3958 526
3958 527
3958 528
3958 529
3958 530
3958 531
3959 514
3959 515
3959 516
3959 517
3959 518
3959 519
3959 520
3959 521
3960 507
3960 508
3960 509
3960 510
3965 538
3965 539
3965 540
3965 541
3965 542
3965 543
3965 544
3966 527
3966 528
3966 529
3966 530
3966 531
3966 532
3966 533
3966 534
3966 535
3967 517
3967 518
3967 519
3967 520
3967 521
3967 522
3967 523
3967 524
3967 525
3967 526
3968 509
3968 510
3968 511
3968 512
3968 513
3968 514
3968 515
3973 544
3973 545
3973 546
3974 531
3974 532
3974 533
3974 534
3974 535
3974 536
3974 537
3974 538
3974 539
3975 521
3975 522
3975 523
3975 524
3975 525
3975 526
3975 527
3975 528
3975 529
3975 530
3976 512
3976 513
3976 514
3976 515
3976 516
3976 517
3976 518
3976 519
3976 520
3977 507
3982 536
3982 537
3982 538
3982 539
3982 540
3982 541
3982 542
3982 543
3983 526
3983 527
3983 528
3983 529
3983 530
3983 531
3983 532
3983 533
3983 534
3984 516
3984 517
3984 518
3984 519
3984 520
3984 521
3984 522
3984 523
3984 524
3985 508
3985 509
3985 510
3985 511
3985 512
3985 513
3990 542
3990 543
3990 544
3990 545
3990 546
3991 530
3991 531
3991 532
3991 533
3991 534
3991 535
3991 536
3991 537
3991 538
3992 520
3992 521
3992 522
3992 523
3992 524
3992 525
3992 526
3992 527
3992 528
3992 529
3993 511
3993 512
3993 513
3993 514
3993 515
3993 516
3993 517
3993 518
3999 535
3999 536
3999 537
3999 538
3999 539
3999 540
3999 541
3999 542
4000 524
4000 525
4000 526
4000 527
4000 528
4000 529
4000 530
4000 531
4000 532
4000 533
4001 515
4001 516
4001 517
4001 518
4001 519
4001 520
4001 521
4001 522
4001 523
4002 508
4002 509
4002 510
4002 511
4007 541
4007 542
4007 543
4007 544
4007 545
4008 529
4008 530
4008 531
4008 532
4008 533
4008 534
4008 535
4008 536
4008 537
4009 519
4009 520
4009 521
4009 522
4009 523
4009 524
4009 525
4009 526
4009 527
4010 511
4010 512
4010 513
4010 514
4010 515
4010 516
4016 534
4016 535
4016 536
4016 537
4016 538
4016 539
4016 540
4017 523
4017 524
4017 525
4017 526
4017 527
4017 528
4017 529
4017 530
4017 531
4018 514
4018 515
4018 516
4018 517
4018 518
4018 519
4018 520
4018 521
4024 539
4024 540
4024 541
4024 542
4024 543
4024 544
4025 528
4025 529
4025 530
4025 531
4025 532
4025 533
4025 534
4025 535
4026 518
4026 519
4026 520
4026 521
4026 522
4026 523
4026 524
4026 525
4026 526
4027 510
4027 511
4027 512
4027 513
4027 514
4033 533
4033 534
4033 535
4033 536
4033 537
4033 538
4033 539
4034 522
4034 523
4034 524
4034 525
4034 526
4034 527
4034 528
4034 529
4034 530
4035 514
4035 515
4035 516
4035 517
4035 518
4035 519
4041 538
4041 539
4041 540
4041 541
4041 542
4042 527
4042 528
4042 529
4042 530
4042 531
4042 532
4042 533
4042 534
4043 517
4043 518
4043 519
4043 520
4043 521
4043 522
4043 523
4043 524
4050 532
4050 533
4050 534
4050 535
4050 536
4050 537
4050 538
4051 521
4051 522
4051 523
4051 524
4051 525
4051 526
4051 527
4051 528
4052 513
4052 514
4052 515
4052 516
4052 517
4058 537
4058 538
4058 539
4058 540
4058 541
4059 526
4059 527
4059 528
4059 529
4059 530
4059 531
4059 532
4060 517
4060 518
4060 519
4060 520
4060 521
4060 522
4067 531
4067 532
4067 533
4067 534
4067 535
4067 536
4068 521
4068 522
4068 523
4068 524
4068 525
4068 526
4075 536
4075 537
4075 538
4075 539
4076 525
4076 526
4076 527
4076 528
4076 529
4076 530
4077 517
4077 518
4077 519
4084 530
4084 531
4084 532
4084 533
4084 534
4085 521
4085 522
4085 523
4085 524
4092 536
4092 537
4093 525
4093 526
4093 527
4093 528
4101 530
4101 531
4101 532
