1237 275
1237 276
1242 271
1242 272
1242 273
1247 267
1247 268
1247 269
1247 270
1249 282
1249 283
1249 284
1249 285
1252 264
1252 265
1252 266
1254 278
1254 279
1254 280
1254 281
1254 282
1259 274
1259 275
1259 276
1259 277
1259 278
1259 279
1264 270
1264 271
1264 272
1264 273
1264 274
1264 275
1264 276
1266 286
1266 287
1266 288
1266 289
1266 290
1269 267
1269 268
1269 269
1269 270
1269 271
1269 272
1269 273
1271 282
1271 283
1271 284
1271 285
1271 286
1271 287
1274 263
1274 264
1274 265
1274 266
1274 267
1274 268
1274 269
1276 278
1276 279
1276 280
1276 281
1276 282
1276 283
1276 284
1276 285
1279 260
1279 261
1279 262
1279 263
1279 264
1279 265
1281 274
1281 275
1281 276
1281 277
1281 278
1281 279
1281 280
1281 281
1281 282
1283 291
1283 292
1283 293
1283 294
1284 257
1284 258
1284 259
1284 260
1284 261
1286 270
1286 271
1286 272
1286 273
1286 274
1286 275
1286 276
1286 277
1286 278
1288 286
1288 287
1288 288
1288 289
1288 290
1288 291
1288 292
1289 255
1289 256
1289 257
1291 267
1291 268
1291 269
1291 270
1291 271
1291 272
1291 273
1291 274
1291 275
1293 282
1293 283
1293 284
1293 285
1293 286
1293 287
1293 288
1293 289
1296 264
1296 265
1296 266
1296 267
1296 268
1296 269
1296 270
1296 271
1298 278
1298 279
1298 280
1298 281
1298 282
1298 283
1298 284
1298 285
1298 286
1301 260
1301 261
1301 262
1301 263
1301 264
1301 265
1301 266
1301 267
1301 268
1303 275
1303 276
1303 277
1303 278
1303 279
1303 280
1303 281
1303 282
1303 283
1305 291
1305 292
1305 293
1305 294
1305 295
1306 258
1306 259
1306 260
1306 261
1306 262
1306 263
1306 264
1308 271
1308 272
1308 273
1308 274
1308 275
1308 276
1308 277
1308 278
1308 279
1308 280
1310 287
1310 288
1310 289
1310 290
1310 291
1310 292
1310 293
1311 255
1311 256
1311 257
1311 258
1311 259
1311 260
1313 268
1313 269
1313 270
1313 271
1313 272
1313 273
1313 274
1313 275
1313 276
1313 277
1315 283
1315 284
1315 285
1315 286
1315 287
1315 288
1315 289
1315 290
1315 291
1316 253
1316 254
1316 255
1318 264
1318 265
1318 266
1318 267
1318 268
1318 269
1318 270
1318 271
1318 272
1318 273
1320 279
1320 280
1320 281
1320 282
1320 283
1320 284
1320 285
1320 286
1320 287
1320 288
1323 261
1323 262
1323 263
1323 264
1323 265
1323 266
1323 267
1323 268
1323 269
1323 270
1325 275
1325 276
1325 277
1325 278
1325 279
1325 280
1325 281
1325 282
1325 283
1325 284
1325 285
1327 292
1327 293
1327 294
1327 295
1327 296
1327 297
1328 258
1328 259
1328 260
1328 261
1328 262
1328 263
1328 264
1328 265
1328 266
1330 272
1330 273
1330 274
1330 275
1330 276
1330 277
1330 278
1330 279
1330 280
1330 281
1332 288
1332 289
1332 290
1332 291
1332 292
1332 293
1332 294
1333 255
1333 256
1333 257
1333 258
1333 259
1333 260
1333 261
1333 262
1335 269
1335 270
1335 271
1335 272
1335 273
1335 274
1335 275
1335 276
1335 277
1335 278
1337 284
1337 285
1337 286
1337 287
1337 288
1337 289
1337 290
1337 291
1337 292
1338 253
1338 254
1338 255
1338 256
1338 257
1338 258
1340 265
1340 266
1340 267
1340 268
1340 269
1340 270
1340 271
1340 272
1340 273
1340 274
1340 275
1342 280
1342 281
1342 282
1342 283
1342 284
1342 285
1342 286
1342 287
1342 288
1342 289
1343 251
1343 252
1343 253
1345 262
1345 263
1345 264
1345 265
1345 266
1345 267
1345 268
1345 269
1345 270
1345 271
1347 277
1347 278
1347 279
1347 280
1347 281
1347 282
1347 283
1347 284
1347 285
1347 286
1349 293
1349 294
1349 295
1349 296
1349 297
1350 259
1350 260
1350 261
1350 262
1350 263
1350 264
1350 265
1350 266
1350 267
1350 268
1352 273
1352 274
1352 275
1352 276
1352 277
1352 278
1352 279
1352 280
1352 281
1352 282
1352 283
1354 289
1354 290
1354 291
1354 292
1354 293
1354 294
1354 295
1355 256
1355 257
1355 258
1355 259
1355 260
1355 261
1355 262
1355 263
1355 264
1357 270
1357 271
1357 272
1357 273
1357 274
1357 275
1357 276
1357 277
1357 278
1357 279
1359 285
1359 286
1359 287
1359 288
1359 289
1359 290
1359 291
1359 292
1359 293
1360 253
1360 254
1360 255
1360 256
1360 257
1360 258
1360 259
1360 260
1362 266
1362 267
1362 268
1362 269
1362 270
1362 271
1362 272
1362 273
1362 274
1362 275
1362 276
1364 281
1364 282
1364 283
1364 284
1364 285
1364 286
1364 287
1364 288
1364 289
1364 290
1365 251
1365 252
1365 253
1365 254
1365 255
1365 256
1367 263
1367 264
1367 265
1367 266
1367 267
1367 268
1367 269
1367 270
1367 271
1367 272
1367 273
1369 278
1369 279
1369 280
1369 281
1369 282
1369 283
1369 284
1369 285
1369 286
1369 287
1370 250
1371 295
1371 296
1371 297
1371 298
1372 260
1372 261
1372 262
1372 263
1372 264
1372 265
1372 266
1372 267
1372 268
1372 269
1374 274
1374 275
1374 276
1374 277
1374 278
1374 279
1374 280
1374 281
1374 282
1374 283
1374 284
1376 291
1376 292
1376 293
1376 294
1376 295
1376 296
1377 257
1377 258
1377 259
1377 260
1377 261
1377 262
1377 263
1377 264
1377 265
1379 271
1379 272
1379 273
1379 274
1379 275
1379 276
1379 277
1379 278
1379 279
1379 280
1381 287
1381 288
1381 289
1381 290
1381 291
1381 292
1381 293
1382 254
1382 255
1382 256
1382 257
1382 258
1382 259
1382 260
1382 261
1384 268
1384 269
1384 270
1384 271
1384 272
1384 273
1384 274
1384 275
1384 276
1384 277
1386 283
1386 284
1386 285
1386 286
1386 287
1386 288
1386 289
1386 290
1386 291
1387 252
1387 253
1387 254
1387 255
1387 256
1387 257
1389 264
1389 265
1389 266
1389 267
1389 268
1389 269
1389 270
1389 271
1389 272
1389 273
1389 274
1391 279
1391 280
1391 281
1391 282
1391 283
1391 284
1391 285
1391 286
1391 287
1391 288
1392 250
1392 251
1392 252
1392 253
1394 261
1394 262
1394 263
1394 264
1394 265
1394 266
1394 267
1394 268
1394 269
1394 270
1396 276
1396 277
1396 278
1396 279
1396 280
1396 281
1396 282
1396 283
1396 284
1398 293
1398 294
1398 295
1398 296
1399 259
1399 260
1399 261
1399 262
1399 263
1399 264
1399 265
1399 266
1399 267
1401 272
1401 273
1401 274
1401 275
1401 276
1401 277
1401 278
1401 279
1401 280
1401 281
1403 288
1403 289
1403 290
1403 291
1403 292
1403 293
1403 294
1404 256
1404 257
1404 258
1404 259
1404 260
1404 261
1404 262
1404 263
1406 269
1406 270
1406 271
1406 272
1406 273
1406 274
1406 275
1406 276
1406 277
1406 278
1408 284
1408 285
1408 286
1408 287
1408 288
1408 289
1408 290
1408 291
1409 253
1409 254
1409 255
1409 256
1409 257
1409 258
1409 259
1411 266
1411 267
1411 268
1411 269
1411 270
1411 271
1411 272
1411 273
1411 274
1411 275
1413 281
1413 282
1413 283
1413 284
1413 285
1413 286
1413 287
1413 288
1414 251
1414 252
1414 253
1414 254
1416 263
1416 264
1416 265
1416 266
1416 267
1416 268
1416 269
1416 270
1416 271
1418 277
1418 278
1418 279
1418 280
1418 281
1418 282
1418 283
1418 284
1418 285
1421 260
1421 261
1421 262
1421 263
1421 264
1421 265
1421 266
1421 267
1423 274
1423 275
1423 276
1423 277
1423 278
1423 279
1423 280
1423 281
1423 282
1425 291
1425 292
1425 293
1426 257
1426 258
1426 259
1426 260
1426 261
1426 262
1426 263
1426 264
1428 271
1428 272
1428 273
1428 274
1428 275
1428 276
1428 277
1428 278
1428 279
1430 287
1430 288
1430 289
1430 290
1430 291
1431 255
1431 256
1431 257
1431 258
1431 259
1431 260
1433 268
1433 269
1433 270
1433 271
1433 272
1433 273
1433 274
1433 275
1435 283
1435 284
1435 285
1435 286
1435 287
1435 288
1436 253
1436 254
1436 255
1438 265
1438 266
1438 267
1438 268
1438 269
1438 270
1438 271
1438 272
1440 279
1440 280
1440 281
1440 282
1440 283
1440 284
1440 285
1443 262
1443 263
1443 264
1443 265
1443 266
1443 267
1443 268
1445 276
1445 277
1445 278
1445 279
1445 280
1445 281
1445 282
1448 259
1448 260
1448 261
1448 262
1448 263
1448 264
1450 273
1450 274
1450 275
1450 276
1450 277
1450 278
1450 279
1453 257
1453 258
1453 259
1453 260
1455 270
1455 271
1455 272
1455 273
1455 274
1455 275
1457 286
1457 287
1460 267
1460 268
1460 269
1460 270
1460 271
1460 272
1462 282
1462 283
1462 284
1465 264
1465 265
1465 266
1465 267
1465 268
1467 279
1467 280
1467 281
1470 262
1470 263
1470 264
1472 276
1472 277
1472 278
1477 273
1477 274
1477 275
1482 271
2390 240
2390 241
2390 242
2390 243
2395 236
2395 237
2395 238
2395 239
2395 240
2400 232
2400 233
2400 234
2400 235
2400 236
2400 237
2402 248
2402 249
2405 229
2405 230
2405 231
2405 232
2405 233
2407 243
2407 244
2407 245
2407 246
2407 247
2410 226
2410 227
2410 228
2410 229
2412 239
2412 240
2412 241
2412 242
2412 243
2412 244
2412 245
2415 224
2417 236
2417 237
2417 238
2417 239
2417 240
2417 241
2417 242
2422 232
2422 233
2422 234
2422 235
2422 236
2422 237
2422 238
2422 239
2424 248
2424 249
2424 250
2424 251
2427 229
2427 230
2427 231
2427 232
2427 233
2427 234
2427 235
2429 243
2429 244
2429 245
2429 246
2429 247
2429 248
2429 249
2432 226
2432 227
2432 228
2432 229
2432 230
2432 231
2432 232
2434 240
2434 241
2434 242
2434 243
2434 244
2434 245
2434 246
2437 223
2437 224
2437 225
2437 226
2437 227
2437 228
2439 236
2439 237
2439 238
2439 239
2439 240
2439 241
2439 242
2439 243
2441 253
2441 254
2442 220
2442 221
2442 222
2442 223
2444 232
2444 233
2444 234
2444 235
2444 236
2444 237
2444 238
2444 239
2444 240
2446 248
2446 249
2446 250
2446 251
2446 252
2446 253
2449 229
2449 230
2449 231
2449 232
2449 233
2449 234
2449 235
2449 236
2449 237
2451 244
2451 245
2451 246
2451 247
2451 248
2451 249
2451 250
2451 251
2454 226
2454 227
2454 228
2454 229
2454 230
2454 231
2454 232
2454 233
2456 240
2456 241
2456 242
2456 243
2456 244
2456 245
2456 246
2456 247
2456 248
2459 223
2459 224
2459 225
2459 226
2459 227
2459 228
2459 229
2459 230
2461 236
2461 237
2461 238
2461 239
2461 240
2461 241
2461 242
2461 243
2461 244
2461 245
2463 253
2463 254
2463 255
2463 256
2464 220
2464 221
2464 222
2464 223
2464 224
2464 225
2466 233
2466 234
2466 235
2466 236
2466 237
2466 238
2466 239
2466 240
2466 241
2466 242
2468 248
2468 249
2468 250
2468 251
2468 252
2468 253
2468 254
2469 217
2469 218
2469 219
2469 220
2469 221
2471 229
2471 230
2471 231
2471 232
2471 233
2471 234
2471 235
2471 236
2471 237
2471 238
2473 244
2473 245
2473 246
2473 247
2473 248
2473 249
2473 250
2473 251
2473 252
2476 226
2476 227
2476 228
2476 229
2476 230
2476 231
2476 232
2476 233
2476 234
2476 235
2478 241
2478 242
2478 243
2478 244
2478 245
2478 246
2478 247
2478 248
2478 249
2481 223
2481 224
2481 225
2481 226
2481 227
2481 228
2481 229
2481 230
2481 231
2483 237
2483 238
2483 239
2483 240
2483 241
2483 242
2483 243
2483 244
2483 245
2483 246
2485 254
2485 255
2485 256
2485 257
2486 220
2486 221
2486 222
2486 223
2486 224
2486 225
2486 226
2486 227
2488 233
2488 234
2488 235
2488 236
2488 237
2488 238
2488 239
2488 240
2488 241
2488 242
2488 243
2490 249
2490 250
2490 251
2490 252
2490 253
2490 254
2490 255
2491 217
2491 218
2491 219
2491 220
2491 221
2491 222
2491 223
2493 230
2493 231
2493 232
2493 233
2493 234
2493 235
2493 236
2493 237
2493 238
2493 239
2493 240
2495 245
2495 246
2495 247
2495 248
2495 249
2495 250
2495 251
2495 252
2495 253
2496 215
2496 216
2496 217
2498 226
2498 227
2498 228
2498 229
2498 230
2498 231
2498 232
2498 233
2498 234
2498 235
2498 236
2500 241
2500 242
2500 243
2500 244
2500 245
2500 246
2500 247
2500 248
2500 249
2500 250
2503 223
2503 224
2503 225
2503 226
2503 227
2503 228
2503 229
2503 230
2503 231
2503 232
2505 238
2505 239
2505 240
2505 241
2505 242
2505 243
2505 244
2505 245
2505 246
2505 247
2507 254
2507 255
2507 256
2507 257
2507 258
2508 220
2508 221
2508 222
2508 223
2508 224
2508 225
2508 226
2508 227
2508 228
2508 229
2510 234
2510 235
2510 236
2510 237
2510 238
2510 239
2510 240
2510 241
2510 242
2510 243
2510 244
2512 250
2512 251
2512 252
2512 253
2512 254
2512 255
2512 256
2513 217
2513 218
2513 219
2513 220
2513 221
2513 222
2513 223
2513 224
2515 231
2515 232
2515 233
2515 234
2515 235
2515 236
2515 237
2515 238
2515 239
2515 240
2515 241
2517 246
2517 247
2517 248
2517 249
2517 250
2517 251
2517 252
2517 253
2517 254
2518 215
2518 216
2518 217
2518 218
2518 219
2520 227
2520 228
2520 229
2520 230
2520 231
2520 232
2520 233
2520 234
2520 235
2520 236
2520 237
2522 242
2522 243
2522 244
2522 245
2522 246
2522 247
2522 248
2522 249
2522 250
2522 251
2525 224
2525 225
2525 226
2525 227
2525 228
2525 229
2525 230
2525 231
2525 232
2525 233
2525 234
2527 238
2527 239
2527 240
2527 241
2527 242
2527 243
2527 244
2527 245
2527 246
2527 247
2527 248
2529 255
2529 256
2529 257
2529 258
2529 259
2530 221
2530 222
2530 223
2530 224
2530 225
2530 226
2530 227
2530 228
2530 229
2530 230
2532 235
2532 236
2532 237
2532 238
2532 239
2532 240
2532 241
2532 242
2532 243
2532 244
2532 245
2534 251
2534 252
2534 253
2534 254
2534 255
2534 256
2534 257
2535 218
2535 219
2535 220
2535 221
2535 222
2535 223
2535 224
2535 225
2535 226
2537 231
2537 232
2537 233
2537 234
2537 235
2537 236
2537 237
2537 238
2537 239
2537 240
2537 241
2537 242
2539 247
2539 248
2539 249
2539 250
2539 251
2539 252
2539 253
2539 254
2539 255
2540 215
2540 216
2540 217
2540 218
2540 219
2540 220
2540 221
2542 228
2542 229
2542 230
2542 231
2542 232
2542 233
2542 234
2542 235
2542 236
2542 237
2542 238
2544 243
2544 244
2544 245
2544 246
2544 247
2544 248
2544 249
2544 250
2544 251
2544 252
2545 214
2545 215
2547 225
2547 226
2547 227
2547 228
2547 229
2547 230
2547 231
2547 232
2547 233
2547 234
2547 235
2549 239
2549 240
2549 241
2549 242
2549 243
2549 244
2549 245
2549 246
2549 247
2549 248
2549 249
2551 257
2551 258
2551 259
2551 260
2552 222
2552 223
2552 224
2552 225
2552 226
2552 227
2552 228
2552 229
2552 230
2552 231
2554 236
2554 237
2554 238
2554 239
2554 240
2554 241
2554 242
2554 243
2554 244
2554 245
2554 246
2556 252
2556 253
2556 254
2556 255
2556 256
2556 257
2556 258
2557 219
2557 220
2557 221
2557 222
2557 223
2557 224
2557 225
2557 226
2557 227
2559 232
2559 233
2559 234
2559 235
2559 236
2559 237
2559 238
2559 239
2559 240
2559 241
2559 242
2559 243
2561 248
2561 249
2561 250
2561 251
2561 252
2561 253
2561 254
2561 255
2561 256
2562 216
2562 217
2562 218
2562 219
2562 220
2562 221
2562 222
2564 229
2564 230
2564 231
2564 232
2564 233
2564 234
2564 235
2564 236
2564 237
2564 238
2564 239
2566 244
2566 245
2566 246
2566 247
2566 248
2566 249
2566 250
2566 251
2566 252
2566 253
2567 214
2567 215
2567 216
2567 217
2569 226
2569 227
2569 228
2569 229
2569 230
2569 231
2569 232
2569 233
2569 234
2569 235
2569 236
2571 240
2571 241
2571 242
2571 243
2571 244
2571 245
2571 246
2571 247
2571 248
2571 249
2571 250
2573 258
2573 259
2573 260
2574 223
2574 224
2574 225
2574 226
2574 227
2574 228
2574 229
2574 230
2574 231
2574 232
2576 237
2576 238
2576 239
2576 240
2576 241
2576 242
2576 243
2576 244
2576 245
2576 246
2576 247
2578 253
2578 254
2578 255
2578 256
2578 257
2578 258
2578 259
2579 220
2579 221
2579 222
2579 223
2579 224
2579 225
2579 226
2579 227
2579 228
2581 233
2581 234
2581 235
2581 236
2581 237
2581 238
2581 239
2581 240
2581 241
2581 242
2581 243
2581 244
2583 249
2583 250
2583 251
2583 252
2583 253
2583 254
2583 255
2583 256
2584 217
2584 218
2584 219
2584 220
2584 221
2584 222
2584 223
2586 230
2586 231
2586 232
2586 233
2586 234
2586 235
2586 236
2586 237
2586 238
2586 239
2586 240
2588 245
2588 246
2588 247
2588 248
2588 249
2588 250
2588 251
2588 252
2588 253
2588 254
2589 215
2589 216
2589 217
2589 218
2591 227
2591 228
2591 229
2591 230
2591 231
2591 232
2591 233
2591 234
2591 235
2591 236
2591 237
2593 242
2593 243
2593 244
2593 245
2593 246
2593 247
2593 248
2593 249
2593 250
2593 251
2596 224
2596 225
2596 226
2596 227
2596 228
2596 229
2596 230
2596 231
2596 232
2596 233
2598 238
2598 239
2598 240
2598 241
2598 242
2598 243
2598 244
2598 245
2598 246
2598 247
2598 248
2600 255
2600 256
2600 257
2600 258
2600 259
2601 221
2601 222
2601 223
2601 224
2601 225
2601 226
2601 227
2601 228
2601 229
2603 235
2603 236
2603 237
2603 238
2603 239
2603 240
2603 241
2603 242
2603 243
2603 244
2603 245
2605 251
2605 252
2605 253
2605 254
2605 255
2605 256
2605 257
2606 218
2606 219
2606 220
2606 221
2606 222
2606 223
2606 224
2608 231
2608 232
2608 233
2608 234
2608 235
2608 236
2608 237
2608 238
2608 239
2608 240
2608 241
2610 247
2610 248
2610 249
2610 250
2610 251
2610 252
2610 253
2610 254
2611 216
2611 217
2611 218
2611 219
2613 228
2613 229
2613 230
2613 231
2613 232
2613 233
2613 234
2613 235
2613 236
2613 237
2615 243
2615 244
2615 245
2615 246
2615 247
2615 248
2615 249
2615 250
2615 251
2618 225
2618 226
2618 227
2618 228
2618 229
2618 230
2618 231
2618 232
2618 233
2618 234
2620 239
2620 240
2620 241
2620 242
2620 243
2620 244
2620 245
2620 246
2620 247
2620 248
2622 257
2622 258
2622 259
2623 222
2623 223
2623 224
2623 225
2623 226
2623 227
2623 228
2623 229
2623 230
2625 236
2625 237
2625 238
2625 239
2625 240
2625 241
2625 242
2625 243
2625 244
2625 245
2627 252
2627 253
2627 254
2627 255
2627 256
2627 257
2628 220
2628 221
2628 222
2628 223
2628 224
2628 225
2630 233
2630 234
2630 235
2630 236
2630 237
2630 238
2630 239
2630 240
2630 241
2630 242
2632 248
2632 249
2632 250
2632 251
2632 252
2632 253
2632 254
2632 255
2633 219
2635 229
2635 230
2635 231
2635 232
2635 233
2635 234
2635 235
2635 236
2635 237
2635 238
2637 245
2637 246
2637 247
2637 248
2637 249
2637 250
2637 251
2637 252
2640 226
2640 227
2640 228
2640 229
2640 230
2640 231
2640 232
2640 233
2640 234
2642 241
2642 242
2642 243
2642 244
2642 245
2642 246
2642 247
2642 248
2642 249
2645 224
2645 225
2645 226
2645 227
2645 228
2645 229
2645 230
2647 238
2647 239
2647 240
2647 241
2647 242
2647 243
2647 244
2647 245
2647 246
2649 254
2649 255
2649 256
2649 257
2650 221
2650 222
2650 223
2650 224
2650 225
2652 234
2652 235
2652 236
2652 237
2652 238
2652 239
2652 240
2652 241
2652 242
2654 250
2654 251
2654 252
2654 253
2654 254
2654 255
2657 231
2657 232
2657 233
2657 234
2657 235
2657 236
2657 237
2657 238
2657 239
2659 246
2659 247
2659 248
2659 249
2659 250
2659 251
2659 252
2662 228
2662 229
2662 230
2662 231
2662 232
2662 233
2662 234
2662 235
2664 243
2664 244
2664 245
2664 246
2664 247
2664 248
2664 249
2667 226
2667 227
2667 228
2667 229
2667 230
2669 239
2669 240
2669 241
2669 242
2669 243
2669 244
2669 245
2669 246
2674 236
2674 237
2674 238
2674 239
2674 240
2674 241
2674 242
2676 253
2676 254
2679 233
2679 234
2679 235
2679 236
2679 237
2679 238
2679 239
2681 249
2681 250
2681 251
2681 252
2684 231
2684 232
2684 233
2684 234
2686 245
2686 246
2686 247
2686 248
2686 249
2691 242
2691 243
2691 244
2691 245
2691 246
2696 239
2696 240
2696 241
2696 242
2701 236
2701 237
2701 238
3561 245
3561 246
3566 242
3566 243
3578 249
3578 250
3578 251
3583 245
3583 246
3583 247
3583 248
3588 242
3588 243
3588 244
3588 245
3593 239
3593 240
3593 241
3593 242
3595 254
3600 250
3600 251
3600 252
3605 246
3605 247
3605 248
3605 249
3605 250
3610 243
3610 244
3610 245
3610 246
3610 247
3615 240
3615 241
3615 242
3615 243
3617 255
3617 256
3620 238
3620 239
3622 251
3622 252
3622 253
3622 254
3627 247
3627 248
3627 249
3627 250
3627 251
3632 244
3632 245
3632 246
3632 247
3632 248
3637 241
3637 242
3637 243
3637 244
3637 245
3642 238
3642 239
3642 240
3642 241
3644 252
3644 253
3644 254
3644 255
3649 249
3649 250
3649 251
3649 252
3654 245
3654 246
3654 247
3654 248
3654 249
3659 242
3659 243
3659 244
3659 245
3659 246
3664 240
3664 241
3664 242
3671 250
3671 251
3671 252
3671 253
3676 247
3676 248
3676 249
3676 250
3681 244
3681 245
3681 246
3681 247
3686 241
3686 242
3686 243
