405 67
405 68
408 68
408 69
408 70
408 71
411 69
411 70
411 71
411 72
411 73
414 71
414 72
414 73
414 74
414 75
417 72
417 73
417 74
417 75
417 76
417 77
420 74
420 75
420 76
420 77
420 78
423 76
423 77
423 78
423 79
423 80
426 77
426 78
426 79
426 80
426 81
426 82
429 79
429 80
429 81
429 82
429 83
432 81
432 82
432 83
432 84
432 85
435 83
435 84
435 85
435 86
438 85
438 86
438 87
438 88
441 88
441 89
442 61
445 61
445 62
445 63
445 64
448 63
448 64
448 65
448 66
451 64
451 65
451 66
451 67
451 68
454 66
454 67
454 68
454 69
454 70
457 67
457 68
457 69
457 70
457 71
457 72
460 69
460 70
460 71
460 72
460 73
460 74
463 70
463 71
463 72
463 73
463 74
463 75
463 76
466 72
466 73
466 74
466 75
466 76
466 77
466 78
469 74
469 75
469 76
469 77
469 78
469 79
469 80
472 76
472 77
472 78
472 79
472 80
472 81
475 78
475 79
475 80
475 81
475 82
475 83
478 80
478 81
478 82
478 83
478 84
481 82
481 83
481 84
481 85
481 86
484 84
484 85
484 86
484 87
487 86
487 87
487 88
497 64
497 65
497 66
500 66
500 67
500 68
503 67
503 68
503 69
503 70
506 69
506 70
506 71
506 72
509 71
509 72
509 73
509 74
512 72
512 73
512 74
512 75
515 74
515 75
515 76
515 77
518 76
518 77
518 78
518 79
521 79
521 80
1640 1
1640 2
1640 3
1640 4
1643 2
1643 3
1643 4
1643 5
1643 6
1646 3
1646 4
1646 5
1646 6
1646 7
1646 8
1649 4
1649 5
1649 6
1649 7
1649 8
1649 9
1649 10
1649 11
1652 5
1652 6
1652 7
1652 8
1652 9
1652 10
1652 11
1652 12
1652 13
1655 7
1655 8
1655 9
1655 10
1655 11
1655 12
1655 13
1655 14
1655 15
1658 8
1658 9
1658 10
1658 11
1658 12
1658 13
1658 14
1658 15
1658 16
1658 17
1661 10
1661 11
1661 12
1661 13
1661 14
1661 15
1661 16
1661 17
1661 18
1664 11
1664 12
1664 13
1664 14
1664 15
1664 16
1664 17
1664 18
1664 19
1664 20
1667 13
1667 14
1667 15
1667 16
1667 17
1667 18
1667 19
1667 20
1667 21
1667 22
1670 15
1670 16
1670 17
1670 18
1670 19
1670 20
1670 21
1670 22
1670 23
1670 24
1673 16
1673 17
1673 18
1673 19
1673 20
1673 21
1673 22
1673 23
1673 24
1673 25
1673 26
1676 18
1676 19
1676 20
1676 21
1676 22
1676 23
1676 24
1676 25
1676 26
1676 27
1677 571
1677 572
1677 573
1679 20
1679 21
1679 22
1679 23
1679 24
1679 25
1679 26
1679 27
1679 28
1679 29
1680 0
1680 571
1680 572
1680 573
1680 574
1680 575
1682 22
1682 23
1682 24
1682 25
1682 26
1682 27
1682 28
1682 29
1682 30
1682 31
1683 0
1683 1
1683 2
1683 572
1683 573
1683 574
1683 575
1685 24
1685 25
1685 26
1685 27
1685 28
1685 29
1685 30
1685 31
1685 32
1686 0
1686 1
1686 2
1686 3
1686 4
1686 573
1686 574
1686 575
1688 26
1688 27
1688 28
1688 29
1688 30
1688 31
1688 32
1688 33
1688 34
1689 0
1689 1
1689 2
1689 3
1689 4
1689 5
1689 6
1689 7
1689 575
1691 28
1691 29
1691 30
1691 31
1691 32
1691 33
1691 34
1691 35
1692 0
1692 1
1692 2
1692 3
1692 4
1692 5
1692 6
1692 7
1692 8
1692 9
1694 30
1694 31
1694 32
1694 33
1694 34
1694 35
1694 36
1694 37
1695 1
1695 2
1695 3
1695 4
1695 5
1695 6
1695 7
1695 8
1695 9
1695 10
1695 11
1697 32
1697 33
1697 34
1697 35
1697 36
1697 37
1697 38
1698 3
1698 4
1698 5
1698 6
1698 7
1698 8
1698 9
1698 10
1698 11
1698 12
1698 13
1700 34
1700 35
1700 36
1700 37
1700 38
1700 39
1701 4
1701 5
1701 6
1701 7
1701 8
1701 9
1701 10
1701 11
1701 12
1701 13
1701 14
1701 15
1703 36
1703 37
1703 38
1703 39
1703 40
1704 6
1704 7
1704 8
1704 9
1704 10
1704 11
1704 12
1704 13
1704 14
1704 15
1704 16
1706 39
1706 40
1706 41
1707 7
1707 8
1707 9
1707 10
1707 11
1707 12
1707 13
1707 14
1707 15
1707 16
1707 17
1707 18
1710 9
1710 10
1710 11
1710 12
1710 13
1710 14
1710 15
1710 16
1710 17
1710 18
1710 19
1710 20
1713 10
1713 11
1713 12
1713 13
1713 14
1713 15
1713 16
1713 17
1713 18
1713 19
1713 20
1713 21
1713 22
1716 12
1716 13
1716 14
1716 15
1716 16
1716 17
1716 18
1716 19
1716 20
1716 21
1716 22
1716 23
1716 24
1719 14
1719 15
1719 16
1719 17
1719 18
1719 19
1719 20
1719 21
1719 22
1719 23
1719 24
1719 25
1720 569
1722 15
1722 16
1722 17
1722 18
1722 19
1722 20
1722 21
1722 22
1722 23
1722 24
1722 25
1722 26
1722 27
1723 569
1723 570
1723 571
1723 572
1723 573
1725 17
1725 18
1725 19
1725 20
1725 21
1725 22
1725 23
1725 24
1725 25
1725 26
1725 27
1725 28
1725 29
1726 570
1726 571
1726 572
1726 573
1726 574
1726 575
1728 19
1728 20
1728 21
1728 22
1728 23
1728 24
1728 25
1728 26
1728 27
1728 28
1728 29
1728 30
1728 31
1729 0
1729 1
1729 2
1729 571
1729 572
1729 573
1729 574
1729 575
1731 21
1731 22
1731 23
1731 24
1731 25
1731 26
1731 27
1731 28
1731 29
1731 30
1731 31
1731 32
1732 0
1732 1
1732 2
1732 3
1732 4
1732 572
1732 573
1732 574
1732 575
1734 23
1734 24
1734 25
1734 26
1734 27
1734 28
1734 29
1734 30
1734 31
1734 32
1734 33
1734 34
1735 0
1735 1
1735 2
1735 3
1735 4
1735 5
1735 6
1735 573
1735 574
1735 575
1737 24
1737 25
1737 26
1737 27
1737 28
1737 29
1737 30
1737 31
1737 32
1737 33
1737 34
1737 35
1737 36
1738 0
1738 1
1738 2
1738 3
1738 4
1738 5
1738 6
1738 7
1738 8
1738 574
1738 575
1740 26
1740 27
1740 28
1740 29
1740 30
1740 31
1740 32
1740 33
1740 34
1740 35
1740 36
1740 37
1741 0
1741 1
1741 2
1741 3
1741 4
1741 5
1741 6
1741 7
1741 8
1741 9
1741 10
1743 28
1743 29
1743 30
1743 31
1743 32
1743 33
1743 34
1743 35
1743 36
1743 37
1743 38
1743 39
1744 1
1744 2
1744 3
1744 4
1744 5
1744 6
1744 7
1744 8
1744 9
1744 10
1744 11
1744 12
1746 30
1746 31
1746 32
1746 33
1746 34
1746 35
1746 36
1746 37
1746 38
1746 39
1746 40
1747 3
1747 4
1747 5
1747 6
1747 7
1747 8
1747 9
1747 10
1747 11
1747 12
1747 13
1747 14
1749 32
1749 33
1749 34
1749 35
1749 36
1749 37
1749 38
1749 39
1749 40
1749 41
1749 42
1750 4
1750 5
1750 6
1750 7
1750 8
1750 9
1750 10
1750 11
1750 12
1750 13
1750 14
1750 15
1750 16
1752 35
1752 36
1752 37
1752 38
1752 39
1752 40
1752 41
1752 42
1752 43
1753 6
1753 7
1753 8
1753 9
1753 10
1753 11
1753 12
1753 13
1753 14
1753 15
1753 16
1753 17
1755 37
1755 38
1755 39
1755 40
1755 41
1755 42
1755 43
1755 44
1756 7
1756 8
1756 9
1756 10
1756 11
1756 12
1756 13
1756 14
1756 15
1756 16
1756 17
1756 18
1756 19
1758 39
1758 40
1758 41
1758 42
1758 43
1758 44
1758 45
1759 9
1759 10
1759 11
1759 12
1759 13
1759 14
1759 15
1759 16
1759 17
1759 18
1759 19
1759 20
1759 21
1761 42
1761 43
1761 44
1761 45
1761 46
1762 11
1762 12
1762 13
1762 14
1762 15
1762 16
1762 17
1762 18
1762 19
1762 20
1762 21
1762 22
1762 23
1764 45
1764 46
1764 47
1765 12
1765 13
1765 14
1765 15
1765 16
1765 17
1765 18
1765 19
1765 20
1765 21
1765 22
1765 23
1765 24
1765 25
1768 14
1768 15
1768 16
1768 17
1768 18
1768 19
1768 20
1768 21
1768 22
1768 23
1768 24
1768 25
1768 26
1771 16
1771 17
1771 18
1771 19
1771 20
1771 21
1771 22
1771 23
1771 24
1771 25
1771 26
1771 27
1771 28
1772 570
1772 571
1772 572
1772 573
1774 17
1774 18
1774 19
1774 20
1774 21
1774 22
1774 23
1774 24
1774 25
1774 26
1774 27
1774 28
1774 29
1774 30
1775 0
1775 571
1775 572
1775 573
1775 574
1775 575
1777 19
1777 20
1777 21
1777 22
1777 23
1777 24
1777 25
1777 26
1777 27
1777 28
1777 29
1777 30
1777 31
1777 32
1778 0
1778 1
1778 2
1778 572
1778 573
1778 574
1778 575
1780 21
1780 22
1780 23
1780 24
1780 25
1780 26
1780 27
1780 28
1780 29
1780 30
1780 31
1780 32
1780 33
1781 0
1781 1
1781 2
1781 3
1781 4
1781 573
1781 574
1781 575
1783 23
1783 24
1783 25
1783 26
1783 27
1783 28
1783 29
1783 30
1783 31
1783 32
1783 33
1783 34
1783 35
1784 0
1784 1
1784 2
1784 3
1784 4
1784 5
1784 6
1784 574
1784 575
1786 25
1786 26
1786 27
1786 28
1786 29
1786 30
1786 31
1786 32
1786 33
1786 34
1786 35
1786 36
1787 0
1787 1
1787 2
1787 3
1787 4
1787 5
1787 6
1787 7
1787 8
1787 575
1789 27
1789 28
1789 29
1789 30
1789 31
1789 32
1789 33
1789 34
1789 35
1789 36
1789 37
1789 38
1790 1
1790 2
1790 3
1790 4
1790 5
1790 6
1790 7
1790 8
1790 9
1790 10
1792 29
1792 30
1792 31
1792 32
1792 33
1792 34
1792 35
1792 36
1792 37
1792 38
1792 39
1792 40
1793 2
1793 3
1793 4
1793 5
1793 6
1793 7
1793 8
1793 9
1793 10
1793 11
1793 12
1795 31
1795 32
1795 33
1795 34
1795 35
1795 36
1795 37
1795 38
1795 39
1795 40
1795 41
1796 4
1796 5
1796 6
1796 7
1796 8
1796 9
1796 10
1796 11
1796 12
1796 13
1796 14
1798 33
1798 34
1798 35
1798 36
1798 37
1798 38
1798 39
1798 40
1798 41
1798 42
1798 43
1799 5
1799 6
1799 7
1799 8
1799 9
1799 10
1799 11
1799 12
1799 13
1799 14
1799 15
1799 16
1801 35
1801 36
1801 37
1801 38
1801 39
1801 40
1801 41
1801 42
1801 43
1801 44
1802 7
1802 8
1802 9
1802 10
1802 11
1802 12
1802 13
1802 14
1802 15
1802 16
1802 17
1802 18
1804 37
1804 38
1804 39
1804 40
1804 41
1804 42
1804 43
1804 44
1804 45
1805 8
1805 9
1805 10
1805 11
1805 12
1805 13
1805 14
1805 15
1805 16
1805 17
1805 18
1805 19
1805 20
1807 39
1807 40
1807 41
1807 42
1807 43
1807 44
1807 45
1807 46
1807 47
1808 10
1808 11
1808 12
1808 13
1808 14
1808 15
1808 16
1808 17
1808 18
1808 19
1808 20
1808 21
1810 42
1810 43
1810 44
1810 45
1810 46
1810 47
1810 48
1811 12
1811 13
1811 14
1811 15
1811 16
1811 17
1811 18
1811 19
1811 20
1811 21
1811 22
1811 23
1813 44
1813 45
1813 46
1813 47
1813 48
1814 13
1814 14
1814 15
1814 16
1814 17
1814 18
1814 19
1814 20
1814 21
1814 22
1814 23
1814 24
1814 25
1816 48
1817 15
1817 16
1817 17
1817 18
1817 19
1817 20
1817 21
1817 22
1817 23
1817 24
1817 25
1817 26
1817 27
1820 17
1820 18
1820 19
1820 20
1820 21
1820 22
1820 23
1820 24
1820 25
1820 26
1820 27
1820 28
1823 19
1823 20
1823 21
1823 22
1823 23
1823 24
1823 25
1823 26
1823 27
1823 28
1823 29
1823 30
1826 20
1826 21
1826 22
1826 23
1826 24
1826 25
1826 26
1826 27
1826 28
1826 29
1826 30
1826 31
1826 32
1827 0
1827 1
1827 575
1829 22
1829 23
1829 24
1829 25
1829 26
1829 27
1829 28
1829 29
1829 30
1829 31
1829 32
1829 33
1829 34
1830 0
1830 1
1830 2
1830 3
1830 575
1832 24
1832 25
1832 26
1832 27
1832 28
1832 29
1832 30
1832 31
1832 32
1832 33
1832 34
1832 35
1833 1
1833 2
1833 3
1833 4
1833 5
1835 26
1835 27
1835 28
1835 29
1835 30
1835 31
1835 32
1835 33
1835 34
1835 35
1835 36
1835 37
1836 2
1836 3
1836 4
1836 5
1836 6
1836 7
1836 8
1838 28
1838 29
1838 30
1838 31
1838 32
1838 33
1838 34
1838 35
1838 36
1838 37
1838 38
1839 3
1839 4
1839 5
1839 6
1839 7
1839 8
1839 9
1839 10
1841 30
1841 31
1841 32
1841 33
1841 34
1841 35
1841 36
1841 37
1841 38
1841 39
1841 40
1842 4
1842 5
1842 6
1842 7
1842 8
1842 9
1842 10
1842 11
1842 12
1844 32
1844 33
1844 34
1844 35
1844 36
1844 37
1844 38
1844 39
1844 40
1844 41
1845 6
1845 7
1845 8
1845 9
1845 10
1845 11
1845 12
1845 13
1845 14
1847 34
1847 35
1847 36
1847 37
1847 38
1847 39
1847 40
1847 41
1847 42
1847 43
1848 7
1848 8
1848 9
1848 10
1848 11
1848 12
1848 13
1848 14
1848 15
1848 16
1850 36
1850 37
1850 38
1850 39
1850 40
1850 41
1850 42
1850 43
1850 44
1851 9
1851 10
1851 11
1851 12
1851 13
1851 14
1851 15
1851 16
1851 17
1853 39
1853 40
1853 41
1853 42
1853 43
1853 44
1853 45
1854 10
1854 11
1854 12
1854 13
1854 14
1854 15
1854 16
1854 17
1854 18
1854 19
1856 41
1856 42
1856 43
1856 44
1856 45
1856 46
1857 12
1857 13
1857 14
1857 15
1857 16
1857 17
1857 18
1857 19
1857 20
1857 21
1859 44
1859 45
1859 46
1859 47
1860 14
1860 15
1860 16
1860 17
1860 18
1860 19
1860 20
1860 21
1860 22
1860 23
1863 15
1863 16
1863 17
1863 18
1863 19
1863 20
1863 21
1863 22
1863 23
1863 24
1863 25
1866 17
1866 18
1866 19
1866 20
1866 21
1866 22
1866 23
1866 24
1866 25
1866 26
1869 19
1869 20
1869 21
1869 22
1869 23
1869 24
1869 25
1869 26
1869 27
1869 28
1872 21
1872 22
1872 23
1872 24
1872 25
1872 26
1872 27
1872 28
1872 29
1872 30
1875 23
1875 24
1875 25
1875 26
1875 27
1875 28
1875 29
1875 30
1875 31
1878 25
1878 26
1878 27
1878 28
1878 29
1878 30
1878 31
1878 32
1878 33
1881 27
1881 28
1881 29
1881 30
1881 31
1881 32
1881 33
1881 34
1884 29
1884 30
1884 31
1884 32
1884 33
1884 34
1884 35
1884 36
1887 31
1887 32
1887 33
1887 34
1887 35
1887 36
1887 37
1890 33
1890 34
1890 35
1890 36
1890 37
1890 38
1890 39
1893 35
1893 36
1893 37
1893 38
1893 39
1893 40
1896 38
1896 39
1896 40
1896 41
3282 276
3282 277
3282 278
3285 277
3285 278
3285 279
3285 280
3285 281
3288 278
3288 279
3288 280
3288 281
3288 282
3288 283
3291 279
3291 280
3291 281
3291 282
3291 283
3291 284
3291 285
3294 281
3294 282
3294 283
3294 284
3294 285
3294 286
3297 282
3297 283
3297 284
3297 285
3297 286
3297 287
3297 288
3300 284
3300 285
3300 286
3300 287
3300 288
3300 289
3300 290
3303 285
3303 286
3303 287
3303 288
3303 289
3303 290
3303 291
3303 292
3306 287
3306 288
3306 289
3306 290
3306 291
3306 292
3306 293
3309 288
3309 289
3309 290
3309 291
3309 292
3309 293
3309 294
3309 295
3312 290
3312 291
3312 292
3312 293
3312 294
3312 295
3312 296
3313 268
3313 269
3313 270
3315 292
3315 293
3315 294
3315 295
3315 296
3315 297
3315 298
3316 268
3316 269
3316 270
3316 271
3316 272
3318 294
3318 295
3318 296
3318 297
3318 298
3318 299
3319 269
3319 270
3319 271
3319 272
3319 273
3319 274
3321 295
3321 296
3321 297
3321 298
3321 299
3321 300
3322 270
3322 271
3322 272
3322 273
3322 274
3322 275
3322 276
3322 277
3324 297
3324 298
3324 299
3324 300
3324 301
3324 302
3325 271
3325 272
3325 273
3325 274
3325 275
3325 276
3325 277
3325 278
3327 300
3327 301
3327 302
3327 303
3328 273
3328 274
3328 275
3328 276
3328 277
3328 278
3328 279
3328 280
3330 302
3330 303
3331 274
3331 275
3331 276
3331 277
3331 278
3331 279
3331 280
3331 281
3331 282
3334 275
3334 276
3334 277
3334 278
3334 279
3334 280
3334 281
3334 282
3334 283
3334 284
3337 277
3337 278
3337 279
3337 280
3337 281
3337 282
3337 283
3337 284
3337 285
3337 286
3340 278
3340 279
3340 280
3340 281
3340 282
3340 283
3340 284
3340 285
3340 286
3340 287
3340 288
3343 280
3343 281
3343 282
3343 283
3343 284
3343 285
3343 286
3343 287
3343 288
3343 289
3346 281
3346 282
3346 283
3346 284
3346 285
3346 286
3346 287
3346 288
3346 289
3346 290
3346 291
3349 283
3349 284
3349 285
3349 286
3349 287
3349 288
3349 289
3349 290
3349 291
3349 292
3352 285
3352 286
3352 287
3352 288
3352 289
3352 290
3352 291
3352 292
3352 293
3352 294
3353 264
3353 265
3355 286
3355 287
3355 288
3355 289
3355 290
3355 291
3355 292
3355 293
3355 294
3355 295
3355 296
3356 264
3356 265
3356 266
3356 267
3356 268
3358 288
3358 289
3358 290
3358 291
3358 292
3358 293
3358 294
3358 295
3358 296
3358 297
3359 265
3359 266
3359 267
3359 268
3359 269
3359 270
3359 271
3361 290
3361 291
3361 292
3361 293
3361 294
3361 295
3361 296
3361 297
3361 298
3361 299
3362 266
3362 267
3362 268
3362 269
3362 270
3362 271
3362 272
3362 273
3364 291
3364 292
3364 293
3364 294
3364 295
3364 296
3364 297
3364 298
3364 299
3364 300
3365 267
3365 268
3365 269
3365 270
3365 271
3365 272
3365 273
3365 274
3365 275
3367 293
3367 294
3367 295
3367 296
3367 297
3367 298
3367 299
3367 300
3367 301
3368 269
3368 270
3368 271
3368 272
3368 273
3368 274
3368 275
3368 276
3368 277
3370 295
3370 296
3370 297
3370 298
3370 299
3370 300
3370 301
3370 302
3370 303
3371 270
3371 271
3371 272
3371 273
3371 274
3371 275
3371 276
3371 277
3371 278
3371 279
3373 297
3373 298
3373 299
3373 300
3373 301
3373 302
3373 303
3373 304
3374 271
3374 272
3374 273
3374 274
3374 275
3374 276
3374 277
3374 278
3374 279
3374 280
3376 299
3376 300
3376 301
3376 302
3376 303
3376 304
3376 305
3377 273
3377 274
3377 275
3377 276
3377 277
3377 278
3377 279
3377 280
3377 281
3377 282
3379 301
3379 302
3379 303
3379 304
3379 305
3379 306
3380 274
3380 275
3380 276
3380 277
3380 278
3380 279
3380 280
3380 281
3380 282
3380 283
3380 284
3382 303
3382 304
3382 305
3382 306
3382 307
3383 276
3383 277
3383 278
3383 279
3383 280
3383 281
3383 282
3383 283
3383 284
3383 285
3383 286
3385 306
3385 307
3385 308
3386 277
3386 278
3386 279
3386 280
3386 281
3386 282
3386 283
3386 284
3386 285
3386 286
3386 287
3389 279
3389 280
3389 281
3389 282
3389 283
3389 284
3389 285
3389 286
3389 287
3389 288
3389 289
3392 280
3392 281
3392 282
3392 283
3392 284
3392 285
3392 286
3392 287
3392 288
3392 289
3392 290
3392 291
3395 282
3395 283
3395 284
3395 285
3395 286
3395 287
3395 288
3395 289
3395 290
3395 291
3395 292
3398 283
3398 284
3398 285
3398 286
3398 287
3398 288
3398 289
3398 290
3398 291
3398 292
3398 293
3398 294
3401 285
3401 286
3401 287
3401 288
3401 289
3401 290
3401 291
3401 292
3401 293
3401 294
3401 295
3402 264
3402 265
3402 266
3402 267
3404 287
3404 288
3404 289
3404 290
3404 291
3404 292
3404 293
3404 294
3404 295
3404 296
3404 297
3405 265
3405 266
3405 267
3405 268
3405 269
3407 288
3407 289
3407 290
3407 291
3407 292
3407 293
3407 294
3407 295
3407 296
3407 297
3407 298
3408 266
3408 267
3408 268
3408 269
3408 270
3408 271
3408 272
3410 290
3410 291
3410 292
3410 293
3410 294
3410 295
3410 296
3410 297
3410 298
3410 299
3410 300
3411 267
3411 268
3411 269
3411 270
3411 271
3411 272
3411 273
3411 274
3413 292
3413 293
3413 294
3413 295
3413 296
3413 297
3413 298
3413 299
3413 300
3413 301
3414 268
3414 269
3414 270
3414 271
3414 272
3414 273
3414 274
3414 275
3414 276
3416 294
3416 295
3416 296
3416 297
3416 298
3416 299
3416 300
3416 301
3416 302
3417 269
3417 270
3417 271
3417 272
3417 273
3417 274
3417 275
3417 276
3417 277
3417 278
3419 296
3419 297
3419 298
3419 299
3419 300
3419 301
3419 302
3419 303
3419 304
3420 271
3420 272
3420 273
3420 274
3420 275
3420 276
3420 277
3420 278
3420 279
3422 297
3422 298
3422 299
3422 300
3422 301
3422 302
3422 303
3422 304
3422 305
3423 272
3423 273
3423 274
3423 275
3423 276
3423 277
3423 278
3423 279
3423 280
3423 281
3425 299
3425 300
3425 301
3425 302
3425 303
3425 304
3425 305
3425 306
3426 274
3426 275
3426 276
3426 277
3426 278
3426 279
3426 280
3426 281
3426 282
3426 283
3428 302
3428 303
3428 304
3428 305
3428 306
3428 307
3429 275
3429 276
3429 277
3429 278
3429 279
3429 280
3429 281
3429 282
3429 283
3429 284
3429 285
3431 304
3431 305
3431 306
3431 307
3431 308
3432 276
3432 277
3432 278
3432 279
3432 280
3432 281
3432 282
3432 283
3432 284
3432 285
3432 286
3434 307
3434 308
3435 278
3435 279
3435 280
3435 281
3435 282
3435 283
3435 284
3435 285
3435 286
3435 287
3435 288
3438 280
3438 281
3438 282
3438 283
3438 284
3438 285
3438 286
3438 287
3438 288
3438 289
3438 290
3441 281
3441 282
3441 283
3441 284
3441 285
3441 286
3441 287
3441 288
3441 289
3441 290
3441 291
3444 283
3444 284
3444 285
3444 286
3444 287
3444 288
3444 289
3444 290
3444 291
3444 292
3444 293
3447 284
3447 285
3447 286
3447 287
3447 288
3447 289
3447 290
3447 291
3447 292
3447 293
3447 294
3450 286
3450 287
3450 288
3450 289
3450 290
3450 291
3450 292
3450 293
3450 294
3450 295
3450 296
3453 288
3453 289
3453 290
3453 291
3453 292
3453 293
3453 294
3453 295
3453 296
3453 297
3456 290
3456 291
3456 292
3456 293
3456 294
3456 295
3456 296
3456 297
3456 298
3457 268
3457 269
3457 270
3457 271
3459 291
3459 292
3459 293
3459 294
3459 295
3459 296
3459 297
3459 298
3459 299
3459 300
3460 269
3460 270
3460 271
3460 272
3460 273
3462 293
3462 294
3462 295
3462 296
3462 297
3462 298
3462 299
3462 300
3462 301
3463 270
3463 271
3463 272
3463 273
3463 274
3463 275
3465 295
3465 296
3465 297
3465 298
3465 299
3465 300
3465 301
3465 302
3466 271
3466 272
3466 273
3466 274
3466 275
3466 276
3466 277
3468 297
3468 298
3468 299
3468 300
3468 301
3468 302
3468 303
3468 304
3469 273
3469 274
3469 275
3469 276
3469 277
3469 278
3469 279
3471 299
3471 300
3471 301
3471 302
3471 303
3471 304
3471 305
3472 274
3472 275
3472 276
3472 277
3472 278
3472 279
3472 280
3472 281
3474 301
3474 302
3474 303
3474 304
3474 305
3475 275
3475 276
3475 277
3475 278
3475 279
3475 280
3475 281
3475 282
3475 283
3477 304
3477 305
3477 306
3478 277
3478 278
3478 279
3478 280
3478 281
3478 282
3478 283
3478 284
3481 278
3481 279
3481 280
3481 281
3481 282
3481 283
3481 284
3481 285
3481 286
3484 280
3484 281
3484 282
3484 283
3484 284
3484 285
3484 286
3484 287
3484 288
3487 281
3487 282
3487 283
3487 284
3487 285
3487 286
3487 287
3487 288
3487 289
3490 283
3490 284
3490 285
3490 286
3490 287
3490 288
3490 289
3490 290
3490 291
3493 285
3493 286
3493 287
3493 288
3493 289
3493 290
3493 291
3493 292
3496 286
3496 287
3496 288
3496 289
3496 290
3496 291
3496 292
3496 293
3496 294
3499 288
3499 289
3499 290
3499 291
3499 292
3499 293
3499 294
3499 295
3502 290
3502 291
3502 292
3502 293
3502 294
3502 295
3502 296
3505 292
3505 293
3505 294
3505 295
3505 296
3505 297
3505 298
3508 293
3508 294
3508 295
3508 296
3508 297
3508 298
3508 299
3511 295
3511 296
3511 297
3511 298
3511 299
3511 300
3514 298
3514 299
3514 300
3514 301
3517 300
3517 301
