2645 255
2645 256
2645 257
2645 258
2648 260
2648 261
2648 262
2648 263
2648 264
2648 265
2651 265
2651 266
2651 267
2651 268
2651 269
2651 270
2651 271
2654 271
2654 272
2654 273
2654 274
2654 275
2654 276
2657 279
2657 280
2658 252
2658 253
2658 254
2658 255
2658 256
2658 257
2661 256
2661 257
2661 258
2661 259
2661 260
2661 261
2661 262
2661 263
2661 264
2664 262
2664 263
2664 264
2664 265
2664 266
2664 267
2664 268
2664 269
2664 270
2667 267
2667 268
2667 269
2667 270
2667 271
2667 272
2667 273
2667 274
2667 275
2670 274
2670 275
2670 276
2670 277
2670 278
2670 279
2670 280
2671 249
2671 250
2671 251
2671 252
2671 253
2671 254
2671 255
2673 281
2673 282
2673 283
2673 284
2674 253
2674 254
2674 255
2674 256
2674 257
2674 258
2674 259
2674 260
2674 261
2674 262
2677 258
2677 259
2677 260
2677 261
2677 262
2677 263
2677 264
2677 265
2677 266
2677 267
2677 268
2680 264
2680 265
2680 266
2680 267
2680 268
2680 269
2680 270
2680 271
2680 272
2680 273
2680 274
2681 243
2681 244
2681 245
2683 270
2683 271
2683 272
2683 273
2683 274
2683 275
2683 276
2683 277
2683 278
2683 279
2684 246
2684 247
2684 248
2684 249
2684 250
2684 251
2684 252
2684 253
2686 276
2686 277
2686 278
2686 279
2686 280
2686 281
2686 282
2686 283
2686 284
2687 250
2687 251
2687 252
2687 253
2687 254
2687 255
2687 256
2687 257
2687 258
2687 259
2687 260
2689 284
2689 285
2689 286
2689 287
2689 288
2690 255
2690 256
2690 257
2690 258
2690 259
2690 260
2690 261
2690 262
2690 263
2690 264
2690 265
2690 266
2693 261
2693 262
2693 263
2693 264
2693 265
2693 266
2693 267
2693 268
2693 269
2693 270
2693 271
2693 272
2694 241
2694 242
2696 267
2696 268
2696 269
2696 270
2696 271
2696 272
2696 273
2696 274
2696 275
2696 276
2696 277
2696 278
2697 243
2697 244
2697 245
2697 246
2697 247
2697 248
2697 249
2697 250
2697 251
2699 273
2699 274
2699 275
2699 276
2699 277
2699 278
2699 279
2699 280
2699 281
2699 282
2699 283
2700 248
2700 249
2700 250
2700 251
2700 252
2700 253
2700 254
2700 255
2700 256
2700 257
2700 258
2702 279
2702 280
2702 281
2702 282
2702 283
2702 284
2702 285
2702 286
2702 287
2703 253
2703 254
2703 255
2703 256
2703 257
2703 258
2703 259
2703 260
2703 261
2703 262
2703 263
2703 264
2703 265
2705 287
2705 288
2705 289
2705 290
2705 291
2706 258
2706 259
2706 260
2706 261
2706 262
2706 263
2706 264
2706 265
2706 266
2706 267
2706 268
2706 269
2706 270
2709 264
2709 265
2709 266
2709 267
2709 268
2709 269
2709 270
2709 271
2709 272
2709 273
2709 274
2709 275
2709 276
2710 241
2710 242
2710 243
2710 244
2710 245
2710 246
2710 247
2710 248
2710 249
2712 270
2712 271
2712 272
2712 273
2712 274
2712 275
2712 276
2712 277
2712 278
2712 279
2712 280
2712 281
2713 245
2713 246
2713 247
2713 248
2713 249
2713 250
2713 251
2713 252
2713 253
2713 254
2713 255
2713 256
2715 276
2715 277
2715 278
2715 279
2715 280
2715 281
2715 282
2715 283
2715 284
2715 285
2715 286
2716 250
2716 251
2716 252
2716 253
2716 254
2716 255
2716 256
2716 257
2716 258
2716 259
2716 260
2716 261
2716 262
2718 283
2718 284
2718 285
2718 286
2718 287
2718 288
2718 289
2718 290
2719 255
2719 256
2719 257
2719 258
2719 259
2719 260
2719 261
2719 262
2719 263
2719 264
2719 265
2719 266
2719 267
2719 268
2721 291
2721 292
2721 293
2722 261
2722 262
2722 263
2722 264
2722 265
2722 266
2722 267
2722 268
2722 269
2722 270
2722 271
2722 272
2722 273
2722 274
2723 238
2723 239
2723 240
2723 241
2723 242
2723 243
2723 244
2723 245
2723 246
2725 266
2725 267
2725 268
2725 269
2725 270
2725 271
2725 272
2725 273
2725 274
2725 275
2725 276
2725 277
2725 278
2725 279
2726 242
2726 243
2726 244
2726 245
2726 246
2726 247
2726 248
2726 249
2726 250
2726 251
2726 252
2726 253
2726 254
2728 273
2728 274
2728 275
2728 276
2728 277
2728 278
2728 279
2728 280
2728 281
2728 282
2728 283
2728 284
2729 247
2729 248
2729 249
2729 250
2729 251
2729 252
2729 253
2729 254
2729 255
2729 256
2729 257
2729 258
2729 259
2729 260
2731 279
2731 280
2731 281
2731 282
2731 283
2731 284
2731 285
2731 286
2731 287
2731 288
2731 289
2732 252
2732 253
2732 254
2732 255
2732 256
2732 257
2732 258
2732 259
2732 260
2732 261
2732 262
2732 263
2732 264
2732 265
2732 266
2734 286
2734 287
2734 288
2734 289
2734 290
2734 291
2734 292
2734 293
2735 258
2735 259
2735 260
2735 261
2735 262
2735 263
2735 264
2735 265
2735 266
2735 267
2735 268
2735 269
2735 270
2735 271
2735 272
2736 236
2736 237
2736 238
2736 239
2736 240
2736 241
2736 242
2736 243
2736 244
2738 263
2738 264
2738 265
2738 266
2738 267
2738 268
2738 269
2738 270
2738 271
2738 272
2738 273
2738 274
2738 275
2738 276
2738 277
2739 240
2739 241
2739 242
2739 243
2739 244
2739 245
2739 246
2739 247
2739 248
2739 249
2739 250
2739 251
2741 269
2741 270
2741 271
2741 272
2741 273
2741 274
2741 275
2741 276
2741 277
2741 278
2741 279
2741 280
2741 281
2741 282
2741 283
2742 244
2742 245
2742 246
2742 247
2742 248
2742 249
2742 250
2742 251
2742 252
2742 253
2742 254
2742 255
2742 256
2742 257
2742 258
2744 276
2744 277
2744 278
2744 279
2744 280
2744 281
2744 282
2744 283
2744 284
2744 285
2744 286
2744 287
2745 250
2745 251
2745 252
2745 253
2745 254
2745 255
2745 256
2745 257
2745 258
2745 259
2745 260
2745 261
2745 262
2745 263
2745 264
2747 282
2747 283
2747 284
2747 285
2747 286
2747 287
2747 288
2747 289
2747 290
2747 291
2747 292
2748 255
2748 256
2748 257
2748 258
2748 259
2748 260
2748 261
2748 262
2748 263
2748 264
2748 265
2748 266
2748 267
2748 268
2748 269
2748 270
2749 234
2749 235
2749 236
2749 237
2749 238
2749 239
2749 240
2749 241
2750 290
2750 291
2750 292
2750 293
2750 294
2750 295
2751 261
2751 262
2751 263
2751 264
2751 265
2751 266
2751 267
2751 268
2751 269
2751 270
2751 271
2751 272
2751 273
2751 274
2751 275
2752 238
2752 239
2752 240
2752 241
2752 242
2752 243
2752 244
2752 245
2752 246
2752 247
2752 248
2752 249
2754 266
2754 267
2754 268
2754 269
2754 270
2754 271
2754 272
2754 273
2754 274
2754 275
2754 276
2754 277
2754 278
2754 279
2754 280
2754 281
2755 242
2755 243
2755 244
2755 245
2755 246
2755 247
2755 248
2755 249
2755 250
2755 251
2755 252
2755 253
2755 254
2755 255
2757 272
2757 273
2757 274
2757 275
2757 276
2757 277
2757 278
2757 279
2757 280
2757 281
2757 282
2757 283
2757 284
2757 285
2757 286
2758 247
2758 248
2758 249
2758 250
2758 251
2758 252
2758 253
2758 254
2758 255
2758 256
2758 257
2758 258
2758 259
2758 260
2758 261
2758 262
2760 279
2760 280
2760 281
2760 282
2760 283
2760 284
2760 285
2760 286
2760 287
2760 288
2760 289
2760 290
2761 252
2761 253
2761 254
2761 255
2761 256
2761 257
2761 258
2761 259
2761 260
2761 261
2761 262
2761 263
2761 264
2761 265
2761 266
2761 267
2761 268
2762 233
2762 234
2762 235
2762 236
2762 237
2762 238
2763 286
2763 287
2763 288
2763 289
2763 290
2763 291
2763 292
2763 293
2763 294
2764 258
2764 259
2764 260
2764 261
2764 262
2764 263
2764 264
2764 265
2764 266
2764 267
2764 268
2764 269
2764 270
2764 271
2764 272
2764 273
2765 235
2765 236
2765 237
2765 238
2765 239
2765 240
2765 241
2765 242
2765 243
2765 244
2765 245
2765 246
2766 294
2766 295
2766 296
2767 263
2767 264
2767 265
2767 266
2767 267
2767 268
2767 269
2767 270
2767 271
2767 272
2767 273
2767 274
2767 275
2767 276
2767 277
2767 278
2767 279
2768 240
2768 241
2768 242
2768 243
2768 244
2768 245
2768 246
2768 247
2768 248
2768 249
2768 250
2768 251
2768 252
2768 253
2770 269
2770 270
2770 271
2770 272
2770 273
2770 274
2770 275
2770 276
2770 277
2770 278
2770 279
2770 280
2770 281
2770 282
2770 283
2770 284
2771 244
2771 245
2771 246
2771 247
2771 248
2771 249
2771 250
2771 251
2771 252
2771 253
2771 254
2771 255
2771 256
2771 257
2771 258
2771 259
2773 276
2773 277
2773 278
2773 279
2773 280
2773 281
2773 282
2773 283
2773 284
2773 285
2773 286
2773 287
2773 288
2774 250
2774 251
2774 252
2774 253
2774 254
2774 255
2774 256
2774 257
2774 258
2774 259
2774 260
2774 261
2774 262
2774 263
2774 264
2774 265
2775 232
2775 233
2776 282
2776 283
2776 284
2776 285
2776 286
2776 287
2776 288
2776 289
2776 290
2776 291
2776 292
2776 293
2777 255
2777 256
2777 257
2777 258
2777 259
2777 260
2777 261
2777 262
2777 263
2777 264
2777 265
2777 266
2777 267
2777 268
2777 269
2777 270
2777 271
2778 233
2778 234
2778 235
2778 236
2778 237
2778 238
2778 239
2778 240
2778 241
2778 242
2778 243
2779 290
2779 291
2779 292
2779 293
2779 294
2779 295
2779 296
2780 261
2780 262
2780 263
2780 264
2780 265
2780 266
2780 267
2780 268
2780 269
2780 270
2780 271
2780 272
2780 273
2780 274
2780 275
2780 276
2780 277
2781 237
2781 238
2781 239
2781 240
2781 241
2781 242
2781 243
2781 244
2781 245
2781 246
2781 247
2781 248
2781 249
2781 250
2783 266
2783 267
2783 268
2783 269
2783 270
2783 271
2783 272
2783 273
2783 274
2783 275
2783 276
2783 277
2783 278
2783 279
2783 280
2783 281
2783 282
2784 242
2784 243
2784 244
2784 245
2784 246
2784 247
2784 248
2784 249
2784 250
2784 251
2784 252
2784 253
2784 254
2784 255
2784 256
2784 257
2786 273
2786 274
2786 275
2786 276
2786 277
2786 278
2786 279
2786 280
2786 281
2786 282
2786 283
2786 284
2786 285
2786 286
2786 287
2787 247
2787 248
2787 249
2787 250
2787 251
2787 252
2787 253
2787 254
2787 255
2787 256
2787 257
2787 258
2787 259
2787 260
2787 261
2787 262
2787 263
2789 279
2789 280
2789 281
2789 282
2789 283
2789 284
2789 285
2789 286
2789 287
2789 288
2789 289
2789 290
2789 291
2790 252
2790 253
2790 254
2790 255
2790 256
2790 257
2790 258
2790 259
2790 260
2790 261
2790 262
2790 263
2790 264
2790 265
2790 266
2790 267
2790 268
2790 269
2791 232
2791 233
2791 234
2791 235
2791 236
2791 237
2791 238
2791 239
2791 240
2792 286
2792 287
2792 288
2792 289
2792 290
2792 291
2792 292
2792 293
2792 294
2792 295
2793 258
2793 259
2793 260
2793 261
2793 262
2793 263
2793 264
2793 265
2793 266
2793 267
2793 268
2793 269
2793 270
2793 271
2793 272
2793 273
2793 274
2794 235
2794 236
2794 237
2794 238
2794 239
2794 240
2794 241
2794 242
2794 243
2794 244
2794 245
2794 246
2794 247
2795 294
2795 295
2795 296
2795 297
2796 264
2796 265
2796 266
2796 267
2796 268
2796 269
2796 270
2796 271
2796 272
2796 273
2796 274
2796 275
2796 276
2796 277
2796 278
2796 279
2796 280
2797 239
2797 240
2797 241
2797 242
2797 243
2797 244
2797 245
2797 246
2797 247
2797 248
2797 249
2797 250
2797 251
2797 252
2797 253
2797 254
2799 270
2799 271
2799 272
2799 273
2799 274
2799 275
2799 276
2799 277
2799 278
2799 279
2799 280
2799 281
2799 282
2799 283
2799 284
2799 285
2800 244
2800 245
2800 246
2800 247
2800 248
2800 249
2800 250
2800 251
2800 252
2800 253
2800 254
2800 255
2800 256
2800 257
2800 258
2800 259
2800 260
2802 276
2802 277
2802 278
2802 279
2802 280
2802 281
2802 282
2802 283
2802 284
2802 285
2802 286
2802 287
2802 288
2802 289
2803 250
2803 251
2803 252
2803 253
2803 254
2803 255
2803 256
2803 257
2803 258
2803 259
2803 260
2803 261
2803 262
2803 263
2803 264
2803 265
2803 266
2804 230
2804 231
2804 232
2804 233
2804 234
2804 235
2804 236
2804 237
2805 282
2805 283
2805 284
2805 285
2805 286
2805 287
2805 288
2805 289
2805 290
2805 291
2805 292
2805 293
2806 255
2806 256
2806 257
2806 258
2806 259
2806 260
2806 261
2806 262
2806 263
2806 264
2806 265
2806 266
2806 267
2806 268
2806 269
2806 270
2806 271
2806 272
2807 233
2807 234
2807 235
2807 236
2807 237
2807 238
2807 239
2807 240
2807 241
2807 242
2807 243
2807 244
2807 245
2808 290
2808 291
2808 292
2808 293
2808 294
2808 295
2808 296
2808 297
2809 261
2809 262
2809 263
2809 264
2809 265
2809 266
2809 267
2809 268
2809 269
2809 270
2809 271
2809 272
2809 273
2809 274
2809 275
2809 276
2809 277
2810 237
2810 238
2810 239
2810 240
2810 241
2810 242
2810 243
2810 244
2810 245
2810 246
2810 247
2810 248
2810 249
2810 250
2810 251
2812 267
2812 268
2812 269
2812 270
2812 271
2812 272
2812 273
2812 274
2812 275
2812 276
2812 277
2812 278
2812 279
2812 280
2812 281
2812 282
2813 242
2813 243
2813 244
2813 245
2813 246
2813 247
2813 248
2813 249
2813 250
2813 251
2813 252
2813 253
2813 254
2813 255
2813 256
2813 257
2813 258
2815 273
2815 274
2815 275
2815 276
2815 277
2815 278
2815 279
2815 280
2815 281
2815 282
2815 283
2815 284
2815 285
2815 286
2815 287
2816 247
2816 248
2816 249
2816 250
2816 251
2816 252
2816 253
2816 254
2816 255
2816 256
2816 257
2816 258
2816 259
2816 260
2816 261
2816 262
2816 263
2816 264
2817 230
2817 231
2817 232
2818 279
2818 280
2818 281
2818 282
2818 283
2818 284
2818 285
2818 286
2818 287
2818 288
2818 289
2818 290
2818 291
2818 292
2819 252
2819 253
2819 254
2819 255
2819 256
2819 257
2819 258
2819 259
2819 260
2819 261
2819 262
2819 263
2819 264
2819 265
2819 266
2819 267
2819 268
2819 269
2819 270
2820 231
2820 232
2820 233
2820 234
2820 235
2820 236
2820 237
2820 238
2820 239
2820 240
2820 241
2821 286
2821 287
2821 288
2821 289
2821 290
2821 291
2821 292
2821 293
2821 294
2821 295
2821 296
2822 258
2822 259
2822 260
2822 261
2822 262
2822 263
2822 264
2822 265
2822 266
2822 267
2822 268
2822 269
2822 270
2822 271
2822 272
2822 273
2822 274
2822 275
2823 235
2823 236
2823 237
2823 238
2823 239
2823 240
2823 241
2823 242
2823 243
2823 244
2823 245
2823 246
2823 247
2823 248
2823 249
2824 294
2824 295
2824 296
2824 297
2824 298
2825 264
2825 265
2825 266
2825 267
2825 268
2825 269
2825 270
2825 271
2825 272
2825 273
2825 274
2825 275
2825 276
2825 277
2825 278
2825 279
2825 280
2826 239
2826 240
2826 241
2826 242
2826 243
2826 244
2826 245
2826 246
2826 247
2826 248
2826 249
2826 250
2826 251
2826 252
2826 253
2826 254
2826 255
2828 270
2828 271
2828 272
2828 273
2828 274
2828 275
2828 276
2828 277
2828 278
2828 279
2828 280
2828 281
2828 282
2828 283
2828 284
2828 285
2829 244
2829 245
2829 246
2829 247
2829 248
2829 249
2829 250
2829 251
2829 252
2829 253
2829 254
2829 255
2829 256
2829 257
2829 258
2829 259
2829 260
2829 261
2831 276
2831 277
2831 278
2831 279
2831 280
2831 281
2831 282
2831 283
2831 284
2831 285
2831 286
2831 287
2831 288
2831 289
2831 290
2832 250
2832 251
2832 252
2832 253
2832 254
2832 255
2832 256
2832 257
2832 258
2832 259
2832 260
2832 261
2832 262
2832 263
2832 264
2832 265
2832 266
2832 267
2833 229
2833 230
2833 231
2833 232
2833 233
2833 234
2833 235
2833 236
2833 237
2833 238
2834 283
2834 284
2834 285
2834 286
2834 287
2834 288
2834 289
2834 290
2834 291
2834 292
2834 293
2834 294
2835 255
2835 256
2835 257
2835 258
2835 259
2835 260
2835 261
2835 262
2835 263
2835 264
2835 265
2835 266
2835 267
2835 268
2835 269
2835 270
2835 271
2835 272
2835 273
2836 233
2836 234
2836 235
2836 236
2836 237
2836 238
2836 239
2836 240
2836 241
2836 242
2836 243
2836 244
2836 245
2836 246
2837 290
2837 291
2837 292
2837 293
2837 294
2837 295
2837 296
2837 297
2838 261
2838 262
2838 263
2838 264
2838 265
2838 266
2838 267
2838 268
2838 269
2838 270
2838 271
2838 272
2838 273
2838 274
2838 275
2838 276
2838 277
2838 278
2839 237
2839 238
2839 239
2839 240
2839 241
2839 242
2839 243
2839 244
2839 245
2839 246
2839 247
2839 248
2839 249
2839 250
2839 251
2839 252
2841 267
2841 268
2841 269
2841 270
2841 271
2841 272
2841 273
2841 274
2841 275
2841 276
2841 277
2841 278
2841 279
2841 280
2841 281
2841 282
2841 283
2842 242
2842 243
2842 244
2842 245
2842 246
2842 247
2842 248
2842 249
2842 250
2842 251
2842 252
2842 253
2842 254
2842 255
2842 256
2842 257
2842 258
2842 259
2844 273
2844 274
2844 275
2844 276
2844 277
2844 278
2844 279
2844 280
2844 281
2844 282
2844 283
2844 284
2844 285
2844 286
2844 287
2844 288
2845 247
2845 248
2845 249
2845 250
2845 251
2845 252
2845 253
2845 254
2845 255
2845 256
2845 257
2845 258
2845 259
2845 260
2845 261
2845 262
2845 263
2845 264
2846 228
2846 229
2846 230
2846 231
2846 232
2846 233
2846 234
2847 280
2847 281
2847 282
2847 283
2847 284
2847 285
2847 286
2847 287
2847 288
2847 289
2847 290
2847 291
2847 292
2848 253
2848 254
2848 255
2848 256
2848 257
2848 258
2848 259
2848 260
2848 261
2848 262
2848 263
2848 264
2848 265
2848 266
2848 267
2848 268
2848 269
2848 270
2849 231
2849 232
2849 233
2849 234
2849 235
2849 236
2849 237
2849 238
2849 239
2849 240
2849 241
2849 242
2850 287
2850 288
2850 289
2850 290
2850 291
2850 292
2850 293
2850 294
2850 295
2850 296
2851 258
2851 259
2851 260
2851 261
2851 262
2851 263
2851 264
2851 265
2851 266
2851 267
2851 268
2851 269
2851 270
2851 271
2851 272
2851 273
2851 274
2851 275
2851 276
2852 235
2852 236
2852 237
2852 238
2852 239
2852 240
2852 241
2852 242
2852 243
2852 244
2852 245
2852 246
2852 247
2852 248
2852 249
2853 295
2853 296
2853 297
2853 298
2854 264
2854 265
2854 266
2854 267
2854 268
2854 269
2854 270
2854 271
2854 272
2854 273
2854 274
2854 275
2854 276
2854 277
2854 278
2854 279
2854 280
2854 281
2855 239
2855 240
2855 241
2855 242
2855 243
2855 244
2855 245
2855 246
2855 247
2855 248
2855 249
2855 250
2855 251
2855 252
2855 253
2855 254
2855 255
2855 256
2857 270
2857 271
2857 272
2857 273
2857 274
2857 275
2857 276
2857 277
2857 278
2857 279
2857 280
2857 281
2857 282
2857 283
2857 284
2857 285
2857 286
2858 245
2858 246
2858 247
2858 248
2858 249
2858 250
2858 251
2858 252
2858 253
2858 254
2858 255
2858 256
2858 257
2858 258
2858 259
2858 260
2858 261
2858 262
2860 277
2860 278
2860 279
2860 280
2860 281
2860 282
2860 283
2860 284
2860 285
2860 286
2860 287
2860 288
2860 289
2860 290
2861 250
2861 251
2861 252
2861 253
2861 254
2861 255
2861 256
2861 257
2861 258
2861 259
2861 260
2861 261
2861 262
2861 263
2861 264
2861 265
2861 266
2861 267
2861 268
2862 229
2862 230
2862 231
2862 232
2862 233
2862 234
2862 235
2862 236
2862 237
2862 238
2862 239
2863 283
2863 284
2863 285
2863 286
2863 287
2863 288
2863 289
2863 290
2863 291
2863 292
2863 293
2863 294
2864 255
2864 256
2864 257
2864 258
2864 259
2864 260
2864 261
2864 262
2864 263
2864 264
2864 265
2864 266
2864 267
2864 268
2864 269
2864 270
2864 271
2864 272
2864 273
2865 233
2865 234
2865 235
2865 236
2865 237
2865 238
2865 239
2865 240
2865 241
2865 242
2865 243
2865 244
2865 245
2865 246
2866 291
2866 292
2866 293
2866 294
2866 295
2866 296
2866 297
2867 261
2867 262
2867 263
2867 264
2867 265
2867 266
2867 267
2867 268
2867 269
2867 270
2867 271
2867 272
2867 273
2867 274
2867 275
2867 276
2867 277
2867 278
2868 237
2868 238
2868 239
2868 240
2868 241
2868 242
2868 243
2868 244
2868 245
2868 246
2868 247
2868 248
2868 249
2868 250
2868 251
2868 252
2868 253
2870 267
2870 268
2870 269
2870 270
2870 271
2870 272
2870 273
2870 274
2870 275
2870 276
2870 277
2870 278
2870 279
2870 280
2870 281
2870 282
2870 283
2871 242
2871 243
2871 244
2871 245
2871 246
2871 247
2871 248
2871 249
2871 250
2871 251
2871 252
2871 253
2871 254
2871 255
2871 256
2871 257
2871 258
2871 259
2873 274
2873 275
2873 276
2873 277
2873 278
2873 279
2873 280
2873 281
2873 282
2873 283
2873 284
2873 285
2873 286
2873 287
2873 288
2874 247
2874 248
2874 249
2874 250
2874 251
2874 252
2874 253
2874 254
2874 255
2874 256
2874 257
2874 258
2874 259
2874 260
2874 261
2874 262
2874 263
2874 264
2874 265
2875 228
2875 229
2875 230
2875 231
2875 232
2875 233
2875 234
2875 235
2876 280
2876 281
2876 282
2876 283
2876 284
2876 285
2876 286
2876 287
2876 288
2876 289
2876 290
2876 291
2876 292
2877 253
2877 254
2877 255
2877 256
2877 257
2877 258
2877 259
2877 260
2877 261
2877 262
2877 263
2877 264
2877 265
2877 266
2877 267
2877 268
2877 269
2877 270
2877 271
2878 231
2878 232
2878 233
2878 234
2878 235
2878 236
2878 237
2878 238
2878 239
2878 240
2878 241
2878 242
2878 243
2879 287
2879 288
2879 289
2879 290
2879 291
2879 292
2879 293
2879 294
2879 295
2879 296
2880 258
2880 259
2880 260
2880 261
2880 262
2880 263
2880 264
2880 265
2880 266
2880 267
2880 268
2880 269
2880 270
2880 271
2880 272
2880 273
2880 274
2880 275
2880 276
2881 235
2881 236
2881 237
2881 238
2881 239
2881 240
2881 241
2881 242
2881 243
2881 244
2881 245
2881 246
2881 247
2881 248
2881 249
2881 250
2883 264
2883 265
2883 266
2883 267
2883 268
2883 269
2883 270
2883 271
2883 272
2883 273
2883 274
2883 275
2883 276
2883 277
2883 278
2883 279
2883 280
2883 281
2884 240
2884 241
2884 242
2884 243
2884 244
2884 245
2884 246
2884 247
2884 248
2884 249
2884 250
2884 251
2884 252
2884 253
2884 254
2884 255
2884 256
2886 271
2886 272
2886 273
2886 274
2886 275
2886 276
2886 277
2886 278
2886 279
2886 280
2886 281
2886 282
2886 283
2886 284
2886 285
2886 286
2887 245
2887 246
2887 247
2887 248
2887 249
2887 250
2887 251
2887 252
2887 253
2887 254
2887 255
2887 256
2887 257
2887 258
2887 259
2887 260
2887 261
2887 262
2888 227
2888 228
2888 229
2888 230
2888 231
2889 277
2889 278
2889 279
2889 280
2889 281
2889 282
2889 283
2889 284
2889 285
2889 286
2889 287
2889 288
2889 289
2889 290
2890 250
2890 251
2890 252
2890 253
2890 254
2890 255
2890 256
2890 257
2890 258
2890 259
2890 260
2890 261
2890 262
2890 263
2890 264
2890 265
2890 266
2890 267
2890 268
2891 229
2891 230
2891 231
2891 232
2891 233
2891 234
2891 235
2891 236
2891 237
2891 238
2891 239
2891 240
2892 284
2892 285
2892 286
2892 287
2892 288
2892 289
2892 290
2892 291
2892 292
2892 293
2892 294
2893 256
2893 257
2893 258
2893 259
2893 260
2893 261
2893 262
2893 263
2893 264
2893 265
2893 266
2893 267
2893 268
2893 269
2893 270
2893 271
2893 272
2893 273
2894 233
2894 234
2894 235
2894 236
2894 237
2894 238
2894 239
2894 240
2894 241
2894 242
2894 243
2894 244
2894 245
2894 246
2894 247
2895 292
2895 293
2895 294
2895 295
2895 296
2895 297
2896 262
2896 263
2896 264
2896 265
2896 266
2896 267
2896 268
2896 269
2896 270
2896 271
2896 272
2896 273
2896 274
2896 275
2896 276
2896 277
2896 278
2896 279
2897 237
2897 238
2897 239
2897 240
2897 241
2897 242
2897 243
2897 244
2897 245
2897 246
2897 247
2897 248
2897 249
2897 250
2897 251
2897 252
2897 253
2899 268
2899 269
2899 270
2899 271
2899 272
2899 273
2899 274
2899 275
2899 276
2899 277
2899 278
2899 279
2899 280
2899 281
2899 282
2899 283
2899 284
2900 242
2900 243
2900 244
2900 245
2900 246
2900 247
2900 248
2900 249
2900 250
2900 251
2900 252
2900 253
2900 254
2900 255
2900 256
2900 257
2900 258
2900 259
2902 274
2902 275
2902 276
2902 277
2902 278
2902 279
2902 280
2902 281
2902 282
2902 283
2902 284
2902 285
2902 286
2902 287
2902 288
2903 247
2903 248
2903 249
2903 250
2903 251
2903 252
2903 253
2903 254
2903 255
2903 256
2903 257
2903 258
2903 259
2903 260
2903 261
2903 262
2903 263
2903 264
2903 265
2904 228
2904 229
2904 230
2904 231
2904 232
2904 233
2904 234
2904 235
2904 236
2905 281
2905 282
2905 283
2905 284
2905 285
2905 286
2905 287
2905 288
2905 289
2905 290
2905 291
2905 292
2906 253
2906 254
2906 255
2906 256
2906 257
2906 258
2906 259
2906 260
2906 261
2906 262
2906 263
2906 264
2906 265
2906 266
2906 267
2906 268
2906 269
2906 270
2906 271
2907 231
2907 232
2907 233
2907 234
2907 235
2907 236
2907 237
2907 238
2907 239
2907 240
2907 241
2907 242
2907 243
2908 288
2908 289
2908 290
2908 291
2908 292
2908 293
2908 294
2908 295
2909 259
2909 260
2909 261
2909 262
2909 263
2909 264
2909 265
2909 266
2909 267
2909 268
2909 269
2909 270
2909 271
2909 272
2909 273
2909 274
2909 275
2909 276
2910 235
2910 236
2910 237
2910 238
2910 239
2910 240
2910 241
2910 242
2910 243
2910 244
2910 245
2910 246
2910 247
2910 248
2910 249
2910 250
2912 265
2912 266
2912 267
2912 268
2912 269
2912 270
2912 271
2912 272
2912 273
2912 274
2912 275
2912 276
2912 277
2912 278
2912 279
2912 280
2912 281
2913 240
2913 241
2913 242
2913 243
2913 244
2913 245
2913 246
2913 247
2913 248
2913 249
2913 250
2913 251
2913 252
2913 253
2913 254
2913 255
2913 256
2915 271
2915 272
2915 273
2915 274
2915 275
2915 276
2915 277
2915 278
2915 279
2915 280
2915 281
2915 282
2915 283
2915 284
2915 285
2915 286
2916 245
2916 246
2916 247
2916 248
2916 249
2916 250
2916 251
2916 252
2916 253
2916 254
2916 255
2916 256
2916 257
2916 258
2916 259
2916 260
2916 261
2916 262
2917 227
2917 228
2917 229
2917 230
2917 231
2918 278
2918 279
2918 280
2918 281
2918 282
2918 283
2918 284
2918 285
2918 286
2918 287
2918 288
2918 289
2918 290
2919 250
2919 251
2919 252
2919 253
2919 254
2919 255
2919 256
2919 257
2919 258
2919 259
2919 260
2919 261
2919 262
2919 263
2919 264
2919 265
2919 266
2919 267
2919 268
2920 229
2920 230
2920 231
2920 232
2920 233
2920 234
2920 235
2920 236
2920 237
2920 238
2920 239
2920 240
2921 285
2921 286
2921 287
2921 288
2921 289
2921 290
2921 291
2921 292
2921 293
2921 294
2922 256
2922 257
2922 258
2922 259
2922 260
2922 261
2922 262
2922 263
2922 264
2922 265
2922 266
2922 267
2922 268
2922 269
2922 270
2922 271
2922 272
2922 273
2923 233
2923 234
2923 235
2923 236
2923 237
2923 238
2923 239
2923 240
2923 241
2923 242
2923 243
2923 244
2923 245
2923 246
2923 247
2925 262
2925 263
2925 264
2925 265
2925 266
2925 267
2925 268
2925 269
2925 270
2925 271
2925 272
2925 273
2925 274
2925 275
2925 276
2925 277
2925 278
2926 237
2926 238
2926 239
2926 240
2926 241
2926 242
2926 243
2926 244
2926 245
2926 246
2926 247
2926 248
2926 249
2926 250
2926 251
2926 252
2926 253
2928 268
2928 269
2928 270
2928 271
2928 272
2928 273
2928 274
2928 275
2928 276
2928 277
2928 278
2928 279
2928 280
2928 281
2928 282
2928 283
2929 242
2929 243
2929 244
2929 245
2929 246
2929 247
2929 248
2929 249
2929 250
2929 251
2929 252
2929 253
2929 254
2929 255
2929 256
2929 257
2929 258
2929 259
2931 275
2931 276
2931 277
2931 278
2931 279
2931 280
2931 281
2931 282
2931 283
2931 284
2931 285
2931 286
2931 287
2931 288
2932 248
2932 249
2932 250
2932 251
2932 252
2932 253
2932 254
2932 255
2932 256
2932 257
2932 258
2932 259
2932 260
2932 261
2932 262
2932 263
2932 264
2932 265
2933 228
2933 229
2933 230
2933 231
2933 232
2933 233
2933 234
2933 235
2933 236
2934 282
2934 283
2934 284
2934 285
2934 286
2934 287
2934 288
2934 289
2934 290
2934 291
2934 292
2935 253
2935 254
2935 255
2935 256
2935 257
2935 258
2935 259
2935 260
2935 261
2935 262
2935 263
2935 264
2935 265
2935 266
2935 267
2935 268
2935 269
2935 270
2935 271
2936 231
2936 232
2936 233
2936 234
2936 235
2936 236
2936 237
2936 238
2936 239
2936 240
2936 241
2936 242
2936 243
2937 290
2937 291
2937 292
2937 293
2937 294
2938 259
2938 260
2938 261
2938 262
2938 263
2938 264
2938 265
2938 266
2938 267
2938 268
2938 269
2938 270
2938 271
2938 272
2938 273
2938 274
2938 275
2938 276
2939 235
2939 236
2939 237
2939 238
2939 239
2939 240
2939 241
2939 242
2939 243
2939 244
2939 245
2939 246
2939 247
2939 248
2939 249
2939 250
2941 265
2941 266
2941 267
2941 268
2941 269
2941 270
2941 271
2941 272
2941 273
2941 274
2941 275
2941 276
2941 277
2941 278
2941 279
2941 280
2941 281
2942 240
2942 241
2942 242
2942 243
2942 244
2942 245
2942 246
2942 247
2942 248
2942 249
2942 250
2942 251
2942 252
2942 253
2942 254
2942 255
2942 256
2944 272
2944 273
2944 274
2944 275
2944 276
2944 277
2944 278
2944 279
2944 280
2944 281
2944 282
2944 283
2944 284
2944 285
2945 245
2945 246
2945 247
2945 248
2945 249
2945 250
2945 251
2945 252
2945 253
2945 254
2945 255
2945 256
2945 257
2945 258
2945 259
2945 260
2945 261
2945 262
2946 227
2946 228
2946 229
2946 230
2946 231
2947 279
2947 280
2947 281
2947 282
2947 283
2947 284
2947 285
2947 286
2947 287
2947 288
2947 289
2947 290
2948 251
2948 252
2948 253
2948 254
2948 255
2948 256
2948 257
2948 258
2948 259
2948 260
2948 261
2948 262
2948 263
2948 264
2948 265
2948 266
2948 267
2948 268
2949 229
2949 230
2949 231
2949 232
2949 233
2949 234
2949 235
2949 236
2949 237
2949 238
2949 239
2949 240
2950 286
2950 287
2950 288
2950 289
2950 290
2950 291
2950 292
2950 293
2951 256
2951 257
2951 258
2951 259
2951 260
2951 261
2951 262
2951 263
2951 264
2951 265
2951 266
2951 267
2951 268
2951 269
2951 270
2951 271
2951 272
2951 273
2952 233
2952 234
2952 235
2952 236
2952 237
2952 238
2952 239
2952 240
2952 241
2952 242
2952 243
2952 244
2952 245
2952 246
2952 247
2954 262
2954 263
2954 264
2954 265
2954 266
2954 267
2954 268
2954 269
2954 270
2954 271
2954 272
2954 273
2954 274
2954 275
2954 276
2954 277
2954 278
2955 238
2955 239
2955 240
2955 241
2955 242
2955 243
2955 244
2955 245
2955 246
2955 247
2955 248
2955 249
2955 250
2955 251
2955 252
2955 253
2957 269
2957 270
2957 271
2957 272
2957 273
2957 274
2957 275
2957 276
2957 277
2957 278
2957 279
2957 280
2957 281
2957 282
2957 283
2958 243
2958 244
2958 245
2958 246
2958 247
2958 248
2958 249
2958 250
2958 251
2958 252
2958 253
2958 254
2958 255
2958 256
2958 257
2958 258
2958 259
2960 275
2960 276
2960 277
2960 278
2960 279
2960 280
2960 281
2960 282
2960 283
2960 284
2960 285
2960 286
2960 287
2961 248
2961 249
2961 250
2961 251
2961 252
2961 253
2961 254
2961 255
2961 256
2961 257
2961 258
2961 259
2961 260
2961 261
2961 262
2961 263
2961 264
2961 265
2962 228
2962 229
2962 230
2962 231
2962 232
2962 233
2962 234
2962 235
2962 236
2963 283
2963 284
2963 285
2963 286
2963 287
2963 288
2963 289
2963 290
2963 291
2964 254
2964 255
2964 256
2964 257
2964 258
2964 259
2964 260
2964 261
2964 262
2964 263
2964 264
2964 265
2964 266
2964 267
2964 268
2964 269
2964 270
2965 231
2965 232
2965 233
2965 234
2965 235
2965 236
2965 237
2965 238
2965 239
2965 240
2965 241
2965 242
2965 243
2967 260
2967 261
2967 262
2967 263
2967 264
2967 265
2967 266
2967 267
2967 268
2967 269
2967 270
2967 271
2967 272
2967 273
2967 274
2967 275
2968 235
2968 236
2968 237
2968 238
2968 239
2968 240
2968 241
2968 242
2968 243
2968 244
2968 245
2968 246
2968 247
2968 248
2968 249
2968 250
2970 266
2970 267
2970 268
2970 269
2970 270
2970 271
2970 272
2970 273
2970 274
2970 275
2970 276
2970 277
2970 278
2970 279
2970 280
2971 240
2971 241
2971 242
2971 243
2971 244
2971 245
2971 246
2971 247
2971 248
2971 249
2971 250
2971 251
2971 252
2971 253
2971 254
2971 255
2971 256
2973 272
2973 273
2973 274
2973 275
2973 276
2973 277
2973 278
2973 279
2973 280
2973 281
2973 282
2973 283
2973 284
2973 285
2974 246
2974 247
2974 248
2974 249
2974 250
2974 251
2974 252
2974 253
2974 254
2974 255
2974 256
2974 257
2974 258
2974 259
2974 260
2974 261
2974 262
2975 229
2976 280
2976 281
2976 282
2976 283
2976 284
2976 285
2976 286
2976 287
2976 288
2977 251
2977 252
2977 253
2977 254
2977 255
2977 256
2977 257
2977 258
2977 259
2977 260
2977 261
2977 262
2977 263
2977 264
2977 265
2977 266
2977 267
2978 230
2978 231
2978 232
2978 233
2978 234
2978 235
2978 236
2978 237
2978 238
2978 239
2980 257
2980 258
2980 259
2980 260
2980 261
2980 262
2980 263
2980 264
2980 265
2980 266
2980 267
2980 268
2980 269
2980 270
2980 271
2980 272
2981 233
2981 234
2981 235
2981 236
2981 237
2981 238
2981 239
2981 240
2981 241
2981 242
2981 243
2981 244
2981 245
2981 246
2983 263
2983 264
2983 265
2983 266
2983 267
2983 268
2983 269
2983 270
2983 271
2983 272
2983 273
2983 274
2983 275
2983 276
2983 277
2984 238
2984 239
2984 240
2984 241
2984 242
2984 243
2984 244
2984 245
2984 246
2984 247
2984 248
2984 249
2984 250
2984 251
2984 252
2986 270
2986 271
2986 272
2986 273
2986 274
2986 275
2986 276
2986 277
2986 278
2986 279
2986 280
2986 281
2986 282
2987 243
2987 244
2987 245
2987 246
2987 247
2987 248
2987 249
2987 250
2987 251
2987 252
2987 253
2987 254
2987 255
2987 256
2987 257
2987 258
2989 277
2989 278
2989 279
2989 280
2989 281
2989 282
2989 283
2989 284
2989 285
2989 286
2990 248
2990 249
2990 250
2990 251
2990 252
2990 253
2990 254
2990 255
2990 256
2990 257
2990 258
2990 259
2990 260
2990 261
2990 262
2990 263
2990 264
2991 229
2991 230
2991 231
2991 232
2991 233
2991 234
2992 285
2992 286
2992 287
2992 288
2993 254
2993 255
2993 256
2993 257
2993 258
2993 259
2993 260
2993 261
2993 262
2993 263
2993 264
2993 265
2993 266
2993 267
2993 268
2993 269
2994 232
2994 233
2994 234
2994 235
2994 236
2994 237
2994 238
2994 239
2994 240
2994 241
2994 242
2996 260
2996 261
2996 262
2996 263
2996 264
2996 265
2996 266
2996 267
2996 268
2996 269
2996 270
2996 271
2996 272
2996 273
2996 274
2996 275
2997 236
2997 237
2997 238
2997 239
2997 240
2997 241
2997 242
2997 243
2997 244
2997 245
2997 246
2997 247
2997 248
2997 249
2999 267
2999 268
2999 269
2999 270
2999 271
2999 272
2999 273
2999 274
2999 275
2999 276
2999 277
2999 278
2999 279
3000 241
3000 242
3000 243
3000 244
3000 245
3000 246
3000 247
3000 248
3000 249
3000 250
3000 251
3000 252
3000 253
3000 254
3000 255
3002 274
3002 275
3002 276
3002 277
3002 278
3002 279
3002 280
3002 281
3002 282
3002 283
3003 246
3003 247
3003 248
3003 249
3003 250
3003 251
3003 252
3003 253
3003 254
3003 255
3003 256
3003 257
3003 258
3003 259
3003 260
3003 261
3005 282
3005 283
3005 284
3005 285
3005 286
3006 252
3006 253
3006 254
3006 255
3006 256
3006 257
3006 258
3006 259
3006 260
3006 261
3006 262
3006 263
3006 264
3006 265
3006 266
3007 230
3007 231
3007 232
3007 233
3007 234
3007 235
3007 236
3007 237
3007 238
3009 257
3009 258
3009 259
3009 260
3009 261
3009 262
3009 263
3009 264
3009 265
3009 266
3009 267
3009 268
3009 269
3009 270
3009 271
3010 234
3010 235
3010 236
3010 237
3010 238
3010 239
3010 240
3010 241
3010 242
3010 243
3010 244
3010 245
3012 264
3012 265
3012 266
3012 267
3012 268
3012 269
3012 270
3012 271
3012 272
3012 273
3012 274
3012 275
3012 276
3013 238
3013 239
3013 240
3013 241
3013 242
3013 243
3013 244
3013 245
3013 246
3013 247
3013 248
3013 249
3013 250
3013 251
3015 271
3015 272
3015 273
3015 274
3015 275
3015 276
3015 277
3015 278
3015 279
3015 280
3015 281
3016 243
3016 244
3016 245
3016 246
3016 247
3016 248
3016 249
3016 250
3016 251
3016 252
3016 253
3016 254
3016 255
3016 256
3016 257
3018 279
3018 280
3018 281
3018 282
3018 283
3018 284
3019 249
3019 250
3019 251
3019 252
3019 253
3019 254
3019 255
3019 256
3019 257
3019 258
3019 259
3019 260
3019 261
3019 262
3019 263
3020 231
3020 232
3022 255
3022 256
3022 257
3022 258
3022 259
3022 260
3022 261
3022 262
3022 263
3022 264
3022 265
3022 266
3022 267
3022 268
3023 232
3023 233
3023 234
3023 235
3023 236
3023 237
3023 238
3023 239
3023 240
3023 241
3025 261
3025 262
3025 263
3025 264
3025 265
3025 266
3025 267
3025 268
3025 269
3025 270
3025 271
3025 272
3025 273
3026 236
3026 237
3026 238
3026 239
3026 240
3026 241
3026 242
3026 243
3026 244
3026 245
3026 246
3026 247
3026 248
3028 268
3028 269
3028 270
3028 271
3028 272
3028 273
3028 274
3028 275
3028 276
3028 277
3028 278
3029 241
3029 242
3029 243
3029 244
3029 245
3029 246
3029 247
3029 248
3029 249
3029 250
3029 251
3029 252
3029 253
3029 254
3031 276
3031 277
3031 278
3031 279
3031 280
3031 281
3032 246
3032 247
3032 248
3032 249
3032 250
3032 251
3032 252
3032 253
3032 254
3032 255
3032 256
3032 257
3032 258
3032 259
3032 260
3035 252
3035 253
3035 254
3035 255
3035 256
3035 257
3035 258
3035 259
3035 260
3035 261
3035 262
3035 263
3035 264
3035 265
3036 232
3036 233
3036 234
3036 235
3036 236
3038 258
3038 259
3038 260
3038 261
3038 262
3038 263
3038 264
3038 265
3038 266
3038 267
3038 268
3038 269
3038 270
3039 235
3039 236
3039 237
3039 238
3039 239
3039 240
3039 241
3039 242
3039 243
3041 265
3041 266
3041 267
3041 268
3041 269
3041 270
3041 271
3041 272
3041 273
3041 274
3042 239
3042 240
3042 241
3042 242
3042 243
3042 244
3042 245
3042 246
3042 247
3042 248
3042 249
3042 250
3044 273
3044 274
3044 275
3044 276
3044 277
3044 278
3045 244
3045 245
3045 246
3045 247
3045 248
3045 249
3045 250
3045 251
3045 252
3045 253
3045 254
3045 255
3045 256
3048 250
3048 251
3048 252
3048 253
3048 254
3048 255
3048 256
3048 257
3048 258
3048 259
3048 260
3048 261
3051 256
3051 257
3051 258
3051 259
3051 260
3051 261
3051 262
3051 263
3051 264
3051 265
3051 266
3052 234
3052 235
3052 236
3052 237
3052 238
3052 239
3054 262
3054 263
3054 264
3054 265
3054 266
3054 267
3054 268
3054 269
3054 270
3054 271
3055 237
3055 238
3055 239
3055 240
3055 241
3055 242
3055 243
3055 244
3055 245
3055 246
3057 270
3057 271
3057 272
3057 273
3057 274
3057 275
3058 242
3058 243
3058 244
3058 245
3058 246
3058 247
3058 248
3058 249
3058 250
3058 251
3058 252
3061 247
3061 248
3061 249
3061 250
3061 251
3061 252
3061 253
3061 254
3061 255
3061 256
3061 257
3061 258
3064 253
3064 254
3064 255
3064 256
3064 257
3064 258
3064 259
3064 260
3064 261
3064 262
3064 263
3067 260
3067 261
3067 262
3067 263
3067 264
3067 265
3067 266
3067 267
3068 236
3068 237
3068 238
3068 239
3068 240
3068 241
3070 267
3070 268
3070 269
3070 270
3070 271
3071 240
3071 241
3071 242
3071 243
3071 244
3071 245
3071 246
3071 247
3071 248
3074 245
3074 246
3074 247
3074 248
3074 249
3074 250
3074 251
3074 252
3074 253
3074 254
3077 251
3077 252
3077 253
3077 254
3077 255
3077 256
3077 257
3077 258
3077 259
3080 257
3080 258
3080 259
3080 260
3080 261
3080 262
3080 263
3080 264
3083 265
3083 266
3084 239
3084 240
3084 241
3084 242
3087 243
3087 244
3087 245
3087 246
3087 247
3087 248
3087 249
3090 249
3090 250
3090 251
3090 252
3090 253
3090 254
3090 255
3093 255
3093 256
3093 257
3093 258
3093 259
3103 248
3103 249
3517 270
3517 271
3517 272
3520 276
3520 277
3530 266
3530 267
3530 268
3530 269
3530 270
3533 272
3533 273
3533 274
3533 275
3533 276
3536 277
3536 278
3536 279
3536 280
3536 281
3539 285
3543 263
3543 264
3543 265
3543 266
3543 267
3546 268
3546 269
3546 270
3546 271
3546 272
3546 273
3546 274
3549 274
3549 275
3549 276
3549 277
3549 278
3549 279
3552 280
3552 281
3552 282
3552 283
3552 284
3552 285
3555 286
3555 287
3555 288
3555 289
3556 261
3556 262
3556 263
3556 264
3559 265
3559 266
3559 267
3559 268
3559 269
3559 270
3559 271
3562 270
3562 271
3562 272
3562 273
3562 274
3562 275
3562 276
3562 277
3565 276
3565 277
3565 278
3565 279
3565 280
3565 281
3565 282
3565 283
3568 282
3568 283
3568 284
3568 285
3568 286
3568 287
3568 288
3571 289
3571 290
3571 291
3571 292
3572 262
3572 263
3572 264
3572 265
3572 266
3572 267
3572 268
3575 267
3575 268
3575 269
3575 270
3575 271
3575 272
3575 273
3575 274
3578 273
3578 274
3578 275
3578 276
3578 277
3578 278
3578 279
3578 280
3581 278
3581 279
3581 280
3581 281
3581 282
3581 283
3581 284
3581 285
3581 286
3584 285
3584 286
3584 287
3584 288
3584 289
3584 290
3584 291
3585 260
3585 261
3585 262
3585 263
3585 264
3587 292
3587 293
3587 294
3587 295
3588 265
3588 266
3588 267
3588 268
3588 269
3588 270
3588 271
3591 270
3591 271
3591 272
3591 273
3591 274
3591 275
3591 276
3591 277
3594 275
3594 276
3594 277
3594 278
3594 279
3594 280
3594 281
3594 282
3594 283
3597 281
3597 282
3597 283
3597 284
3597 285
3597 286
3597 287
3597 288
3597 289
3600 288
3600 289
3600 290
3600 291
3600 292
3600 293
3600 294
3601 262
3601 263
3601 264
3601 265
3601 266
3601 267
3603 295
3603 296
3603 297
3603 298
3604 267
3604 268
3604 269
3604 270
3604 271
3604 272
3604 273
3604 274
3607 272
3607 273
3607 274
3607 275
3607 276
3607 277
3607 278
3607 279
3607 280
3610 278
3610 279
3610 280
3610 281
3610 282
3610 283
3610 284
3610 285
3610 286
3613 284
3613 285
3613 286
3613 287
3613 288
3613 289
3613 290
3613 291
3613 292
3614 261
3614 262
3614 263
3616 291
3616 292
3616 293
3616 294
3616 295
3616 296
3616 297
3617 265
3617 266
3617 267
3617 268
3617 269
3617 270
3617 271
3619 299
3619 300
3620 270
3620 271
3620 272
3620 273
3620 274
3620 275
3620 276
3620 277
3623 275
3623 276
3623 277
3623 278
3623 279
3623 280
3623 281
3623 282
3623 283
3623 284
3626 281
3626 282
3626 283
3626 284
3626 285
3626 286
3626 287
3626 288
3626 289
3629 287
3629 288
3629 289
3629 290
3629 291
3629 292
3629 293
3629 294
3629 295
3630 263
3630 264
3630 265
3630 266
3632 294
3632 295
3632 296
3632 297
3632 298
3632 299
3633 267
3633 268
3633 269
3633 270
3633 271
3633 272
3633 273
3633 274
3636 272
3636 273
3636 274
3636 275
3636 276
3636 277
3636 278
3636 279
3636 280
3639 278
3639 279
3639 280
3639 281
3639 282
3639 283
3639 284
3639 285
3639 286
3639 287
3642 284
3642 285
3642 286
3642 287
3642 288
3642 289
3642 290
3642 291
3642 292
3645 290
3645 291
3645 292
3645 293
3645 294
3645 295
3645 296
3645 297
3646 265
3646 266
3646 267
3646 268
3646 269
3646 270
3648 298
3648 299
3648 300
3648 301
3648 302
3649 270
3649 271
3649 272
3649 273
3649 274
3649 275
3649 276
3649 277
3652 275
3652 276
3652 277
3652 278
3652 279
3652 280
3652 281
3652 282
3652 283
3655 281
3655 282
3655 283
3655 284
3655 285
3655 286
3655 287
3655 288
3655 289
3655 290
3658 287
3658 288
3658 289
3658 290
3658 291
3658 292
3658 293
3658 294
3658 295
3661 294
3661 295
3661 296
3661 297
3661 298
3661 299
3661 300
3662 268
3662 269
3662 270
3662 271
3662 272
3662 273
3664 302
3664 303
3664 304
3665 273
3665 274
3665 275
3665 276
3665 277
3665 278
3665 279
3665 280
3668 278
3668 279
3668 280
3668 281
3668 282
3668 283
3668 284
3668 285
3668 286
3671 284
3671 285
3671 286
3671 287
3671 288
3671 289
3671 290
3671 291
3671 292
3674 291
3674 292
3674 293
3674 294
3674 295
3674 296
3674 297
3674 298
3677 298
3677 299
3677 300
3677 301
3677 302
3677 303
3678 271
3678 272
3678 273
3678 274
3678 275
3678 276
3681 276
3681 277
3681 278
3681 279
3681 280
3681 281
3681 282
3681 283
3684 282
3684 283
3684 284
3684 285
3684 286
3684 287
3684 288
3684 289
3687 288
3687 289
3687 290
3687 291
3687 292
3687 293
3687 294
3687 295
3690 294
3690 295
3690 296
3690 297
3690 298
3690 299
3690 300
3693 302
3693 303
3693 304
3693 305
3694 274
3694 275
3694 276
3694 277
3694 278
3694 279
3697 279
3697 280
3697 281
3697 282
3697 283
3697 284
3697 285
3697 286
3700 285
3700 286
3700 287
3700 288
3700 289
3700 290
3700 291
3700 292
3703 291
3703 292
3703 293
3703 294
3703 295
3703 296
3703 297
3703 298
3706 298
3706 299
3706 300
3706 301
3706 302
3706 303
3710 278
3710 279
3710 280
3710 281
3710 282
3713 283
3713 284
3713 285
3713 286
3713 287
3713 288
3713 289
3716 289
3716 290
3716 291
3716 292
3716 293
3716 294
3716 295
3719 295
3719 296
3719 297
3719 298
3719 299
3719 300
3722 303
3722 304
3726 282
3726 283
3726 284
3729 287
3729 288
3729 289
3729 290
3729 291
3732 293
3732 294
3732 295
3732 296
3732 297
3735 300
3735 301
3735 302
3745 291
3745 292
3745 293
