3463 434
3465 434
3465 435
3467 434
3467 435
3469 434
3469 435
3469 436
3471 434
3471 435
3471 436
3471 437
3473 434
3473 435
3473 436
3473 437
3475 434
3475 435
3475 436
3475 437
3475 438
3477 434
3477 435
3477 436
3477 437
3477 438
3479 435
3479 436
3479 437
3479 438
3479 439
3481 435
3481 436
3481 437
3481 438
3481 439
3483 435
3483 436
3483 437
3483 438
3483 439
3483 440
3485 435
3485 436
3485 437
3485 438
3485 439
3485 440
3487 436
3487 437
3487 438
3487 439
3487 440
3487 441
3489 436
3489 437
3489 438
3489 439
3489 440
3489 441
3491 436
3491 437
3491 438
3491 439
3491 440
3491 441
3491 442
3493 437
3493 438
3493 439
3493 440
3493 441
3493 442
3495 437
3495 438
3495 439
3495 440
3495 441
3495 442
3495 443
3497 437
3497 438
3497 439
3497 440
3497 441
3497 442
3497 443
3499 437
3499 438
3499 439
3499 440
3499 441
3499 442
3499 443
3499 444
3501 438
3501 439
3501 440
3501 441
3501 442
3501 443
3501 444
3503 438
3503 439
3503 440
3503 441
3503 442
3503 443
3503 444
3503 445
3505 438
3505 439
3505 440
3505 441
3505 442
3505 443
3505 444
3505 445
3507 439
3507 440
3507 441
3507 442
3507 443
3507 444
3507 445
3509 439
3509 440
3509 441
3509 442
3509 443
3509 444
3509 445
3509 446
3511 439
3511 440
3511 441
3511 442
3511 443
3511 444
3511 445
3511 446
3513 440
3513 441
3513 442
3513 443
3513 444
3513 445
3513 446
3513 447
3515 440
3515 441
3515 442
3515 443
3515 444
3515 445
3515 446
3515 447
3517 440
3517 441
3517 442
3517 443
3517 444
3517 445
3517 446
3517 447
3517 448
3519 441
3519 442
3519 443
3519 444
3519 445
3519 446
3519 447
3519 448
3521 441
3521 442
3521 443
3521 444
3521 445
3521 446
3521 447
3521 448
3523 441
3523 442
3523 443
3523 444
3523 445
3523 446
3523 447
3523 448
3523 449
3525 442
3525 443
3525 444
3525 445
3525 446
3525 447
3525 448
3525 449
3527 442
3527 443
3527 444
3527 445
3527 446
3527 447
3527 448
3527 449
3527 450
3529 442
3529 443
3529 444
3529 445
3529 446
3529 447
3529 448
3529 449
3529 450
3531 443
3531 444
3531 445
3531 446
3531 447
3531 448
3531 449
3531 450
3531 451
3533 443
3533 444
3533 445
3533 446
3533 447
3533 448
3533 449
3533 450
3533 451
3535 443
3535 444
3535 445
3535 446
3535 447
3535 448
3535 449
3535 450
3535 451
3537 444
3537 445
3537 446
3537 447
3537 448
3537 449
3537 450
3537 451
3537 452
3539 444
3539 445
3539 446
3539 447
3539 448
3539 449
3539 450
3539 451
3539 452
3541 445
3541 446
3541 447
3541 448
3541 449
3541 450
3541 451
3541 452
3541 453
3543 445
3543 446
3543 447
3543 448
3543 449
3543 450
3543 451
3543 452
3543 453
3545 445
3545 446
3545 447
3545 448
3545 449
3545 450
3545 451
3545 452
3545 453
3547 446
3547 447
3547 448
3547 449
3547 450
3547 451
3547 452
3547 453
3547 454
3549 446
3549 447
3549 448
3549 449
3549 450
3549 451
3549 452
3549 453
3549 454
3551 447
3551 448
3551 449
3551 450
3551 451
3551 452
3551 453
3551 454
3553 447
3553 448
3553 449
3553 450
3553 451
3553 452
3553 453
3553 454
3553 455
3555 447
3555 448
3555 449
3555 450
3555 451
3555 452
3555 453
3555 454
3555 455
3557 448
3557 449
3557 450
3557 451
3557 452
3557 453
3557 454
3557 455
3557 456
3559 448
3559 449
3559 450
3559 451
3559 452
3559 453
3559 454
3559 455
3559 456
3561 449
3561 450
3561 451
3561 452
3561 453
3561 454
3561 455
3561 456
3563 449
3563 450
3563 451
3563 452
3563 453
3563 454
3563 455
3563 456
3563 457
3565 449
3565 450
3565 451
3565 452
3565 453
3565 454
3565 455
3565 456
3565 457
3567 450
3567 451
3567 452
3567 453
3567 454
3567 455
3567 456
3567 457
3569 450
3569 451
3569 452
3569 453
3569 454
3569 455
3569 456
3569 457
3569 458
3571 451
3571 452
3571 453
3571 454
3571 455
3571 456
3571 457
3571 458
3573 451
3573 452
3573 453
3573 454
3573 455
3573 456
3573 457
3573 458
3573 459
3575 451
3575 452
3575 453
3575 454
3575 455
3575 456
3575 457
3575 458
3575 459
3577 452
3577 453
3577 454
3577 455
3577 456
3577 457
3577 458
3577 459
3579 452
3579 453
3579 454
3579 455
3579 456
3579 457
3579 458
3579 459
3579 460
3581 453
3581 454
3581 455
3581 456
3581 457
3581 458
3581 459
3581 460
3583 453
3583 454
3583 455
3583 456
3583 457
3583 458
3583 459
3583 460
3585 454
3585 455
3585 456
3585 457
3585 458
3585 459
3585 460
3585 461
3587 454
3587 455
3587 456
3587 457
3587 458
3587 459
3587 460
3587 461
3589 455
3589 456
3589 457
3589 458
3589 459
3589 460
3589 461
3591 455
3591 456
3591 457
3591 458
3591 459
3591 460
3591 461
3591 462
3593 455
3593 456
3593 457
3593 458
3593 459
3593 460
3593 461
3593 462
3595 456
3595 457
3595 458
3595 459
3595 460
3595 461
3595 462
3597 456
3597 457
3597 458
3597 459
3597 460
3597 461
3597 462
3599 457
3599 458
3599 459
3599 460
3599 461
3599 462
3599 463
3601 457
3601 458
3601 459
3601 460
3601 461
3601 462
3601 463
3603 458
3603 459
3603 460
3603 461
3603 462
3603 463
3605 458
3605 459
3605 460
3605 461
3605 462
3605 463
3605 464
3607 459
3607 460
3607 461
3607 462
3607 463
3607 464
3609 459
3609 460
3609 461
3609 462
3609 463
3609 464
3611 460
3611 461
3611 462
3611 463
3611 464
3613 461
3613 462
3613 463
3613 464
3613 465
3615 461
3615 462
3615 463
3615 464
3615 465
3617 462
3617 463
3617 464
3617 465
3619 462
3619 463
3619 464
3619 465
3621 463
3621 464
3621 465
3623 464
3623 465
3625 465
3653 125
3655 124
3655 125
3655 126
3657 124
3657 125
3657 126
3657 127
3659 124
3659 125
3659 126
3659 127
3659 128
3661 124
3661 125
3661 126
3661 127
3661 128
3661 129
3663 125
3663 126
3663 127
3663 128
3663 129
3665 125
3665 126
3665 127
3665 128
3665 129
3665 130
3667 125
3667 126
3667 127
3667 128
3667 129
3667 130
3667 131
3669 125
3669 126
3669 127
3669 128
3669 129
3669 130
3669 131
3671 125
3671 126
3671 127
3671 128
3671 129
3671 130
3671 131
3671 132
3673 126
3673 127
3673 128
3673 129
3673 130
3673 131
3673 132
3675 126
3675 127
3675 128
3675 129
3675 130
3675 131
3675 132
3675 133
3677 126
3677 127
3677 128
3677 129
3677 130
3677 131
3677 132
3677 133
3677 134
3679 126
3679 127
3679 128
3679 129
3679 130
3679 131
3679 132
3679 133
3679 134
3681 127
3681 128
3681 129
3681 130
3681 131
3681 132
3681 133
3681 134
3681 135
3683 127
3683 128
3683 129
3683 130
3683 131
3683 132
3683 133
3683 134
3683 135
3685 127
3685 128
3685 129
3685 130
3685 131
3685 132
3685 133
3685 134
3685 135
3685 136
3687 128
3687 129
3687 130
3687 131
3687 132
3687 133
3687 134
3687 135
3687 136
3689 128
3689 129
3689 130
3689 131
3689 132
3689 133
3689 134
3689 135
3689 136
3689 137
3691 128
3691 129
3691 130
3691 131
3691 132
3691 133
3691 134
3691 135
3691 136
3691 137
3693 129
3693 130
3693 131
3693 132
3693 133
3693 134
3693 135
3693 136
3693 137
3693 138
3695 129
3695 130
3695 131
3695 132
3695 133
3695 134
3695 135
3695 136
3695 137
3695 138
3697 129
3697 130
3697 131
3697 132
3697 133
3697 134
3697 135
3697 136
3697 137
3697 138
3697 139
3699 130
3699 131
3699 132
3699 133
3699 134
3699 135
3699 136
3699 137
3699 138
3699 139
3701 130
3701 131
3701 132
3701 133
3701 134
3701 135
3701 136
3701 137
3701 138
3701 139
3701 140
3703 130
3703 131
3703 132
3703 133
3703 134
3703 135
3703 136
3703 137
3703 138
3703 139
3703 140
3705 131
3705 132
3705 133
3705 134
3705 135
3705 136
3705 137
3705 138
3705 139
3705 140
3705 141
3707 131
3707 132
3707 133
3707 134
3707 135
3707 136
3707 137
3707 138
3707 139
3707 140
3707 141
3709 131
3709 132
3709 133
3709 134
3709 135
3709 136
3709 137
3709 138
3709 139
3709 140
3709 141
3709 142
3711 132
3711 133
3711 134
3711 135
3711 136
3711 137
3711 138
3711 139
3711 140
3711 141
3711 142
3713 132
3713 133
3713 134
3713 135
3713 136
3713 137
3713 138
3713 139
3713 140
3713 141
3713 142
3713 143
3715 132
3715 133
3715 134
3715 135
3715 136
3715 137
3715 138
3715 139
3715 140
3715 141
3715 142
3715 143
3717 133
3717 134
3717 135
3717 136
3717 137
3717 138
3717 139
3717 140
3717 141
3717 142
3717 143
3717 144
3719 133
3719 134
3719 135
3719 136
3719 137
3719 138
3719 139
3719 140
3719 141
3719 142
3719 143
3719 144
3721 133
3721 134
3721 135
3721 136
3721 137
3721 138
3721 139
3721 140
3721 141
3721 142
3721 143
3721 144
3721 145
3723 134
3723 135
3723 136
3723 137
3723 138
3723 139
3723 140
3723 141
3723 142
3723 143
3723 144
3723 145
3725 134
3725 135
3725 136
3725 137
3725 138
3725 139
3725 140
3725 141
3725 142
3725 143
3725 144
3725 145
3727 134
3727 135
3727 136
3727 137
3727 138
3727 139
3727 140
3727 141
3727 142
3727 143
3727 144
3727 145
3727 146
3729 135
3729 136
3729 137
3729 138
3729 139
3729 140
3729 141
3729 142
3729 143
3729 144
3729 145
3729 146
3731 135
3731 136
3731 137
3731 138
3731 139
3731 140
3731 141
3731 142
3731 143
3731 144
3731 145
3731 146
3731 147
3732 105
3732 106
3733 136
3733 137
3733 138
3733 139
3733 140
3733 141
3733 142
3733 143
3733 144
3733 145
3733 146
3733 147
3734 105
3734 106
3734 107
3735 136
3735 137
3735 138
3735 139
3735 140
3735 141
3735 142
3735 143
3735 144
3735 145
3735 146
3735 147
3735 148
3736 105
3736 106
3736 107
3736 108
3737 136
3737 137
3737 138
3737 139
3737 140
3737 141
3737 142
3737 143
3737 144
3737 145
3737 146
3737 147
3737 148
3738 105
3738 106
3738 107
3738 108
3739 137
3739 138
3739 139
3739 140
3739 141
3739 142
3739 143
3739 144
3739 145
3739 146
3739 147
3739 148
3739 149
3740 105
3740 106
3740 107
3740 108
3740 109
3741 137
3741 138
3741 139
3741 140
3741 141
3741 142
3741 143
3741 144
3741 145
3741 146
3741 147
3741 148
3741 149
3742 105
3742 106
3742 107
3742 108
3742 109
3742 110
3743 137
3743 138
3743 139
3743 140
3743 141
3743 142
3743 143
3743 144
3743 145
3743 146
3743 147
3743 148
3743 149
3744 105
3744 106
3744 107
3744 108
3744 109
3744 110
3745 138
3745 139
3745 140
3745 141
3745 142
3745 143
3745 144
3745 145
3745 146
3745 147
3745 148
3745 149
3745 150
3746 105
3746 106
3746 107
3746 108
3746 109
3746 110
3746 111
3747 138
3747 139
3747 140
3747 141
3747 142
3747 143
3747 144
3747 145
3747 146
3747 147
3747 148
3747 149
3747 150
3748 105
3748 106
3748 107
3748 108
3748 109
3748 110
3748 111
3748 112
3749 139
3749 140
3749 141
3749 142
3749 143
3749 144
3749 145
3749 146
3749 147
3749 148
3749 149
3749 150
3749 151
3750 106
3750 107
3750 108
3750 109
3750 110
3750 111
3750 112
3751 139
3751 140
3751 141
3751 142
3751 143
3751 144
3751 145
3751 146
3751 147
3751 148
3751 149
3751 150
3751 151
3752 106
3752 107
3752 108
3752 109
3752 110
3752 111
3752 112
3752 113
3753 139
3753 140
3753 141
3753 142
3753 143
3753 144
3753 145
3753 146
3753 147
3753 148
3753 149
3753 150
3753 151
3753 152
3754 106
3754 107
3754 108
3754 109
3754 110
3754 111
3754 112
3754 113
3754 114
3755 140
3755 141
3755 142
3755 143
3755 144
3755 145
3755 146
3755 147
3755 148
3755 149
3755 150
3755 151
3755 152
3756 106
3756 107
3756 108
3756 109
3756 110
3756 111
3756 112
3756 113
3756 114
3757 140
3757 141
3757 142
3757 143
3757 144
3757 145
3757 146
3757 147
3757 148
3757 149
3757 150
3757 151
3757 152
3758 107
3758 108
3758 109
3758 110
3758 111
3758 112
3758 113
3758 114
3758 115
3759 141
3759 142
3759 143
3759 144
3759 145
3759 146
3759 147
3759 148
3759 149
3759 150
3759 151
3759 152
3759 153
3760 107
3760 108
3760 109
3760 110
3760 111
3760 112
3760 113
3760 114
3760 115
3761 141
3761 142
3761 143
3761 144
3761 145
3761 146
3761 147
3761 148
3761 149
3761 150
3761 151
3761 152
3761 153
3762 107
3762 108
3762 109
3762 110
3762 111
3762 112
3762 113
3762 114
3762 115
3762 116
3763 141
3763 142
3763 143
3763 144
3763 145
3763 146
3763 147
3763 148
3763 149
3763 150
3763 151
3763 152
3763 153
3763 154
3764 107
3764 108
3764 109
3764 110
3764 111
3764 112
3764 113
3764 114
3764 115
3764 116
3765 142
3765 143
3765 144
3765 145
3765 146
3765 147
3765 148
3765 149
3765 150
3765 151
3765 152
3765 153
3765 154
3766 108
3766 109
3766 110
3766 111
3766 112
3766 113
3766 114
3766 115
3766 116
3766 117
3767 142
3767 143
3767 144
3767 145
3767 146
3767 147
3767 148
3767 149
3767 150
3767 151
3767 152
3767 153
3767 154
3768 108
3768 109
3768 110
3768 111
3768 112
3768 113
3768 114
3768 115
3768 116
3768 117
3769 143
3769 144
3769 145
3769 146
3769 147
3769 148
3769 149
3769 150
3769 151
3769 152
3769 153
3769 154
3769 155
3770 108
3770 109
3770 110
3770 111
3770 112
3770 113
3770 114
3770 115
3770 116
3770 117
3770 118
3771 143
3771 144
3771 145
3771 146
3771 147
3771 148
3771 149
3771 150
3771 151
3771 152
3771 153
3771 154
3771 155
3772 108
3772 109
3772 110
3772 111
3772 112
3772 113
3772 114
3772 115
3772 116
3772 117
3772 118
3773 143
3773 144
3773 145
3773 146
3773 147
3773 148
3773 149
3773 150
3773 151
3773 152
3773 153
3773 154
3773 155
3773 156
3774 109
3774 110
3774 111
3774 112
3774 113
3774 114
3774 115
3774 116
3774 117
3774 118
3774 119
3775 144
3775 145
3775 146
3775 147
3775 148
3775 149
3775 150
3775 151
3775 152
3775 153
3775 154
3775 155
3775 156
3776 109
3776 110
3776 111
3776 112
3776 113
3776 114
3776 115
3776 116
3776 117
3776 118
3776 119
3777 144
3777 145
3777 146
3777 147
3777 148
3777 149
3777 150
3777 151
3777 152
3777 153
3777 154
3777 155
3777 156
3778 109
3778 110
3778 111
3778 112
3778 113
3778 114
3778 115
3778 116
3778 117
3778 118
3778 119
3778 120
3779 145
3779 146
3779 147
3779 148
3779 149
3779 150
3779 151
3779 152
3779 153
3779 154
3779 155
3779 156
3779 157
3780 110
3780 111
3780 112
3780 113
3780 114
3780 115
3780 116
3780 117
3780 118
3780 119
3780 120
3781 145
3781 146
3781 147
3781 148
3781 149
3781 150
3781 151
3781 152
3781 153
3781 154
3781 155
3781 156
3781 157
3782 110
3782 111
3782 112
3782 113
3782 114
3782 115
3782 116
3782 117
3782 118
3782 119
3782 120
3782 121
3783 146
3783 147
3783 148
3783 149
3783 150
3783 151
3783 152
3783 153
3783 154
3783 155
3783 156
3783 157
3784 110
3784 111
3784 112
3784 113
3784 114
3784 115
3784 116
3784 117
3784 118
3784 119
3784 120
3784 121
3785 146
3785 147
3785 148
3785 149
3785 150
3785 151
3785 152
3785 153
3785 154
3785 155
3785 156
3785 157
3785 158
3786 111
3786 112
3786 113
3786 114
3786 115
3786 116
3786 117
3786 118
3786 119
3786 120
3786 121
3786 122
3787 146
3787 147
3787 148
3787 149
3787 150
3787 151
3787 152
3787 153
3787 154
3787 155
3787 156
3787 157
3787 158
3788 111
3788 112
3788 113
3788 114
3788 115
3788 116
3788 117
3788 118
3788 119
3788 120
3788 121
3788 122
3789 147
3789 148
3789 149
3789 150
3789 151
3789 152
3789 153
3789 154
3789 155
3789 156
3789 157
3789 158
3789 159
3790 111
3790 112
3790 113
3790 114
3790 115
3790 116
3790 117
3790 118
3790 119
3790 120
3790 121
3790 122
3790 123
3791 147
3791 148
3791 149
3791 150
3791 151
3791 152
3791 153
3791 154
3791 155
3791 156
3791 157
3791 158
3791 159
3792 112
3792 113
3792 114
3792 115
3792 116
3792 117
3792 118
3792 119
3792 120
3792 121
3792 122
3792 123
3793 148
3793 149
3793 150
3793 151
3793 152
3793 153
3793 154
3793 155
3793 156
3793 157
3793 158
3793 159
3794 112
3794 113
3794 114
3794 115
3794 116
3794 117
3794 118
3794 119
3794 120
3794 121
3794 122
3794 123
3794 124
3795 148
3795 149
3795 150
3795 151
3795 152
3795 153
3795 154
3795 155
3795 156
3795 157
3795 158
3795 159
3795 160
3796 112
3796 113
3796 114
3796 115
3796 116
3796 117
3796 118
3796 119
3796 120
3796 121
3796 122
3796 123
3796 124
3797 149
3797 150
3797 151
3797 152
3797 153
3797 154
3797 155
3797 156
3797 157
3797 158
3797 159
3797 160
3798 112
3798 113
3798 114
3798 115
3798 116
3798 117
3798 118
3798 119
3798 120
3798 121
3798 122
3798 123
3798 124
3798 125
3799 149
3799 150
3799 151
3799 152
3799 153
3799 154
3799 155
3799 156
3799 157
3799 158
3799 159
3799 160
3800 113
3800 114
3800 115
3800 116
3800 117
3800 118
3800 119
3800 120
3800 121
3800 122
3800 123
3800 124
3800 125
3801 149
3801 150
3801 151
3801 152
3801 153
3801 154
3801 155
3801 156
3801 157
3801 158
3801 159
3801 160
3801 161
3802 113
3802 114
3802 115
3802 116
3802 117
3802 118
3802 119
3802 120
3802 121
3802 122
3802 123
3802 124
3802 125
3802 126
3803 150
3803 151
3803 152
3803 153
3803 154
3803 155
3803 156
3803 157
3803 158
3803 159
3803 160
3803 161
3804 113
3804 114
3804 115
3804 116
3804 117
3804 118
3804 119
3804 120
3804 121
3804 122
3804 123
3804 124
3804 125
3804 126
3805 150
3805 151
3805 152
3805 153
3805 154
3805 155
3805 156
3805 157
3805 158
3805 159
3805 160
3805 161
3806 114
3806 115
3806 116
3806 117
3806 118
3806 119
3806 120
3806 121
3806 122
3806 123
3806 124
3806 125
3806 126
3806 127
3807 151
3807 152
3807 153
3807 154
3807 155
3807 156
3807 157
3807 158
3807 159
3807 160
3807 161
3807 162
3808 114
3808 115
3808 116
3808 117
3808 118
3808 119
3808 120
3808 121
3808 122
3808 123
3808 124
3808 125
3808 126
3808 127
3809 151
3809 152
3809 153
3809 154
3809 155
3809 156
3809 157
3809 158
3809 159
3809 160
3809 161
3809 162
3810 115
3810 116
3810 117
3810 118
3810 119
3810 120
3810 121
3810 122
3810 123
3810 124
3810 125
3810 126
3810 127
3811 152
3811 153
3811 154
3811 155
3811 156
3811 157
3811 158
3811 159
3811 160
3811 161
3811 162
3812 115
3812 116
3812 117
3812 118
3812 119
3812 120
3812 121
3812 122
3812 123
3812 124
3812 125
3812 126
3812 127
3812 128
3813 152
3813 153
3813 154
3813 155
3813 156
3813 157
3813 158
3813 159
3813 160
3813 161
3813 162
3813 163
3814 115
3814 116
3814 117
3814 118
3814 119
3814 120
3814 121
3814 122
3814 123
3814 124
3814 125
3814 126
3814 127
3814 128
3815 153
3815 154
3815 155
3815 156
3815 157
3815 158
3815 159
3815 160
3815 161
3815 162
3815 163
3816 116
3816 117
3816 118
3816 119
3816 120
3816 121
3816 122
3816 123
3816 124
3816 125
3816 126
3816 127
3816 128
3816 129
3817 153
3817 154
3817 155
3817 156
3817 157
3817 158
3817 159
3817 160
3817 161
3817 162
3817 163
3818 116
3818 117
3818 118
3818 119
3818 120
3818 121
3818 122
3818 123
3818 124
3818 125
3818 126
3818 127
3818 128
3818 129
3819 154
3819 155
3819 156
3819 157
3819 158
3819 159
3819 160
3819 161
3819 162
3819 163
3819 164
3820 116
3820 117
3820 118
3820 119
3820 120
3820 121
3820 122
3820 123
3820 124
3820 125
3820 126
3820 127
3820 128
3820 129
3820 130
3821 154
3821 155
3821 156
3821 157
3821 158
3821 159
3821 160
3821 161
3821 162
3821 163
3821 164
3822 117
3822 118
3822 119
3822 120
3822 121
3822 122
3822 123
3822 124
3822 125
3822 126
3822 127
3822 128
3822 129
3822 130
3823 154
3823 155
3823 156
3823 157
3823 158
3823 159
3823 160
3823 161
3823 162
3823 163
3823 164
3824 117
3824 118
3824 119
3824 120
3824 121
3824 122
3824 123
3824 124
3824 125
3824 126
3824 127
3824 128
3824 129
3824 130
3824 131
3825 155
3825 156
3825 157
3825 158
3825 159
3825 160
3825 161
3825 162
3825 163
3825 164
3825 165
3826 117
3826 118
3826 119
3826 120
3826 121
3826 122
3826 123
3826 124
3826 125
3826 126
3826 127
3826 128
3826 129
3826 130
3826 131
3827 155
3827 156
3827 157
3827 158
3827 159
3827 160
3827 161
3827 162
3827 163
3827 164
3827 165
3828 118
3828 119
3828 120
3828 121
3828 122
3828 123
3828 124
3828 125
3828 126
3828 127
3828 128
3828 129
3828 130
3828 131
3829 156
3829 157
3829 158
3829 159
3829 160
3829 161
3829 162
3829 163
3829 164
3829 165
3830 118
3830 119
3830 120
3830 121
3830 122
3830 123
3830 124
3830 125
3830 126
3830 127
3830 128
3830 129
3830 130
3830 131
3830 132
3831 156
3831 157
3831 158
3831 159
3831 160
3831 161
3831 162
3831 163
3831 164
3831 165
3831 166
3832 118
3832 119
3832 120
3832 121
3832 122
3832 123
3832 124
3832 125
3832 126
3832 127
3832 128
3832 129
3832 130
3832 131
3832 132
3833 157
3833 158
3833 159
3833 160
3833 161
3833 162
3833 163
3833 164
3833 165
3833 166
3834 119
3834 120
3834 121
3834 122
3834 123
3834 124
3834 125
3834 126
3834 127
3834 128
3834 129
3834 130
3834 131
3834 132
3834 133
3835 157
3835 158
3835 159
3835 160
3835 161
3835 162
3835 163
3835 164
3835 165
3835 166
3836 119
3836 120
3836 121
3836 122
3836 123
3836 124
3836 125
3836 126
3836 127
3836 128
3836 129
3836 130
3836 131
3836 132
3836 133
3837 158
3837 159
3837 160
3837 161
3837 162
3837 163
3837 164
3837 165
3837 166
3837 167
3838 119
3838 120
3838 121
3838 122
3838 123
3838 124
3838 125
3838 126
3838 127
3838 128
3838 129
3838 130
3838 131
3838 132
3838 133
3838 134
3839 158
3839 159
3839 160
3839 161
3839 162
3839 163
3839 164
3839 165
3839 166
3839 167
3840 120
3840 121
3840 122
3840 123
3840 124
3840 125
3840 126
3840 127
3840 128
3840 129
3840 130
3840 131
3840 132
3840 133
3840 134
3841 159
3841 160
3841 161
3841 162
3841 163
3841 164
3841 165
3841 166
3841 167
3842 120
3842 121
3842 122
3842 123
3842 124
3842 125
3842 126
3842 127
3842 128
3842 129
3842 130
3842 131
3842 132
3842 133
3842 134
3843 159
3843 160
3843 161
3843 162
3843 163
3843 164
3843 165
3843 166
3843 167
3844 121
3844 122
3844 123
3844 124
3844 125
3844 126
3844 127
3844 128
3844 129
3844 130
3844 131
3844 132
3844 133
3844 134
3844 135
3845 160
3845 161
3845 162
3845 163
3845 164
3845 165
3845 166
3845 167
3845 168
3846 121
3846 122
3846 123
3846 124
3846 125
3846 126
3846 127
3846 128
3846 129
3846 130
3846 131
3846 132
3846 133
3846 134
3846 135
3847 161
3847 162
3847 163
3847 164
3847 165
3847 166
3847 167
3847 168
3848 121
3848 122
3848 123
3848 124
3848 125
3848 126
3848 127
3848 128
3848 129
3848 130
3848 131
3848 132
3848 133
3848 134
3848 135
3848 136
3849 161
3849 162
3849 163
3849 164
3849 165
3849 166
3849 167
3849 168
3850 122
3850 123
3850 124
3850 125
3850 126
3850 127
3850 128
3850 129
3850 130
3850 131
3850 132
3850 133
3850 134
3850 135
3850 136
3851 162
3851 163
3851 164
3851 165
3851 166
3851 167
3851 168
3852 122
3852 123
3852 124
3852 125
3852 126
3852 127
3852 128
3852 129
3852 130
3852 131
3852 132
3852 133
3852 134
3852 135
3852 136
3852 137
3853 162
3853 163
3853 164
3853 165
3853 166
3853 167
3853 168
3853 169
3854 122
3854 123
3854 124
3854 125
3854 126
3854 127
3854 128
3854 129
3854 130
3854 131
3854 132
3854 133
3854 134
3854 135
3854 136
3854 137
3855 163
3855 164
3855 165
3855 166
3855 167
3855 168
3855 169
3856 123
3856 124
3856 125
3856 126
3856 127
3856 128
3856 129
3856 130
3856 131
3856 132
3856 133
3856 134
3856 135
3856 136
3856 137
3857 163
3857 164
3857 165
3857 166
3857 167
3857 168
3857 169
3858 123
3858 124
3858 125
3858 126
3858 127
3858 128
3858 129
3858 130
3858 131
3858 132
3858 133
3858 134
3858 135
3858 136
3858 137
3858 138
3859 164
3859 165
3859 166
3859 167
3859 168
3859 169
3860 124
3860 125
3860 126
3860 127
3860 128
3860 129
3860 130
3860 131
3860 132
3860 133
3860 134
3860 135
3860 136
3860 137
3860 138
3861 165
3861 166
3861 167
3861 168
3861 169
3862 124
3862 125
3862 126
3862 127
3862 128
3862 129
3862 130
3862 131
3862 132
3862 133
3862 134
3862 135
3862 136
3862 137
3862 138
3862 139
3863 165
3863 166
3863 167
3863 168
3863 169
3863 170
3864 124
3864 125
3864 126
3864 127
3864 128
3864 129
3864 130
3864 131
3864 132
3864 133
3864 134
3864 135
3864 136
3864 137
3864 138
3864 139
3865 166
3865 167
3865 168
3865 169
3865 170
3866 125
3866 126
3866 127
3866 128
3866 129
3866 130
3866 131
3866 132
3866 133
3866 134
3866 135
3866 136
3866 137
3866 138
3866 139
3867 167
3867 168
3867 169
3867 170
3868 125
3868 126
3868 127
3868 128
3868 129
3868 130
3868 131
3868 132
3868 133
3868 134
3868 135
3868 136
3868 137
3868 138
3868 139
3868 140
3869 167
3869 168
3869 169
3869 170
3870 126
3870 127
3870 128
3870 129
3870 130
3870 131
3870 132
3870 133
3870 134
3870 135
3870 136
3870 137
3870 138
3870 139
3870 140
3871 168
3871 169
3872 126
3872 127
3872 128
3872 129
3872 130
3872 131
3872 132
3872 133
3872 134
3872 135
3872 136
3872 137
3872 138
3872 139
3872 140
3872 141
3874 126
3874 127
3874 128
3874 129
3874 130
3874 131
3874 132
3874 133
3874 134
3874 135
3874 136
3874 137
3874 138
3874 139
3874 140
3874 141
3876 127
3876 128
3876 129
3876 130
3876 131
3876 132
3876 133
3876 134
3876 135
3876 136
3876 137
3876 138
3876 139
3876 140
3876 141
3878 127
3878 128
3878 129
3878 130
3878 131
3878 132
3878 133
3878 134
3878 135
3878 136
3878 137
3878 138
3878 139
3878 140
3878 141
3878 142
3880 128
3880 129
3880 130
3880 131
3880 132
3880 133
3880 134
3880 135
3880 136
3880 137
3880 138
3880 139
3880 140
3880 141
3880 142
3882 128
3882 129
3882 130
3882 131
3882 132
3882 133
3882 134
3882 135
3882 136
3882 137
3882 138
3882 139
3882 140
3882 141
3882 142
3882 143
3884 128
3884 129
3884 130
3884 131
3884 132
3884 133
3884 134
3884 135
3884 136
3884 137
3884 138
3884 139
3884 140
3884 141
3884 142
3884 143
3886 129
3886 130
3886 131
3886 132
3886 133
3886 134
3886 135
3886 136
3886 137
3886 138
3886 139
3886 140
3886 141
3886 142
3886 143
3888 129
3888 130
3888 131
3888 132
3888 133
3888 134
3888 135
3888 136
3888 137
3888 138
3888 139
3888 140
3888 141
3888 142
3888 143
3888 144
3890 130
3890 131
3890 132
3890 133
3890 134
3890 135
3890 136
3890 137
3890 138
3890 139
3890 140
3890 141
3890 142
3890 143
3890 144
3892 130
3892 131
3892 132
3892 133
3892 134
3892 135
3892 136
3892 137
3892 138
3892 139
3892 140
3892 141
3892 142
3892 143
3892 144
3892 145
3894 130
3894 131
3894 132
3894 133
3894 134
3894 135
3894 136
3894 137
3894 138
3894 139
3894 140
3894 141
3894 142
3894 143
3894 144
3894 145
3896 131
3896 132
3896 133
3896 134
3896 135
3896 136
3896 137
3896 138
3896 139
3896 140
3896 141
3896 142
3896 143
3896 144
3896 145
3898 131
3898 132
3898 133
3898 134
3898 135
3898 136
3898 137
3898 138
3898 139
3898 140
3898 141
3898 142
3898 143
3898 144
3898 145
3898 146
3900 132
3900 133
3900 134
3900 135
3900 136
3900 137
3900 138
3900 139
3900 140
3900 141
3900 142
3900 143
3900 144
3900 145
3900 146
3902 132
3902 133
3902 134
3902 135
3902 136
3902 137
3902 138
3902 139
3902 140
3902 141
3902 142
3902 143
3902 144
3902 145
3902 146
3902 147
3904 132
3904 133
3904 134
3904 135
3904 136
3904 137
3904 138
3904 139
3904 140
3904 141
3904 142
3904 143
3904 144
3904 145
3904 146
3904 147
3906 133
3906 134
3906 135
3906 136
3906 137
3906 138
3906 139
3906 140
3906 141
3906 142
3906 143
3906 144
3906 145
3906 146
3906 147
3908 133
3908 134
3908 135
3908 136
3908 137
3908 138
3908 139
3908 140
3908 141
3908 142
3908 143
3908 144
3908 145
3908 146
3908 147
3908 148
3910 134
3910 135
3910 136
3910 137
3910 138
3910 139
3910 140
3910 141
3910 142
3910 143
3910 144
3910 145
3910 146
3910 147
3910 148
3912 134
3912 135
3912 136
3912 137
3912 138
3912 139
3912 140
3912 141
3912 142
3912 143
3912 144
3912 145
3912 146
3912 147
3912 148
3914 135
3914 136
3914 137
3914 138
3914 139
3914 140
3914 141
3914 142
3914 143
3914 144
3914 145
3914 146
3914 147
3914 148
3914 149
3916 135
3916 136
3916 137
3916 138
3916 139
3916 140
3916 141
3916 142
3916 143
3916 144
3916 145
3916 146
3916 147
3916 148
3916 149
3918 135
3918 136
3918 137
3918 138
3918 139
3918 140
3918 141
3918 142
3918 143
3918 144
3918 145
3918 146
3918 147
3918 148
3918 149
3918 150
3920 136
3920 137
3920 138
3920 139
3920 140
3920 141
3920 142
3920 143
3920 144
3920 145
3920 146
3920 147
3920 148
3920 149
3920 150
3922 136
3922 137
3922 138
3922 139
3922 140
3922 141
3922 142
3922 143
3922 144
3922 145
3922 146
3922 147
3922 148
3922 149
3922 150
3924 137
3924 138
3924 139
3924 140
3924 141
3924 142
3924 143
3924 144
3924 145
3924 146
3924 147
3924 148
3924 149
3924 150
3924 151
3926 137
3926 138
3926 139
3926 140
3926 141
3926 142
3926 143
3926 144
3926 145
3926 146
3926 147
3926 148
3926 149
3926 150
3926 151
3928 138
3928 139
3928 140
3928 141
3928 142
3928 143
3928 144
3928 145
3928 146
3928 147
3928 148
3928 149
3928 150
3928 151
3930 138
3930 139
3930 140
3930 141
3930 142
3930 143
3930 144
3930 145
3930 146
3930 147
3930 148
3930 149
3930 150
3930 151
3930 152
3932 138
3932 139
3932 140
3932 141
3932 142
3932 143
3932 144
3932 145
3932 146
3932 147
3932 148
3932 149
3932 150
3932 151
3932 152
3934 139
3934 140
3934 141
3934 142
3934 143
3934 144
3934 145
3934 146
3934 147
3934 148
3934 149
3934 150
3934 151
3934 152
3936 139
3936 140
3936 141
3936 142
3936 143
3936 144
3936 145
3936 146
3936 147
3936 148
3936 149
3936 150
3936 151
3936 152
3936 153
3938 140
3938 141
3938 142
3938 143
3938 144
3938 145
3938 146
3938 147
3938 148
3938 149
3938 150
3938 151
3938 152
3938 153
3940 140
3940 141
3940 142
3940 143
3940 144
3940 145
3940 146
3940 147
3940 148
3940 149
3940 150
3940 151
3940 152
3940 153
3942 141
3942 142
3942 143
3942 144
3942 145
3942 146
3942 147
3942 148
3942 149
3942 150
3942 151
3942 152
3942 153
3942 154
3944 141
3944 142
3944 143
3944 144
3944 145
3944 146
3944 147
3944 148
3944 149
3944 150
3944 151
3944 152
3944 153
3944 154
3946 142
3946 143
3946 144
3946 145
3946 146
3946 147
3946 148
3946 149
3946 150
3946 151
3946 152
3946 153
3946 154
3948 142
3948 143
3948 144
3948 145
3948 146
3948 147
3948 148
3948 149
3948 150
3948 151
3948 152
3948 153
3948 154
3948 155
3950 143
3950 144
3950 145
3950 146
3950 147
3950 148
3950 149
3950 150
3950 151
3950 152
3950 153
3950 154
3950 155
3952 143
3952 144
3952 145
3952 146
3952 147
3952 148
3952 149
3952 150
3952 151
3952 152
3952 153
3952 154
3952 155
3954 143
3954 144
3954 145
3954 146
3954 147
3954 148
3954 149
3954 150
3954 151
3954 152
3954 153
3954 154
3954 155
3954 156
3956 144
3956 145
3956 146
3956 147
3956 148
3956 149
3956 150
3956 151
3956 152
3956 153
3956 154
3956 155
3956 156
3958 144
3958 145
3958 146
3958 147
3958 148
3958 149
3958 150
3958 151
3958 152
3958 153
3958 154
3958 155
3958 156
3960 145
3960 146
3960 147
3960 148
3960 149
3960 150
3960 151
3960 152
3960 153
3960 154
3960 155
3960 156
3960 157
3962 145
3962 146
3962 147
3962 148
3962 149
3962 150
3962 151
3962 152
3962 153
3962 154
3962 155
3962 156
3962 157
3964 146
3964 147
3964 148
3964 149
3964 150
3964 151
3964 152
3964 153
3964 154
3964 155
3964 156
3964 157
3966 146
3966 147
3966 148
3966 149
3966 150
3966 151
3966 152
3966 153
3966 154
3966 155
3966 156
3966 157
3966 158
3968 147
3968 148
3968 149
3968 150
3968 151
3968 152
3968 153
3968 154
3968 155
3968 156
3968 157
3968 158
3970 147
3970 148
3970 149
3970 150
3970 151
3970 152
3970 153
3970 154
3970 155
3970 156
3970 157
3970 158
3972 148
3972 149
3972 150
3972 151
3972 152
3972 153
3972 154
3972 155
3972 156
3972 157
3972 158
3972 159
3974 148
3974 149
3974 150
3974 151
3974 152
3974 153
3974 154
3974 155
3974 156
3974 157
3974 158
3974 159
3976 149
3976 150
3976 151
3976 152
3976 153
3976 154
3976 155
3976 156
3976 157
3976 158
3976 159
3978 149
3978 150
3978 151
3978 152
3978 153
3978 154
3978 155
3978 156
3978 157
3978 158
3978 159
3980 150
3980 151
3980 152
3980 153
3980 154
3980 155
3980 156
3980 157
3980 158
3980 159
3980 160
3982 150
3982 151
3982 152
3982 153
3982 154
3982 155
3982 156
3982 157
3982 158
3982 159
3982 160
3984 151
3984 152
3984 153
3984 154
3984 155
3984 156
3984 157
3984 158
3984 159
3984 160
3986 152
3986 153
3986 154
3986 155
3986 156
3986 157
3986 158
3986 159
3986 160
3988 152
3988 153
3988 154
3988 155
3988 156
3988 157
3988 158
3988 159
3988 160
3988 161
3990 153
3990 154
3990 155
3990 156
3990 157
3990 158
3990 159
3990 160
3990 161
3992 153
3992 154
3992 155
3992 156
3992 157
3992 158
3992 159
3992 160
3992 161
3994 154
3994 155
3994 156
3994 157
3994 158
3994 159
3994 160
3994 161
3996 154
3996 155
3996 156
3996 157
3996 158
3996 159
3996 160
3996 161
3996 162
3998 155
3998 156
3998 157
3998 158
3998 159
3998 160
3998 161
3998 162
4000 156
4000 157
4000 158
4000 159
4000 160
4000 161
4000 162
4002 156
4002 157
4002 158
4002 159
4002 160
4002 161
4002 162
4004 157
4004 158
4004 159
4004 160
4004 161
4004 162
4006 158
4006 159
4006 160
4006 161
4006 162
4008 159
4008 160
4008 161
4008 162
4010 159
4010 160
4010 161
4010 162
4012 160
4012 161
4012 162
