1567 225
1567 226
1568 215
1568 216
1568 217
1575 220
1575 221
1575 222
1575 223
1575 224
1576 211
1576 212
1576 213
1576 214
1576 215
1582 227
1582 228
1582 229
1582 230
1582 231
1583 217
1583 218
1583 219
1583 220
1583 221
1583 222
1584 208
1584 209
1584 210
1584 211
1584 212
1589 234
1589 235
1589 236
1590 223
1590 224
1590 225
1590 226
1590 227
1590 228
1591 213
1591 214
1591 215
1591 216
1591 217
1591 218
1591 219
1592 204
1592 205
1592 206
1592 207
1592 208
1592 209
1597 229
1597 230
1597 231
1597 232
1597 233
1597 234
1597 235
1598 219
1598 220
1598 221
1598 222
1598 223
1598 224
1598 225
1598 226
1599 210
1599 211
1599 212
1599 213
1599 214
1599 215
1599 216
1600 201
1600 202
1600 203
1600 204
1600 205
1600 206
1604 236
1604 237
1604 238
1604 239
1604 240
1605 225
1605 226
1605 227
1605 228
1605 229
1605 230
1605 231
1605 232
1606 216
1606 217
1606 218
1606 219
1606 220
1606 221
1606 222
1606 223
1607 206
1607 207
1607 208
1607 209
1607 210
1607 211
1607 212
1607 213
1608 199
1608 200
1608 201
1608 202
1612 232
1612 233
1612 234
1612 235
1612 236
1612 237
1612 238
1613 222
1613 223
1613 224
1613 225
1613 226
1613 227
1613 228
1613 229
1613 230
1614 212
1614 213
1614 214
1614 215
1614 216
1614 217
1614 218
1614 219
1614 220
1614 221
1615 203
1615 204
1615 205
1615 206
1615 207
1615 208
1615 209
1615 210
1616 196
1616 197
1616 198
1619 239
1619 240
1619 241
1619 242
1619 243
1619 244
1620 228
1620 229
1620 230
1620 231
1620 232
1620 233
1620 234
1620 235
1620 236
1621 218
1621 219
1621 220
1621 221
1621 222
1621 223
1621 224
1621 225
1621 226
1621 227
1622 209
1622 210
1622 211
1622 212
1622 213
1622 214
1622 215
1622 216
1622 217
1622 218
1623 200
1623 201
1623 202
1623 203
1623 204
1623 205
1623 206
1623 207
1627 235
1627 236
1627 237
1627 238
1627 239
1627 240
1627 241
1627 242
1628 225
1628 226
1628 227
1628 228
1628 229
1628 230
1628 231
1628 232
1628 233
1628 234
1629 215
1629 216
1629 217
1629 218
1629 219
1629 220
1629 221
1629 222
1629 223
1629 224
1630 206
1630 207
1630 208
1630 209
1630 210
1630 211
1630 212
1630 213
1630 214
1630 215
1631 197
1631 198
1631 199
1631 200
1631 201
1631 202
1631 203
1631 204
1634 243
1634 244
1634 245
1634 246
1634 247
1635 232
1635 233
1635 234
1635 235
1635 236
1635 237
1635 238
1635 239
1635 240
1636 221
1636 222
1636 223
1636 224
1636 225
1636 226
1636 227
1636 228
1636 229
1636 230
1636 231
1637 212
1637 213
1637 214
1637 215
1637 216
1637 217
1637 218
1637 219
1637 220
1637 221
1637 222
1638 203
1638 204
1638 205
1638 206
1638 207
1638 208
1638 209
1638 210
1638 211
1639 195
1639 196
1639 197
1639 198
1639 199
1639 200
1642 239
1642 240
1642 241
1642 242
1642 243
1642 244
1642 245
1643 228
1643 229
1643 230
1643 231
1643 232
1643 233
1643 234
1643 235
1643 236
1643 237
1644 218
1644 219
1644 220
1644 221
1644 222
1644 223
1644 224
1644 225
1644 226
1644 227
1644 228
1645 209
1645 210
1645 211
1645 212
1645 213
1645 214
1645 215
1645 216
1645 217
1645 218
1645 219
1646 200
1646 201
1646 202
1646 203
1646 204
1646 205
1646 206
1646 207
1646 208
1647 192
1647 193
1647 194
1647 195
1647 196
1649 246
1649 247
1649 248
1649 249
1649 250
1650 235
1650 236
1650 237
1650 238
1650 239
1650 240
1650 241
1650 242
1650 243
1651 224
1651 225
1651 226
1651 227
1651 228
1651 229
1651 230
1651 231
1651 232
1651 233
1651 234
1651 235
1652 215
1652 216
1652 217
1652 218
1652 219
1652 220
1652 221
1652 222
1652 223
1652 224
1652 225
1653 205
1653 206
1653 207
1653 208
1653 209
1653 210
1653 211
1653 212
1653 213
1653 214
1653 215
1654 197
1654 198
1654 199
1654 200
1654 201
1654 202
1654 203
1654 204
1654 205
1655 191
1655 192
1657 242
1657 243
1657 244
1657 245
1657 246
1657 247
1657 248
1657 249
1658 231
1658 232
1658 233
1658 234
1658 235
1658 236
1658 237
1658 238
1658 239
1658 240
1658 241
1659 221
1659 222
1659 223
1659 224
1659 225
1659 226
1659 227
1659 228
1659 229
1659 230
1659 231
1659 232
1660 212
1660 213
1660 214
1660 215
1660 216
1660 217
1660 218
1660 219
1660 220
1660 221
1660 222
1661 202
1661 203
1661 204
1661 205
1661 206
1661 207
1661 208
1661 209
1661 210
1661 211
1661 212
1662 194
1662 195
1662 196
1662 197
1662 198
1662 199
1662 200
1662 201
1664 250
1664 251
1664 252
1664 253
1665 238
1665 239
1665 240
1665 241
1665 242
1665 243
1665 244
1665 245
1665 246
1666 228
1666 229
1666 230
1666 231
1666 232
1666 233
1666 234
1666 235
1666 236
1666 237
1666 238
1667 218
1667 219
1667 220
1667 221
1667 222
1667 223
1667 224
1667 225
1667 226
1667 227
1667 228
1667 229
1668 208
1668 209
1668 210
1668 211
1668 212
1668 213
1668 214
1668 215
1668 216
1668 217
1668 218
1668 219
1669 200
1669 201
1669 202
1669 203
1669 204
1669 205
1669 206
1669 207
1669 208
1669 209
1670 192
1670 193
1670 194
1670 195
1670 196
1670 197
1670 198
1672 246
1672 247
1672 248
1672 249
1672 250
1672 251
1672 252
1673 235
1673 236
1673 237
1673 238
1673 239
1673 240
1673 241
1673 242
1673 243
1673 244
1674 224
1674 225
1674 226
1674 227
1674 228
1674 229
1674 230
1674 231
1674 232
1674 233
1674 234
1674 235
1675 215
1675 216
1675 217
1675 218
1675 219
1675 220
1675 221
1675 222
1675 223
1675 224
1675 225
1675 226
1676 205
1676 206
1676 207
1676 208
1676 209
1676 210
1676 211
1676 212
1676 213
1676 214
1676 215
1676 216
1677 197
1677 198
1677 199
1677 200
1677 201
1677 202
1677 203
1677 204
1677 205
1677 206
1678 190
1678 191
1678 192
1678 193
1678 194
1679 255
1680 242
1680 243
1680 244
1680 245
1680 246
1680 247
1680 248
1680 249
1680 250
1681 231
1681 232
1681 233
1681 234
1681 235
1681 236
1681 237
1681 238
1681 239
1681 240
1681 241
1682 221
1682 222
1682 223
1682 224
1682 225
1682 226
1682 227
1682 228
1682 229
1682 230
1682 231
1682 232
1682 233
1683 212
1683 213
1683 214
1683 215
1683 216
1683 217
1683 218
1683 219
1683 220
1683 221
1683 222
1683 223
1684 202
1684 203
1684 204
1684 205
1684 206
1684 207
1684 208
1684 209
1684 210
1684 211
1684 212
1684 213
1685 194
1685 195
1685 196
1685 197
1685 198
1685 199
1685 200
1685 201
1685 202
1687 250
1687 251
1687 252
1687 253
1687 254
1687 255
1688 238
1688 239
1688 240
1688 241
1688 242
1688 243
1688 244
1688 245
1688 246
1688 247
1689 228
1689 229
1689 230
1689 231
1689 232
1689 233
1689 234
1689 235
1689 236
1689 237
1689 238
1689 239
1690 218
1690 219
1690 220
1690 221
1690 222
1690 223
1690 224
1690 225
1690 226
1690 227
1690 228
1690 229
1690 230
1691 208
1691 209
1691 210
1691 211
1691 212
1691 213
1691 214
1691 215
1691 216
1691 217
1691 218
1691 219
1691 220
1692 200
1692 201
1692 202
1692 203
1692 204
1692 205
1692 206
1692 207
1692 208
1692 209
1692 210
1693 192
1693 193
1693 194
1693 195
1693 196
1693 197
1693 198
1693 199
1695 246
1695 247
1695 248
1695 249
1695 250
1695 251
1695 252
1695 253
1696 235
1696 236
1696 237
1696 238
1696 239
1696 240
1696 241
1696 242
1696 243
1696 244
1696 245
1697 224
1697 225
1697 226
1697 227
1697 228
1697 229
1697 230
1697 231
1697 232
1697 233
1697 234
1697 235
1697 236
1698 215
1698 216
1698 217
1698 218
1698 219
1698 220
1698 221
1698 222
1698 223
1698 224
1698 225
1698 226
1698 227
1699 205
1699 206
1699 207
1699 208
1699 209
1699 210
1699 211
1699 212
1699 213
1699 214
1699 215
1699 216
1699 217
1700 197
1700 198
1700 199
1700 200
1700 201
1700 202
1700 203
1700 204
1700 205
1700 206
1701 189
1701 190
1701 191
1701 192
1701 193
1701 194
1701 195
1702 254
1702 255
1702 256
1702 257
1703 242
1703 243
1703 244
1703 245
1703 246
1703 247
1703 248
1703 249
1703 250
1704 231
1704 232
1704 233
1704 234
1704 235
1704 236
1704 237
1704 238
1704 239
1704 240
1704 241
1704 242
1705 221
1705 222
1705 223
1705 224
1705 225
1705 226
1705 227
1705 228
1705 229
1705 230
1705 231
1705 232
1705 233
1706 212
1706 213
1706 214
1706 215
1706 216
1706 217
1706 218
1706 219
1706 220
1706 221
1706 222
1706 223
1706 224
1707 203
1707 204
1707 205
1707 206
1707 207
1707 208
1707 209
1707 210
1707 211
1707 212
1707 213
1707 214
1708 194
1708 195
1708 196
1708 197
1708 198
1708 199
1708 200
1708 201
1708 202
1708 203
1709 188
1709 189
1709 190
1710 250
1710 251
1710 252
1710 253
1710 254
1710 255
1710 256
1711 238
1711 239
1711 240
1711 241
1711 242
1711 243
1711 244
1711 245
1711 246
1711 247
1711 248
1712 228
1712 229
1712 230
1712 231
1712 232
1712 233
1712 234
1712 235
1712 236
1712 237
1712 238
1712 239
1713 218
1713 219
1713 220
1713 221
1713 222
1713 223
1713 224
1713 225
1713 226
1713 227
1713 228
1713 229
1713 230
1714 209
1714 210
1714 211
1714 212
1714 213
1714 214
1714 215
1714 216
1714 217
1714 218
1714 219
1714 220
1714 221
1715 200
1715 201
1715 202
1715 203
1715 204
1715 205
1715 206
1715 207
1715 208
1715 209
1715 210
1716 192
1716 193
1716 194
1716 195
1716 196
1716 197
1716 198
1716 199
1718 246
1718 247
1718 248
1718 249
1718 250
1718 251
1718 252
1718 253
1719 235
1719 236
1719 237
1719 238
1719 239
1719 240
1719 241
1719 242
1719 243
1719 244
1719 245
1720 225
1720 226
1720 227
1720 228
1720 229
1720 230
1720 231
1720 232
1720 233
1720 234
1720 235
1720 236
1720 237
1721 215
1721 216
1721 217
1721 218
1721 219
1721 220
1721 221
1721 222
1721 223
1721 224
1721 225
1721 226
1721 227
1722 206
1722 207
1722 208
1722 209
1722 210
1722 211
1722 212
1722 213
1722 214
1722 215
1722 216
1722 217
1723 197
1723 198
1723 199
1723 200
1723 201
1723 202
1723 203
1723 204
1723 205
1723 206
1723 207
1724 189
1724 190
1724 191
1724 192
1724 193
1724 194
1724 195
1725 254
1725 255
1725 256
1725 257
1725 258
1726 242
1726 243
1726 244
1726 245
1726 246
1726 247
1726 248
1726 249
1726 250
1726 251
1727 232
1727 233
1727 234
1727 235
1727 236
1727 237
1727 238
1727 239
1727 240
1727 241
1727 242
1727 243
1728 222
1728 223
1728 224
1728 225
1728 226
1728 227
1728 228
1728 229
1728 230
1728 231
1728 232
1728 233
1728 234
1729 212
1729 213
1729 214
1729 215
1729 216
1729 217
1729 218
1729 219
1729 220
1729 221
1729 222
1729 223
1729 224
1730 203
1730 204
1730 205
1730 206
1730 207
1730 208
1730 209
1730 210
1730 211
1730 212
1730 213
1730 214
1731 194
1731 195
1731 196
1731 197
1731 198
1731 199
1731 200
1731 201
1731 202
1731 203
1732 188
1732 189
1732 190
1732 191
1733 250
1733 251
1733 252
1733 253
1733 254
1733 255
1733 256
1734 239
1734 240
1734 241
1734 242
1734 243
1734 244
1734 245
1734 246
1734 247
1734 248
1734 249
1735 228
1735 229
1735 230
1735 231
1735 232
1735 233
1735 234
1735 235
1735 236
1735 237
1735 238
1735 239
1735 240
1736 218
1736 219
1736 220
1736 221
1736 222
1736 223
1736 224
1736 225
1736 226
1736 227
1736 228
1736 229
1736 230
1736 231
1737 209
1737 210
1737 211
1737 212
1737 213
1737 214
1737 215
1737 216
1737 217
1737 218
1737 219
1737 220
1737 221
1738 200
1738 201
1738 202
1738 203
1738 204
1738 205
1738 206
1738 207
1738 208
1738 209
1738 210
1738 211
1739 192
1739 193
1739 194
1739 195
1739 196
1739 197
1739 198
1739 199
1739 200
1741 246
1741 247
1741 248
1741 249
1741 250
1741 251
1741 252
1741 253
1741 254
1742 235
1742 236
1742 237
1742 238
1742 239
1742 240
1742 241
1742 242
1742 243
1742 244
1742 245
1742 246
1743 225
1743 226
1743 227
1743 228
1743 229
1743 230
1743 231
1743 232
1743 233
1743 234
1743 235
1743 236
1743 237
1744 215
1744 216
1744 217
1744 218
1744 219
1744 220
1744 221
1744 222
1744 223
1744 224
1744 225
1744 226
1744 227
1744 228
1745 206
1745 207
1745 208
1745 209
1745 210
1745 211
1745 212
1745 213
1745 214
1745 215
1745 216
1745 217
1745 218
1746 197
1746 198
1746 199
1746 200
1746 201
1746 202
1746 203
1746 204
1746 205
1746 206
1746 207
1747 190
1747 191
1747 192
1747 193
1747 194
1747 195
1747 196
1748 255
1748 256
1748 257
1748 258
1748 259
1749 243
1749 244
1749 245
1749 246
1749 247
1749 248
1749 249
1749 250
1749 251
1749 252
1750 232
1750 233
1750 234
1750 235
1750 236
1750 237
1750 238
1750 239
1750 240
1750 241
1750 242
1750 243
1751 222
1751 223
1751 224
1751 225
1751 226
1751 227
1751 228
1751 229
1751 230
1751 231
1751 232
1751 233
1751 234
1752 212
1752 213
1752 214
1752 215
1752 216
1752 217
1752 218
1752 219
1752 220
1752 221
1752 222
1752 223
1752 224
1752 225
1753 203
1753 204
1753 205
1753 206
1753 207
1753 208
1753 209
1753 210
1753 211
1753 212
1753 213
1753 214
1753 215
1754 195
1754 196
1754 197
1754 198
1754 199
1754 200
1754 201
1754 202
1754 203
1754 204
1755 188
1755 189
1755 190
1755 191
1756 250
1756 251
1756 252
1756 253
1756 254
1756 255
1756 256
1756 257
1757 239
1757 240
1757 241
1757 242
1757 243
1757 244
1757 245
1757 246
1757 247
1757 248
1757 249
1758 229
1758 230
1758 231
1758 232
1758 233
1758 234
1758 235
1758 236
1758 237
1758 238
1758 239
1758 240
1759 219
1759 220
1759 221
1759 222
1759 223
1759 224
1759 225
1759 226
1759 227
1759 228
1759 229
1759 230
1759 231
1760 209
1760 210
1760 211
1760 212
1760 213
1760 214
1760 215
1760 216
1760 217
1760 218
1760 219
1760 220
1760 221
1761 200
1761 201
1761 202
1761 203
1761 204
1761 205
1761 206
1761 207
1761 208
1761 209
1761 210
1761 211
1762 192
1762 193
1762 194
1762 195
1762 196
1762 197
1762 198
1762 199
1762 200
1764 247
1764 248
1764 249
1764 250
1764 251
1764 252
1764 253
1764 254
1764 255
1765 236
1765 237
1765 238
1765 239
1765 240
1765 241
1765 242
1765 243
1765 244
1765 245
1765 246
1766 226
1766 227
1766 228
1766 229
1766 230
1766 231
1766 232
1766 233
1766 234
1766 235
1766 236
1766 237
1766 238
1767 216
1767 217
1767 218
1767 219
1767 220
1767 221
1767 222
1767 223
1767 224
1767 225
1767 226
1767 227
1767 228
1768 207
1768 208
1768 209
1768 210
1768 211
1768 212
1768 213
1768 214
1768 215
1768 216
1768 217
1768 218
1769 198
1769 199
1769 200
1769 201
1769 202
1769 203
1769 204
1769 205
1769 206
1769 207
1769 208
1770 190
1770 191
1770 192
1770 193
1770 194
1770 195
1770 196
1771 255
1771 256
1771 257
1771 258
1771 259
1772 243
1772 244
1772 245
1772 246
1772 247
1772 248
1772 249
1772 250
1772 251
1772 252
1773 233
1773 234
1773 235
1773 236
1773 237
1773 238
1773 239
1773 240
1773 241
1773 242
1773 243
1773 244
1774 223
1774 224
1774 225
1774 226
1774 227
1774 228
1774 229
1774 230
1774 231
1774 232
1774 233
1774 234
1774 235
1775 213
1775 214
1775 215
1775 216
1775 217
1775 218
1775 219
1775 220
1775 221
1775 222
1775 223
1775 224
1775 225
1776 204
1776 205
1776 206
1776 207
1776 208
1776 209
1776 210
1776 211
1776 212
1776 213
1776 214
1776 215
1777 195
1777 196
1777 197
1777 198
1777 199
1777 200
1777 201
1777 202
1777 203
1777 204
1778 189
1778 190
1778 191
1779 251
1779 252
1779 253
1779 254
1779 255
1779 256
1779 257
1780 240
1780 241
1780 242
1780 243
1780 244
1780 245
1780 246
1780 247
1780 248
1780 249
1781 229
1781 230
1781 231
1781 232
1781 233
1781 234
1781 235
1781 236
1781 237
1781 238
1781 239
1781 240
1781 241
1782 220
1782 221
1782 222
1782 223
1782 224
1782 225
1782 226
1782 227
1782 228
1782 229
1782 230
1782 231
1783 210
1783 211
1783 212
1783 213
1783 214
1783 215
1783 216
1783 217
1783 218
1783 219
1783 220
1783 221
1783 222
1784 201
1784 202
1784 203
1784 204
1784 205
1784 206
1784 207
1784 208
1784 209
1784 210
1784 211
1785 193
1785 194
1785 195
1785 196
1785 197
1785 198
1785 199
1785 200
1787 248
1787 249
1787 250
1787 251
1787 252
1787 253
1787 254
1787 255
1788 237
1788 238
1788 239
1788 240
1788 241
1788 242
1788 243
1788 244
1788 245
1788 246
1788 247
1789 226
1789 227
1789 228
1789 229
1789 230
1789 231
1789 232
1789 233
1789 234
1789 235
1789 236
1789 237
1789 238
1790 217
1790 218
1790 219
1790 220
1790 221
1790 222
1790 223
1790 224
1790 225
1790 226
1790 227
1790 228
1791 207
1791 208
1791 209
1791 210
1791 211
1791 212
1791 213
1791 214
1791 215
1791 216
1791 217
1791 218
1792 199
1792 200
1792 201
1792 202
1792 203
1792 204
1792 205
1792 206
1792 207
1792 208
1793 191
1793 192
1793 193
1793 194
1793 195
1793 196
1794 257
1794 258
1794 259
1795 244
1795 245
1795 246
1795 247
1795 248
1795 249
1795 250
1795 251
1795 252
1796 233
1796 234
1796 235
1796 236
1796 237
1796 238
1796 239
1796 240
1796 241
1796 242
1796 243
1796 244
1797 223
1797 224
1797 225
1797 226
1797 227
1797 228
1797 229
1797 230
1797 231
1797 232
1797 233
1797 234
1797 235
1798 214
1798 215
1798 216
1798 217
1798 218
1798 219
1798 220
1798 221
1798 222
1798 223
1798 224
1798 225
1799 205
1799 206
1799 207
1799 208
1799 209
1799 210
1799 211
1799 212
1799 213
1799 214
1799 215
1800 196
1800 197
1800 198
1800 199
1800 200
1800 201
1800 202
1800 203
1800 204
1802 253
1802 254
1802 255
1802 256
1802 257
1803 241
1803 242
1803 243
1803 244
1803 245
1803 246
1803 247
1803 248
1803 249
1803 250
1804 230
1804 231
1804 232
1804 233
1804 234
1804 235
1804 236
1804 237
1804 238
1804 239
1804 240
1804 241
1805 220
1805 221
1805 222
1805 223
1805 224
1805 225
1805 226
1805 227
1805 228
1805 229
1805 230
1805 231
1805 232
1806 211
1806 212
1806 213
1806 214
1806 215
1806 216
1806 217
1806 218
1806 219
1806 220
1806 221
1806 222
1807 202
1807 203
1807 204
1807 205
1807 206
1807 207
1807 208
1807 209
1807 210
1807 211
1808 194
1808 195
1808 196
1808 197
1808 198
1808 199
1808 200
1810 249
1810 250
1810 251
1810 252
1810 253
1810 254
1810 255
1811 238
1811 239
1811 240
1811 241
1811 242
1811 243
1811 244
1811 245
1811 246
1811 247
1812 227
1812 228
1812 229
1812 230
1812 231
1812 232
1812 233
1812 234
1812 235
1812 236
1812 237
1812 238
1813 217
1813 218
1813 219
1813 220
1813 221
1813 222
1813 223
1813 224
1813 225
1813 226
1813 227
1813 228
1814 208
1814 209
1814 210
1814 211
1814 212
1814 213
1814 214
1814 215
1814 216
1814 217
1814 218
1815 199
1815 200
1815 201
1815 202
1815 203
1815 204
1815 205
1815 206
1815 207
1815 208
1816 193
1816 194
1816 195
1818 245
1818 246
1818 247
1818 248
1818 249
1818 250
1818 251
1818 252
1819 234
1819 235
1819 236
1819 237
1819 238
1819 239
1819 240
1819 241
1819 242
1819 243
1819 244
1820 224
1820 225
1820 226
1820 227
1820 228
1820 229
1820 230
1820 231
1820 232
1820 233
1820 234
1820 235
1821 215
1821 216
1821 217
1821 218
1821 219
1821 220
1821 221
1821 222
1821 223
1821 224
1821 225
1822 205
1822 206
1822 207
1822 208
1822 209
1822 210
1822 211
1822 212
1822 213
1822 214
1822 215
1823 197
1823 198
1823 199
1823 200
1823 201
1823 202
1823 203
1823 204
1825 255
1825 256
1826 242
1826 243
1826 244
1826 245
1826 246
1826 247
1826 248
1826 249
1826 250
1827 231
1827 232
1827 233
1827 234
1827 235
1827 236
1827 237
1827 238
1827 239
1827 240
1827 241
1828 221
1828 222
1828 223
1828 224
1828 225
1828 226
1828 227
1828 228
1828 229
1828 230
1828 231
1828 232
1829 212
1829 213
1829 214
1829 215
1829 216
1829 217
1829 218
1829 219
1829 220
1829 221
1829 222
1830 203
1830 204
1830 205
1830 206
1830 207
1830 208
1830 209
1830 210
1830 211
1831 195
1831 196
1831 197
1831 198
1831 199
1833 251
1833 252
1833 253
1833 254
1834 239
1834 240
1834 241
1834 242
1834 243
1834 244
1834 245
1834 246
1834 247
1835 228
1835 229
1835 230
1835 231
1835 232
1835 233
1835 234
1835 235
1835 236
1835 237
1835 238
1836 218
1836 219
1836 220
1836 221
1836 222
1836 223
1836 224
1836 225
1836 226
1836 227
1836 228
1837 209
1837 210
1837 211
1837 212
1837 213
1837 214
1837 215
1837 216
1837 217
1837 218
1838 201
1838 202
1838 203
1838 204
1838 205
1838 206
1838 207
1841 247
1841 248
1841 249
1841 250
1841 251
1841 252
1842 236
1842 237
1842 238
1842 239
1842 240
1842 241
1842 242
1842 243
1842 244
1843 225
1843 226
1843 227
1843 228
1843 229
1843 230
1843 231
1843 232
1843 233
1843 234
1843 235
1844 216
1844 217
1844 218
1844 219
1844 220
1844 221
1844 222
1844 223
1844 224
1844 225
1845 207
1845 208
1845 209
1845 210
1845 211
1845 212
1845 213
1845 214
1845 215
1846 199
1846 200
1846 201
1846 202
1846 203
1849 244
1849 245
1849 246
1849 247
1849 248
1849 249
1850 233
1850 234
1850 235
1850 236
1850 237
1850 238
1850 239
1850 240
1850 241
1851 222
1851 223
1851 224
1851 225
1851 226
1851 227
1851 228
1851 229
1851 230
1851 231
1852 213
1852 214
1852 215
1852 216
1852 217
1852 218
1852 219
1852 220
1852 221
1852 222
1853 204
1853 205
1853 206
1853 207
1853 208
1853 209
1853 210
1853 211
1857 240
1857 241
1857 242
1857 243
1857 244
1857 245
1857 246
1858 230
1858 231
1858 232
1858 233
1858 234
1858 235
1858 236
1858 237
1858 238
1859 220
1859 221
1859 222
1859 223
1859 224
1859 225
1859 226
1859 227
1859 228
1860 210
1860 211
1860 212
1860 213
1860 214
1860 215
1860 216
1860 217
1860 218
1861 202
1861 203
1861 204
1861 205
1861 206
1865 237
1865 238
1865 239
1865 240
1865 241
1865 242
1865 243
1866 227
1866 228
1866 229
1866 230
1866 231
1866 232
1866 233
1866 234
1867 217
1867 218
1867 219
1867 220
1867 221
1867 222
1867 223
1867 224
1867 225
1868 208
1868 209
1868 210
1868 211
1868 212
1868 213
1868 214
1872 246
1872 247
1872 248
1873 234
1873 235
1873 236
1873 237
1873 238
1873 239
1873 240
1874 224
1874 225
1874 226
1874 227
1874 228
1874 229
1874 230
1874 231
1875 215
1875 216
1875 217
1875 218
1875 219
1875 220
1875 221
1876 207
1876 208
1876 209
1880 243
1880 244
1880 245
1881 231
1881 232
1881 233
1881 234
1881 235
1881 236
1881 237
1882 221
1882 222
1882 223
1882 224
1882 225
1882 226
1882 227
1883 213
1883 214
1883 215
1883 216
1883 217
1888 240
1888 241
1889 229
1889 230
1889 231
1889 232
1889 233
1890 219
1890 220
1890 221
1890 222
1890 223
1897 227
1897 228
1897 229
1898 218
3548 228
3548 229
3555 235
3556 224
3556 225
3556 226
3563 231
3563 232
3563 233
3563 234
3564 220
3564 221
3564 222
3564 223
3564 224
3571 227
3571 228
3571 229
3571 230
3571 231
3572 217
3572 218
3572 219
3572 220
3572 221
3578 235
3578 236
3578 237
3578 238
3579 224
3579 225
3579 226
3579 227
3579 228
3579 229
3580 214
3580 215
3580 216
3580 217
3580 218
3586 231
3586 232
3586 233
3586 234
3586 235
3587 220
3587 221
3587 222
3587 223
3587 224
3587 225
3587 226
3588 211
3588 212
3588 213
3588 214
3594 228
3594 229
3594 230
3594 231
3594 232
3594 233
3595 217
3595 218
3595 219
3595 220
3595 221
3595 222
3595 223
3596 208
3596 209
3596 210
3596 211
3601 236
3601 237
3601 238
3601 239
3602 224
3602 225
3602 226
3602 227
3602 228
3602 229
3602 230
3603 214
3603 215
3603 216
3603 217
3603 218
3603 219
3603 220
3604 206
3604 207
3609 232
3609 233
3609 234
3609 235
3609 236
3609 237
3610 221
3610 222
3610 223
3610 224
3610 225
3610 226
3610 227
3611 211
3611 212
3611 213
3611 214
3611 215
3611 216
3611 217
3617 229
3617 230
3617 231
3617 232
3617 233
3617 234
3618 218
3618 219
3618 220
3618 221
3618 222
3618 223
3618 224
3619 208
3619 209
3619 210
3619 211
3619 212
3619 213
3624 237
3624 238
3624 239
3625 225
3625 226
3625 227
3625 228
3625 229
3625 230
3625 231
3626 215
3626 216
3626 217
3626 218
3626 219
3626 220
3626 221
3627 205
3627 206
3627 207
3627 208
3627 209
3627 210
3632 233
3632 234
3632 235
3632 236
3632 237
3633 222
3633 223
3633 224
3633 225
3633 226
3633 227
3633 228
3634 211
3634 212
3634 213
3634 214
3634 215
3634 216
3634 217
3634 218
3635 202
3635 203
3635 204
3635 205
3635 206
3640 230
3640 231
3640 232
3640 233
3640 234
3640 235
3641 219
3641 220
3641 221
3641 222
3641 223
3641 224
3641 225
3642 208
3642 209
3642 210
3642 211
3642 212
3642 213
3642 214
3642 215
3643 200
3643 201
3643 202
3648 226
3648 227
3648 228
3648 229
3648 230
3648 231
3648 232
3649 215
3649 216
3649 217
3649 218
3649 219
3649 220
3649 221
3649 222
3650 206
3650 207
3650 208
3650 209
3650 210
3650 211
3650 212
3655 235
3655 236
3655 237
3656 223
3656 224
3656 225
3656 226
3656 227
3656 228
3656 229
3657 212
3657 213
3657 214
3657 215
3657 216
3657 217
3657 218
3657 219
3658 203
3658 204
3658 205
3658 206
3658 207
3658 208
3663 231
3663 232
3663 233
3663 234
3663 235
3664 220
3664 221
3664 222
3664 223
3664 224
3664 225
3664 226
3665 209
3665 210
3665 211
3665 212
3665 213
3665 214
3665 215
3665 216
3666 200
3666 201
3666 202
3666 203
3666 204
3666 205
3671 228
3671 229
3671 230
3671 231
3671 232
3671 233
3672 217
3672 218
3672 219
3672 220
3672 221
3672 222
3672 223
3673 206
3673 207
3673 208
3673 209
3673 210
3673 211
3673 212
3673 213
3674 197
3674 198
3674 199
3674 200
3674 201
3679 224
3679 225
3679 226
3679 227
3679 228
3679 229
3679 230
3680 213
3680 214
3680 215
3680 216
3680 217
3680 218
3680 219
3680 220
3681 203
3681 204
3681 205
3681 206
3681 207
3681 208
3681 209
3681 210
3682 196
3687 221
3687 222
3687 223
3687 224
3687 225
3687 226
3687 227
3688 210
3688 211
3688 212
3688 213
3688 214
3688 215
3688 216
3688 217
3689 200
3689 201
3689 202
3689 203
3689 204
3689 205
3689 206
3694 230
3694 231
3694 232
3695 218
3695 219
3695 220
3695 221
3695 222
3695 223
3695 224
3696 207
3696 208
3696 209
3696 210
3696 211
3696 212
3696 213
3696 214
3697 198
3697 199
3697 200
3697 201
3697 202
3697 203
3702 226
3702 227
3702 228
3702 229
3702 230
3703 215
3703 216
3703 217
3703 218
3703 219
3703 220
3703 221
3704 204
3704 205
3704 206
3704 207
3704 208
3704 209
3704 210
3704 211
3705 195
3705 196
3705 197
3705 198
3705 199
3710 223
3710 224
3710 225
3710 226
3710 227
3711 211
3711 212
3711 213
3711 214
3711 215
3711 216
3711 217
3711 218
3712 201
3712 202
3712 203
3712 204
3712 205
3712 206
3712 207
3712 208
3713 193
3713 194
3713 195
3718 220
3718 221
3718 222
3718 223
3718 224
3718 225
3719 208
3719 209
3719 210
3719 211
3719 212
3719 213
3719 214
3719 215
3720 199
3720 200
3720 201
3720 202
3720 203
3720 204
3726 216
3726 217
3726 218
3726 219
3726 220
3726 221
3726 222
3727 205
3727 206
3727 207
3727 208
3727 209
3727 210
3727 211
3727 212
3728 196
3728 197
3728 198
3728 199
3728 200
3728 201
3733 226
3734 213
3734 214
3734 215
3734 216
3734 217
3734 218
3734 219
3735 202
3735 203
3735 204
3735 205
3735 206
3735 207
3735 208
3735 209
3736 193
3736 194
3736 195
3736 196
3736 197
3741 222
3741 223
3741 224
3742 210
3742 211
3742 212
3742 213
3742 214
3742 215
3742 216
3743 200
3743 201
3743 202
3743 203
3743 204
3743 205
3744 192
3744 193
3749 218
3749 219
3749 220
3749 221
3749 222
3750 207
3750 208
3750 209
3750 210
3750 211
3750 212
3750 213
3751 197
3751 198
3751 199
3751 200
3751 201
3751 202
3757 215
3757 216
3757 217
3757 218
3757 219
3758 204
3758 205
3758 206
3758 207
3758 208
3758 209
3759 194
3759 195
3759 196
3759 197
3759 198
3765 212
3765 213
3765 214
3765 215
3765 216
3766 201
3766 202
3766 203
3766 204
3766 205
3766 206
3767 192
3767 193
3767 194
3767 195
3773 209
3773 210
3773 211
3773 212
3773 213
3774 198
3774 199
3774 200
3774 201
3774 202
3774 203
3781 206
3781 207
3781 208
3781 209
3781 210
3782 195
3782 196
3782 197
3782 198
3782 199
3782 200
3789 203
3789 204
3789 205
3789 206
3789 207
3790 193
3790 194
3790 195
3790 196
3796 212
3797 200
3797 201
3797 202
3797 203
3797 204
3798 191
3798 192
3804 208
3804 209
3805 197
3805 198
3805 199
3805 200
3812 205
3812 206
3813 194
3813 195
3813 196
3813 197
3820 202
3820 203
3821 192
3821 193
3828 199
3828 200
