787 39
787 40
787 41
787 42
795 42
795 43
795 44
795 45
795 46
798 34
798 35
798 36
803 45
803 46
803 47
803 48
803 49
806 36
806 37
806 38
806 39
806 40
806 41
811 49
811 50
811 51
811 52
814 39
814 40
814 41
814 42
814 43
814 44
817 31
817 32
817 33
817 34
822 42
822 43
822 44
822 45
822 46
822 47
822 48
825 33
825 34
825 35
825 36
825 37
825 38
825 39
830 45
830 46
830 47
830 48
830 49
830 50
830 51
833 36
833 37
833 38
833 39
833 40
833 41
833 42
836 28
836 29
836 30
836 31
836 32
838 49
838 50
838 51
838 52
838 53
841 39
841 40
841 41
841 42
841 43
841 44
841 45
841 46
844 30
844 31
844 32
844 33
844 34
844 35
844 36
844 37
846 54
846 55
847 24
847 25
849 42
849 43
849 44
849 45
849 46
849 47
849 48
849 49
852 33
852 34
852 35
852 36
852 37
852 38
852 39
852 40
855 25
855 26
855 27
855 28
855 29
855 30
857 46
857 47
857 48
857 49
857 50
857 51
857 52
860 36
860 37
860 38
860 39
860 40
860 41
860 42
860 43
860 44
863 27
863 28
863 29
863 30
863 31
863 32
863 33
863 34
863 35
865 50
865 51
865 52
865 53
865 54
865 55
866 21
866 22
866 23
868 39
868 40
868 41
868 42
868 43
868 44
868 45
868 46
868 47
871 30
871 31
871 32
871 33
871 34
871 35
871 36
871 37
871 38
873 54
873 55
873 56
874 22
874 23
874 24
874 25
874 26
874 27
874 28
876 42
876 43
876 44
876 45
876 46
876 47
876 48
876 49
876 50
879 33
879 34
879 35
879 36
879 37
879 38
879 39
879 40
879 41
879 42
882 24
882 25
882 26
882 27
882 28
882 29
882 30
882 31
882 32
884 46
884 47
884 48
884 49
884 50
884 51
884 52
884 53
885 19
885 20
887 36
887 37
887 38
887 39
887 40
887 41
887 42
887 43
887 44
887 45
890 27
890 28
890 29
890 30
890 31
890 32
890 33
890 34
890 35
890 36
892 50
892 51
892 52
892 53
892 54
892 55
893 20
893 21
893 22
893 23
893 24
893 25
893 26
895 39
895 40
895 41
895 42
895 43
895 44
895 45
895 46
895 47
895 48
898 30
898 31
898 32
898 33
898 34
898 35
898 36
898 37
898 38
898 39
898 40
900 56
900 57
901 22
901 23
901 24
901 25
901 26
901 27
901 28
901 29
901 30
903 43
903 44
903 45
903 46
903 47
903 48
903 49
903 50
903 51
904 16
904 17
904 18
906 33
906 34
906 35
906 36
906 37
906 38
906 39
906 40
906 41
906 42
906 43
909 24
909 25
909 26
909 27
909 28
909 29
909 30
909 31
909 32
909 33
909 34
911 47
911 48
911 49
911 50
911 51
911 52
911 53
911 54
912 17
912 18
912 19
912 20
912 21
912 22
912 23
914 37
914 38
914 39
914 40
914 41
914 42
914 43
914 44
914 45
914 46
917 27
917 28
917 29
917 30
917 31
917 32
917 33
917 34
917 35
917 36
917 37
917 38
919 51
919 52
919 53
919 54
919 55
919 56
920 19
920 20
920 21
920 22
920 23
920 24
920 25
920 26
920 27
920 28
922 40
922 41
922 42
922 43
922 44
922 45
922 46
922 47
922 48
922 49
923 14
923 15
925 30
925 31
925 32
925 33
925 34
925 35
925 36
925 37
925 38
925 39
925 40
925 41
928 22
928 23
928 24
928 25
928 26
928 27
928 28
928 29
928 30
928 31
928 32
930 44
930 45
930 46
930 47
930 48
930 49
930 50
930 51
930 52
931 14
931 15
931 16
931 17
931 18
931 19
931 20
931 21
933 34
933 35
933 36
933 37
933 38
933 39
933 40
933 41
933 42
933 43
933 44
936 25
936 26
936 27
936 28
936 29
936 30
936 31
936 32
936 33
936 34
936 35
938 48
938 49
938 50
938 51
938 52
938 53
938 54
938 55
939 16
939 17
939 18
939 19
939 20
939 21
939 22
939 23
939 24
939 25
941 37
941 38
941 39
941 40
941 41
941 42
941 43
941 44
941 45
941 46
941 47
942 11
942 12
944 28
944 29
944 30
944 31
944 32
944 33
944 34
944 35
944 36
944 37
944 38
944 39
946 53
946 54
946 55
946 56
946 57
947 19
947 20
947 21
947 22
947 23
947 24
947 25
947 26
947 27
947 28
947 29
949 41
949 42
949 43
949 44
949 45
949 46
949 47
949 48
949 49
949 50
950 12
950 13
950 14
950 15
950 16
950 17
950 18
952 31
952 32
952 33
952 34
952 35
952 36
952 37
952 38
952 39
952 40
952 41
952 42
955 22
955 23
955 24
955 25
955 26
955 27
955 28
955 29
955 30
955 31
955 32
955 33
957 45
957 46
957 47
957 48
957 49
957 50
957 51
957 52
957 53
958 14
958 15
958 16
958 17
958 18
958 19
958 20
958 21
958 22
958 23
960 34
960 35
960 36
960 37
960 38
960 39
960 40
960 41
960 42
960 43
960 44
960 45
963 25
963 26
963 27
963 28
963 29
963 30
963 31
963 32
963 33
963 34
963 35
963 36
963 37
965 49
965 50
965 51
965 52
965 53
965 54
965 55
966 17
966 18
966 19
966 20
966 21
966 22
966 23
966 24
966 25
966 26
966 27
968 38
968 39
968 40
968 41
968 42
968 43
968 44
968 45
968 46
968 47
968 48
969 9
969 10
969 11
969 12
969 13
969 14
969 15
969 16
971 28
971 29
971 30
971 31
971 32
971 33
971 34
971 35
971 36
971 37
971 38
971 39
971 40
973 55
973 56
974 19
974 20
974 21
974 22
974 23
974 24
974 25
974 26
974 27
974 28
974 29
974 30
974 31
976 42
976 43
976 44
976 45
976 46
976 47
976 48
976 49
976 50
976 51
977 12
977 13
977 14
977 15
977 16
977 17
977 18
977 19
977 20
979 32
979 33
979 34
979 35
979 36
979 37
979 38
979 39
979 40
979 41
979 42
979 43
982 22
982 23
982 24
982 25
982 26
982 27
982 28
982 29
982 30
982 31
982 32
982 33
982 34
984 46
984 47
984 48
984 49
984 50
984 51
984 52
984 53
984 54
985 14
985 15
985 16
985 17
985 18
985 19
985 20
985 21
985 22
985 23
985 24
985 25
987 35
987 36
987 37
987 38
987 39
987 40
987 41
987 42
987 43
987 44
987 45
987 46
988 7
988 8
988 9
988 10
988 11
988 12
988 13
990 26
990 27
990 28
990 29
990 30
990 31
990 32
990 33
990 34
990 35
990 36
990 37
990 38
992 51
992 52
992 53
992 54
992 55
992 56
993 17
993 18
993 19
993 20
993 21
993 22
993 23
993 24
993 25
993 26
993 27
993 28
995 39
995 40
995 41
995 42
995 43
995 44
995 45
995 46
995 47
995 48
995 49
996 9
996 10
996 11
996 12
996 13
996 14
996 15
996 16
996 17
996 18
998 29
998 30
998 31
998 32
998 33
998 34
998 35
998 36
998 37
998 38
998 39
998 40
998 41
1001 20
1001 21
1001 22
1001 23
1001 24
1001 25
1001 26
1001 27
1001 28
1001 29
1001 30
1001 31
1001 32
1003 43
1003 44
1003 45
1003 46
1003 47
1003 48
1003 49
1003 50
1003 51
1003 52
1004 12
1004 13
1004 14
1004 15
1004 16
1004 17
1004 18
1004 19
1004 20
1004 21
1004 22
1006 33
1006 34
1006 35
1006 36
1006 37
1006 38
1006 39
1006 40
1006 41
1006 42
1006 43
1006 44
1007 5
1007 6
1007 7
1007 8
1007 9
1007 10
1009 23
1009 24
1009 25
1009 26
1009 27
1009 28
1009 29
1009 30
1009 31
1009 32
1009 33
1009 34
1009 35
1011 48
1011 49
1011 50
1011 51
1011 52
1011 53
1011 54
1012 14
1012 15
1012 16
1012 17
1012 18
1012 19
1012 20
1012 21
1012 22
1012 23
1012 24
1012 25
1012 26
1014 36
1014 37
1014 38
1014 39
1014 40
1014 41
1014 42
1014 43
1014 44
1014 45
1014 46
1014 47
1015 7
1015 8
1015 9
1015 10
1015 11
1015 12
1015 13
1015 14
1015 15
1017 26
1017 27
1017 28
1017 29
1017 30
1017 31
1017 32
1017 33
1017 34
1017 35
1017 36
1017 37
1017 38
1017 39
1019 53
1019 54
1019 55
1020 17
1020 18
1020 19
1020 20
1020 21
1020 22
1020 23
1020 24
1020 25
1020 26
1020 27
1020 28
1020 29
1020 30
1022 40
1022 41
1022 42
1022 43
1022 44
1022 45
1022 46
1022 47
1022 48
1022 49
1022 50
1023 9
1023 10
1023 11
1023 12
1023 13
1023 14
1023 15
1023 16
1023 17
1023 18
1023 19
1023 20
1025 30
1025 31
1025 32
1025 33
1025 34
1025 35
1025 36
1025 37
1025 38
1025 39
1025 40
1025 41
1025 42
1026 3
1026 4
1026 5
1026 6
1026 7
1026 8
1028 21
1028 22
1028 23
1028 24
1028 25
1028 26
1028 27
1028 28
1028 29
1028 30
1028 31
1028 32
1028 33
1030 44
1030 45
1030 46
1030 47
1030 48
1030 49
1030 50
1030 51
1030 52
1031 12
1031 13
1031 14
1031 15
1031 16
1031 17
1031 18
1031 19
1031 20
1031 21
1031 22
1031 23
1033 34
1033 35
1033 36
1033 37
1033 38
1033 39
1033 40
1033 41
1033 42
1033 43
1033 44
1033 45
1034 5
1034 6
1034 7
1034 8
1034 9
1034 10
1034 11
1034 12
1034 13
1036 24
1036 25
1036 26
1036 27
1036 28
1036 29
1036 30
1036 31
1036 32
1036 33
1036 34
1036 35
1036 36
1036 37
1038 49
1038 50
1038 51
1038 52
1038 53
1038 54
1039 15
1039 16
1039 17
1039 18
1039 19
1039 20
1039 21
1039 22
1039 23
1039 24
1039 25
1039 26
1039 27
1041 37
1041 38
1041 39
1041 40
1041 41
1041 42
1041 43
1041 44
1041 45
1041 46
1041 47
1041 48
1042 7
1042 8
1042 9
1042 10
1042 11
1042 12
1042 13
1042 14
1042 15
1042 16
1042 17
1044 27
1044 28
1044 29
1044 30
1044 31
1044 32
1044 33
1044 34
1044 35
1044 36
1044 37
1044 38
1044 39
1044 40
1045 2
1045 3
1045 4
1047 18
1047 19
1047 20
1047 21
1047 22
1047 23
1047 24
1047 25
1047 26
1047 27
1047 28
1047 29
1047 30
1047 31
1049 42
1049 43
1049 44
1049 45
1049 46
1049 47
1049 48
1049 49
1049 50
1049 51
1050 10
1050 11
1050 12
1050 13
1050 14
1050 15
1050 16
1050 17
1050 18
1050 19
1050 20
1050 21
1052 31
1052 32
1052 33
1052 34
1052 35
1052 36
1052 37
1052 38
1052 39
1052 40
1052 41
1052 42
1052 43
1053 3
1053 4
1053 5
1053 6
1053 7
1053 8
1053 9
1053 10
1055 21
1055 22
1055 23
1055 24
1055 25
1055 26
1055 27
1055 28
1055 29
1055 30
1055 31
1055 32
1055 33
1055 34
1057 46
1057 47
1057 48
1057 49
1057 50
1057 51
1057 52
1057 53
1058 13
1058 14
1058 15
1058 16
1058 17
1058 18
1058 19
1058 20
1058 21
1058 22
1058 23
1058 24
1058 25
1060 35
1060 36
1060 37
1060 38
1060 39
1060 40
1060 41
1060 42
1060 43
1060 44
1060 45
1060 46
1061 5
1061 6
1061 7
1061 8
1061 9
1061 10
1061 11
1061 12
1061 13
1061 14
1063 25
1063 26
1063 27
1063 28
1063 29
1063 30
1063 31
1063 32
1063 33
1063 34
1063 35
1063 36
1063 37
1063 38
1065 52
1065 53
1065 54
1066 16
1066 17
1066 18
1066 19
1066 20
1066 21
1066 22
1066 23
1066 24
1066 25
1066 26
1066 27
1066 28
1068 39
1068 40
1068 41
1068 42
1068 43
1068 44
1068 45
1068 46
1068 47
1068 48
1068 49
1069 8
1069 9
1069 10
1069 11
1069 12
1069 13
1069 14
1069 15
1069 16
1069 17
1069 18
1071 28
1071 29
1071 30
1071 31
1071 32
1071 33
1071 34
1071 35
1071 36
1071 37
1071 38
1071 39
1071 40
1071 41
1072 1
1072 2
1072 3
1072 4
1072 5
1072 6
1072 7
1074 19
1074 20
1074 21
1074 22
1074 23
1074 24
1074 25
1074 26
1074 27
1074 28
1074 29
1074 30
1074 31
1074 32
1076 43
1076 44
1076 45
1076 46
1076 47
1076 48
1076 49
1076 50
1076 51
1077 11
1077 12
1077 13
1077 14
1077 15
1077 16
1077 17
1077 18
1077 19
1077 20
1077 21
1077 22
1079 32
1079 33
1079 34
1079 35
1079 36
1079 37
1079 38
1079 39
1079 40
1079 41
1079 42
1079 43
1079 44
1080 3
1080 4
1080 5
1080 6
1080 7
1080 8
1080 9
1080 10
1080 11
1080 12
1082 23
1082 24
1082 25
1082 26
1082 27
1082 28
1082 29
1082 30
1082 31
1082 32
1082 33
1082 34
1082 35
1084 48
1084 49
1084 50
1084 51
1084 52
1084 53
1085 14
1085 15
1085 16
1085 17
1085 18
1085 19
1085 20
1085 21
1085 22
1085 23
1085 24
1085 25
1085 26
1087 36
1087 37
1087 38
1087 39
1087 40
1087 41
1087 42
1087 43
1087 44
1087 45
1087 46
1087 47
1088 6
1088 7
1088 8
1088 9
1088 10
1088 11
1088 12
1088 13
1088 14
1088 15
1088 16
1090 26
1090 27
1090 28
1090 29
1090 30
1090 31
1090 32
1090 33
1090 34
1090 35
1090 36
1090 37
1090 38
1091 0
1091 1
1091 2
1091 3
1091 4
1093 17
1093 18
1093 19
1093 20
1093 21
1093 22
1093 23
1093 24
1093 25
1093 26
1093 27
1093 28
1093 29
1095 40
1095 41
1095 42
1095 43
1095 44
1095 45
1095 46
1095 47
1095 48
1095 49
1096 8
1096 9
1096 10
1096 11
1096 12
1096 13
1096 14
1096 15
1096 16
1096 17
1096 18
1096 19
1096 20
1098 30
1098 31
1098 32
1098 33
1098 34
1098 35
1098 36
1098 37
1098 38
1098 39
1098 40
1098 41
1099 1
1099 2
1099 3
1099 4
1099 5
1099 6
1099 7
1099 8
1099 9
1101 20
1101 21
1101 22
1101 23
1101 24
1101 25
1101 26
1101 27
1101 28
1101 29
1101 30
1101 31
1101 32
1101 33
1103 45
1103 46
1103 47
1103 48
1103 49
1103 50
1103 51
1104 12
1104 13
1104 14
1104 15
1104 16
1104 17
1104 18
1104 19
1104 20
1104 21
1104 22
1104 23
1106 34
1106 35
1106 36
1106 37
1106 38
1106 39
1106 40
1106 41
1106 42
1106 43
1106 44
1107 4
1107 5
1107 6
1107 7
1107 8
1107 9
1107 10
1107 11
1107 12
1107 13
1109 24
1109 25
1109 26
1109 27
1109 28
1109 29
1109 30
1109 31
1109 32
1109 33
1109 34
1109 35
1109 36
1110 575
1112 15
1112 16
1112 17
1112 18
1112 19
1112 20
1112 21
1112 22
1112 23
1112 24
1112 25
1112 26
1112 27
1114 38
1114 39
1114 40
1114 41
1114 42
1114 43
1114 44
1114 45
1114 46
1114 47
1115 7
1115 8
1115 9
1115 10
1115 11
1115 12
1115 13
1115 14
1115 15
1115 16
1115 17
1117 27
1117 28
1117 29
1117 30
1117 31
1117 32
1117 33
1117 34
1117 35
1117 36
1117 37
1117 38
1117 39
1118 0
1118 1
1118 2
1118 3
1118 4
1118 5
1118 6
1120 18
1120 19
1120 20
1120 21
1120 22
1120 23
1120 24
1120 25
1120 26
1120 27
1120 28
1120 29
1120 30
1122 42
1122 43
1122 44
1122 45
1122 46
1122 47
1122 48
1122 49
1123 10
1123 11
1123 12
1123 13
1123 14
1123 15
1123 16
1123 17
1123 18
1123 19
1123 20
1123 21
1125 31
1125 32
1125 33
1125 34
1125 35
1125 36
1125 37
1125 38
1125 39
1125 40
1125 41
1125 42
1126 2
1126 3
1126 4
1126 5
1126 6
1126 7
1126 8
1126 9
1126 10
1128 22
1128 23
1128 24
1128 25
1128 26
1128 27
1128 28
1128 29
1128 30
1128 31
1128 32
1128 33
1128 34
1130 47
1130 48
1130 49
1130 50
1130 51
1131 13
1131 14
1131 15
1131 16
1131 17
1131 18
1131 19
1131 20
1131 21
1131 22
1131 23
1131 24
1133 35
1133 36
1133 37
1133 38
1133 39
1133 40
1133 41
1133 42
1133 43
1133 44
1133 45
1134 5
1134 6
1134 7
1134 8
1134 9
1134 10
1134 11
1134 12
1134 13
1134 14
1136 25
1136 26
1136 27
1136 28
1136 29
1136 30
1136 31
1136 32
1136 33
1136 34
1136 35
1136 36
1136 37
1137 0
1137 1
1137 2
1137 575
1139 16
1139 17
1139 18
1139 19
1139 20
1139 21
1139 22
1139 23
1139 24
1139 25
1139 26
1139 27
1139 28
1141 39
1141 40
1141 41
1141 42
1141 43
1141 44
1141 45
1141 46
1141 47
1142 8
1142 9
1142 10
1142 11
1142 12
1142 13
1142 14
1142 15
1142 16
1142 17
1142 18
1144 29
1144 30
1144 31
1144 32
1144 33
1144 34
1144 35
1144 36
1144 37
1144 38
1144 39
1144 40
1145 1
1145 2
1145 3
1145 4
1145 5
1145 6
1145 7
1147 19
1147 20
1147 21
1147 22
1147 23
1147 24
1147 25
1147 26
1147 27
1147 28
1147 29
1147 30
1147 31
1149 44
1149 45
1149 46
1149 47
1149 48
1149 49
1150 11
1150 12
1150 13
1150 14
1150 15
1150 16
1150 17
1150 18
1150 19
1150 20
1150 21
1150 22
1152 33
1152 34
1152 35
1152 36
1152 37
1152 38
1152 39
1152 40
1152 41
1152 42
1152 43
1153 3
1153 4
1153 5
1153 6
1153 7
1153 8
1153 9
1153 10
1153 11
1155 23
1155 24
1155 25
1155 26
1155 27
1155 28
1155 29
1155 30
1155 31
1155 32
1155 33
1155 34
1158 14
1158 15
1158 16
1158 17
1158 18
1158 19
1158 20
1158 21
1158 22
1158 23
1158 24
1158 25
1160 37
1160 38
1160 39
1160 40
1160 41
1160 42
1160 43
1160 44
1160 45
1161 6
1161 7
1161 8
1161 9
1161 10
1161 11
1161 12
1161 13
1161 14
1161 15
1163 27
1163 28
1163 29
1163 30
1163 31
1163 32
1163 33
1163 34
1163 35
1163 36
1163 37
1163 38
1164 0
1164 1
1164 2
1164 3
1166 17
1166 18
1166 19
1166 20
1166 21
1166 22
1166 23
1166 24
1166 25
1166 26
1166 27
1166 28
1166 29
1168 42
1168 43
1168 44
1168 45
1168 46
1168 47
1169 9
1169 10
1169 11
1169 12
1169 13
1169 14
1169 15
1169 16
1169 17
1169 18
1169 19
1171 31
1171 32
1171 33
1171 34
1171 35
1171 36
1171 37
1171 38
1171 39
1171 40
1172 2
1172 3
1172 4
1172 5
1172 6
1172 7
1172 8
1174 21
1174 22
1174 23
1174 24
1174 25
1174 26
1174 27
1174 28
1174 29
1174 30
1174 31
1174 32
1177 12
1177 13
1177 14
1177 15
1177 16
1177 17
1177 18
1177 19
1177 20
1177 21
1177 22
1177 23
1179 35
1179 36
1179 37
1179 38
1179 39
1179 40
1179 41
1179 42
1179 43
1180 5
1180 6
1180 7
1180 8
1180 9
1180 10
1180 11
1180 12
1182 25
1182 26
1182 27
1182 28
1182 29
1182 30
1182 31
1182 32
1182 33
1182 34
1182 35
1185 16
1185 17
1185 18
1185 19
1185 20
1185 21
1185 22
1185 23
1185 24
1185 25
1185 26
1187 39
1187 40
1187 41
1187 42
1187 43
1187 44
1187 45
1188 8
1188 9
1188 10
1188 11
1188 12
1188 13
1188 14
1188 15
1188 16
1190 28
1190 29
1190 30
1190 31
1190 32
1190 33
1190 34
1190 35
1190 36
1190 37
1190 38
1191 2
1191 3
1191 4
1193 19
1193 20
1193 21
1193 22
1193 23
1193 24
1193 25
1193 26
1193 27
1193 28
1193 29
1195 45
1195 46
1196 11
1196 12
1196 13
1196 14
1196 15
1196 16
1196 17
1196 18
1196 19
1196 20
1198 32
1198 33
1198 34
1198 35
1198 36
1198 37
1198 38
1198 39
1198 40
1198 41
1199 4
1199 5
1199 6
1199 7
1199 8
1199 9
1201 23
1201 24
1201 25
1201 26
1201 27
1201 28
1201 29
1201 30
1201 31
1201 32
1204 14
1204 15
1204 16
1204 17
1204 18
1204 19
1204 20
1204 21
1204 22
1204 23
1206 37
1206 38
1206 39
1206 40
1206 41
1206 42
1206 43
1207 7
1207 8
1207 9
1207 10
1207 11
1207 12
1207 13
1209 26
1209 27
1209 28
1209 29
1209 30
1209 31
1209 32
1209 33
1209 34
1209 35
1212 17
1212 18
1212 19
1212 20
1212 21
1212 22
1212 23
1212 24
1212 25
1212 26
1212 27
1214 42
1214 43
1214 44
1215 9
1215 10
1215 11
1215 12
1215 13
1215 14
1215 15
1215 16
1215 17
1217 31
1217 32
1217 33
1217 34
1217 35
1217 36
1217 37
1217 38
1220 21
1220 22
1220 23
1220 24
1220 25
1220 26
1220 27
1220 28
1220 29
1220 30
1223 13
1223 14
1223 15
1223 16
1223 17
1223 18
1223 19
1223 20
1225 35
1225 36
1225 37
1225 38
1225 39
1225 40
1225 41
1226 7
1226 8
1226 9
1228 25
1228 26
1228 27
1228 28
1228 29
1228 30
1228 31
1228 32
1228 33
1231 16
1231 17
1231 18
1231 19
1231 20
1231 21
1231 22
1231 23
1231 24
1233 40
1233 41
1233 42
1234 9
1234 10
1234 11
1234 12
1234 13
1236 29
1236 30
1236 31
1236 32
1236 33
1236 34
1236 35
1236 36
1239 20
1239 21
1239 22
1239 23
1239 24
1239 25
1239 26
1239 27
1242 12
1242 13
1242 14
1242 15
1242 16
1242 17
1244 33
1244 34
1244 35
1244 36
1244 37
1244 38
1247 23
1247 24
1247 25
1247 26
1247 27
1247 28
1247 29
1247 30
1250 15
1250 16
1250 17
1250 18
1250 19
1250 20
1255 27
1255 28
1255 29
1255 30
1255 31
1255 32
1258 19
1258 20
1258 21
1258 22
1258 23
1263 32
1263 33
1263 34
1263 35
1266 23
1266 24
1266 25
1266 26
1274 27
1274 28
1863 3
1863 4
1863 5
1866 570
1866 571
1866 572
1866 573
1866 574
1871 6
1871 7
1871 8
1871 9
1874 0
1874 1
1874 2
1874 572
1874 573
1874 574
1874 575
1877 565
1877 566
1877 567
1877 568
1877 569
1879 8
1879 9
1879 10
1879 11
1879 12
1879 13
1882 0
1882 1
1882 2
1882 3
1882 4
1882 5
1882 6
1882 575
1885 567
1885 568
1885 569
1885 570
1885 571
1885 572
1885 573
1885 574
1887 11
1887 12
1887 13
1887 14
1887 15
1887 16
1888 560
1888 561
1888 562
1888 563
1888 564
1890 2
1890 3
1890 4
1890 5
1890 6
1890 7
1890 8
1890 9
1890 10
1893 0
1893 1
1893 2
1893 569
1893 570
1893 571
1893 572
1893 573
1893 574
1893 575
1895 14
1895 15
1895 16
1895 17
1895 18
1895 19
1895 20
1896 562
1896 563
1896 564
1896 565
1896 566
1896 567
1896 568
1896 569
1898 4
1898 5
1898 6
1898 7
1898 8
1898 9
1898 10
1898 11
1898 12
1898 13
1901 0
1901 1
1901 2
1901 3
1901 4
1901 5
1901 572
1901 573
1901 574
1901 575
1903 17
1903 18
1903 19
1903 20
1903 21
1903 22
1903 23
1904 564
1904 565
1904 566
1904 567
1904 568
1904 569
1904 570
1904 571
1904 572
1904 573
1906 7
1906 8
1906 9
1906 10
1906 11
1906 12
1906 13
1906 14
1906 15
1906 16
1907 557
1907 558
1907 559
1907 560
1907 561
1907 562
1907 563
1909 0
1909 1
1909 2
1909 3
1909 4
1909 5
1909 6
1909 7
1909 8
1909 9
1909 575
1911 20
1911 21
1911 22
1911 23
1911 24
1911 25
1912 0
1912 1
1912 567
1912 568
1912 569
1912 570
1912 571
1912 572
1912 573
1912 574
1912 575
1914 10
1914 11
1914 12
1914 13
1914 14
1914 15
1914 16
1914 17
1914 18
1914 19
1914 20
1915 559
1915 560
1915 561
1915 562
1915 563
1915 564
1915 565
1915 566
1915 567
1917 1
1917 2
1917 3
1917 4
1917 5
1917 6
1917 7
1917 8
1917 9
1917 10
1917 11
1917 12
1919 24
1919 25
1919 26
1919 27
1919 28
1920 0
1920 1
1920 2
1920 3
1920 4
1920 569
1920 570
1920 571
1920 572
1920 573
1920 574
1920 575
1922 13
1922 14
1922 15
1922 16
1922 17
1922 18
1922 19
1922 20
1922 21
1922 22
1922 23
1923 562
1923 563
1923 564
1923 565
1923 566
1923 567
1923 568
1923 569
1923 570
1923 571
1923 572
1925 4
1925 5
1925 6
1925 7
1925 8
1925 9
1925 10
1925 11
1925 12
1925 13
1925 14
1925 15
1925 16
1926 555
1926 556
1926 557
1926 558
1926 559
1926 560
1926 561
1927 27
1927 28
1927 29
1927 30
1928 0
1928 1
1928 2
1928 3
1928 4
1928 5
1928 6
1928 7
1928 8
1928 572
1928 573
1928 574
1928 575
1930 17
1930 18
1930 19
1930 20
1930 21
1930 22
1930 23
1930 24
1930 25
1930 26
1931 564
1931 565
1931 566
1931 567
1931 568
1931 569
1931 570
1931 571
1931 572
1931 573
1931 574
1931 575
1933 7
1933 8
1933 9
1933 10
1933 11
1933 12
1933 13
1933 14
1933 15
1933 16
1933 17
1933 18
1933 19
1934 557
1934 558
1934 559
1934 560
1934 561
1934 562
1934 563
1934 564
1934 565
1934 566
1936 0
1936 1
1936 2
1936 3
1936 4
1936 5
1936 6
1936 7
1936 8
1936 9
1936 10
1936 11
1936 575
1938 20
1938 21
1938 22
1938 23
1938 24
1938 25
1938 26
1938 27
1938 28
1938 29
1939 0
1939 1
1939 2
1939 3
1939 567
1939 568
1939 569
1939 570
1939 571
1939 572
1939 573
1939 574
1939 575
1941 11
1941 12
1941 13
1941 14
1941 15
1941 16
1941 17
1941 18
1941 19
1941 20
1941 21
1941 22
1942 560
1942 561
1942 562
1942 563
1942 564
1942 565
1942 566
1942 567
1942 568
1942 569
1942 570
1944 2
1944 3
1944 4
1944 5
1944 6
1944 7
1944 8
1944 9
1944 10
1944 11
1944 12
1944 13
1944 14
1944 15
1945 554
1945 555
1945 556
1945 557
1945 558
1945 559
1946 23
1946 24
1946 25
1946 26
1946 27
1946 28
1946 29
1946 30
1946 31
1947 0
1947 1
1947 2
1947 3
1947 4
1947 5
1947 6
1947 7
1947 570
1947 571
1947 572
1947 573
1947 574
1947 575
1949 14
1949 15
1949 16
1949 17
1949 18
1949 19
1949 20
1949 21
1949 22
1949 23
1949 24
1949 25
1950 562
1950 563
1950 564
1950 565
1950 566
1950 567
1950 568
1950 569
1950 570
1950 571
1950 572
1950 573
1950 574
1952 5
1952 6
1952 7
1952 8
1952 9
1952 10
1952 11
1952 12
1952 13
1952 14
1952 15
1952 16
1952 17
1952 18
1953 555
1953 556
1953 557
1953 558
1953 559
1953 560
1953 561
1953 562
1953 563
1953 564
1954 27
1954 28
1954 29
1954 30
1954 31
1954 32
1954 33
1954 34
1955 0
1955 1
1955 2
1955 3
1955 4
1955 5
1955 6
1955 7
1955 8
1955 9
1955 10
1955 573
1955 574
1955 575
1957 17
1957 18
1957 19
1957 20
1957 21
1957 22
1957 23
1957 24
1957 25
1957 26
1957 27
1957 28
1958 0
1958 1
1958 2
1958 565
1958 566
1958 567
1958 568
1958 569
1958 570
1958 571
1958 572
1958 573
1958 574
1958 575
1960 8
1960 9
1960 10
1960 11
1960 12
1960 13
1960 14
1960 15
1960 16
1960 17
1960 18
1960 19
1960 20
1960 21
1961 558
1961 559
1961 560
1961 561
1961 562
1961 563
1961 564
1961 565
1961 566
1961 567
1961 568
1962 31
1962 32
1962 33
1962 34
1962 35
1962 36
1963 0
1963 1
1963 2
1963 3
1963 4
1963 5
1963 6
1963 7
1963 8
1963 9
1963 10
1963 11
1963 12
1963 13
1963 14
1964 552
1964 553
1964 554
1964 555
1964 556
1964 557
1965 20
1965 21
1965 22
1965 23
1965 24
1965 25
1965 26
1965 27
1965 28
1965 29
1965 30
1965 31
1966 0
1966 1
1966 2
1966 3
1966 4
1966 5
1966 568
1966 569
1966 570
1966 571
1966 572
1966 573
1966 574
1966 575
1968 11
1968 12
1968 13
1968 14
1968 15
1968 16
1968 17
1968 18
1968 19
1968 20
1968 21
1968 22
1968 23
1968 24
1969 560
1969 561
1969 562
1969 563
1969 564
1969 565
1969 566
1969 567
1969 568
1969 569
1969 570
1969 571
1969 572
1970 35
1970 36
1970 37
1970 38
1971 3
1971 4
1971 5
1971 6
1971 7
1971 8
1971 9
1971 10
1971 11
1971 12
1971 13
1971 14
1971 15
1971 16
1971 17
1972 554
1972 555
1972 556
1972 557
1972 558
1972 559
1972 560
1972 561
1972 562
1973 24
1973 25
1973 26
1973 27
1973 28
1973 29
1973 30
1973 31
1973 32
1973 33
1973 34
1974 0
1974 1
1974 2
1974 3
1974 4
1974 5
1974 6
1974 7
1974 8
1974 9
1974 570
1974 571
1974 572
1974 573
1974 574
1974 575
1976 14
1976 15
1976 16
1976 17
1976 18
1976 19
1976 20
1976 21
1976 22
1976 23
1976 24
1976 25
1976 26
1976 27
1977 0
1977 563
1977 564
1977 565
1977 566
1977 567
1977 568
1977 569
1977 570
1977 571
1977 572
1977 573
1977 574
1977 575
1979 6
1979 7
1979 8
1979 9
1979 10
1979 11
1979 12
1979 13
1979 14
1979 15
1979 16
1979 17
1979 18
1979 19
1979 20
1980 556
1980 557
1980 558
1980 559
1980 560
1980 561
1980 562
1980 563
1980 564
1980 565
1980 566
1981 27
1981 28
1981 29
1981 30
1981 31
1981 32
1981 33
1981 34
1981 35
1981 36
1981 37
1982 0
1982 1
1982 2
1982 3
1982 4
1982 5
1982 6
1982 7
1982 8
1982 9
1982 10
1982 11
1982 12
1982 573
1982 574
1982 575
1983 552
1983 553
1984 18
1984 19
1984 20
1984 21
1984 22
1984 23
1984 24
1984 25
1984 26
1984 27
1984 28
1984 29
1984 30
1985 0
1985 1
1985 2
1985 3
1985 566
1985 567
1985 568
1985 569
1985 570
1985 571
1985 572
1985 573
1985 574
1985 575
1987 9
1987 10
1987 11
1987 12
1987 13
1987 14
1987 15
1987 16
1987 17
1987 18
1987 19
1987 20
1987 21
1987 22
1987 23
1988 558
1988 559
1988 560
1988 561
1988 562
1988 563
1988 564
1988 565
1988 566
1988 567
1988 568
1988 569
1988 570
1989 31
1989 32
1989 33
1989 34
1989 35
1989 36
1989 37
1989 38
1989 39
1990 0
1990 1
1990 2
1990 3
1990 4
1990 5
1990 6
1990 7
1990 8
1990 9
1990 10
1990 11
1990 12
1990 13
1990 14
1990 15
1991 553
1991 554
1991 555
1991 556
1991 557
1991 558
1991 559
1992 21
1992 22
1992 23
1992 24
1992 25
1992 26
1992 27
1992 28
1992 29
1992 30
1992 31
1992 32
1992 33
1993 0
1993 1
1993 2
1993 3
1993 4
1993 5
1993 6
1993 7
1993 568
1993 569
1993 570
1993 571
1993 572
1993 573
1993 574
1993 575
1995 12
1995 13
1995 14
1995 15
1995 16
1995 17
1995 18
1995 19
1995 20
1995 21
1995 22
1995 23
1995 24
1995 25
1995 26
1996 561
1996 562
1996 563
1996 564
1996 565
1996 566
1996 567
1996 568
1996 569
1996 570
1996 571
1996 572
1996 573
1996 574
1997 35
1997 36
1997 37
1997 38
1997 39
1997 40
1997 41
1998 4
1998 5
1998 6
1998 7
1998 8
1998 9
1998 10
1998 11
1998 12
1998 13
1998 14
1998 15
1998 16
1998 17
1998 18
1998 19
1999 555
1999 556
1999 557
1999 558
1999 559
1999 560
1999 561
1999 562
1999 563
1999 564
2000 24
2000 25
2000 26
2000 27
2000 28
2000 29
2000 30
2000 31
2000 32
2000 33
2000 34
2000 35
2000 36
2001 0
2001 1
2001 2
2001 3
2001 4
2001 5
2001 6
2001 7
2001 8
2001 9
2001 10
2001 571
2001 572
2001 573
2001 574
2001 575
2003 15
2003 16
2003 17
2003 18
2003 19
2003 20
2003 21
2003 22
2003 23
2003 24
2003 25
2003 26
2003 27
2003 28
2003 29
2004 0
2004 1
2004 2
2004 564
2004 565
2004 566
2004 567
2004 568
2004 569
2004 570
2004 571
2004 572
2004 573
2004 574
2004 575
2005 39
2005 40
2005 41
2005 42
2005 43
2006 7
2006 8
2006 9
2006 10
2006 11
2006 12
2006 13
2006 14
2006 15
2006 16
2006 17
2006 18
2006 19
2006 20
2006 21
2006 22
2007 557
2007 558
2007 559
2007 560
2007 561
2007 562
2007 563
2007 564
2007 565
2007 566
2007 567
2007 568
2008 28
2008 29
2008 30
2008 31
2008 32
2008 33
2008 34
2008 35
2008 36
2008 37
2008 38
2008 39
2009 0
2009 1
2009 2
2009 3
2009 4
2009 5
2009 6
2009 7
2009 8
2009 9
2009 10
2009 11
2009 12
2009 13
2009 14
2009 574
2009 575
2010 552
2010 553
2010 554
2010 555
2010 556
2011 19
2011 20
2011 21
2011 22
2011 23
2011 24
2011 25
2011 26
2011 27
2011 28
2011 29
2011 30
2011 31
2011 32
2012 0
2012 1
2012 2
2012 3
2012 4
2012 5
2012 567
2012 568
2012 569
2012 570
2012 571
2012 572
2012 573
2012 574
2012 575
2014 10
2014 11
2014 12
2014 13
2014 14
2014 15
2014 16
2014 17
2014 18
2014 19
2014 20
2014 21
2014 22
2014 23
2014 24
2014 25
2015 559
2015 560
2015 561
2015 562
2015 563
2015 564
2015 565
2015 566
2015 567
2015 568
2015 569
2015 570
2015 571
2015 572
2016 32
2016 33
2016 34
2016 35
2016 36
2016 37
2016 38
2016 39
2016 40
2016 41
2017 2
2017 3
2017 4
2017 5
2017 6
2017 7
2017 8
2017 9
2017 10
2017 11
2017 12
2017 13
2017 14
2017 15
2017 16
2017 17
2018 553
2018 554
2018 555
2018 556
2018 557
2018 558
2018 559
2018 560
2018 561
2019 22
2019 23
2019 24
2019 25
2019 26
2019 27
2019 28
2019 29
2019 30
2019 31
2019 32
2019 33
2019 34
2019 35
2020 0
2020 1
2020 2
2020 3
2020 4
2020 5
2020 6
2020 7
2020 8
2020 9
2020 570
2020 571
2020 572
2020 573
2020 574
2020 575
2022 13
2022 14
2022 15
2022 16
2022 17
2022 18
2022 19
2022 20
2022 21
2022 22
2022 23
2022 24
2022 25
2022 26
2022 27
2022 28
2023 0
2023 562
2023 563
2023 564
2023 565
2023 566
2023 567
2023 568
2023 569
2023 570
2023 571
2023 572
2023 573
2023 574
2023 575
2024 35
2024 36
2024 37
2024 38
2024 39
2024 40
2024 41
2024 42
2024 43
2025 5
2025 6
2025 7
2025 8
2025 9
2025 10
2025 11
2025 12
2025 13
2025 14
2025 15
2025 16
2025 17
2025 18
2025 19
2025 20
2026 556
2026 557
2026 558
2026 559
2026 560
2026 561
2026 562
2026 563
2026 564
2026 565
2026 566
2027 26
2027 27
2027 28
2027 29
2027 30
2027 31
2027 32
2027 33
2027 34
2027 35
2027 36
2027 37
2027 38
2028 0
2028 1
2028 2
2028 3
2028 4
2028 5
2028 6
2028 7
2028 8
2028 9
2028 10
2028 11
2028 12
2028 573
2028 574
2028 575
2030 16
2030 17
2030 18
2030 19
2030 20
2030 21
2030 22
2030 23
2030 24
2030 25
2030 26
2030 27
2030 28
2030 29
2030 30
2030 31
2031 0
2031 1
2031 2
2031 3
2031 565
2031 566
2031 567
2031 568
2031 569
2031 570
2031 571
2031 572
2031 573
2031 574
2031 575
2032 40
2032 41
2032 42
2032 43
2032 44
2032 45
2033 8
2033 9
2033 10
2033 11
2033 12
2033 13
2033 14
2033 15
2033 16
2033 17
2033 18
2033 19
2033 20
2033 21
2033 22
2033 23
2033 24
2034 558
2034 559
2034 560
2034 561
2034 562
2034 563
2034 564
2034 565
2034 566
2034 567
2034 568
2034 569
2034 570
2035 29
2035 30
2035 31
2035 32
2035 33
2035 34
2035 35
2035 36
2035 37
2035 38
2035 39
2035 40
2035 41
2036 0
2036 1
2036 2
2036 3
2036 4
2036 5
2036 6
2036 7
2036 8
2036 9
2036 10
2036 11
2036 12
2036 13
2036 14
2036 15
2037 553
2037 554
2037 555
2037 556
2037 557
2037 558
2038 20
2038 21
2038 22
2038 23
2038 24
2038 25
2038 26
2038 27
2038 28
2038 29
2038 30
2038 31
2038 32
2038 33
2038 34
2039 0
2039 1
2039 2
2039 3
2039 4
2039 5
2039 6
2039 7
2039 568
2039 569
2039 570
2039 571
2039 572
2039 573
2039 574
2039 575
2040 45
2040 46
2041 11
2041 12
2041 13
2041 14
2041 15
2041 16
2041 17
2041 18
2041 19
2041 20
2041 21
2041 22
2041 23
2041 24
2041 25
2041 26
2041 27
2042 561
2042 562
2042 563
2042 564
2042 565
2042 566
2042 567
2042 568
2042 569
2042 570
2042 571
2042 572
2042 573
2043 33
2043 34
2043 35
2043 36
2043 37
2043 38
2043 39
2043 40
2043 41
2043 42
2043 43
2044 3
2044 4
2044 5
2044 6
2044 7
2044 8
2044 9
2044 10
2044 11
2044 12
2044 13
2044 14
2044 15
2044 16
2044 17
2044 18
2044 19
2045 555
2045 556
2045 557
2045 558
2045 559
2045 560
2045 561
2045 562
2045 563
2046 23
2046 24
2046 25
2046 26
2046 27
2046 28
2046 29
2046 30
2046 31
2046 32
2046 33
2046 34
2046 35
2046 36
2046 37
2047 0
2047 1
2047 2
2047 3
2047 4
2047 5
2047 6
2047 7
2047 8
2047 9
2047 10
2047 571
2047 572
2047 573
2047 574
2047 575
2049 14
2049 15
2049 16
2049 17
2049 18
2049 19
2049 20
2049 21
2049 22
2049 23
2049 24
2049 25
2049 26
2049 27
2049 28
2049 29
2049 30
2050 0
2050 1
2050 563
2050 564
2050 565
2050 566
2050 567
2050 568
2050 569
2050 570
2050 571
2050 572
2050 573
2050 574
2050 575
2051 37
2051 38
2051 39
2051 40
2051 41
2051 42
2051 43
2051 44
2051 45
2052 6
2052 7
2052 8
2052 9
2052 10
2052 11
2052 12
2052 13
2052 14
2052 15
2052 16
2052 17
2052 18
2052 19
2052 20
2052 21
2052 22
2053 557
2053 558
2053 559
2053 560
2053 561
2053 562
2053 563
2053 564
2053 565
2053 566
2053 567
2054 27
2054 28
2054 29
2054 30
2054 31
2054 32
2054 33
2054 34
2054 35
2054 36
2054 37
2054 38
2054 39
2054 40
2055 0
2055 1
2055 2
2055 3
2055 4
2055 5
2055 6
2055 7
2055 8
2055 9
2055 10
2055 11
2055 12
2055 13
2055 14
2055 574
2055 575
2057 18
2057 19
2057 20
2057 21
2057 22
2057 23
2057 24
2057 25
2057 26
2057 27
2057 28
2057 29
2057 30
2057 31
2057 32
2057 33
2058 0
2058 1
2058 2
2058 3
2058 4
2058 5
2058 566
2058 567
2058 568
2058 569
2058 570
2058 571
2058 572
2058 573
2058 574
2058 575
2059 41
2059 42
2059 43
2059 44
2059 45
2059 46
2059 47
2060 9
2060 10
2060 11
2060 12
2060 13
2060 14
2060 15
2060 16
2060 17
2060 18
2060 19
2060 20
2060 21
2060 22
2060 23
2060 24
2060 25
2061 559
2061 560
2061 561
2061 562
2061 563
2061 564
2061 565
2061 566
2061 567
2061 568
2061 569
2061 570
2061 571
2062 30
2062 31
2062 32
2062 33
2062 34
2062 35
2062 36
2062 37
2062 38
2062 39
2062 40
2062 41
2062 42
2063 1
2063 2
2063 3
2063 4
2063 5
2063 6
2063 7
2063 8
2063 9
2063 10
2063 11
2063 12
2063 13
2063 14
2063 15
2063 16
2063 17
2064 554
2064 555
2064 556
2064 557
2064 558
2064 559
2065 21
2065 22
2065 23
2065 24
2065 25
2065 26
2065 27
2065 28
2065 29
2065 30
2065 31
2065 32
2065 33
2065 34
2065 35
2065 36
2066 0
2066 1
2066 2
2066 3
2066 4
2066 5
2066 6
2066 7
2066 8
2066 569
2066 570
2066 571
2066 572
2066 573
2066 574
2066 575
2067 46
2067 47
2067 48
2068 12
2068 13
2068 14
2068 15
2068 16
2068 17
2068 18
2068 19
2068 20
2068 21
2068 22
2068 23
2068 24
2068 25
2068 26
2068 27
2068 28
2069 562
2069 563
2069 564
2069 565
2069 566
2069 567
2069 568
2069 569
2069 570
2069 571
2069 572
2069 573
2069 574
2069 575
2070 34
2070 35
2070 36
2070 37
2070 38
2070 39
2070 40
2070 41
2070 42
2070 43
2070 44
2070 45
2071 4
2071 5
2071 6
2071 7
2071 8
2071 9
2071 10
2071 11
2071 12
2071 13
2071 14
2071 15
2071 16
2071 17
2071 18
2071 19
2071 20
2072 556
2072 557
2072 558
2072 559
2072 560
2072 561
2072 562
2072 563
2072 564
2073 25
2073 26
2073 27
2073 28
2073 29
2073 30
2073 31
2073 32
2073 33
2073 34
2073 35
2073 36
2073 37
2073 38
2073 39
2074 0
2074 1
2074 2
2074 3
2074 4
2074 5
2074 6
2074 7
2074 8
2074 9
2074 10
2074 11
2074 12
2074 572
2074 573
2074 574
2074 575
2076 16
2076 17
2076 18
2076 19
2076 20
2076 21
2076 22
2076 23
2076 24
2076 25
2076 26
2076 27
2076 28
2076 29
2076 30
2076 31
2077 0
2077 1
2077 2
2077 3
2077 565
2077 566
2077 567
2077 568
2077 569
2077 570
2077 571
2077 572
2077 573
2077 574
2077 575
2078 38
2078 39
2078 40
2078 41
2078 42
2078 43
2078 44
2078 45
2078 46
2078 47
2079 7
2079 8
2079 9
2079 10
2079 11
2079 12
2079 13
2079 14
2079 15
2079 16
2079 17
2079 18
2079 19
2079 20
2079 21
2079 22
2079 23
2079 24
2080 558
2080 559
2080 560
2080 561
2080 562
2080 563
2080 564
2080 565
2080 566
2080 567
2080 568
2081 28
2081 29
2081 30
2081 31
2081 32
2081 33
2081 34
2081 35
2081 36
2081 37
2081 38
2081 39
2081 40
2081 41
2082 0
2082 1
2082 2
2082 3
2082 4
2082 5
2082 6
2082 7
2082 8
2082 9
2082 10
2082 11
2082 12
2082 13
2082 14
2082 15
2082 575
2084 19
2084 20
2084 21
2084 22
2084 23
2084 24
2084 25
2084 26
2084 27
2084 28
2084 29
2084 30
2084 31
2084 32
2084 33
2084 34
2085 0
2085 1
2085 2
2085 3
2085 4
2085 5
2085 6
2085 568
2085 569
2085 570
2085 571
2085 572
2085 573
2085 574
2085 575
2086 42
2086 43
2086 44
2086 45
2086 46
2086 47
2086 48
2086 49
2087 11
2087 12
2087 13
2087 14
2087 15
2087 16
2087 17
2087 18
2087 19
2087 20
2087 21
2087 22
2087 23
2087 24
2087 25
2087 26
2087 27
2088 561
2088 562
2088 563
2088 564
2088 565
2088 566
2088 567
2088 568
2088 569
2088 570
2088 571
2088 572
2089 32
2089 33
2089 34
2089 35
2089 36
2089 37
2089 38
2089 39
2089 40
2089 41
2089 42
2089 43
2089 44
2090 2
2090 3
2090 4
2090 5
2090 6
2090 7
2090 8
2090 9
2090 10
2090 11
2090 12
2090 13
2090 14
2090 15
2090 16
2090 17
2090 18
2091 557
2091 558
2091 559
2091 560
2092 23
2092 24
2092 25
2092 26
2092 27
2092 28
2092 29
2092 30
2092 31
2092 32
2092 33
2092 34
2092 35
2092 36
2092 37
2093 0
2093 1
2093 2
2093 3
2093 4
2093 5
2093 6
2093 7
2093 8
2093 9
2093 10
2093 571
2093 572
2093 573
2093 574
2093 575
2094 47
2094 48
2094 49
2094 50
2095 14
2095 15
2095 16
2095 17
2095 18
2095 19
2095 20
2095 21
2095 22
2095 23
2095 24
2095 25
2095 26
2095 27
2095 28
2095 29
2095 30
2096 0
2096 564
2096 565
2096 566
2096 567
2096 568
2096 569
2096 570
2096 571
2096 572
2096 573
2096 574
2096 575
2097 36
2097 37
2097 38
2097 39
2097 40
2097 41
2097 42
2097 43
2097 44
2097 45
2097 46
2098 6
2098 7
2098 8
2098 9
2098 10
2098 11
2098 12
2098 13
2098 14
2098 15
2098 16
2098 17
2098 18
2098 19
2098 20
2098 21
2098 22
2099 558
2099 559
2099 560
2099 561
2099 562
2099 563
2099 564
2099 565
2100 26
2100 27
2100 28
2100 29
2100 30
2100 31
2100 32
2100 33
2100 34
2100 35
2100 36
2100 37
2100 38
2100 39
2100 40
2101 0
2101 1
2101 2
2101 3
2101 4
2101 5
2101 6
2101 7
2101 8
2101 9
2101 10
2101 11
2101 12
2101 13
2101 574
2101 575
2103 17
2103 18
2103 19
2103 20
2103 21
2103 22
2103 23
2103 24
2103 25
2103 26
2103 27
2103 28
2103 29
2103 30
2103 31
2103 32
2103 33
2104 0
2104 1
2104 2
2104 3
2104 4
2104 567
2104 568
2104 569
2104 570
2104 571
2104 572
2104 573
2104 574
2104 575
2105 40
2105 41
2105 42
2105 43
2105 44
2105 45
2105 46
2105 47
2105 48
2105 49
2106 9
2106 10
2106 11
2106 12
2106 13
2106 14
2106 15
2106 16
2106 17
2106 18
2106 19
2106 20
2106 21
2106 22
2106 23
2106 24
2106 25
2107 560
2107 561
2107 562
2107 563
2107 564
2107 565
2107 566
2107 567
2107 568
2107 569
2107 570
2108 30
2108 31
2108 32
2108 33
2108 34
2108 35
2108 36
2108 37
2108 38
2108 39
2108 40
2108 41
2108 42
2108 43
2109 1
2109 2
2109 3
2109 4
2109 5
2109 6
2109 7
2109 8
2109 9
2109 10
2109 11
2109 12
2109 13
2109 14
2109 15
2109 16
2111 21
2111 22
2111 23
2111 24
2111 25
2111 26
2111 27
2111 28
2111 29
2111 30
2111 31
2111 32
2111 33
2111 34
2111 35
2111 36
2112 0
2112 1
2112 2
2112 3
2112 4
2112 5
2112 6
2112 7
2112 569
2112 570
2112 571
2112 572
2112 573
2112 574
2112 575
2113 44
2113 45
2113 46
2113 47
2113 48
2113 49
2113 50
2114 12
2114 13
2114 14
2114 15
2114 16
2114 17
2114 18
2114 19
2114 20
2114 21
2114 22
2114 23
2114 24
2114 25
2114 26
2114 27
2114 28
2115 563
2115 564
2115 565
2115 566
2115 567
2115 568
2115 569
2115 570
2115 571
2115 572
2115 573
2116 34
2116 35
2116 36
2116 37
2116 38
2116 39
2116 40
2116 41
2116 42
2116 43
2116 44
2116 45
2117 4
2117 5
2117 6
2117 7
2117 8
2117 9
2117 10
2117 11
2117 12
2117 13
2117 14
2117 15
2117 16
2117 17
2117 18
2117 19
2117 20
2118 560
2119 24
2119 25
2119 26
2119 27
2119 28
2119 29
2119 30
2119 31
2119 32
2119 33
2119 34
2119 35
2119 36
2119 37
2119 38
2119 39
2120 0
2120 1
2120 2
2120 3
2120 4
2120 5
2120 6
2120 7
2120 8
2120 9
2120 10
2120 11
2120 572
2120 573
2120 574
2120 575
2121 50
2121 51
2122 16
2122 17
2122 18
2122 19
2122 20
2122 21
2122 22
2122 23
2122 24
2122 25
2122 26
2122 27
2122 28
2122 29
2122 30
2122 31
2123 0
2123 1
2123 566
2123 567
2123 568
2123 569
2123 570
2123 571
2123 572
2123 573
2123 574
2123 575
2124 37
2124 38
2124 39
2124 40
2124 41
2124 42
2124 43
2124 44
2124 45
2124 46
2124 47
2124 48
2125 7
2125 8
2125 9
2125 10
2125 11
2125 12
2125 13
2125 14
2125 15
2125 16
2125 17
2125 18
2125 19
2125 20
2125 21
2125 22
2125 23
2126 560
2126 561
2126 562
2126 563
2126 564
2126 565
2126 566
2127 28
2127 29
2127 30
2127 31
2127 32
2127 33
2127 34
2127 35
2127 36
2127 37
2127 38
2127 39
2127 40
2127 41
2128 0
2128 1
2128 2
2128 3
2128 4
2128 5
2128 6
2128 7
2128 8
2128 9
2128 10
2128 11
2128 12
2128 13
2128 14
2130 19
2130 20
2130 21
2130 22
2130 23
2130 24
2130 25
2130 26
2130 27
2130 28
2130 29
2130 30
2130 31
2130 32
2130 33
2130 34
2131 0
2131 1
2131 2
2131 3
2131 4
2131 5
2131 568
2131 569
2131 570
2131 571
2131 572
2131 573
2131 574
2131 575
2132 42
2132 43
2132 44
2132 45
2132 46
2132 47
2132 48
2132 49
2132 50
2133 11
2133 12
2133 13
2133 14
2133 15
2133 16
2133 17
2133 18
2133 19
2133 20
2133 21
2133 22
2133 23
2133 24
2133 25
2133 26
2134 563
2134 564
2134 565
2134 566
2134 567
2134 568
2134 569
2134 570
2135 32
2135 33
2135 34
2135 35
2135 36
2135 37
2135 38
2135 39
2135 40
2135 41
2135 42
2135 43
2135 44
2136 3
2136 4
2136 5
2136 6
2136 7
2136 8
2136 9
2136 10
2136 11
2136 12
2136 13
2136 14
2136 15
2136 16
2136 17
2136 18
2138 23
2138 24
2138 25
2138 26
2138 27
2138 28
2138 29
2138 30
2138 31
2138 32
2138 33
2138 34
2138 35
2138 36
2138 37
2139 0
2139 1
2139 2
2139 3
2139 4
2139 5
2139 6
2139 7
2139 8
2139 9
2139 571
2139 572
2139 573
2139 574
2139 575
2140 46
2140 47
2140 48
2140 49
2140 50
2140 51
2141 14
2141 15
2141 16
2141 17
2141 18
2141 19
2141 20
2141 21
2141 22
2141 23
2141 24
2141 25
2141 26
2141 27
2141 28
2141 29
2142 565
2142 566
2142 567
2142 568
2142 569
2142 570
2142 571
2142 572
2142 573
2142 574
2143 35
2143 36
2143 37
2143 38
2143 39
2143 40
2143 41
2143 42
2143 43
2143 44
2143 45
2143 46
2143 47
2144 6
2144 7
2144 8
2144 9
2144 10
2144 11
2144 12
2144 13
2144 14
2144 15
2144 16
2144 17
2144 18
2144 19
2144 20
2144 21
2146 26
2146 27
2146 28
2146 29
2146 30
2146 31
2146 32
2146 33
2146 34
2146 35
2146 36
2146 37
2146 38
2146 39
2146 40
2147 0
2147 1
2147 2
2147 3
2147 4
2147 5
2147 6
2147 7
2147 8
2147 9
2147 10
2147 11
2147 12
2147 574
2147 575
2149 17
2149 18
2149 19
2149 20
2149 21
2149 22
2149 23
2149 24
2149 25
2149 26
2149 27
2149 28
2149 29
2149 30
2149 31
2149 32
2150 0
2150 1
2150 2
2150 568
2150 569
2150 570
2150 571
2150 572
2150 573
2150 574
2150 575
2151 39
2151 40
2151 41
2151 42
2151 43
2151 44
2151 45
2151 46
2151 47
2151 48
2151 49
2152 9
2152 10
2152 11
2152 12
2152 13
2152 14
2152 15
2152 16
2152 17
2152 18
2152 19
2152 20
2152 21
2152 22
2152 23
2152 24
2153 564
2153 565
2154 30
2154 31
2154 32
2154 33
2154 34
2154 35
2154 36
2154 37
2154 38
2154 39
2154 40
2154 41
2154 42
2154 43
2155 1
2155 2
2155 3
2155 4
2155 5
2155 6
2155 7
2155 8
2155 9
2155 10
2155 11
2155 12
2155 13
2155 14
2155 15
2157 21
2157 22
2157 23
2157 24
2157 25
2157 26
2157 27
2157 28
2157 29
2157 30
2157 31
2157 32
2157 33
2157 34
2157 35
2158 0
2158 1
2158 2
2158 3
2158 4
2158 5
2158 6
2158 571
2158 572
2158 573
2158 574
2158 575
2159 44
2159 45
2159 46
2159 47
2159 48
2159 49
2159 50
2159 51
2160 13
2160 14
2160 15
2160 16
2160 17
2160 18
2160 19
2160 20
2160 21
2160 22
2160 23
2160 24
2160 25
2160 26
2160 27
2161 565
2161 566
2161 567
2161 568
2161 569
2161 570
2161 571
2162 34
2162 35
2162 36
2162 37
2162 38
2162 39
2162 40
2162 41
2162 42
2162 43
2162 44
2162 45
2163 5
2163 6
2163 7
2163 8
2163 9
2163 10
2163 11
2163 12
2163 13
2163 14
2163 15
2163 16
2163 17
2163 18
2163 19
2165 24
2165 25
2165 26
2165 27
2165 28
2165 29
2165 30
2165 31
2165 32
2165 33
2165 34
2165 35
2165 36
2165 37
2165 38
2166 0
2166 1
2166 2
2166 3
2166 4
2166 5
2166 6
2166 7
2166 8
2166 9
2166 573
2166 574
2166 575
2167 49
2167 50
2167 51
2168 16
2168 17
2168 18
2168 19
2168 20
2168 21
2168 22
2168 23
2168 24
2168 25
2168 26
2168 27
2168 28
2168 29
2168 30
2168 31
2169 568
2169 569
2169 570
2169 571
2169 572
2169 573
2169 574
2169 575
2170 38
2170 39
2170 40
2170 41
2170 42
2170 43
2170 44
2170 45
2170 46
2170 47
2170 48
2171 8
2171 9
2171 10
2171 11
2171 12
2171 13
2171 14
2171 15
2171 16
2171 17
2171 18
2171 19
2171 20
2171 21
2171 22
2173 28
2173 29
2173 30
2173 31
2173 32
2173 33
2173 34
2173 35
2173 36
2173 37
2173 38
2173 39
2173 40
2173 41
2174 1
2174 2
2174 3
2174 4
2174 5
2174 6
2174 7
2174 8
2174 9
2174 10
2174 11
2174 12
2174 13
2176 19
2176 20
2176 21
2176 22
2176 23
2176 24
2176 25
2176 26
2176 27
2176 28
2176 29
2176 30
2176 31
2176 32
2176 33
2176 34
2177 0
2177 1
2177 2
2177 3
2177 570
2177 571
2177 572
2177 573
2177 574
2177 575
2178 42
2178 43
2178 44
2178 45
2178 46
2178 47
2178 48
2178 49
2178 50
2179 11
2179 12
2179 13
2179 14
2179 15
2179 16
2179 17
2179 18
2179 19
2179 20
2179 21
2179 22
2179 23
2179 24
2179 25
2181 32
2181 33
2181 34
2181 35
2181 36
2181 37
2181 38
2181 39
2181 40
2181 41
2181 42
2181 43
2181 44
2182 4
2182 5
2182 6
2182 7
2182 8
2182 9
2182 10
2182 11
2182 12
2182 13
2182 14
2182 15
2182 16
2184 23
2184 24
2184 25
2184 26
2184 27
2184 28
2184 29
2184 30
2184 31
2184 32
2184 33
2184 34
2184 35
2184 36
2184 37
2185 0
2185 1
2185 2
2185 3
2185 4
2185 5
2185 6
2185 7
2185 573
2185 574
2185 575
2186 47
2186 48
2186 49
2186 50
2186 51
2187 15
2187 16
2187 17
2187 18
2187 19
2187 20
2187 21
2187 22
2187 23
2187 24
2187 25
2187 26
2187 27
2187 28
2187 29
2189 36
2189 37
2189 38
2189 39
2189 40
2189 41
2189 42
2189 43
2189 44
2189 45
2189 46
2190 7
2190 8
2190 9
2190 10
2190 11
2190 12
2190 13
2190 14
2190 15
2190 16
2190 17
2190 18
2190 19
2190 20
2192 27
2192 28
2192 29
2192 30
2192 31
2192 32
2192 33
2192 34
2192 35
2192 36
2192 37
2192 38
2192 39
2193 0
2193 1
2193 2
2193 3
2193 4
2193 5
2193 6
2193 7
2193 8
2193 9
2193 10
2195 18
2195 19
2195 20
2195 21
2195 22
2195 23
2195 24
2195 25
2195 26
2195 27
2195 28
2195 29
2195 30
2195 31
2195 32
2196 572
2196 573
2196 574
2197 40
2197 41
2197 42
2197 43
2197 44
2197 45
2197 46
2197 47
2197 48
2198 10
2198 11
2198 12
2198 13
2198 14
2198 15
2198 16
2198 17
2198 18
2198 19
2198 20
2198 21
2198 22
2198 23
2200 31
2200 32
2200 33
2200 34
2200 35
2200 36
2200 37
2200 38
2200 39
2200 40
2200 41
2200 42
2201 3
2201 4
2201 5
2201 6
2201 7
2201 8
2201 9
2201 10
2201 11
2201 12
2201 13
2201 14
2203 22
2203 23
2203 24
2203 25
2203 26
2203 27
2203 28
2203 29
2203 30
2203 31
2203 32
2203 33
2203 34
2203 35
2204 0
2204 1
2204 2
2204 3
2204 574
2204 575
2205 45
2205 46
2205 47
2205 48
2205 49
2205 50
2206 14
2206 15
2206 16
2206 17
2206 18
2206 19
2206 20
2206 21
2206 22
2206 23
2206 24
2206 25
2206 26
2208 35
2208 36
2208 37
2208 38
2208 39
2208 40
2208 41
2208 42
2208 43
2208 44
2208 45
2209 6
2209 7
2209 8
2209 9
2209 10
2209 11
2209 12
2209 13
2209 14
2209 15
2209 16
2209 17
2211 26
2211 27
2211 28
2211 29
2211 30
2211 31
2211 32
2211 33
2211 34
2211 35
2211 36
2211 37
2212 0
2212 1
2212 2
2212 3
2212 4
2212 5
2212 6
2212 7
2214 17
2214 18
2214 19
2214 20
2214 21
2214 22
2214 23
2214 24
2214 25
2214 26
2214 27
2214 28
2214 29
2216 39
2216 40
2216 41
2216 42
2216 43
2216 44
2216 45
2216 46
2216 47
2217 10
2217 11
2217 12
2217 13
2217 14
2217 15
2217 16
2217 17
2217 18
2217 19
2217 20
2219 29
2219 30
2219 31
2219 32
2219 33
2219 34
2219 35
2219 36
2219 37
2219 38
2219 39
2219 40
2220 3
2220 4
2220 5
2220 6
2220 7
2220 8
2220 9
2220 10
2222 21
2222 22
2222 23
2222 24
2222 25
2222 26
2222 27
2222 28
2222 29
2222 30
2222 31
2222 32
2224 44
2224 45
2224 46
2224 47
2224 48
2225 13
2225 14
2225 15
2225 16
2225 17
2225 18
2225 19
2225 20
2225 21
2225 22
2225 23
2225 24
2227 33
2227 34
2227 35
2227 36
2227 37
2227 38
2227 39
2227 40
2227 41
2227 42
2227 43
2228 6
2228 7
2228 8
2228 9
2228 10
2228 11
2228 12
2228 13
2228 14
2230 25
2230 26
2230 27
2230 28
2230 29
2230 30
2230 31
2230 32
2230 33
2230 34
2230 35
2233 17
2233 18
2233 19
2233 20
2233 21
2233 22
2233 23
2233 24
2233 25
2233 26
2233 27
2235 38
2235 39
2235 40
2235 41
2235 42
2235 43
2235 44
2235 45
2236 10
2236 11
2236 12
2236 13
2236 14
2236 15
2236 16
2236 17
2238 28
2238 29
2238 30
2238 31
2238 32
2238 33
2238 34
2238 35
2238 36
2238 37
2238 38
2241 20
2241 21
2241 22
2241 23
2241 24
2241 25
2241 26
2241 27
2241 28
2241 29
2241 30
2243 43
2243 44
2243 45
2243 46
2244 13
2244 14
2244 15
2244 16
2244 17
2244 18
2244 19
2244 20
2246 33
2246 34
2246 35
2246 36
2246 37
2246 38
2246 39
2246 40
2249 24
2249 25
2249 26
2249 27
2249 28
2249 29
2249 30
2249 31
2249 32
2249 33
2252 17
2252 18
2252 19
2252 20
2252 21
2252 22
2252 23
2252 24
2254 37
2254 38
2254 39
2254 40
2254 41
2254 42
2254 43
2257 28
2257 29
2257 30
2257 31
2257 32
2257 33
2257 34
2257 35
2260 20
2260 21
2260 22
2260 23
2260 24
2260 25
2260 26
2260 27
2265 32
2265 33
2265 34
2265 35
2265 36
2265 37
2265 38
2268 24
2268 25
2268 26
2268 27
2268 28
2268 29
2273 38
2276 29
2276 30
2276 31
