1994 250
1994 251
1999 245
1999 246
1999 247
2004 241
2004 242
2006 252
2006 253
2006 254
2006 255
2011 247
2011 248
2011 249
2011 250
2011 251
2016 242
2016 243
2016 244
2016 245
2016 246
2016 247
2018 256
2018 257
2018 258
2021 238
2021 239
2021 240
2021 241
2021 242
2023 250
2023 251
2023 252
2023 253
2023 254
2023 255
2026 235
2028 244
2028 245
2028 246
2028 247
2028 248
2028 249
2028 250
2028 251
2030 260
2030 261
2033 240
2033 241
2033 242
2033 243
2033 244
2033 245
2033 246
2035 253
2035 254
2035 255
2035 256
2035 257
2035 258
2038 235
2038 236
2038 237
2038 238
2038 239
2038 240
2038 241
2040 247
2040 248
2040 249
2040 250
2040 251
2040 252
2040 253
2040 254
2040 255
2043 232
2043 233
2043 234
2043 235
2045 242
2045 243
2045 244
2045 245
2045 246
2045 247
2045 248
2045 249
2045 250
2047 257
2047 258
2047 259
2047 260
2047 261
2050 238
2050 239
2050 240
2050 241
2050 242
2050 243
2050 244
2050 245
2052 251
2052 252
2052 253
2052 254
2052 255
2052 256
2052 257
2052 258
2055 234
2055 235
2055 236
2055 237
2055 238
2055 239
2055 240
2057 245
2057 246
2057 247
2057 248
2057 249
2057 250
2057 251
2057 252
2057 253
2057 254
2059 261
2059 262
2059 263
2060 230
2060 231
2060 232
2060 233
2060 234
2062 240
2062 241
2062 242
2062 243
2062 244
2062 245
2062 246
2062 247
2062 248
2062 249
2064 254
2064 255
2064 256
2064 257
2064 258
2064 259
2064 260
2064 261
2067 236
2067 237
2067 238
2067 239
2067 240
2067 241
2067 242
2067 243
2067 244
2069 249
2069 250
2069 251
2069 252
2069 253
2069 254
2069 255
2069 256
2069 257
2072 232
2072 233
2072 234
2072 235
2072 236
2072 237
2072 238
2072 239
2074 243
2074 244
2074 245
2074 246
2074 247
2074 248
2074 249
2074 250
2074 251
2074 252
2074 253
2076 258
2076 259
2076 260
2076 261
2076 262
2076 263
2077 229
2077 230
2077 231
2077 232
2077 233
2079 239
2079 240
2079 241
2079 242
2079 243
2079 244
2079 245
2079 246
2079 247
2079 248
2081 252
2081 253
2081 254
2081 255
2081 256
2081 257
2081 258
2081 259
2081 260
2084 234
2084 235
2084 236
2084 237
2084 238
2084 239
2084 240
2084 241
2084 242
2084 243
2086 247
2086 248
2086 249
2086 250
2086 251
2086 252
2086 253
2086 254
2086 255
2086 256
2088 264
2088 265
2089 230
2089 231
2089 232
2089 233
2089 234
2089 235
2089 236
2089 237
2089 238
2091 242
2091 243
2091 244
2091 245
2091 246
2091 247
2091 248
2091 249
2091 250
2091 251
2091 252
2093 256
2093 257
2093 258
2093 259
2093 260
2093 261
2093 262
2093 263
2094 227
2094 228
2094 229
2094 230
2094 231
2094 232
2096 237
2096 238
2096 239
2096 240
2096 241
2096 242
2096 243
2096 244
2096 245
2096 246
2096 247
2098 250
2098 251
2098 252
2098 253
2098 254
2098 255
2098 256
2098 257
2098 258
2098 259
2101 233
2101 234
2101 235
2101 236
2101 237
2101 238
2101 239
2101 240
2101 241
2101 242
2103 245
2103 246
2103 247
2103 248
2103 249
2103 250
2103 251
2103 252
2103 253
2103 254
2103 255
2105 261
2105 262
2105 263
2105 264
2105 265
2106 229
2106 230
2106 231
2106 232
2106 233
2106 234
2106 235
2106 236
2108 240
2108 241
2108 242
2108 243
2108 244
2108 245
2108 246
2108 247
2108 248
2108 249
2108 250
2110 254
2110 255
2110 256
2110 257
2110 258
2110 259
2110 260
2110 261
2110 262
2111 226
2111 227
2111 228
2111 229
2111 230
2113 235
2113 236
2113 237
2113 238
2113 239
2113 240
2113 241
2113 242
2113 243
2113 244
2113 245
2113 246
2115 248
2115 249
2115 250
2115 251
2115 252
2115 253
2115 254
2115 255
2115 256
2115 257
2115 258
2118 231
2118 232
2118 233
2118 234
2118 235
2118 236
2118 237
2118 238
2118 239
2118 240
2120 243
2120 244
2120 245
2120 246
2120 247
2120 248
2120 249
2120 250
2120 251
2120 252
2120 253
2120 254
2122 259
2122 260
2122 261
2122 262
2122 263
2122 264
2123 228
2123 229
2123 230
2123 231
2123 232
2123 233
2123 234
2123 235
2125 238
2125 239
2125 240
2125 241
2125 242
2125 243
2125 244
2125 245
2125 246
2125 247
2125 248
2125 249
2127 252
2127 253
2127 254
2127 255
2127 256
2127 257
2127 258
2127 259
2127 260
2127 261
2128 225
2128 226
2128 227
2128 228
2130 234
2130 235
2130 236
2130 237
2130 238
2130 239
2130 240
2130 241
2130 242
2130 243
2130 244
2132 247
2132 248
2132 249
2132 250
2132 251
2132 252
2132 253
2132 254
2132 255
2132 256
2132 257
2134 264
2134 265
2135 230
2135 231
2135 232
2135 233
2135 234
2135 235
2135 236
2135 237
2135 238
2135 239
2137 242
2137 243
2137 244
2137 245
2137 246
2137 247
2137 248
2137 249
2137 250
2137 251
2137 252
2137 253
2139 257
2139 258
2139 259
2139 260
2139 261
2139 262
2139 263
2139 264
2140 226
2140 227
2140 228
2140 229
2140 230
2140 231
2140 232
2140 233
2142 237
2142 238
2142 239
2142 240
2142 241
2142 242
2142 243
2142 244
2142 245
2142 246
2142 247
2142 248
2144 251
2144 252
2144 253
2144 254
2144 255
2144 256
2144 257
2144 258
2144 259
2144 260
2147 233
2147 234
2147 235
2147 236
2147 237
2147 238
2147 239
2147 240
2147 241
2147 242
2147 243
2149 245
2149 246
2149 247
2149 248
2149 249
2149 250
2149 251
2149 252
2149 253
2149 254
2149 255
2149 256
2151 262
2151 263
2151 264
2151 265
2152 229
2152 230
2152 231
2152 232
2152 233
2152 234
2152 235
2152 236
2152 237
2154 240
2154 241
2154 242
2154 243
2154 244
2154 245
2154 246
2154 247
2154 248
2154 249
2154 250
2154 251
2156 255
2156 256
2156 257
2156 258
2156 259
2156 260
2156 261
2156 262
2156 263
2157 225
2157 226
2157 227
2157 228
2157 229
2157 230
2157 231
2159 236
2159 237
2159 238
2159 239
2159 240
2159 241
2159 242
2159 243
2159 244
2159 245
2159 246
2161 249
2161 250
2161 251
2161 252
2161 253
2161 254
2161 255
2161 256
2161 257
2161 258
2161 259
2164 231
2164 232
2164 233
2164 234
2164 235
2164 236
2164 237
2164 238
2164 239
2164 240
2164 241
2166 244
2166 245
2166 246
2166 247
2166 248
2166 249
2166 250
2166 251
2166 252
2166 253
2166 254
2168 260
2168 261
2168 262
2168 263
2168 264
2169 228
2169 229
2169 230
2169 231
2169 232
2169 233
2169 234
2169 235
2171 239
2171 240
2171 241
2171 242
2171 243
2171 244
2171 245
2171 246
2171 247
2171 248
2171 249
2171 250
2173 253
2173 254
2173 255
2173 256
2173 257
2173 258
2173 259
2173 260
2173 261
2174 225
2174 226
2174 227
2174 228
2174 229
2176 234
2176 235
2176 236
2176 237
2176 238
2176 239
2176 240
2176 241
2176 242
2176 243
2176 244
2176 245
2178 248
2178 249
2178 250
2178 251
2178 252
2178 253
2178 254
2178 255
2178 256
2178 257
2181 230
2181 231
2181 232
2181 233
2181 234
2181 235
2181 236
2181 237
2181 238
2181 239
2183 242
2183 243
2183 244
2183 245
2183 246
2183 247
2183 248
2183 249
2183 250
2183 251
2183 252
2183 253
2185 258
2185 259
2185 260
2185 261
2185 262
2185 263
2186 227
2186 228
2186 229
2186 230
2186 231
2186 232
2186 233
2188 238
2188 239
2188 240
2188 241
2188 242
2188 243
2188 244
2188 245
2188 246
2188 247
2188 248
2190 252
2190 253
2190 254
2190 255
2190 256
2190 257
2190 258
2190 259
2190 260
2193 233
2193 234
2193 235
2193 236
2193 237
2193 238
2193 239
2193 240
2193 241
2193 242
2193 243
2195 246
2195 247
2195 248
2195 249
2195 250
2195 251
2195 252
2195 253
2195 254
2195 255
2195 256
2198 229
2198 230
2198 231
2198 232
2198 233
2198 234
2198 235
2198 236
2198 237
2200 241
2200 242
2200 243
2200 244
2200 245
2200 246
2200 247
2200 248
2200 249
2200 250
2200 251
2202 256
2202 257
2202 258
2202 259
2202 260
2202 261
2202 262
2203 226
2203 227
2203 228
2203 229
2203 230
2203 231
2205 236
2205 237
2205 238
2205 239
2205 240
2205 241
2205 242
2205 243
2205 244
2205 245
2205 246
2207 250
2207 251
2207 252
2207 253
2207 254
2207 255
2207 256
2207 257
2207 258
2207 259
2210 232
2210 233
2210 234
2210 235
2210 236
2210 237
2210 238
2210 239
2210 240
2210 241
2212 245
2212 246
2212 247
2212 248
2212 249
2212 250
2212 251
2212 252
2212 253
2212 254
2215 228
2215 229
2215 230
2215 231
2215 232
2215 233
2215 234
2215 235
2217 240
2217 241
2217 242
2217 243
2217 244
2217 245
2217 246
2217 247
2217 248
2217 249
2217 250
2219 255
2219 256
2219 257
2219 258
2219 259
2219 260
2219 261
2220 226
2220 227
2220 228
2222 235
2222 236
2222 237
2222 238
2222 239
2222 240
2222 241
2222 242
2222 243
2222 244
2224 249
2224 250
2224 251
2224 252
2224 253
2224 254
2224 255
2224 256
2224 257
2227 231
2227 232
2227 233
2227 234
2227 235
2227 236
2227 237
2227 238
2227 239
2229 244
2229 245
2229 246
2229 247
2229 248
2229 249
2229 250
2229 251
2229 252
2232 228
2232 229
2232 230
2232 231
2232 232
2234 239
2234 240
2234 241
2234 242
2234 243
2234 244
2234 245
2234 246
2234 247
2234 248
2236 254
2236 255
2236 256
2236 257
2236 258
2236 259
2239 234
2239 235
2239 236
2239 237
2239 238
2239 239
2239 240
2239 241
2239 242
2241 248
2241 249
2241 250
2241 251
2241 252
2241 253
2241 254
2241 255
2244 231
2244 232
2244 233
2244 234
2244 235
2244 236
2246 243
2246 244
2246 245
2246 246
2246 247
2246 248
2246 249
2246 250
2251 238
2251 239
2251 240
2251 241
2251 242
2251 243
2251 244
2251 245
2253 253
2253 254
2253 255
2253 256
2253 257
2256 234
2256 235
2256 236
2256 237
2256 238
2256 239
2256 240
2258 247
2258 248
2258 249
2258 250
2258 251
2258 252
2258 253
2261 231
2261 232
2261 233
2263 242
2263 243
2263 244
2263 245
2263 246
2263 247
2263 248
2268 237
2268 238
2268 239
2268 240
2268 241
2268 242
2268 243
2270 253
2270 254
2273 234
2273 235
2273 236
2273 237
2275 246
2275 247
2275 248
2275 249
2275 250
2280 241
2280 242
2280 243
2280 244
2280 245
2285 238
2285 239
3231 261
3236 255
3236 256
3236 257
3236 258
3241 250
3241 251
3241 252
3241 253
3241 254
3243 264
3243 265
3246 246
3246 247
3246 248
3246 249
3248 257
3248 258
3248 259
3248 260
3248 261
3248 262
3253 252
3253 253
3253 254
3253 255
3253 256
3253 257
3253 258
3255 268
3258 248
3258 249
3258 250
3258 251
3258 252
3258 253
3258 254
3260 261
3260 262
3260 263
3260 264
3260 265
3260 266
3263 244
3263 245
3263 246
3263 247
3263 248
3263 249
3265 255
3265 256
3265 257
3265 258
3265 259
3265 260
3265 261
3265 262
3268 240
3268 241
3268 242
3268 243
3270 250
3270 251
3270 252
3270 253
3270 254
3270 255
3270 256
3270 257
3270 258
3272 264
3272 265
3272 266
3272 267
3272 268
3272 269
3275 246
3275 247
3275 248
3275 249
3275 250
3275 251
3275 252
3275 253
3275 254
3277 259
3277 260
3277 261
3277 262
3277 263
3277 264
3277 265
3277 266
3280 242
3280 243
3280 244
3280 245
3280 246
3280 247
3280 248
3280 249
3282 253
3282 254
3282 255
3282 256
3282 257
3282 258
3282 259
3282 260
3282 261
3282 262
3284 269
3284 270
3284 271
3284 272
3285 239
3285 240
3285 241
3285 242
3285 243
3287 249
3287 250
3287 251
3287 252
3287 253
3287 254
3287 255
3287 256
3287 257
3287 258
3289 262
3289 263
3289 264
3289 265
3289 266
3289 267
3289 268
3289 269
3292 244
3292 245
3292 246
3292 247
3292 248
3292 249
3292 250
3292 251
3292 252
3292 253
3294 257
3294 258
3294 259
3294 260
3294 261
3294 262
3294 263
3294 264
3294 265
3294 266
3297 240
3297 241
3297 242
3297 243
3297 244
3297 245
3297 246
3297 247
3297 248
3299 252
3299 253
3299 254
3299 255
3299 256
3299 257
3299 258
3299 259
3299 260
3299 261
3299 262
3301 266
3301 267
3301 268
3301 269
3301 270
3301 271
3301 272
3301 273
3302 237
3302 238
3302 239
3302 240
3302 241
3302 242
3304 247
3304 248
3304 249
3304 250
3304 251
3304 252
3304 253
3304 254
3304 255
3304 256
3304 257
3306 260
3306 261
3306 262
3306 263
3306 264
3306 265
3306 266
3306 267
3306 268
3306 269
3309 243
3309 244
3309 245
3309 246
3309 247
3309 248
3309 249
3309 250
3309 251
3309 252
3311 255
3311 256
3311 257
3311 258
3311 259
3311 260
3311 261
3311 262
3311 263
3311 264
3311 265
3313 271
3313 272
3313 273
3313 274
3313 275
3314 239
3314 240
3314 241
3314 242
3314 243
3314 244
3314 245
3314 246
3314 247
3316 250
3316 251
3316 252
3316 253
3316 254
3316 255
3316 256
3316 257
3316 258
3316 259
3316 260
3316 261
3318 264
3318 265
3318 266
3318 267
3318 268
3318 269
3318 270
3318 271
3318 272
3319 236
3319 237
3319 238
3319 239
3319 240
3319 241
3321 246
3321 247
3321 248
3321 249
3321 250
3321 251
3321 252
3321 253
3321 254
3321 255
3321 256
3323 259
3323 260
3323 261
3323 262
3323 263
3323 264
3323 265
3323 266
3323 267
3323 268
3323 269
3326 242
3326 243
3326 244
3326 245
3326 246
3326 247
3326 248
3326 249
3326 250
3326 251
3326 252
3328 254
3328 255
3328 256
3328 257
3328 258
3328 259
3328 260
3328 261
3328 262
3328 263
3328 264
3328 265
3330 269
3330 270
3330 271
3330 272
3330 273
3330 274
3330 275
3331 238
3331 239
3331 240
3331 241
3331 242
3331 243
3331 244
3331 245
3331 246
3333 249
3333 250
3333 251
3333 252
3333 253
3333 254
3333 255
3333 256
3333 257
3333 258
3333 259
3333 260
3335 263
3335 264
3335 265
3335 266
3335 267
3335 268
3335 269
3335 270
3335 271
3335 272
3336 235
3336 236
3336 237
3336 238
3336 239
3336 240
3338 244
3338 245
3338 246
3338 247
3338 248
3338 249
3338 250
3338 251
3338 252
3338 253
3338 254
3338 255
3338 256
3340 257
3340 258
3340 259
3340 260
3340 261
3340 262
3340 263
3340 264
3340 265
3340 266
3340 267
3340 268
3342 274
3342 275
3342 276
3342 277
3343 240
3343 241
3343 242
3343 243
3343 244
3343 245
3343 246
3343 247
3343 248
3343 249
3343 250
3343 251
3345 252
3345 253
3345 254
3345 255
3345 256
3345 257
3345 258
3345 259
3345 260
3345 261
3345 262
3345 263
3345 264
3347 267
3347 268
3347 269
3347 270
3347 271
3347 272
3347 273
3347 274
3347 275
3348 237
3348 238
3348 239
3348 240
3348 241
3348 242
3348 243
3348 244
3348 245
3350 248
3350 249
3350 250
3350 251
3350 252
3350 253
3350 254
3350 255
3350 256
3350 257
3350 258
3350 259
3350 260
3352 261
3352 262
3352 263
3352 264
3352 265
3352 266
3352 267
3352 268
3352 269
3352 270
3352 271
3352 272
3353 234
3353 235
3353 236
3353 237
3353 238
3353 239
3355 243
3355 244
3355 245
3355 246
3355 247
3355 248
3355 249
3355 250
3355 251
3355 252
3355 253
3355 254
3355 255
3357 256
3357 257
3357 258
3357 259
3357 260
3357 261
3357 262
3357 263
3357 264
3357 265
3357 266
3357 267
3357 268
3359 272
3359 273
3359 274
3359 275
3359 276
3359 277
3359 278
3360 239
3360 240
3360 241
3360 242
3360 243
3360 244
3360 245
3360 246
3360 247
3360 248
3360 249
3362 251
3362 252
3362 253
3362 254
3362 255
3362 256
3362 257
3362 258
3362 259
3362 260
3362 261
3362 262
3362 263
3364 265
3364 266
3364 267
3364 268
3364 269
3364 270
3364 271
3364 272
3364 273
3364 274
3364 275
3365 236
3365 237
3365 238
3365 239
3365 240
3365 241
3365 242
3365 243
3365 244
3367 246
3367 247
3367 248
3367 249
3367 250
3367 251
3367 252
3367 253
3367 254
3367 255
3367 256
3367 257
3367 258
3367 259
3369 260
3369 261
3369 262
3369 263
3369 264
3369 265
3369 266
3369 267
3369 268
3369 269
3369 270
3369 271
3370 234
3370 235
3370 236
3370 237
3371 278
3372 242
3372 243
3372 244
3372 245
3372 246
3372 247
3372 248
3372 249
3372 250
3372 251
3372 252
3372 253
3372 254
3374 255
3374 256
3374 257
3374 258
3374 259
3374 260
3374 261
3374 262
3374 263
3374 264
3374 265
3374 266
3374 267
3376 270
3376 271
3376 272
3376 273
3376 274
3376 275
3376 276
3376 277
3377 238
3377 239
3377 240
3377 241
3377 242
3377 243
3377 244
3377 245
3377 246
3377 247
3377 248
3379 250
3379 251
3379 252
3379 253
3379 254
3379 255
3379 256
3379 257
3379 258
3379 259
3379 260
3379 261
3379 262
3381 264
3381 265
3381 266
3381 267
3381 268
3381 269
3381 270
3381 271
3381 272
3381 273
3381 274
3382 235
3382 236
3382 237
3382 238
3382 239
3382 240
3382 241
3382 242
3384 245
3384 246
3384 247
3384 248
3384 249
3384 250
3384 251
3384 252
3384 253
3384 254
3384 255
3384 256
3384 257
3384 258
3386 258
3386 259
3386 260
3386 261
3386 262
3386 263
3386 264
3386 265
3386 266
3386 267
3386 268
3386 269
3386 270
3388 275
3388 276
3388 277
3388 278
3388 279
3388 280
3389 241
3389 242
3389 243
3389 244
3389 245
3389 246
3389 247
3389 248
3389 249
3389 250
3389 251
3389 252
3391 133
3391 253
3391 254
3391 255
3391 256
3391 257
3391 258
3391 259
3391 260
3391 261
3391 262
3391 263
3391 264
3391 265
3391 266
3393 268
3393 269
3393 270
3393 271
3393 272
3393 273
3393 274
3393 275
3393 276
3393 277
3394 237
3394 238
3394 239
3394 240
3394 241
3394 242
3394 243
3394 244
3394 245
3394 246
3394 247
3396 248
3396 249
3396 250
3396 251
3396 252
3396 253
3396 254
3396 255
3396 256
3396 257
3396 258
3396 259
3396 260
3396 261
3398 262
3398 263
3398 264
3398 265
3398 266
3398 267
3398 268
3398 269
3398 270
3398 271
3398 272
3398 273
3398 274
3399 234
3399 235
3399 236
3399 237
3399 238
3399 239
3399 240
3399 241
3401 244
3401 245
3401 246
3401 247
3401 248
3401 249
3401 250
3401 251
3401 252
3401 253
3401 254
3401 255
3401 256
3403 136
3403 137
3403 138
3403 257
3403 258
3403 259
3403 260
3403 261
3403 262
3403 263
3403 264
3403 265
3403 266
3403 267
3403 268
3403 269
3405 273
3405 274
3405 275
3405 276
3405 277
3405 278
3405 279
3405 280
3406 240
3406 241
3406 242
3406 243
3406 244
3406 245
3406 246
3406 247
3406 248
3406 249
3406 250
3406 251
3408 131
3408 132
3408 133
3408 252
3408 253
3408 254
3408 255
3408 256
3408 257
3408 258
3408 259
3408 260
3408 261
3408 262
3408 263
3408 264
3408 265
3410 267
3410 268
3410 269
3410 270
3410 271
3410 272
3410 273
3410 274
3410 275
3410 276
3410 277
3411 237
3411 238
3411 239
3411 240
3411 241
3411 242
3411 243
3411 244
3411 245
3413 247
3413 248
3413 249
3413 250
3413 251
3413 252
3413 253
3413 254
3413 255
3413 256
3413 257
3413 258
3413 259
3413 260
3415 139
3415 140
3415 141
3415 261
3415 262
3415 263
3415 264
3415 265
3415 266
3415 267
3415 268
3415 269
3415 270
3415 271
3415 272
3415 273
3416 234
3416 235
3416 236
3416 237
3416 238
3416 239
3418 243
3418 244
3418 245
3418 246
3418 247
3418 248
3418 249
3418 250
3418 251
3418 252
3418 253
3418 254
3418 255
3420 134
3420 135
3420 136
3420 137
3420 256
3420 257
3420 258
3420 259
3420 260
3420 261
3420 262
3420 263
3420 264
3420 265
3420 266
3420 267
3420 268
3420 269
3422 271
3422 272
3422 273
3422 274
3422 275
3422 276
3422 277
3422 278
3422 279
3423 239
3423 240
3423 241
3423 242
3423 243
3423 244
3423 245
3423 246
3423 247
3423 248
3423 249
3423 250
3425 129
3425 130
3425 131
3425 132
3425 251
3425 252
3425 253
3425 254
3425 255
3425 256
3425 257
3425 258
3425 259
3425 260
3425 261
3425 262
3425 263
3425 264
3427 265
3427 266
3427 267
3427 268
3427 269
3427 270
3427 271
3427 272
3427 273
3427 274
3427 275
3427 276
3428 236
3428 237
3428 238
3428 239
3428 240
3428 241
3428 242
3428 243
3428 244
3430 246
3430 247
3430 248
3430 249
3430 250
3430 251
3430 252
3430 253
3430 254
3430 255
3430 256
3430 257
3430 258
3430 259
3432 137
3432 138
3432 139
3432 140
3432 141
3432 260
3432 261
3432 262
3432 263
3432 264
3432 265
3432 266
3432 267
3432 268
3432 269
3432 270
3432 271
3432 272
3434 277
3434 278
3434 279
3434 280
3434 281
3435 242
3435 243
3435 244
3435 245
3435 246
3435 247
3435 248
3435 249
3435 250
3435 251
3435 252
3435 253
3435 254
3437 132
3437 133
3437 134
3437 135
3437 136
3437 137
3437 255
3437 256
3437 257
3437 258
3437 259
3437 260
3437 261
3437 262
3437 263
3437 264
3437 265
3437 266
3437 267
3437 268
3439 270
3439 271
3439 272
3439 273
3439 274
3439 275
3439 276
3439 277
3439 278
3439 279
3440 238
3440 239
3440 240
3440 241
3440 242
3440 243
3440 244
3440 245
3440 246
3440 247
3440 248
3442 128
3442 129
3442 130
3442 131
3442 250
3442 251
3442 252
3442 253
3442 254
3442 255
3442 256
3442 257
3442 258
3442 259
3442 260
3442 261
3442 262
3442 263
3444 141
3444 142
3444 143
3444 144
3444 264
3444 265
3444 266
3444 267
3444 268
3444 269
3444 270
3444 271
3444 272
3444 273
3444 274
3444 275
3445 236
3445 237
3445 238
3445 239
3445 240
3445 241
3445 242
3447 245
3447 246
3447 247
3447 248
3447 249
3447 250
3447 251
3447 252
3447 253
3447 254
3447 255
3447 256
3447 257
3447 258
3449 135
3449 136
3449 137
3449 138
3449 139
3449 140
3449 259
3449 260
3449 261
3449 262
3449 263
3449 264
3449 265
3449 266
3449 267
3449 268
3449 269
3449 270
3449 271
3451 275
3451 276
3451 277
3451 278
3451 279
3451 280
3451 281
3452 241
3452 242
3452 243
3452 244
3452 245
3452 246
3452 247
3452 248
3452 249
3452 250
3452 251
3452 252
3454 131
3454 132
3454 133
3454 134
3454 135
3454 136
3454 253
3454 254
3454 255
3454 256
3454 257
3454 258
3454 259
3454 260
3454 261
3454 262
3454 263
3454 264
3454 265
3454 266
3456 268
3456 269
3456 270
3456 271
3456 272
3456 273
3456 274
3456 275
3456 276
3456 277
3456 278
3457 238
3457 239
3457 240
3457 241
3457 242
3457 243
3457 244
3457 245
3457 246
3459 127
3459 128
3459 129
3459 130
3459 249
3459 250
3459 251
3459 252
3459 253
3459 254
3459 255
3459 256
3459 257
3459 258
3459 259
3459 260
3459 261
3459 262
3461 139
3461 140
3461 141
3461 142
3461 143
3461 263
3461 264
3461 265
3461 266
3461 267
3461 268
3461 269
3461 270
3461 271
3461 272
3461 273
3461 274
3462 236
3462 237
3462 238
3462 239
3464 244
3464 245
3464 246
3464 247
3464 248
3464 249
3464 250
3464 251
3464 252
3464 253
3464 254
3464 255
3464 256
3466 134
3466 135
3466 136
3466 137
3466 138
3466 139
3466 257
3466 258
3466 259
3466 260
3466 261
3466 262
3466 263
3466 264
3466 265
3466 266
3466 267
3466 268
3466 269
3466 270
3468 274
3468 275
3468 276
3468 277
3468 278
3468 279
3468 280
3469 241
3469 242
3469 243
3469 244
3469 245
3469 246
3469 247
3469 248
3469 249
3469 250
3469 251
3471 129
3471 130
3471 131
3471 132
3471 133
3471 134
3471 252
3471 253
3471 254
3471 255
3471 256
3471 257
3471 258
3471 259
3471 260
3471 261
3471 262
3471 263
3471 264
3471 265
3473 144
3473 145
3473 146
3473 267
3473 268
3473 269
3473 270
3473 271
3473 272
3473 273
3473 274
3473 275
3473 276
3473 277
3474 238
3474 239
3474 240
3474 241
3474 242
3474 243
3474 244
3474 245
3476 126
3476 127
3476 128
3476 129
3476 248
3476 249
3476 250
3476 251
3476 252
3476 253
3476 254
3476 255
3476 256
3476 257
3476 258
3476 259
3476 260
3478 138
3478 139
3478 140
3478 141
3478 142
3478 143
3478 262
3478 263
3478 264
3478 265
3478 266
3478 267
3478 268
3478 269
3478 270
3478 271
3478 272
3478 273
3480 281
3481 244
3481 245
3481 246
3481 247
3481 248
3481 249
3481 250
3481 251
3481 252
3481 253
3481 254
3481 255
3483 133
3483 134
3483 135
3483 136
3483 137
3483 138
3483 256
3483 257
3483 258
3483 259
3483 260
3483 261
3483 262
3483 263
3483 264
3483 265
3483 266
3483 267
3483 268
3483 269
3485 272
3485 273
3485 274
3485 275
3485 276
3485 277
3485 278
3485 279
3485 280
3486 240
3486 241
3486 242
3486 243
3486 244
3486 245
3486 246
3486 247
3486 248
3486 249
3488 128
3488 129
3488 130
3488 131
3488 132
3488 133
3488 252
3488 253
3488 254
3488 255
3488 256
3488 257
3488 258
3488 259
3488 260
3488 261
3488 262
3488 263
3488 264
3490 142
3490 143
3490 144
3490 145
3490 266
3490 267
3490 268
3490 269
3490 270
3490 271
3490 272
3490 273
3490 274
3490 275
3490 276
3491 238
3491 239
3491 240
3491 241
3491 242
3493 125
3493 126
3493 127
3493 247
3493 248
3493 249
3493 250
3493 251
3493 252
3493 253
3493 254
3493 255
3493 256
3493 257
3493 258
3493 259
3495 136
3495 137
3495 138
3495 139
3495 140
3495 141
3495 142
3495 260
3495 261
3495 262
3495 263
3495 264
3495 265
3495 266
3495 267
3495 268
3495 269
3495 270
3495 271
3495 272
3497 278
3497 279
3497 280
3497 281
3498 243
3498 244
3498 245
3498 246
3498 247
3498 248
3498 249
3498 250
3498 251
3498 252
3498 253
3500 131
3500 132
3500 133
3500 134
3500 135
3500 136
3500 137
3500 255
3500 256
3500 257
3500 258
3500 259
3500 260
3500 261
3500 262
3500 263
3500 264
3500 265
3500 266
3500 267
3500 268
3502 271
3502 272
3502 273
3502 274
3502 275
3502 276
3502 277
3502 278
3502 279
3503 240
3503 241
3503 242
3503 243
3503 244
3503 245
3503 246
3503 247
3505 127
3505 128
3505 129
3505 130
3505 131
3505 132
3505 251
3505 252
3505 253
3505 254
3505 255
3505 256
3505 257
3505 258
3505 259
3505 260
3505 261
3505 262
3505 263
3507 140
3507 141
3507 142
3507 143
3507 144
3507 145
3507 265
3507 266
3507 267
3507 268
3507 269
3507 270
3507 271
3507 272
3507 273
3507 274
3507 275
3510 246
3510 247
3510 248
3510 249
3510 250
3510 251
3510 252
3510 253
3510 254
3510 255
3510 256
3510 257
3512 135
3512 136
3512 137
3512 138
3512 139
3512 140
3512 141
3512 259
3512 260
3512 261
3512 262
3512 263
3512 264
3512 265
3512 266
3512 267
3512 268
3512 269
3512 270
3512 271
3514 276
3514 277
3514 278
3514 279
3514 280
3514 281
3515 243
3515 244
3515 245
3515 246
3515 247
3515 248
3515 249
3515 250
3515 251
3515 252
3517 130
3517 131
3517 132
3517 133
3517 134
3517 135
3517 136
3517 254
3517 255
3517 256
3517 257
3517 258
3517 259
3517 260
3517 261
3517 262
3517 263
3517 264
3517 265
3517 266
3519 145
3519 146
3519 147
3519 270
3519 271
3519 272
3519 273
3519 274
3519 275
3519 276
3519 277
3519 278
3520 240
3520 241
3520 242
3520 243
3520 244
3520 245
3522 127
3522 128
3522 129
3522 130
3522 250
3522 251
3522 252
3522 253
3522 254
3522 255
3522 256
3522 257
3522 258
3522 259
3522 260
3522 261
3524 139
3524 140
3524 141
3524 142
3524 143
3524 144
3524 264
3524 265
3524 266
3524 267
3524 268
3524 269
3524 270
3524 271
3524 272
3524 273
3524 274
3527 246
3527 247
3527 248
3527 249
3527 250
3527 251
3527 252
3527 253
3527 254
3527 255
3527 256
3529 134
3529 135
3529 136
3529 137
3529 138
3529 139
3529 259
3529 260
3529 261
3529 262
3529 263
3529 264
3529 265
3529 266
3529 267
3529 268
3529 269
3529 270
3531 275
3531 276
3531 277
3531 278
3531 279
3531 280
3532 242
3532 243
3532 244
3532 245
3532 246
3532 247
3532 248
3532 249
3532 250
3534 129
3534 130
3534 131
3534 132
3534 133
3534 134
3534 254
3534 255
3534 256
3534 257
3534 258
3534 259
3534 260
3534 261
3534 262
3534 263
3534 264
3534 265
3536 143
3536 144
3536 145
3536 146
3536 268
3536 269
3536 270
3536 271
3536 272
3536 273
3536 274
3536 275
3536 276
3536 277
3539 127
3539 249
3539 250
3539 251
3539 252
3539 253
3539 254
3539 255
3539 256
3539 257
3539 258
3539 259
3539 260
3541 137
3541 138
3541 139
3541 140
3541 141
3541 142
3541 263
3541 264
3541 265
3541 266
3541 267
3541 268
3541 269
3541 270
3541 271
3541 272
3541 273
3544 245
3544 246
3544 247
3544 248
3544 249
3544 250
3544 251
3544 252
3544 253
3544 254
3546 133
3546 134
3546 135
3546 136
3546 137
3546 138
3546 258
3546 259
3546 260
3546 261
3546 262
3546 263
3546 264
3546 265
3546 266
3546 267
3546 268
3548 274
3548 275
3548 276
3548 277
3548 278
3548 279
3548 280
3549 243
3549 244
3549 245
3549 246
3549 247
3551 129
3551 130
3551 131
3551 132
3551 253
3551 254
3551 255
3551 256
3551 257
3551 258
3551 259
3551 260
3551 261
3551 262
3551 263
3553 142
3553 143
3553 144
3553 145
3553 267
3553 268
3553 269
3553 270
3553 271
3553 272
3553 273
3553 274
3553 275
3553 276
3556 249
3556 250
3556 251
3556 252
3556 253
3556 254
3556 255
3556 256
3556 257
3556 258
3558 136
3558 137
3558 138
3558 139
3558 140
3558 141
3558 262
3558 263
3558 264
3558 265
3558 266
3558 267
3558 268
3558 269
3558 270
3558 271
3558 272
3561 245
3561 246
3561 247
3561 248
3561 249
3561 250
3561 251
3561 252
3563 132
3563 133
3563 134
3563 135
3563 136
3563 257
3563 258
3563 259
3563 260
3563 261
3563 262
3563 263
3563 264
3563 265
3563 266
3563 267
3565 273
3565 274
3565 275
3565 276
3565 277
3565 278
3565 279
3568 129
3568 252
3568 253
3568 254
3568 255
3568 256
3568 257
3568 258
3568 259
3568 260
3568 261
3568 262
3570 141
3570 142
3570 143
3570 144
3570 267
3570 268
3570 269
3570 270
3570 271
3570 272
3570 273
3570 274
3570 275
3573 249
3573 250
3573 251
3573 252
3573 253
3573 254
3573 255
3573 256
3575 135
3575 136
3575 137
3575 138
3575 139
3575 261
3575 262
3575 263
3575 264
3575 265
3575 266
3575 267
3575 268
3575 269
3575 270
3578 246
3578 247
3578 248
3578 249
3580 131
3580 132
3580 133
3580 134
3580 256
3580 257
3580 258
3580 259
3580 260
3580 261
3580 262
3580 263
3580 264
3580 265
3582 272
3582 273
3582 274
3582 275
3582 276
3582 277
3582 278
3585 252
3585 253
3585 254
3585 255
3585 256
3585 257
3585 258
3585 259
3585 260
3587 140
3587 141
3587 142
3587 266
3587 267
3587 268
3587 269
3587 270
3587 271
3587 272
3587 273
3587 274
3590 249
3590 250
3590 251
3590 252
3590 253
3590 254
3592 135
3592 136
3592 137
3592 261
3592 262
3592 263
3592 264
3592 265
3592 266
3592 267
3592 268
3592 269
3597 256
3597 257
3597 258
3597 259
3597 260
3597 261
3597 262
3597 263
3597 264
3599 271
3599 272
3599 273
3599 274
3599 275
3599 276
3602 252
3602 253
3602 254
3602 255
3602 256
3602 257
3602 258
3604 139
3604 140
3604 265
3604 266
3604 267
3604 268
3604 269
3604 270
3604 271
3604 272
3609 260
3609 261
3609 262
3609 263
3609 264
3609 265
3609 266
3609 267
3614 256
3614 257
3614 258
3614 259
3614 260
3614 261
3614 262
3616 270
3616 271
3616 272
3616 273
3616 274
3616 275
3619 253
3619 254
3619 255
3621 265
3621 266
3621 267
3621 268
3621 269
3621 270
3621 271
3626 260
3626 261
3626 262
3626 263
3626 264
3626 265
3631 256
3631 257
3631 258
3631 259
3633 270
3633 271
3633 272
3633 273
3638 264
3638 265
3638 266
3638 267
3638 268
3638 269
3643 260
3643 261
3643 262
3643 263
3650 270
3650 271
3655 265
3655 266
