0 222
0 223
0 224
0 225
0 226
0 227
0 228
0 229
0 230
0 231
0 232
0 233
1 217
1 218
1 219
1 220
1 221
1 222
1 223
1 224
1 225
1 226
1 227
2 212
2 213
2 214
2 215
2 216
2 217
2 218
2 219
2 220
3 207
3 208
3 209
3 210
3 211
3 212
3 213
9 251
9 252
9 253
9 254
10 243
10 244
10 245
10 246
10 247
10 248
10 249
10 250
10 251
11 236
11 237
11 238
11 239
11 240
11 241
11 242
11 243
11 244
11 245
11 246
12 230
12 231
12 232
12 233
12 234
12 235
12 236
12 237
12 238
12 239
12 240
12 241
13 224
13 225
13 226
13 227
13 228
13 229
13 230
13 231
13 232
13 233
13 234
13 235
14 218
14 219
14 220
14 221
14 222
14 223
14 224
14 225
14 226
14 227
14 228
14 229
15 213
15 214
15 215
15 216
15 217
15 218
15 219
15 220
15 221
15 222
16 209
16 210
16 211
16 212
16 213
16 214
16 215
23 245
23 246
23 247
23 248
23 249
23 250
23 251
23 252
24 238
24 239
24 240
24 241
24 242
24 243
24 244
24 245
24 246
24 247
25 232
25 233
25 234
25 235
25 236
25 237
25 238
25 239
25 240
25 241
25 242
26 226
26 227
26 228
26 229
26 230
26 231
26 232
26 233
26 234
26 235
26 236
27 220
27 221
27 222
27 223
27 224
27 225
27 226
27 227
27 228
27 229
27 230
27 231
28 215
28 216
28 217
28 218
28 219
28 220
28 221
28 222
28 223
28 224
29 210
29 211
29 212
29 213
29 214
29 215
29 216
29 217
30 206
30 207
30 208
30 209
30 210
36 248
36 249
36 250
36 251
36 252
37 241
37 242
37 243
37 244
37 245
37 246
37 247
37 248
38 234
38 235
38 236
38 237
38 238
38 239
38 240
38 241
38 242
38 243
39 228
39 229
39 230
39 231
39 232
39 233
39 234
39 235
39 236
39 237
39 238
40 222
40 223
40 224
40 225
40 226
40 227
40 228
40 229
40 230
40 231
40 232
41 217
41 218
41 219
41 220
41 221
41 222
41 223
41 224
41 225
41 226
42 212
42 213
42 214
42 215
42 216
42 217
42 218
42 219
43 208
43 209
43 210
43 211
43 212
50 243
50 244
50 245
50 246
50 247
50 248
50 249
51 236
51 237
51 238
51 239
51 240
51 241
51 242
51 243
51 244
52 230
52 231
52 232
52 233
52 234
52 235
52 236
52 237
52 238
52 239
53 224
53 225
53 226
53 227
53 228
53 229
53 230
53 231
53 232
53 233
54 219
54 220
54 221
54 222
54 223
54 224
54 225
54 226
54 227
55 213
55 214
55 215
55 216
55 217
55 218
55 219
55 220
55 221
56 209
56 210
56 211
56 212
56 213
56 214
63 247
63 248
63 249
64 239
64 240
64 241
64 242
64 243
64 244
64 245
65 232
65 233
65 234
65 235
65 236
65 237
65 238
65 239
65 240
66 226
66 227
66 228
66 229
66 230
66 231
66 232
66 233
66 234
66 235
67 221
67 222
67 223
67 224
67 225
67 226
67 227
67 228
67 229
68 215
68 216
68 217
68 218
68 219
68 220
68 221
68 222
68 223
69 211
69 212
69 213
69 214
69 215
69 216
77 242
77 243
77 244
77 245
78 235
78 236
78 237
78 238
78 239
78 240
78 241
79 229
79 230
79 231
79 232
79 233
79 234
79 235
79 236
80 223
80 224
80 225
80 226
80 227
80 228
80 229
80 230
81 217
81 218
81 219
81 220
81 221
81 222
81 223
81 224
82 213
82 214
82 215
82 216
82 217
91 238
91 239
91 240
91 241
92 231
92 232
92 233
92 234
92 235
92 236
93 225
93 226
93 227
93 228
93 229
93 230
93 231
94 220
94 221
94 222
94 223
94 224
94 225
95 215
95 216
95 217
95 218
95 219
105 235
105 236
106 228
106 229
106 230
106 231
107 223
107 224
107 225
107 226
108 218
108 219
4235 237
4235 238
4235 239
4236 230
4236 231
4236 232
4236 233
4236 234
4237 225
4237 226
4237 227
4248 238
4248 239
4248 240
4248 241
4248 242
4249 231
4249 232
4249 233
4249 234
4249 235
4249 236
4249 237
4250 225
4250 226
4250 227
4250 228
4250 229
4250 230
4250 231
4251 220
4251 221
4251 222
4251 223
4261 239
4261 240
4261 241
4261 242
4261 243
4261 244
4261 245
4262 232
4262 233
4262 234
4262 235
4262 236
4262 237
4262 238
4262 239
4262 240
4263 226
4263 227
4263 228
4263 229
4263 230
4263 231
4263 232
4263 233
4263 234
4264 220
4264 221
4264 222
4264 223
4264 224
4264 225
4264 226
4264 227
4265 216
4265 217
4265 218
4265 219
4273 249
4273 250
4274 240
4274 241
4274 242
4274 243
4274 244
4274 245
4274 246
4274 247
4275 233
4275 234
4275 235
4275 236
4275 237
4275 238
4275 239
4275 240
4275 241
4275 242
4276 227
4276 228
4276 229
4276 230
4276 231
4276 232
4276 233
4276 234
4276 235
4276 236
4277 221
4277 222
4277 223
4277 224
4277 225
4277 226
4277 227
4277 228
4277 229
4277 230
4278 216
4278 217
4278 218
4278 219
4278 220
4278 221
4278 222
4286 251
4286 252
4287 242
4287 243
4287 244
4287 245
4287 246
4287 247
4287 248
4287 249
4288 235
4288 236
4288 237
4288 238
4288 239
4288 240
4288 241
4288 242
4288 243
4288 244
4289 228
4289 229
4289 230
4289 231
4289 232
4289 233
4289 234
4289 235
4289 236
4289 237
4289 238
4290 223
4290 224
4290 225
4290 226
4290 227
4290 228
4290 229
4290 230
4290 231
4290 232
4291 217
4291 218
4291 219
4291 220
4291 221
4291 222
4291 223
4291 224
4291 225
4292 213
4292 214
4292 215
4292 216
4292 217
4292 218
4299 253
4300 244
4300 245
4300 246
4300 247
4300 248
4300 249
4300 250
4300 251
4301 236
4301 237
4301 238
4301 239
4301 240
4301 241
4301 242
4301 243
4301 244
4301 245
4301 246
4302 230
4302 231
4302 232
4302 233
4302 234
4302 235
4302 236
4302 237
4302 238
4302 239
4302 240
4303 224
4303 225
4303 226
4303 227
4303 228
4303 229
4303 230
4303 231
4303 232
4303 233
4303 234
4304 218
4304 219
4304 220
4304 221
4304 222
4304 223
4304 224
4304 225
4304 226
4304 227
4304 228
4305 213
4305 214
4305 215
4305 216
4305 217
4305 218
4305 219
4305 220
4305 221
4306 211
4313 245
4313 246
4313 247
4313 248
4313 249
4313 250
4313 251
4313 252
4314 238
4314 239
4314 240
4314 241
4314 242
4314 243
4314 244
4314 245
4314 246
4314 247
4315 231
4315 232
4315 233
4315 234
4315 235
4315 236
4315 237
4315 238
4315 239
4315 240
4315 241
4315 242
4316 225
4316 226
4316 227
4316 228
4316 229
4316 230
4316 231
4316 232
4316 233
4316 234
4316 235
4316 236
4317 220
4317 221
4317 222
4317 223
4317 224
4317 225
4317 226
4317 227
4317 228
4317 229
4317 230
4318 215
4318 216
4318 217
4318 218
4318 219
4318 220
4318 221
4318 222
4318 223
4319 210
4319 211
4319 212
4319 213
4319 214
4319 215
4319 216
4326 247
4326 248
4326 249
4326 250
4326 251
4326 252
4326 253
4326 254
4327 240
4327 241
4327 242
4327 243
4327 244
4327 245
4327 246
4327 247
4327 248
4327 249
4328 233
4328 234
4328 235
4328 236
4328 237
4328 238
4328 239
4328 240
4328 241
4328 242
4328 243
4328 244
4329 227
4329 228
4329 229
4329 230
4329 231
4329 232
4329 233
4329 234
4329 235
4329 236
4329 237
4329 238
4330 221
4330 222
4330 223
4330 224
4330 225
4330 226
4330 227
4330 228
4330 229
4330 230
4330 231
4330 232
4331 216
4331 217
4331 218
4331 219
4331 220
4331 221
4331 222
4331 223
4331 224
4331 225
4332 211
4332 212
4332 213
4332 214
4332 215
4332 216
4332 217
4332 218
4333 209
4339 249
4339 250
4339 251
4339 252
4339 253
4339 254
4339 255
4340 242
4340 243
4340 244
4340 245
4340 246
4340 247
4340 248
4340 249
4340 250
4340 251
4341 235
4341 236
4341 237
4341 238
4341 239
4341 240
4341 241
4341 242
4341 243
4341 244
4341 245
4341 246
4342 229
4342 230
4342 231
4342 232
4342 233
4342 234
4342 235
4342 236
4342 237
4342 238
4342 239
4342 240
4343 223
4343 224
4343 225
4343 226
4343 227
4343 228
4343 229
4343 230
4343 231
4343 232
4343 233
4343 234
4344 217
4344 218
4344 219
4344 220
4344 221
4344 222
4344 223
4344 224
4344 225
4344 226
4344 227
4344 228
4345 212
4345 213
4345 214
4345 215
4345 216
4345 217
4345 218
4345 219
4345 220
4345 221
4346 208
4346 209
4346 210
4346 211
4346 212
4346 213
4352 252
4352 253
4352 254
4352 255
4352 256
4353 244
4353 245
4353 246
4353 247
4353 248
4353 249
4353 250
4353 251
4353 252
4354 237
4354 238
4354 239
4354 240
4354 241
4354 242
4354 243
4354 244
4354 245
4354 246
4354 247
4355 230
4355 231
4355 232
4355 233
4355 234
4355 235
4355 236
4355 237
4355 238
4355 239
4355 240
4355 241
4355 242
4356 224
4356 225
4356 226
4356 227
4356 228
4356 229
4356 230
4356 231
4356 232
4356 233
4356 234
4356 235
4356 236
4357 219
4357 220
4357 221
4357 222
4357 223
4357 224
4357 225
4357 226
4357 227
4357 228
4357 229
4357 230
4358 214
4358 215
4358 216
4358 217
4358 218
4358 219
4358 220
4358 221
4358 222
4358 223
4359 209
4359 210
4359 211
4359 212
4359 213
4359 214
4359 215
4359 216
4366 246
4366 247
4366 248
4366 249
4366 250
4366 251
4366 252
4366 253
4367 239
4367 240
4367 241
4367 242
4367 243
4367 244
4367 245
4367 246
4367 247
4367 248
4368 232
4368 233
4368 234
4368 235
4368 236
4368 237
4368 238
4368 239
4368 240
4368 241
4368 242
4368 243
4369 226
4369 227
4369 228
4369 229
4369 230
4369 231
4369 232
4369 233
4369 234
4369 235
4369 236
4369 237
4369 238
4370 220
4370 221
4370 222
4370 223
4370 224
4370 225
4370 226
4370 227
4370 228
4370 229
4370 230
4370 231
4370 232
4371 215
4371 216
4371 217
4371 218
4371 219
4371 220
4371 221
4371 222
4371 223
4371 224
4371 225
4372 210
4372 211
4372 212
4372 213
4372 214
4372 215
4372 216
4372 217
4372 218
4373 207
4373 208
4373 209
4373 210
4379 248
4379 249
4379 250
4379 251
4379 252
4379 253
4379 254
4380 241
4380 242
4380 243
4380 244
4380 245
4380 246
4380 247
4380 248
4380 249
4380 250
4381 234
4381 235
4381 236
4381 237
4381 238
4381 239
4381 240
4381 241
4381 242
4381 243
4381 244
4381 245
4382 228
4382 229
4382 230
4382 231
4382 232
4382 233
4382 234
4382 235
4382 236
4382 237
4382 238
4382 239
