1663 227
1665 233
1665 234
1665 235
1665 236
1672 223
1672 224
1674 229
1674 230
1674 231
1674 232
1674 233
1676 238
1676 239
1676 240
1683 226
1683 227
1683 228
1683 229
1683 230
1685 233
1685 234
1685 235
1685 236
1685 237
1687 242
1687 243
1687 244
1692 222
1692 223
1692 224
1692 225
1692 226
1694 230
1694 231
1694 232
1694 233
1694 234
1696 238
1696 239
1696 240
1696 241
1701 219
1701 220
1701 221
1701 222
1703 226
1703 227
1703 228
1703 229
1703 230
1703 231
1705 234
1705 235
1705 236
1705 237
1705 238
1707 243
1707 244
1710 216
1710 217
1710 218
1712 222
1712 223
1712 224
1712 225
1712 226
1712 227
1714 230
1714 231
1714 232
1714 233
1714 234
1714 235
1716 239
1716 240
1716 241
1716 242
1721 219
1721 220
1721 221
1721 222
1721 223
1721 224
1723 227
1723 228
1723 229
1723 230
1723 231
1723 232
1725 235
1725 236
1725 237
1725 238
1725 239
1730 216
1730 217
1730 218
1730 219
1732 223
1732 224
1732 225
1732 226
1732 227
1732 228
1734 231
1734 232
1734 233
1734 234
1734 235
1734 236
1736 240
1736 241
1736 242
1739 214
1739 215
1741 220
1741 221
1741 222
1741 223
1741 224
1741 225
1743 228
1743 229
1743 230
1743 231
1743 232
1743 233
1745 236
1745 237
1745 238
1745 239
1750 217
1750 218
1750 219
1750 220
1752 224
1752 225
1752 226
1752 227
1752 228
1752 229
1754 233
1754 234
1754 235
1754 236
1759 214
1759 215
1759 216
1761 221
1761 222
1761 223
1761 224
1761 225
1763 229
1763 230
1763 231
1763 232
1763 233
1765 239
1770 218
1770 219
1770 220
1770 221
1772 226
1772 227
1772 228
1772 229
1774 235
1774 236
1779 216
1781 223
1781 224
1781 225
1783 231
1783 232
1790 220
1790 221
1792 228
2370 193
2370 194
2372 201
2377 181
2377 182
2377 183
2379 188
2379 189
2379 190
2379 191
2379 192
2381 195
2381 196
2381 197
2381 198
2381 199
2381 200
2383 204
2383 205
2383 206
2383 207
2386 176
2386 177
2386 178
2386 179
2386 180
2386 181
2388 183
2388 184
2388 185
2388 186
2388 187
2388 188
2388 189
2390 191
2390 192
2390 193
2390 194
2390 195
2390 196
2390 197
2390 198
2392 199
2392 200
2392 201
2392 202
2392 203
2392 204
2392 205
2394 208
2394 209
2394 210
2394 211
2394 212
2395 173
2395 174
2395 175
2395 176
2395 177
2395 178
2397 179
2397 180
2397 181
2397 182
2397 183
2397 184
2397 185
2397 186
2397 187
2399 187
2399 188
2399 189
2399 190
2399 191
2399 192
2399 193
2399 194
2399 195
2401 195
2401 196
2401 197
2401 198
2401 199
2401 200
2401 201
2401 202
2401 203
2402 164
2402 165
2403 203
2403 204
2403 205
2403 206
2403 207
2403 208
2403 209
2403 210
2404 169
2404 170
2404 171
2404 172
2404 173
2404 174
2404 175
2405 213
2405 214
2405 215
2405 216
2405 217
2406 176
2406 177
2406 178
2406 179
2406 180
2406 181
2406 182
2406 183
2406 184
2408 183
2408 184
2408 185
2408 186
2408 187
2408 188
2408 189
2408 190
2408 191
2408 192
2410 191
2410 192
2410 193
2410 194
2410 195
2410 196
2410 197
2410 198
2410 199
2410 200
2411 160
2411 161
2412 199
2412 200
2412 201
2412 202
2412 203
2412 204
2412 205
2412 206
2412 207
2412 208
2413 165
2413 166
2413 167
2413 168
2413 169
2413 170
2413 171
2413 172
2414 208
2414 209
2414 210
2414 211
2414 212
2414 213
2414 214
2414 215
2415 172
2415 173
2415 174
2415 175
2415 176
2415 177
2415 178
2415 179
2415 180
2416 218
2416 219
2416 220
2416 221
2417 179
2417 180
2417 181
2417 182
2417 183
2417 184
2417 185
2417 186
2417 187
2417 188
2417 189
2419 187
2419 188
2419 189
2419 190
2419 191
2419 192
2419 193
2419 194
2419 195
2419 196
2419 197
2420 157
2420 158
2421 195
2421 196
2421 197
2421 198
2421 199
2421 200
2421 201
2421 202
2421 203
2421 204
2421 205
2422 162
2422 163
2422 164
2422 165
2422 166
2422 167
2422 168
2423 203
2423 204
2423 205
2423 206
2423 207
2423 208
2423 209
2423 210
2423 211
2423 212
2424 168
2424 169
2424 170
2424 171
2424 172
2424 173
2424 174
2424 175
2424 176
2424 177
2425 213
2425 214
2425 215
2425 216
2425 217
2425 218
2425 219
2426 175
2426 176
2426 177
2426 178
2426 179
2426 180
2426 181
2426 182
2426 183
2426 184
2426 185
2426 186
2428 183
2428 184
2428 185
2428 186
2428 187
2428 188
2428 189
2428 190
2428 191
2428 192
2428 193
2428 194
2430 191
2430 192
2430 193
2430 194
2430 195
2430 196
2430 197
2430 198
2430 199
2430 200
2430 201
2430 202
2431 158
2431 159
2431 160
2431 161
2431 162
2431 163
2431 164
2431 165
2432 199
2432 200
2432 201
2432 202
2432 203
2432 204
2432 205
2432 206
2432 207
2432 208
2432 209
2432 210
2433 165
2433 166
2433 167
2433 168
2433 169
2433 170
2433 171
2433 172
2433 173
2433 174
2434 208
2434 209
2434 210
2434 211
2434 212
2434 213
2434 214
2434 215
2434 216
2434 217
2435 172
2435 173
2435 174
2435 175
2435 176
2435 177
2435 178
2435 179
2435 180
2435 181
2435 182
2436 218
2436 219
2436 220
2436 221
2436 222
2436 223
2437 179
2437 180
2437 181
2437 182
2437 183
2437 184
2437 185
2437 186
2437 187
2437 188
2437 189
2437 190
2437 191
2439 187
2439 188
2439 189
2439 190
2439 191
2439 192
2439 193
2439 194
2439 195
2439 196
2439 197
2439 198
2439 199
2440 155
2440 156
2440 157
2440 158
2440 159
2440 160
2440 161
2440 162
2441 195
2441 196
2441 197
2441 198
2441 199
2441 200
2441 201
2441 202
2441 203
2441 204
2441 205
2441 206
2441 207
2442 161
2442 162
2442 163
2442 164
2442 165
2442 166
2442 167
2442 168
2442 169
2442 170
2442 171
2443 204
2443 205
2443 206
2443 207
2443 208
2443 209
2443 210
2443 211
2443 212
2443 213
2443 214
2444 168
2444 169
2444 170
2444 171
2444 172
2444 173
2444 174
2444 175
2444 176
2444 177
2444 178
2444 179
2445 213
2445 214
2445 215
2445 216
2445 217
2445 218
2445 219
2445 220
2445 221
2446 176
2446 177
2446 178
2446 179
2446 180
2446 181
2446 182
2446 183
2446 184
2446 185
2446 186
2446 187
2447 224
2447 225
2447 226
2448 183
2448 184
2448 185
2448 186
2448 187
2448 188
2448 189
2448 190
2448 191
2448 192
2448 193
2448 194
2448 195
2448 196
2449 152
2449 153
2449 154
2449 155
2449 156
2449 157
2449 158
2450 191
2450 192
2450 193
2450 194
2450 195
2450 196
2450 197
2450 198
2450 199
2450 200
2450 201
2450 202
2450 203
2451 158
2451 159
2451 160
2451 161
2451 162
2451 163
2451 164
2451 165
2451 166
2451 167
2452 200
2452 201
2452 202
2452 203
2452 204
2452 205
2452 206
2452 207
2452 208
2452 209
2452 210
2452 211
2453 165
2453 166
2453 167
2453 168
2453 169
2453 170
2453 171
2453 172
2453 173
2453 174
2453 175
2453 176
2454 208
2454 209
2454 210
2454 211
2454 212
2454 213
2454 214
2454 215
2454 216
2454 217
2454 218
2455 172
2455 173
2455 174
2455 175
2455 176
2455 177
2455 178
2455 179
2455 180
2455 181
2455 182
2455 183
2455 184
2456 218
2456 219
2456 220
2456 221
2456 222
2456 223
2456 224
2456 225
2457 180
2457 181
2457 182
2457 183
2457 184
2457 185
2457 186
2457 187
2457 188
2457 189
2457 190
2457 191
2457 192
2458 149
2458 150
2458 151
2458 152
2458 153
2458 154
2459 187
2459 188
2459 189
2459 190
2459 191
2459 192
2459 193
2459 194
2459 195
2459 196
2459 197
2459 198
2459 199
2459 200
2460 155
2460 156
2460 157
2460 158
2460 159
2460 160
2460 161
2460 162
2460 163
2460 164
2461 196
2461 197
2461 198
2461 199
2461 200
2461 201
2461 202
2461 203
2461 204
2461 205
2461 206
2461 207
2461 208
2462 162
2462 163
2462 164
2462 165
2462 166
2462 167
2462 168
2462 169
2462 170
2462 171
2462 172
2463 204
2463 205
2463 206
2463 207
2463 208
2463 209
2463 210
2463 211
2463 212
2463 213
2463 214
2463 215
2463 216
2464 169
2464 170
2464 171
2464 172
2464 173
2464 174
2464 175
2464 176
2464 177
2464 178
2464 179
2464 180
2464 181
2465 213
2465 214
2465 215
2465 216
2465 217
2465 218
2465 219
2465 220
2465 221
2465 222
2466 176
2466 177
2466 178
2466 179
2466 180
2466 181
2466 182
2466 183
2466 184
2466 185
2466 186
2466 187
2466 188
2466 189
2467 147
2467 148
2467 149
2467 150
2467 224
2467 225
2467 226
2467 227
2467 228
2468 184
2468 185
2468 186
2468 187
2468 188
2468 189
2468 190
2468 191
2468 192
2468 193
2468 194
2468 195
2468 196
2468 197
2469 152
2469 153
2469 154
2469 155
2469 156
2469 157
2469 158
2469 159
2469 160
2470 192
2470 193
2470 194
2470 195
2470 196
2470 197
2470 198
2470 199
2470 200
2470 201
2470 202
2470 203
2470 204
2470 205
2471 158
2471 159
2471 160
2471 161
2471 162
2471 163
2471 164
2471 165
2471 166
2471 167
2471 168
2471 169
2472 200
2472 201
2472 202
2472 203
2472 204
2472 205
2472 206
2472 207
2472 208
2472 209
2472 210
2472 211
2472 212
2473 165
2473 166
2473 167
2473 168
2473 169
2473 170
2473 171
2473 172
2473 173
2473 174
2473 175
2473 176
2473 177
2474 209
2474 210
2474 211
2474 212
2474 213
2474 214
2474 215
2474 216
2474 217
2474 218
2474 219
2474 220
2475 172
2475 173
2475 174
2475 175
2475 176
2475 177
2475 178
2475 179
2475 180
2475 181
2475 182
2475 183
2475 184
2475 185
2475 186
2476 219
2476 220
2476 221
2476 222
2476 223
2476 224
2476 225
2476 226
2477 180
2477 181
2477 182
2477 183
2477 184
2477 185
2477 186
2477 187
2477 188
2477 189
2477 190
2477 191
2477 192
2477 193
2477 194
2478 149
2478 150
2478 151
2478 152
2478 153
2478 154
2478 155
2478 156
2479 188
2479 189
2479 190
2479 191
2479 192
2479 193
2479 194
2479 195
2479 196
2479 197
2479 198
2479 199
2479 200
2479 201
2479 202
2480 155
2480 156
2480 157
2480 158
2480 159
2480 160
2480 161
2480 162
2480 163
2480 164
2480 165
2481 196
2481 197
2481 198
2481 199
2481 200
2481 201
2481 202
2481 203
2481 204
2481 205
2481 206
2481 207
2481 208
2481 209
2482 162
2482 163
2482 164
2482 165
2482 166
2482 167
2482 168
2482 169
2482 170
2482 171
2482 172
2482 173
2482 174
2483 205
2483 206
2483 207
2483 208
2483 209
2483 210
2483 211
2483 212
2483 213
2483 214
2483 215
2483 216
2483 217
2484 169
2484 170
2484 171
2484 172
2484 173
2484 174
2484 175
2484 176
2484 177
2484 178
2484 179
2484 180
2484 181
2484 182
2485 214
2485 215
2485 216
2485 217
2485 218
2485 219
2485 220
2485 221
2485 222
2485 223
2485 224
2486 176
2486 177
2486 178
2486 179
2486 180
2486 181
2486 182
2486 183
2486 184
2486 185
2486 186
2486 187
2486 188
2486 189
2486 190
2487 146
2487 147
2487 148
2487 149
2487 150
2487 151
2487 152
2487 225
2487 226
2487 227
2487 228
2487 229
2488 184
2488 185
2488 186
2488 187
2488 188
2488 189
2488 190
2488 191
2488 192
2488 193
2488 194
2488 195
2488 196
2488 197
2488 198
2489 152
2489 153
2489 154
2489 155
2489 156
2489 157
2489 158
2489 159
2489 160
2489 161
2489 162
2490 192
2490 193
2490 194
2490 195
2490 196
2490 197
2490 198
2490 199
2490 200
2490 201
2490 202
2490 203
2490 204
2490 205
2490 206
2491 159
2491 160
2491 161
2491 162
2491 163
2491 164
2491 165
2491 166
2491 167
2491 168
2491 169
2491 170
2492 201
2492 202
2492 203
2492 204
2492 205
2492 206
2492 207
2492 208
2492 209
2492 210
2492 211
2492 212
2492 213
2492 214
2493 166
2493 167
2493 168
2493 169
2493 170
2493 171
2493 172
2493 173
2493 174
2493 175
2493 176
2493 177
2493 178
2493 179
2494 210
2494 211
2494 212
2494 213
2494 214
2494 215
2494 216
2494 217
2494 218
2494 219
2494 220
2494 221
2495 173
2495 174
2495 175
2495 176
2495 177
2495 178
2495 179
2495 180
2495 181
2495 182
2495 183
2495 184
2495 185
2495 186
2495 187
2496 144
2496 145
2496 146
2496 147
2496 148
2496 219
2496 220
2496 221
2496 222
2496 223
2496 224
2496 225
2496 226
2496 227
2497 181
2497 182
2497 183
2497 184
2497 185
2497 186
2497 187
2497 188
2497 189
2497 190
2497 191
2497 192
2497 193
2497 194
2497 195
2498 149
2498 150
2498 151
2498 152
2498 153
2498 154
2498 155
2498 156
2498 157
2498 158
2499 188
2499 189
2499 190
2499 191
2499 192
2499 193
2499 194
2499 195
2499 196
2499 197
2499 198
2499 199
2499 200
2499 201
2499 202
2499 203
2500 155
2500 156
2500 157
2500 158
2500 159
2500 160
2500 161
2500 162
2500 163
2500 164
2500 165
2500 166
2500 167
2501 197
2501 198
2501 199
2501 200
2501 201
2501 202
2501 203
2501 204
2501 205
2501 206
2501 207
2501 208
2501 209
2501 210
2502 162
2502 163
2502 164
2502 165
2502 166
2502 167
2502 168
2502 169
2502 170
2502 171
2502 172
2502 173
2502 174
2502 175
2503 205
2503 206
2503 207
2503 208
2503 209
2503 210
2503 211
2503 212
2503 213
2503 214
2503 215
2503 216
2503 217
2503 218
2504 169
2504 170
2504 171
2504 172
2504 173
2504 174
2504 175
2504 176
2504 177
2504 178
2504 179
2504 180
2504 181
2504 182
2504 183
2505 142
2505 143
2505 215
2505 216
2505 217
2505 218
2505 219
2505 220
2505 221
2505 222
2505 223
2505 224
2505 225
2506 177
2506 178
2506 179
2506 180
2506 181
2506 182
2506 183
2506 184
2506 185
2506 186
2506 187
2506 188
2506 189
2506 190
2506 191
2507 146
2507 147
2507 148
2507 149
2507 150
2507 151
2507 152
2507 153
2507 154
2507 225
2507 226
2507 227
2507 228
2507 229
2507 230
2508 185
2508 186
2508 187
2508 188
2508 189
2508 190
2508 191
2508 192
2508 193
2508 194
2508 195
2508 196
2508 197
2508 198
2508 199
2509 152
2509 153
2509 154
2509 155
2509 156
2509 157
2509 158
2509 159
2509 160
2509 161
2509 162
2509 163
2510 193
2510 194
2510 195
2510 196
2510 197
2510 198
2510 199
2510 200
2510 201
2510 202
2510 203
2510 204
2510 205
2510 206
2510 207
2511 159
2511 160
2511 161
2511 162
2511 163
2511 164
2511 165
2511 166
2511 167
2511 168
2511 169
2511 170
2511 171
2511 172
2512 201
2512 202
2512 203
2512 204
2512 205
2512 206
2512 207
2512 208
2512 209
2512 210
2512 211
2512 212
2512 213
2512 214
2512 215
2513 166
2513 167
2513 168
2513 169
2513 170
2513 171
2513 172
2513 173
2513 174
2513 175
2513 176
2513 177
2513 178
2513 179
2513 180
2514 210
2514 211
2514 212
2514 213
2514 214
2514 215
2514 216
2514 217
2514 218
2514 219
2514 220
2514 221
2514 222
2515 173
2515 174
2515 175
2515 176
2515 177
2515 178
2515 179
2515 180
2515 181
2515 182
2515 183
2515 184
2515 185
2515 186
2515 187
2515 188
2516 143
2516 144
2516 145
2516 146
2516 147
2516 148
2516 149
2516 150
2516 220
2516 221
2516 222
2516 223
2516 224
2516 225
2516 226
2516 227
2516 228
2517 181
2517 182
2517 183
2517 184
2517 185
2517 186
2517 187
2517 188
2517 189
2517 190
2517 191
2517 192
2517 193
2517 194
2517 195
2517 196
2518 149
2518 150
2518 151
2518 152
2518 153
2518 154
2518 155
2518 156
2518 157
2518 158
2518 159
2519 189
2519 190
2519 191
2519 192
2519 193
2519 194
2519 195
2519 196
2519 197
2519 198
2519 199
2519 200
2519 201
2519 202
2519 203
2519 204
2520 156
2520 157
2520 158
2520 159
2520 160
2520 161
2520 162
2520 163
2520 164
2520 165
2520 166
2520 167
2520 168
2521 197
2521 198
2521 199
2521 200
2521 201
2521 202
2521 203
2521 204
2521 205
2521 206
2521 207
2521 208
2521 209
2521 210
2521 211
2522 163
2522 164
2522 165
2522 166
2522 167
2522 168
2522 169
2522 170
2522 171
2522 172
2522 173
2522 174
2522 175
2522 176
2523 206
2523 207
2523 208
2523 209
2523 210
2523 211
2523 212
2523 213
2523 214
2523 215
2523 216
2523 217
2523 218
2523 219
2524 170
2524 171
2524 172
2524 173
2524 174
2524 175
2524 176
2524 177
2524 178
2524 179
2524 180
2524 181
2524 182
2524 183
2524 184
2525 141
2525 142
2525 143
2525 144
2525 145
2525 146
2525 215
2525 216
2525 217
2525 218
2525 219
2525 220
2525 221
2525 222
2525 223
2525 224
2525 225
2525 226
2526 178
2526 179
2526 180
2526 181
2526 182
2526 183
2526 184
2526 185
2526 186
2526 187
2526 188
2526 189
2526 190
2526 191
2526 192
2526 193
2527 146
2527 147
2527 148
2527 149
2527 150
2527 151
2527 152
2527 153
2527 154
2527 155
2527 226
2527 227
2527 228
2527 229
2527 230
2527 231
2528 185
2528 186
2528 187
2528 188
2528 189
2528 190
2528 191
2528 192
2528 193
2528 194
2528 195
2528 196
2528 197
2528 198
2528 199
2528 200
2529 153
2529 154
2529 155
2529 156
2529 157
2529 158
2529 159
2529 160
2529 161
2529 162
2529 163
2529 164
2530 194
2530 195
2530 196
2530 197
2530 198
2530 199
2530 200
2530 201
2530 202
2530 203
2530 204
2530 205
2530 206
2530 207
2530 208
2531 159
2531 160
2531 161
2531 162
2531 163
2531 164
2531 165
2531 166
2531 167
2531 168
2531 169
2531 170
2531 171
2531 172
2531 173
2532 202
2532 203
2532 204
2532 205
2532 206
2532 207
2532 208
2532 209
2532 210
2532 211
2532 212
2532 213
2532 214
2532 215
2532 216
2533 167
2533 168
2533 169
2533 170
2533 171
2533 172
2533 173
2533 174
2533 175
2533 176
2533 177
2533 178
2533 179
2533 180
2533 181
2534 211
2534 212
2534 213
2534 214
2534 215
2534 216
2534 217
2534 218
2534 219
2534 220
2534 221
2534 222
2534 223
2535 174
2535 175
2535 176
2535 177
2535 178
2535 179
2535 180
2535 181
2535 182
2535 183
2535 184
2535 185
2535 186
2535 187
2535 188
2535 189
2536 144
2536 145
2536 146
2536 147
2536 148
2536 149
2536 150
2536 151
2536 221
2536 222
2536 223
2536 224
2536 225
2536 226
2536 227
2536 228
2536 229
2537 182
2537 183
2537 184
2537 185
2537 186
2537 187
2537 188
2537 189
2537 190
2537 191
2537 192
2537 193
2537 194
2537 195
2537 196
2537 197
2538 150
2538 151
2538 152
2538 153
2538 154
2538 155
2538 156
2538 157
2538 158
2538 159
2538 160
2539 190
2539 191
2539 192
2539 193
2539 194
2539 195
2539 196
2539 197
2539 198
2539 199
2539 200
2539 201
2539 202
2539 203
2539 204
2539 205
2540 156
2540 157
2540 158
2540 159
2540 160
2540 161
2540 162
2540 163
2540 164
2540 165
2540 166
2540 167
2540 168
2540 169
2541 198
2541 199
2541 200
2541 201
2541 202
2541 203
2541 204
2541 205
2541 206
2541 207
2541 208
2541 209
2541 210
2541 211
2541 212
2542 163
2542 164
2542 165
2542 166
2542 167
2542 168
2542 169
2542 170
2542 171
2542 172
2542 173
2542 174
2542 175
2542 176
2542 177
2543 207
2543 208
2543 209
2543 210
2543 211
2543 212
2543 213
2543 214
2543 215
2543 216
2543 217
2543 218
2543 219
2543 220
2544 171
2544 172
2544 173
2544 174
2544 175
2544 176
2544 177
2544 178
2544 179
2544 180
2544 181
2544 182
2544 183
2544 184
2544 185
2545 141
2545 142
2545 143
2545 144
2545 145
2545 146
2545 147
2545 216
2545 217
2545 218
2545 219
2545 220
2545 221
2545 222
2545 223
2545 224
2545 225
2545 226
2546 178
2546 179
2546 180
2546 181
2546 182
2546 183
2546 184
2546 185
2546 186
2546 187
2546 188
2546 189
2546 190
2546 191
2546 192
2546 193
2547 147
2547 148
2547 149
2547 150
2547 151
2547 152
2547 153
2547 154
2547 155
2547 156
2547 157
2547 227
2547 228
2547 229
2547 230
2547 231
2548 186
2548 187
2548 188
2548 189
2548 190
2548 191
2548 192
2548 193
2548 194
2548 195
2548 196
2548 197
2548 198
2548 199
2548 200
2548 201
2549 153
2549 154
2549 155
2549 156
2549 157
2549 158
2549 159
2549 160
2549 161
2549 162
2549 163
2549 164
2549 165
2550 194
2550 195
2550 196
2550 197
2550 198
2550 199
2550 200
2550 201
2550 202
2550 203
2550 204
2550 205
2550 206
2550 207
2550 208
2550 209
2551 160
2551 161
2551 162
2551 163
2551 164
2551 165
2551 166
2551 167
2551 168
2551 169
2551 170
2551 171
2551 172
2551 173
2551 174
2552 203
2552 204
2552 205
2552 206
2552 207
2552 208
2552 209
2552 210
2552 211
2552 212
2552 213
2552 214
2552 215
2552 216
2553 167
2553 168
2553 169
2553 170
2553 171
2553 172
2553 173
2553 174
2553 175
2553 176
2553 177
2553 178
2553 179
2553 180
2553 181
2553 182
2554 140
2554 141
2554 142
2554 212
2554 213
2554 214
2554 215
2554 216
2554 217
2554 218
2554 219
2554 220
2554 221
2554 222
2554 223
2555 175
2555 176
2555 177
2555 178
2555 179
2555 180
2555 181
2555 182
2555 183
2555 184
2555 185
2555 186
2555 187
2555 188
2555 189
2555 190
2556 144
2556 145
2556 146
2556 147
2556 148
2556 149
2556 150
2556 151
2556 152
2556 153
2556 222
2556 223
2556 224
2556 225
2556 226
2556 227
2556 228
2556 229
2557 183
2557 184
2557 185
2557 186
2557 187
2557 188
2557 189
2557 190
2557 191
2557 192
2557 193
2557 194
2557 195
2557 196
2557 197
2557 198
2558 150
2558 151
2558 152
2558 153
2558 154
2558 155
2558 156
2558 157
2558 158
2558 159
2558 160
2558 161
2559 191
2559 192
2559 193
2559 194
2559 195
2559 196
2559 197
2559 198
2559 199
2559 200
2559 201
2559 202
2559 203
2559 204
2559 205
2559 206
2560 157
2560 158
2560 159
2560 160
2560 161
2560 162
2560 163
2560 164
2560 165
2560 166
2560 167
2560 168
2560 169
2560 170
2561 199
2561 200
2561 201
2561 202
2561 203
2561 204
2561 205
2561 206
2561 207
2561 208
2561 209
2561 210
2561 211
2561 212
2561 213
2562 164
2562 165
2562 166
2562 167
2562 168
2562 169
2562 170
2562 171
2562 172
2562 173
2562 174
2562 175
2562 176
2562 177
2562 178
2563 208
2563 209
2563 210
2563 211
2563 212
2563 213
2563 214
2563 215
2563 216
2563 217
2563 218
2563 219
2563 220
2564 171
2564 172
2564 173
2564 174
2564 175
2564 176
2564 177
2564 178
2564 179
2564 180
2564 181
2564 182
2564 183
2564 184
2564 185
2564 186
2565 142
2565 143
2565 144
2565 145
2565 146
2565 147
2565 148
2565 217
2565 218
2565 219
2565 220
2565 221
2565 222
2565 223
2565 224
2565 225
2565 226
2565 227
2566 179
2566 180
2566 181
2566 182
2566 183
2566 184
2566 185
2566 186
2566 187
2566 188
2566 189
2566 190
2566 191
2566 192
2566 193
2566 194
2567 147
2567 148
2567 149
2567 150
2567 151
2567 152
2567 153
2567 154
2567 155
2567 156
2567 157
2567 158
2567 229
2567 230
2567 231
2568 187
2568 188
2568 189
2568 190
2568 191
2568 192
2568 193
2568 194
2568 195
2568 196
2568 197
2568 198
2568 199
2568 200
2568 201
2568 202
2569 154
2569 155
2569 156
2569 157
2569 158
2569 159
2569 160
2569 161
2569 162
2569 163
2569 164
2569 165
2569 166
2570 195
2570 196
2570 197
2570 198
2570 199
2570 200
2570 201
2570 202
2570 203
2570 204
2570 205
2570 206
2570 207
2570 208
2570 209
2570 210
2571 161
2571 162
2571 163
2571 164
2571 165
2571 166
2571 167
2571 168
2571 169
2571 170
2571 171
2571 172
2571 173
2571 174
2571 175
2572 204
2572 205
2572 206
2572 207
2572 208
2572 209
2572 210
2572 211
2572 212
2572 213
2572 214
2572 215
2572 216
2572 217
2573 168
2573 169
2573 170
2573 171
2573 172
2573 173
2573 174
2573 175
2573 176
2573 177
2573 178
2573 179
2573 180
2573 181
2573 182
2573 183
2574 140
2574 141
2574 142
2574 143
2574 213
2574 214
2574 215
2574 216
2574 217
2574 218
2574 219
2574 220
2574 221
2574 222
2574 223
2574 224
2575 176
2575 177
2575 178
2575 179
2575 180
2575 181
2575 182
2575 183
2575 184
2575 185
2575 186
2575 187
2575 188
2575 189
2575 190
2575 191
2576 145
2576 146
2576 147
2576 148
2576 149
2576 150
2576 151
2576 152
2576 153
2576 223
2576 224
2576 225
2576 226
2576 227
2576 228
2576 229
2576 230
2577 183
2577 184
2577 185
2577 186
2577 187
2577 188
2577 189
2577 190
2577 191
2577 192
2577 193
2577 194
2577 195
2577 196
2577 197
2577 198
2577 199
2578 151
2578 152
2578 153
2578 154
2578 155
2578 156
2578 157
2578 158
2578 159
2578 160
2578 161
2578 162
2579 191
2579 192
2579 193
2579 194
2579 195
2579 196
2579 197
2579 198
2579 199
2579 200
2579 201
2579 202
2579 203
2579 204
2579 205
2579 206
2580 158
2580 159
2580 160
2580 161
2580 162
2580 163
2580 164
2580 165
2580 166
2580 167
2580 168
2580 169
2580 170
2580 171
2581 200
2581 201
2581 202
2581 203
2581 204
2581 205
2581 206
2581 207
2581 208
2581 209
2581 210
2581 211
2581 212
2581 213
2581 214
2582 165
2582 166
2582 167
2582 168
2582 169
2582 170
2582 171
2582 172
2582 173
2582 174
2582 175
2582 176
2582 177
2582 178
2582 179
2583 209
2583 210
2583 211
2583 212
2583 213
2583 214
2583 215
2583 216
2583 217
2583 218
2583 219
2583 220
2583 221
2584 172
2584 173
2584 174
2584 175
2584 176
2584 177
2584 178
2584 179
2584 180
2584 181
2584 182
2584 183
2584 184
2584 185
2584 186
2584 187
2585 142
2585 143
2585 144
2585 145
2585 146
2585 147
2585 148
2585 149
2585 218
2585 219
2585 220
2585 221
2585 222
2585 223
2585 224
2585 225
2585 226
2585 227
2586 180
2586 181
2586 182
2586 183
2586 184
2586 185
2586 186
2586 187
2586 188
2586 189
2586 190
2586 191
2586 192
2586 193
2586 194
2586 195
2587 148
2587 149
2587 150
2587 151
2587 152
2587 153
2587 154
2587 155
2587 156
2587 157
2587 158
2588 188
2588 189
2588 190
2588 191
2588 192
2588 193
2588 194
2588 195
2588 196
2588 197
2588 198
2588 199
2588 200
2588 201
2588 202
2588 203
2589 155
2589 156
2589 157
2589 158
2589 159
2589 160
2589 161
2589 162
2589 163
2589 164
2589 165
2589 166
2589 167
2590 196
2590 197
2590 198
2590 199
2590 200
2590 201
2590 202
2590 203
2590 204
2590 205
2590 206
2590 207
2590 208
2590 209
2590 210
2591 161
2591 162
2591 163
2591 164
2591 165
2591 166
2591 167
2591 168
2591 169
2591 170
2591 171
2591 172
2591 173
2591 174
2591 175
2592 205
2592 206
2592 207
2592 208
2592 209
2592 210
2592 211
2592 212
2592 213
2592 214
2592 215
2592 216
2592 217
2592 218
2593 169
2593 170
2593 171
2593 172
2593 173
2593 174
2593 175
2593 176
2593 177
2593 178
2593 179
2593 180
2593 181
2593 182
2593 183
2594 141
2594 142
2594 143
2594 144
2594 214
2594 215
2594 216
2594 217
2594 218
2594 219
2594 220
2594 221
2594 222
2594 223
2594 224
2595 176
2595 177
2595 178
2595 179
2595 180
2595 181
2595 182
2595 183
2595 184
2595 185
2595 186
2595 187
2595 188
2595 189
2595 190
2595 191
2596 145
2596 146
2596 147
2596 148
2596 149
2596 150
2596 151
2596 152
2596 153
2596 154
2596 225
2596 226
2596 227
2596 228
2596 229
2596 230
2597 184
2597 185
2597 186
2597 187
2597 188
2597 189
2597 190
2597 191
2597 192
2597 193
2597 194
2597 195
2597 196
2597 197
2597 198
2597 199
2598 152
2598 153
2598 154
2598 155
2598 156
2598 157
2598 158
2598 159
2598 160
2598 161
2598 162
2598 163
2599 192
2599 193
2599 194
2599 195
2599 196
2599 197
2599 198
2599 199
2599 200
2599 201
2599 202
2599 203
2599 204
2599 205
2599 206
2599 207
2600 158
2600 159
2600 160
2600 161
2600 162
2600 163
2600 164
2600 165
2600 166
2600 167
2600 168
2600 169
2600 170
2600 171
2600 172
2601 201
2601 202
2601 203
2601 204
2601 205
2601 206
2601 207
2601 208
2601 209
2601 210
2601 211
2601 212
2601 213
2601 214
2602 165
2602 166
2602 167
2602 168
2602 169
2602 170
2602 171
2602 172
2602 173
2602 174
2602 175
2602 176
2602 177
2602 178
2602 179
2602 180
2603 210
2603 211
2603 212
2603 213
2603 214
2603 215
2603 216
2603 217
2603 218
2603 219
2603 220
2603 221
2604 173
2604 174
2604 175
2604 176
2604 177
2604 178
2604 179
2604 180
2604 181
2604 182
2604 183
2604 184
2604 185
2604 186
2604 187
2604 188
2605 143
2605 144
2605 145
2605 146
2605 147
2605 148
2605 149
2605 150
2605 220
2605 221
2605 222
2605 223
2605 224
2605 225
2605 226
2605 227
2606 181
2606 182
2606 183
2606 184
2606 185
2606 186
2606 187
2606 188
2606 189
2606 190
2606 191
2606 192
2606 193
2606 194
2606 195
2606 196
2607 149
2607 150
2607 151
2607 152
2607 153
2607 154
2607 155
2607 156
2607 157
2607 158
2607 159
2608 189
2608 190
2608 191
2608 192
2608 193
2608 194
2608 195
2608 196
2608 197
2608 198
2608 199
2608 200
2608 201
2608 202
2608 203
2609 155
2609 156
2609 157
2609 158
2609 159
2609 160
2609 161
2609 162
2609 163
2609 164
2609 165
2609 166
2609 167
2609 168
2610 197
2610 198
2610 199
2610 200
2610 201
2610 202
2610 203
2610 204
2610 205
2610 206
2610 207
2610 208
2610 209
2610 210
2610 211
2611 162
2611 163
2611 164
2611 165
2611 166
2611 167
2611 168
2611 169
2611 170
2611 171
2611 172
2611 173
2611 174
2611 175
2611 176
2612 206
2612 207
2612 208
2612 209
2612 210
2612 211
2612 212
2612 213
2612 214
2612 215
2612 216
2612 217
2612 218
2613 170
2613 171
2613 172
2613 173
2613 174
2613 175
2613 176
2613 177
2613 178
2613 179
2613 180
2613 181
2613 182
2613 183
2613 184
2614 142
2614 143
2614 144
2614 145
2614 215
2614 216
2614 217
2614 218
2614 219
2614 220
2614 221
2614 222
2614 223
2614 224
2615 177
2615 178
2615 179
2615 180
2615 181
2615 182
2615 183
2615 184
2615 185
2615 186
2615 187
2615 188
2615 189
2615 190
2615 191
2615 192
2616 146
2616 147
2616 148
2616 149
2616 150
2616 151
2616 152
2616 153
2616 154
2616 155
2616 227
2616 228
2616 229
2617 185
2617 186
2617 187
2617 188
2617 189
2617 190
2617 191
2617 192
2617 193
2617 194
2617 195
2617 196
2617 197
2617 198
2617 199
2617 200
2618 152
2618 153
2618 154
2618 155
2618 156
2618 157
2618 158
2618 159
2618 160
2618 161
2618 162
2618 163
2618 164
2619 193
2619 194
2619 195
2619 196
2619 197
2619 198
2619 199
2619 200
2619 201
2619 202
2619 203
2619 204
2619 205
2619 206
2619 207
2620 159
2620 160
2620 161
2620 162
2620 163
2620 164
2620 165
2620 166
2620 167
2620 168
2620 169
2620 170
2620 171
2620 172
2621 202
2621 203
2621 204
2621 205
2621 206
2621 207
2621 208
2621 209
2621 210
2621 211
2621 212
2621 213
2621 214
2621 215
2622 166
2622 167
2622 168
2622 169
2622 170
2622 171
2622 172
2622 173
2622 174
2622 175
2622 176
2622 177
2622 178
2622 179
2622 180
2623 211
2623 212
2623 213
2623 214
2623 215
2623 216
2623 217
2623 218
2623 219
2623 220
2623 221
2624 174
2624 175
2624 176
2624 177
2624 178
2624 179
2624 180
2624 181
2624 182
2624 183
2624 184
2624 185
2624 186
2624 187
2624 188
2625 144
2625 145
2625 146
2625 147
2625 148
2625 149
2625 150
2625 221
2625 222
2625 223
2625 224
2625 225
2625 226
2625 227
2626 181
2626 182
2626 183
2626 184
2626 185
2626 186
2626 187
2626 188
2626 189
2626 190
2626 191
2626 192
2626 193
2626 194
2626 195
2626 196
2627 150
2627 151
2627 152
2627 153
2627 154
2627 155
2627 156
2627 157
2627 158
2627 159
2627 160
2628 189
2628 190
2628 191
2628 192
2628 193
2628 194
2628 195
2628 196
2628 197
2628 198
2628 199
2628 200
2628 201
2628 202
2628 203
2628 204
2629 156
2629 157
2629 158
2629 159
2629 160
2629 161
2629 162
2629 163
2629 164
2629 165
2629 166
2629 167
2629 168
2630 198
2630 199
2630 200
2630 201
2630 202
2630 203
2630 204
2630 205
2630 206
2630 207
2630 208
2630 209
2630 210
2630 211
2631 163
2631 164
2631 165
2631 166
2631 167
2631 168
2631 169
2631 170
2631 171
2631 172
2631 173
2631 174
2631 175
2631 176
2631 177
2632 207
2632 208
2632 209
2632 210
2632 211
2632 212
2632 213
2632 214
2632 215
2632 216
2632 217
2632 218
2633 170
2633 171
2633 172
2633 173
2633 174
2633 175
2633 176
2633 177
2633 178
2633 179
2633 180
2633 181
2633 182
2633 183
2633 184
2633 185
2634 143
2634 144
2634 145
2634 216
2634 217
2634 218
2634 219
2634 220
2634 221
2634 222
2634 223
2634 224
2635 178
2635 179
2635 180
2635 181
2635 182
2635 183
2635 184
2635 185
2635 186
2635 187
2635 188
2635 189
2635 190
2635 191
2635 192
2635 193
2636 147
2636 148
2636 149
2636 150
2636 151
2636 152
2636 153
2636 154
2636 155
2637 186
2637 187
2637 188
2637 189
2637 190
2637 191
2637 192
2637 193
2637 194
2637 195
2637 196
2637 197
2637 198
2637 199
2637 200
2638 153
2638 154
2638 155
2638 156
2638 157
2638 158
2638 159
2638 160
2638 161
2638 162
2638 163
2638 164
2639 194
2639 195
2639 196
2639 197
2639 198
2639 199
2639 200
2639 201
2639 202
2639 203
2639 204
2639 205
2639 206
2639 207
2639 208
2640 160
2640 161
2640 162
2640 163
2640 164
2640 165
2640 166
2640 167
2640 168
2640 169
2640 170
2640 171
2640 172
2640 173
2641 203
2641 204
2641 205
2641 206
2641 207
2641 208
2641 209
2641 210
2641 211
2641 212
2641 213
2641 214
2641 215
2642 167
2642 168
2642 169
2642 170
2642 171
2642 172
2642 173
2642 174
2642 175
2642 176
2642 177
2642 178
2642 179
2642 180
2642 181
2643 212
2643 213
2643 214
2643 215
2643 216
2643 217
2643 218
2643 219
2643 220
2643 221
2644 175
2644 176
2644 177
2644 178
2644 179
2644 180
2644 181
2644 182
2644 183
2644 184
2644 185
2644 186
2644 187
2644 188
2644 189
2645 145
2645 146
2645 147
2645 148
2645 149
2645 150
2645 151
2645 223
2645 224
2645 225
2645 226
2646 182
2646 183
2646 184
2646 185
2646 186
2646 187
2646 188
2646 189
2646 190
2646 191
2646 192
2646 193
2646 194
2646 195
2646 196
2646 197
2647 151
2647 152
2647 153
2647 154
2647 155
2647 156
2647 157
2647 158
2647 159
2647 160
2648 190
2648 191
2648 192
2648 193
2648 194
2648 195
2648 196
2648 197
2648 198
2648 199
2648 200
2648 201
2648 202
2648 203
2648 204
2649 157
2649 158
2649 159
2649 160
2649 161
2649 162
2649 163
2649 164
2649 165
2649 166
2649 167
2649 168
2649 169
2650 199
2650 200
2650 201
2650 202
2650 203
2650 204
2650 205
2650 206
2650 207
2650 208
2650 209
2650 210
2650 211
2651 164
2651 165
2651 166
2651 167
2651 168
2651 169
2651 170
2651 171
2651 172
2651 173
2651 174
2651 175
2651 176
2651 177
2652 208
2652 209
2652 210
2652 211
2652 212
2652 213
2652 214
2652 215
2652 216
2652 217
2652 218
2653 171
2653 172
2653 173
2653 174
2653 175
2653 176
2653 177
2653 178
2653 179
2653 180
2653 181
2653 182
2653 183
2653 184
2653 185
2654 218
2654 219
2654 220
2654 221
2654 222
2654 223
2654 224
2655 179
2655 180
2655 181
2655 182
2655 183
2655 184
2655 185
2655 186
2655 187
2655 188
2655 189
2655 190
2655 191
2655 192
2655 193
2656 148
2656 149
2656 150
2656 151
2656 152
2656 153
2656 154
2656 155
2656 156
2657 187
2657 188
2657 189
2657 190
2657 191
2657 192
2657 193
2657 194
2657 195
2657 196
2657 197
2657 198
2657 199
2657 200
2657 201
2658 154
2658 155
2658 156
2658 157
2658 158
2658 159
2658 160
2658 161
2658 162
2658 163
2658 164
2658 165
2659 195
2659 196
2659 197
2659 198
2659 199
2659 200
2659 201
2659 202
2659 203
2659 204
2659 205
2659 206
2659 207
2659 208
2660 161
2660 162
2660 163
2660 164
2660 165
2660 166
2660 167
2660 168
2660 169
2660 170
2660 171
2660 172
2660 173
2661 204
2661 205
2661 206
2661 207
2661 208
2661 209
2661 210
2661 211
2661 212
2661 213
2661 214
2661 215
2662 168
2662 169
2662 170
2662 171
2662 172
2662 173
2662 174
2662 175
2662 176
2662 177
2662 178
2662 179
2662 180
2662 181
2663 213
2663 214
2663 215
2663 216
2663 217
2663 218
2663 219
2663 220
2663 221
2664 176
2664 177
2664 178
2664 179
2664 180
2664 181
2664 182
2664 183
2664 184
2664 185
2664 186
2664 187
2664 188
2664 189
2665 147
2665 148
2665 149
2665 150
2666 183
2666 184
2666 185
2666 186
2666 187
2666 188
2666 189
2666 190
2666 191
2666 192
2666 193
2666 194
2666 195
2666 196
2666 197
2667 152
2667 153
2667 154
2667 155
2667 156
2667 157
2667 158
2667 159
2667 160
2668 191
2668 192
2668 193
2668 194
2668 195
2668 196
2668 197
2668 198
2668 199
2668 200
2668 201
2668 202
2668 203
2668 204
2669 158
2669 159
2669 160
2669 161
2669 162
2669 163
2669 164
2669 165
2669 166
2669 167
2669 168
2669 169
2670 200
2670 201
2670 202
2670 203
2670 204
2670 205
2670 206
2670 207
2670 208
2670 209
2670 210
2670 211
2670 212
2671 165
2671 166
2671 167
2671 168
2671 169
2671 170
2671 171
2671 172
2671 173
2671 174
2671 175
2671 176
2671 177
2672 209
2672 210
2672 211
2672 212
2672 213
2672 214
2672 215
2672 216
2672 217
2672 218
2673 172
2673 173
2673 174
2673 175
2673 176
2673 177
2673 178
2673 179
2673 180
2673 181
2673 182
2673 183
2673 184
2673 185
2674 220
2674 221
2674 222
2674 223
2675 180
2675 181
2675 182
2675 183
2675 184
2675 185
2675 186
2675 187
2675 188
2675 189
2675 190
2675 191
2675 192
2675 193
2676 150
2676 151
2676 152
2676 153
2676 154
2676 155
2676 156
2677 188
2677 189
2677 190
2677 191
2677 192
2677 193
2677 194
2677 195
2677 196
2677 197
2677 198
2677 199
2677 200
2677 201
2678 155
2678 156
2678 157
2678 158
2678 159
2678 160
2678 161
2678 162
2678 163
2678 164
2678 165
2679 196
2679 197
2679 198
2679 199
2679 200
2679 201
2679 202
2679 203
2679 204
2679 205
2679 206
2679 207
2679 208
2680 162
2680 163
2680 164
2680 165
2680 166
2680 167
2680 168
2680 169
2680 170
2680 171
2680 172
2680 173
2681 205
2681 206
2681 207
2681 208
2681 209
2681 210
2681 211
2681 212
2681 213
2681 214
2681 215
2682 169
2682 170
2682 171
2682 172
2682 173
2682 174
2682 175
2682 176
2682 177
2682 178
2682 179
2682 180
2682 181
2682 182
2683 215
2683 216
2683 217
2683 218
2683 219
2683 220
2683 221
2684 177
2684 178
2684 179
2684 180
2684 181
2684 182
2684 183
2684 184
2684 185
2684 186
2684 187
2684 188
2684 189
2684 190
2686 184
2686 185
2686 186
2686 187
2686 188
2686 189
2686 190
2686 191
2686 192
2686 193
2686 194
2686 195
2686 196
2686 197
2687 153
2687 154
2687 155
2687 156
2687 157
2687 158
2687 159
2687 160
2688 193
2688 194
2688 195
2688 196
2688 197
2688 198
2688 199
2688 200
2688 201
2688 202
2688 203
2688 204
2688 205
2689 159
2689 160
2689 161
2689 162
2689 163
2689 164
2689 165
2689 166
2689 167
2689 168
2689 169
2690 201
2690 202
2690 203
2690 204
2690 205
2690 206
2690 207
2690 208
2690 209
2690 210
2690 211
2690 212
2691 166
2691 167
2691 168
2691 169
2691 170
2691 171
2691 172
2691 173
2691 174
2691 175
2691 176
2691 177
2691 178
2692 211
2692 212
2692 213
2692 214
2692 215
2692 216
2692 217
2692 218
2693 173
2693 174
2693 175
2693 176
2693 177
2693 178
2693 179
2693 180
2693 181
2693 182
2693 183
2693 184
2693 185
2693 186
2695 181
2695 182
2695 183
2695 184
2695 185
2695 186
2695 187
2695 188
2695 189
2695 190
2695 191
2695 192
2695 193
2696 151
2696 152
2696 153
2696 154
2696 155
2697 189
2697 190
2697 191
2697 192
2697 193
2697 194
2697 195
2697 196
2697 197
2697 198
2697 199
2697 200
2697 201
2698 157
2698 158
2698 159
2698 160
2698 161
2698 162
2698 163
2698 164
2698 165
2699 198
2699 199
2699 200
2699 201
2699 202
2699 203
2699 204
2699 205
2699 206
2699 207
2699 208
2700 163
2700 164
2700 165
2700 166
2700 167
2700 168
2700 169
2700 170
2700 171
2700 172
2700 173
2701 207
2701 208
2701 209
2701 210
2701 211
2701 212
2701 213
2701 214
2701 215
2702 170
2702 171
2702 172
2702 173
2702 174
2702 175
2702 176
2702 177
2702 178
2702 179
2702 180
2702 181
2702 182
2703 218
2703 219
2704 178
2704 179
2704 180
2704 181
2704 182
2704 183
2704 184
2704 185
2704 186
2704 187
2704 188
2704 189
2704 190
2706 186
2706 187
2706 188
2706 189
2706 190
2706 191
2706 192
2706 193
2706 194
2706 195
2706 196
2706 197
2707 155
2707 156
2707 157
2707 158
2707 159
2707 160
2708 194
2708 195
2708 196
2708 197
2708 198
2708 199
2708 200
2708 201
2708 202
2708 203
2708 204
2709 161
2709 162
2709 163
2709 164
2709 165
2709 166
2709 167
2709 168
2709 169
2710 203
2710 204
2710 205
2710 206
2710 207
2710 208
2710 209
2710 210
2710 211
2711 167
2711 168
2711 169
2711 170
2711 171
2711 172
2711 173
2711 174
2711 175
2711 176
2711 177
2711 178
2712 213
2712 214
2712 215
2712 216
2712 217
2713 175
2713 176
2713 177
2713 178
2713 179
2713 180
2713 181
2713 182
2713 183
2713 184
2713 185
2713 186
2715 182
2715 183
2715 184
2715 185
2715 186
2715 187
2715 188
2715 189
2715 190
2715 191
2715 192
2715 193
2717 190
2717 191
2717 192
2717 193
2717 194
2717 195
2717 196
2717 197
2717 198
2717 199
2717 200
2717 201
2718 158
2718 159
2718 160
2718 161
2718 162
2718 163
2718 164
2719 199
2719 200
2719 201
2719 202
2719 203
2719 204
2719 205
2719 206
2719 207
2719 208
2720 165
2720 166
2720 167
2720 168
2720 169
2720 170
2720 171
2720 172
2720 173
2721 208
2721 209
2721 210
2721 211
2721 212
2721 213
2721 214
2722 172
2722 173
2722 174
2722 175
2722 176
2722 177
2722 178
2722 179
2722 180
2722 181
2722 182
2724 179
2724 180
2724 181
2724 182
2724 183
2724 184
2724 185
2724 186
2724 187
2724 188
2724 189
2724 190
2726 187
2726 188
2726 189
2726 190
2726 191
2726 192
2726 193
2726 194
2726 195
2726 196
2726 197
2727 157
2727 158
2727 159
2728 195
2728 196
2728 197
2728 198
2728 199
2728 200
2728 201
2728 202
2728 203
2728 204
2729 162
2729 163
2729 164
2729 165
2729 166
2729 167
2729 168
2729 169
2730 204
2730 205
2730 206
2730 207
2730 208
2730 209
2730 210
2731 169
2731 170
2731 171
2731 172
2731 173
2731 174
2731 175
2731 176
2731 177
2733 176
2733 177
2733 178
2733 179
2733 180
2733 181
2733 182
2733 183
2733 184
2733 185
2735 184
2735 185
2735 186
2735 187
2735 188
2735 189
2735 190
2735 191
2735 192
2735 193
2737 192
2737 193
2737 194
2737 195
2737 196
2737 197
2737 198
2737 199
2737 200
2738 161
2738 162
2738 163
2739 201
2739 202
2739 203
2739 204
2739 205
2739 206
2739 207
2740 166
2740 167
2740 168
2740 169
2740 170
2740 171
2740 172
2740 173
2742 173
2742 174
2742 175
2742 176
2742 177
2742 178
2742 179
2742 180
2742 181
2744 181
2744 182
2744 183
2744 184
2744 185
2744 186
2744 187
2744 188
2744 189
2746 189
2746 190
2746 191
2746 192
2746 193
2746 194
2746 195
2746 196
2746 197
2748 197
2748 198
2748 199
2748 200
2748 201
2748 202
2748 203
2749 164
2749 165
2749 166
2749 167
2749 168
2750 208
2751 171
2751 172
2751 173
2751 174
2751 175
2751 176
2751 177
2753 178
2753 179
2753 180
2753 181
2753 182
2753 183
2753 184
2753 185
2755 185
2755 186
2755 187
2755 188
2755 189
2755 190
2755 191
2755 192
2755 193
2757 194
2757 195
2757 196
2757 197
2757 198
2757 199
2757 200
2759 204
2759 205
2760 169
2760 170
2760 171
2760 172
2762 175
2762 176
2762 177
2762 178
2762 179
2762 180
2764 182
2764 183
2764 184
2764 185
2764 186
2764 187
2764 188
2766 191
2766 192
2766 193
2766 194
2766 195
2768 201
2771 174
2771 175
2773 180
2773 181
2773 182
2773 183
2773 184
2775 188
2775 189
2775 190
2775 191
3534 305
3534 306
3543 301
3543 302
3543 303
3545 308
3545 309
3545 310
3545 311
3552 298
3554 304
3554 305
3554 306
3554 307
3554 308
3556 313
3556 314
3556 315
3556 316
3563 301
3563 302
3563 303
3563 304
3563 305
3565 308
3565 309
3565 310
3565 311
3565 312
3565 313
3567 318
3567 319
3572 298
3572 299
3572 300
3572 301
3572 302
3574 305
3574 306
3574 307
3574 308
3574 309
3574 310
3576 313
3576 314
3576 315
3576 316
3576 317
3576 318
3581 295
3581 296
3581 297
3583 301
3583 302
3583 303
3583 304
3583 305
3583 306
3583 307
3585 309
3585 310
3585 311
3585 312
3585 313
3585 314
3585 315
3587 318
3587 319
3587 320
3587 321
3592 298
3592 299
3592 300
3592 301
3592 302
3592 303
3592 304
3594 305
3594 306
3594 307
3594 308
3594 309
3594 310
3594 311
3594 312
3596 314
3596 315
3596 316
3596 317
3596 318
3596 319
3601 295
3601 296
3601 297
3601 298
3601 299
3601 300
3603 302
3603 303
3603 304
3603 305
3603 306
3603 307
3603 308
3603 309
3605 310
3605 311
3605 312
3605 313
3605 314
3605 315
3605 316
3605 317
3607 319
3607 320
3607 321
3607 322
3607 323
3612 299
3612 300
3612 301
3612 302
3612 303
3612 304
3612 305
3614 306
3614 307
3614 308
3614 309
3614 310
3614 311
3614 312
3614 313
3614 314
3616 314
3616 315
3616 316
3616 317
3616 318
3616 319
3616 320
3616 321
3621 296
3621 297
3621 298
3621 299
3621 300
3621 301
3623 303
3623 304
3623 305
3623 306
3623 307
3623 308
3623 309
3623 310
3625 311
3625 312
3625 313
3625 314
3625 315
3625 316
3625 317
3625 318
3627 320
3627 321
3627 322
3627 323
3627 324
3630 294
3630 295
3630 296
3630 297
3632 299
3632 300
3632 301
3632 302
3632 303
3632 304
3632 305
3632 306
3632 307
3634 307
3634 308
3634 309
3634 310
3634 311
3634 312
3634 313
3634 314
3634 315
3636 315
3636 316
3636 317
3636 318
3636 319
3636 320
3636 321
3636 322
3641 297
3641 298
3641 299
3641 300
3641 301
3641 302
3641 303
3643 304
3643 305
3643 306
3643 307
3643 308
3643 309
3643 310
3643 311
3643 312
3645 312
3645 313
3645 314
3645 315
3645 316
3645 317
3645 318
3645 319
3647 321
3647 322
3647 323
3647 324
3647 325
3647 326
3650 294
3650 295
3650 296
3650 297
3650 298
3650 299
3652 300
3652 301
3652 302
3652 303
3652 304
3652 305
3652 306
3652 307
3652 308
3654 308
3654 309
3654 310
3654 311
3654 312
3654 313
3654 314
3654 315
3654 316
3656 317
3656 318
3656 319
3656 320
3656 321
3656 322
3656 323
3661 298
3661 299
3661 300
3661 301
3661 302
3661 303
3661 304
3663 305
3663 306
3663 307
3663 308
3663 309
3663 310
3663 311
3663 312
3663 313
3665 313
3665 314
3665 315
3665 316
3665 317
3665 318
3665 319
3665 320
3667 322
3667 323
3667 324
3667 325
3667 326
3670 295
3670 296
3670 297
3670 298
3670 299
3670 300
3672 301
3672 302
3672 303
3672 304
3672 305
3672 306
3672 307
3672 308
3672 309
3672 310
3674 309
3674 310
3674 311
3674 312
3674 313
3674 314
3674 315
3674 316
3674 317
3676 318
3676 319
3676 320
3676 321
3676 322
3676 323
3676 324
3681 299
3681 300
3681 301
3681 302
3681 303
3681 304
3681 305
3681 306
3683 306
3683 307
3683 308
3683 309
3683 310
3683 311
3683 312
3683 313
3683 314
3685 314
3685 315
3685 316
3685 317
3685 318
3685 319
3685 320
3685 321
3687 324
3687 325
3687 326
3687 327
3690 296
3690 297
3690 298
3690 299
3690 300
3690 301
3690 302
3692 303
3692 304
3692 305
3692 306
3692 307
3692 308
3692 309
3692 310
3692 311
3694 310
3694 311
3694 312
3694 313
3694 314
3694 315
3694 316
3694 317
3694 318
3696 319
3696 320
3696 321
3696 322
3696 323
3696 324
3696 325
3699 295
3699 296
3701 300
3701 301
3701 302
3701 303
3701 304
3701 305
3701 306
3701 307
3703 307
3703 308
3703 309
3703 310
3703 311
3703 312
3703 313
3703 314
3703 315
3705 315
3705 316
3705 317
3705 318
3705 319
3705 320
3705 321
3705 322
3707 326
3707 327
3710 297
3710 298
3710 299
3710 300
3710 301
3710 302
3710 303
3712 304
3712 305
3712 306
3712 307
3712 308
3712 309
3712 310
3712 311
3712 312
3714 312
3714 313
3714 314
3714 315
3714 316
3714 317
3714 318
3714 319
3716 321
3716 322
3716 323
3716 324
3716 325
3719 296
3719 297
3719 298
3721 301
3721 302
3721 303
3721 304
3721 305
3721 306
3721 307
3721 308
3723 308
3723 309
3723 310
3723 311
3723 312
3723 313
3723 314
3723 315
3723 316
3725 317
3725 318
3725 319
3725 320
3725 321
3725 322
3725 323
3730 299
3730 300
3730 301
3730 302
3730 303
3730 304
3732 305
3732 306
3732 307
3732 308
3732 309
3732 310
3732 311
3732 312
3734 313
3734 314
3734 315
3734 316
3734 317
3734 318
3734 319
3734 320
3736 323
3736 324
3736 325
3739 297
3739 298
3739 299
3741 302
3741 303
3741 304
3741 305
3741 306
3741 307
3741 308
3741 309
3743 310
3743 311
3743 312
3743 313
3743 314
3743 315
3743 316
3743 317
3745 319
3745 320
3745 321
3745 322
3745 323
3750 300
3750 301
3750 302
3750 303
3750 304
3750 305
3752 307
3752 308
3752 309
3752 310
3752 311
3752 312
3752 313
3754 315
3754 316
3754 317
3754 318
3754 319
3754 320
3761 304
3761 305
3761 306
3761 307
3761 308
3761 309
3763 312
3763 313
3763 314
3763 315
3763 316
3763 317
3765 321
3765 322
3765 323
3770 302
3770 303
3770 304
3770 305
3772 308
3772 309
3772 310
3772 311
3772 312
3772 313
3772 314
3774 317
3774 318
3774 319
3774 320
3781 306
3781 307
3781 308
3781 309
3781 310
3783 314
3783 315
3783 316
3783 317
3790 304
3790 305
3792 311
3792 312
3792 313
3801 309
