147 272
147 273
147 274
151 275
151 276
151 277
151 278
155 278
155 279
155 280
155 281
156 263
156 264
159 281
159 282
159 283
159 284
160 265
160 266
160 267
160 268
160 269
163 284
163 285
163 286
163 287
163 288
164 268
164 269
164 270
164 271
164 272
164 273
167 288
167 289
167 290
167 291
168 271
168 272
168 273
168 274
168 275
168 276
168 277
169 258
171 292
171 293
172 274
172 275
172 276
172 277
172 278
172 279
172 280
173 260
173 261
173 262
173 263
176 278
176 279
176 280
176 281
176 282
176 283
177 262
177 263
177 264
177 265
177 266
177 267
177 268
180 281
180 282
180 283
180 284
180 285
180 286
180 287
181 265
181 266
181 267
181 268
181 269
181 270
181 271
184 284
184 285
184 286
184 287
184 288
184 289
184 290
185 268
185 269
185 270
185 271
185 272
185 273
185 274
185 275
186 255
186 256
186 257
188 288
188 289
188 290
188 291
188 292
188 293
189 271
189 272
189 273
189 274
189 275
189 276
189 277
189 278
189 279
190 257
190 258
190 259
190 260
190 261
190 262
192 292
192 293
192 294
192 295
192 296
193 275
193 276
193 277
193 278
193 279
193 280
193 281
193 282
194 260
194 261
194 262
194 263
194 264
194 265
194 266
196 296
196 297
196 298
197 278
197 279
197 280
197 281
197 282
197 283
197 284
197 285
198 263
198 264
198 265
198 266
198 267
198 268
198 269
198 270
201 281
201 282
201 283
201 284
201 285
201 286
201 287
201 288
201 289
202 266
202 267
202 268
202 269
202 270
202 271
202 272
202 273
203 253
203 254
203 255
205 285
205 286
205 287
205 288
205 289
205 290
205 291
205 292
206 269
206 270
206 271
206 272
206 273
206 274
206 275
206 276
206 277
207 255
207 256
207 257
207 258
207 259
209 288
209 289
209 290
209 291
209 292
209 293
209 294
209 295
210 272
210 273
210 274
210 275
210 276
210 277
210 278
210 279
210 280
211 257
211 258
211 259
211 260
211 261
211 262
211 263
211 264
213 292
213 293
213 294
213 295
213 296
213 297
214 275
214 276
214 277
214 278
214 279
214 280
214 281
214 282
214 283
214 284
215 260
215 261
215 262
215 263
215 264
215 265
215 266
215 267
215 268
217 296
217 297
217 298
217 299
217 300
218 279
218 280
218 281
218 282
218 283
218 284
218 285
218 286
218 287
219 263
219 264
219 265
219 266
219 267
219 268
219 269
219 270
219 271
220 251
220 252
221 300
221 301
221 302
222 282
222 283
222 284
222 285
222 286
222 287
222 288
222 289
222 290
223 266
223 267
223 268
223 269
223 270
223 271
223 272
223 273
223 274
223 275
224 253
224 254
224 255
224 256
224 257
226 285
226 286
226 287
226 288
226 289
226 290
226 291
226 292
226 293
227 270
227 271
227 272
227 273
227 274
227 275
227 276
227 277
227 278
228 255
228 256
228 257
228 258
228 259
228 260
228 261
230 289
230 290
230 291
230 292
230 293
230 294
230 295
230 296
231 273
231 274
231 275
231 276
231 277
231 278
231 279
231 280
231 281
231 282
232 258
232 259
232 260
232 261
232 262
232 263
232 264
232 265
234 293
234 294
234 295
234 296
234 297
234 298
234 299
235 276
235 277
235 278
235 279
235 280
235 281
235 282
235 283
235 284
235 285
236 261
236 262
236 263
236 264
236 265
236 266
236 267
236 268
236 269
238 297
238 298
238 299
238 300
238 301
238 302
239 279
239 280
239 281
239 282
239 283
239 284
239 285
239 286
239 287
239 288
240 264
240 265
240 266
240 267
240 268
240 269
240 270
240 271
240 272
240 273
241 251
241 252
241 253
241 254
242 301
242 302
242 303
242 304
243 283
243 284
243 285
243 286
243 287
243 288
243 289
243 290
243 291
244 267
244 268
244 269
244 270
244 271
244 272
244 273
244 274
244 275
244 276
245 253
245 254
245 255
245 256
245 257
245 258
245 259
247 286
247 287
247 288
247 289
247 290
247 291
247 292
247 293
247 294
247 295
248 270
248 271
248 272
248 273
248 274
248 275
248 276
248 277
248 278
248 279
248 280
249 256
249 257
249 258
249 259
249 260
249 261
249 262
249 263
251 290
251 291
251 292
251 293
251 294
251 295
251 296
251 297
252 274
252 275
252 276
252 277
252 278
252 279
252 280
252 281
252 282
252 283
253 259
253 260
253 261
253 262
253 263
253 264
253 265
253 266
253 267
255 294
255 295
255 296
255 297
255 298
255 299
255 300
256 277
256 278
256 279
256 280
256 281
256 282
256 283
256 284
256 285
256 286
257 262
257 263
257 264
257 265
257 266
257 267
257 268
257 269
257 270
258 250
259 297
259 298
259 299
259 300
259 301
259 302
259 303
260 280
260 281
260 282
260 283
260 284
260 285
260 286
260 287
260 288
260 289
260 290
261 265
261 266
261 267
261 268
261 269
261 270
261 271
261 272
261 273
261 274
262 252
262 253
262 254
262 255
262 256
263 302
263 303
263 304
263 305
264 284
264 285
264 286
264 287
264 288
264 289
264 290
264 291
264 292
264 293
265 268
265 269
265 270
265 271
265 272
265 273
265 274
265 275
265 276
265 277
265 278
266 254
266 255
266 256
266 257
266 258
266 259
266 260
268 287
268 288
268 289
268 290
268 291
268 292
268 293
268 294
268 295
268 296
269 271
269 272
269 273
269 274
269 275
269 276
269 277
269 278
269 279
269 280
269 281
270 257
270 258
270 259
270 260
270 261
270 262
270 263
270 264
272 291
272 292
272 293
272 294
272 295
272 296
272 297
272 298
272 299
273 275
273 276
273 277
273 278
273 279
273 280
273 281
273 282
273 283
273 284
274 260
274 261
274 262
274 263
274 264
274 265
274 266
274 267
274 268
276 295
276 296
276 297
276 298
276 299
276 300
276 301
277 278
277 279
277 280
277 281
277 282
277 283
277 284
277 285
277 286
277 287
277 288
278 263
278 264
278 265
278 266
278 267
278 268
278 269
278 270
278 271
278 272
279 250
279 251
279 252
280 299
280 300
280 301
280 302
280 303
280 304
281 281
281 282
281 283
281 284
281 285
281 286
281 287
281 288
281 289
281 290
281 291
282 266
282 267
282 268
282 269
282 270
282 271
282 272
282 273
282 274
282 275
283 252
283 253
283 254
283 255
283 256
283 257
284 303
284 304
284 305
284 306
285 285
285 286
285 287
285 288
285 289
285 290
285 291
285 292
285 293
285 294
286 269
286 270
286 271
286 272
286 273
286 274
286 275
286 276
286 277
286 278
286 279
287 255
287 256
287 257
287 258
287 259
287 260
287 261
287 262
289 288
289 289
289 290
289 291
289 292
289 293
289 294
289 295
289 296
289 297
290 272
290 273
290 274
290 275
290 276
290 277
290 278
290 279
290 280
290 281
290 282
291 258
291 259
291 260
291 261
291 262
291 263
291 264
291 265
293 292
293 293
293 294
293 295
293 296
293 297
293 298
293 299
293 300
294 276
294 277
294 278
294 279
294 280
294 281
294 282
294 283
294 284
294 285
295 261
295 262
295 263
295 264
295 265
295 266
295 267
295 268
295 269
297 296
297 297
297 298
297 299
297 300
297 301
297 302
298 279
298 280
298 281
298 282
298 283
298 284
298 285
298 286
298 287
298 288
298 289
299 264
299 265
299 266
299 267
299 268
299 269
299 270
299 271
299 272
299 273
300 251
300 252
300 253
300 254
301 300
301 301
301 302
301 303
301 304
301 305
302 282
302 283
302 284
302 285
302 286
302 287
302 288
302 289
302 290
302 291
302 292
303 267
303 268
303 269
303 270
303 271
303 272
303 273
303 274
303 275
303 276
304 253
304 254
304 255
304 256
304 257
304 258
305 305
305 306
305 307
306 286
306 287
306 288
306 289
306 290
306 291
306 292
306 293
306 294
306 295
307 270
307 271
307 272
307 273
307 274
307 275
307 276
307 277
307 278
307 279
307 280
308 256
308 257
308 258
308 259
308 260
308 261
308 262
308 263
310 290
310 291
310 292
310 293
310 294
310 295
310 296
310 297
310 298
311 273
311 274
311 275
311 276
311 277
311 278
311 279
311 280
311 281
311 282
311 283
312 259
312 260
312 261
312 262
312 263
312 264
312 265
312 266
312 267
314 293
314 294
314 295
314 296
314 297
314 298
314 299
314 300
314 301
315 277
315 278
315 279
315 280
315 281
315 282
315 283
315 284
315 285
315 286
316 262
316 263
316 264
316 265
316 266
316 267
316 268
316 269
316 270
318 297
318 298
318 299
318 300
318 301
318 302
318 303
319 280
319 281
319 282
319 283
319 284
319 285
319 286
319 287
319 288
319 289
319 290
320 265
320 266
320 267
320 268
320 269
320 270
320 271
320 272
320 273
320 274
321 253
321 254
321 255
322 302
322 303
322 304
322 305
323 284
323 285
323 286
323 287
323 288
323 289
323 290
323 291
323 292
323 293
324 268
324 269
324 270
324 271
324 272
324 273
324 274
324 275
324 276
324 277
325 255
325 256
325 257
325 258
325 259
327 287
327 288
327 289
327 290
327 291
327 292
327 293
327 294
327 295
327 296
328 271
328 272
328 273
328 274
328 275
328 276
328 277
328 278
328 279
328 280
328 281
329 257
329 258
329 259
329 260
329 261
329 262
329 263
329 264
331 291
331 292
331 293
331 294
331 295
331 296
331 297
331 298
331 299
332 275
332 276
332 277
332 278
332 279
332 280
332 281
332 282
332 283
332 284
333 260
333 261
333 262
333 263
333 264
333 265
333 266
333 267
335 295
335 296
335 297
335 298
335 299
335 300
335 301
336 278
336 279
336 280
336 281
336 282
336 283
336 284
336 285
336 286
336 287
337 263
337 264
337 265
337 266
337 267
337 268
337 269
337 270
337 271
339 299
339 300
339 301
339 302
339 303
339 304
340 281
340 282
340 283
340 284
340 285
340 286
340 287
340 288
340 289
340 290
341 266
341 267
341 268
341 269
341 270
341 271
341 272
341 273
341 274
341 275
342 254
342 255
343 304
343 305
343 306
344 285
344 286
344 287
344 288
344 289
344 290
344 291
344 292
344 293
344 294
345 269
345 270
345 271
345 272
345 273
345 274
345 275
345 276
345 277
345 278
346 256
346 257
346 258
346 259
346 260
348 289
348 290
348 291
348 292
348 293
348 294
348 295
348 296
349 273
349 274
349 275
349 276
349 277
349 278
349 279
349 280
349 281
349 282
350 258
350 259
350 260
350 261
350 262
350 263
350 264
352 292
352 293
352 294
352 295
352 296
352 297
352 298
352 299
353 276
353 277
353 278
353 279
353 280
353 281
353 282
353 283
353 284
353 285
354 261
354 262
354 263
354 264
354 265
354 266
354 267
354 268
356 296
356 297
356 298
356 299
356 300
356 301
356 302
357 279
357 280
357 281
357 282
357 283
357 284
357 285
357 286
357 287
357 288
358 264
358 265
358 266
358 267
358 268
358 269
358 270
358 271
358 272
360 301
360 302
360 303
360 304
361 283
361 284
361 285
361 286
361 287
361 288
361 289
361 290
361 291
362 267
362 268
362 269
362 270
362 271
362 272
362 273
362 274
362 275
365 287
365 288
365 289
365 290
365 291
365 292
365 293
365 294
366 271
366 272
366 273
366 274
366 275
366 276
366 277
366 278
366 279
367 258
367 259
367 260
369 290
369 291
369 292
369 293
369 294
369 295
369 296
369 297
370 274
370 275
370 276
370 277
370 278
370 279
370 280
370 281
370 282
371 260
371 261
371 262
371 263
371 264
371 265
373 294
373 295
373 296
373 297
373 298
373 299
373 300
374 277
374 278
374 279
374 280
374 281
374 282
374 283
374 284
374 285
374 286
375 263
375 264
375 265
375 266
375 267
375 268
375 269
377 299
377 300
377 301
377 302
378 281
378 282
378 283
378 284
378 285
378 286
378 287
378 288
378 289
379 266
379 267
379 268
379 269
379 270
379 271
379 272
382 284
382 285
382 286
382 287
382 288
382 289
382 290
382 291
382 292
383 269
383 270
383 271
383 272
383 273
383 274
383 275
383 276
386 288
386 289
386 290
386 291
386 292
386 293
386 294
386 295
387 272
387 273
387 274
387 275
387 276
387 277
387 278
387 279
390 292
390 293
390 294
390 295
390 296
390 297
391 276
391 277
391 278
391 279
391 280
391 281
391 282
391 283
392 262
392 263
392 264
392 265
394 296
394 297
394 298
394 299
394 300
395 279
395 280
395 281
395 282
395 283
395 284
395 285
395 286
396 265
396 266
396 267
396 268
396 269
399 283
399 284
399 285
399 286
399 287
399 288
399 289
400 268
400 269
400 270
400 271
400 272
400 273
403 286
403 287
403 288
403 289
403 290
403 291
403 292
404 271
404 272
404 273
404 274
404 275
404 276
407 290
407 291
407 292
407 293
407 294
407 295
408 274
408 275
408 276
408 277
408 278
408 279
408 280
411 295
411 296
411 297
412 277
412 278
412 279
412 280
412 281
412 282
412 283
416 281
416 282
416 283
416 284
416 285
416 286
417 267
417 268
417 269
420 285
420 286
420 287
420 288
420 289
421 270
421 271
421 272
421 273
424 289
424 290
424 291
424 292
425 273
425 274
425 275
425 276
429 276
429 277
429 278
429 279
429 280
433 280
433 281
433 282
433 283
437 284
437 285
437 286
1574 256
1578 258
1578 259
1578 260
1582 261
1582 262
1582 263
1586 264
1586 265
1586 266
1586 267
1587 251
1590 268
1590 269
1590 270
1591 253
1591 254
1591 255
1594 272
1595 255
1595 256
1595 257
1595 258
1595 259
1599 258
1599 259
1599 260
1599 261
1599 262
1600 246
1603 262
1603 263
1603 264
1603 265
1603 266
1604 248
1604 249
1604 250
1607 265
1607 266
1607 267
1607 268
1607 269
1608 250
1608 251
1608 252
1608 253
1608 254
1611 268
1611 269
1611 270
1611 271
1612 253
1612 254
1612 255
1612 256
1612 257
1612 258
1615 272
1615 273
1615 274
1616 256
1616 257
1616 258
1616 259
1616 260
1616 261
1617 243
1617 244
1617 245
1620 259
1620 260
1620 261
1620 262
1620 263
1620 264
1621 245
1621 246
1621 247
1621 248
1621 249
1624 262
1624 263
1624 264
1624 265
1624 266
1624 267
1625 248
1625 249
1625 250
1625 251
1625 252
1625 253
1628 266
1628 267
1628 268
1628 269
1628 270
1629 250
1629 251
1629 252
1629 253
1629 254
1629 255
1629 256
1630 238
1630 239
1630 240
1632 269
1632 270
1632 271
1632 272
1632 273
1633 253
1633 254
1633 255
1633 256
1633 257
1633 258
1633 259
1634 240
1634 241
1634 242
1634 243
1634 244
1636 273
1636 274
1636 275
1637 256
1637 257
1637 258
1637 259
1637 260
1637 261
1637 262
1637 263
1638 242
1638 243
1638 244
1638 245
1638 246
1638 247
1638 248
1641 260
1641 261
1641 262
1641 263
1641 264
1641 265
1641 266
1642 245
1642 246
1642 247
1642 248
1642 249
1642 250
1642 251
1645 263
1645 264
1645 265
1645 266
1645 267
1645 268
1645 269
1646 248
1646 249
1646 250
1646 251
1646 252
1646 253
1646 254
1647 235
1647 236
1647 237
1647 238
1649 267
1649 268
1649 269
1649 270
1649 271
1650 251
1650 252
1650 253
1650 254
1650 255
1650 256
1650 257
1650 258
1651 237
1651 238
1651 239
1651 240
1651 241
1651 242
1653 270
1653 271
1653 272
1653 273
1653 274
1654 254
1654 255
1654 256
1654 257
1654 258
1654 259
1654 260
1654 261
1655 240
1655 241
1655 242
1655 243
1655 244
1655 245
1655 246
1657 275
1657 276
1658 257
1658 258
1658 259
1658 260
1658 261
1658 262
1658 263
1658 264
1659 243
1659 244
1659 245
1659 246
1659 247
1659 248
1659 249
1660 231
1660 232
1660 233
1662 261
1662 262
1662 263
1662 264
1662 265
1662 266
1662 267
1663 246
1663 247
1663 248
1663 249
1663 250
1663 251
1663 252
1663 253
1664 232
1664 233
1664 234
1664 235
1664 236
1664 237
1666 264
1666 265
1666 266
1666 267
1666 268
1666 269
1666 270
1667 249
1667 250
1667 251
1667 252
1667 253
1667 254
1667 255
1667 256
1668 235
1668 236
1668 237
1668 238
1668 239
1668 240
1668 241
1670 268
1670 269
1670 270
1670 271
1670 272
1670 273
1671 252
1671 253
1671 254
1671 255
1671 256
1671 257
1671 258
1671 259
1672 238
1672 239
1672 240
1672 241
1672 242
1672 243
1672 244
1674 272
1674 273
1674 274
1674 275
1675 255
1675 256
1675 257
1675 258
1675 259
1675 260
1675 261
1675 262
1676 240
1676 241
1676 242
1676 243
1676 244
1676 245
1676 246
1676 247
1676 248
1677 228
1677 229
1677 230
1677 231
1678 276
1679 258
1679 259
1679 260
1679 261
1679 262
1679 263
1679 264
1679 265
1680 243
1680 244
1680 245
1680 246
1680 247
1680 248
1680 249
1680 250
1680 251
1681 230
1681 231
1681 232
1681 233
1681 234
1681 235
1683 262
1683 263
1683 264
1683 265
1683 266
1683 267
1683 268
1684 246
1684 247
1684 248
1684 249
1684 250
1684 251
1684 252
1684 253
1684 254
1685 233
1685 234
1685 235
1685 236
1685 237
1685 238
1685 239
1687 265
1687 266
1687 267
1687 268
1687 269
1687 270
1687 271
1688 249
1688 250
1688 251
1688 252
1688 253
1688 254
1688 255
1688 256
1688 257
1689 235
1689 236
1689 237
1689 238
1689 239
1689 240
1689 241
1689 242
1690 224
1690 225
1691 269
1691 270
1691 271
1691 272
1691 273
1691 274
1692 252
1692 253
1692 254
1692 255
1692 256
1692 257
1692 258
1692 259
1692 260
1692 261
1693 238
1693 239
1693 240
1693 241
1693 242
1693 243
1693 244
1693 245
1693 246
1694 225
1694 226
1694 227
1694 228
1694 229
1694 230
1695 273
1695 274
1695 275
1695 276
1696 256
1696 257
1696 258
1696 259
1696 260
1696 261
1696 262
1696 263
1696 264
1697 241
1697 242
1697 243
1697 244
1697 245
1697 246
1697 247
1697 248
1697 249
1698 228
1698 229
1698 230
1698 231
1698 232
1698 233
1700 259
1700 260
1700 261
1700 262
1700 263
1700 264
1700 265
1700 266
1701 244
1701 245
1701 246
1701 247
1701 248
1701 249
1701 250
1701 251
1701 252
1702 230
1702 231
1702 232
1702 233
1702 234
1702 235
1702 236
1702 237
1704 263
1704 264
1704 265
1704 266
1704 267
1704 268
1704 269
1705 247
1705 248
1705 249
1705 250
1705 251
1705 252
1705 253
1705 254
1705 255
1705 256
1706 233
1706 234
1706 235
1706 236
1706 237
1706 238
1706 239
1706 240
1706 241
1707 221
1707 222
1707 223
1707 224
1708 266
1708 267
1708 268
1708 269
1708 270
1708 271
1708 272
1709 250
1709 251
1709 252
1709 253
1709 254
1709 255
1709 256
1709 257
1709 258
1709 259
1710 236
1710 237
1710 238
1710 239
1710 240
1710 241
1710 242
1710 243
1710 244
1711 223
1711 224
1711 225
1711 226
1711 227
1711 228
1712 270
1712 271
1712 272
1712 273
1712 274
1713 253
1713 254
1713 255
1713 256
1713 257
1713 258
1713 259
1713 260
1713 261
1713 262
1714 239
1714 240
1714 241
1714 242
1714 243
1714 244
1714 245
1714 246
1714 247
1715 225
1715 226
1715 227
1715 228
1715 229
1715 230
1715 231
1715 232
1716 275
1716 276
1717 257
1717 258
1717 259
1717 260
1717 261
1717 262
1717 263
1717 264
1717 265
1718 242
1718 243
1718 244
1718 245
1718 246
1718 247
1718 248
1718 249
1718 250
1718 251
1719 228
1719 229
1719 230
1719 231
1719 232
1719 233
1719 234
1719 235
1721 260
1721 261
1721 262
1721 263
1721 264
1721 265
1721 266
1721 267
1721 268
1722 245
1722 246
1722 247
1722 248
1722 249
1722 250
1722 251
1722 252
1722 253
1722 254
1723 231
1723 232
1723 233
1723 234
1723 235
1723 236
1723 237
1723 238
1723 239
1724 219
1724 220
1724 221
1724 222
1725 264
1725 265
1725 266
1725 267
1725 268
1725 269
1725 270
1726 248
1726 249
1726 250
1726 251
1726 252
1726 253
1726 254
1726 255
1726 256
1726 257
1727 233
1727 234
1727 235
1727 236
1727 237
1727 238
1727 239
1727 240
1727 241
1727 242
1728 221
1728 222
1728 223
1728 224
1728 225
1728 226
1729 267
1729 268
1729 269
1729 270
1729 271
1729 272
1729 273
1730 251
1730 252
1730 253
1730 254
1730 255
1730 256
1730 257
1730 258
1730 259
1730 260
1731 236
1731 237
1731 238
1731 239
1731 240
1731 241
1731 242
1731 243
1731 244
1731 245
1732 223
1732 224
1732 225
1732 226
1732 227
1732 228
1732 229
1732 230
1733 272
1733 273
1733 274
1733 275
1734 254
1734 255
1734 256
1734 257
1734 258
1734 259
1734 260
1734 261
1734 262
1734 263
1735 239
1735 240
1735 241
1735 242
1735 243
1735 244
1735 245
1735 246
1735 247
1735 248
1735 249
1736 226
1736 227
1736 228
1736 229
1736 230
1736 231
1736 232
1736 233
1738 258
1738 259
1738 260
1738 261
1738 262
1738 263
1738 264
1738 265
1738 266
1739 242
1739 243
1739 244
1739 245
1739 246
1739 247
1739 248
1739 249
1739 250
1739 251
1739 252
1740 228
1740 229
1740 230
1740 231
1740 232
1740 233
1740 234
1740 235
1740 236
1740 237
1741 216
1741 217
1741 218
1741 219
1741 220
1742 261
1742 262
1742 263
1742 264
1742 265
1742 266
1742 267
1742 268
1743 245
1743 246
1743 247
1743 248
1743 249
1743 250
1743 251
1743 252
1743 253
1743 254
1743 255
1744 231
1744 232
1744 233
1744 234
1744 235
1744 236
1744 237
1744 238
1744 239
1744 240
1745 218
1745 219
1745 220
1745 221
1745 222
1745 223
1745 224
1746 265
1746 266
1746 267
1746 268
1746 269
1746 270
1746 271
1747 249
1747 250
1747 251
1747 252
1747 253
1747 254
1747 255
1747 256
1747 257
1747 258
1748 234
1748 235
1748 236
1748 237
1748 238
1748 239
1748 240
1748 241
1748 242
1748 243
1748 244
1749 221
1749 222
1749 223
1749 224
1749 225
1749 226
1749 227
1749 228
1750 269
1750 270
1750 271
1750 272
1750 273
1751 252
1751 253
1751 254
1751 255
1751 256
1751 257
1751 258
1751 259
1751 260
1751 261
1752 237
1752 238
1752 239
1752 240
1752 241
1752 242
1752 243
1752 244
1752 245
1752 246
1752 247
1753 223
1753 224
1753 225
1753 226
1753 227
1753 228
1753 229
1753 230
1753 231
1754 273
1754 274
1754 275
1755 255
1755 256
1755 257
1755 258
1755 259
1755 260
1755 261
1755 262
1755 263
1755 264
1756 240
1756 241
1756 242
1756 243
1756 244
1756 245
1756 246
1756 247
1756 248
1756 249
1756 250
1757 226
1757 227
1757 228
1757 229
1757 230
1757 231
1757 232
1757 233
1757 234
1757 235
1758 214
1758 215
1758 216
1758 217
1758 218
1759 259
1759 260
1759 261
1759 262
1759 263
1759 264
1759 265
1759 266
1759 267
1760 243
1760 244
1760 245
1760 246
1760 247
1760 248
1760 249
1760 250
1760 251
1760 252
1760 253
1761 229
1761 230
1761 231
1761 232
1761 233
1761 234
1761 235
1761 236
1761 237
1761 238
1762 216
1762 217
1762 218
1762 219
1762 220
1762 221
1762 222
1763 262
1763 263
1763 264
1763 265
1763 266
1763 267
1763 268
1763 269
1764 246
1764 247
1764 248
1764 249
1764 250
1764 251
1764 252
1764 253
1764 254
1764 255
1764 256
1765 232
1765 233
1765 234
1765 235
1765 236
1765 237
1765 238
1765 239
1765 240
1765 241
1765 242
1766 218
1766 219
1766 220
1766 221
1766 222
1766 223
1766 224
1766 225
1766 226
1767 266
1767 267
1767 268
1767 269
1767 270
1767 271
1767 272
1768 249
1768 250
1768 251
1768 252
1768 253
1768 254
1768 255
1768 256
1768 257
1768 258
1768 259
1769 235
1769 236
1769 237
1769 238
1769 239
1769 240
1769 241
1769 242
1769 243
1769 244
1769 245
1770 221
1770 222
1770 223
1770 224
1770 225
1770 226
1770 227
1770 228
1770 229
1771 270
1771 271
1771 272
1771 273
1771 274
1772 253
1772 254
1772 255
1772 256
1772 257
1772 258
1772 259
1772 260
1772 261
1772 262
1773 238
1773 239
1773 240
1773 241
1773 242
1773 243
1773 244
1773 245
1773 246
1773 247
1773 248
1774 224
1774 225
1774 226
1774 227
1774 228
1774 229
1774 230
1774 231
1774 232
1774 233
1775 212
1775 213
1775 214
1775 215
1775 216
1776 256
1776 257
1776 258
1776 259
1776 260
1776 261
1776 262
1776 263
1776 264
1776 265
1777 241
1777 242
1777 243
1777 244
1777 245
1777 246
1777 247
1777 248
1777 249
1777 250
1777 251
1778 226
1778 227
1778 228
1778 229
1778 230
1778 231
1778 232
1778 233
1778 234
1778 235
1778 236
1779 214
1779 215
1779 216
1779 217
1779 218
1779 219
1779 220
1780 260
1780 261
1780 262
1780 263
1780 264
1780 265
1780 266
1780 267
1780 268
1781 244
1781 245
1781 246
1781 247
1781 248
1781 249
1781 250
1781 251
1781 252
1781 253
1781 254
1782 229
1782 230
1782 231
1782 232
1782 233
1782 234
1782 235
1782 236
1782 237
1782 238
1782 239
1782 240
1783 216
1783 217
1783 218
1783 219
1783 220
1783 221
1783 222
1783 223
1783 224
1784 264
1784 265
1784 266
1784 267
1784 268
1784 269
1784 270
1785 247
1785 248
1785 249
1785 250
1785 251
1785 252
1785 253
1785 254
1785 255
1785 256
1785 257
1786 232
1786 233
1786 234
1786 235
1786 236
1786 237
1786 238
1786 239
1786 240
1786 241
1786 242
1786 243
1787 219
1787 220
1787 221
1787 222
1787 223
1787 224
1787 225
1787 226
1787 227
1788 268
1788 269
1788 270
1788 271
1788 272
1789 250
1789 251
1789 252
1789 253
1789 254
1789 255
1789 256
1789 257
1789 258
1789 259
1789 260
1790 235
1790 236
1790 237
1790 238
1790 239
1790 240
1790 241
1790 242
1790 243
1790 244
1790 245
1790 246
1791 221
1791 222
1791 223
1791 224
1791 225
1791 226
1791 227
1791 228
1791 229
1791 230
1791 231
1792 210
1792 211
1792 212
1792 213
1792 214
1792 272
1792 273
1792 274
1793 254
1793 255
1793 256
1793 257
1793 258
1793 259
1793 260
1793 261
1793 262
1793 263
1794 238
1794 239
1794 240
1794 241
1794 242
1794 243
1794 244
1794 245
1794 246
1794 247
1794 248
1794 249
1795 224
1795 225
1795 226
1795 227
1795 228
1795 229
1795 230
1795 231
1795 232
1795 233
1795 234
1796 212
1796 213
1796 214
1796 215
1796 216
1796 217
1796 218
1797 257
1797 258
1797 259
1797 260
1797 261
1797 262
1797 263
1797 264
1797 265
1797 266
1798 242
1798 243
1798 244
1798 245
1798 246
1798 247
1798 248
1798 249
1798 250
1798 251
1798 252
1799 227
1799 228
1799 229
1799 230
1799 231
1799 232
1799 233
1799 234
1799 235
1799 236
1799 237
1799 238
1800 214
1800 215
1800 216
1800 217
1800 218
1800 219
1800 220
1800 221
1800 222
1801 261
1801 262
1801 263
1801 264
1801 265
1801 266
1801 267
1801 268
1802 245
1802 246
1802 247
1802 248
1802 249
1802 250
1802 251
1802 252
1802 253
1802 254
1802 255
1803 230
1803 231
1803 232
1803 233
1803 234
1803 235
1803 236
1803 237
1803 238
1803 239
1803 240
1803 241
1804 217
1804 218
1804 219
1804 220
1804 221
1804 222
1804 223
1804 224
1804 225
1805 265
1805 266
1805 267
1805 268
1805 269
1805 270
1805 271
1806 248
1806 249
1806 250
1806 251
1806 252
1806 253
1806 254
1806 255
1806 256
1806 257
1806 258
1807 233
1807 234
1807 235
1807 236
1807 237
1807 238
1807 239
1807 240
1807 241
1807 242
1807 243
1807 244
1808 219
1808 220
1808 221
1808 222
1808 223
1808 224
1808 225
1808 226
1808 227
1808 228
1808 229
1809 208
1809 209
1809 210
1809 211
1809 269
1809 270
1809 271
1809 272
1809 273
1810 251
1810 252
1810 253
1810 254
1810 255
1810 256
1810 257
1810 258
1810 259
1810 260
1810 261
1811 236
1811 237
1811 238
1811 239
1811 240
1811 241
1811 242
1811 243
1811 244
1811 245
1811 246
1811 247
1812 222
1812 223
1812 224
1812 225
1812 226
1812 227
1812 228
1812 229
1812 230
1812 231
1812 232
1813 210
1813 211
1813 212
1813 213
1813 214
1813 215
1813 216
1814 255
1814 256
1814 257
1814 258
1814 259
1814 260
1814 261
1814 262
1814 263
1814 264
1815 239
1815 240
1815 241
1815 242
1815 243
1815 244
1815 245
1815 246
1815 247
1815 248
1815 249
1815 250
1816 225
1816 226
1816 227
1816 228
1816 229
1816 230
1816 231
1816 232
1816 233
1816 234
1816 235
1817 212
1817 213
1817 214
1817 215
1817 216
1817 217
1817 218
1817 219
1818 259
1818 260
1818 261
1818 262
1818 263
1818 264
1818 265
1818 266
1818 267
1819 242
1819 243
1819 244
1819 245
1819 246
1819 247
1819 248
1819 249
1819 250
1819 251
1819 252
1819 253
1820 228
1820 229
1820 230
1820 231
1820 232
1820 233
1820 234
1820 235
1820 236
1820 237
1820 238
1820 239
1821 214
1821 215
1821 216
1821 217
1821 218
1821 219
1821 220
1821 221
1821 222
1821 223
1822 262
1822 263
1822 264
1822 265
1822 266
1822 267
1822 268
1822 269
1823 246
1823 247
1823 248
1823 249
1823 250
1823 251
1823 252
1823 253
1823 254
1823 255
1823 256
1824 231
1824 232
1824 233
1824 234
1824 235
1824 236
1824 237
1824 238
1824 239
1824 240
1824 241
1824 242
1825 217
1825 218
1825 219
1825 220
1825 221
1825 222
1825 223
1825 224
1825 225
1825 226
1825 227
1826 206
1826 207
1826 208
1826 209
1826 266
1826 267
1826 268
1826 269
1826 270
1826 271
1827 249
1827 250
1827 251
1827 252
1827 253
1827 254
1827 255
1827 256
1827 257
1827 258
1827 259
1828 234
1828 235
1828 236
1828 237
1828 238
1828 239
1828 240
1828 241
1828 242
1828 243
1828 244
1828 245
1829 220
1829 221
1829 222
1829 223
1829 224
1829 225
1829 226
1829 227
1829 228
1829 229
1829 230
1830 208
1830 209
1830 210
1830 211
1830 212
1830 213
1830 271
1830 272
1831 252
1831 253
1831 254
1831 255
1831 256
1831 257
1831 258
1831 259
1831 260
1831 261
1831 262
1832 237
1832 238
1832 239
1832 240
1832 241
1832 242
1832 243
1832 244
1832 245
1832 246
1832 247
1832 248
1833 223
1833 224
1833 225
1833 226
1833 227
1833 228
1833 229
1833 230
1833 231
1833 232
1833 233
1834 210
1834 211
1834 212
1834 213
1834 214
1834 215
1834 216
1834 217
1835 256
1835 257
1835 258
1835 259
1835 260
1835 261
1835 262
1835 263
1835 264
1835 265
1836 240
1836 241
1836 242
1836 243
1836 244
1836 245
1836 246
1836 247
1836 248
1836 249
1836 250
1836 251
1837 225
1837 226
1837 227
1837 228
1837 229
1837 230
1837 231
1837 232
1837 233
1837 234
1837 235
1837 236
1837 237
1838 212
1838 213
1838 214
1838 215
1838 216
1838 217
1838 218
1838 219
1838 220
1838 221
1839 260
1839 261
1839 262
1839 263
1839 264
1839 265
1839 266
1839 267
1840 243
1840 244
1840 245
1840 246
1840 247
1840 248
1840 249
1840 250
1840 251
1840 252
1840 253
1840 254
1841 228
1841 229
1841 230
1841 231
1841 232
1841 233
1841 234
1841 235
1841 236
1841 237
1841 238
1841 239
1841 240
1842 215
1842 216
1842 217
1842 218
1842 219
1842 220
1842 221
1842 222
1842 223
1842 224
1843 205
1843 206
1843 264
1843 265
1843 266
1843 267
1843 268
1843 269
1843 270
1844 247
1844 248
1844 249
1844 250
1844 251
1844 252
1844 253
1844 254
1844 255
1844 256
1844 257
1845 231
1845 232
1845 233
1845 234
1845 235
1845 236
1845 237
1845 238
1845 239
1845 240
1845 241
1845 242
1845 243
1846 218
1846 219
1846 220
1846 221
1846 222
1846 223
1846 224
1846 225
1846 226
1846 227
1846 228
1847 206
1847 207
1847 208
1847 209
1847 210
1847 211
1847 268
1847 269
1847 270
1847 271
1848 250
1848 251
1848 252
1848 253
1848 254
1848 255
1848 256
1848 257
1848 258
1848 259
1848 260
1849 235
1849 236
1849 237
1849 238
1849 239
1849 240
1849 241
1849 242
1849 243
1849 244
1849 245
1849 246
1850 220
1850 221
1850 222
1850 223
1850 224
1850 225
1850 226
1850 227
1850 228
1850 229
1850 230
1850 231
1851 208
1851 209
1851 210
1851 211
1851 212
1851 213
1851 214
1851 215
1852 254
1852 255
1852 256
1852 257
1852 258
1852 259
1852 260
1852 261
1852 262
1852 263
1853 238
1853 239
1853 240
1853 241
1853 242
1853 243
1853 244
1853 245
1853 246
1853 247
1853 248
1853 249
1854 223
1854 224
1854 225
1854 226
1854 227
1854 228
1854 229
1854 230
1854 231
1854 232
1854 233
1854 234
1854 235
1855 210
1855 211
1855 212
1855 213
1855 214
1855 215
1855 216
1855 217
1855 218
1855 219
1856 257
1856 258
1856 259
1856 260
1856 261
1856 262
1856 263
1856 264
1856 265
1857 241
1857 242
1857 243
1857 244
1857 245
1857 246
1857 247
1857 248
1857 249
1857 250
1857 251
1857 252
1858 226
1858 227
1858 228
1858 229
1858 230
1858 231
1858 232
1858 233
1858 234
1858 235
1858 236
1858 237
1858 238
1859 213
1859 214
1859 215
1859 216
1859 217
1859 218
1859 219
1859 220
1859 221
1859 222
1860 261
1860 262
1860 263
1860 264
1860 265
1860 266
1860 267
1860 268
1861 244
1861 245
1861 246
1861 247
1861 248
1861 249
1861 250
1861 251
1861 252
1861 253
1861 254
1861 255
1862 229
1862 230
1862 231
1862 232
1862 233
1862 234
1862 235
1862 236
1862 237
1862 238
1862 239
1862 240
1862 241
1863 215
1863 216
1863 217
1863 218
1863 219
1863 220
1863 221
1863 222
1863 223
1863 224
1863 225
1863 226
1864 204
1864 205
1864 206
1864 207
1864 208
1864 265
1864 266
1864 267
1864 268
1864 269
1864 270
1865 248
1865 249
1865 250
1865 251
1865 252
1865 253
1865 254
1865 255
1865 256
1865 257
1865 258
1866 232
1866 233
1866 234
1866 235
1866 236
1866 237
1866 238
1866 239
1866 240
1866 241
1866 242
1866 243
1866 244
1867 218
1867 219
1867 220
1867 221
1867 222
1867 223
1867 224
1867 225
1867 226
1867 227
1867 228
1867 229
1868 206
1868 207
1868 208
1868 209
1868 210
1868 211
1868 212
1868 271
1869 251
1869 252
1869 253
1869 254
1869 255
1869 256
1869 257
1869 258
1869 259
1869 260
1869 261
1870 235
1870 236
1870 237
1870 238
1870 239
1870 240
1870 241
1870 242
1870 243
1870 244
1870 245
1870 246
1870 247
1871 221
1871 222
1871 223
1871 224
1871 225
1871 226
1871 227
1871 228
1871 229
1871 230
1871 231
1871 232
1872 208
1872 209
1872 210
1872 211
1872 212
1872 213
1872 214
1872 215
1872 216
1873 255
1873 256
1873 257
1873 258
1873 259
1873 260
1873 261
1873 262
1873 263
1873 264
1874 239
1874 240
1874 241
1874 242
1874 243
1874 244
1874 245
1874 246
1874 247
1874 248
1874 249
1874 250
1875 224
1875 225
1875 226
1875 227
1875 228
1875 229
1875 230
1875 231
1875 232
1875 233
1875 234
1875 235
1875 236
1876 211
1876 212
1876 213
1876 214
1876 215
1876 216
1876 217
1876 218
1876 219
1876 220
1877 259
1877 260
1877 261
1877 262
1877 263
1877 264
1877 265
1877 266
1878 242
1878 243
1878 244
1878 245
1878 246
1878 247
1878 248
1878 249
1878 250
1878 251
1878 252
1878 253
1879 227
1879 228
1879 229
1879 230
1879 231
1879 232
1879 233
1879 234
1879 235
1879 236
1879 237
1879 238
1879 239
1880 213
1880 214
1880 215
1880 216
1880 217
1880 218
1880 219
1880 220
1880 221
1880 222
1880 223
1881 203
1881 204
1881 205
1881 262
1881 263
1881 264
1881 265
1881 266
1881 267
1881 268
1882 245
1882 246
1882 247
1882 248
1882 249
1882 250
1882 251
1882 252
1882 253
1882 254
1882 255
1882 256
1883 230
1883 231
1883 232
1883 233
1883 234
1883 235
1883 236
1883 237
1883 238
1883 239
1883 240
1883 241
1883 242
1884 216
1884 217
1884 218
1884 219
1884 220
1884 221
1884 222
1884 223
1884 224
1884 225
1884 226
1884 227
1885 204
1885 205
1885 206
1885 207
1885 208
1885 209
1885 210
1885 267
1885 268
1885 269
1885 270
1886 249
1886 250
1886 251
1886 252
1886 253
1886 254
1886 255
1886 256
1886 257
1886 258
1886 259
1887 233
1887 234
1887 235
1887 236
1887 237
1887 238
1887 239
1887 240
1887 241
1887 242
1887 243
1887 244
1887 245
1888 219
1888 220
1888 221
1888 222
1888 223
1888 224
1888 225
1888 226
1888 227
1888 228
1888 229
1888 230
1889 206
1889 207
1889 208
1889 209
1889 210
1889 211
1889 212
1889 213
1889 214
1890 252
1890 253
1890 254
1890 255
1890 256
1890 257
1890 258
1890 259
1890 260
1890 261
1890 262
1891 236
1891 237
1891 238
1891 239
1891 240
1891 241
1891 242
1891 243
1891 244
1891 245
1891 246
1891 247
1891 248
1892 222
1892 223
1892 224
1892 225
1892 226
1892 227
1892 228
1892 229
1892 230
1892 231
1892 232
1892 233
1892 234
1893 209
1893 210
1893 211
1893 212
1893 213
1893 214
1893 215
1893 216
1893 217
1893 218
1894 256
1894 257
1894 258
1894 259
1894 260
1894 261
1894 262
1894 263
1894 264
1895 240
1895 241
1895 242
1895 243
1895 244
1895 245
1895 246
1895 247
1895 248
1895 249
1895 250
1895 251
1896 225
1896 226
1896 227
1896 228
1896 229
1896 230
1896 231
1896 232
1896 233
1896 234
1896 235
1896 236
1896 237
1897 211
1897 212
1897 213
1897 214
1897 215
1897 216
1897 217
1897 218
1897 219
1897 220
1897 221
1898 260
1898 261
1898 262
1898 263
1898 264
1898 265
1898 266
1898 267
1899 243
1899 244
1899 245
1899 246
1899 247
1899 248
1899 249
1899 250
1899 251
1899 252
1899 253
1899 254
1900 228
1900 229
1900 230
1900 231
1900 232
1900 233
1900 234
1900 235
1900 236
1900 237
1900 238
1900 239
1900 240
1901 214
1901 215
1901 216
1901 217
1901 218
1901 219
1901 220
1901 221
1901 222
1901 223
1901 224
1901 225
1902 203
1902 204
1902 205
1902 206
1902 207
1902 264
1902 265
1902 266
1902 267
1902 268
1902 269
1903 246
1903 247
1903 248
1903 249
1903 250
1903 251
1903 252
1903 253
1903 254
1903 255
1903 256
1903 257
1904 231
1904 232
1904 233
1904 234
1904 235
1904 236
1904 237
1904 238
1904 239
1904 240
1904 241
1904 242
1904 243
1905 217
1905 218
1905 219
1905 220
1905 221
1905 222
1905 223
1905 224
1905 225
1905 226
1905 227
1905 228
1906 205
1906 206
1906 207
1906 208
1906 209
1906 210
1906 211
1907 250
1907 251
1907 252
1907 253
1907 254
1907 255
1907 256
1907 257
1907 258
1907 259
1907 260
1908 234
1908 235
1908 236
1908 237
1908 238
1908 239
1908 240
1908 241
1908 242
1908 243
1908 244
1908 245
1908 246
1909 220
1909 221
1909 222
1909 223
1909 224
1909 225
1909 226
1909 227
1909 228
1909 229
1909 230
1909 231
1910 207
1910 208
1910 209
1910 210
1910 211
1910 212
1910 213
1910 214
1910 215
1911 254
1911 255
1911 256
1911 257
1911 258
1911 259
1911 260
1911 261
1911 262
1911 263
1912 237
1912 238
1912 239
1912 240
1912 241
1912 242
1912 243
1912 244
1912 245
1912 246
1912 247
1912 248
1912 249
1913 223
1913 224
1913 225
1913 226
1913 227
1913 228
1913 229
1913 230
1913 231
1913 232
1913 233
1913 234
1913 235
1914 209
1914 210
1914 211
1914 212
1914 213
1914 214
1914 215
1914 216
1914 217
1914 218
1914 219
1915 257
1915 258
1915 259
1915 260
1915 261
1915 262
1915 263
1915 264
1915 265
1916 241
1916 242
1916 243
1916 244
1916 245
1916 246
1916 247
1916 248
1916 249
1916 250
1916 251
1916 252
1917 226
1917 227
1917 228
1917 229
1917 230
1917 231
1917 232
1917 233
1917 234
1917 235
1917 236
1917 237
1917 238
1918 212
1918 213
1918 214
1918 215
1918 216
1918 217
1918 218
1918 219
1918 220
1918 221
1918 222
1919 202
1919 203
1919 204
1919 261
1919 262
1919 263
1919 264
1919 265
1919 266
1919 267
1920 244
1920 245
1920 246
1920 247
1920 248
1920 249
1920 250
1920 251
1920 252
1920 253
1920 254
1920 255
1921 229
1921 230
1921 231
1921 232
1921 233
1921 234
1921 235
1921 236
1921 237
1921 238
1921 239
1921 240
1921 241
1922 215
1922 216
1922 217
1922 218
1922 219
1922 220
1922 221
1922 222
1922 223
1922 224
1922 225
1922 226
1923 203
1923 204
1923 205
1923 206
1923 207
1923 208
1923 209
1923 266
1923 267
1923 268
1923 269
1924 248
1924 249
1924 250
1924 251
1924 252
1924 253
1924 254
1924 255
1924 256
1924 257
1924 258
1925 232
1925 233
1925 234
1925 235
1925 236
1925 237
1925 238
1925 239
1925 240
1925 241
1925 242
1925 243
1925 244
1926 218
1926 219
1926 220
1926 221
1926 222
1926 223
1926 224
1926 225
1926 226
1926 227
1926 228
1926 229
1927 205
1927 206
1927 207
1927 208
1927 209
1927 210
1927 211
1927 212
1927 213
1928 251
1928 252
1928 253
1928 254
1928 255
1928 256
1928 257
1928 258
1928 259
1928 260
1928 261
1929 235
1929 236
1929 237
1929 238
1929 239
1929 240
1929 241
1929 242
1929 243
1929 244
1929 245
1929 246
1929 247
1930 221
1930 222
1930 223
1930 224
1930 225
1930 226
1930 227
1930 228
1930 229
1930 230
1930 231
1930 232
1930 233
1931 208
1931 209
1931 210
1931 211
1931 212
1931 213
1931 214
1931 215
1931 216
1931 217
1932 255
1932 256
1932 257
1932 258
1932 259
1932 260
1932 261
1932 262
1932 263
1933 238
1933 239
1933 240
1933 241
1933 242
1933 243
1933 244
1933 245
1933 246
1933 247
1933 248
1933 249
1933 250
1934 224
1934 225
1934 226
1934 227
1934 228
1934 229
1934 230
1934 231
1934 232
1934 233
1934 234
1934 235
1934 236
1935 210
1935 211
1935 212
1935 213
1935 214
1935 215
1935 216
1935 217
1935 218
1935 219
1935 220
1936 259
1936 260
1936 261
1936 262
1936 263
1936 264
1936 265
1936 266
1937 242
1937 243
1937 244
1937 245
1937 246
1937 247
1937 248
1937 249
1937 250
1937 251
1937 252
1937 253
1938 227
1938 228
1938 229
1938 230
1938 231
1938 232
1938 233
1938 234
1938 235
1938 236
1938 237
1938 238
1938 239
1939 213
1939 214
1939 215
1939 216
1939 217
1939 218
1939 219
1939 220
1939 221
1939 222
1939 223
1939 224
1940 202
1940 203
1940 204
1940 205
1940 206
1940 263
1940 264
1940 265
1940 266
1940 267
1940 268
1941 245
1941 246
1941 247
1941 248
1941 249
1941 250
1941 251
1941 252
1941 253
1941 254
1941 255
1941 256
1942 230
1942 231
1942 232
1942 233
1942 234
1942 235
1942 236
1942 237
1942 238
1942 239
1942 240
1942 241
1942 242
1943 216
1943 217
1943 218
1943 219
1943 220
1943 221
1943 222
1943 223
1943 224
1943 225
1943 226
1943 227
1944 204
1944 205
1944 206
1944 207
1944 208
1944 209
1944 210
1945 249
1945 250
1945 251
1945 252
1945 253
1945 254
1945 255
1945 256
1945 257
1945 258
1945 259
1946 233
1946 234
1946 235
1946 236
1946 237
1946 238
1946 239
1946 240
1946 241
1946 242
1946 243
1946 244
1946 245
1947 218
1947 219
1947 220
1947 221
1947 222
1947 223
1947 224
1947 225
1947 226
1947 227
1947 228
1947 229
1947 230
1948 206
1948 207
1948 208
1948 209
1948 210
1948 211
1948 212
1948 213
1948 214
1949 252
1949 253
1949 254
1949 255
1949 256
1949 257
1949 258
1949 259
1949 260
1949 261
1949 262
1950 236
1950 237
1950 238
1950 239
1950 240
1950 241
1950 242
1950 243
1950 244
1950 245
1950 246
1950 247
1950 248
1951 221
1951 222
1951 223
1951 224
1951 225
1951 226
1951 227
1951 228
1951 229
1951 230
1951 231
1951 232
1951 233
1951 234
1952 208
1952 209
1952 210
1952 211
1952 212
1952 213
1952 214
1952 215
1952 216
1952 217
1952 218
1953 256
1953 257
1953 258
1953 259
1953 260
1953 261
1953 262
1953 263
1953 264
1954 240
1954 241
1954 242
1954 243
1954 244
1954 245
1954 246
1954 247
1954 248
1954 249
1954 250
1954 251
1955 225
1955 226
1955 227
1955 228
1955 229
1955 230
1955 231
1955 232
1955 233
1955 234
1955 235
1955 236
1955 237
1956 211
1956 212
1956 213
1956 214
1956 215
1956 216
1956 217
1956 218
1956 219
1956 220
1956 221
1957 201
1957 202
1957 203
1957 260
1957 261
1957 262
1957 263
1957 264
1957 265
1957 266
1958 243
1958 244
1958 245
1958 246
1958 247
1958 248
1958 249
1958 250
1958 251
1958 252
1958 253
1958 254
1959 228
1959 229
1959 230
1959 231
1959 232
1959 233
1959 234
1959 235
1959 236
1959 237
1959 238
1959 239
1959 240
1960 214
1960 215
1960 216
1960 217
1960 218
1960 219
1960 220
1960 221
1960 222
1960 223
1960 224
1960 225
1961 202
1961 203
1961 204
1961 205
1961 206
1961 207
1961 208
1961 265
1961 266
1961 267
1961 268
1962 246
1962 247
1962 248
1962 249
1962 250
1962 251
1962 252
1962 253
1962 254
1962 255
1962 256
1962 257
1963 231
1963 232
1963 233
1963 234
1963 235
1963 236
1963 237
1963 238
1963 239
1963 240
1963 241
1963 242
1963 243
1964 216
1964 217
1964 218
1964 219
1964 220
1964 221
1964 222
1964 223
1964 224
1964 225
1964 226
1964 227
1964 228
1965 204
1965 205
1965 206
1965 207
1965 208
1965 209
1965 210
1965 211
1965 212
1966 250
1966 251
1966 252
1966 253
1966 254
1966 255
1966 256
1966 257
1966 258
1966 259
1966 260
1967 234
1967 235
1967 236
1967 237
1967 238
1967 239
1967 240
1967 241
1967 242
1967 243
1967 244
1967 245
1967 246
1968 219
1968 220
1968 221
1968 222
1968 223
1968 224
1968 225
1968 226
1968 227
1968 228
1968 229
1968 230
1968 231
1968 232
1969 206
1969 207
1969 208
1969 209
1969 210
1969 211
1969 212
1969 213
1969 214
1969 215
1970 254
1970 255
1970 256
1970 257
1970 258
1970 259
1970 260
1970 261
1970 262
1971 237
1971 238
1971 239
1971 240
1971 241
1971 242
1971 243
1971 244
1971 245
1971 246
1971 247
1971 248
1971 249
1972 222
1972 223
1972 224
1972 225
1972 226
1972 227
1972 228
1972 229
1972 230
1972 231
1972 232
1972 233
1972 234
1972 235
1973 209
1973 210
1973 211
1973 212
1973 213
1973 214
1973 215
1973 216
1973 217
1973 218
1973 219
1974 258
1974 259
1974 260
1974 261
1974 262
1974 263
1974 264
1974 265
1975 241
1975 242
1975 243
1975 244
1975 245
1975 246
1975 247
1975 248
1975 249
1975 250
1975 251
1975 252
1976 225
1976 226
1976 227
1976 228
1976 229
1976 230
1976 231
1976 232
1976 233
1976 234
1976 235
1976 236
1976 237
1976 238
1977 212
1977 213
1977 214
1977 215
1977 216
1977 217
1977 218
1977 219
1977 220
1977 221
1977 222
1977 223
1978 201
1978 202
1978 203
1978 204
1978 205
1978 262
1978 263
1978 264
1978 265
1978 266
1978 267
1979 244
1979 245
1979 246
1979 247
1979 248
1979 249
1979 250
1979 251
1979 252
1979 253
1979 254
1979 255
1980 229
1980 230
1980 231
1980 232
1980 233
1980 234
1980 235
1980 236
1980 237
1980 238
1980 239
1980 240
1980 241
1981 215
1981 216
1981 217
1981 218
1981 219
1981 220
1981 221
1981 222
1981 223
1981 224
1981 225
1981 226
1982 203
1982 204
1982 205
1982 206
1982 207
1982 208
1982 209
1983 248
1983 249
1983 250
1983 251
1983 252
1983 253
1983 254
1983 255
1983 256
1983 257
1983 258
1984 232
1984 233
1984 234
1984 235
1984 236
1984 237
1984 238
1984 239
1984 240
1984 241
1984 242
1984 243
1984 244
1985 217
1985 218
1985 219
1985 220
1985 221
1985 222
1985 223
1985 224
1985 225
1985 226
1985 227
1985 228
1985 229
1986 205
1986 206
1986 207
1986 208
1986 209
1986 210
1986 211
1986 212
1986 213
1987 251
1987 252
1987 253
1987 254
1987 255
1987 256
1987 257
1987 258
1987 259
1987 260
1987 261
1988 235
1988 236
1988 237
1988 238
1988 239
1988 240
1988 241
1988 242
1988 243
1988 244
1988 245
1988 246
1988 247
1989 220
1989 221
1989 222
1989 223
1989 224
1989 225
1989 226
1989 227
1989 228
1989 229
1989 230
1989 231
1989 232
1989 233
1990 207
1990 208
1990 209
1990 210
1990 211
1990 212
1990 213
1990 214
1990 215
1990 216
1990 217
1991 255
1991 256
1991 257
1991 258
1991 259
1991 260
1991 261
1991 262
1991 263
1992 238
1992 239
1992 240
1992 241
1992 242
1992 243
1992 244
1992 245
1992 246
1992 247
1992 248
1992 249
1992 250
1993 223
1993 224
1993 225
1993 226
1993 227
1993 228
1993 229
1993 230
1993 231
1993 232
1993 233
1993 234
1993 235
1993 236
1994 210
1994 211
1994 212
1994 213
1994 214
1994 215
1994 216
1994 217
1994 218
1994 219
1994 220
1995 259
1995 260
1995 261
1995 262
1995 263
1995 264
1995 265
1996 242
1996 243
1996 244
1996 245
1996 246
1996 247
1996 248
1996 249
1996 250
1996 251
1996 252
1996 253
1997 227
1997 228
1997 229
1997 230
1997 231
1997 232
1997 233
1997 234
1997 235
1997 236
1997 237
1997 238
1997 239
1998 213
1998 214
1998 215
1998 216
1998 217
1998 218
1998 219
1998 220
1998 221
1998 222
1998 223
1998 224
1999 201
1999 202
1999 203
1999 204
1999 205
1999 206
1999 264
1999 265
1999 266
1999 267
2000 245
2000 246
2000 247
2000 248
2000 249
2000 250
2000 251
2000 252
2000 253
2000 254
2000 255
2000 256
2001 230
2001 231
2001 232
2001 233
2001 234
2001 235
2001 236
2001 237
2001 238
2001 239
2001 240
2001 241
2001 242
2002 215
2002 216
2002 217
2002 218
2002 219
2002 220
2002 221
2002 222
2002 223
2002 224
2002 225
2002 226
2002 227
2003 203
2003 204
2003 205
2003 206
2003 207
2003 208
2003 209
2003 210
2004 249
2004 250
2004 251
2004 252
2004 253
2004 254
2004 255
2004 256
2004 257
2004 258
2004 259
2005 233
2005 234
2005 235
2005 236
2005 237
2005 238
2005 239
2005 240
2005 241
2005 242
2005 243
2005 244
2005 245
2006 218
2006 219
2006 220
2006 221
2006 222
2006 223
2006 224
2006 225
2006 226
2006 227
2006 228
2006 229
2006 230
2007 206
2007 207
2007 208
2007 209
2007 210
2007 211
2007 212
2007 213
2007 214
2008 253
2008 254
2008 255
2008 256
2008 257
2008 258
2008 259
2008 260
2008 261
2009 236
2009 237
2009 238
2009 239
2009 240
2009 241
2009 242
2009 243
2009 244
2009 245
2009 246
2009 247
2009 248
2010 221
2010 222
2010 223
2010 224
2010 225
2010 226
2010 227
2010 228
2010 229
2010 230
2010 231
2010 232
2010 233
2010 234
2011 208
2011 209
2011 210
2011 211
2011 212
2011 213
2011 214
2011 215
2011 216
2011 217
2011 218
2012 257
2012 258
2012 259
2012 260
2012 261
2012 262
2012 263
2012 264
2013 240
2013 241
2013 242
2013 243
2013 244
2013 245
2013 246
2013 247
2013 248
2013 249
2013 250
2013 251
2014 225
2014 226
2014 227
2014 228
2014 229
2014 230
2014 231
2014 232
2014 233
2014 234
2014 235
2014 236
2014 237
2015 211
2015 212
2015 213
2015 214
2015 215
2015 216
2015 217
2015 218
2015 219
2015 220
2015 221
2016 201
2016 202
2016 261
2016 262
2016 263
2016 264
2016 265
2016 266
2017 243
2017 244
2017 245
2017 246
2017 247
2017 248
2017 249
2017 250
2017 251
2017 252
2017 253
2017 254
2018 228
2018 229
2018 230
2018 231
2018 232
2018 233
2018 234
2018 235
2018 236
2018 237
2018 238
2018 239
2018 240
2019 214
2019 215
2019 216
2019 217
2019 218
2019 219
2019 220
2019 221
2019 222
2019 223
2019 224
2019 225
2020 202
2020 203
2020 204
2020 205
2020 206
2020 207
2021 247
2021 248
2021 249
2021 250
2021 251
2021 252
2021 253
2021 254
2021 255
2021 256
2021 257
2022 231
2022 232
2022 233
2022 234
2022 235
2022 236
2022 237
2022 238
2022 239
2022 240
2022 241
2022 242
2022 243
2023 216
2023 217
2023 218
2023 219
2023 220
2023 221
2023 222
2023 223
2023 224
2023 225
2023 226
2023 227
2023 228
2024 204
2024 205
2024 206
2024 207
2024 208
2024 209
2024 210
2024 211
2024 212
2025 250
2025 251
2025 252
2025 253
2025 254
2025 255
2025 256
2025 257
2025 258
2025 259
2025 260
2026 234
2026 235
2026 236
2026 237
2026 238
2026 239
2026 240
2026 241
2026 242
2026 243
2026 244
2026 245
2026 246
2027 219
2027 220
2027 221
2027 222
2027 223
2027 224
2027 225
2027 226
2027 227
2027 228
2027 229
2027 230
2027 231
2027 232
2028 207
2028 208
2028 209
2028 210
2028 211
2028 212
2028 213
2028 214
2028 215
2029 254
2029 255
2029 256
2029 257
2029 258
2029 259
2029 260
2029 261
2029 262
2030 238
2030 239
2030 240
2030 241
2030 242
2030 243
2030 244
2030 245
2030 246
2030 247
2030 248
2030 249
2031 223
2031 224
2031 225
2031 226
2031 227
2031 228
2031 229
2031 230
2031 231
2031 232
2031 233
2031 234
2031 235
2032 209
2032 210
2032 211
2032 212
2032 213
2032 214
2032 215
2032 216
2032 217
2032 218
2032 219
2033 258
2033 259
2033 260
2033 261
2033 262
2033 263
2033 264
2034 241
2034 242
2034 243
2034 244
2034 245
2034 246
2034 247
2034 248
2034 249
2034 250
2034 251
2034 252
2035 226
2035 227
2035 228
2035 229
2035 230
2035 231
2035 232
2035 233
2035 234
2035 235
2035 236
2035 237
2035 238
2036 212
2036 213
2036 214
2036 215
2036 216
2036 217
2036 218
2036 219
2036 220
2036 221
2036 222
2036 223
2037 202
2037 203
2037 204
2037 263
2037 264
2037 265
2037 266
2038 244
2038 245
2038 246
2038 247
2038 248
2038 249
2038 250
2038 251
2038 252
2038 253
2038 254
2038 255
2039 229
2039 230
2039 231
2039 232
2039 233
2039 234
2039 235
2039 236
2039 237
2039 238
2039 239
2039 240
2039 241
2040 215
2040 216
2040 217
2040 218
2040 219
2040 220
2040 221
2040 222
2040 223
2040 224
2040 225
2040 226
2041 203
2041 204
2041 205
2041 206
2041 207
2041 208
2041 209
2042 248
2042 249
2042 250
2042 251
2042 252
2042 253
2042 254
2042 255
2042 256
2042 257
2042 258
2043 232
2043 233
2043 234
2043 235
2043 236
2043 237
2043 238
2043 239
2043 240
2043 241
2043 242
2043 243
2043 244
2044 218
2044 219
2044 220
2044 221
2044 222
2044 223
2044 224
2044 225
2044 226
2044 227
2044 228
2044 229
2045 205
2045 206
2045 207
2045 208
2045 209
2045 210
2045 211
2045 212
2045 213
2046 252
2046 253
2046 254
2046 255
2046 256
2046 257
2046 258
2046 259
2046 260
2047 235
2047 236
2047 237
2047 238
2047 239
2047 240
2047 241
2047 242
2047 243
2047 244
2047 245
2047 246
2047 247
2048 221
2048 222
2048 223
2048 224
2048 225
2048 226
2048 227
2048 228
2048 229
2048 230
2048 231
2048 232
2048 233
2049 208
2049 209
2049 210
2049 211
2049 212
2049 213
2049 214
2049 215
2049 216
2049 217
2050 256
2050 257
2050 258
2050 259
2050 260
2050 261
2050 262
2050 263
2051 239
2051 240
2051 241
2051 242
2051 243
2051 244
2051 245
2051 246
2051 247
2051 248
2051 249
2051 250
2052 224
2052 225
2052 226
2052 227
2052 228
2052 229
2052 230
2052 231
2052 232
2052 233
2052 234
2052 235
2052 236
2053 210
2053 211
2053 212
2053 213
2053 214
2053 215
2053 216
2053 217
2053 218
2053 219
2053 220
2054 260
2054 261
2054 262
2054 263
2054 264
2054 265
2055 242
2055 243
2055 244
2055 245
2055 246
2055 247
2055 248
2055 249
2055 250
2055 251
2055 252
2055 253
2056 227
2056 228
2056 229
2056 230
2056 231
2056 232
2056 233
2056 234
2056 235
2056 236
2056 237
2056 238
2056 239
2057 213
2057 214
2057 215
2057 216
2057 217
2057 218
2057 219
2057 220
2057 221
2057 222
2057 223
2057 224
2058 202
2058 203
2058 204
2058 205
2059 246
2059 247
2059 248
2059 249
2059 250
2059 251
2059 252
2059 253
2059 254
2059 255
2059 256
2060 230
2060 231
2060 232
2060 233
2060 234
2060 235
2060 236
2060 237
2060 238
2060 239
2060 240
2060 241
2060 242
2061 216
2061 217
2061 218
2061 219
2061 220
2061 221
2061 222
2061 223
2061 224
2061 225
2061 226
2061 227
2062 204
2062 205
2062 206
2062 207
2062 208
2062 209
2062 210
2063 250
2063 251
2063 252
2063 253
2063 254
2063 255
2063 256
2063 257
2063 258
2063 259
2064 233
2064 234
2064 235
2064 236
2064 237
2064 238
2064 239
2064 240
2064 241
2064 242
2064 243
2064 244
2064 245
2065 219
2065 220
2065 221
2065 222
2065 223
2065 224
2065 225
2065 226
2065 227
2065 228
2065 229
2065 230
2066 206
2066 207
2066 208
2066 209
2066 210
2066 211
2066 212
2066 213
2066 214
2067 253
2067 254
2067 255
2067 256
2067 257
2067 258
2067 259
2067 260
2067 261
2068 237
2068 238
2068 239
2068 240
2068 241
2068 242
2068 243
2068 244
2068 245
2068 246
2068 247
2068 248
2069 222
2069 223
2069 224
2069 225
2069 226
2069 227
2069 228
2069 229
2069 230
2069 231
2069 232
2069 233
2069 234
2070 209
2070 210
2070 211
2070 212
2070 213
2070 214
2070 215
2070 216
2070 217
2070 218
2071 257
2071 258
2071 259
2071 260
2071 261
2071 262
2071 263
2072 240
2072 241
2072 242
2072 243
2072 244
2072 245
2072 246
2072 247
2072 248
2072 249
2072 250
2072 251
2073 225
2073 226
2073 227
2073 228
2073 229
2073 230
2073 231
2073 232
2073 233
2073 234
2073 235
2073 236
2073 237
2074 211
2074 212
2074 213
2074 214
2074 215
2074 216
2074 217
2074 218
2074 219
2074 220
2074 221
2075 262
2075 263
2075 264
2075 265
2076 244
2076 245
2076 246
2076 247
2076 248
2076 249
2076 250
2076 251
2076 252
2076 253
2076 254
2077 228
2077 229
2077 230
2077 231
2077 232
2077 233
2077 234
2077 235
2077 236
2077 237
2077 238
2077 239
2077 240
2078 214
2078 215
2078 216
2078 217
2078 218
2078 219
2078 220
2078 221
2078 222
2078 223
2078 224
2078 225
2079 203
2079 204
2079 205
2079 206
2079 207
2080 247
2080 248
2080 249
2080 250
2080 251
2080 252
2080 253
2080 254
2080 255
2080 256
2080 257
2081 231
2081 232
2081 233
2081 234
2081 235
2081 236
2081 237
2081 238
2081 239
2081 240
2081 241
2081 242
2081 243
2082 217
2082 218
2082 219
2082 220
2082 221
2082 222
2082 223
2082 224
2082 225
2082 226
2082 227
2082 228
2083 205
2083 206
2083 207
2083 208
2083 209
2083 210
2083 211
2084 251
2084 252
2084 253
2084 254
2084 255
2084 256
2084 257
2084 258
2084 259
2084 260
2085 235
2085 236
2085 237
2085 238
2085 239
2085 240
2085 241
2085 242
2085 243
2085 244
2085 245
2085 246
2086 220
2086 221
2086 222
2086 223
2086 224
2086 225
2086 226
2086 227
2086 228
2086 229
2086 230
2086 231
2086 232
2087 207
2087 208
2087 209
2087 210
2087 211
2087 212
2087 213
2087 214
2087 215
2088 255
2088 256
2088 257
2088 258
2088 259
2088 260
2088 261
2088 262
2089 238
2089 239
2089 240
2089 241
2089 242
2089 243
2089 244
2089 245
2089 246
2089 247
2089 248
2089 249
2090 223
2090 224
2090 225
2090 226
2090 227
2090 228
2090 229
2090 230
2090 231
2090 232
2090 233
2090 234
2090 235
2091 210
2091 211
2091 212
2091 213
2091 214
2091 215
2091 216
2091 217
2091 218
2091 219
2092 259
2092 260
2092 261
2092 262
2092 263
2092 264
2093 242
2093 243
2093 244
2093 245
2093 246
2093 247
2093 248
2093 249
2093 250
2093 251
2093 252
2094 226
2094 227
2094 228
2094 229
2094 230
2094 231
2094 232
2094 233
2094 234
2094 235
2094 236
2094 237
2094 238
2095 212
2095 213
2095 214
2095 215
2095 216
2095 217
2095 218
2095 219
2095 220
2095 221
2095 222
2097 245
2097 246
2097 247
2097 248
2097 249
2097 250
2097 251
2097 252
2097 253
2097 254
2097 255
2098 229
2098 230
2098 231
2098 232
2098 233
2098 234
2098 235
2098 236
2098 237
2098 238
2098 239
2098 240
2098 241
2099 215
2099 216
2099 217
2099 218
2099 219
2099 220
2099 221
2099 222
2099 223
2099 224
2099 225
2099 226
2100 204
2100 205
2100 206
2100 207
2100 208
2101 249
2101 250
2101 251
2101 252
2101 253
2101 254
2101 255
2101 256
2101 257
2101 258
2102 233
2102 234
2102 235
2102 236
2102 237
2102 238
2102 239
2102 240
2102 241
2102 242
2102 243
2102 244
2103 218
2103 219
2103 220
2103 221
2103 222
2103 223
2103 224
2103 225
2103 226
2103 227
2103 228
2103 229
2104 206
2104 207
2104 208
2104 209
2104 210
2104 211
2104 212
2105 253
2105 254
2105 255
2105 256
2105 257
2105 258
2105 259
2105 260
2106 236
2106 237
2106 238
2106 239
2106 240
2106 241
2106 242
2106 243
2106 244
2106 245
2106 246
2106 247
2106 248
2107 221
2107 222
2107 223
2107 224
2107 225
2107 226
2107 227
2107 228
2107 229
2107 230
2107 231
2107 232
2107 233
2108 208
2108 209
2108 210
2108 211
2108 212
2108 213
2108 214
2108 215
2108 216
2109 257
2109 258
2109 259
2109 260
2109 261
2109 262
2109 263
2110 240
2110 241
2110 242
2110 243
2110 244
2110 245
2110 246
2110 247
2110 248
2110 249
2110 250
2110 251
2111 224
2111 225
2111 226
2111 227
2111 228
2111 229
2111 230
2111 231
2111 232
2111 233
2111 234
2111 235
2111 236
2112 211
2112 212
2112 213
2112 214
2112 215
2112 216
2112 217
2112 218
2112 219
2112 220
2113 262
2113 263
2113 264
2114 243
2114 244
2114 245
2114 246
2114 247
2114 248
2114 249
2114 250
2114 251
2114 252
2114 253
2115 228
2115 229
2115 230
2115 231
2115 232
2115 233
2115 234
2115 235
2115 236
2115 237
2115 238
2115 239
2116 214
2116 215
2116 216
2116 217
2116 218
2116 219
2116 220
2116 221
2116 222
2116 223
2116 224
2118 247
2118 248
2118 249
2118 250
2118 251
2118 252
2118 253
2118 254
2118 255
2118 256
2119 231
2119 232
2119 233
2119 234
2119 235
2119 236
2119 237
2119 238
2119 239
2119 240
2119 241
2119 242
2120 217
2120 218
2120 219
2120 220
2120 221
2120 222
2120 223
2120 224
2120 225
2120 226
2120 227
2121 205
2121 206
2121 207
2121 208
2121 209
2122 250
2122 251
2122 252
2122 253
2122 254
2122 255
2122 256
2122 257
2122 258
2122 259
2123 234
2123 235
2123 236
2123 237
2123 238
2123 239
2123 240
2123 241
2123 242
2123 243
2123 244
2123 245
2123 246
2124 220
2124 221
2124 222
2124 223
2124 224
2124 225
2124 226
2124 227
2124 228
2124 229
2124 230
2124 231
2125 207
2125 208
2125 209
2125 210
2125 211
2125 212
2125 213
2126 254
2126 255
2126 256
2126 257
2126 258
2126 259
2126 260
2126 261
2127 238
2127 239
2127 240
2127 241
2127 242
2127 243
2127 244
2127 245
2127 246
2127 247
2127 248
2127 249
2128 223
2128 224
2128 225
2128 226
2128 227
2128 228
2128 229
2128 230
2128 231
2128 232
2128 233
2128 234
2129 210
2129 211
2129 212
2129 213
2129 214
2129 215
2129 216
2129 217
2130 259
2130 260
2130 261
2130 262
2130 263
2131 241
2131 242
2131 243
2131 244
2131 245
2131 246
2131 247
2131 248
2131 249
2131 250
2131 251
2131 252
2132 226
2132 227
2132 228
2132 229
2132 230
2132 231
2132 232
2132 233
2132 234
2132 235
2132 236
2132 237
2133 212
2133 213
2133 214
2133 215
2133 216
2133 217
2133 218
2133 219
2133 220
2133 221
2135 245
2135 246
2135 247
2135 248
2135 249
2135 250
2135 251
2135 252
2135 253
2135 254
2136 229
2136 230
2136 231
2136 232
2136 233
2136 234
2136 235
2136 236
2136 237
2136 238
2136 239
2136 240
2137 215
2137 216
2137 217
2137 218
2137 219
2137 220
2137 221
2137 222
2137 223
2137 224
2137 225
2139 248
2139 249
2139 250
2139 251
2139 252
2139 253
2139 254
2139 255
2139 256
2139 257
2140 232
2140 233
2140 234
2140 235
2140 236
2140 237
2140 238
2140 239
2140 240
2140 241
2140 242
2140 243
2140 244
2141 218
2141 219
2141 220
2141 221
2141 222
2141 223
2141 224
2141 225
2141 226
2141 227
2141 228
2142 207
2142 208
2142 209
2142 210
2143 252
2143 253
2143 254
2143 255
2143 256
2143 257
2143 258
2143 259
2143 260
2144 236
2144 237
2144 238
2144 239
2144 240
2144 241
2144 242
2144 243
2144 244
2144 245
2144 246
2144 247
2145 221
2145 222
2145 223
2145 224
2145 225
2145 226
2145 227
2145 228
2145 229
2145 230
2145 231
2145 232
2146 209
2146 210
2146 211
2146 212
2146 213
2146 214
2146 215
2147 256
2147 257
2147 258
2147 259
2147 260
2147 261
2147 262
2148 239
2148 240
2148 241
2148 242
2148 243
2148 244
2148 245
2148 246
2148 247
2148 248
2148 249
2148 250
2149 224
2149 225
2149 226
2149 227
2149 228
2149 229
2149 230
2149 231
2149 232
2149 233
2149 234
2149 235
2150 211
2150 212
2150 213
2150 214
2150 215
2150 216
2150 217
2150 218
2150 219
2151 261
2151 262
2151 263
2151 264
2152 243
2152 244
2152 245
2152 246
2152 247
2152 248
2152 249
2152 250
2152 251
2152 252
2152 253
2153 227
2153 228
2153 229
2153 230
2153 231
2153 232
2153 233
2153 234
2153 235
2153 236
2153 237
2153 238
2154 214
2154 215
2154 216
2154 217
2154 218
2154 219
2154 220
2154 221
2154 222
2156 246
2156 247
2156 248
2156 249
2156 250
2156 251
2156 252
2156 253
2156 254
2156 255
2157 230
2157 231
2157 232
2157 233
2157 234
2157 235
2157 236
2157 237
2157 238
2157 239
2157 240
2157 241
2157 242
2158 216
2158 217
2158 218
2158 219
2158 220
2158 221
2158 222
2158 223
2158 224
2158 225
2158 226
2160 250
2160 251
2160 252
2160 253
2160 254
2160 255
2160 256
2160 257
2160 258
2161 234
2161 235
2161 236
2161 237
2161 238
2161 239
2161 240
2161 241
2161 242
2161 243
2161 244
2161 245
2162 219
2162 220
2162 221
2162 222
2162 223
2162 224
2162 225
2162 226
2162 227
2162 228
2162 229
2163 208
2163 209
2163 210
2163 211
2164 254
2164 255
2164 256
2164 257
2164 258
2164 259
2164 260
2164 261
2165 237
2165 238
2165 239
2165 240
2165 241
2165 242
2165 243
2165 244
2165 245
2165 246
2165 247
2165 248
2166 222
2166 223
2166 224
2166 225
2166 226
2166 227
2166 228
2166 229
2166 230
2166 231
2166 232
2166 233
2167 210
2167 211
2167 212
2167 213
2167 214
2167 215
2167 216
2168 258
2168 259
2168 260
2168 261
2168 262
2168 263
2169 241
2169 242
2169 243
2169 244
2169 245
2169 246
2169 247
2169 248
2169 249
2169 250
2169 251
2170 225
2170 226
2170 227
2170 228
2170 229
2170 230
2170 231
2170 232
2170 233
2170 234
2170 235
2170 236
2171 213
2171 214
2171 215
2171 216
2171 217
2171 218
2171 219
2171 220
2173 244
2173 245
2173 246
2173 247
2173 248
2173 249
2173 250
2173 251
2173 252
2173 253
2173 254
2174 229
2174 230
2174 231
2174 232
2174 233
2174 234
2174 235
2174 236
2174 237
2174 238
2174 239
2175 215
2175 216
2175 217
2175 218
2175 219
2175 220
2175 221
2175 222
2175 223
2177 248
2177 249
2177 250
2177 251
2177 252
2177 253
2177 254
2177 255
2177 256
2178 232
2178 233
2178 234
2178 235
2178 236
2178 237
2178 238
2178 239
2178 240
2178 241
2178 242
2178 243
2179 218
2179 219
2179 220
2179 221
2179 222
2179 223
2179 224
2179 225
2179 226
2179 227
2181 252
2181 253
2181 254
2181 255
2181 256
2181 257
2181 258
2181 259
2182 235
2182 236
2182 237
2182 238
2182 239
2182 240
2182 241
2182 242
2182 243
2182 244
2182 245
2182 246
2183 221
2183 222
2183 223
2183 224
2183 225
2183 226
2183 227
2183 228
2183 229
2183 230
2183 231
2184 210
2184 211
2184 212
2185 256
2185 257
2185 258
2185 259
2185 260
2185 261
2186 239
2186 240
2186 241
2186 242
2186 243
2186 244
2186 245
2186 246
2186 247
2186 248
2186 249
2187 224
2187 225
2187 226
2187 227
2187 228
2187 229
2187 230
2187 231
2187 232
2187 233
2187 234
2188 212
2188 213
2188 214
2188 215
2188 216
2188 217
2189 260
2189 261
2189 262
2189 263
2190 242
2190 243
2190 244
2190 245
2190 246
2190 247
2190 248
2190 249
2190 250
2190 251
2190 252
2191 227
2191 228
2191 229
2191 230
2191 231
2191 232
2191 233
2191 234
2191 235
2191 236
2191 237
2192 214
2192 215
2192 216
2192 217
2192 218
2192 219
2192 220
2192 221
2194 246
2194 247
2194 248
2194 249
2194 250
2194 251
2194 252
2194 253
2194 254
2194 255
2195 230
2195 231
2195 232
2195 233
2195 234
2195 235
2195 236
2195 237
2195 238
2195 239
2195 240
2195 241
2196 217
2196 218
2196 219
2196 220
2196 221
2196 222
2196 223
2196 224
2196 225
2198 250
2198 251
2198 252
2198 253
2198 254
2198 255
2198 256
2198 257
2199 233
2199 234
2199 235
2199 236
2199 237
2199 238
2199 239
2199 240
2199 241
2199 242
2199 243
2199 244
2200 219
2200 220
2200 221
2200 222
2200 223
2200 224
2200 225
2200 226
2200 227
2200 228
2202 253
2202 254
2202 255
2202 256
2202 257
2202 258
2202 259
2202 260
2203 237
2203 238
2203 239
2203 240
2203 241
2203 242
2203 243
2203 244
2203 245
2203 246
2203 247
2204 222
2204 223
2204 224
2204 225
2204 226
2204 227
2204 228
2204 229
2204 230
2204 231
2204 232
2205 212
2205 213
2206 258
2206 259
2206 260
2206 261
2206 262
2207 240
2207 241
2207 242
2207 243
2207 244
2207 245
2207 246
2207 247
2207 248
2207 249
2207 250
2208 225
2208 226
2208 227
2208 228
2208 229
2208 230
2208 231
2208 232
2208 233
2208 234
2208 235
2209 213
2209 214
2209 215
2209 216
2209 217
2209 218
2211 244
2211 245
2211 246
2211 247
2211 248
2211 249
2211 250
2211 251
2211 252
2211 253
2212 229
2212 230
2212 231
2212 232
2212 233
2212 234
2212 235
2212 236
2212 237
2212 238
2213 216
2213 217
2213 218
2213 219
2213 220
2213 221
2213 222
2215 248
2215 249
2215 250
2215 251
2215 252
2215 253
2215 254
2215 255
2215 256
2216 232
2216 233
2216 234
2216 235
2216 236
2216 237
2216 238
2216 239
2216 240
2216 241
2216 242
2217 218
2217 219
2217 220
2217 221
2217 222
2217 223
2217 224
2217 225
2217 226
2219 251
2219 252
2219 253
2219 254
2219 255
2219 256
2219 257
2219 258
2220 235
2220 236
2220 237
2220 238
2220 239
2220 240
2220 241
2220 242
2220 243
2220 244
2220 245
2221 221
2221 222
2221 223
2221 224
2221 225
2221 226
2221 227
2221 228
2221 229
2223 255
2223 256
2223 257
2223 258
2223 259
2223 260
2223 261
2224 239
2224 240
2224 241
2224 242
2224 243
2224 244
2224 245
2224 246
2224 247
2224 248
2225 224
2225 225
2225 226
2225 227
2225 228
2225 229
2225 230
2225 231
2225 232
2225 233
2227 260
2227 261
2227 262
2227 263
2228 242
2228 243
2228 244
2228 245
2228 246
2228 247
2228 248
2228 249
2228 250
2228 251
2229 227
2229 228
2229 229
2229 230
2229 231
2229 232
2229 233
2229 234
2229 235
2229 236
2230 215
2230 216
2230 217
2230 218
2230 219
2232 246
2232 247
2232 248
2232 249
2232 250
2232 251
2232 252
2232 253
2232 254
2233 230
2233 231
2233 232
2233 233
2233 234
2233 235
2233 236
2233 237
2233 238
2233 239
2233 240
2234 217
2234 218
2234 219
2234 220
2234 221
2234 222
2234 223
2236 249
2236 250
2236 251
2236 252
2236 253
2236 254
2236 255
2236 256
2236 257
2237 233
2237 234
2237 235
2237 236
2237 237
2237 238
2237 239
2237 240
2237 241
2237 242
2237 243
2238 220
2238 221
2238 222
2238 223
2238 224
2238 225
2238 226
2238 227
2240 253
2240 254
2240 255
2240 256
2240 257
2240 258
2240 259
2241 237
2241 238
2241 239
2241 240
2241 241
2241 242
2241 243
2241 244
2241 245
2241 246
2242 223
2242 224
2242 225
2242 226
2242 227
2242 228
2242 229
2242 230
2244 258
2244 259
2244 260
2244 261
2244 262
2245 240
2245 241
2245 242
2245 243
2245 244
2245 245
2245 246
2245 247
2245 248
2245 249
2246 226
2246 227
2246 228
2246 229
2246 230
2246 231
2246 232
2246 233
2246 234
2249 244
2249 245
2249 246
2249 247
2249 248
2249 249
2249 250
2249 251
2249 252
2250 229
2250 230
2250 231
2250 232
2250 233
2250 234
2250 235
2250 236
2250 237
2251 217
2251 218
2251 219
2251 220
2253 247
2253 248
2253 249
2253 250
2253 251
2253 252
2253 253
2253 254
2253 255
2254 232
2254 233
2254 234
2254 235
2254 236
2254 237
2254 238
2254 239
2254 240
2254 241
2255 219
2255 220
2255 221
2255 222
2255 223
2255 224
2257 251
2257 252
2257 253
2257 254
2257 255
2257 256
2257 257
2257 258
2258 235
2258 236
2258 237
2258 238
2258 239
2258 240
2258 241
2258 242
2258 243
2258 244
2259 222
2259 223
2259 224
2259 225
2259 226
2259 227
2259 228
2261 255
2261 256
2261 257
2261 258
2261 259
2261 260
2262 239
2262 240
2262 241
2262 242
2262 243
2262 244
2262 245
2262 246
2262 247
2263 224
2263 225
2263 226
2263 227
2263 228
2263 229
2263 230
2263 231
2263 232
2265 260
2265 261
2265 262
2266 242
2266 243
2266 244
2266 245
2266 246
2266 247
2266 248
2266 249
2266 250
2267 227
2267 228
2267 229
2267 230
2267 231
2267 232
2267 233
2267 234
2267 235
2270 246
2270 247
2270 248
2270 249
2270 250
2270 251
2270 252
2270 253
2271 231
2271 232
2271 233
2271 234
2271 235
2271 236
2271 237
2271 238
2272 219
2272 220
2272 221
2274 249
2274 250
2274 251
2274 252
2274 253
2274 254
2274 255
2274 256
2275 234
2275 235
2275 236
2275 237
2275 238
2275 239
2275 240
2275 241
2275 242
2276 221
2276 222
2276 223
2276 224
2276 225
2278 253
2278 254
2278 255
2278 256
2278 257
2278 258
2278 259
2279 237
2279 238
2279 239
2279 240
2279 241
2279 242
2279 243
2279 244
2279 245
2280 224
2280 225
2280 226
2280 227
2280 228
2280 229
2282 257
2282 258
2282 259
2282 260
2282 261
2283 240
2283 241
2283 242
2283 243
2283 244
2283 245
2283 246
2283 247
2283 248
2284 226
2284 227
2284 228
2284 229
2284 230
2284 231
2284 232
2284 233
2287 244
2287 245
2287 246
2287 247
2287 248
2287 249
2287 250
2287 251
2288 229
2288 230
2288 231
2288 232
2288 233
2288 234
2288 235
2288 236
2291 247
2291 248
2291 249
2291 250
2291 251
2291 252
2291 253
2291 254
2292 232
2292 233
2292 234
2292 235
2292 236
2292 237
2292 238
2292 239
2292 240
2295 251
2295 252
2295 253
2295 254
2295 255
2295 256
2295 257
2296 235
2296 236
2296 237
2296 238
2296 239
2296 240
2296 241
2296 242
2296 243
2297 223
2297 224
2297 225
2297 226
2299 255
2299 256
2299 257
2299 258
2299 259
2300 239
2300 240
2300 241
2300 242
2300 243
2300 244
2300 245
2300 246
2301 225
2301 226
2301 227
2301 228
2301 229
2301 230
2303 260
2303 261
2304 242
2304 243
2304 244
2304 245
2304 246
2304 247
2304 248
2304 249
2305 228
2305 229
2305 230
2305 231
2305 232
2305 233
2305 234
2308 246
2308 247
2308 248
2308 249
2308 250
2308 251
2308 252
2309 231
2309 232
2309 233
2309 234
2309 235
2309 236
2309 237
2312 249
2312 250
2312 251
2312 252
2312 253
2312 254
2312 255
2313 234
2313 235
2313 236
2313 237
2313 238
2313 239
2313 240
2313 241
2316 253
2316 254
2316 255
2316 256
2316 257
2316 258
2317 237
2317 238
2317 239
2317 240
2317 241
2317 242
2317 243
2317 244
2318 225
2318 226
2318 227
2320 258
2320 259
2320 260
2321 241
2321 242
2321 243
2321 244
2321 245
2321 246
2321 247
2322 228
2322 229
2322 230
2322 231
2325 244
2325 245
2325 246
2325 247
2325 248
2325 249
2325 250
2326 230
2326 231
2326 232
2326 233
2326 234
2326 235
2329 248
2329 249
2329 250
2329 251
2329 252
2329 253
2330 233
2330 234
2330 235
2330 236
2330 237
2330 238
2333 251
2333 252
2333 253
2333 254
2333 255
2333 256
2334 236
2334 237
2334 238
2334 239
2334 240
2334 241
2334 242
2337 256
2337 257
2337 258
2338 239
2338 240
2338 241
2338 242
2338 243
2338 244
2338 245
2342 243
2342 244
2342 245
2342 246
2342 247
2342 248
2343 230
2343 231
2346 246
2346 247
2346 248
2346 249
2346 250
2346 251
2347 232
2347 233
2347 234
2347 235
2350 250
2350 251
2350 252
2350 253
2350 254
2351 235
2351 236
2351 237
2351 238
2351 239
2354 254
2354 255
2354 256
2355 238
2355 239
2355 240
2355 241
2355 242
2359 241
2359 242
2359 243
2359 244
2359 245
2359 246
2363 245
2363 246
2363 247
2363 248
2363 249
2367 248
2367 249
2367 250
2367 251
2367 252
2368 235
2368 236
2371 252
2371 253
2371 254
2372 238
2372 239
2372 240
2376 241
2376 242
2376 243
2380 244
2380 245
2380 246
2384 247
2384 248
2384 249
