1401 243
1401 244
1408 247
1408 248
1408 249
1413 240
1413 241
1413 242
1415 252
1420 244
1420 245
1420 246
1425 238
1425 239
1427 248
1427 249
1427 250
1432 241
1432 242
1432 243
1432 244
1437 236
1439 246
1439 247
1439 248
1444 239
1444 240
1444 241
1446 251
1451 243
1451 244
1451 245
1456 237
1456 238
1458 248
1458 249
1463 241
1463 242
1470 245
1470 246
1475 239
2327 207
2327 208
2332 200
2332 201
2332 202
2334 210
2334 211
2334 212
2334 213
2339 203
2339 204
2339 205
2339 206
2339 207
2341 214
2341 215
2341 216
2341 217
2344 197
2344 198
2344 199
2344 200
2346 207
2346 208
2346 209
2346 210
2346 211
2348 218
2348 219
2348 220
2349 192
2349 193
2351 200
2351 201
2351 202
2351 203
2351 204
2351 205
2353 210
2353 211
2353 212
2353 213
2353 214
2353 215
2355 222
2355 223
2355 224
2356 194
2356 195
2356 196
2356 197
2356 198
2358 204
2358 205
2358 206
2358 207
2358 208
2358 209
2358 210
2360 214
2360 215
2360 216
2360 217
2360 218
2360 219
2361 189
2361 190
2361 191
2363 197
2363 198
2363 199
2363 200
2363 201
2363 202
2363 203
2365 207
2365 208
2365 209
2365 210
2365 211
2365 212
2365 213
2365 214
2367 218
2367 219
2367 220
2367 221
2367 222
2367 223
2368 192
2368 193
2368 194
2368 195
2368 196
2370 201
2370 202
2370 203
2370 204
2370 205
2370 206
2370 207
2372 211
2372 212
2372 213
2372 214
2372 215
2372 216
2372 217
2372 218
2373 187
2373 188
2374 222
2374 223
2374 224
2374 225
2374 226
2375 195
2375 196
2375 197
2375 198
2375 199
2375 200
2375 201
2377 204
2377 205
2377 206
2377 207
2377 208
2377 209
2377 210
2377 211
2377 212
2379 215
2379 216
2379 217
2379 218
2379 219
2379 220
2379 221
2380 189
2380 190
2380 191
2380 192
2380 193
2380 194
2381 227
2381 228
2381 229
2382 198
2382 199
2382 200
2382 201
2382 202
2382 203
2382 204
2382 205
2384 208
2384 209
2384 210
2384 211
2384 212
2384 213
2384 214
2384 215
2384 216
2385 185
2386 219
2386 220
2386 221
2386 222
2386 223
2386 224
2386 225
2387 192
2387 193
2387 194
2387 195
2387 196
2387 197
2387 198
2387 199
2389 202
2389 203
2389 204
2389 205
2389 206
2389 207
2389 208
2389 209
2389 210
2391 212
2391 213
2391 214
2391 215
2391 216
2391 217
2391 218
2391 219
2392 187
2392 188
2392 189
2392 190
2392 191
2393 223
2393 224
2393 225
2393 226
2393 227
2393 228
2394 196
2394 197
2394 198
2394 199
2394 200
2394 201
2394 202
2394 203
2396 205
2396 206
2396 207
2396 208
2396 209
2396 210
2396 211
2396 212
2396 213
2396 214
2398 216
2398 217
2398 218
2398 219
2398 220
2398 221
2398 222
2398 223
2399 190
2399 191
2399 192
2399 193
2399 194
2399 195
2399 196
2400 227
2400 228
2400 229
2400 230
2400 231
2401 199
2401 200
2401 201
2401 202
2401 203
2401 204
2401 205
2401 206
2401 207
2403 209
2403 210
2403 211
2403 212
2403 213
2403 214
2403 215
2403 216
2403 217
2404 185
2404 186
2404 187
2404 188
2404 189
2405 220
2405 221
2405 222
2405 223
2405 224
2405 225
2405 226
2405 227
2406 193
2406 194
2406 195
2406 196
2406 197
2406 198
2406 199
2406 200
2406 201
2407 232
2407 233
2407 234
2408 203
2408 204
2408 205
2408 206
2408 207
2408 208
2408 209
2408 210
2408 211
2410 213
2410 214
2410 215
2410 216
2410 217
2410 218
2410 219
2410 220
2410 221
2411 188
2411 189
2411 190
2411 191
2411 192
2411 193
2411 194
2412 224
2412 225
2412 226
2412 227
2412 228
2412 229
2412 230
2413 197
2413 198
2413 199
2413 200
2413 201
2413 202
2413 203
2413 204
2413 205
2415 206
2415 207
2415 208
2415 209
2415 210
2415 211
2415 212
2415 213
2415 214
2415 215
2416 183
2416 184
2416 185
2416 186
2417 217
2417 218
2417 219
2417 220
2417 221
2417 222
2417 223
2417 224
2417 225
2418 191
2418 192
2418 193
2418 194
2418 195
2418 196
2418 197
2418 198
2419 228
2419 229
2419 230
2419 231
2419 232
2419 233
2420 200
2420 201
2420 202
2420 203
2420 204
2420 205
2420 206
2420 207
2420 208
2420 209
2422 210
2422 211
2422 212
2422 213
2422 214
2422 215
2422 216
2422 217
2422 218
2422 219
2423 186
2423 187
2423 188
2423 189
2423 190
2423 191
2424 221
2424 222
2424 223
2424 224
2424 225
2424 226
2424 227
2424 228
2425 194
2425 195
2425 196
2425 197
2425 198
2425 199
2425 200
2425 201
2425 202
2425 203
2426 233
2426 234
2426 235
2426 236
2427 204
2427 205
2427 206
2427 207
2427 208
2427 209
2427 210
2427 211
2427 212
2427 213
2428 182
2428 183
2429 214
2429 215
2429 216
2429 217
2429 218
2429 219
2429 220
2429 221
2429 222
2429 223
2430 189
2430 190
2430 191
2430 192
2430 193
2430 194
2430 195
2430 196
2431 225
2431 226
2431 227
2431 228
2431 229
2431 230
2431 231
2431 232
2432 198
2432 199
2432 200
2432 201
2432 202
2432 203
2432 204
2432 205
2432 206
2432 207
2434 207
2434 208
2434 209
2434 210
2434 211
2434 212
2434 213
2434 214
2434 215
2434 216
2434 217
2435 184
2435 185
2435 186
2435 187
2435 188
2436 218
2436 219
2436 220
2436 221
2436 222
2436 223
2436 224
2436 225
2436 226
2436 227
2437 192
2437 193
2437 194
2437 195
2437 196
2437 197
2437 198
2437 199
2437 200
2438 229
2438 230
2438 231
2438 232
2438 233
2438 234
2438 235
2439 201
2439 202
2439 203
2439 204
2439 205
2439 206
2439 207
2439 208
2439 209
2439 210
2439 211
2441 211
2441 212
2441 213
2441 214
2441 215
2441 216
2441 217
2441 218
2441 219
2441 220
2441 221
2442 186
2442 187
2442 188
2442 189
2442 190
2442 191
2442 192
2442 193
2443 222
2443 223
2443 224
2443 225
2443 226
2443 227
2443 228
2443 229
2443 230
2444 195
2444 196
2444 197
2444 198
2444 199
2444 200
2444 201
2444 202
2444 203
2444 204
2445 234
2445 235
2445 236
2445 237
2445 238
2446 205
2446 206
2446 207
2446 208
2446 209
2446 210
2446 211
2446 212
2446 213
2446 214
2446 215
2447 182
2447 183
2447 184
2447 185
2447 186
2448 215
2448 216
2448 217
2448 218
2448 219
2448 220
2448 221
2448 222
2448 223
2448 224
2448 225
2449 190
2449 191
2449 192
2449 193
2449 194
2449 195
2449 196
2449 197
2449 198
2450 226
2450 227
2450 228
2450 229
2450 230
2450 231
2450 232
2450 233
2451 199
2451 200
2451 201
2451 202
2451 203
2451 204
2451 205
2451 206
2451 207
2451 208
2451 209
2452 239
2452 240
2453 208
2453 209
2453 210
2453 211
2453 212
2453 213
2453 214
2453 215
2453 216
2453 217
2453 218
2453 219
2454 185
2454 186
2454 187
2454 188
2454 189
2454 190
2454 191
2455 219
2455 220
2455 221
2455 222
2455 223
2455 224
2455 225
2455 226
2455 227
2455 228
2456 193
2456 194
2456 195
2456 196
2456 197
2456 198
2456 199
2456 200
2456 201
2456 202
2457 230
2457 231
2457 232
2457 233
2457 234
2457 235
2457 236
2457 237
2458 202
2458 203
2458 204
2458 205
2458 206
2458 207
2458 208
2458 209
2458 210
2458 211
2458 212
2458 213
2459 181
2459 182
2460 212
2460 213
2460 214
2460 215
2460 216
2460 217
2460 218
2460 219
2460 220
2460 221
2460 222
2461 188
2461 189
2461 190
2461 191
2461 192
2461 193
2461 194
2461 195
2462 223
2462 224
2462 225
2462 226
2462 227
2462 228
2462 229
2462 230
2462 231
2462 232
2463 196
2463 197
2463 198
2463 199
2463 200
2463 201
2463 202
2463 203
2463 204
2463 205
2463 206
2464 235
2464 236
2464 237
2464 238
2464 239
2464 240
2465 206
2465 207
2465 208
2465 209
2465 210
2465 211
2465 212
2465 213
2465 214
2465 215
2465 216
2466 183
2466 184
2466 185
2466 186
2466 187
2466 188
2467 216
2467 217
2467 218
2467 219
2467 220
2467 221
2467 222
2467 223
2467 224
2467 225
2467 226
2468 191
2468 192
2468 193
2468 194
2468 195
2468 196
2468 197
2468 198
2468 199
2469 227
2469 228
2469 229
2469 230
2469 231
2469 232
2469 233
2469 234
2469 235
2470 200
2470 201
2470 202
2470 203
2470 204
2470 205
2470 206
2470 207
2470 208
2470 209
2470 210
2471 240
2471 241
2471 242
2472 210
2472 211
2472 212
2472 213
2472 214
2472 215
2472 216
2472 217
2472 218
2472 219
2472 220
2473 186
2473 187
2473 188
2473 189
2473 190
2473 191
2473 192
2474 220
2474 221
2474 222
2474 223
2474 224
2474 225
2474 226
2474 227
2474 228
2474 229
2474 230
2475 194
2475 195
2475 196
2475 197
2475 198
2475 199
2475 200
2475 201
2475 202
2475 203
2475 204
2476 231
2476 232
2476 233
2476 234
2476 235
2476 236
2476 237
2476 238
2477 203
2477 204
2477 205
2477 206
2477 207
2477 208
2477 209
2477 210
2477 211
2477 212
2477 213
2477 214
2478 181
2478 182
2478 183
2478 184
2478 185
2479 213
2479 214
2479 215
2479 216
2479 217
2479 218
2479 219
2479 220
2479 221
2479 222
2479 223
2479 224
2480 189
2480 190
2480 191
2480 192
2480 193
2480 194
2480 195
2480 196
2480 197
2481 224
2481 225
2481 226
2481 227
2481 228
2481 229
2481 230
2481 231
2481 232
2481 233
2482 198
2482 199
2482 200
2482 201
2482 202
2482 203
2482 204
2482 205
2482 206
2482 207
2482 208
2483 236
2483 237
2483 238
2483 239
2483 240
2483 241
2484 207
2484 208
2484 209
2484 210
2484 211
2484 212
2484 213
2484 214
2484 215
2484 216
2484 217
2484 218
2485 184
2485 185
2485 186
2485 187
2485 188
2485 189
2485 190
2486 217
2486 218
2486 219
2486 220
2486 221
2486 222
2486 223
2486 224
2486 225
2486 226
2486 227
2486 228
2487 192
2487 193
2487 194
2487 195
2487 196
2487 197
2487 198
2487 199
2487 200
2487 201
2488 228
2488 229
2488 230
2488 231
2488 232
2488 233
2488 234
2488 235
2488 236
2489 201
2489 202
2489 203
2489 204
2489 205
2489 206
2489 207
2489 208
2489 209
2489 210
2489 211
2489 212
2490 241
2490 242
2490 243
2491 211
2491 212
2491 213
2491 214
2491 215
2491 216
2491 217
2491 218
2491 219
2491 220
2491 221
2491 222
2492 187
2492 188
2492 189
2492 190
2492 191
2492 192
2492 193
2492 194
2493 221
2493 222
2493 223
2493 224
2493 225
2493 226
2493 227
2493 228
2493 229
2493 230
2493 231
2494 195
2494 196
2494 197
2494 198
2494 199
2494 200
2494 201
2494 202
2494 203
2494 204
2494 205
2495 232
2495 233
2495 234
2495 235
2495 236
2495 237
2495 238
2495 239
2495 240
2496 205
2496 206
2496 207
2496 208
2496 209
2496 210
2496 211
2496 212
2496 213
2496 214
2496 215
2496 216
2497 182
2497 183
2497 184
2497 185
2497 186
2497 187
2498 215
2498 216
2498 217
2498 218
2498 219
2498 220
2498 221
2498 222
2498 223
2498 224
2498 225
2499 190
2499 191
2499 192
2499 193
2499 194
2499 195
2499 196
2499 197
2499 198
2499 199
2500 225
2500 226
2500 227
2500 228
2500 229
2500 230
2500 231
2500 232
2500 233
2500 234
2500 235
2501 199
2501 200
2501 201
2501 202
2501 203
2501 204
2501 205
2501 206
2501 207
2501 208
2501 209
2502 237
2502 238
2502 239
2502 240
2502 241
2502 242
2503 208
2503 209
2503 210
2503 211
2503 212
2503 213
2503 214
2503 215
2503 216
2503 217
2503 218
2503 219
2504 185
2504 186
2504 187
2504 188
2504 189
2504 190
2504 191
2505 219
2505 220
2505 221
2505 222
2505 223
2505 224
2505 225
2505 226
2505 227
2505 228
2505 229
2506 193
2506 194
2506 195
2506 196
2506 197
2506 198
2506 199
2506 200
2506 201
2506 202
2506 203
2507 229
2507 230
2507 231
2507 232
2507 233
2507 234
2507 235
2507 236
2507 237
2507 238
2508 202
2508 203
2508 204
2508 205
2508 206
2508 207
2508 208
2508 209
2508 210
2508 211
2508 212
2508 213
2509 181
2509 182
2509 183
2509 242
2509 243
2509 244
2509 245
2510 212
2510 213
2510 214
2510 215
2510 216
2510 217
2510 218
2510 219
2510 220
2510 221
2510 222
2510 223
2511 188
2511 189
2511 190
2511 191
2511 192
2511 193
2511 194
2511 195
2511 196
2512 222
2512 223
2512 224
2512 225
2512 226
2512 227
2512 228
2512 229
2512 230
2512 231
2512 232
2512 233
2513 196
2513 197
2513 198
2513 199
2513 200
2513 201
2513 202
2513 203
2513 204
2513 205
2513 206
2513 207
2514 234
2514 235
2514 236
2514 237
2514 238
2514 239
2514 240
2514 241
2515 206
2515 207
2515 208
2515 209
2515 210
2515 211
2515 212
2515 213
2515 214
2515 215
2515 216
2515 217
2516 183
2516 184
2516 185
2516 186
2516 187
2516 188
2516 189
2517 216
2517 217
2517 218
2517 219
2517 220
2517 221
2517 222
2517 223
2517 224
2517 225
2517 226
2517 227
2518 191
2518 192
2518 193
2518 194
2518 195
2518 196
2518 197
2518 198
2518 199
2518 200
2519 227
2519 228
2519 229
2519 230
2519 231
2519 232
2519 233
2519 234
2519 235
2519 236
2520 200
2520 201
2520 202
2520 203
2520 204
2520 205
2520 206
2520 207
2520 208
2520 209
2520 210
2520 211
2521 238
2521 239
2521 240
2521 241
2521 242
2521 243
2521 244
2522 210
2522 211
2522 212
2522 213
2522 214
2522 215
2522 216
2522 217
2522 218
2522 219
2522 220
2522 221
2523 186
2523 187
2523 188
2523 189
2523 190
2523 191
2523 192
2523 193
2524 220
2524 221
2524 222
2524 223
2524 224
2524 225
2524 226
2524 227
2524 228
2524 229
2524 230
2525 194
2525 195
2525 196
2525 197
2525 198
2525 199
2525 200
2525 201
2525 202
2525 203
2525 204
2526 231
2526 232
2526 233
2526 234
2526 235
2526 236
2526 237
2526 238
2526 239
2527 204
2527 205
2527 206
2527 207
2527 208
2527 209
2527 210
2527 211
2527 212
2527 213
2527 214
2527 215
2528 182
2528 183
2528 184
2528 185
2528 244
2528 245
2528 246
2529 213
2529 214
2529 215
2529 216
2529 217
2529 218
2529 219
2529 220
2529 221
2529 222
2529 223
2529 224
2529 225
2530 189
2530 190
2530 191
2530 192
2530 193
2530 194
2530 195
2530 196
2530 197
2531 224
2531 225
2531 226
2531 227
2531 228
2531 229
2531 230
2531 231
2531 232
2531 233
2531 234
2532 198
2532 199
2532 200
2532 201
2532 202
2532 203
2532 204
2532 205
2532 206
2532 207
2532 208
2533 235
2533 236
2533 237
2533 238
2533 239
2533 240
2533 241
2533 242
2534 207
2534 208
2534 209
2534 210
2534 211
2534 212
2534 213
2534 214
2534 215
2534 216
2534 217
2534 218
2534 219
2535 184
2535 185
2535 186
2535 187
2535 188
2535 189
2535 190
2536 217
2536 218
2536 219
2536 220
2536 221
2536 222
2536 223
2536 224
2536 225
2536 226
2536 227
2536 228
2537 192
2537 193
2537 194
2537 195
2537 196
2537 197
2537 198
2537 199
2537 200
2537 201
2537 202
2538 228
2538 229
2538 230
2538 231
2538 232
2538 233
2538 234
2538 235
2538 236
2538 237
2539 201
2539 202
2539 203
2539 204
2539 205
2539 206
2539 207
2539 208
2539 209
2539 210
2539 211
2539 212
2540 240
2540 241
2540 242
2540 243
2540 244
2540 245
2541 211
2541 212
2541 213
2541 214
2541 215
2541 216
2541 217
2541 218
2541 219
2541 220
2541 221
2541 222
2542 187
2542 188
2542 189
2542 190
2542 191
2542 192
2542 193
2542 194
2542 195
2543 221
2543 222
2543 223
2543 224
2543 225
2543 226
2543 227
2543 228
2543 229
2543 230
2543 231
2543 232
2544 196
2544 197
2544 198
2544 199
2544 200
2544 201
2544 202
2544 203
2544 204
2544 205
2544 206
2545 232
2545 233
2545 234
2545 235
2545 236
2545 237
2545 238
2545 239
2545 240
2545 241
2546 205
2546 206
2546 207
2546 208
2546 209
2546 210
2546 211
2546 212
2546 213
2546 214
2546 215
2546 216
2547 183
2547 184
2547 185
2547 186
2547 187
2547 245
2547 246
2547 247
2548 215
2548 216
2548 217
2548 218
2548 219
2548 220
2548 221
2548 222
2548 223
2548 224
2548 225
2548 226
2549 190
2549 191
2549 192
2549 193
2549 194
2549 195
2549 196
2549 197
2549 198
2549 199
2550 225
2550 226
2550 227
2550 228
2550 229
2550 230
2550 231
2550 232
2550 233
2550 234
2550 235
2551 199
2551 200
2551 201
2551 202
2551 203
2551 204
2551 205
2551 206
2551 207
2551 208
2551 209
2551 210
2552 236
2552 237
2552 238
2552 239
2552 240
2552 241
2552 242
2552 243
2552 244
2553 208
2553 209
2553 210
2553 211
2553 212
2553 213
2553 214
2553 215
2553 216
2553 217
2553 218
2553 219
2553 220
2554 186
2554 187
2554 188
2554 189
2554 190
2554 191
2554 192
2555 218
2555 219
2555 220
2555 221
2555 222
2555 223
2555 224
2555 225
2555 226
2555 227
2555 228
2555 229
2555 230
2556 194
2556 195
2556 196
2556 197
2556 198
2556 199
2556 200
2556 201
2556 202
2556 203
2557 229
2557 230
2557 231
2557 232
2557 233
2557 234
2557 235
2557 236
2557 237
2557 238
2557 239
2558 203
2558 204
2558 205
2558 206
2558 207
2558 208
2558 209
2558 210
2558 211
2558 212
2558 213
2558 214
2559 241
2559 242
2559 243
2559 244
2559 245
2559 246
2560 212
2560 213
2560 214
2560 215
2560 216
2560 217
2560 218
2560 219
2560 220
2560 221
2560 222
2560 223
2560 224
2561 189
2561 190
2561 191
2561 192
2561 193
2561 194
2561 195
2561 196
2562 222
2562 223
2562 224
2562 225
2562 226
2562 227
2562 228
2562 229
2562 230
2562 231
2562 232
2562 233
2563 197
2563 198
2563 199
2563 200
2563 201
2563 202
2563 203
2563 204
2563 205
2563 206
2563 207
2564 233
2564 234
2564 235
2564 236
2564 237
2564 238
2564 239
2564 240
2564 241
2564 242
2565 206
2565 207
2565 208
2565 209
2565 210
2565 211
2565 212
2565 213
2565 214
2565 215
2565 216
2565 217
2565 218
2566 184
2566 185
2566 186
2566 187
2566 188
2566 189
2566 247
2566 248
2567 216
2567 217
2567 218
2567 219
2567 220
2567 221
2567 222
2567 223
2567 224
2567 225
2567 226
2567 227
2568 192
2568 193
2568 194
2568 195
2568 196
2568 197
2568 198
2568 199
2568 200
2568 201
2569 226
2569 227
2569 228
2569 229
2569 230
2569 231
2569 232
2569 233
2569 234
2569 235
2569 236
2569 237
2570 200
2570 201
2570 202
2570 203
2570 204
2570 205
2570 206
2570 207
2570 208
2570 209
2570 210
2570 211
2571 238
2571 239
2571 240
2571 241
2571 242
2571 243
2571 244
2571 245
2572 210
2572 211
2572 212
2572 213
2572 214
2572 215
2572 216
2572 217
2572 218
2572 219
2572 220
2572 221
2573 187
2573 188
2573 189
2573 190
2573 191
2573 192
2573 193
2574 220
2574 221
2574 222
2574 223
2574 224
2574 225
2574 226
2574 227
2574 228
2574 229
2574 230
2574 231
2575 195
2575 196
2575 197
2575 198
2575 199
2575 200
2575 201
2575 202
2575 203
2575 204
2575 205
2576 231
2576 232
2576 233
2576 234
2576 235
2576 236
2576 237
2576 238
2576 239
2576 240
2577 204
2577 205
2577 206
2577 207
2577 208
2577 209
2577 210
2577 211
2577 212
2577 213
2577 214
2577 215
2578 184
2578 243
2578 244
2578 245
2578 246
2578 247
2578 248
2579 214
2579 215
2579 216
2579 217
2579 218
2579 219
2579 220
2579 221
2579 222
2579 223
2579 224
2579 225
2580 190
2580 191
2580 192
2580 193
2580 194
2580 195
2580 196
2580 197
2580 198
2581 224
2581 225
2581 226
2581 227
2581 228
2581 229
2581 230
2581 231
2581 232
2581 233
2581 234
2581 235
2582 198
2582 199
2582 200
2582 201
2582 202
2582 203
2582 204
2582 205
2582 206
2582 207
2582 208
2582 209
2583 235
2583 236
2583 237
2583 238
2583 239
2583 240
2583 241
2583 242
2583 243
2584 207
2584 208
2584 209
2584 210
2584 211
2584 212
2584 213
2584 214
2584 215
2584 216
2584 217
2584 218
2584 219
2585 186
2585 187
2585 188
2585 189
2585 190
2586 217
2586 218
2586 219
2586 220
2586 221
2586 222
2586 223
2586 224
2586 225
2586 226
2586 227
2586 228
2586 229
2587 193
2587 194
2587 195
2587 196
2587 197
2587 198
2587 199
2587 200
2587 201
2587 202
2588 228
2588 229
2588 230
2588 231
2588 232
2588 233
2588 234
2588 235
2588 236
2588 237
2588 238
2589 202
2589 203
2589 204
2589 205
2589 206
2589 207
2589 208
2589 209
2589 210
2589 211
2589 212
2589 213
2590 239
2590 240
2590 241
2590 242
2590 243
2590 244
2590 245
2590 246
2591 211
2591 212
2591 213
2591 214
2591 215
2591 216
2591 217
2591 218
2591 219
2591 220
2591 221
2591 222
2591 223
2592 188
2592 189
2592 190
2592 191
2592 192
2592 193
2592 194
2592 195
2593 221
2593 222
2593 223
2593 224
2593 225
2593 226
2593 227
2593 228
2593 229
2593 230
2593 231
2593 232
2594 196
2594 197
2594 198
2594 199
2594 200
2594 201
2594 202
2594 203
2594 204
2594 205
2594 206
2595 232
2595 233
2595 234
2595 235
2595 236
2595 237
2595 238
2595 239
2595 240
2595 241
2596 205
2596 206
2596 207
2596 208
2596 209
2596 210
2596 211
2596 212
2596 213
2596 214
2596 215
2596 216
2596 217
2597 185
2597 186
2597 244
2597 245
2597 246
2597 247
2597 248
2597 249
2598 215
2598 216
2598 217
2598 218
2598 219
2598 220
2598 221
2598 222
2598 223
2598 224
2598 225
2598 226
2599 191
2599 192
2599 193
2599 194
2599 195
2599 196
2599 197
2599 198
2599 199
2600 225
2600 226
2600 227
2600 228
2600 229
2600 230
2600 231
2600 232
2600 233
2600 234
2600 235
2600 236
2601 200
2601 201
2601 202
2601 203
2601 204
2601 205
2601 206
2601 207
2601 208
2601 209
2601 210
2602 236
2602 237
2602 238
2602 239
2602 240
2602 241
2602 242
2602 243
2602 244
2603 209
2603 210
2603 211
2603 212
2603 213
2603 214
2603 215
2603 216
2603 217
2603 218
2603 219
2603 220
2604 187
2604 188
2604 189
2604 190
2604 191
2604 192
2605 219
2605 220
2605 221
2605 222
2605 223
2605 224
2605 225
2605 226
2605 227
2605 228
2605 229
2605 230
2606 194
2606 195
2606 196
2606 197
2606 198
2606 199
2606 200
2606 201
2606 202
2606 203
2607 229
2607 230
2607 231
2607 232
2607 233
2607 234
2607 235
2607 236
2607 237
2607 238
2607 239
2608 203
2608 204
2608 205
2608 206
2608 207
2608 208
2608 209
2608 210
2608 211
2608 212
2608 213
2608 214
2609 241
2609 242
2609 243
2609 244
2609 245
2609 246
2609 247
2610 212
2610 213
2610 214
2610 215
2610 216
2610 217
2610 218
2610 219
2610 220
2610 221
2610 222
2610 223
2610 224
2611 190
2611 191
2611 192
2611 193
2611 194
2611 195
2611 196
2612 223
2612 224
2612 225
2612 226
2612 227
2612 228
2612 229
2612 230
2612 231
2612 232
2612 233
2612 234
2613 198
2613 199
2613 200
2613 201
2613 202
2613 203
2613 204
2613 205
2613 206
2613 207
2614 233
2614 234
2614 235
2614 236
2614 237
2614 238
2614 239
2614 240
2614 241
2614 242
2614 243
2615 207
2615 208
2615 209
2615 210
2615 211
2615 212
2615 213
2615 214
2615 215
2615 216
2615 217
2615 218
2616 187
2616 188
2616 246
2616 247
2616 248
2616 249
2617 216
2617 217
2617 218
2617 219
2617 220
2617 221
2617 222
2617 223
2617 224
2617 225
2617 226
2617 227
2617 228
2618 193
2618 194
2618 195
2618 196
2618 197
2618 198
2618 199
2618 200
2618 201
2619 227
2619 228
2619 229
2619 230
2619 231
2619 232
2619 233
2619 234
2619 235
2619 236
2619 237
2620 201
2620 202
2620 203
2620 204
2620 205
2620 206
2620 207
2620 208
2620 209
2620 210
2620 211
2621 238
2621 239
2621 240
2621 241
2621 242
2621 243
2621 244
2621 245
2621 246
2622 210
2622 211
2622 212
2622 213
2622 214
2622 215
2622 216
2622 217
2622 218
2622 219
2622 220
2622 221
2622 222
2623 188
2623 189
2623 190
2623 191
2623 192
2623 193
2624 220
2624 221
2624 222
2624 223
2624 224
2624 225
2624 226
2624 227
2624 228
2624 229
2624 230
2624 231
2625 196
2625 197
2625 198
2625 199
2625 200
2625 201
2625 202
2625 203
2625 204
2625 205
2626 231
2626 232
2626 233
2626 234
2626 235
2626 236
2626 237
2626 238
2626 239
2626 240
2626 241
2627 204
2627 205
2627 206
2627 207
2627 208
2627 209
2627 210
2627 211
2627 212
2627 213
2627 214
2627 215
2628 243
2628 244
2628 245
2628 246
2628 247
2628 248
2629 214
2629 215
2629 216
2629 217
2629 218
2629 219
2629 220
2629 221
2629 222
2629 223
2629 224
2629 225
2630 191
2630 192
2630 193
2630 194
2630 195
2630 196
2630 197
2630 198
2631 224
2631 225
2631 226
2631 227
2631 228
2631 229
2631 230
2631 231
2631 232
2631 233
2631 234
2631 235
2632 199
2632 200
2632 201
2632 202
2632 203
2632 204
2632 205
2632 206
2632 207
2632 208
2632 209
2633 235
2633 236
2633 237
2633 238
2633 239
2633 240
2633 241
2633 242
2633 243
2633 244
2634 208
2634 209
2634 210
2634 211
2634 212
2634 213
2634 214
2634 215
2634 216
2634 217
2634 218
2634 219
2635 188
2635 189
2635 249
2635 250
2636 218
2636 219
2636 220
2636 221
2636 222
2636 223
2636 224
2636 225
2636 226
2636 227
2636 228
2636 229
2637 194
2637 195
2637 196
2637 197
2637 198
2637 199
2637 200
2637 201
2637 202
2638 228
2638 229
2638 230
2638 231
2638 232
2638 233
2638 234
2638 235
2638 236
2638 237
2638 238
2638 239
2639 202
2639 203
2639 204
2639 205
2639 206
2639 207
2639 208
2639 209
2639 210
2639 211
2639 212
2639 213
2640 240
2640 241
2640 242
2640 243
2640 244
2640 245
2640 246
2640 247
2641 212
2641 213
2641 214
2641 215
2641 216
2641 217
2641 218
2641 219
2641 220
2641 221
2641 222
2641 223
2642 190
2642 191
2642 192
2642 193
2642 194
2643 222
2643 223
2643 224
2643 225
2643 226
2643 227
2643 228
2643 229
2643 230
2643 231
2643 232
2643 233
2644 197
2644 198
2644 199
2644 200
2644 201
2644 202
2644 203
2644 204
2644 205
2644 206
2645 232
2645 233
2645 234
2645 235
2645 236
2645 237
2645 238
2645 239
2645 240
2645 241
2645 242
2646 206
2646 207
2646 208
2646 209
2646 210
2646 211
2646 212
2646 213
2646 214
2646 215
2646 216
2646 217
2647 245
2647 246
2647 247
2647 248
2647 249
2648 215
2648 216
2648 217
2648 218
2648 219
2648 220
2648 221
2648 222
2648 223
2648 224
2648 225
2648 226
2648 227
2649 192
2649 193
2649 194
2649 195
2649 196
2649 197
2649 198
2649 199
2650 226
2650 227
2650 228
2650 229
2650 230
2650 231
2650 232
2650 233
2650 234
2650 235
2650 236
2651 200
2651 201
2651 202
2651 203
2651 204
2651 205
2651 206
2651 207
2651 208
2651 209
2651 210
2652 237
2652 238
2652 239
2652 240
2652 241
2652 242
2652 243
2652 244
2652 245
2653 209
2653 210
2653 211
2653 212
2653 213
2653 214
2653 215
2653 216
2653 217
2653 218
2653 219
2653 220
2653 221
2654 190
2655 219
2655 220
2655 221
2655 222
2655 223
2655 224
2655 225
2655 226
2655 227
2655 228
2655 229
2655 230
2655 231
2656 195
2656 196
2656 197
2656 198
2656 199
2656 200
2656 201
2656 202
2656 203
2657 230
2657 231
2657 232
2657 233
2657 234
2657 235
2657 236
2657 237
2657 238
2657 239
2657 240
2658 204
2658 205
2658 206
2658 207
2658 208
2658 209
2658 210
2658 211
2658 212
2658 213
2658 214
2659 241
2659 242
2659 243
2659 244
2659 245
2659 246
2659 247
2659 248
2660 213
2660 214
2660 215
2660 216
2660 217
2660 218
2660 219
2660 220
2660 221
2660 222
2660 223
2660 224
2661 191
2661 192
2661 193
2661 194
2661 195
2661 196
2662 223
2662 224
2662 225
2662 226
2662 227
2662 228
2662 229
2662 230
2662 231
2662 232
2662 233
2662 234
2663 199
2663 200
2663 201
2663 202
2663 203
2663 204
2663 205
2663 206
2663 207
2664 234
2664 235
2664 236
2664 237
2664 238
2664 239
2664 240
2664 241
2664 242
2664 243
2665 207
2665 208
2665 209
2665 210
2665 211
2665 212
2665 213
2665 214
2665 215
2665 216
2665 217
2665 218
2666 247
2666 248
2666 249
2666 250
2667 217
2667 218
2667 219
2667 220
2667 221
2667 222
2667 223
2667 224
2667 225
2667 226
2667 227
2667 228
2668 194
2668 195
2668 196
2668 197
2668 198
2668 199
2668 200
2669 227
2669 228
2669 229
2669 230
2669 231
2669 232
2669 233
2669 234
2669 235
2669 236
2669 237
2669 238
2670 202
2670 203
2670 204
2670 205
2670 206
2670 207
2670 208
2670 209
2670 210
2670 211
2671 238
2671 239
2671 240
2671 241
2671 242
2671 243
2671 244
2671 245
2671 246
2672 211
2672 212
2672 213
2672 214
2672 215
2672 216
2672 217
2672 218
2672 219
2672 220
2672 221
2672 222
2674 221
2674 222
2674 223
2674 224
2674 225
2674 226
2674 227
2674 228
2674 229
2674 230
2674 231
2674 232
2675 197
2675 198
2675 199
2675 200
2675 201
2675 202
2675 203
2675 204
2675 205
2676 231
2676 232
2676 233
2676 234
2676 235
2676 236
2676 237
2676 238
2676 239
2676 240
2676 241
2677 205
2677 206
2677 207
2677 208
2677 209
2677 210
2677 211
2677 212
2677 213
2677 214
2677 215
2678 243
2678 244
2678 245
2678 246
2678 247
2678 248
2678 249
2679 214
2679 215
2679 216
2679 217
2679 218
2679 219
2679 220
2679 221
2679 222
2679 223
2679 224
2679 225
2679 226
2680 193
2680 194
2680 195
2680 196
2680 197
2681 225
2681 226
2681 227
2681 228
2681 229
2681 230
2681 231
2681 232
2681 233
2681 234
2681 235
2682 200
2682 201
2682 202
2682 203
2682 204
2682 205
2682 206
2682 207
2682 208
2682 209
2683 236
2683 237
2683 238
2683 239
2683 240
2683 241
2683 242
2683 243
2683 244
2684 209
2684 210
2684 211
2684 212
2684 213
2684 214
2684 215
2684 216
2684 217
2684 218
2684 219
2685 249
2685 250
2686 218
2686 219
2686 220
2686 221
2686 222
2686 223
2686 224
2686 225
2686 226
2686 227
2686 228
2686 229
2687 195
2687 196
2687 197
2687 198
2687 199
2687 200
2687 201
2687 202
2688 229
2688 230
2688 231
2688 232
2688 233
2688 234
2688 235
2688 236
2688 237
2688 238
2688 239
2689 203
2689 204
2689 205
2689 206
2689 207
2689 208
2689 209
2689 210
2689 211
2689 212
2689 213
2690 240
2690 241
2690 242
2690 243
2690 244
2690 245
2690 246
2690 247
2691 212
2691 213
2691 214
2691 215
2691 216
2691 217
2691 218
2691 219
2691 220
2691 221
2691 222
2691 223
2693 222
2693 223
2693 224
2693 225
2693 226
2693 227
2693 228
2693 229
2693 230
2693 231
2693 232
2693 233
2694 198
2694 199
2694 200
2694 201
2694 202
2694 203
2694 204
2694 205
2694 206
2695 233
2695 234
2695 235
2695 236
2695 237
2695 238
2695 239
2695 240
2695 241
2695 242
2696 207
2696 208
2696 209
2696 210
2696 211
2696 212
2696 213
2696 214
2696 215
2696 216
2696 217
2697 245
2697 246
2697 247
2697 248
2697 249
2697 250
2698 216
2698 217
2698 218
2698 219
2698 220
2698 221
2698 222
2698 223
2698 224
2698 225
2698 226
2698 227
2699 194
2699 195
2699 196
2699 197
2699 198
2700 226
2700 227
2700 228
2700 229
2700 230
2700 231
2700 232
2700 233
2700 234
2700 235
2700 236
2700 237
2701 201
2701 202
2701 203
2701 204
2701 205
2701 206
2701 207
2701 208
2701 209
2701 210
2702 237
2702 238
2702 239
2702 240
2702 241
2702 242
2702 243
2702 244
2702 245
2703 210
2703 211
2703 212
2703 213
2703 214
2703 215
2703 216
2703 217
2703 218
2703 219
2703 220
2703 221
2705 220
2705 221
2705 222
2705 223
2705 224
2705 225
2705 226
2705 227
2705 228
2705 229
2705 230
2705 231
2706 197
2706 198
2706 199
2706 200
2706 201
2706 202
2706 203
2707 230
2707 231
2707 232
2707 233
2707 234
2707 235
2707 236
2707 237
2707 238
2707 239
2707 240
2708 205
2708 206
2708 207
2708 208
2708 209
2708 210
2708 211
2708 212
2708 213
2708 214
2709 242
2709 243
2709 244
2709 245
2709 246
2709 247
2709 248
2710 214
2710 215
2710 216
2710 217
2710 218
2710 219
2710 220
2710 221
2710 222
2710 223
2710 224
2710 225
2712 224
2712 225
2712 226
2712 227
2712 228
2712 229
2712 230
2712 231
2712 232
2712 233
2712 234
2713 200
2713 201
2713 202
2713 203
2713 204
2713 205
2713 206
2713 207
2714 235
2714 236
2714 237
2714 238
2714 239
2714 240
2714 241
2714 242
2714 243
2715 208
2715 209
2715 210
2715 211
2715 212
2715 213
2715 214
2715 215
2715 216
2715 217
2715 218
2716 248
2716 249
2716 250
2717 218
2717 219
2717 220
2717 221
2717 222
2717 223
2717 224
2717 225
2717 226
2717 227
2717 228
2718 196
2718 197
2718 198
2718 199
2719 228
2719 229
2719 230
2719 231
2719 232
2719 233
2719 234
2719 235
2719 236
2719 237
2719 238
2720 203
2720 204
2720 205
2720 206
2720 207
2720 208
2720 209
2720 210
2720 211
2721 239
2721 240
2721 241
2721 242
2721 243
2721 244
2721 245
2721 246
2722 212
2722 213
2722 214
2722 215
2722 216
2722 217
2722 218
2722 219
2722 220
2722 221
2722 222
2724 221
2724 222
2724 223
2724 224
2724 225
2724 226
2724 227
2724 228
2724 229
2724 230
2724 231
2724 232
2725 199
2725 200
2725 201
2725 202
2725 203
2725 204
2726 232
2726 233
2726 234
2726 235
2726 236
2726 237
2726 238
2726 239
2726 240
2726 241
2727 206
2727 207
2727 208
2727 209
2727 210
2727 211
2727 212
2727 213
2727 214
2727 215
2728 244
2728 245
2728 246
2728 247
2728 248
2728 249
2729 215
2729 216
2729 217
2729 218
2729 219
2729 220
2729 221
2729 222
2729 223
2729 224
2729 225
2729 226
2731 225
2731 226
2731 227
2731 228
2731 229
2731 230
2731 231
2731 232
2731 233
2731 234
2731 235
2731 236
2732 201
2732 202
2732 203
2732 204
2732 205
2732 206
2732 207
2732 208
2733 236
2733 237
2733 238
2733 239
2733 240
2733 241
2733 242
2733 243
2733 244
2733 245
2734 210
2734 211
2734 212
2734 213
2734 214
2734 215
2734 216
2734 217
2734 218
2734 219
2736 219
2736 220
2736 221
2736 222
2736 223
2736 224
2736 225
2736 226
2736 227
2736 228
2736 229
2736 230
2737 198
2737 199
2737 200
2738 229
2738 230
2738 231
2738 232
2738 233
2738 234
2738 235
2738 236
2738 237
2738 238
2738 239
2739 205
2739 206
2739 207
2739 208
2739 209
2739 210
2739 211
2739 212
2739 213
2740 241
2740 242
2740 243
2740 244
2740 245
2740 246
2740 247
2741 213
2741 214
2741 215
2741 216
2741 217
2741 218
2741 219
2741 220
2741 221
2741 222
2741 223
2743 223
2743 224
2743 225
2743 226
2743 227
2743 228
2743 229
2743 230
2743 231
2743 232
2743 233
2744 200
2744 201
2744 202
2744 203
2744 204
2744 205
2745 234
2745 235
2745 236
2745 237
2745 238
2745 239
2745 240
2745 241
2745 242
2746 208
2746 209
2746 210
2746 211
2746 212
2746 213
2746 214
2746 215
2746 216
2746 217
2747 247
2747 248
2747 249
2747 250
2748 217
2748 218
2748 219
2748 220
2748 221
2748 222
2748 223
2748 224
2748 225
2748 226
2748 227
2750 227
2750 228
2750 229
2750 230
2750 231
2750 232
2750 233
2750 234
2750 235
2750 236
2750 237
2751 203
2751 204
2751 205
2751 206
2751 207
2751 208
2751 209
2752 238
2752 239
2752 240
2752 241
2752 242
2752 243
2752 244
2752 245
2752 246
2753 211
2753 212
2753 213
2753 214
2753 215
2753 216
2753 217
2753 218
2753 219
2753 220
2753 221
2755 221
2755 222
2755 223
2755 224
2755 225
2755 226
2755 227
2755 228
2755 229
2755 230
2755 231
2756 200
2756 201
2757 231
2757 232
2757 233
2757 234
2757 235
2757 236
2757 237
2757 238
2757 239
2757 240
2758 206
2758 207
2758 208
2758 209
2758 210
2758 211
2758 212
2758 213
2758 214
2759 243
2759 244
2759 245
2759 246
2759 247
2759 248
2760 215
2760 216
2760 217
2760 218
2760 219
2760 220
2760 221
2760 222
2760 223
2760 224
2762 225
2762 226
2762 227
2762 228
2762 229
2762 230
2762 231
2762 232
2762 233
2762 234
2763 202
2763 203
2763 204
2763 205
2763 206
2764 236
2764 237
2764 238
2764 239
2764 240
2764 241
2764 242
2764 243
2764 244
2765 209
2765 210
2765 211
2765 212
2765 213
2765 214
2765 215
2765 216
2765 217
2765 218
2767 219
2767 220
2767 221
2767 222
2767 223
2767 224
2767 225
2767 226
2767 227
2767 228
2769 229
2769 230
2769 231
2769 232
2769 233
2769 234
2769 235
2769 236
2769 237
2769 238
2770 205
2770 206
2770 207
2770 208
2770 209
2770 210
2770 211
2771 240
2771 241
2771 242
2771 243
2771 244
2771 245
2771 246
2771 247
2772 213
2772 214
2772 215
2772 216
2772 217
2772 218
2772 219
2772 220
2772 221
2772 222
2774 222
2774 223
2774 224
2774 225
2774 226
2774 227
2774 228
2774 229
2774 230
2774 231
2774 232
2776 233
2776 234
2776 235
2776 236
2776 237
2776 238
2776 239
2776 240
2776 241
2777 208
2777 209
2777 210
2777 211
2777 212
2777 213
2777 214
2777 215
2778 246
2778 247
2778 248
2778 249
2779 217
2779 218
2779 219
2779 220
2779 221
2779 222
2779 223
2779 224
2779 225
2779 226
2781 226
2781 227
2781 228
2781 229
2781 230
2781 231
2781 232
2781 233
2781 234
2781 235
2781 236
2782 204
2782 205
2782 206
2782 207
2783 238
2783 239
2783 240
2783 241
2783 242
2783 243
2783 244
2783 245
2784 211
2784 212
2784 213
2784 214
2784 215
2784 216
2784 217
2784 218
2784 219
2786 220
2786 221
2786 222
2786 223
2786 224
2786 225
2786 226
2786 227
2786 228
2786 229
2788 231
2788 232
2788 233
2788 234
2788 235
2788 236
2788 237
2788 238
2788 239
2789 207
2789 208
2789 209
2789 210
2789 211
2789 212
2790 243
2790 244
2790 245
2790 246
2790 247
2791 215
2791 216
2791 217
2791 218
2791 219
2791 220
2791 221
2791 222
2791 223
2793 224
2793 225
2793 226
2793 227
2793 228
2793 229
2793 230
2793 231
2793 232
2793 233
2795 235
2795 236
2795 237
2795 238
2795 239
2795 240
2795 241
2795 242
2796 210
2796 211
2796 212
2796 213
2796 214
2796 215
2796 216
2798 218
2798 219
2798 220
2798 221
2798 222
2798 223
2798 224
2798 225
2798 226
2798 227
2800 228
2800 229
2800 230
2800 231
2800 232
2800 233
2800 234
2800 235
2800 236
2800 237
2801 206
2801 207
2801 208
2802 240
2802 241
2802 242
2802 243
2802 244
2802 245
2803 213
2803 214
2803 215
2803 216
2803 217
2803 218
2803 219
2803 220
2805 222
2805 223
2805 224
2805 225
2805 226
2805 227
2805 228
2805 229
2805 230
2805 231
2807 232
2807 233
2807 234
2807 235
2807 236
2807 237
2807 238
2807 239
2807 240
2808 208
2808 209
2808 210
2808 211
2808 212
2808 213
2809 245
2809 246
2809 247
2809 248
2810 216
2810 217
2810 218
2810 219
2810 220
2810 221
2810 222
2810 223
2810 224
2812 226
2812 227
2812 228
2812 229
2812 230
2812 231
2812 232
2812 233
2812 234
2814 237
2814 238
2814 239
2814 240
2814 241
2814 242
2814 243
2815 211
2815 212
2815 213
2815 214
2815 215
2815 216
2815 217
2817 220
2817 221
2817 222
2817 223
2817 224
2817 225
2817 226
2817 227
2817 228
2819 230
2819 231
2819 232
2819 233
2819 234
2819 235
2819 236
2819 237
2819 238
2821 242
2821 243
2821 244
2821 245
2821 246
2822 215
2822 216
2822 217
2822 218
2822 219
2822 220
2822 221
2824 224
2824 225
2824 226
2824 227
2824 228
2824 229
2824 230
2824 231
2824 232
2826 235
2826 236
2826 237
2826 238
2826 239
2826 240
2826 241
2827 211
2827 212
2827 213
2829 218
2829 219
2829 220
2829 221
2829 222
2829 223
2829 224
2829 225
2831 228
2831 229
2831 230
2831 231
2831 232
2831 233
2831 234
2831 235
2833 239
2833 240
2833 241
2833 242
2833 243
2833 244
2834 213
2834 214
2834 215
2834 216
2834 217
2834 218
2836 222
2836 223
2836 224
2836 225
2836 226
2836 227
2836 228
2836 229
2838 232
2838 233
2838 234
2838 235
2838 236
2838 237
2838 238
2838 239
2840 245
2840 246
2841 217
2841 218
2841 219
2841 220
2841 221
2841 222
2843 226
2843 227
2843 228
2843 229
2843 230
2843 231
2843 232
2843 233
2845 237
2845 238
2845 239
2845 240
2845 241
2845 242
2846 213
2846 214
2848 220
2848 221
2848 222
2848 223
2848 224
2848 225
2848 226
2850 230
2850 231
2850 232
2850 233
2850 234
2850 235
2850 236
2852 242
2852 243
2852 244
2852 245
2853 216
2853 217
2853 218
2853 219
2855 224
2855 225
2855 226
2855 227
2855 228
2855 229
2855 230
2857 234
2857 235
2857 236
2857 237
2857 238
2857 239
2857 240
2860 219
2860 220
2860 221
2860 222
2860 223
2862 228
2862 229
2862 230
2862 231
2862 232
2862 233
2862 234
2864 239
2864 240
2864 241
2864 242
2864 243
2867 222
2867 223
2867 224
2867 225
2867 226
2867 227
2869 232
2869 233
2869 234
2869 235
2869 236
2869 237
2872 218
2872 219
2874 226
2874 227
2874 228
2874 229
2874 230
2874 231
2876 237
2876 238
2876 239
2876 240
2879 221
2879 222
2879 223
2879 224
2881 230
2881 231
2881 232
2881 233
2881 234
2881 235
2886 225
2886 226
2886 227
2886 228
2888 235
2888 236
2888 237
2888 238
2893 229
2893 230
2893 231
2893 232
2900 233
2900 234
2900 235
