3782 241
3782 242
3783 240
3784 238
3809 253
3809 254
3809 255
3809 256
3810 251
3810 252
3810 253
3810 254
3811 248
3811 249
3811 250
3811 251
3811 252
3811 253
3812 246
3812 247
3812 248
3812 249
3812 250
3812 251
3813 244
3813 245
3813 246
3813 247
3813 248
3813 249
3813 250
3814 242
3814 243
3814 244
3814 245
3814 246
3814 247
3814 248
3815 240
3815 241
3815 242
3815 243
3815 244
3815 245
3815 246
3816 238
3816 239
3816 240
3816 241
3816 242
3816 243
3816 244
3817 236
3817 237
3817 238
3817 239
3817 240
3817 241
3817 242
3818 234
3818 235
3818 236
3818 237
3818 238
3818 239
3818 240
3819 233
3819 234
3819 235
3819 236
3819 237
3819 238
3820 231
3820 232
3820 233
3820 234
3820 235
3821 230
3821 231
3821 232
3821 233
3822 229
3822 230
3839 261
3839 262
3840 257
3840 258
3840 259
3840 260
3840 261
3841 255
3841 256
3841 257
3841 258
3841 259
3841 260
3842 252
3842 253
3842 254
3842 255
3842 256
3842 257
3842 258
3843 250
3843 251
3843 252
3843 253
3843 254
3843 255
3843 256
3843 257
3844 248
3844 249
3844 250
3844 251
3844 252
3844 253
3844 254
3844 255
3845 246
3845 247
3845 248
3845 249
3845 250
3845 251
3845 252
3845 253
3845 254
3846 244
3846 245
3846 246
3846 247
3846 248
3846 249
3846 250
3846 251
3846 252
3847 241
3847 242
3847 243
3847 244
3847 245
3847 246
3847 247
3847 248
3847 249
3847 250
3848 240
3848 241
3848 242
3848 243
3848 244
3848 245
3848 246
3848 247
3848 248
3849 238
3849 239
3849 240
3849 241
3849 242
3849 243
3849 244
3849 245
3849 246
3850 236
3850 237
3850 238
3850 239
3850 240
3850 241
3850 242
3850 243
3850 244
3851 234
3851 235
3851 236
3851 237
3851 238
3851 239
3851 240
3851 241
3851 242
3852 232
3852 233
3852 234
3852 235
3852 236
3852 237
3852 238
3852 239
3852 240
3853 231
3853 232
3853 233
3853 234
3853 235
3853 236
3853 237
3853 238
3854 229
3854 230
3854 231
3854 232
3854 233
3854 234
3854 235
3855 125
3855 126
3855 228
3855 229
3855 230
3855 231
3855 232
3855 233
3856 122
3856 123
3856 124
3856 125
3856 227
3856 228
3856 229
3856 230
3857 120
3857 121
3857 122
3857 123
3857 124
3857 226
3857 227
3858 118
3858 119
3858 120
3858 121
3858 122
3859 116
3859 117
3859 118
3859 119
3859 120
3860 114
3860 115
3860 116
3860 117
3860 118
3861 112
3861 113
3861 114
3861 115
3861 116
3861 117
3862 110
3862 111
3862 112
3862 113
3862 114
3862 115
3863 108
3863 109
3863 110
3863 111
3863 112
3863 113
3864 107
3864 108
3864 109
3864 110
3864 111
3865 105
3865 106
3865 107
3865 108
3866 104
3866 105
3866 106
3867 103
3871 263
3871 264
3871 265
3872 260
3872 261
3872 262
3872 263
3872 264
3872 265
3873 257
3873 258
3873 259
3873 260
3873 261
3873 262
3873 263
3874 255
3874 256
3874 257
3874 258
3874 259
3874 260
3874 261
3874 262
3875 252
3875 253
3875 254
3875 255
3875 256
3875 257
3875 258
3875 259
3875 260
3876 250
3876 251
3876 252
3876 253
3876 254
3876 255
3876 256
3876 257
3876 258
3876 259
3877 248
3877 249
3877 250
3877 251
3877 252
3877 253
3877 254
3877 255
3877 256
3877 257
3878 246
3878 247
3878 248
3878 249
3878 250
3878 251
3878 252
3878 253
3878 254
3878 255
3879 244
3879 245
3879 246
3879 247
3879 248
3879 249
3879 250
3879 251
3879 252
3879 253
3880 242
3880 243
3880 244
3880 245
3880 246
3880 247
3880 248
3880 249
3880 250
3880 251
3880 252
3881 240
3881 241
3881 242
3881 243
3881 244
3881 245
3881 246
3881 247
3881 248
3881 249
3881 250
3882 238
3882 239
3882 240
3882 241
3882 242
3882 243
3882 244
3882 245
3882 246
3882 247
3882 248
3883 236
3883 237
3883 238
3883 239
3883 240
3883 241
3883 242
3883 243
3883 244
3883 245
3883 246
3884 234
3884 235
3884 236
3884 237
3884 238
3884 239
3884 240
3884 241
3884 242
3884 243
3884 244
3885 232
3885 233
3885 234
3885 235
3885 236
3885 237
3885 238
3885 239
3885 240
3885 241
3885 242
3886 129
3886 130
3886 131
3886 132
3886 231
3886 232
3886 233
3886 234
3886 235
3886 236
3886 237
3886 238
3886 239
3887 127
3887 128
3887 129
3887 130
3887 131
3887 229
3887 230
3887 231
3887 232
3887 233
3887 234
3887 235
3887 236
3887 237
3888 124
3888 125
3888 126
3888 127
3888 128
3888 129
3888 228
3888 229
3888 230
3888 231
3888 232
3888 233
3888 234
3888 235
3889 122
3889 123
3889 124
3889 125
3889 126
3889 127
3889 128
3889 226
3889 227
3889 228
3889 229
3889 230
3889 231
3889 232
3889 233
3890 120
3890 121
3890 122
3890 123
3890 124
3890 125
3890 126
3890 225
3890 226
3890 227
3890 228
3890 229
3890 230
3891 118
3891 119
3891 120
3891 121
3891 122
3891 123
3891 124
3891 224
3891 225
3891 226
3891 227
3892 116
3892 117
3892 118
3892 119
3892 120
3892 121
3892 122
3892 123
3893 114
3893 115
3893 116
3893 117
3893 118
3893 119
3893 120
3893 121
3894 112
3894 113
3894 114
3894 115
3894 116
3894 117
3894 118
3894 119
3895 110
3895 111
3895 112
3895 113
3895 114
3895 115
3895 116
3895 117
3896 109
3896 110
3896 111
3896 112
3896 113
3896 114
3896 115
3897 107
3897 108
3897 109
3897 110
3897 111
3897 112
3897 113
3898 105
3898 106
3898 107
3898 108
3898 109
3898 110
3898 111
3899 104
3899 105
3899 106
3899 107
3899 108
3899 109
3900 102
3900 103
3900 104
3900 105
3900 106
3900 107
3901 101
3901 102
3901 103
3901 104
3902 100
3902 101
3903 265
3903 266
3903 267
3903 268
3904 262
3904 263
3904 264
3904 265
3904 266
3904 267
3904 268
3905 260
3905 261
3905 262
3905 263
3905 264
3905 265
3905 266
3906 257
3906 258
3906 259
3906 260
3906 261
3906 262
3906 263
3906 264
3906 265
3907 255
3907 256
3907 257
3907 258
3907 259
3907 260
3907 261
3907 262
3907 263
3908 253
3908 254
3908 255
3908 256
3908 257
3908 258
3908 259
3908 260
3908 261
3908 262
3909 250
3909 251
3909 252
3909 253
3909 254
3909 255
3909 256
3909 257
3909 258
3909 259
3909 260
3910 248
3910 249
3910 250
3910 251
3910 252
3910 253
3910 254
3910 255
3910 256
3910 257
3910 258
3910 259
3911 246
3911 247
3911 248
3911 249
3911 250
3911 251
3911 252
3911 253
3911 254
3911 255
3911 256
3911 257
3912 244
3912 245
3912 246
3912 247
3912 248
3912 249
3912 250
3912 251
3912 252
3912 253
3912 254
3912 255
3913 242
3913 243
3913 244
3913 245
3913 246
3913 247
3913 248
3913 249
3913 250
3913 251
3913 252
3913 253
3914 240
3914 241
3914 242
3914 243
3914 244
3914 245
3914 246
3914 247
3914 248
3914 249
3914 250
3914 251
3915 238
3915 239
3915 240
3915 241
3915 242
3915 243
3915 244
3915 245
3915 246
3915 247
3915 248
3915 249
3916 236
3916 237
3916 238
3916 239
3916 240
3916 241
3916 242
3916 243
3916 244
3916 245
3916 246
3916 247
3917 136
3917 235
3917 236
3917 237
3917 238
3917 239
3917 240
3917 241
3917 242
3917 243
3917 244
3917 245
3918 132
3918 133
3918 134
3918 135
3918 233
3918 234
3918 235
3918 236
3918 237
3918 238
3918 239
3918 240
3918 241
3918 242
3918 243
3919 130
3919 131
3919 132
3919 133
3919 134
3919 231
3919 232
3919 233
3919 234
3919 235
3919 236
3919 237
3919 238
3919 239
3919 240
3919 241
3920 127
3920 128
3920 129
3920 130
3920 131
3920 132
3920 133
3920 230
3920 231
3920 232
3920 233
3920 234
3920 235
3920 236
3920 237
3920 238
3920 239
3921 125
3921 126
3921 127
3921 128
3921 129
3921 130
3921 131
3921 228
3921 229
3921 230
3921 231
3921 232
3921 233
3921 234
3921 235
3921 236
3921 237
3922 123
3922 124
3922 125
3922 126
3922 127
3922 128
3922 129
3922 130
3922 227
3922 228
3922 229
3922 230
3922 231
3922 232
3922 233
3922 234
3923 121
3923 122
3923 123
3923 124
3923 125
3923 126
3923 127
3923 128
3923 225
3923 226
3923 227
3923 228
3923 229
3923 230
3923 231
3923 232
3924 119
3924 120
3924 121
3924 122
3924 123
3924 124
3924 125
3924 126
3924 224
3924 225
3924 226
3924 227
3924 228
3924 229
3925 117
3925 118
3925 119
3925 120
3925 121
3925 122
3925 123
3925 124
3925 125
3925 224
3925 225
3925 226
3926 115
3926 116
3926 117
3926 118
3926 119
3926 120
3926 121
3926 122
3926 123
3927 113
3927 114
3927 115
3927 116
3927 117
3927 118
3927 119
3927 120
3927 121
3928 111
3928 112
3928 113
3928 114
3928 115
3928 116
3928 117
3928 118
3928 119
3929 109
3929 110
3929 111
3929 112
3929 113
3929 114
3929 115
3929 116
3929 117
3930 108
3930 109
3930 110
3930 111
3930 112
3930 113
3930 114
3930 115
3931 106
3931 107
3931 108
3931 109
3931 110
3931 111
3931 112
3931 113
3932 104
3932 105
3932 106
3932 107
3932 108
3932 109
3932 110
3932 111
3933 103
3933 104
3933 105
3933 106
3933 107
3933 108
3933 109
3934 101
3934 102
3934 103
3934 104
3934 105
3934 106
3935 100
3935 101
3935 102
3935 103
3935 104
3935 269
3935 270
3936 99
3936 100
3936 101
3936 266
3936 267
3936 268
3936 269
3936 270
3937 263
3937 264
3937 265
3937 266
3937 267
3937 268
3937 269
3938 260
3938 261
3938 262
3938 263
3938 264
3938 265
3938 266
3938 267
3938 268
3939 258
3939 259
3939 260
3939 261
3939 262
3939 263
3939 264
3939 265
3939 266
3940 255
3940 256
3940 257
3940 258
3940 259
3940 260
3940 261
3940 262
3940 263
3940 264
3940 265
3941 253
3941 254
3941 255
3941 256
3941 257
3941 258
3941 259
3941 260
3941 261
3941 262
3941 263
3942 251
3942 252
3942 253
3942 254
3942 255
3942 256
3942 257
3942 258
3942 259
3942 260
3942 261
3942 262
3943 249
3943 250
3943 251
3943 252
3943 253
3943 254
3943 255
3943 256
3943 257
3943 258
3943 259
3943 260
3944 247
3944 248
3944 249
3944 250
3944 251
3944 252
3944 253
3944 254
3944 255
3944 256
3944 257
3944 258
3945 245
3945 246
3945 247
3945 248
3945 249
3945 250
3945 251
3945 252
3945 253
3945 254
3945 255
3945 256
3946 243
3946 244
3946 245
3946 246
3946 247
3946 248
3946 249
3946 250
3946 251
3946 252
3946 253
3946 254
3947 241
3947 242
3947 243
3947 244
3947 245
3947 246
3947 247
3947 248
3947 249
3947 250
3947 251
3947 252
3948 239
3948 240
3948 241
3948 242
3948 243
3948 244
3948 245
3948 246
3948 247
3948 248
3948 249
3948 250
3949 237
3949 238
3949 239
3949 240
3949 241
3949 242
3949 243
3949 244
3949 245
3949 246
3949 247
3949 248
3950 136
3950 137
3950 138
3950 235
3950 236
3950 237
3950 238
3950 239
3950 240
3950 241
3950 242
3950 243
3950 244
3950 245
3950 246
3951 133
3951 134
3951 135
3951 136
3951 137
3951 233
3951 234
3951 235
3951 236
3951 237
3951 238
3951 239
3951 240
3951 241
3951 242
3951 243
3951 244
3952 131
3952 132
3952 133
3952 134
3952 135
3952 136
3952 232
3952 233
3952 234
3952 235
3952 236
3952 237
3952 238
3952 239
3952 240
3952 241
3952 242
3953 128
3953 129
3953 130
3953 131
3953 132
3953 133
3953 134
3953 135
3953 230
3953 231
3953 232
3953 233
3953 234
3953 235
3953 236
3953 237
3953 238
3953 239
3953 240
3954 126
3954 127
3954 128
3954 129
3954 130
3954 131
3954 132
3954 133
3954 229
3954 230
3954 231
3954 232
3954 233
3954 234
3954 235
3954 236
3954 237
3954 238
3955 124
3955 125
3955 126
3955 127
3955 128
3955 129
3955 130
3955 131
3955 132
3955 227
3955 228
3955 229
3955 230
3955 231
3955 232
3955 233
3955 234
3955 235
3955 236
3956 122
3956 123
3956 124
3956 125
3956 126
3956 127
3956 128
3956 129
3956 130
3956 226
3956 227
3956 228
3956 229
3956 230
3956 231
3956 232
3956 233
3957 120
3957 121
3957 122
3957 123
3957 124
3957 125
3957 126
3957 127
3957 128
3957 224
3957 225
3957 226
3957 227
3957 228
3957 229
3957 230
3957 231
3958 118
3958 119
3958 120
3958 121
3958 122
3958 123
3958 124
3958 125
3958 126
3958 224
3958 225
3958 226
3958 227
3958 228
3959 116
3959 117
3959 118
3959 119
3959 120
3959 121
3959 122
3959 123
3959 124
3959 224
3960 114
3960 115
3960 116
3960 117
3960 118
3960 119
3960 120
3960 121
3960 122
3961 112
3961 113
3961 114
3961 115
3961 116
3961 117
3961 118
3961 119
3961 120
3961 121
3962 110
3962 111
3962 112
3962 113
3962 114
3962 115
3962 116
3962 117
3962 118
3962 119
3963 109
3963 110
3963 111
3963 112
3963 113
3963 114
3963 115
3963 116
3963 117
3964 107
3964 108
3964 109
3964 110
3964 111
3964 112
3964 113
3964 114
3965 105
3965 106
3965 107
3965 108
3965 109
3965 110
3965 111
3965 112
3966 104
3966 105
3966 106
3966 107
3966 108
3966 109
3966 110
3967 102
3967 103
3967 104
3967 105
3967 106
3967 107
3967 108
3968 101
3968 102
3968 103
3968 104
3968 105
3968 269
3968 270
3968 271
3968 272
3969 100
3969 101
3969 102
3969 103
3969 266
3969 267
3969 268
3969 269
3969 270
3969 271
3970 99
3970 100
3970 263
3970 264
3970 265
3970 266
3970 267
3970 268
3970 269
3970 270
3971 261
3971 262
3971 263
3971 264
3971 265
3971 266
3971 267
3971 268
3971 269
3972 258
3972 259
3972 260
3972 261
3972 262
3972 263
3972 264
3972 265
3972 266
3972 267
3972 268
3973 256
3973 257
3973 258
3973 259
3973 260
3973 261
3973 262
3973 263
3973 264
3973 265
3973 266
3974 254
3974 255
3974 256
3974 257
3974 258
3974 259
3974 260
3974 261
3974 262
3974 263
3974 264
3975 252
3975 253
3975 254
3975 255
3975 256
3975 257
3975 258
3975 259
3975 260
3975 261
3975 262
3975 263
3976 250
3976 251
3976 252
3976 253
3976 254
3976 255
3976 256
3976 257
3976 258
3976 259
3976 260
3976 261
3977 248
3977 249
3977 250
3977 251
3977 252
3977 253
3977 254
3977 255
3977 256
3977 257
3977 258
3977 259
3978 246
3978 247
3978 248
3978 249
3978 250
3978 251
3978 252
3978 253
3978 254
3978 255
3978 256
3978 257
3979 244
3979 245
3979 246
3979 247
3979 248
3979 249
3979 250
3979 251
3979 252
3979 253
3979 254
3979 255
3980 242
3980 243
3980 244
3980 245
3980 246
3980 247
3980 248
3980 249
3980 250
3980 251
3980 252
3980 253
3980 254
3981 240
3981 241
3981 242
3981 243
3981 244
3981 245
3981 246
3981 247
3981 248
3981 249
3981 250
3981 251
3981 252
3982 238
3982 239
3982 240
3982 241
3982 242
3982 243
3982 244
3982 245
3982 246
3982 247
3982 248
3982 249
3982 250
3983 138
3983 139
3983 236
3983 237
3983 238
3983 239
3983 240
3983 241
3983 242
3983 243
3983 244
3983 245
3983 246
3983 247
3983 248
3984 135
3984 136
3984 137
3984 138
3984 139
3984 234
3984 235
3984 236
3984 237
3984 238
3984 239
3984 240
3984 241
3984 242
3984 243
3984 244
3984 245
3984 246
3985 132
3985 133
3985 134
3985 135
3985 136
3985 137
3985 232
3985 233
3985 234
3985 235
3985 236
3985 237
3985 238
3985 239
3985 240
3985 241
3985 242
3985 243
3986 130
3986 131
3986 132
3986 133
3986 134
3986 135
3986 136
3986 231
3986 232
3986 233
3986 234
3986 235
3986 236
3986 237
3986 238
3986 239
3986 240
3986 241
3987 128
3987 129
3987 130
3987 131
3987 132
3987 133
3987 134
3987 229
3987 230
3987 231
3987 232
3987 233
3987 234
3987 235
3987 236
3987 237
3987 238
3987 239
3988 125
3988 126
3988 127
3988 128
3988 129
3988 130
3988 131
3988 132
3988 133
3988 228
3988 229
3988 230
3988 231
3988 232
3988 233
3988 234
3988 235
3988 236
3988 237
3989 123
3989 124
3989 125
3989 126
3989 127
3989 128
3989 129
3989 130
3989 131
3989 226
3989 227
3989 228
3989 229
3989 230
3989 231
3989 232
3989 233
3989 234
3990 121
3990 122
3990 123
3990 124
3990 125
3990 126
3990 127
3990 128
3990 129
3990 225
3990 226
3990 227
3990 228
3990 229
3990 230
3990 231
3990 232
3991 119
3991 120
3991 121
3991 122
3991 123
3991 124
3991 125
3991 126
3991 127
3991 128
3991 224
3991 225
3991 226
3991 227
3991 228
3991 229
3992 117
3992 118
3992 119
3992 120
3992 121
3992 122
3992 123
3992 124
3992 125
3992 126
3992 223
3992 224
3992 225
3992 226
3993 115
3993 116
3993 117
3993 118
3993 119
3993 120
3993 121
3993 122
3993 123
3993 124
3994 114
3994 115
3994 116
3994 117
3994 118
3994 119
3994 120
3994 121
3994 122
3995 112
3995 113
3995 114
3995 115
3995 116
3995 117
3995 118
3995 119
3995 120
3996 110
3996 111
3996 112
3996 113
3996 114
3996 115
3996 116
3996 117
3996 118
3997 108
3997 109
3997 110
3997 111
3997 112
3997 113
3997 114
3997 115
3997 116
3998 107
3998 108
3998 109
3998 110
3998 111
3998 112
3998 113
3998 114
3999 105
3999 106
3999 107
3999 108
3999 109
3999 110
3999 111
4000 104
4000 105
4000 106
4000 107
4000 108
4000 109
4001 102
4001 103
4001 104
4001 105
4001 106
4001 107
4001 270
4001 271
4001 272
4001 273
4002 101
4002 102
4002 103
4002 104
4002 267
4002 268
4002 269
4002 270
4002 271
4002 272
4002 273
4003 264
4003 265
4003 266
4003 267
4003 268
4003 269
4003 270
4003 271
4004 262
4004 263
4004 264
4004 265
4004 266
4004 267
4004 268
4004 269
4004 270
4005 259
4005 260
4005 261
4005 262
4005 263
4005 264
4005 265
4005 266
4005 267
4005 268
4005 269
4006 257
4006 258
4006 259
4006 260
4006 261
4006 262
4006 263
4006 264
4006 265
4006 266
4006 267
4007 255
4007 256
4007 257
4007 258
4007 259
4007 260
4007 261
4007 262
4007 263
4007 264
4007 265
4008 253
4008 254
4008 255
4008 256
4008 257
4008 258
4008 259
4008 260
4008 261
4008 262
4008 263
4008 264
4009 251
4009 252
4009 253
4009 254
4009 255
4009 256
4009 257
4009 258
4009 259
4009 260
4009 261
4009 262
4010 248
4010 249
4010 250
4010 251
4010 252
4010 253
4010 254
4010 255
4010 256
4010 257
4010 258
4010 259
4010 260
4011 246
4011 247
4011 248
4011 249
4011 250
4011 251
4011 252
4011 253
4011 254
4011 255
4011 256
4011 257
4011 258
4012 244
4012 245
4012 246
4012 247
4012 248
4012 249
4012 250
4012 251
4012 252
4012 253
4012 254
4012 255
4012 256
4012 257
4013 242
4013 243
4013 244
4013 245
4013 246
4013 247
4013 248
4013 249
4013 250
4013 251
4013 252
4013 253
4013 254
4013 255
4014 241
4014 242
4014 243
4014 244
4014 245
4014 246
4014 247
4014 248
4014 249
4014 250
4014 251
4014 252
4014 253
4015 239
4015 240
4015 241
4015 242
4015 243
4015 244
4015 245
4015 246
4015 247
4015 248
4015 249
4015 250
4015 251
4016 237
4016 238
4016 239
4016 240
4016 241
4016 242
4016 243
4016 244
4016 245
4016 246
4016 247
4016 248
4016 249
4017 137
4017 138
4017 139
4017 235
4017 236
4017 237
4017 238
4017 239
4017 240
4017 241
4017 242
4017 243
4017 244
4017 245
4017 246
4017 247
4018 134
4018 135
4018 136
4018 137
4018 138
4018 233
4018 234
4018 235
4018 236
4018 237
4018 238
4018 239
4018 240
4018 241
4018 242
4018 243
4018 244
4019 132
4019 133
4019 134
4019 135
4019 136
4019 137
4019 232
4019 233
4019 234
4019 235
4019 236
4019 237
4019 238
4019 239
4019 240
4019 241
4019 242
4020 129
4020 130
4020 131
4020 132
4020 133
4020 134
4020 135
4020 230
4020 231
4020 232
4020 233
4020 234
4020 235
4020 236
4020 237
4020 238
4020 239
4020 240
4021 127
4021 128
4021 129
4021 130
4021 131
4021 132
4021 133
4021 134
4021 228
4021 229
4021 230
4021 231
4021 232
4021 233
4021 234
4021 235
4021 236
4021 237
4021 238
4022 125
4022 126
4022 127
4022 128
4022 129
4022 130
4022 131
4022 132
4022 227
4022 228
4022 229
4022 230
4022 231
4022 232
4022 233
4022 234
4022 235
4022 236
4023 123
4023 124
4023 125
4023 126
4023 127
4023 128
4023 129
4023 130
4023 226
4023 227
4023 228
4023 229
4023 230
4023 231
4023 232
4023 233
4024 121
4024 122
4024 123
4024 124
4024 125
4024 126
4024 127
4024 128
4024 129
4024 224
4024 225
4024 226
4024 227
4024 228
4024 229
4024 230
4025 119
4025 120
4025 121
4025 122
4025 123
4025 124
4025 125
4025 126
4025 127
4025 224
4025 225
4025 226
4025 227
4025 228
4026 117
4026 118
4026 119
4026 120
4026 121
4026 122
4026 123
4026 124
4026 125
4027 115
4027 116
4027 117
4027 118
4027 119
4027 120
4027 121
4027 122
4027 123
4028 114
4028 115
4028 116
4028 117
4028 118
4028 119
4028 120
4028 121
4029 112
4029 113
4029 114
4029 115
4029 116
4029 117
4029 118
4029 119
4030 110
4030 111
4030 112
4030 113
4030 114
4030 115
4030 116
4030 117
4031 109
4031 110
4031 111
4031 112
4031 113
4031 114
4031 115
4032 107
4032 108
4032 109
4032 110
4032 111
4032 112
4033 106
4033 107
4033 108
4033 109
4033 110
4034 104
4034 105
4034 106
4034 107
4034 108
4034 271
4034 272
4034 273
4034 274
4035 104
4035 105
4035 268
4035 269
4035 270
4035 271
4035 272
4035 273
4036 265
4036 266
4036 267
4036 268
4036 269
4036 270
4036 271
4036 272
4037 263
4037 264
4037 265
4037 266
4037 267
4037 268
4037 269
4037 270
4037 271
4038 260
4038 261
4038 262
4038 263
4038 264
4038 265
4038 266
4038 267
4038 268
4038 269
4038 270
4039 258
4039 259
4039 260
4039 261
4039 262
4039 263
4039 264
4039 265
4039 266
4039 267
4039 268
4040 256
4040 257
4040 258
4040 259
4040 260
4040 261
4040 262
4040 263
4040 264
4040 265
4040 266
4041 254
4041 255
4041 256
4041 257
4041 258
4041 259
4041 260
4041 261
4041 262
4041 263
4041 264
4041 265
4042 252
4042 253
4042 254
4042 255
4042 256
4042 257
4042 258
4042 259
4042 260
4042 261
4042 262
4042 263
4043 249
4043 250
4043 251
4043 252
4043 253
4043 254
4043 255
4043 256
4043 257
4043 258
4043 259
4043 260
4043 261
4044 247
4044 248
4044 249
4044 250
4044 251
4044 252
4044 253
4044 254
4044 255
4044 256
4044 257
4044 258
4044 259
4045 245
4045 246
4045 247
4045 248
4045 249
4045 250
4045 251
4045 252
4045 253
4045 254
4045 255
4045 256
4045 257
4046 243
4046 244
4046 245
4046 246
4046 247
4046 248
4046 249
4046 250
4046 251
4046 252
4046 253
4046 254
4046 255
4046 256
4047 241
4047 242
4047 243
4047 244
4047 245
4047 246
4047 247
4047 248
4047 249
4047 250
4047 251
4047 252
4047 253
4047 254
4048 240
4048 241
4048 242
4048 243
4048 244
4048 245
4048 246
4048 247
4048 248
4048 249
4048 250
4048 251
4048 252
4049 238
4049 239
4049 240
4049 241
4049 242
4049 243
4049 244
4049 245
4049 246
4049 247
4049 248
4049 249
4049 250
4050 236
4050 237
4050 238
4050 239
4050 240
4050 241
4050 242
4050 243
4050 244
4050 245
4050 246
4050 247
4050 248
4051 234
4051 235
4051 236
4051 237
4051 238
4051 239
4051 240
4051 241
4051 242
4051 243
4051 244
4051 245
4052 135
4052 136
4052 137
4052 232
4052 233
4052 234
4052 235
4052 236
4052 237
4052 238
4052 239
4052 240
4052 241
4052 242
4052 243
4053 132
4053 133
4053 134
4053 135
4053 136
4053 231
4053 232
4053 233
4053 234
4053 235
4053 236
4053 237
4053 238
4053 239
4053 240
4053 241
4054 130
4054 131
4054 132
4054 133
4054 134
4054 229
4054 230
4054 231
4054 232
4054 233
4054 234
4054 235
4054 236
4054 237
4054 238
4054 239
4055 127
4055 128
4055 129
4055 130
4055 131
4055 132
4055 133
4055 228
4055 229
4055 230
4055 231
4055 232
4055 233
4055 234
4055 235
4055 236
4055 237
4056 125
4056 126
4056 127
4056 128
4056 129
4056 130
4056 131
4056 226
4056 227
4056 228
4056 229
4056 230
4056 231
4056 232
4056 233
4056 234
4057 123
4057 124
4057 125
4057 126
4057 127
4057 128
4057 129
4057 225
4057 226
4057 227
4057 228
4057 229
4057 230
4057 231
4058 121
4058 122
4058 123
4058 124
4058 125
4058 126
4058 127
4058 128
4058 224
4058 225
4058 226
4058 227
4058 228
4058 229
4059 119
4059 120
4059 121
4059 122
4059 123
4059 124
4059 125
4059 126
4060 118
4060 119
4060 120
4060 121
4060 122
4060 123
4060 124
4061 116
4061 117
4061 118
4061 119
4061 120
4061 121
4061 122
4062 114
4062 115
4062 116
4062 117
4062 118
4062 119
4062 120
4063 112
4063 113
4063 114
4063 115
4063 116
4063 117
4064 111
4064 112
4064 113
4064 114
4064 115
4065 109
4065 110
4065 111
4065 112
4065 113
4066 108
4066 109
4066 110
4067 272
4067 273
4067 274
4067 275
4068 269
4068 270
4068 271
4068 272
4068 273
4068 274
4069 266
4069 267
4069 268
4069 269
4069 270
4069 271
4069 272
4069 273
4070 264
4070 265
4070 266
4070 267
4070 268
4070 269
4070 270
4070 271
4070 272
4071 261
4071 262
4071 263
4071 264
4071 265
4071 266
4071 267
4071 268
4071 269
4071 270
4072 259
4072 260
4072 261
4072 262
4072 263
4072 264
4072 265
4072 266
4072 267
4072 268
4072 269
4073 257
4073 258
4073 259
4073 260
4073 261
4073 262
4073 263
4073 264
4073 265
4073 266
4073 267
4074 255
4074 256
4074 257
4074 258
4074 259
4074 260
4074 261
4074 262
4074 263
4074 264
4074 265
4074 266
4075 253
4075 254
4075 255
4075 256
4075 257
4075 258
4075 259
4075 260
4075 261
4075 262
4075 263
4075 264
4076 251
4076 252
4076 253
4076 254
4076 255
4076 256
4076 257
4076 258
4076 259
4076 260
4076 261
4076 262
4077 248
4077 249
4077 250
4077 251
4077 252
4077 253
4077 254
4077 255
4077 256
4077 257
4077 258
4077 259
4077 260
4078 246
4078 247
4078 248
4078 249
4078 250
4078 251
4078 252
4078 253
4078 254
4078 255
4078 256
4078 257
4078 258
4079 244
4079 245
4079 246
4079 247
4079 248
4079 249
4079 250
4079 251
4079 252
4079 253
4079 254
4079 255
4079 256
4080 243
4080 244
4080 245
4080 246
4080 247
4080 248
4080 249
4080 250
4080 251
4080 252
4080 253
4080 254
4081 241
4081 242
4081 243
4081 244
4081 245
4081 246
4081 247
4081 248
4081 249
4081 250
4081 251
4081 252
4081 253
4082 239
4082 240
4082 241
4082 242
4082 243
4082 244
4082 245
4082 246
4082 247
4082 248
4082 249
4082 250
4083 237
4083 238
4083 239
4083 240
4083 241
4083 242
4083 243
4083 244
4083 245
4083 246
4083 247
4083 248
4084 235
4084 236
4084 237
4084 238
4084 239
4084 240
4084 241
4084 242
4084 243
4084 244
4084 245
4084 246
4085 233
4085 234
4085 235
4085 236
4085 237
4085 238
4085 239
4085 240
4085 241
4085 242
4085 243
4085 244
4086 232
4086 233
4086 234
4086 235
4086 236
4086 237
4086 238
4086 239
4086 240
4086 241
4086 242
4087 230
4087 231
4087 232
4087 233
4087 234
4087 235
4087 236
4087 237
4087 238
4087 239
4087 240
4088 131
4088 132
4088 229
4088 230
4088 231
4088 232
4088 233
4088 234
4088 235
4088 236
4088 237
4089 128
4089 129
4089 130
4089 131
4089 227
4089 228
4089 229
4089 230
4089 231
4089 232
4089 233
4089 234
4089 235
4090 126
4090 127
4090 128
4090 129
4090 226
4090 227
4090 228
4090 229
4090 230
4090 231
4090 232
4091 124
4091 125
4091 126
4091 127
4091 225
4091 226
4091 227
4091 228
4091 229
4092 122
4092 123
4092 124
4092 125
4092 126
4093 120
4093 121
4093 122
4093 123
4093 124
4094 119
4094 120
4094 121
4094 122
4095 117
4095 118
4095 119
4096 116
4096 117
4100 274
4100 275
4101 270
4101 271
4101 272
4101 273
4101 274
4101 275
4102 268
4102 269
4102 270
4102 271
4102 272
4102 273
4102 274
4103 265
4103 266
4103 267
4103 268
4103 269
4103 270
4103 271
4103 272
4103 273
4104 263
4104 264
4104 265
4104 266
4104 267
4104 268
4104 269
4104 270
4104 271
4105 260
4105 261
4105 262
4105 263
4105 264
4105 265
4105 266
4105 267
4105 268
4105 269
4105 270
4106 258
4106 259
4106 260
4106 261
4106 262
4106 263
4106 264
4106 265
4106 266
4106 267
4106 268
4107 256
4107 257
4107 258
4107 259
4107 260
4107 261
4107 262
4107 263
4107 264
4107 265
4107 266
4108 254
4108 255
4108 256
4108 257
4108 258
4108 259
4108 260
4108 261
4108 262
4108 263
4108 264
4108 265
4109 252
4109 253
4109 254
4109 255
4109 256
4109 257
4109 258
4109 259
4109 260
4109 261
4109 262
4109 263
4110 250
4110 251
4110 252
4110 253
4110 254
4110 255
4110 256
4110 257
4110 258
4110 259
4110 260
4110 261
4111 248
4111 249
4111 250
4111 251
4111 252
4111 253
4111 254
4111 255
4111 256
4111 257
4111 258
4111 259
4112 246
4112 247
4112 248
4112 249
4112 250
4112 251
4112 252
4112 253
4112 254
4112 255
4112 256
4112 257
4113 244
4113 245
4113 246
4113 247
4113 248
4113 249
4113 250
4113 251
4113 252
4113 253
4113 254
4113 255
4114 242
4114 243
4114 244
4114 245
4114 246
4114 247
4114 248
4114 249
4114 250
4114 251
4114 252
4114 253
4115 240
4115 241
4115 242
4115 243
4115 244
4115 245
4115 246
4115 247
4115 248
4115 249
4115 250
4115 251
4116 238
4116 239
4116 240
4116 241
4116 242
4116 243
4116 244
4116 245
4116 246
4116 247
4116 248
4116 249
4117 236
4117 237
4117 238
4117 239
4117 240
4117 241
4117 242
4117 243
4117 244
4117 245
4117 246
4117 247
4118 235
4118 236
4118 237
4118 238
4118 239
4118 240
4118 241
4118 242
4118 243
4118 244
4118 245
4119 233
4119 234
4119 235
4119 236
4119 237
4119 238
4119 239
4119 240
4119 241
4119 242
4119 243
4120 231
4120 232
4120 233
4120 234
4120 235
4120 236
4120 237
4120 238
4120 239
4120 240
4121 230
4121 231
4121 232
4121 233
4121 234
4121 235
4121 236
4121 237
4121 238
4122 228
4122 229
4122 230
4122 231
4122 232
4122 233
4122 234
4122 235
4122 236
4123 227
4123 228
4123 229
4123 230
4123 231
4123 232
4123 233
4124 226
4124 227
4124 228
4124 229
4124 230
4134 272
4134 273
4134 274
4134 275
4135 269
4135 270
4135 271
4135 272
4135 273
4135 274
4136 267
4136 268
4136 269
4136 270
4136 271
4136 272
4136 273
4137 264
4137 265
4137 266
4137 267
4137 268
4137 269
4137 270
4137 271
4137 272
4138 262
4138 263
4138 264
4138 265
4138 266
4138 267
4138 268
4138 269
4138 270
4139 260
4139 261
4139 262
4139 263
4139 264
4139 265
4139 266
4139 267
4139 268
4139 269
4140 257
4140 258
4140 259
4140 260
4140 261
4140 262
4140 263
4140 264
4140 265
4140 266
4140 267
4141 255
4141 256
4141 257
4141 258
4141 259
4141 260
4141 261
4141 262
4141 263
4141 264
4141 265
4142 253
4142 254
4142 255
4142 256
4142 257
4142 258
4142 259
4142 260
4142 261
4142 262
4142 263
4143 251
4143 252
4143 253
4143 254
4143 255
4143 256
4143 257
4143 258
4143 259
4143 260
4143 261
4143 262
4144 249
4144 250
4144 251
4144 252
4144 253
4144 254
4144 255
4144 256
4144 257
4144 258
4144 259
4144 260
4145 247
4145 248
4145 249
4145 250
4145 251
4145 252
4145 253
4145 254
4145 255
4145 256
4145 257
4145 258
4146 245
4146 246
4146 247
4146 248
4146 249
4146 250
4146 251
4146 252
4146 253
4146 254
4146 255
4146 256
4147 243
4147 244
4147 245
4147 246
4147 247
4147 248
4147 249
4147 250
4147 251
4147 252
4147 253
4147 254
4148 241
4148 242
4148 243
4148 244
4148 245
4148 246
4148 247
4148 248
4148 249
4148 250
4148 251
4148 252
4149 239
4149 240
4149 241
4149 242
4149 243
4149 244
4149 245
4149 246
4149 247
4149 248
4149 249
4149 250
4150 238
4150 239
4150 240
4150 241
4150 242
4150 243
4150 244
4150 245
4150 246
4150 247
4150 248
4151 236
4151 237
4151 238
4151 239
4151 240
4151 241
4151 242
4151 243
4151 244
4151 245
4151 246
4152 234
4152 235
4152 236
4152 237
4152 238
4152 239
4152 240
4152 241
4152 242
4152 243
4153 233
4153 234
4153 235
4153 236
4153 237
4153 238
4153 239
4153 240
4153 241
4154 231
4154 232
4154 233
4154 234
4154 235
4154 236
4154 237
4154 238
4154 239
4155 230
4155 231
4155 232
4155 233
4155 234
4155 235
4155 236
4156 229
4156 230
4156 231
4156 232
4156 233
4157 228
4157 229
4157 230
4168 271
4168 272
4168 273
4168 274
4169 268
4169 269
4169 270
4169 271
4169 272
4169 273
4170 266
4170 267
4170 268
4170 269
4170 270
4170 271
4170 272
4171 263
4171 264
4171 265
4171 266
4171 267
4171 268
4171 269
4171 270
4171 271
4172 261
4172 262
4172 263
4172 264
4172 265
4172 266
4172 267
4172 268
4172 269
4173 259
4173 260
4173 261
4173 262
4173 263
4173 264
4173 265
4173 266
4173 267
4174 257
4174 258
4174 259
4174 260
4174 261
4174 262
4174 263
4174 264
4174 265
4174 266
4175 255
4175 256
4175 257
4175 258
4175 259
4175 260
4175 261
4175 262
4175 263
4175 264
4176 253
4176 254
4176 255
4176 256
4176 257
4176 258
4176 259
4176 260
4176 261
4176 262
4177 251
4177 252
4177 253
4177 254
4177 255
4177 256
4177 257
4177 258
4177 259
4177 260
4178 249
4178 250
4178 251
4178 252
4178 253
4178 254
4178 255
4178 256
4178 257
4178 258
4179 247
4179 248
4179 249
4179 250
4179 251
4179 252
4179 253
4179 254
4179 255
4179 256
4180 245
4180 246
4180 247
4180 248
4180 249
4180 250
4180 251
4180 252
4180 253
4180 254
4181 243
4181 244
4181 245
4181 246
4181 247
4181 248
4181 249
4181 250
4181 251
4181 252
4182 241
4182 242
4182 243
4182 244
4182 245
4182 246
4182 247
4182 248
4182 249
4182 250
4183 239
4183 240
4183 241
4183 242
4183 243
4183 244
4183 245
4183 246
4183 247
4183 248
4184 237
4184 238
4184 239
4184 240
4184 241
4184 242
4184 243
4184 244
4184 245
4184 246
4185 236
4185 237
4185 238
4185 239
4185 240
4185 241
4185 242
4185 243
4185 244
4186 234
4186 235
4186 236
4186 237
4186 238
4186 239
4186 240
4186 241
4187 233
4187 234
4187 235
4187 236
4187 237
4187 238
4187 239
4188 232
4188 233
4188 234
4188 235
4188 236
4189 231
4189 232
4189 233
4202 271
4202 272
4202 273
4203 268
4203 269
4203 270
4203 271
4203 272
4204 266
4204 267
4204 268
4204 269
4204 270
4204 271
4205 263
4205 264
4205 265
4205 266
4205 267
4205 268
4205 269
4206 261
4206 262
4206 263
4206 264
4206 265
4206 266
4206 267
4206 268
4207 259
4207 260
4207 261
4207 262
4207 263
4207 264
4207 265
4207 266
4208 256
4208 257
4208 258
4208 259
4208 260
4208 261
4208 262
4208 263
4208 264
4209 254
4209 255
4209 256
4209 257
4209 258
4209 259
4209 260
4209 261
4209 262
4209 263
4210 252
4210 253
4210 254
4210 255
4210 256
4210 257
4210 258
4210 259
4210 260
4210 261
4211 250
4211 251
4211 252
4211 253
4211 254
4211 255
4211 256
4211 257
4211 258
4211 259
4212 248
4212 249
4212 250
4212 251
4212 252
4212 253
4212 254
4212 255
4212 256
4212 257
4213 246
4213 247
4213 248
4213 249
4213 250
4213 251
4213 252
4213 253
4213 254
4213 255
4214 245
4214 246
4214 247
4214 248
4214 249
4214 250
4214 251
4214 252
4214 253
4215 243
4215 244
4215 245
4215 246
4215 247
4215 248
4215 249
4215 250
4215 251
4216 241
4216 242
4216 243
4216 244
4216 245
4216 246
4216 247
4216 248
4217 239
4217 240
4217 241
4217 242
4217 243
4217 244
4217 245
4217 246
4218 238
4218 239
4218 240
4218 241
4218 242
4218 243
4218 244
4219 236
4219 237
4219 238
4219 239
4219 240
4219 241
4220 235
4220 236
4220 237
4220 238
4220 239
4221 235
4237 269
4237 270
4238 266
4238 267
4238 268
4238 269
4239 263
4239 264
4239 265
4239 266
4239 267
4240 261
4240 262
4240 263
4240 264
4240 265
4240 266
4241 259
4241 260
4241 261
4241 262
4241 263
4241 264
4242 257
4242 258
4242 259
4242 260
4242 261
4242 262
4243 255
4243 256
4243 257
4243 258
4243 259
4243 260
4243 261
4244 253
4244 254
4244 255
4244 256
4244 257
4244 258
4244 259
4245 251
4245 252
4245 253
4245 254
4245 255
4245 256
4245 257
4246 249
4246 250
4246 251
4246 252
4246 253
4246 254
4246 255
4247 247
4247 248
4247 249
4247 250
4247 251
4247 252
4247 253
4248 245
4248 246
4248 247
4248 248
4248 249
4248 250
4249 244
4249 245
4249 246
4249 247
4249 248
4250 242
4250 243
4250 244
4250 245
4250 246
4251 241
4251 242
4251 243
