2488 12
2488 13
2491 3
2493 16
2493 17
2496 5
2496 6
2496 7
2496 8
2501 8
2501 9
2501 10
2501 11
2501 12
2504 0
2504 1
2504 2
2504 575
2506 12
2506 13
2506 14
2506 15
2506 16
2509 2
2509 3
2509 4
2509 5
2509 6
2511 15
2511 16
2511 17
2511 18
2511 19
2514 5
2514 6
2514 7
2514 8
2514 9
2514 10
2516 20
2516 21
2516 22
2517 0
2517 572
2517 573
2517 574
2517 575
2519 8
2519 9
2519 10
2519 11
2519 12
2519 13
2519 14
2522 0
2522 1
2522 2
2522 3
2522 4
2522 575
2524 12
2524 13
2524 14
2524 15
2524 16
2524 17
2524 18
2525 568
2527 2
2527 3
2527 4
2527 5
2527 6
2527 7
2527 8
2529 16
2529 17
2529 18
2529 19
2529 20
2529 21
2530 569
2530 570
2530 571
2530 572
2530 573
2532 5
2532 6
2532 7
2532 8
2532 9
2532 10
2532 11
2532 12
2534 20
2534 21
2534 22
2534 23
2534 24
2535 0
2535 1
2535 2
2535 572
2535 573
2535 574
2535 575
2537 9
2537 10
2537 11
2537 12
2537 13
2537 14
2537 15
2537 16
2538 565
2538 566
2539 25
2539 26
2539 27
2540 0
2540 1
2540 2
2540 3
2540 4
2540 5
2540 6
2540 575
2542 13
2542 14
2542 15
2542 16
2542 17
2542 18
2542 19
2543 567
2543 568
2543 569
2543 570
2543 571
2545 2
2545 3
2545 4
2545 5
2545 6
2545 7
2545 8
2545 9
2545 10
2547 17
2547 18
2547 19
2547 20
2547 21
2547 22
2547 23
2548 569
2548 570
2548 571
2548 572
2548 573
2548 574
2548 575
2550 6
2550 7
2550 8
2550 9
2550 10
2550 11
2550 12
2550 13
2550 14
2551 562
2551 563
2552 21
2552 22
2552 23
2552 24
2552 25
2552 26
2553 0
2553 1
2553 2
2553 3
2553 4
2553 572
2553 573
2553 574
2553 575
2555 9
2555 10
2555 11
2555 12
2555 13
2555 14
2555 15
2555 16
2555 17
2556 564
2556 565
2556 566
2556 567
2556 568
2556 569
2557 25
2557 26
2557 27
2557 28
2558 0
2558 1
2558 2
2558 3
2558 4
2558 5
2558 6
2558 7
2558 8
2560 13
2560 14
2560 15
2560 16
2560 17
2560 18
2560 19
2560 20
2560 21
2561 567
2561 568
2561 569
2561 570
2561 571
2561 572
2561 573
2563 3
2563 4
2563 5
2563 6
2563 7
2563 8
2563 9
2563 10
2563 11
2565 17
2565 18
2565 19
2565 20
2565 21
2565 22
2565 23
2565 24
2566 0
2566 1
2566 570
2566 571
2566 572
2566 573
2566 574
2566 575
2568 6
2568 7
2568 8
2568 9
2568 10
2568 11
2568 12
2568 13
2568 14
2568 15
2569 561
2569 562
2569 563
2569 564
2569 565
2569 566
2570 21
2570 22
2570 23
2570 24
2570 25
2570 26
2570 27
2571 0
2571 1
2571 2
2571 3
2571 4
2571 5
2571 573
2571 574
2571 575
2573 10
2573 11
2573 12
2573 13
2573 14
2573 15
2573 16
2573 17
2573 18
2573 19
2574 564
2574 565
2574 566
2574 567
2574 568
2574 569
2574 570
2575 26
2575 27
2575 28
2575 29
2575 30
2576 0
2576 1
2576 2
2576 3
2576 4
2576 5
2576 6
2576 7
2576 8
2576 9
2578 14
2578 15
2578 16
2578 17
2578 18
2578 19
2578 20
2578 21
2578 22
2579 567
2579 568
2579 569
2579 570
2579 571
2579 572
2579 573
2579 574
2579 575
2581 4
2581 5
2581 6
2581 7
2581 8
2581 9
2581 10
2581 11
2581 12
2581 13
2582 559
2582 560
2582 561
2582 562
2582 563
2583 18
2583 19
2583 20
2583 21
2583 22
2583 23
2583 24
2583 25
2583 26
2584 0
2584 1
2584 2
2584 3
2584 570
2584 571
2584 572
2584 573
2584 574
2584 575
2586 7
2586 8
2586 9
2586 10
2586 11
2586 12
2586 13
2586 14
2586 15
2586 16
2586 17
2587 561
2587 562
2587 563
2587 564
2587 565
2587 566
2587 567
2587 568
2588 22
2588 23
2588 24
2588 25
2588 26
2588 27
2588 28
2588 29
2589 0
2589 1
2589 2
2589 3
2589 4
2589 5
2589 6
2589 7
2589 573
2589 574
2589 575
2591 11
2591 12
2591 13
2591 14
2591 15
2591 16
2591 17
2591 18
2591 19
2591 20
2592 564
2592 565
2592 566
2592 567
2592 568
2592 569
2592 570
2592 571
2592 572
2593 27
2593 28
2593 29
2593 30
2593 31
2594 1
2594 2
2594 3
2594 4
2594 5
2594 6
2594 7
2594 8
2594 9
2594 10
2594 11
2595 557
2595 558
2595 559
2595 560
2596 15
2596 16
2596 17
2596 18
2596 19
2596 20
2596 21
2596 22
2596 23
2596 24
2597 0
2597 567
2597 568
2597 569
2597 570
2597 571
2597 572
2597 573
2597 574
2597 575
2599 4
2599 5
2599 6
2599 7
2599 8
2599 9
2599 10
2599 11
2599 12
2599 13
2599 14
2600 559
2600 560
2600 561
2600 562
2600 563
2600 564
2600 565
2601 19
2601 20
2601 21
2601 22
2601 23
2601 24
2601 25
2601 26
2601 27
2602 0
2602 1
2602 2
2602 3
2602 4
2602 570
2602 571
2602 572
2602 573
2602 574
2602 575
2604 8
2604 9
2604 10
2604 11
2604 12
2604 13
2604 14
2604 15
2604 16
2604 17
2604 18
2605 562
2605 563
2605 564
2605 565
2605 566
2605 567
2605 568
2605 569
2606 23
2606 24
2606 25
2606 26
2606 27
2606 28
2606 29
2606 30
2607 0
2607 1
2607 2
2607 3
2607 4
2607 5
2607 6
2607 7
2607 8
2607 574
2607 575
2608 554
2608 555
2608 556
2608 557
2609 12
2609 13
2609 14
2609 15
2609 16
2609 17
2609 18
2609 19
2609 20
2609 21
2609 22
2610 565
2610 566
2610 567
2610 568
2610 569
2610 570
2610 571
2610 572
2610 573
2610 574
2611 28
2611 29
2611 30
2611 31
2611 32
2611 33
2612 1
2612 2
2612 3
2612 4
2612 5
2612 6
2612 7
2612 8
2612 9
2612 10
2612 11
2612 12
2613 556
2613 557
2613 558
2613 559
2613 560
2613 561
2613 562
2614 16
2614 17
2614 18
2614 19
2614 20
2614 21
2614 22
2614 23
2614 24
2614 25
2615 0
2615 1
2615 2
2615 568
2615 569
2615 570
2615 571
2615 572
2615 573
2615 574
2615 575
2617 5
2617 6
2617 7
2617 8
2617 9
2617 10
2617 11
2617 12
2617 13
2617 14
2617 15
2617 16
2618 559
2618 560
2618 561
2618 562
2618 563
2618 564
2618 565
2618 566
2618 567
2619 20
2619 21
2619 22
2619 23
2619 24
2619 25
2619 26
2619 27
2619 28
2620 0
2620 1
2620 2
2620 3
2620 4
2620 5
2620 6
2620 571
2620 572
2620 573
2620 574
2620 575
2621 553
2621 554
2622 9
2622 10
2622 11
2622 12
2622 13
2622 14
2622 15
2622 16
2622 17
2622 18
2622 19
2623 562
2623 563
2623 564
2623 565
2623 566
2623 567
2623 568
2623 569
2623 570
2623 571
2624 24
2624 25
2624 26
2624 27
2624 28
2624 29
2624 30
2624 31
2625 0
2625 1
2625 2
2625 3
2625 4
2625 5
2625 6
2625 7
2625 8
2625 9
2625 574
2625 575
2626 554
2626 555
2626 556
2626 557
2626 558
2626 559
2627 12
2627 13
2627 14
2627 15
2627 16
2627 17
2627 18
2627 19
2627 20
2627 21
2627 22
2627 23
2628 565
2628 566
2628 567
2628 568
2628 569
2628 570
2628 571
2628 572
2628 573
2628 574
2628 575
2629 29
2629 30
2629 31
2629 32
2629 33
2629 34
2630 2
2630 3
2630 4
2630 5
2630 6
2630 7
2630 8
2630 9
2630 10
2630 11
2630 12
2630 13
2631 556
2631 557
2631 558
2631 559
2631 560
2631 561
2631 562
2631 563
2631 564
2632 16
2632 17
2632 18
2632 19
2632 20
2632 21
2632 22
2632 23
2632 24
2632 25
2632 26
2633 0
2633 1
2633 2
2633 3
2633 568
2633 569
2633 570
2633 571
2633 572
2633 573
2633 574
2633 575
2635 6
2635 7
2635 8
2635 9
2635 10
2635 11
2635 12
2635 13
2635 14
2635 15
2635 16
2635 17
2636 559
2636 560
2636 561
2636 562
2636 563
2636 564
2636 565
2636 566
2636 567
2636 568
2637 21
2637 22
2637 23
2637 24
2637 25
2637 26
2637 27
2637 28
2637 29
2638 0
2638 1
2638 2
2638 3
2638 4
2638 5
2638 6
2638 7
2638 572
2638 573
2638 574
2638 575
2639 552
2639 553
2639 554
2639 555
2639 556
2640 9
2640 10
2640 11
2640 12
2640 13
2640 14
2640 15
2640 16
2640 17
2640 18
2640 19
2640 20
2640 21
2641 562
2641 563
2641 564
2641 565
2641 566
2641 567
2641 568
2641 569
2641 570
2641 571
2641 572
2642 25
2642 26
2642 27
2642 28
2642 29
2642 30
2642 31
2642 32
2643 0
2643 1
2643 2
2643 3
2643 4
2643 5
2643 6
2643 7
2643 8
2643 9
2643 10
2643 11
2643 575
2644 554
2644 555
2644 556
2644 557
2644 558
2644 559
2644 560
2644 561
2645 13
2645 14
2645 15
2645 16
2645 17
2645 18
2645 19
2645 20
2645 21
2645 22
2645 23
2645 24
2646 0
2646 566
2646 567
2646 568
2646 569
2646 570
2646 571
2646 572
2646 573
2646 574
2646 575
2647 30
2647 31
2647 32
2647 33
2647 34
2647 35
2648 3
2648 4
2648 5
2648 6
2648 7
2648 8
2648 9
2648 10
2648 11
2648 12
2648 13
2648 14
2649 557
2649 558
2649 559
2649 560
2649 561
2649 562
2649 563
2649 564
2649 565
2650 17
2650 18
2650 19
2650 20
2650 21
2650 22
2650 23
2650 24
2650 25
2650 26
2650 27
2651 0
2651 1
2651 2
2651 3
2651 4
2651 569
2651 570
2651 571
2651 572
2651 573
2651 574
2651 575
2652 550
2652 551
2652 552
2652 553
2653 6
2653 7
2653 8
2653 9
2653 10
2653 11
2653 12
2653 13
2653 14
2653 15
2653 16
2653 17
2653 18
2654 560
2654 561
2654 562
2654 563
2654 564
2654 565
2654 566
2654 567
2654 568
2654 569
2654 570
2655 22
2655 23
2655 24
2655 25
2655 26
2655 27
2655 28
2655 29
2655 30
2655 31
2656 0
2656 1
2656 2
2656 3
2656 4
2656 5
2656 6
2656 7
2656 8
2656 572
2656 573
2656 574
2656 575
2657 552
2657 553
2657 554
2657 555
2657 556
2657 557
2657 558
2658 10
2658 11
2658 12
2658 13
2658 14
2658 15
2658 16
2658 17
2658 18
2658 19
2658 20
2658 21
2658 22
2659 563
2659 564
2659 565
2659 566
2659 567
2659 568
2659 569
2659 570
2659 571
2659 572
2659 573
2659 574
2660 26
2660 27
2660 28
2660 29
2660 30
2660 31
2660 32
2660 33
2661 0
2661 1
2661 2
2661 3
2661 4
2661 5
2661 6
2661 7
2661 8
2661 9
2661 10
2661 11
2661 12
2662 554
2662 555
2662 556
2662 557
2662 558
2662 559
2662 560
2662 561
2662 562
2662 563
2663 14
2663 15
2663 16
2663 17
2663 18
2663 19
2663 20
2663 21
2663 22
2663 23
2663 24
2663 25
2664 0
2664 1
2664 2
2664 566
2664 567
2664 568
2664 569
2664 570
2664 571
2664 572
2664 573
2664 574
2664 575
2665 31
2665 32
2665 33
2665 34
2665 35
2665 36
2666 3
2666 4
2666 5
2666 6
2666 7
2666 8
2666 9
2666 10
2666 11
2666 12
2666 13
2666 14
2666 15
2666 16
2667 557
2667 558
2667 559
2667 560
2667 561
2667 562
2667 563
2667 564
2667 565
2667 566
2667 567
2668 18
2668 19
2668 20
2668 21
2668 22
2668 23
2668 24
2668 25
2668 26
2668 27
2668 28
2669 0
2669 1
2669 2
2669 3
2669 4
2669 5
2669 6
2669 570
2669 571
2669 572
2669 573
2669 574
2669 575
2670 550
2670 551
2670 552
2670 553
2670 554
2670 555
2671 7
2671 8
2671 9
2671 10
2671 11
2671 12
2671 13
2671 14
2671 15
2671 16
2671 17
2671 18
2671 19
2672 560
2672 561
2672 562
2672 563
2672 564
2672 565
2672 566
2672 567
2672 568
2672 569
2672 570
2672 571
2673 23
2673 24
2673 25
2673 26
2673 27
2673 28
2673 29
2673 30
2673 31
2673 32
2674 0
2674 1
2674 2
2674 3
2674 4
2674 5
2674 6
2674 7
2674 8
2674 9
2674 573
2674 574
2674 575
2675 552
2675 553
2675 554
2675 555
2675 556
2675 557
2675 558
2675 559
2675 560
2676 11
2676 12
2676 13
2676 14
2676 15
2676 16
2676 17
2676 18
2676 19
2676 20
2676 21
2676 22
2676 23
2677 563
2677 564
2677 565
2677 566
2677 567
2677 568
2677 569
2677 570
2677 571
2677 572
2677 573
2677 574
2677 575
2678 27
2678 28
2678 29
2678 30
2678 31
2678 32
2678 33
2678 34
2679 1
2679 2
2679 3
2679 4
2679 5
2679 6
2679 7
2679 8
2679 9
2679 10
2679 11
2679 12
2679 13
2680 555
2680 556
2680 557
2680 558
2680 559
2680 560
2680 561
2680 562
2680 563
2680 564
2681 15
2681 16
2681 17
2681 18
2681 19
2681 20
2681 21
2681 22
2681 23
2681 24
2681 25
2681 26
2682 0
2682 1
2682 2
2682 3
2682 567
2682 568
2682 569
2682 570
2682 571
2682 572
2682 573
2682 574
2682 575
2683 32
2683 33
2683 34
2683 35
2683 36
2683 37
2683 548
2683 549
2683 550
2683 551
2684 4
2684 5
2684 6
2684 7
2684 8
2684 9
2684 10
2684 11
2684 12
2684 13
2684 14
2684 15
2684 16
2684 17
2685 558
2685 559
2685 560
2685 561
2685 562
2685 563
2685 564
2685 565
2685 566
2685 567
2685 568
2686 19
2686 20
2686 21
2686 22
2686 23
2686 24
2686 25
2686 26
2686 27
2686 28
2686 29
2686 30
2687 0
2687 1
2687 2
2687 3
2687 4
2687 5
2687 6
2687 7
2687 570
2687 571
2687 572
2687 573
2687 574
2687 575
2688 550
2688 551
2688 552
2688 553
2688 554
2688 555
2688 556
2689 8
2689 9
2689 10
2689 11
2689 12
2689 13
2689 14
2689 15
2689 16
2689 17
2689 18
2689 19
2689 20
2690 561
2690 562
2690 563
2690 564
2690 565
2690 566
2690 567
2690 568
2690 569
2690 570
2690 571
2690 572
2691 24
2691 25
2691 26
2691 27
2691 28
2691 29
2691 30
2691 31
2691 32
2691 33
2692 0
2692 1
2692 2
2692 3
2692 4
2692 5
2692 6
2692 7
2692 8
2692 9
2692 10
2692 11
2692 574
2692 575
2693 552
2693 553
2693 554
2693 555
2693 556
2693 557
2693 558
2693 559
2693 560
2693 561
2694 12
2694 13
2694 14
2694 15
2694 16
2694 17
2694 18
2694 19
2694 20
2694 21
2694 22
2694 23
2694 24
2695 0
2695 564
2695 565
2695 566
2695 567
2695 568
2695 569
2695 570
2695 571
2695 572
2695 573
2695 574
2695 575
2696 28
2696 29
2696 30
2696 31
2696 32
2696 33
2696 34
2696 35
2696 546
2696 547
2697 1
2697 2
2697 3
2697 4
2697 5
2697 6
2697 7
2697 8
2697 9
2697 10
2697 11
2697 12
2697 13
2697 14
2698 555
2698 556
2698 557
2698 558
2698 559
2698 560
2698 561
2698 562
2698 563
2698 564
2698 565
2699 16
2699 17
2699 18
2699 19
2699 20
2699 21
2699 22
2699 23
2699 24
2699 25
2699 26
2699 27
2700 0
2700 1
2700 2
2700 3
2700 4
2700 567
2700 568
2700 569
2700 570
2700 571
2700 572
2700 573
2700 574
2700 575
2701 34
2701 35
2701 36
2701 37
2701 548
2701 549
2701 550
2701 551
2701 552
2701 553
2702 5
2702 6
2702 7
2702 8
2702 9
2702 10
2702 11
2702 12
2702 13
2702 14
2702 15
2702 16
2702 17
2702 18
2703 558
2703 559
2703 560
2703 561
2703 562
2703 563
2703 564
2703 565
2703 566
2703 567
2703 568
2703 569
2704 20
2704 21
2704 22
2704 23
2704 24
2704 25
2704 26
2704 27
2704 28
2704 29
2704 30
2704 31
2705 0
2705 1
2705 2
2705 3
2705 4
2705 5
2705 6
2705 7
2705 8
2705 571
2705 572
2705 573
2705 574
2705 575
2706 550
2706 551
2706 552
2706 553
2706 554
2706 555
2706 556
2706 557
2706 558
2707 9
2707 10
2707 11
2707 12
2707 13
2707 14
2707 15
2707 16
2707 17
2707 18
2707 19
2707 20
2707 21
2707 22
2708 561
2708 562
2708 563
2708 564
2708 565
2708 566
2708 567
2708 568
2708 569
2708 570
2708 571
2708 572
2708 573
2709 25
2709 26
2709 27
2709 28
2709 29
2709 30
2709 31
2709 32
2709 33
2709 34
2710 0
2710 1
2710 2
2710 3
2710 4
2710 5
2710 6
2710 7
2710 8
2710 9
2710 10
2710 11
2710 12
2710 575
2711 553
2711 554
2711 555
2711 556
2711 557
2711 558
2711 559
2711 560
2711 561
2711 562
2712 13
2712 14
2712 15
2712 16
2712 17
2712 18
2712 19
2712 20
2712 21
2712 22
2712 23
2712 24
2712 25
2713 0
2713 1
2713 565
2713 566
2713 567
2713 568
2713 569
2713 570
2713 571
2713 572
2713 573
2713 574
2713 575
2714 29
2714 30
2714 31
2714 32
2714 33
2714 34
2714 35
2714 36
2714 546
2714 547
2714 548
2714 549
2714 550
2715 2
2715 3
2715 4
2715 5
2715 6
2715 7
2715 8
2715 9
2715 10
2715 11
2715 12
2715 13
2715 14
2715 15
2716 556
2716 557
2716 558
2716 559
2716 560
2716 561
2716 562
2716 563
2716 564
2716 565
2716 566
2717 17
2717 18
2717 19
2717 20
2717 21
2717 22
2717 23
2717 24
2717 25
2717 26
2717 27
2717 28
2718 0
2718 1
2718 2
2718 3
2718 4
2718 5
2718 568
2718 569
2718 570
2718 571
2718 572
2718 573
2718 574
2718 575
2719 35
2719 36
2719 37
2719 38
2719 548
2719 549
2719 550
2719 551
2719 552
2719 553
2719 554
2719 555
2720 6
2720 7
2720 8
2720 9
2720 10
2720 11
2720 12
2720 13
2720 14
2720 15
2720 16
2720 17
2720 18
2720 19
2721 559
2721 560
2721 561
2721 562
2721 563
2721 564
2721 565
2721 566
2721 567
2721 568
2721 569
2721 570
2721 571
2722 21
2722 22
2722 23
2722 24
2722 25
2722 26
2722 27
2722 28
2722 29
2722 30
2722 31
2722 32
2723 0
2723 1
2723 2
2723 3
2723 4
2723 5
2723 6
2723 7
2723 8
2723 9
2723 572
2723 573
2723 574
2723 575
2724 550
2724 551
2724 552
2724 553
2724 554
2724 555
2724 556
2724 557
2724 558
2724 559
2725 10
2725 11
2725 12
2725 13
2725 14
2725 15
2725 16
2725 17
2725 18
2725 19
2725 20
2725 21
2725 22
2725 23
2726 562
2726 563
2726 564
2726 565
2726 566
2726 567
2726 568
2726 569
2726 570
2726 571
2726 572
2726 573
2726 574
2726 575
2727 26
2727 27
2727 28
2727 29
2727 30
2727 31
2727 32
2727 33
2727 34
2727 35
2727 545
2728 0
2728 1
2728 2
2728 3
2728 4
2728 5
2728 6
2728 7
2728 8
2728 9
2728 10
2728 11
2728 12
2728 13
2728 575
2729 553
2729 554
2729 555
2729 556
2729 557
2729 558
2729 559
2729 560
2729 561
2729 562
2729 563
2729 564
2730 14
2730 15
2730 16
2730 17
2730 18
2730 19
2730 20
2730 21
2730 22
2730 23
2730 24
2730 25
2730 26
2731 0
2731 1
2731 2
2731 565
2731 566
2731 567
2731 568
2731 569
2731 570
2731 571
2731 572
2731 573
2731 574
2731 575
2732 31
2732 32
2732 33
2732 34
2732 35
2732 36
2732 37
2732 546
2732 547
2732 548
2732 549
2732 550
2732 551
2733 3
2733 4
2733 5
2733 6
2733 7
2733 8
2733 9
2733 10
2733 11
2733 12
2733 13
2733 14
2733 15
2733 16
2734 556
2734 557
2734 558
2734 559
2734 560
2734 561
2734 562
2734 563
2734 564
2734 565
2734 566
2734 567
2734 568
2735 18
2735 19
2735 20
2735 21
2735 22
2735 23
2735 24
2735 25
2735 26
2735 27
2735 28
2735 29
2736 0
2736 1
2736 2
2736 3
2736 4
2736 5
2736 6
2736 569
2736 570
2736 571
2736 572
2736 573
2736 574
2736 575
2737 37
2737 38
2737 548
2737 549
2737 550
2737 551
2737 552
2737 553
2737 554
2737 555
2737 556
2738 7
2738 8
2738 9
2738 10
2738 11
2738 12
2738 13
2738 14
2738 15
2738 16
2738 17
2738 18
2738 19
2738 20
2739 559
2739 560
2739 561
2739 562
2739 563
2739 564
2739 565
2739 566
2739 567
2739 568
2739 569
2739 570
2739 571
2739 572
2740 22
2740 23
2740 24
2740 25
2740 26
2740 27
2740 28
2740 29
2740 30
2740 31
2740 32
2740 33
2741 0
2741 1
2741 2
2741 3
2741 4
2741 5
2741 6
2741 7
2741 8
2741 9
2741 10
2741 573
2741 574
2741 575
2742 551
2742 552
2742 553
2742 554
2742 555
2742 556
2742 557
2742 558
2742 559
2742 560
2742 561
2743 11
2743 12
2743 13
2743 14
2743 15
2743 16
2743 17
2743 18
2743 19
2743 20
2743 21
2743 22
2743 23
2743 24
2744 0
2744 563
2744 564
2744 565
2744 566
2744 567
2744 568
2744 569
2744 570
2744 571
2744 572
2744 573
2744 574
2744 575
2745 27
2745 28
2745 29
2745 30
2745 31
2745 32
2745 33
2745 34
2745 35
2745 544
2745 545
2745 546
2745 547
2745 548
2746 0
2746 1
2746 2
2746 3
2746 4
2746 5
2746 6
2746 7
2746 8
2746 9
2746 10
2746 11
2746 12
2746 13
2746 14
2747 554
2747 555
2747 556
2747 557
2747 558
2747 559
2747 560
2747 561
2747 562
2747 563
2747 564
2747 565
2748 15
2748 16
2748 17
2748 18
2748 19
2748 20
2748 21
2748 22
2748 23
2748 24
2748 25
2748 26
2748 27
2749 0
2749 1
2749 2
2749 3
2749 4
2749 566
2749 567
2749 568
2749 569
2749 570
2749 571
2749 572
2749 573
2749 574
2749 575
2750 32
2750 33
2750 34
2750 35
2750 36
2750 37
2750 38
2750 546
2750 547
2750 548
2750 549
2750 550
2750 551
2750 552
2750 553
2751 4
2751 5
2751 6
2751 7
2751 8
2751 9
2751 10
2751 11
2751 12
2751 13
2751 14
2751 15
2751 16
2751 17
2751 18
2752 557
2752 558
2752 559
2752 560
2752 561
2752 562
2752 563
2752 564
2752 565
2752 566
2752 567
2752 568
2752 569
2753 19
2753 20
2753 21
2753 22
2753 23
2753 24
2753 25
2753 26
2753 27
2753 28
2753 29
2753 30
2754 0
2754 1
2754 2
2754 3
2754 4
2754 5
2754 6
2754 7
2754 570
2754 571
2754 572
2754 573
2754 574
2754 575
2755 548
2755 549
2755 550
2755 551
2755 552
2755 553
2755 554
2755 555
2755 556
2755 557
2756 8
2756 9
2756 10
2756 11
2756 12
2756 13
2756 14
2756 15
2756 16
2756 17
2756 18
2756 19
2756 20
2756 21
2757 560
2757 561
2757 562
2757 563
2757 564
2757 565
2757 566
2757 567
2757 568
2757 569
2757 570
2757 571
2757 572
2757 573
2758 23
2758 24
2758 25
2758 26
2758 27
2758 28
2758 29
2758 30
2758 31
2758 32
2758 33
2759 0
2759 1
2759 2
2759 3
2759 4
2759 5
2759 6
2759 7
2759 8
2759 9
2759 10
2759 11
2759 573
2759 574
2759 575
2760 551
2760 552
2760 553
2760 554
2760 555
2760 556
2760 557
2760 558
2760 559
2760 560
2760 561
2760 562
2761 12
2761 13
2761 14
2761 15
2761 16
2761 17
2761 18
2761 19
2761 20
2761 21
2761 22
2761 23
2761 24
2761 25
2762 0
2762 1
2762 564
2762 565
2762 566
2762 567
2762 568
2762 569
2762 570
2762 571
2762 572
2762 573
2762 574
2762 575
2763 28
2763 29
2763 30
2763 31
2763 32
2763 33
2763 34
2763 35
2763 36
2763 544
2763 545
2763 546
2763 547
2763 548
2763 549
2764 1
2764 2
2764 3
2764 4
2764 5
2764 6
2764 7
2764 8
2764 9
2764 10
2764 11
2764 12
2764 13
2764 14
2764 15
2765 554
2765 555
2765 556
2765 557
2765 558
2765 559
2765 560
2765 561
2765 562
2765 563
2765 564
2765 565
2765 566
2766 16
2766 17
2766 18
2766 19
2766 20
2766 21
2766 22
2766 23
2766 24
2766 25
2766 26
2766 27
2766 28
2767 0
2767 1
2767 2
2767 3
2767 4
2767 5
2767 567
2767 568
2767 569
2767 570
2767 571
2767 572
2767 573
2767 574
2767 575
2768 33
2768 34
2768 35
2768 36
2768 37
2768 38
2768 546
2768 547
2768 548
2768 549
2768 550
2768 551
2768 552
2768 553
2768 554
2769 5
2769 6
2769 7
2769 8
2769 9
2769 10
2769 11
2769 12
2769 13
2769 14
2769 15
2769 16
2769 17
2769 18
2769 19
2770 558
2770 559
2770 560
2770 561
2770 562
2770 563
2770 564
2770 565
2770 566
2770 567
2770 568
2770 569
2770 570
2771 20
2771 21
2771 22
2771 23
2771 24
2771 25
2771 26
2771 27
2771 28
2771 29
2771 30
2771 31
2772 0
2772 1
2772 2
2772 3
2772 4
2772 5
2772 6
2772 7
2772 8
2772 571
2772 572
2772 573
2772 574
2772 575
2773 549
2773 550
2773 551
2773 552
2773 553
2773 554
2773 555
2773 556
2773 557
2773 558
2773 559
2774 9
2774 10
2774 11
2774 12
2774 13
2774 14
2774 15
2774 16
2774 17
2774 18
2774 19
2774 20
2774 21
2774 22
2775 561
2775 562
2775 563
2775 564
2775 565
2775 566
2775 567
2775 568
2775 569
2775 570
2775 571
2775 572
2775 573
2775 574
2776 24
2776 25
2776 26
2776 27
2776 28
2776 29
2776 30
2776 31
2776 32
2776 33
2776 34
2776 543
2776 544
2776 545
2777 0
2777 1
2777 2
2777 3
2777 4
2777 5
2777 6
2777 7
2777 8
2777 9
2777 10
2777 11
2777 12
2777 574
2777 575
2778 552
2778 553
2778 554
2778 555
2778 556
2778 557
2778 558
2778 559
2778 560
2778 561
2778 562
2778 563
2779 13
2779 14
2779 15
2779 16
2779 17
2779 18
2779 19
2779 20
2779 21
2779 22
2779 23
2779 24
2779 25
2779 26
2780 0
2780 1
2780 2
2780 564
2780 565
2780 566
2780 567
2780 568
2780 569
2780 570
2780 571
2780 572
2780 573
2780 574
2780 575
2781 29
2781 30
2781 31
2781 32
2781 33
2781 34
2781 35
2781 36
2781 37
2781 544
2781 545
2781 546
2781 547
2781 548
2781 549
2781 550
2781 551
2782 2
2782 3
2782 4
2782 5
2782 6
2782 7
2782 8
2782 9
2782 10
2782 11
2782 12
2782 13
2782 14
2782 15
2782 16
2783 555
2783 556
2783 557
2783 558
2783 559
2783 560
2783 561
2783 562
2783 563
2783 564
2783 565
2783 566
2783 567
2784 17
2784 18
2784 19
2784 20
2784 21
2784 22
2784 23
2784 24
2784 25
2784 26
2784 27
2784 28
2784 29
2785 0
2785 1
2785 2
2785 3
2785 4
2785 5
2785 6
2785 568
2785 569
2785 570
2785 571
2785 572
2785 573
2785 574
2785 575
2786 35
2786 36
2786 37
2786 38
2786 39
2786 547
2786 548
2786 549
2786 550
2786 551
2786 552
2786 553
2786 554
2786 555
2787 6
2787 7
2787 8
2787 9
2787 10
2787 11
2787 12
2787 13
2787 14
2787 15
2787 16
2787 17
2787 18
2787 19
2788 558
2788 559
2788 560
2788 561
2788 562
2788 563
2788 564
2788 565
2788 566
2788 567
2788 568
2788 569
2788 570
2788 571
2789 21
2789 22
2789 23
2789 24
2789 25
2789 26
2789 27
2789 28
2789 29
2789 30
2789 31
2789 32
2790 0
2790 1
2790 2
2790 3
2790 4
2790 5
2790 6
2790 7
2790 8
2790 9
2790 571
2790 572
2790 573
2790 574
2790 575
2791 550
2791 551
2791 552
2791 553
2791 554
2791 555
2791 556
2791 557
2791 558
2791 559
2791 560
2792 10
2792 11
2792 12
2792 13
2792 14
2792 15
2792 16
2792 17
2792 18
2792 19
2792 20
2792 21
2792 22
2792 23
2793 562
2793 563
2793 564
2793 565
2793 566
2793 567
2793 568
2793 569
2793 570
2793 571
2793 572
2793 573
2793 574
2793 575
2794 26
2794 27
2794 28
2794 29
2794 30
2794 31
2794 32
2794 33
2794 34
2794 35
2794 543
2794 544
2794 545
2794 546
2794 547
2795 0
2795 1
2795 2
2795 3
2795 4
2795 5
2795 6
2795 7
2795 8
2795 9
2795 10
2795 11
2795 12
2795 13
2795 575
2796 553
2796 554
2796 555
2796 556
2796 557
2796 558
2796 559
2796 560
2796 561
2796 562
2796 563
2796 564
2797 14
2797 15
2797 16
2797 17
2797 18
2797 19
2797 20
2797 21
2797 22
2797 23
2797 24
2797 25
2797 26
2798 0
2798 1
2798 2
2798 3
2798 565
2798 566
2798 567
2798 568
2798 569
2798 570
2798 571
2798 572
2798 573
2798 574
2798 575
2799 31
2799 32
2799 33
2799 34
2799 35
2799 36
2799 37
2799 545
2799 546
2799 547
2799 548
2799 549
2799 550
2799 551
2799 552
2800 3
2800 4
2800 5
2800 6
2800 7
2800 8
2800 9
2800 10
2800 11
2800 12
2800 13
2800 14
2800 15
2800 16
2800 17
2801 556
2801 557
2801 558
2801 559
2801 560
2801 561
2801 562
2801 563
2801 564
2801 565
2801 566
2801 567
2801 568
2802 18
2802 19
2802 20
2802 21
2802 22
2802 23
2802 24
2802 25
2802 26
2802 27
2802 28
2802 29
2802 30
2803 0
2803 1
2803 2
2803 3
2803 4
2803 5
2803 6
2803 7
2803 569
2803 570
2803 571
2803 572
2803 573
2803 574
2803 575
2804 37
2804 38
2804 39
2804 547
2804 548
2804 549
2804 550
2804 551
2804 552
2804 553
2804 554
2804 555
2804 556
2804 557
2805 7
2805 8
2805 9
2805 10
2805 11
2805 12
2805 13
2805 14
2805 15
2805 16
2805 17
2805 18
2805 19
2805 20
2806 559
2806 560
2806 561
2806 562
2806 563
2806 564
2806 565
2806 566
2806 567
2806 568
2806 569
2806 570
2806 571
2806 572
2807 22
2807 23
2807 24
2807 25
2807 26
2807 27
2807 28
2807 29
2807 30
2807 31
2807 32
2807 33
2808 0
2808 1
2808 2
2808 3
2808 4
2808 5
2808 6
2808 7
2808 8
2808 9
2808 10
2808 572
2808 573
2808 574
2808 575
2809 550
2809 551
2809 552
2809 553
2809 554
2809 555
2809 556
2809 557
2809 558
2809 559
2809 560
2809 561
2810 11
2810 12
2810 13
2810 14
2810 15
2810 16
2810 17
2810 18
2810 19
2810 20
2810 21
2810 22
2810 23
2810 24
2811 0
2811 562
2811 563
2811 564
2811 565
2811 566
2811 567
2811 568
2811 569
2811 570
2811 571
2811 572
2811 573
2811 574
2811 575
2812 27
2812 28
2812 29
2812 30
2812 31
2812 32
2812 33
2812 34
2812 35
2812 36
2812 543
2812 544
2812 545
2812 546
2812 547
2812 548
2813 0
2813 1
2813 2
2813 3
2813 4
2813 5
2813 6
2813 7
2813 8
2813 9
2813 10
2813 11
2813 12
2813 13
2813 14
2814 553
2814 554
2814 555
2814 556
2814 557
2814 558
2814 559
2814 560
2814 561
2814 562
2814 563
2814 564
2814 565
2815 15
2815 16
2815 17
2815 18
2815 19
2815 20
2815 21
2815 22
2815 23
2815 24
2815 25
2815 26
2815 27
2816 0
2816 1
2816 2
2816 3
2816 4
2816 566
2816 567
2816 568
2816 569
2816 570
2816 571
2816 572
2816 573
2816 574
2816 575
2817 32
2817 33
2817 34
2817 35
2817 36
2817 37
2817 38
2817 545
2817 546
2817 547
2817 548
2817 549
2817 550
2817 551
2817 552
2817 553
2818 4
2818 5
2818 6
2818 7
2818 8
2818 9
2818 10
2818 11
2818 12
2818 13
2818 14
2818 15
2818 16
2818 17
2818 18
2819 557
2819 558
2819 559
2819 560
2819 561
2819 562
2819 563
2819 564
2819 565
2819 566
2819 567
2819 568
2819 569
2820 19
2820 20
2820 21
2820 22
2820 23
2820 24
2820 25
2820 26
2820 27
2820 28
2820 29
2820 30
2821 0
2821 1
2821 2
2821 3
2821 4
2821 5
2821 6
2821 7
2821 8
2821 570
2821 571
2821 572
2821 573
2821 574
2821 575
2822 548
2822 549
2822 550
2822 551
2822 552
2822 553
2822 554
2822 555
2822 556
2822 557
2822 558
2823 8
2823 9
2823 10
2823 11
2823 12
2823 13
2823 14
2823 15
2823 16
2823 17
2823 18
2823 19
2823 20
2823 21
2824 560
2824 561
2824 562
2824 563
2824 564
2824 565
2824 566
2824 567
2824 568
2824 569
2824 570
2824 571
2824 572
2824 573
2825 23
2825 24
2825 25
2825 26
2825 27
2825 28
2825 29
2825 30
2825 31
2825 32
2825 33
2825 34
2825 542
2825 543
2825 544
2826 0
2826 1
2826 2
2826 3
2826 4
2826 5
2826 6
2826 7
2826 8
2826 9
2826 10
2826 11
2826 573
2826 574
2826 575
2827 551
2827 552
2827 553
2827 554
2827 555
2827 556
2827 557
2827 558
2827 559
2827 560
2827 561
2827 562
2828 12
2828 13
2828 14
2828 15
2828 16
2828 17
2828 18
2828 19
2828 20
2828 21
2828 22
2828 23
2828 24
2828 25
2829 0
2829 1
2829 563
2829 564
2829 565
2829 566
2829 567
2829 568
2829 569
2829 570
2829 571
2829 572
2829 573
2829 574
2829 575
2830 28
2830 29
2830 30
2830 31
2830 32
2830 33
2830 34
2830 35
2830 36
2830 543
2830 544
2830 545
2830 546
2830 547
2830 548
2830 549
2830 550
2831 1
2831 2
2831 3
2831 4
2831 5
2831 6
2831 7
2831 8
2831 9
2831 10
2831 11
2831 12
2831 13
2831 14
2831 15
2832 554
2832 555
2832 556
2832 557
2832 558
2832 559
2832 560
2832 561
2832 562
2832 563
2832 564
2832 565
2832 566
2833 16
2833 17
2833 18
2833 19
2833 20
2833 21
2833 22
2833 23
2833 24
2833 25
2833 26
2833 27
2833 28
2834 0
2834 1
2834 2
2834 3
2834 4
2834 5
2834 567
2834 568
2834 569
2834 570
2834 571
2834 572
2834 573
2834 574
2834 575
2835 34
2835 35
2835 36
2835 37
2835 38
2835 546
2835 547
2835 548
2835 549
2835 550
2835 551
2835 552
2835 553
2835 554
2836 5
2836 6
2836 7
2836 8
2836 9
2836 10
2836 11
2836 12
2836 13
2836 14
2836 15
2836 16
2836 17
2836 18
2836 19
2837 557
2837 558
2837 559
2837 560
2837 561
2837 562
2837 563
2837 564
2837 565
2837 566
2837 567
2837 568
2837 569
2837 570
2838 20
2838 21
2838 22
2838 23
2838 24
2838 25
2838 26
2838 27
2838 28
2838 29
2838 30
2838 31
2839 0
2839 1
2839 2
2839 3
2839 4
2839 5
2839 6
2839 7
2839 8
2839 9
2839 571
2839 572
2839 573
2839 574
2839 575
2840 549
2840 550
2840 551
2840 552
2840 553
2840 554
2840 555
2840 556
2840 557
2840 558
2840 559
2841 9
2841 10
2841 11
2841 12
2841 13
2841 14
2841 15
2841 16
2841 17
2841 18
2841 19
2841 20
2841 21
2841 22
2842 561
2842 562
2842 563
2842 564
2842 565
2842 566
2842 567
2842 568
2842 569
2842 570
2842 571
2842 572
2842 573
2842 574
2843 25
2843 26
2843 27
2843 28
2843 29
2843 30
2843 31
2843 32
2843 33
2843 34
2843 542
2843 543
2843 544
2843 545
2843 546
2844 0
2844 1
2844 2
2844 3
2844 4
2844 5
2844 6
2844 7
2844 8
2844 9
2844 10
2844 11
2844 12
2844 574
2844 575
2845 552
2845 553
2845 554
2845 555
2845 556
2845 557
2845 558
2845 559
2845 560
2845 561
2845 562
2845 563
2846 13
2846 14
2846 15
2846 16
2846 17
2846 18
2846 19
2846 20
2846 21
2846 22
2846 23
2846 24
2846 25
2846 26
2847 0
2847 1
2847 2
2847 564
2847 565
2847 566
2847 567
2847 568
2847 569
2847 570
2847 571
2847 572
2847 573
2847 574
2847 575
2848 30
2848 31
2848 32
2848 33
2848 34
2848 35
2848 36
2848 37
2848 544
2848 545
2848 546
2848 547
2848 548
2848 549
2848 550
2848 551
2849 2
2849 3
2849 4
2849 5
2849 6
2849 7
2849 8
2849 9
2849 10
2849 11
2849 12
2849 13
2849 14
2849 15
2849 16
2850 555
2850 556
2850 557
2850 558
2850 559
2850 560
2850 561
2850 562
2850 563
2850 564
2850 565
2850 566
2850 567
2851 17
2851 18
2851 19
2851 20
2851 21
2851 22
2851 23
2851 24
2851 25
2851 26
2851 27
2851 28
2851 29
2852 0
2852 1
2852 2
2852 3
2852 4
2852 5
2852 6
2852 568
2852 569
2852 570
2852 571
2852 572
2852 573
2852 574
2852 575
2853 36
2853 37
2853 38
2853 546
2853 547
2853 548
2853 549
2853 550
2853 551
2853 552
2853 553
2853 554
2853 555
2854 6
2854 7
2854 8
2854 9
2854 10
2854 11
2854 12
2854 13
2854 14
2854 15
2854 16
2854 17
2854 18
2854 19
2855 558
2855 559
2855 560
2855 561
2855 562
2855 563
2855 564
2855 565
2855 566
2855 567
2855 568
2855 569
2855 570
2855 571
2856 21
2856 22
2856 23
2856 24
2856 25
2856 26
2856 27
2856 28
2856 29
2856 30
2856 31
2856 32
2857 0
2857 1
2857 2
2857 3
2857 4
2857 5
2857 6
2857 7
2857 8
2857 9
2857 572
2857 573
2857 574
2857 575
2858 549
2858 550
2858 551
2858 552
2858 553
2858 554
2858 555
2858 556
2858 557
2858 558
2858 559
2858 560
2859 10
2859 11
2859 12
2859 13
2859 14
2859 15
2859 16
2859 17
2859 18
2859 19
2859 20
2859 21
2859 22
2859 23
2860 562
2860 563
2860 564
2860 565
2860 566
2860 567
2860 568
2860 569
2860 570
2860 571
2860 572
2860 573
2860 574
2860 575
2861 26
2861 27
2861 28
2861 29
2861 30
2861 31
2861 32
2861 33
2861 34
2861 35
2861 542
2861 543
2861 544
2861 545
2861 546
2861 547
2862 0
2862 1
2862 2
2862 3
2862 4
2862 5
2862 6
2862 7
2862 8
2862 9
2862 10
2862 11
2862 12
2862 13
2862 575
2863 552
2863 553
2863 554
2863 555
2863 556
2863 557
2863 558
2863 559
2863 560
2863 561
2863 562
2863 563
2863 564
2864 14
2864 15
2864 16
2864 17
2864 18
2864 19
2864 20
2864 21
2864 22
2864 23
2864 24
2864 25
2864 26
2865 0
2865 1
2865 2
2865 3
2865 565
2865 566
2865 567
2865 568
2865 569
2865 570
2865 571
2865 572
2865 573
2865 574
2865 575
2866 31
2866 32
2866 33
2866 34
2866 35
2866 36
2866 37
2866 544
2866 545
2866 546
2866 547
2866 548
2866 549
2866 550
2866 551
2866 552
2867 3
2867 4
2867 5
2867 6
2867 7
2867 8
2867 9
2867 10
2867 11
2867 12
2867 13
2867 14
2867 15
2867 16
2867 17
2868 556
2868 557
2868 558
2868 559
2868 560
2868 561
2868 562
2868 563
2868 564
2868 565
2868 566
2868 567
2868 568
2869 18
2869 19
2869 20
2869 21
2869 22
2869 23
2869 24
2869 25
2869 26
2869 27
2869 28
2869 29
2870 0
2870 1
2870 2
2870 3
2870 4
2870 5
2870 6
2870 7
2870 569
2870 570
2870 571
2870 572
2870 573
2870 574
2870 575
2871 547
2871 548
2871 549
2871 550
2871 551
2871 552
2871 553
2871 554
2871 555
2871 556
2872 7
2872 8
2872 9
2872 10
2872 11
2872 12
2872 13
2872 14
2872 15
2872 16
2872 17
2872 18
2872 19
2872 20
2873 559
2873 560
2873 561
2873 562
2873 563
2873 564
2873 565
2873 566
2873 567
2873 568
2873 569
2873 570
2873 571
2873 572
2874 23
2874 24
2874 25
2874 26
2874 27
2874 28
2874 29
2874 30
2874 31
2874 32
2875 0
2875 1
2875 2
2875 3
2875 4
2875 5
2875 6
2875 7
2875 8
2875 9
2875 10
2875 573
2875 574
2875 575
2876 550
2876 551
2876 552
2876 553
2876 554
2876 555
2876 556
2876 557
2876 558
2876 559
2876 560
2876 561
2877 11
2877 12
2877 13
2877 14
2877 15
2877 16
2877 17
2877 18
2877 19
2877 20
2877 21
2877 22
2877 23
2877 24
2878 0
2878 563
2878 564
2878 565
2878 566
2878 567
2878 568
2878 569
2878 570
2878 571
2878 572
2878 573
2878 574
2878 575
2879 28
2879 29
2879 30
2879 31
2879 32
2879 33
2879 34
2879 35
2879 543
2879 544
2879 545
2879 546
2879 547
2879 548
2880 0
2880 1
2880 2
2880 3
2880 4
2880 5
2880 6
2880 7
2880 8
2880 9
2880 10
2880 11
2880 12
2880 13
2880 14
2881 553
2881 554
2881 555
2881 556
2881 557
2881 558
2881 559
2881 560
2881 561
2881 562
2881 563
2881 564
2881 565
2882 15
2882 16
2882 17
2882 18
2882 19
2882 20
2882 21
2882 22
2882 23
2882 24
2882 25
2882 26
2882 27
2883 0
2883 1
2883 2
2883 3
2883 4
2883 566
2883 567
2883 568
2883 569
2883 570
2883 571
2883 572
2883 573
2883 574
2883 575
2884 33
2884 34
2884 35
2884 36
2884 37
2884 545
2884 546
2884 547
2884 548
2884 549
2884 550
2884 551
2884 552
2884 553
2885 4
2885 5
2885 6
2885 7
2885 8
2885 9
2885 10
2885 11
2885 12
2885 13
2885 14
2885 15
2885 16
2885 17
2885 18
2886 557
2886 558
2886 559
2886 560
2886 561
2886 562
2886 563
2886 564
2886 565
2886 566
2886 567
2886 568
2886 569
2887 20
2887 21
2887 22
2887 23
2887 24
2887 25
2887 26
2887 27
2887 28
2887 29
2887 30
2888 0
2888 1
2888 2
2888 3
2888 4
2888 5
2888 6
2888 7
2888 570
2888 571
2888 572
2888 573
2888 574
2888 575
2889 548
2889 549
2889 550
2889 551
2889 552
2889 553
2889 554
2889 555
2889 556
2889 557
2890 8
2890 9
2890 10
2890 11
2890 12
2890 13
2890 14
2890 15
2890 16
2890 17
2890 18
2890 19
2890 20
2890 21
2891 560
2891 561
2891 562
2891 563
2891 564
2891 565
2891 566
2891 567
2891 568
2891 569
2891 570
2891 571
2891 572
2891 573
2892 24
2892 25
2892 26
2892 27
2892 28
2892 29
2892 30
2892 31
2892 32
2892 33
2892 542
2892 543
2893 0
2893 1
2893 2
2893 3
2893 4
2893 5
2893 6
2893 7
2893 8
2893 9
2893 10
2893 11
2893 574
2893 575
2894 551
2894 552
2894 553
2894 554
2894 555
2894 556
2894 557
2894 558
2894 559
2894 560
2894 561
2894 562
2895 12
2895 13
2895 14
2895 15
2895 16
2895 17
2895 18
2895 19
2895 20
2895 21
2895 22
2895 23
2895 24
2896 0
2896 1
2896 564
2896 565
2896 566
2896 567
2896 568
2896 569
2896 570
2896 571
2896 572
2896 573
2896 574
2896 575
2897 29
2897 30
2897 31
2897 32
2897 33
2897 34
2897 35
2897 543
2897 544
2897 545
2897 546
2897 547
2897 548
2897 549
2898 1
2898 2
2898 3
2898 4
2898 5
2898 6
2898 7
2898 8
2898 9
2898 10
2898 11
2898 12
2898 13
2898 14
2898 15
2899 554
2899 555
2899 556
2899 557
2899 558
2899 559
2899 560
2899 561
2899 562
2899 563
2899 564
2899 565
2899 566
2900 16
2900 17
2900 18
2900 19
2900 20
2900 21
2900 22
2900 23
2900 24
2900 25
2900 26
2900 27
2900 28
2901 0
2901 1
2901 2
2901 3
2901 4
2901 567
2901 568
2901 569
2901 570
2901 571
2901 572
2901 573
2901 574
2901 575
2902 546
2902 547
2902 548
2902 549
2902 550
2902 551
2902 552
2902 553
2902 554
2903 5
2903 6
2903 7
2903 8
2903 9
2903 10
2903 11
2903 12
2903 13
2903 14
2903 15
2903 16
2903 17
2903 18
2904 558
2904 559
2904 560
2904 561
2904 562
2904 563
2904 564
2904 565
2904 566
2904 567
2904 568
2904 569
2904 570
2905 21
2905 22
2905 23
2905 24
2905 25
2905 26
2905 27
2905 28
2905 29
2905 30
2905 31
2906 0
2906 1
2906 2
2906 3
2906 4
2906 5
2906 6
2906 7
2906 8
2906 571
2906 572
2906 573
2906 574
2906 575
2907 549
2907 550
2907 551
2907 552
2907 553
2907 554
2907 555
2907 556
2907 557
2907 558
2908 9
2908 10
2908 11
2908 12
2908 13
2908 14
2908 15
2908 16
2908 17
2908 18
2908 19
2908 20
2908 21
2908 22
2909 561
2909 562
2909 563
2909 564
2909 565
2909 566
2909 567
2909 568
2909 569
2909 570
2909 571
2909 572
2909 573
2909 574
2910 26
2910 27
2910 28
2910 29
2910 30
2910 31
2910 32
2910 33
2910 543
2910 544
2910 545
2911 0
2911 1
2911 2
2911 3
2911 4
2911 5
2911 6
2911 7
2911 8
2911 9
2911 10
2911 11
2911 12
2911 575
2912 552
2912 553
2912 554
2912 555
2912 556
2912 557
2912 558
2912 559
2912 560
2912 561
2912 562
2913 13
2913 14
2913 15
2913 16
2913 17
2913 18
2913 19
2913 20
2913 21
2913 22
2913 23
2913 24
2913 25
2914 0
2914 1
2914 565
2914 566
2914 567
2914 568
2914 569
2914 570
2914 571
2914 572
2914 573
2914 574
2914 575
2915 31
2915 32
2915 33
2915 34
2915 35
2915 544
2915 545
2915 546
2915 547
2915 548
2915 549
2915 550
2916 3
2916 4
2916 5
2916 6
2916 7
2916 8
2916 9
2916 10
2916 11
2916 12
2916 13
2916 14
2916 15
2917 555
2917 556
2917 557
2917 558
2917 559
2917 560
2917 561
2917 562
2917 563
2917 564
2917 565
2917 566
2917 567
2918 18
2918 19
2918 20
2918 21
2918 22
2918 23
2918 24
2918 25
2918 26
2918 27
2918 28
2919 0
2919 1
2919 2
2919 3
2919 4
2919 5
2919 568
2919 569
2919 570
2919 571
2919 572
2919 573
2919 574
2919 575
2920 547
2920 548
2920 549
2920 550
2920 551
2920 552
2920 553
2920 554
2920 555
2921 7
2921 8
2921 9
2921 10
2921 11
2921 12
2921 13
2921 14
2921 15
2921 16
2921 17
2921 18
2921 19
2922 559
2922 560
2922 561
2922 562
2922 563
2922 564
2922 565
2922 566
2922 567
2922 568
2922 569
2922 570
2923 22
2923 23
2923 24
2923 25
2923 26
2923 27
2923 28
2923 29
2923 30
2923 31
2924 0
2924 1
2924 2
2924 3
2924 4
2924 5
2924 6
2924 7
2924 8
2924 9
2924 572
2924 573
2924 574
2924 575
2925 550
2925 551
2925 552
2925 553
2925 554
2925 555
2925 556
2925 557
2925 558
2925 559
2926 11
2926 12
2926 13
2926 14
2926 15
2926 16
2926 17
2926 18
2926 19
2926 20
2926 21
2926 22
2927 562
2927 563
2927 564
2927 565
2927 566
2927 567
2927 568
2927 569
2927 570
2927 571
2927 572
2927 573
2927 574
2928 27
2928 28
2928 29
2928 30
2928 31
2928 32
2928 33
2928 543
2928 544
2928 545
2929 0
2929 1
2929 2
2929 3
2929 4
2929 5
2929 6
2929 7
2929 8
2929 9
2929 10
2929 11
2929 12
2929 13
2930 553
2930 554
2930 555
2930 556
2930 557
2930 558
2930 559
2930 560
2930 561
2930 562
2930 563
2931 15
2931 16
2931 17
2931 18
2931 19
2931 20
2931 21
2931 22
2931 23
2931 24
2931 25
2931 26
2932 0
2932 1
2932 2
2932 566
2932 567
2932 568
2932 569
2932 570
2932 571
2932 572
2932 573
2932 574
2932 575
2933 545
2933 546
2933 547
2933 548
2933 549
2933 550
2933 551
2934 4
2934 5
2934 6
2934 7
2934 8
2934 9
2934 10
2934 11
2934 12
2934 13
2934 14
2934 15
2934 16
2935 556
2935 557
2935 558
2935 559
2935 560
2935 561
2935 562
2935 563
2935 564
2935 565
2935 566
2935 567
2936 19
2936 20
2936 21
2936 22
2936 23
2936 24
2936 25
2936 26
2936 27
2936 28
2936 29
2937 0
2937 1
2937 2
2937 3
2937 4
2937 5
2937 6
2937 569
2937 570
2937 571
2937 572
2937 573
2937 574
2937 575
2938 548
2938 549
2938 550
2938 551
2938 552
2938 553
2938 554
2938 555
2939 8
2939 9
2939 10
2939 11
2939 12
2939 13
2939 14
2939 15
2939 16
2939 17
2939 18
2939 19
2939 20
2940 560
2940 561
2940 562
2940 563
2940 564
2940 565
2940 566
2940 567
2940 568
2940 569
2940 570
2940 571
2941 24
2941 25
2941 26
2941 27
2941 28
2941 29
2941 30
2941 31
2942 0
2942 1
2942 2
2942 3
2942 4
2942 5
2942 6
2942 7
2942 8
2942 9
2942 10
2942 573
2942 574
2942 575
2943 551
2943 552
2943 553
2943 554
2943 555
2943 556
2943 557
2943 558
2943 559
2943 560
2944 12
2944 13
2944 14
2944 15
2944 16
2944 17
2944 18
2944 19
2944 20
2944 21
2944 22
2944 23
2945 563
2945 564
2945 565
2945 566
2945 567
2945 568
2945 569
2945 570
2945 571
2945 572
2945 573
2945 574
2945 575
2946 29
2946 30
2946 31
2946 32
2946 33
2946 544
2946 545
2946 546
2947 1
2947 2
2947 3
2947 4
2947 5
2947 6
2947 7
2947 8
2947 9
2947 10
2947 11
2947 12
2947 13
2948 554
2948 555
2948 556
2948 557
2948 558
2948 559
2948 560
2948 561
2948 562
2948 563
2948 564
2949 16
2949 17
2949 18
2949 19
2949 20
2949 21
2949 22
2949 23
2949 24
2949 25
2949 26
2950 0
2950 1
2950 2
2950 3
2950 567
2950 568
2950 569
2950 570
2950 571
2950 572
2950 573
2950 574
2950 575
2951 546
2951 547
2951 548
2951 549
2951 550
2951 551
2951 552
2952 5
2952 6
2952 7
2952 8
2952 9
2952 10
2952 11
2952 12
2952 13
2952 14
2952 15
2952 16
2952 17
2953 557
2953 558
2953 559
2953 560
2953 561
2953 562
2953 563
2953 564
2953 565
2953 566
2953 567
2953 568
2954 21
2954 22
2954 23
2954 24
2954 25
2954 26
2954 27
2954 28
2954 29
2955 0
2955 1
2955 2
2955 3
2955 4
2955 5
2955 6
2955 7
2955 571
2955 572
2955 573
2955 574
2955 575
2956 549
2956 550
2956 551
2956 552
2956 553
2956 554
2956 555
2956 556
2957 9
2957 10
2957 11
2957 12
2957 13
2957 14
2957 15
2957 16
2957 17
2957 18
2957 19
2957 20
2958 561
2958 562
2958 563
2958 564
2958 565
2958 566
2958 567
2958 568
2958 569
2958 570
2958 571
2958 572
2959 26
2959 27
2959 28
2959 29
2959 30
2959 31
2960 0
2960 1
2960 2
2960 3
2960 4
2960 5
2960 6
2960 7
2960 8
2960 9
2960 10
2960 574
2960 575
2961 552
2961 553
2961 554
2961 555
2961 556
2961 557
2961 558
2961 559
2961 560
2961 561
2962 13
2962 14
2962 15
2962 16
2962 17
2962 18
2962 19
2962 20
2962 21
2962 22
2962 23
2963 0
2963 564
2963 565
2963 566
2963 567
2963 568
2963 569
2963 570
2963 571
2963 572
2963 573
2963 574
2963 575
2964 546
2965 2
2965 3
2965 4
2965 5
2965 6
2965 7
2965 8
2965 9
2965 10
2965 11
2965 12
2965 13
2965 14
2966 555
2966 556
2966 557
2966 558
2966 559
2966 560
2966 561
2966 562
2966 563
2966 564
2966 565
2967 18
2967 19
2967 20
2967 21
2967 22
2967 23
2967 24
2967 25
2967 26
2968 0
2968 1
2968 2
2968 3
2968 4
2968 568
2968 569
2968 570
2968 571
2968 572
2968 573
2968 574
2968 575
2969 547
2969 548
2969 549
2969 550
2969 551
2969 552
2970 6
2970 7
2970 8
2970 9
2970 10
2970 11
2970 12
2970 13
2970 14
2970 15
2970 16
2970 17
2971 558
2971 559
2971 560
2971 561
2971 562
2971 563
2971 564
2971 565
2971 566
2971 567
2971 568
2971 569
2972 23
2972 24
2972 25
2972 26
2972 27
2972 28
2972 29
2973 0
2973 1
2973 2
2973 3
2973 4
2973 5
2973 6
2973 7
2973 572
2973 573
2973 574
2973 575
2974 550
2974 551
2974 552
2974 553
2974 554
2974 555
2974 556
2974 557
2975 10
2975 11
2975 12
2975 13
2975 14
2975 15
2975 16
2975 17
2975 18
2975 19
2975 20
2976 562
2976 563
2976 564
2976 565
2976 566
2976 567
2976 568
2976 569
2976 570
2976 571
2976 572
2976 573
2977 29
2977 30
2978 0
2978 1
2978 2
2978 3
2978 4
2978 5
2978 6
2978 7
2978 8
2978 9
2978 10
2978 11
2979 553
2979 554
2979 555
2979 556
2979 557
2979 558
2979 559
2979 560
2979 561
2980 15
2980 16
2980 17
2980 18
2980 19
2980 20
2980 21
2980 22
2980 23
2980 24
2981 0
2981 566
2981 567
2981 568
2981 569
2981 570
2981 571
2981 572
2981 573
2981 574
2981 575
2983 4
2983 5
2983 6
2983 7
2983 8
2983 9
2983 10
2983 11
2983 12
2983 13
2983 14
2984 556
2984 557
2984 558
2984 559
2984 560
2984 561
2984 562
2984 563
2984 564
2984 565
2985 20
2985 21
2985 22
2985 23
2985 24
2985 25
2985 26
2986 0
2986 1
2986 2
2986 3
2986 4
2986 569
2986 570
2986 571
2986 572
2986 573
2986 574
2986 575
2987 549
2987 550
2987 551
2987 552
2987 553
2988 8
2988 9
2988 10
2988 11
2988 12
2988 13
2988 14
2988 15
2988 16
2988 17
2988 18
2989 560
2989 561
2989 562
2989 563
2989 564
2989 565
2989 566
2989 567
2989 568
2989 569
2990 25
2990 26
2990 27
2990 28
2991 0
2991 1
2991 2
2991 3
2991 4
2991 5
2991 6
2991 7
2991 8
2991 573
2991 574
2991 575
2992 551
2992 552
2992 553
2992 554
2992 555
2992 556
2992 557
2993 12
2993 13
2993 14
2993 15
2993 16
2993 17
2993 18
2993 19
2993 20
2993 21
2994 563
2994 564
2994 565
2994 566
2994 567
2994 568
2994 569
2994 570
2994 571
2994 572
2994 573
2996 1
2996 2
2996 3
2996 4
2996 5
2996 6
2996 7
2996 8
2996 9
2996 10
2996 11
2997 554
2997 555
2997 556
2997 557
2997 558
2997 559
2997 560
2997 561
2997 562
2998 17
2998 18
2998 19
2998 20
2998 21
2998 22
2998 23
2998 24
2999 0
2999 1
2999 567
2999 568
2999 569
2999 570
2999 571
2999 572
2999 573
2999 574
2999 575
3001 5
3001 6
3001 7
3001 8
3001 9
3001 10
3001 11
3001 12
3001 13
3001 14
3001 15
3002 558
3002 559
3002 560
3002 561
3002 562
3002 563
3002 564
3002 565
3002 566
3003 22
3003 23
3003 24
3003 25
3003 26
3004 0
3004 1
3004 2
3004 3
3004 4
3004 5
3004 571
3004 572
3004 573
3004 574
3004 575
3005 551
3005 552
3005 553
3006 9
3006 10
3006 11
3006 12
3006 13
3006 14
3006 15
3006 16
3006 17
3006 18
3007 561
3007 562
3007 563
3007 564
3007 565
3007 566
3007 567
3007 568
3007 569
3007 570
3009 0
3009 1
3009 2
3009 3
3009 4
3009 5
3009 6
3009 7
3009 8
3009 575
3010 553
3010 554
3010 555
3010 556
3010 557
3010 558
3011 14
3011 15
3011 16
3011 17
3011 18
3011 19
3011 20
3011 21
3012 565
3012 566
3012 567
3012 568
3012 569
3012 570
3012 571
3012 572
3012 573
3012 574
3014 3
3014 4
3014 5
3014 6
3014 7
3014 8
3014 9
3014 10
3014 11
3015 556
3015 557
3015 558
3015 559
3015 560
3015 561
3015 562
3016 19
3016 20
3016 21
3016 22
3016 23
3017 0
3017 1
3017 568
3017 569
3017 570
3017 571
3017 572
3017 573
3017 574
3017 575
3019 7
3019 8
3019 9
3019 10
3019 11
3019 12
3019 13
3019 14
3019 15
3020 559
3020 560
3020 561
3020 562
3020 563
3020 564
3020 565
3020 566
3022 0
3022 1
3022 2
3022 3
3022 4
3022 5
3022 572
3022 573
3022 574
3022 575
3024 11
3024 12
3024 13
3024 14
3024 15
3024 16
3024 17
3024 18
3025 563
3025 564
3025 565
3025 566
3025 567
3025 568
3025 569
3025 570
3027 0
3027 1
3027 2
3027 3
3027 4
3027 5
3027 6
3027 7
3027 8
3028 555
3028 556
3028 557
3029 16
3029 17
3029 18
3029 19
3029 20
3030 566
3030 567
3030 568
3030 569
3030 570
3030 571
3030 572
3030 573
3030 574
3032 4
3032 5
3032 6
3032 7
3032 8
3032 9
3032 10
3032 11
3032 12
3033 558
3033 559
3033 560
3033 561
3033 562
3035 0
3035 1
3035 570
3035 571
3035 572
3035 573
3035 574
3035 575
3037 9
3037 10
3037 11
3037 12
3037 13
3037 14
3038 561
3038 562
3038 563
3038 564
3038 565
3038 566
3040 0
3040 1
3040 2
3040 3
3040 4
3040 5
3040 574
3040 575
3042 14
3042 15
3042 16
3042 17
3043 564
3043 565
3043 566
3043 567
3043 568
3043 569
3043 570
3045 2
3045 3
3045 4
3045 5
3045 6
3045 7
3045 8
3048 568
3048 569
3048 570
3048 571
3048 572
3048 573
3048 574
3050 7
3050 8
3050 9
3050 10
3050 11
3053 0
3053 1
3053 572
3053 573
3053 574
3053 575
3055 12
3055 13
3056 563
3056 564
3056 565
3058 0
3058 1
3058 2
3058 3
3058 4
3061 567
3061 568
3061 569
3063 5
3063 6
3063 7
3066 571
3066 572
3066 573
3407 224
3407 225
3412 228
3412 229
3417 231
3417 232
3417 233
3417 234
3420 221
3420 222
3420 223
3422 235
3422 236
3422 237
3422 238
3425 224
3425 225
3425 226
3425 227
3427 239
3427 240
3427 241
3427 242
3430 228
3430 229
3430 230
3430 231
3432 243
3432 244
3432 245
3432 246
3433 219
3433 220
3435 232
3435 233
3435 234
3435 235
3437 247
3437 248
3437 249
3438 222
3438 223
3438 224
3440 236
3440 237
3440 238
3440 239
3440 240
3442 252
3442 253
3443 225
3443 226
3443 227
3443 228
3443 229
3445 239
3445 240
3445 241
3445 242
3445 243
3445 244
3448 229
3448 230
3448 231
3448 232
3448 233
3450 244
3450 245
3450 246
3450 247
3450 248
3451 219
3451 220
3451 221
3453 232
3453 233
3453 234
3453 235
3453 236
3453 237
3455 248
3455 249
3455 250
3455 251
3455 252
3456 222
3456 223
3456 224
3456 225
3456 226
3458 236
3458 237
3458 238
3458 239
3458 240
3458 241
3460 252
3460 253
3460 254
3460 255
3461 226
3461 227
3461 228
3461 229
3461 230
3463 240
3463 241
3463 242
3463 243
3463 244
3463 245
3464 217
3464 218
3465 257
3465 258
3465 259
3466 229
3466 230
3466 231
3466 232
3466 233
3466 234
3468 244
3468 245
3468 246
3468 247
3468 248
3468 249
3469 220
3469 221
3469 222
3469 223
3471 233
3471 234
3471 235
3471 236
3471 237
3471 238
3471 239
3473 249
3473 250
3473 251
3473 252
3473 253
3474 223
3474 224
3474 225
3474 226
3474 227
3476 237
3476 238
3476 239
3476 240
3476 241
3476 242
3476 243
3478 253
3478 254
3478 255
3478 256
3478 257
3479 227
3479 228
3479 229
3479 230
3479 231
3481 241
3481 242
3481 243
3481 244
3481 245
3481 246
3481 247
3482 218
3482 219
3483 257
3483 258
3483 259
3483 260
3483 261
3484 230
3484 231
3484 232
3484 233
3484 234
3484 235
3484 236
3486 245
3486 246
3486 247
3486 248
3486 249
3486 250
3486 251
3487 221
3487 222
3487 223
3487 224
3488 262
3488 263
3488 264
3489 234
3489 235
3489 236
3489 237
3489 238
3489 239
3489 240
3491 249
3491 250
3491 251
3491 252
3491 253
3491 254
3491 255
3492 224
3492 225
3492 226
3492 227
3492 228
3494 238
3494 239
3494 240
3494 241
3494 242
3494 243
3494 244
3496 254
3496 255
3496 256
3496 257
3496 258
3496 259
3497 228
3497 229
3497 230
3497 231
3497 232
3497 233
3499 242
3499 243
3499 244
3499 245
3499 246
3499 247
3499 248
3500 219
3500 220
3500 221
3501 258
3501 259
3501 260
3501 261
3501 262
3501 263
3502 231
3502 232
3502 233
3502 234
3502 235
3502 236
3502 237
3504 246
3504 247
3504 248
3504 249
3504 250
3504 251
3504 252
3505 222
3505 223
3505 224
3505 225
3506 263
3506 264
3506 265
3506 266
3507 235
3507 236
3507 237
3507 238
3507 239
3507 240
3507 241
3509 250
3509 251
3509 252
3509 253
3509 254
3509 255
3509 256
3510 225
3510 226
3510 227
3510 228
3510 229
3510 230
3511 268
3511 269
3511 270
3512 239
3512 240
3512 241
3512 242
3512 243
3512 244
3512 245
3514 255
3514 256
3514 257
3514 258
3514 259
3514 260
3515 229
3515 230
3515 231
3515 232
3515 233
3515 234
3517 243
3517 244
3517 245
3517 246
3517 247
3517 248
3517 249
3518 220
3518 221
3518 222
3519 259
3519 260
3519 261
3519 262
3519 263
3519 264
3520 232
3520 233
3520 234
3520 235
3520 236
3520 237
3520 238
3522 247
3522 248
3522 249
3522 250
3522 251
3522 252
3522 253
3522 254
3523 223
3523 224
3523 225
3523 226
3524 264
3524 265
3524 266
3524 267
3524 268
3525 236
3525 237
3525 238
3525 239
3525 240
3525 241
3525 242
3527 252
3527 253
3527 254
3527 255
3527 256
3527 257
3527 258
3528 226
3528 227
3528 228
3528 229
3528 230
3528 231
3529 269
3529 270
3529 271
3530 240
3530 241
3530 242
3530 243
3530 244
3530 245
3530 246
3530 247
3532 256
3532 257
3532 258
3532 259
3532 260
3532 261
3532 262
3533 230
3533 231
3533 232
3533 233
3533 234
3533 235
3535 244
3535 245
3535 246
3535 247
3535 248
3535 249
3535 250
3535 251
3536 221
3536 222
3536 223
3537 260
3537 261
3537 262
3537 263
3537 264
3537 265
3538 234
3538 235
3538 236
3538 237
3538 238
3538 239
3540 248
3540 249
3540 250
3540 251
3540 252
3540 253
3540 254
3540 255
3541 224
3541 225
3541 226
3541 227
3542 265
3542 266
3542 267
3542 268
3542 269
3543 237
3543 238
3543 239
3543 240
3543 241
3543 242
3543 243
3543 244
3545 253
3545 254
3545 255
3545 256
3545 257
3545 258
3545 259
3546 227
3546 228
3546 229
3546 230
3546 231
3546 232
3547 270
3547 271
3547 272
3547 273
3548 241
3548 242
3548 243
3548 244
3548 245
3548 246
3548 247
3548 248
3550 257
3550 258
3550 259
3550 260
3550 261
3550 262
3550 263
3551 231
3551 232
3551 233
3551 234
3551 235
3551 236
3553 245
3553 246
3553 247
3553 248
3553 249
3553 250
3553 251
3553 252
3554 223
3555 262
3555 263
3555 264
3555 265
3555 266
3555 267
3556 235
3556 236
3556 237
3556 238
3556 239
3556 240
3558 250
3558 251
3558 252
3558 253
3558 254
3558 255
3558 256
3559 225
3559 226
3559 227
3559 228
3560 266
3560 267
3560 268
3560 269
3560 270
3560 271
3561 239
3561 240
3561 241
3561 242
3561 243
3561 244
3561 245
3563 254
3563 255
3563 256
3563 257
3563 258
3563 259
3563 260
3564 229
3564 230
3564 231
3564 232
3564 233
3565 271
3565 272
3565 273
3565 274
3566 243
3566 244
3566 245
3566 246
3566 247
3566 248
3566 249
3568 258
3568 259
3568 260
3568 261
3568 262
3568 263
3568 264
3569 232
3569 233
3569 234
3569 235
3569 236
3569 237
3571 247
3571 248
3571 249
3571 250
3571 251
3571 252
3571 253
3573 263
3573 264
3573 265
3573 266
3573 267
3573 268
3574 236
3574 237
3574 238
3574 239
3574 240
3574 241
3576 251
3576 252
3576 253
3576 254
3576 255
3576 256
3576 257
3577 227
3577 228
3577 229
3578 268
3578 269
3578 270
3578 271
3578 272
3579 240
3579 241
3579 242
3579 243
3579 244
3579 245
3579 246
3581 255
3581 256
3581 257
3581 258
3581 259
3581 260
3581 261
3582 230
3582 231
3582 232
3582 233
3582 234
3583 273
3583 274
3583 275
3584 244
3584 245
3584 246
3584 247
3584 248
3584 249
3584 250
3586 260
3586 261
3586 262
3586 263
3586 264
3586 265
3587 234
3587 235
3587 236
3587 237
3587 238
3589 248
3589 249
3589 250
3589 251
3589 252
3589 253
3589 254
3591 264
3591 265
3591 266
3591 267
3591 268
3591 269
3592 237
3592 238
3592 239
3592 240
3592 241
3592 242
3594 252
3594 253
3594 254
3594 255
3594 256
3594 257
3594 258
3595 229
3596 269
3596 270
3596 271
3596 272
3596 273
3597 241
3597 242
3597 243
3597 244
3597 245
3597 246
3597 247
3599 257
3599 258
3599 259
3599 260
3599 261
3599 262
3600 232
3600 233
3600 234
3601 274
3601 275
3601 276
3602 245
3602 246
3602 247
3602 248
3602 249
3602 250
3602 251
3604 261
3604 262
3604 263
3604 264
3604 265
3604 266
3605 235
3605 236
3605 237
3605 238
3605 239
3607 250
3607 251
3607 252
3607 253
3607 254
3607 255
3609 266
3609 267
3609 268
3609 269
3609 270
3610 239
3610 240
3610 241
3610 242
3610 243
3612 254
3612 255
3612 256
3612 257
3612 258
3612 259
3614 271
3614 272
3614 273
3615 243
3615 244
3615 245
3615 246
3615 247
3617 258
3617 259
3617 260
3617 261
3617 262
3617 263
3618 234
3620 247
3620 248
3620 249
3620 250
3620 251
3620 252
3622 263
3622 264
3622 265
3622 266
3622 267
3623 237
3623 238
3623 239
3625 251
3625 252
3625 253
3625 254
3625 255
3625 256
3627 267
3627 268
3627 269
3627 270
3627 271
3628 241
3628 242
3628 243
3628 244
3630 255
3630 256
3630 257
3630 258
3630 259
3630 260
3632 273
3632 274
3633 245
3633 246
3633 247
3633 248
3635 260
3635 261
3635 262
3635 263
3635 264
3638 249
3638 250
3638 251
3638 252
3640 265
3640 266
3640 267
3643 253
3643 254
3643 255
3643 256
3645 270
3645 271
3646 243
3646 244
3648 257
3648 258
3648 259
3648 260
3651 247
3651 248
3653 262
3653 263
3653 264
3656 251
3656 252
3656 253
3658 267
3661 255
3661 256
3661 257
3666 260
