2 0
2 1
2 2
2 3
2 4
2 5
2 6
2 7
2 8
2 9
2 10
2 11
2 12
2 13
2 14
2 15
2 16
2 17
2 18
2 19
2 20
2 21
2 22
2 23
2 24
2 25
2 26
2 551
2 552
2 553
2 554
2 555
2 556
2 557
2 558
2 559
2 560
2 561
2 562
2 563
2 564
2 565
2 566
2 567
2 568
2 569
2 570
2 571
2 572
2 573
2 574
2 575
3 11
3 12
3 13
3 14
3 15
3 16
3 17
3 18
3 19
3 20
3 21
3 22
3 23
3 24
3 25
3 26
3 27
3 28
3 29
3 30
3 31
3 32
3 33
3 34
3 35
3 36
3 37
3 38
3 39
3 40
3 41
3 42
3 43
3 44
3 45
3 46
3 47
3 48
3 49
3 50
8 0
8 1
8 2
8 3
8 4
8 5
8 6
8 7
8 8
8 9
8 10
8 11
8 12
8 13
8 14
8 15
8 16
8 17
8 18
8 19
8 20
8 21
8 22
8 550
8 551
8 552
8 553
8 554
8 555
8 556
8 557
8 558
8 559
8 560
8 561
8 562
8 563
8 564
8 565
8 566
8 567
8 568
8 569
8 570
8 571
8 572
8 573
8 574
8 575
9 6
9 7
9 8
9 9
9 10
9 11
9 12
9 13
9 14
9 15
9 16
9 17
9 18
9 19
9 20
9 21
9 22
9 23
9 24
9 25
9 26
9 27
9 28
9 29
9 30
9 31
9 32
9 33
9 34
9 35
9 36
9 37
9 38
9 39
9 40
9 41
9 42
9 43
9 44
9 45
9 46
9 47
9 48
9 49
9 50
14 0
14 1
14 2
14 3
14 4
14 5
14 6
14 7
14 8
14 9
14 10
14 11
14 12
14 13
14 14
14 15
14 16
14 17
14 18
14 550
14 551
14 552
14 553
14 554
14 555
14 556
14 557
14 558
14 559
14 560
14 561
14 562
14 563
14 564
14 565
14 566
14 567
14 568
14 569
14 570
14 571
14 572
14 573
14 574
14 575
15 2
15 3
15 4
15 5
15 6
15 7
15 8
15 9
15 10
15 11
15 12
15 13
15 14
15 15
15 16
15 17
15 18
15 19
15 20
15 21
15 22
15 23
15 24
15 25
15 26
15 27
15 28
15 29
15 30
15 31
15 32
15 33
15 34
15 35
15 36
15 37
15 38
15 39
15 40
15 41
15 42
15 43
15 44
15 45
15 46
15 47
15 48
15 49
20 0
20 1
20 2
20 3
20 4
20 5
20 6
20 7
20 8
20 9
20 10
20 11
20 12
20 13
20 550
20 551
20 552
20 553
20 554
20 555
20 556
20 557
20 558
20 559
20 560
20 561
20 562
20 563
20 564
20 565
20 566
20 567
20 568
20 569
20 570
20 571
20 572
20 573
20 574
20 575
21 0
21 1
21 2
21 3
21 4
21 5
21 6
21 7
21 8
21 9
21 10
21 11
21 12
21 13
21 14
21 15
21 16
21 17
21 18
21 19
21 20
21 21
21 22
21 23
21 24
21 25
21 26
21 27
21 28
21 29
21 30
21 31
21 32
21 33
21 34
21 35
21 36
21 37
21 38
21 39
21 40
21 41
21 42
21 43
21 44
21 45
21 46
21 47
21 574
21 575
26 0
26 1
26 2
26 3
26 4
26 5
26 6
26 7
26 8
26 551
26 552
26 553
26 554
26 555
26 556
26 557
26 558
26 559
26 560
26 561
26 562
26 563
26 564
26 565
26 566
26 567
26 568
26 569
26 570
26 571
26 572
26 573
26 574
26 575
27 0
27 1
27 2
27 3
27 4
27 5
27 6
27 7
27 8
27 9
27 10
27 11
27 12
27 13
27 14
27 15
27 16
27 17
27 18
27 19
27 20
27 21
27 22
27 23
27 24
27 25
27 26
27 27
27 28
27 29
27 30
27 31
27 32
27 33
27 34
27 35
27 36
27 37
27 38
27 39
27 40
27 41
27 42
27 43
27 44
27 45
27 570
27 571
27 572
27 573
27 574
27 575
32 0
32 1
32 554
32 555
32 556
32 557
32 558
32 559
32 560
32 561
32 562
32 563
32 564
32 565
32 566
32 567
32 568
32 569
32 570
32 571
32 572
32 573
32 574
32 575
33 0
33 1
33 2
33 3
33 4
33 5
33 6
33 7
33 8
33 9
33 10
33 11
33 12
33 13
33 14
33 15
33 16
33 17
33 18
33 19
33 20
33 21
33 22
33 23
33 24
33 25
33 26
33 27
33 28
33 29
33 30
33 31
33 32
33 33
33 34
33 35
33 36
33 37
33 38
33 39
33 40
33 41
33 42
33 43
33 567
33 568
33 569
33 570
33 571
33 572
33 573
33 574
33 575
38 560
38 561
38 562
38 563
38 564
38 565
38 566
39 0
39 1
39 2
39 3
39 4
39 5
39 6
39 7
39 8
39 9
39 10
39 11
39 12
39 13
39 14
39 15
39 16
39 17
39 18
39 19
39 20
39 21
39 22
39 23
39 24
39 25
39 26
39 27
39 28
39 29
39 30
39 31
39 32
39 33
39 34
39 35
39 36
39 37
39 38
39 39
39 40
39 41
39 564
39 565
39 566
39 567
39 568
39 569
39 570
39 571
39 572
39 573
39 574
39 575
45 0
45 1
45 2
45 3
45 4
45 5
45 6
45 7
45 8
45 9
45 10
45 11
45 12
45 13
45 14
45 15
45 16
45 17
45 18
45 19
45 20
45 21
45 22
45 23
45 24
45 25
45 26
45 27
45 28
45 29
45 30
45 31
45 32
45 33
45 34
45 35
45 36
45 37
45 38
45 562
45 563
45 564
45 565
45 566
45 567
45 568
45 569
45 570
45 571
45 572
45 573
45 574
45 575
51 0
51 1
51 2
51 3
51 4
51 5
51 6
51 7
51 8
51 9
51 10
51 11
51 12
51 13
51 14
51 15
51 16
51 17
51 18
51 19
51 20
51 21
51 22
51 23
51 24
51 25
51 26
51 27
51 28
51 29
51 30
51 31
51 32
51 33
51 34
51 35
51 560
51 561
51 562
51 563
51 564
51 565
51 566
51 567
51 568
51 569
51 570
51 571
51 572
51 573
51 574
51 575
57 0
57 1
57 2
57 3
57 4
57 5
57 6
57 7
57 8
57 9
57 10
57 11
57 12
57 13
57 14
57 15
57 16
57 17
57 18
57 19
57 20
57 21
57 22
57 23
57 24
57 25
57 26
57 27
57 28
57 29
57 30
57 31
57 32
57 558
57 559
57 560
57 561
57 562
57 563
57 564
57 565
57 566
57 567
57 568
57 569
57 570
57 571
57 572
57 573
57 574
57 575
63 0
63 1
63 2
63 3
63 4
63 5
63 6
63 7
63 8
63 9
63 10
63 11
63 12
63 13
63 14
63 15
63 16
63 17
63 18
63 19
63 20
63 21
63 22
63 23
63 24
63 25
63 26
63 27
63 28
63 557
63 558
63 559
63 560
63 561
63 562
63 563
63 564
63 565
63 566
63 567
63 568
63 569
63 570
63 571
63 572
63 573
63 574
63 575
64 28
64 29
64 30
64 31
64 32
64 33
64 34
64 35
64 36
64 37
64 38
64 39
64 40
64 41
64 42
64 43
69 0
69 1
69 2
69 3
69 4
69 5
69 6
69 7
69 8
69 9
69 10
69 11
69 12
69 13
69 14
69 15
69 16
69 17
69 18
69 19
69 20
69 21
69 22
69 23
69 24
69 557
69 558
69 559
69 560
69 561
69 562
69 563
69 564
69 565
69 566
69 567
69 568
69 569
69 570
69 571
69 572
69 573
69 574
69 575
70 20
70 21
70 22
70 23
70 24
70 25
70 26
70 27
70 28
70 29
70 30
70 31
70 32
70 33
70 34
70 35
70 36
70 37
70 38
70 39
70 40
70 41
70 42
70 43
70 44
70 45
75 0
75 1
75 2
75 3
75 4
75 5
75 6
75 7
75 8
75 9
75 10
75 11
75 12
75 13
75 14
75 15
75 16
75 17
75 18
75 19
75 20
75 556
75 557
75 558
75 559
75 560
75 561
75 562
75 563
75 564
75 565
75 566
75 567
75 568
75 569
75 570
75 571
75 572
75 573
75 574
75 575
76 15
76 16
76 17
76 18
76 19
76 20
76 21
76 22
76 23
76 24
76 25
76 26
76 27
76 28
76 29
76 30
76 31
76 32
76 33
76 34
76 35
76 36
76 37
76 38
76 39
76 40
76 41
76 42
76 43
76 44
76 45
81 0
81 1
81 2
81 3
81 4
81 5
81 6
81 7
81 8
81 9
81 10
81 11
81 12
81 13
81 14
81 557
81 558
81 559
81 560
81 561
81 562
81 563
81 564
81 565
81 566
81 567
81 568
81 569
81 570
81 571
81 572
81 573
81 574
81 575
82 10
82 11
82 12
82 13
82 14
82 15
82 16
82 17
82 18
82 19
82 20
82 21
82 22
82 23
82 24
82 25
82 26
82 27
82 28
82 29
82 30
82 31
82 32
82 33
82 34
82 35
82 36
82 37
82 38
82 39
82 40
82 41
82 42
82 43
82 44
82 45
87 0
87 1
87 2
87 3
87 4
87 5
87 6
87 7
87 559
87 560
87 561
87 562
87 563
87 564
87 565
87 566
87 567
87 568
87 569
87 570
87 571
87 572
87 573
87 574
87 575
88 6
88 7
88 8
88 9
88 10
88 11
88 12
88 13
88 14
88 15
88 16
88 17
88 18
88 19
88 20
88 21
88 22
88 23
88 24
88 25
88 26
88 27
88 28
88 29
88 30
88 31
88 32
88 33
88 34
88 35
88 36
88 37
88 38
88 39
88 40
88 41
88 42
88 43
88 44
93 565
93 566
93 567
93 568
93 569
93 570
93 571
93 572
93 573
94 2
94 3
94 4
94 5
94 6
94 7
94 8
94 9
94 10
94 11
94 12
94 13
94 14
94 15
94 16
94 17
94 18
94 19
94 20
94 21
94 22
94 23
94 24
94 25
94 26
94 27
94 28
94 29
94 30
94 31
94 32
94 33
94 34
94 35
94 36
94 37
94 38
94 39
94 40
94 41
94 42
100 0
100 1
100 2
100 3
100 4
100 5
100 6
100 7
100 8
100 9
100 10
100 11
100 12
100 13
100 14
100 15
100 16
100 17
100 18
100 19
100 20
100 21
100 22
100 23
100 24
100 25
100 26
100 27
100 28
100 29
100 30
100 31
100 32
100 33
100 34
100 35
100 36
100 37
100 38
100 39
100 575
106 0
106 1
106 2
106 3
106 4
106 5
106 6
106 7
106 8
106 9
106 10
106 11
106 12
106 13
106 14
106 15
106 16
106 17
106 18
106 19
106 20
106 21
106 22
106 23
106 24
106 25
106 26
106 27
106 28
106 29
106 30
106 31
106 32
106 33
106 34
106 35
106 36
106 37
106 573
106 574
106 575
112 0
112 1
112 2
112 3
112 4
112 5
112 6
112 7
112 8
112 9
112 10
112 11
112 12
112 13
112 14
112 15
112 16
112 17
112 18
112 19
112 20
112 21
112 22
112 23
112 24
112 25
112 26
112 27
112 28
112 29
112 30
112 31
112 32
112 33
112 571
112 572
112 573
112 574
112 575
118 0
118 1
118 2
118 3
118 4
118 5
118 6
118 7
118 8
118 9
118 10
118 11
118 12
118 13
118 14
118 15
118 16
118 17
118 18
118 19
118 20
118 21
118 22
118 23
118 24
118 25
118 26
118 27
118 28
118 29
118 569
118 570
118 571
118 572
118 573
118 574
118 575
124 0
124 1
124 2
124 3
124 4
124 5
124 6
124 7
124 8
124 9
124 10
124 11
124 12
124 13
124 14
124 15
124 16
124 17
124 18
124 19
124 20
124 21
124 22
124 23
124 24
124 569
124 570
124 571
124 572
124 573
124 574
124 575
130 0
130 1
130 2
130 3
130 4
130 5
130 6
130 7
130 8
130 9
130 10
130 11
130 12
130 13
130 14
130 15
130 16
130 17
130 18
130 569
130 570
130 571
130 572
130 573
130 574
130 575
136 0
136 1
136 2
136 3
136 4
136 5
136 6
136 7
136 8
136 9
136 10
136 572
136 573
136 574
136 575
1436 147
1436 148
1436 149
1436 150
1436 151
1436 152
1442 143
1442 144
1442 145
1442 146
1442 147
1442 148
1442 149
1442 150
1442 151
1442 152
1448 141
1448 142
1448 143
1448 144
1448 145
1448 146
1448 147
1448 148
1448 149
1448 150
1454 141
1454 142
1454 143
1454 144
1454 145
1454 146
1454 147
1485 152
1485 153
1485 154
1485 155
1485 156
1485 157
1485 158
1485 159
1485 160
1485 161
1485 162
1485 163
1485 164
1485 165
1491 147
1491 148
1491 149
1491 150
1491 151
1491 152
1491 153
1491 154
1491 155
1491 156
1491 157
1491 158
1491 159
1491 160
1491 161
1491 162
1491 163
1491 164
1491 165
1491 166
1497 144
1497 145
1497 146
1497 147
1497 148
1497 149
1497 150
1497 151
1497 152
1497 153
1497 154
1497 155
1497 156
1497 157
1497 158
1497 159
1497 160
1497 161
1497 162
1497 163
1497 164
1497 165
1503 141
1503 142
1503 143
1503 144
1503 145
1503 146
1503 147
1503 148
1503 149
1503 150
1503 151
1503 152
1503 153
1503 154
1503 155
1503 156
1503 157
1503 158
1503 159
1503 160
1503 161
1503 162
1503 163
1503 164
1509 139
1509 140
1509 141
1509 142
1509 143
1509 144
1509 145
1509 146
1509 147
1509 148
1509 149
1509 150
1509 151
1509 152
1509 153
1509 154
1509 155
1509 156
1509 157
1509 158
1509 159
1509 160
1509 161
1509 162
1515 137
1515 138
1515 139
1515 140
1515 141
1515 142
1515 143
1515 144
1515 145
1515 146
1515 147
1515 148
1515 149
1515 150
1515 151
1515 152
1515 153
1515 154
1515 155
1515 156
1515 157
1515 158
1515 159
1521 136
1521 137
1521 138
1521 139
1521 140
1521 141
1521 142
1521 143
1521 144
1521 145
1521 146
1521 147
1521 148
1521 149
1521 150
1521 151
1521 152
1521 153
1521 154
1521 155
1521 156
1527 136
1527 137
1527 138
1527 139
1527 140
1527 141
1527 142
1527 143
1527 144
1527 145
1527 146
1527 147
1527 148
1527 149
1527 150
1527 151
1527 152
1533 137
1533 138
1533 139
1533 140
1533 141
1533 142
1533 143
1533 144
1533 145
1533 146
1533 147
1540 162
1540 163
1540 164
1540 165
1540 166
1540 167
1540 168
1540 169
1546 156
1546 157
1546 158
1546 159
1546 160
1546 161
1546 162
1546 163
1546 164
1546 165
1546 166
1546 167
1546 168
1546 169
1546 170
1546 171
1552 152
1552 153
1552 154
1552 155
1552 156
1552 157
1552 158
1552 159
1552 160
1552 161
1552 162
1552 163
1552 164
1552 165
1552 166
1552 167
1552 168
1552 169
1552 170
1552 171
1558 148
1558 149
1558 150
1558 151
1558 152
1558 153
1558 154
1558 155
1558 156
1558 157
1558 158
1558 159
1558 160
1558 161
1558 162
1558 163
1558 164
1558 165
1558 166
1558 167
1558 168
1558 169
1558 170
1564 146
1564 147
1564 148
1564 149
1564 150
1564 151
1564 152
1564 153
1564 154
1564 155
1564 156
1564 157
1564 158
1564 159
1564 160
1564 161
1564 162
1564 163
1564 164
1564 165
1564 166
1564 167
1564 168
1564 169
1570 144
1570 145
1570 146
1570 147
1570 148
1570 149
1570 150
1570 151
1570 152
1570 153
1570 154
1570 155
1570 156
1570 157
1570 158
1570 159
1570 160
1570 161
1570 162
1570 163
1570 164
1570 165
1570 166
1570 167
1576 142
1576 143
1576 144
1576 145
1576 146
1576 147
1576 148
1576 149
1576 150
1576 151
1576 152
1576 153
1576 154
1576 155
1576 156
1576 157
1576 158
1576 159
1576 160
1576 161
1576 162
1576 163
1576 164
1576 165
1582 141
1582 142
1582 143
1582 144
1582 145
1582 146
1582 147
1582 148
1582 149
1582 150
1582 151
1582 152
1582 153
1582 154
1582 155
1582 156
1582 157
1582 158
1582 159
1582 160
1582 161
1582 162
1588 140
1588 141
1588 142
1588 143
1588 144
1588 145
1588 146
1588 147
1588 148
1588 149
1588 150
1588 151
1588 152
1588 153
1588 154
1588 155
1588 156
1588 157
1588 158
1594 141
1594 142
1594 143
1594 144
1594 145
1594 146
1594 147
1594 148
1594 149
1594 150
1594 151
1594 152
1594 153
1607 165
1607 166
1607 167
1607 168
1607 169
1607 170
1607 171
1613 160
1613 161
1613 162
1613 163
1613 164
1613 165
1613 166
1613 167
1613 168
1613 169
1613 170
1613 171
1613 172
1613 173
1619 156
1619 157
1619 158
1619 159
1619 160
1619 161
1619 162
1619 163
1619 164
1619 165
1619 166
1619 167
1619 168
1619 169
1619 170
1619 171
1619 172
1625 154
1625 155
1625 156
1625 157
1625 158
1625 159
1625 160
1625 161
1625 162
1625 163
1625 164
1625 165
1625 166
1625 167
1625 168
1625 169
1625 170
1625 171
1631 152
1631 153
1631 154
1631 155
1631 156
1631 157
1631 158
1631 159
1631 160
1631 161
1631 162
1631 163
1631 164
1631 165
1631 166
1631 167
1631 168
1631 169
1637 151
1637 152
1637 153
1637 154
1637 155
1637 156
1637 157
1637 158
1637 159
1637 160
1637 161
1637 162
1637 163
1637 164
1637 165
1637 166
1643 151
1643 152
1643 153
1643 154
1643 155
1643 156
1643 157
1643 158
1643 159
1643 160
1643 161
1643 162
4111 564
4111 565
4111 566
4111 567
4111 568
4117 562
4117 563
4117 564
4117 565
4117 566
4124 11
4124 12
4124 13
4124 14
4124 15
4124 16
4124 17
4124 18
4124 19
4130 4
4130 5
4130 6
4130 7
4130 8
4130 9
4130 10
4130 11
4130 12
4130 13
4130 14
4130 15
4130 16
4130 17
4130 18
4130 19
4130 20
4130 21
4136 0
4136 1
4136 2
4136 3
4136 4
4136 5
4136 6
4136 7
4136 8
4136 9
4136 10
4136 11
4136 12
4136 13
4136 14
4136 15
4136 16
4136 17
4136 18
4136 19
4136 20
4136 21
4136 575
4142 0
4142 1
4142 2
4142 3
4142 4
4142 5
4142 6
4142 7
4142 8
4142 9
4142 10
4142 11
4142 12
4142 13
4142 14
4142 15
4142 16
4142 17
4142 18
4142 19
4142 20
4142 21
4142 570
4142 571
4142 572
4142 573
4142 574
4142 575
4148 0
4148 1
4148 2
4148 3
4148 4
4148 5
4148 6
4148 7
4148 8
4148 9
4148 10
4148 11
4148 12
4148 13
4148 14
4148 15
4148 16
4148 17
4148 18
4148 19
4148 20
4148 566
4148 567
4148 568
4148 569
4148 570
4148 571
4148 572
4148 573
4148 574
4148 575
4154 0
4154 1
4154 2
4154 3
4154 4
4154 5
4154 6
4154 7
4154 8
4154 9
4154 10
4154 11
4154 12
4154 13
4154 14
4154 15
4154 16
4154 17
4154 18
4154 19
4154 563
4154 564
4154 565
4154 566
4154 567
4154 568
4154 569
4154 570
4154 571
4154 572
4154 573
4154 574
4154 575
4160 0
4160 1
4160 2
4160 3
4160 4
4160 5
4160 6
4160 7
4160 8
4160 9
4160 10
4160 11
4160 12
4160 13
4160 14
4160 15
4160 16
4160 17
4160 559
4160 560
4160 561
4160 562
4160 563
4160 564
4160 565
4160 566
4160 567
4160 568
4160 569
4160 570
4160 571
4160 572
4160 573
4160 574
4160 575
4166 0
4166 1
4166 2
4166 3
4166 4
4166 5
4166 6
4166 7
4166 8
4166 9
4166 10
4166 11
4166 12
4166 13
4166 14
4166 15
4166 16
4166 557
4166 558
4166 559
4166 560
4166 561
4166 562
4166 563
4166 564
4166 565
4166 566
4166 567
4166 568
4166 569
4166 570
4166 571
4166 572
4166 573
4166 574
4166 575
4172 0
4172 1
4172 2
4172 3
4172 4
4172 5
4172 6
4172 7
4172 8
4172 9
4172 10
4172 11
4172 12
4172 13
4172 14
4172 554
4172 555
4172 556
4172 557
4172 558
4172 559
4172 560
4172 561
4172 562
4172 563
4172 564
4172 565
4172 566
4172 567
4172 568
4172 569
4172 570
4172 571
4172 572
4172 573
4172 574
4172 575
4173 19
4173 20
4173 21
4173 22
4173 23
4173 24
4173 25
4173 26
4173 27
4173 28
4173 29
4173 30
4173 31
4173 32
4173 33
4173 34
4178 0
4178 1
4178 2
4178 3
4178 4
4178 5
4178 6
4178 7
4178 8
4178 9
4178 10
4178 11
4178 552
4178 553
4178 554
4178 555
4178 556
4178 557
4178 558
4178 559
4178 560
4178 561
4178 562
4178 563
4178 564
4178 565
4178 566
4178 567
4178 568
4178 569
4178 570
4178 571
4178 572
4178 573
4178 574
4178 575
4179 13
4179 14
4179 15
4179 16
4179 17
4179 18
4179 19
4179 20
4179 21
4179 22
4179 23
4179 24
4179 25
4179 26
4179 27
4179 28
4179 29
4179 30
4179 31
4179 32
4179 33
4179 34
4179 35
4184 0
4184 1
4184 2
4184 3
4184 4
4184 5
4184 6
4184 7
4184 8
4184 9
4184 550
4184 551
4184 552
4184 553
4184 554
4184 555
4184 556
4184 557
4184 558
4184 559
4184 560
4184 561
4184 562
4184 563
4184 564
4184 565
4184 566
4184 567
4184 568
4184 569
4184 570
4184 571
4184 572
4184 573
4184 574
4184 575
4185 7
4185 8
4185 9
4185 10
4185 11
4185 12
4185 13
4185 14
4185 15
4185 16
4185 17
4185 18
4185 19
4185 20
4185 21
4185 22
4185 23
4185 24
4185 25
4185 26
4185 27
4185 28
4185 29
4185 30
4185 31
4185 32
4185 33
4185 34
4185 35
4190 0
4190 1
4190 2
4190 3
4190 4
4190 5
4190 6
4190 549
4190 550
4190 551
4190 552
4190 553
4190 554
4190 555
4190 556
4190 557
4190 558
4190 559
4190 560
4190 561
4190 562
4190 563
4190 564
4190 565
4190 566
4190 567
4190 568
4190 569
4190 570
4190 571
4190 572
4190 573
4190 574
4190 575
4191 2
4191 3
4191 4
4191 5
4191 6
4191 7
4191 8
4191 9
4191 10
4191 11
4191 12
4191 13
4191 14
4191 15
4191 16
4191 17
4191 18
4191 19
4191 20
4191 21
4191 22
4191 23
4191 24
4191 25
4191 26
4191 27
4191 28
4191 29
4191 30
4191 31
4191 32
4191 33
4191 34
4191 35
4196 0
4196 1
4196 2
4196 3
4196 548
4196 549
4196 550
4196 551
4196 552
4196 553
4196 554
4196 555
4196 556
4196 557
4196 558
4196 559
4196 560
4196 561
4196 562
4196 563
4196 564
4196 565
4196 566
4196 567
4196 568
4196 569
4196 570
4196 571
4196 572
4196 573
4196 574
4196 575
4197 0
4197 1
4197 2
4197 3
4197 4
4197 5
4197 6
4197 7
4197 8
4197 9
4197 10
4197 11
4197 12
4197 13
4197 14
4197 15
4197 16
4197 17
4197 18
4197 19
4197 20
4197 21
4197 22
4197 23
4197 24
4197 25
4197 26
4197 27
4197 28
4197 29
4197 30
4197 31
4197 32
4197 33
4197 34
4197 574
4197 575
4202 548
4202 549
4202 550
4202 551
4202 552
4202 553
4202 554
4202 555
4202 556
4202 557
4202 558
4202 559
4202 560
4202 561
4202 562
4202 563
4202 564
4202 565
4202 566
4202 567
4202 568
4202 569
4202 570
4202 571
4202 572
4202 573
4202 574
4202 575
4203 0
4203 1
4203 2
4203 3
4203 4
4203 5
4203 6
4203 7
4203 8
4203 9
4203 10
4203 11
4203 12
4203 13
4203 14
4203 15
4203 16
4203 17
4203 18
4203 19
4203 20
4203 21
4203 22
4203 23
4203 24
4203 25
4203 26
4203 27
4203 28
4203 29
4203 30
4203 31
4203 32
4203 33
4203 569
4203 570
4203 571
4203 572
4203 573
4203 574
4203 575
4208 548
4208 549
4208 550
4208 551
4208 552
4208 553
4208 554
4208 555
4208 556
4208 557
4208 558
4208 559
4208 560
4208 561
4208 562
4208 563
4208 564
4208 565
4208 566
4208 567
4208 568
4208 569
4208 570
4208 571
4209 0
4209 1
4209 2
4209 3
4209 4
4209 5
4209 6
4209 7
4209 8
4209 9
4209 10
4209 11
4209 12
4209 13
4209 14
4209 15
4209 16
4209 17
4209 18
4209 19
4209 20
4209 21
4209 22
4209 23
4209 24
4209 25
4209 26
4209 27
4209 28
4209 29
4209 30
4209 31
4209 32
4209 566
4209 567
4209 568
4209 569
4209 570
4209 571
4209 572
4209 573
4209 574
4209 575
4214 549
4214 550
4214 551
4214 552
4214 553
4214 554
4214 555
4214 556
4214 557
4214 558
4214 559
4214 560
4214 561
4214 562
4214 563
4214 564
4214 565
4214 566
4215 0
4215 1
4215 2
4215 3
4215 4
4215 5
4215 6
4215 7
4215 8
4215 9
4215 10
4215 11
4215 12
4215 13
4215 14
4215 15
4215 16
4215 17
4215 18
4215 19
4215 20
4215 21
4215 22
4215 23
4215 24
4215 25
4215 26
4215 27
4215 28
4215 29
4215 30
4215 562
4215 563
4215 564
4215 565
4215 566
4215 567
4215 568
4215 569
4215 570
4215 571
4215 572
4215 573
4215 574
4215 575
4221 0
4221 1
4221 2
4221 3
4221 4
4221 5
4221 6
4221 7
4221 8
4221 9
4221 10
4221 11
4221 12
4221 13
4221 14
4221 15
4221 16
4221 17
4221 18
4221 19
4221 20
4221 21
4221 22
4221 23
4221 24
4221 25
4221 26
4221 27
4221 28
4221 29
4221 559
4221 560
4221 561
4221 562
4221 563
4221 564
4221 565
4221 566
4221 567
4221 568
4221 569
4221 570
4221 571
4221 572
4221 573
4221 574
4221 575
4227 0
4227 1
4227 2
4227 3
4227 4
4227 5
4227 6
4227 7
4227 8
4227 9
4227 10
4227 11
4227 12
4227 13
4227 14
4227 15
4227 16
4227 17
4227 18
4227 19
4227 20
4227 21
4227 22
4227 23
4227 24
4227 25
4227 26
4227 27
4227 556
4227 557
4227 558
4227 559
4227 560
4227 561
4227 562
4227 563
4227 564
4227 565
4227 566
4227 567
4227 568
4227 569
4227 570
4227 571
4227 572
4227 573
4227 574
4227 575
4228 30
4228 31
4228 32
4228 33
4228 34
4228 35
4228 36
4228 37
4228 38
4228 39
4228 40
4228 41
4228 42
4233 0
4233 1
4233 2
4233 3
4233 4
4233 5
4233 6
4233 7
4233 8
4233 9
4233 10
4233 11
4233 12
4233 13
4233 14
4233 15
4233 16
4233 17
4233 18
4233 19
4233 20
4233 21
4233 22
4233 23
4233 24
4233 25
4233 554
4233 555
4233 556
4233 557
4233 558
4233 559
4233 560
4233 561
4233 562
4233 563
4233 564
4233 565
4233 566
4233 567
4233 568
4233 569
4233 570
4233 571
4233 572
4233 573
4233 574
4233 575
4234 22
4234 23
4234 24
4234 25
4234 26
4234 27
4234 28
4234 29
4234 30
4234 31
4234 32
4234 33
4234 34
4234 35
4234 36
4234 37
4234 38
4234 39
4234 40
4234 41
4234 42
4234 43
4234 44
4239 0
4239 1
4239 2
4239 3
4239 4
4239 5
4239 6
4239 7
4239 8
4239 9
4239 10
4239 11
4239 12
4239 13
4239 14
4239 15
4239 16
4239 17
4239 18
4239 19
4239 20
4239 21
4239 22
4239 23
4239 552
4239 553
4239 554
4239 555
4239 556
4239 557
4239 558
4239 559
4239 560
4239 561
4239 562
4239 563
4239 564
4239 565
4239 566
4239 567
4239 568
4239 569
4239 570
4239 571
4239 572
4239 573
4239 574
4239 575
4240 16
4240 17
4240 18
4240 19
4240 20
4240 21
4240 22
4240 23
4240 24
4240 25
4240 26
4240 27
4240 28
4240 29
4240 30
4240 31
4240 32
4240 33
4240 34
4240 35
4240 36
4240 37
4240 38
4240 39
4240 40
4240 41
4240 42
4240 43
4240 44
4245 0
4245 1
4245 2
4245 3
4245 4
4245 5
4245 6
4245 7
4245 8
4245 9
4245 10
4245 11
4245 12
4245 13
4245 14
4245 15
4245 16
4245 17
4245 18
4245 19
4245 20
4245 550
4245 551
4245 552
4245 553
4245 554
4245 555
4245 556
4245 557
4245 558
4245 559
4245 560
4245 561
4245 562
4245 563
4245 564
4245 565
4245 566
4245 567
4245 568
4245 569
4245 570
4245 571
4245 572
4245 573
4245 574
4245 575
4246 10
4246 11
4246 12
4246 13
4246 14
4246 15
4246 16
4246 17
4246 18
4246 19
4246 20
4246 21
4246 22
4246 23
4246 24
4246 25
4246 26
4246 27
4246 28
4246 29
4246 30
4246 31
4246 32
4246 33
4246 34
4246 35
4246 36
4246 37
4246 38
4246 39
4246 40
4246 41
4246 42
4246 43
4246 44
4251 0
4251 1
4251 2
4251 3
4251 4
4251 5
4251 6
4251 7
4251 8
4251 9
4251 10
4251 11
4251 12
4251 13
4251 14
4251 15
4251 16
4251 17
4251 548
4251 549
4251 550
4251 551
4251 552
4251 553
4251 554
4251 555
4251 556
4251 557
4251 558
4251 559
4251 560
4251 561
4251 562
4251 563
4251 564
4251 565
4251 566
4251 567
4251 568
4251 569
4251 570
4251 571
4251 572
4251 573
4251 574
4251 575
4252 5
4252 6
4252 7
4252 8
4252 9
4252 10
4252 11
4252 12
4252 13
4252 14
4252 15
4252 16
4252 17
4252 18
4252 19
4252 20
4252 21
4252 22
4252 23
4252 24
4252 25
4252 26
4252 27
4252 28
4252 29
4252 30
4252 31
4252 32
4252 33
4252 34
4252 35
4252 36
4252 37
4252 38
4252 39
4252 40
4252 41
4252 42
4252 43
4252 44
4257 0
4257 1
4257 2
4257 3
4257 4
4257 5
4257 6
4257 7
4257 8
4257 9
4257 10
4257 11
4257 12
4257 13
4257 14
4257 15
4257 547
4257 548
4257 549
4257 550
4257 551
4257 552
4257 553
4257 554
4257 555
4257 556
4257 557
4257 558
4257 559
4257 560
4257 561
4257 562
4257 563
4257 564
4257 565
4257 566
4257 567
4257 568
4257 569
4257 570
4257 571
4257 572
4257 573
4257 574
4257 575
4258 1
4258 2
4258 3
4258 4
4258 5
4258 6
4258 7
4258 8
4258 9
4258 10
4258 11
4258 12
4258 13
4258 14
4258 15
4258 16
4258 17
4258 18
4258 19
4258 20
4258 21
4258 22
4258 23
4258 24
4258 25
4258 26
4258 27
4258 28
4258 29
4258 30
4258 31
4258 32
4258 33
4258 34
4258 35
4258 36
4258 37
4258 38
4258 39
4258 40
4258 41
4258 42
4258 43
4263 0
4263 1
4263 2
4263 3
4263 4
4263 5
4263 6
4263 7
4263 8
4263 9
4263 10
4263 11
4263 546
4263 547
4263 548
4263 549
4263 550
4263 551
4263 552
4263 553
4263 554
4263 555
4263 556
4263 557
4263 558
4263 559
4263 560
4263 561
4263 562
4263 563
4263 564
4263 565
4263 566
4263 567
4263 568
4263 569
4263 570
4263 571
4263 572
4263 573
4263 574
4263 575
4264 0
4264 1
4264 2
4264 3
4264 4
4264 5
4264 6
4264 7
4264 8
4264 9
4264 10
4264 11
4264 12
4264 13
4264 14
4264 15
4264 16
4264 17
4264 18
4264 19
4264 20
4264 21
4264 22
4264 23
4264 24
4264 25
4264 26
4264 27
4264 28
4264 29
4264 30
4264 31
4264 32
4264 33
4264 34
4264 35
4264 36
4264 37
4264 38
4264 39
4264 40
4264 41
4264 42
4264 573
4264 574
4264 575
4269 0
4269 1
4269 2
4269 3
4269 4
4269 5
4269 6
4269 7
4269 8
4269 546
4269 547
4269 548
4269 549
4269 550
4269 551
4269 552
4269 553
4269 554
4269 555
4269 556
4269 557
4269 558
4269 559
4269 560
4269 561
4269 562
4269 563
4269 564
4269 565
4269 566
4269 567
4269 568
4269 569
4269 570
4269 571
4269 572
4269 573
4269 574
4269 575
4270 0
4270 1
4270 2
4270 3
4270 4
4270 5
4270 6
4270 7
4270 8
4270 9
4270 10
4270 11
4270 12
4270 13
4270 14
4270 15
4270 16
4270 17
4270 18
4270 19
4270 20
4270 21
4270 22
4270 23
4270 24
4270 25
4270 26
4270 27
4270 28
4270 29
4270 30
4270 31
4270 32
4270 33
4270 34
4270 35
4270 36
4270 37
4270 38
4270 39
4270 40
4270 569
4270 570
4270 571
4270 572
4270 573
4270 574
4270 575
4275 0
4275 1
4275 2
4275 3
4275 546
4275 547
4275 548
4275 549
4275 550
4275 551
4275 552
4275 553
4275 554
4275 555
4275 556
4275 557
4275 558
4275 559
4275 560
4275 561
4275 562
4275 563
4275 564
4275 565
4275 566
4275 567
4275 568
4275 569
4275 570
4275 571
4275 572
4275 573
4275 574
4275 575
4276 0
4276 1
4276 2
4276 3
4276 4
4276 5
4276 6
4276 7
4276 8
4276 9
4276 10
4276 11
4276 12
4276 13
4276 14
4276 15
4276 16
4276 17
4276 18
4276 19
4276 20
4276 21
4276 22
4276 23
4276 24
4276 25
4276 26
4276 27
4276 28
4276 29
4276 30
4276 31
4276 32
4276 33
4276 34
4276 35
4276 36
4276 37
4276 38
4276 39
4276 565
4276 566
4276 567
4276 568
4276 569
4276 570
4276 571
4276 572
4276 573
4276 574
4276 575
4281 547
4281 548
4281 549
4281 550
4281 551
4281 552
4281 553
4281 554
4281 555
4281 556
4281 557
4281 558
4281 559
4281 560
4281 561
4281 562
4281 563
4281 564
4281 565
4281 566
4281 567
4281 568
4281 569
4281 570
4281 571
4281 572
4281 573
4281 574
4281 575
4282 0
4282 1
4282 2
4282 3
4282 4
4282 5
4282 6
4282 7
4282 8
4282 9
4282 10
4282 11
4282 12
4282 13
4282 14
4282 15
4282 16
4282 17
4282 18
4282 19
4282 20
4282 21
4282 22
4282 23
4282 24
4282 25
4282 26
4282 27
4282 28
4282 29
4282 30
4282 31
4282 32
4282 33
4282 34
4282 35
4282 36
4282 37
4282 562
4282 563
4282 564
4282 565
4282 566
4282 567
4282 568
4282 569
4282 570
4282 571
4282 572
4282 573
4282 574
4282 575
4287 549
4287 550
4287 551
4287 552
4287 553
4287 554
4287 555
4287 556
4287 557
4287 558
4287 559
4287 560
4287 561
4287 562
4287 563
4287 564
4287 565
4287 566
4287 567
4287 568
4287 569
4288 0
4288 1
4288 2
4288 3
4288 4
4288 5
4288 6
4288 7
4288 8
4288 9
4288 10
4288 11
4288 12
4288 13
4288 14
4288 15
4288 16
4288 17
4288 18
4288 19
4288 20
4288 21
4288 22
4288 23
4288 24
4288 25
4288 26
4288 27
4288 28
4288 29
4288 30
4288 31
4288 32
4288 33
4288 34
4288 35
4288 559
4288 560
4288 561
4288 562
4288 563
4288 564
4288 565
4288 566
4288 567
4288 568
4288 569
4288 570
4288 571
4288 572
4288 573
4288 574
4288 575
4293 556
4293 557
4294 0
4294 1
4294 2
4294 3
4294 4
4294 5
4294 6
4294 7
4294 8
4294 9
4294 10
4294 11
4294 12
4294 13
4294 14
4294 15
4294 16
4294 17
4294 18
4294 19
4294 20
4294 21
4294 22
4294 23
4294 24
4294 25
4294 26
4294 27
4294 28
4294 29
4294 30
4294 31
4294 32
4294 33
4294 556
4294 557
4294 558
4294 559
4294 560
4294 561
4294 562
4294 563
4294 564
4294 565
4294 566
4294 567
4294 568
4294 569
4294 570
4294 571
4294 572
4294 573
4294 574
4294 575
4295 31
4295 32
4295 33
4295 34
4295 35
4295 36
4295 37
4295 38
4295 39
4295 40
4295 41
4295 42
4295 43
4295 44
4295 45
4295 46
4295 47
4300 0
4300 1
4300 2
4300 3
4300 4
4300 5
4300 6
4300 7
4300 8
4300 9
4300 10
4300 11
4300 12
4300 13
4300 14
4300 15
4300 16
4300 17
4300 18
4300 19
4300 20
4300 21
4300 22
4300 23
4300 24
4300 25
4300 26
4300 27
4300 28
4300 29
4300 30
4300 31
4300 554
4300 555
4300 556
4300 557
4300 558
4300 559
4300 560
4300 561
4300 562
4300 563
4300 564
4300 565
4300 566
4300 567
4300 568
4300 569
4300 570
4300 571
4300 572
4300 573
4300 574
4300 575
4301 23
4301 24
4301 25
4301 26
4301 27
4301 28
4301 29
4301 30
4301 31
4301 32
4301 33
4301 34
4301 35
4301 36
4301 37
4301 38
4301 39
4301 40
4301 41
4301 42
4301 43
4301 44
4301 45
4301 46
4301 47
4301 48
4301 49
4306 0
4306 1
4306 2
4306 3
4306 4
4306 5
4306 6
4306 7
4306 8
4306 9
4306 10
4306 11
4306 12
4306 13
4306 14
4306 15
4306 16
4306 17
4306 18
4306 19
4306 20
4306 21
4306 22
4306 23
4306 24
4306 25
4306 26
4306 27
4306 28
4306 29
4306 552
4306 553
4306 554
4306 555
4306 556
4306 557
4306 558
4306 559
4306 560
4306 561
4306 562
4306 563
4306 564
4306 565
4306 566
4306 567
4306 568
4306 569
4306 570
4306 571
4306 572
4306 573
4306 574
4306 575
4307 17
4307 18
4307 19
4307 20
4307 21
4307 22
4307 23
4307 24
4307 25
4307 26
4307 27
4307 28
4307 29
4307 30
4307 31
4307 32
4307 33
4307 34
4307 35
4307 36
4307 37
4307 38
4307 39
4307 40
4307 41
4307 42
4307 43
4307 44
4307 45
4307 46
4307 47
4307 48
4307 49
4312 0
4312 1
4312 2
4312 3
4312 4
4312 5
4312 6
4312 7
4312 8
4312 9
4312 10
4312 11
4312 12
4312 13
4312 14
4312 15
4312 16
4312 17
4312 18
4312 19
4312 20
4312 21
4312 22
4312 23
4312 24
4312 25
4312 26
4312 550
4312 551
4312 552
4312 553
4312 554
4312 555
4312 556
4312 557
4312 558
4312 559
4312 560
4312 561
4312 562
4312 563
4312 564
4312 565
4312 566
4312 567
4312 568
4312 569
4312 570
4312 571
4312 572
4312 573
4312 574
4312 575
4313 12
4313 13
4313 14
4313 15
4313 16
4313 17
4313 18
4313 19
4313 20
4313 21
4313 22
4313 23
4313 24
4313 25
4313 26
4313 27
4313 28
4313 29
4313 30
4313 31
4313 32
4313 33
4313 34
4313 35
4313 36
4313 37
4313 38
4313 39
4313 40
4313 41
4313 42
4313 43
4313 44
4313 45
4313 46
4313 47
4313 48
4313 49
4318 0
4318 1
4318 2
4318 3
4318 4
4318 5
4318 6
4318 7
4318 8
4318 9
4318 10
4318 11
4318 12
4318 13
4318 14
4318 15
4318 16
4318 17
4318 18
4318 19
4318 20
4318 21
4318 22
4318 23
4318 549
4318 550
4318 551
4318 552
4318 553
4318 554
4318 555
4318 556
4318 557
4318 558
4318 559
4318 560
4318 561
4318 562
4318 563
4318 564
4318 565
4318 566
4318 567
4318 568
4318 569
4318 570
4318 571
4318 572
4318 573
4318 574
4318 575
4319 7
4319 8
4319 9
4319 10
4319 11
4319 12
4319 13
4319 14
4319 15
4319 16
4319 17
4319 18
4319 19
4319 20
4319 21
4319 22
4319 23
4319 24
4319 25
4319 26
4319 27
4319 28
4319 29
4319 30
4319 31
4319 32
4319 33
4319 34
4319 35
4319 36
4319 37
4319 38
4319 39
4319 40
4319 41
4319 42
4319 43
4319 44
4319 45
4319 46
4319 47
4319 48
4319 49
4324 0
4324 1
4324 2
4324 3
4324 4
4324 5
4324 6
4324 7
4324 8
4324 9
4324 10
4324 11
4324 12
4324 13
4324 14
4324 15
4324 16
4324 17
4324 18
4324 19
4324 20
4324 548
4324 549
4324 550
4324 551
4324 552
4324 553
4324 554
4324 555
4324 556
4324 557
4324 558
4324 559
4324 560
4324 561
4324 562
4324 563
4324 564
4324 565
4324 566
4324 567
4324 568
4324 569
4324 570
4324 571
4324 572
4324 573
4324 574
4324 575
4325 2
4325 3
4325 4
4325 5
4325 6
4325 7
4325 8
4325 9
4325 10
4325 11
4325 12
4325 13
4325 14
4325 15
4325 16
4325 17
4325 18
4325 19
4325 20
4325 21
4325 22
4325 23
4325 24
4325 25
4325 26
4325 27
4325 28
4325 29
4325 30
4325 31
4325 32
4325 33
4325 34
4325 35
4325 36
4325 37
4325 38
4325 39
4325 40
4325 41
4325 42
4325 43
4325 44
4325 45
4325 46
4325 47
4325 48
4330 0
4330 1
4330 2
4330 3
4330 4
4330 5
4330 6
4330 7
4330 8
4330 9
4330 10
4330 11
4330 12
4330 13
4330 14
4330 15
4330 16
4330 547
4330 548
4330 549
4330 550
4330 551
4330 552
4330 553
4330 554
4330 555
4330 556
4330 557
4330 558
4330 559
4330 560
4330 561
4330 562
4330 563
4330 564
4330 565
4330 566
4330 567
4330 568
4330 569
4330 570
4330 571
4330 572
4330 573
4330 574
4330 575
4331 0
4331 1
4331 2
4331 3
4331 4
4331 5
4331 6
4331 7
4331 8
4331 9
4331 10
4331 11
4331 12
4331 13
4331 14
4331 15
4331 16
4331 17
4331 18
4331 19
4331 20
4331 21
4331 22
4331 23
4331 24
4331 25
4331 26
4331 27
4331 28
4331 29
4331 30
4331 31
4331 32
4331 33
4331 34
4331 35
4331 36
4331 37
4331 38
4331 39
4331 40
4331 41
4331 42
4331 43
4331 44
4331 45
4331 46
4331 47
4331 574
4331 575
4336 0
4336 1
4336 2
4336 3
4336 4
4336 5
4336 6
4336 7
4336 8
4336 9
4336 10
4336 11
4336 12
4336 547
4336 548
4336 549
4336 550
4336 551
4336 552
4336 553
4336 554
4336 555
4336 556
4336 557
4336 558
4336 559
4336 560
4336 561
4336 562
4336 563
4336 564
4336 565
4336 566
4336 567
4336 568
4336 569
4336 570
4336 571
4336 572
4336 573
4336 574
4336 575
4337 0
4337 1
4337 2
4337 3
4337 4
4337 5
4337 6
4337 7
4337 8
4337 9
4337 10
4337 11
4337 12
4337 13
4337 14
4337 15
4337 16
4337 17
4337 18
4337 19
4337 20
4337 21
4337 22
4337 23
4337 24
4337 25
4337 26
4337 27
4337 28
4337 29
4337 30
4337 31
4337 32
4337 33
4337 34
4337 35
4337 36
4337 37
4337 38
4337 39
4337 40
4337 41
4337 42
4337 43
4337 44
4337 45
4337 570
4337 571
4337 572
4337 573
4337 574
4337 575
4342 0
4342 1
4342 2
4342 3
4342 4
4342 5
4342 6
4342 7
4342 8
4342 547
4342 548
4342 549
4342 550
4342 551
4342 552
4342 553
4342 554
4342 555
4342 556
4342 557
4342 558
4342 559
4342 560
4342 561
4342 562
4342 563
4342 564
4342 565
4342 566
4342 567
4342 568
4342 569
4342 570
4342 571
4342 572
4342 573
4342 574
4342 575
4343 0
4343 1
4343 2
4343 3
4343 4
4343 5
4343 6
4343 7
4343 8
4343 9
4343 10
4343 11
4343 12
4343 13
4343 14
4343 15
4343 16
4343 17
4343 18
4343 19
4343 20
4343 21
4343 22
4343 23
4343 24
4343 25
4343 26
4343 27
4343 28
4343 29
4343 30
4343 31
4343 32
4343 33
4343 34
4343 35
4343 36
4343 37
4343 38
4343 39
4343 40
4343 41
4343 42
4343 43
4343 44
4343 567
4343 568
4343 569
4343 570
4343 571
4343 572
4343 573
4343 574
4343 575
4348 0
4348 1
4348 2
4348 3
4348 548
4348 549
4348 550
4348 551
4348 552
4348 553
4348 554
4348 555
4348 556
4348 557
4348 558
4348 559
4348 560
4348 561
4348 562
4348 563
4348 564
4348 565
4348 566
4348 567
4348 568
4348 569
4348 570
4348 571
4348 572
4348 573
4348 574
4348 575
4349 0
4349 1
4349 2
4349 3
4349 4
4349 5
4349 6
4349 7
4349 8
4349 9
4349 10
4349 11
4349 12
4349 13
4349 14
4349 15
4349 16
4349 17
4349 18
4349 19
4349 20
4349 21
4349 22
4349 23
4349 24
4349 25
4349 26
4349 27
4349 28
4349 29
4349 30
4349 31
4349 32
4349 33
4349 34
4349 35
4349 36
4349 37
4349 38
4349 39
4349 40
4349 41
4349 42
4349 563
4349 564
4349 565
4349 566
4349 567
4349 568
4349 569
4349 570
4349 571
4349 572
4349 573
4349 574
4349 575
4354 550
4354 551
4354 552
4354 553
4354 554
4354 555
4354 556
4354 557
4354 558
4354 559
4354 560
4354 561
4354 562
4354 563
4354 564
4354 565
4354 566
4354 567
4354 568
4354 569
4354 570
4354 571
4354 572
4355 0
4355 1
4355 2
4355 3
4355 4
4355 5
4355 6
4355 7
4355 8
4355 9
4355 10
4355 11
4355 12
4355 13
4355 14
4355 15
4355 16
4355 17
4355 18
4355 19
4355 20
4355 21
4355 22
4355 23
4355 24
4355 25
4355 26
4355 27
4355 28
4355 29
4355 30
4355 31
4355 32
4355 33
4355 34
4355 35
4355 36
4355 37
4355 38
4355 39
4355 40
4355 561
4355 562
4355 563
4355 564
4355 565
4355 566
4355 567
4355 568
4355 569
4355 570
4355 571
4355 572
4355 573
4355 574
4355 575
4360 559
4361 0
4361 1
4361 2
4361 3
4361 4
4361 5
4361 6
4361 7
4361 8
4361 9
4361 10
4361 11
4361 12
4361 13
4361 14
4361 15
4361 16
4361 17
4361 18
4361 19
4361 20
4361 21
4361 22
4361 23
4361 24
4361 25
4361 26
4361 27
4361 28
4361 29
4361 30
4361 31
4361 32
4361 33
4361 34
4361 35
4361 36
4361 37
4361 558
4361 559
4361 560
4361 561
4361 562
4361 563
4361 564
4361 565
4361 566
4361 567
4361 568
4361 569
4361 570
4361 571
4361 572
4361 573
4361 574
4361 575
4367 0
4367 1
4367 2
4367 3
4367 4
4367 5
4367 6
4367 7
4367 8
4367 9
4367 10
4367 11
4367 12
4367 13
4367 14
4367 15
4367 16
4367 17
4367 18
4367 19
4367 20
4367 21
4367 22
4367 23
4367 24
4367 25
4367 26
4367 27
4367 28
4367 29
4367 30
4367 31
4367 32
4367 33
4367 34
4367 35
4367 556
4367 557
4367 558
4367 559
4367 560
4367 561
4367 562
4367 563
4367 564
4367 565
4367 566
4367 567
4367 568
4367 569
4367 570
4367 571
4367 572
4367 573
4367 574
4367 575
4368 29
4368 30
4368 31
4368 32
4368 33
4368 34
4368 35
4368 36
4368 37
4368 38
4368 39
4368 40
4368 41
4368 42
4368 43
4368 44
4368 45
4368 46
4368 47
4368 48
4373 0
4373 1
4373 2
4373 3
4373 4
4373 5
4373 6
4373 7
4373 8
4373 9
4373 10
4373 11
4373 12
4373 13
4373 14
4373 15
4373 16
4373 17
4373 18
4373 19
4373 20
4373 21
4373 22
4373 23
4373 24
4373 25
4373 26
4373 27
4373 28
4373 29
4373 30
4373 31
4373 32
4373 554
4373 555
4373 556
4373 557
4373 558
4373 559
4373 560
4373 561
4373 562
4373 563
4373 564
4373 565
4373 566
4373 567
4373 568
4373 569
4373 570
4373 571
4373 572
4373 573
4373 574
4373 575
4374 22
4374 23
4374 24
4374 25
4374 26
4374 27
4374 28
4374 29
4374 30
4374 31
4374 32
4374 33
4374 34
4374 35
4374 36
4374 37
4374 38
4374 39
4374 40
4374 41
4374 42
4374 43
4374 44
4374 45
4374 46
4374 47
4374 48
4374 49
4374 50
4379 0
4379 1
4379 2
4379 3
4379 4
4379 5
4379 6
4379 7
4379 8
4379 9
4379 10
4379 11
4379 12
4379 13
4379 14
4379 15
4379 16
4379 17
4379 18
4379 19
4379 20
4379 21
4379 22
4379 23
4379 24
4379 25
4379 26
4379 27
4379 28
4379 29
4379 552
4379 553
4379 554
4379 555
4379 556
4379 557
4379 558
4379 559
4379 560
4379 561
4379 562
4379 563
4379 564
4379 565
4379 566
4379 567
4379 568
4379 569
4379 570
4379 571
4379 572
4379 573
4379 574
4379 575
4380 16
4380 17
4380 18
4380 19
4380 20
4380 21
4380 22
4380 23
4380 24
4380 25
4380 26
4380 27
4380 28
4380 29
4380 30
4380 31
4380 32
4380 33
4380 34
4380 35
4380 36
4380 37
4380 38
4380 39
4380 40
4380 41
4380 42
4380 43
4380 44
4380 45
4380 46
4380 47
4380 48
4380 49
4380 50
