5 240
5 241
5 242
5 243
5 244
5 245
5 246
5 247
5 248
5 249
5 250
5 251
5 252
5 253
5 254
5 255
5 256
5 257
5 258
5 259
5 260
5 261
5 262
5 263
5 264
14 254
14 255
14 256
14 257
14 258
14 259
14 260
14 261
14 262
14 263
14 264
14 265
14 266
14 267
14 268
14 269
16 231
16 232
16 233
16 234
16 235
16 236
16 237
16 238
16 239
16 240
16 241
16 242
16 243
16 244
16 245
16 246
16 247
16 248
16 249
16 250
16 251
16 252
25 238
25 239
25 240
25 241
25 242
25 243
25 244
25 245
25 246
25 247
25 248
25 249
25 250
25 251
25 252
25 253
25 254
25 255
25 256
25 257
25 258
25 259
25 260
25 261
34 250
34 251
34 252
34 253
34 254
34 255
34 256
34 257
34 258
34 259
34 260
34 261
34 262
34 263
34 264
34 265
34 266
34 267
34 268
34 269
36 234
36 235
36 236
36 237
36 238
36 239
36 240
36 241
36 242
36 243
36 244
43 270
45 238
45 239
45 240
45 241
45 242
45 243
45 244
45 245
45 246
45 247
45 248
45 249
45 250
45 251
45 252
45 253
45 254
45 255
45 256
45 257
54 248
54 249
54 250
54 251
54 252
54 253
54 254
54 255
54 256
54 257
54 258
54 259
54 260
54 261
54 262
54 263
54 264
54 265
54 266
63 262
63 263
63 264
63 265
63 266
63 267
63 268
63 269
63 270
63 271
63 272
63 273
65 242
65 243
65 244
65 245
65 246
65 247
65 248
65 249
74 249
74 250
74 251
74 252
74 253
74 254
74 255
74 256
74 257
74 258
74 259
74 260
74 261
83 260
83 261
83 262
83 263
83 264
83 265
83 266
83 267
83 268
83 269
83 270
83 271
112 273
112 274
2536 195
2536 196
2536 197
2536 198
2536 199
2536 200
2536 201
2545 194
2545 195
2545 196
2545 197
2545 198
2545 199
2545 200
2545 201
2545 202
2545 203
2545 204
2545 205
2545 206
2545 207
2545 208
2545 209
2545 210
2545 211
2545 212
2545 213
2545 214
2556 190
2556 191
2556 192
2556 193
2556 194
2556 195
2556 196
2556 197
2556 198
2556 199
2556 200
2556 201
2556 202
2556 203
2556 204
2565 188
2565 189
2565 190
2565 191
2565 192
2565 193
2565 194
2565 195
2565 196
2565 197
2565 198
2565 199
2565 200
2565 201
2565 202
2565 203
2565 204
2565 205
2565 206
2565 207
2565 208
2565 209
2565 210
2565 211
2565 212
2565 213
2565 214
2565 215
2565 216
2565 217
2565 218
2565 219
2565 220
2574 204
2574 205
2574 206
2574 207
2574 208
2574 209
2574 210
2574 211
2574 212
2574 213
2574 214
2574 215
2574 216
2574 217
2576 190
2576 191
2576 192
2576 193
2576 194
2576 195
2576 196
2576 197
2576 198
2576 199
2576 200
2576 201
2576 202
2576 203
2585 184
2585 185
2585 186
2585 187
2585 188
2585 189
2585 190
2585 191
2585 192
2585 193
2585 194
2585 195
2585 196
2585 197
2585 198
2585 199
2585 200
2585 201
2585 202
2585 203
2585 204
2585 205
2585 206
2585 207
2585 208
2585 209
2585 210
2585 211
2585 212
2585 213
2585 214
2585 215
2585 216
2585 217
2585 218
2585 219
2585 220
2585 221
2585 222
2594 194
2594 195
2594 196
2594 197
2594 198
2594 199
2594 200
2594 201
2594 202
2594 203
2594 204
2594 205
2594 206
2594 207
2594 208
2594 209
2594 210
2594 211
2594 212
2594 213
2594 214
2594 215
2594 216
2594 217
2594 218
2594 219
2594 220
2594 221
2594 222
2594 223
2594 224
2594 225
2594 226
2605 182
2605 183
2605 184
2605 185
2605 186
2605 187
2605 188
2605 189
2605 190
2605 191
2605 192
2605 193
2605 194
2605 195
2605 196
2605 197
2605 198
2605 199
2605 200
2605 201
2605 202
2605 203
2605 204
2605 205
2605 206
2605 207
2605 208
2605 209
2605 210
2605 211
2605 212
2605 213
2605 214
2605 215
2605 216
2605 217
2605 218
2605 219
2605 220
2605 221
2605 222
2614 189
2614 190
2614 191
2614 192
2614 193
2614 194
2614 195
2614 196
2614 197
2614 198
2614 199
2614 200
2614 201
2614 202
2614 203
2614 204
2614 205
2614 206
2614 207
2614 208
2614 209
2614 210
2614 211
2614 212
2614 213
2614 214
2614 215
2614 216
2614 217
2614 218
2614 219
2614 220
2614 221
2614 222
2614 223
2614 224
2614 225
2614 226
2614 227
2614 228
2614 229
2625 182
2625 183
2625 184
2625 185
2625 186
2625 187
2625 188
2625 189
2625 190
2625 191
2625 192
2625 193
2625 194
2625 195
2625 196
2625 197
2625 198
2625 199
2625 200
2625 201
2625 202
2625 203
2625 204
2625 205
2625 206
2625 207
2625 208
2625 209
2625 210
2625 211
2625 212
2625 213
2625 214
2625 215
2625 216
2625 217
2625 218
2625 219
2625 220
2625 221
2634 185
2634 186
2634 187
2634 188
2634 189
2634 190
2634 191
2634 192
2634 193
2634 194
2634 195
2634 196
2634 197
2634 198
2634 199
2634 200
2634 201
2634 202
2634 203
2634 204
2634 205
2634 206
2634 207
2634 208
2634 209
2634 210
2634 211
2634 212
2634 213
2634 214
2634 215
2634 216
2634 217
2634 218
2634 219
2634 220
2634 221
2634 222
2634 223
2634 224
2634 225
2634 226
2634 227
2634 228
2634 229
2634 230
2634 231
2643 204
2643 205
2643 206
2643 207
2643 208
2643 209
2643 210
2643 211
2643 212
2643 213
2643 214
2643 215
2643 216
2643 217
2643 218
2643 219
2643 220
2643 221
2643 222
2643 223
2643 224
2643 225
2643 226
2643 227
2643 228
2645 183
2645 184
2645 185
2645 186
2645 187
2645 188
2645 189
2645 190
2645 191
2645 192
2645 193
2645 194
2645 195
2645 196
2645 197
2645 198
2645 199
2645 200
2645 201
2645 202
2645 203
2645 204
2645 205
2645 206
2645 207
2645 208
2645 209
2645 210
2645 211
2645 212
2645 213
2645 214
2645 215
2645 216
2645 217
2645 218
2645 219
2654 184
2654 185
2654 186
2654 187
2654 188
2654 189
2654 190
2654 191
2654 192
2654 193
2654 194
2654 195
2654 196
2654 197
2654 198
2654 199
2654 200
2654 201
2654 202
2654 203
2654 204
2654 205
2654 206
2654 207
2654 208
2654 209
2654 210
2654 211
2654 212
2654 213
2654 214
2654 215
2654 216
2654 217
2654 218
2654 219
2654 220
2654 221
2654 222
2654 223
2654 224
2654 225
2654 226
2654 227
2654 228
2654 229
2654 230
2654 231
2663 198
2663 199
2663 200
2663 201
2663 202
2663 203
2663 204
2663 205
2663 206
2663 207
2663 208
2663 209
2663 210
2663 211
2663 212
2663 213
2663 214
2663 215
2663 216
2663 217
2663 218
2663 219
2663 220
2663 221
2663 222
2663 223
2663 224
2663 225
2663 226
2663 227
2663 228
2663 229
2663 230
2663 231
2663 232
2665 186
2665 187
2665 188
2665 189
2665 190
2665 191
2665 192
2665 193
2665 194
2665 195
2665 196
2665 197
2665 198
2665 199
2665 200
2665 201
2665 202
2665 203
2665 204
2665 205
2665 206
2665 207
2665 208
2665 209
2665 210
2665 211
2665 212
2665 213
2665 214
2665 215
2674 183
2674 184
2674 185
2674 186
2674 187
2674 188
2674 189
2674 190
2674 191
2674 192
2674 193
2674 194
2674 195
2674 196
2674 197
2674 198
2674 199
2674 200
2674 201
2674 202
2674 203
2674 204
2674 205
2674 206
2674 207
2674 208
2674 209
2674 210
2674 211
2674 212
2674 213
2674 214
2674 215
2674 216
2674 217
2674 218
2674 219
2674 220
2674 221
2674 222
2674 223
2674 224
2674 225
2674 226
2674 227
2674 228
2674 229
2674 230
2683 194
2683 195
2683 196
2683 197
2683 198
2683 199
2683 200
2683 201
2683 202
2683 203
2683 204
2683 205
2683 206
2683 207
2683 208
2683 209
2683 210
2683 211
2683 212
2683 213
2683 214
2683 215
2683 216
2683 217
2683 218
2683 219
2683 220
2683 221
2683 222
2683 223
2683 224
2683 225
2683 226
2683 227
2683 228
2683 229
2683 230
2683 231
2683 232
2683 233
2683 234
2685 193
2685 194
2685 195
2685 196
2685 197
2685 198
2685 199
2685 200
2685 201
2685 202
2685 203
2685 204
2685 205
2685 206
2694 184
2694 185
2694 186
2694 187
2694 188
2694 189
2694 190
2694 191
2694 192
2694 193
2694 194
2694 195
2694 196
2694 197
2694 198
2694 199
2694 200
2694 201
2694 202
2694 203
2694 204
2694 205
2694 206
2694 207
2694 208
2694 209
2694 210
2694 211
2694 212
2694 213
2694 214
2694 215
2694 216
2694 217
2694 218
2694 219
2694 220
2694 221
2694 222
2694 223
2694 224
2694 225
2694 226
2694 227
2703 193
2703 194
2703 195
2703 196
2703 197
2703 198
2703 199
2703 200
2703 201
2703 202
2703 203
2703 204
2703 205
2703 206
2703 207
2703 208
2703 209
2703 210
2703 211
2703 212
2703 213
2703 214
2703 215
2703 216
2703 217
2703 218
2703 219
2703 220
2703 221
2703 222
2703 223
2703 224
2703 225
2703 226
2703 227
2703 228
2703 229
2703 230
2703 231
2703 232
2703 233
2703 234
2714 186
2714 187
2714 188
2714 189
2714 190
2714 191
2714 192
2714 193
2714 194
2714 195
2714 196
2714 197
2714 198
2714 199
2714 200
2714 201
2714 202
2714 203
2714 204
2714 205
2714 206
2714 207
2714 208
2714 209
2714 210
2714 211
2714 212
2714 213
2714 214
2714 215
2714 216
2714 217
2714 218
2714 219
2714 220
2714 221
2714 222
2714 223
2723 192
2723 193
2723 194
2723 195
2723 196
2723 197
2723 198
2723 199
2723 200
2723 201
2723 202
2723 203
2723 204
2723 205
2723 206
2723 207
2723 208
2723 209
2723 210
2723 211
2723 212
2723 213
2723 214
2723 215
2723 216
2723 217
2723 218
2723 219
2723 220
2723 221
2723 222
2723 223
2723 224
2723 225
2723 226
2723 227
2723 228
2723 229
2723 230
2723 231
2723 232
2723 233
2732 219
2732 220
2732 221
2732 222
2732 223
2732 224
2732 225
2732 226
2732 227
2734 191
2734 192
2734 193
2734 194
2734 195
2734 196
2734 197
2734 198
2734 199
2734 200
2734 201
2734 202
2734 203
2734 204
2734 205
2734 206
2734 207
2734 208
2734 209
2734 210
2734 211
2734 212
2734 213
2734 214
2734 215
2734 216
2734 217
2743 194
2743 195
2743 196
2743 197
2743 198
2743 199
2743 200
2743 201
2743 202
2743 203
2743 204
2743 205
2743 206
2743 207
2743 208
2743 209
2743 210
2743 211
2743 212
2743 213
2743 214
2743 215
2743 216
2743 217
2743 218
2743 219
2743 220
2743 221
2743 222
2743 223
2743 224
2743 225
2743 226
2743 227
2743 228
2743 229
2743 230
2752 215
2752 216
2752 217
2752 218
2752 219
2752 220
2752 221
2752 222
2752 223
2752 224
2752 225
2752 226
2752 227
2752 228
2752 229
2763 197
2763 198
2763 199
2763 200
2763 201
2763 202
2763 203
2763 204
2763 205
2763 206
2763 207
2763 208
2763 209
2763 210
2763 211
2763 212
2763 213
2763 214
2763 215
2763 216
2763 217
2763 218
2763 219
2763 220
2763 221
2763 222
2763 223
2763 224
2763 225
2763 226
2772 216
2772 217
2772 218
2772 219
2772 220
2772 221
2772 222
2772 223
2772 224
2772 225
2772 226
2783 204
2783 205
2783 206
2783 207
2783 208
2783 209
2783 210
2783 211
2783 212
2783 213
2783 214
2783 215
2783 216
2783 217
4261 238
4261 239
4261 240
4261 241
4261 242
4261 243
4261 244
4270 244
4270 245
4270 246
4270 247
4270 248
4270 249
4270 250
4281 233
4281 234
4281 235
4281 236
4281 237
4281 238
4281 239
4281 240
4281 241
4281 242
4281 243
4281 244
4281 245
4290 235
4290 236
4290 237
4290 238
4290 239
4290 240
4290 241
4290 242
4290 243
4290 244
4290 245
4290 246
4290 247
4290 248
4290 249
4290 250
4290 251
4290 252
4290 253
4290 254
4299 249
4299 250
4299 251
4299 252
4299 253
4299 254
4299 255
4301 231
4301 232
4301 233
4301 234
4301 235
4301 236
4301 237
4301 238
4301 239
4301 240
4301 241
4301 242
4310 231
4310 232
4310 233
4310 234
4310 235
4310 236
4310 237
4310 238
4310 239
4310 240
4310 241
4310 242
4310 243
4310 244
4310 245
4310 246
4310 247
4310 248
4310 249
4310 250
4310 251
4310 252
4310 253
4310 254
4319 240
4319 241
4319 242
4319 243
4319 244
4319 245
4319 246
4319 247
4319 248
4319 249
4319 250
4319 251
4319 252
4319 253
4319 254
4319 255
4319 256
4319 257
4319 258
4319 259
4319 260
4321 234
4321 235
4330 229
4330 230
4330 231
4330 232
4330 233
4330 234
4330 235
4330 236
4330 237
4330 238
4330 239
4330 240
4330 241
4330 242
4330 243
4330 244
4330 245
4330 246
4330 247
4330 248
4330 249
4330 250
4330 251
4330 252
4339 235
4339 236
4339 237
4339 238
4339 239
4339 240
4339 241
4339 242
4339 243
4339 244
4339 245
4339 246
4339 247
4339 248
4339 249
4339 250
4339 251
4339 252
4339 253
4339 254
4339 255
4339 256
4339 257
4339 258
4339 259
4339 260
4348 249
4348 250
4348 251
4348 252
4348 253
4348 254
4348 255
4348 256
4348 257
4348 258
4348 259
4348 260
4348 261
4348 262
4348 263
4348 264
4350 228
4350 229
4350 230
4350 231
4350 232
4350 233
4350 234
4350 235
4350 236
4350 237
4350 238
4350 239
4350 240
4350 241
4350 242
4350 243
4350 244
4350 245
4350 246
4350 247
4350 248
4350 249
4359 232
4359 233
4359 234
4359 235
4359 236
4359 237
4359 238
4359 239
4359 240
4359 241
4359 242
4359 243
4359 244
4359 245
4359 246
4359 247
4359 248
4359 249
4359 250
4359 251
4359 252
4359 253
4359 254
4359 255
4359 256
4359 257
4359 258
4359 259
4368 243
4368 244
4368 245
4368 246
4368 247
4368 248
4368 249
4368 250
4368 251
4368 252
4368 253
4368 254
4368 255
4368 256
4368 257
4368 258
4368 259
4368 260
4368 261
4368 262
4368 263
4368 264
4368 265
4370 229
4370 230
4370 231
4370 232
4370 233
4370 234
4370 235
4370 236
4370 237
4370 238
4370 239
4370 240
4370 241
4370 242
4370 243
4370 244
4379 231
4379 232
4379 233
4379 234
4379 235
4379 236
4379 237
4379 238
4379 239
4379 240
4379 241
4379 242
4379 243
4379 244
4379 245
4379 246
4379 247
4379 248
4379 249
4379 250
4379 251
4379 252
4379 253
4379 254
4379 255
4379 256
