447 14
447 15
447 16
447 17
447 18
447 19
447 20
447 21
447 22
447 23
447 24
447 25
447 26
447 27
447 28
447 29
447 30
447 31
447 32
447 33
457 8
457 9
457 10
457 11
457 12
457 13
457 14
457 15
457 16
457 17
457 18
457 19
457 20
457 21
457 22
457 23
457 24
457 25
457 26
457 27
457 28
457 29
457 30
457 31
457 32
457 33
457 34
457 35
457 36
467 3
467 4
467 5
467 6
467 7
467 8
467 9
467 10
467 11
467 12
467 13
467 14
467 15
467 16
467 17
467 18
467 19
467 20
467 21
467 22
467 23
467 24
467 25
467 26
467 27
467 28
467 29
467 30
467 31
467 32
467 33
467 34
467 35
467 36
467 37
474 33
474 34
474 35
474 36
474 37
474 38
474 39
474 40
477 0
477 1
477 2
477 3
477 4
477 5
477 6
477 7
477 8
477 9
477 10
477 11
477 12
477 13
477 14
477 15
477 16
477 17
477 18
477 19
477 20
477 21
477 22
477 23
477 24
477 25
477 26
477 27
477 28
477 29
477 30
477 31
477 32
477 33
477 34
477 35
477 36
477 37
477 574
477 575
484 23
484 24
484 25
484 26
484 27
484 28
484 29
484 30
484 31
484 32
484 33
484 34
484 35
484 36
484 37
484 38
484 39
484 40
484 41
484 42
484 43
484 44
484 45
484 46
487 0
487 1
487 2
487 3
487 4
487 5
487 6
487 7
487 8
487 9
487 10
487 11
487 12
487 13
487 14
487 15
487 16
487 17
487 18
487 19
487 20
487 21
487 22
487 23
487 24
487 25
487 26
487 27
487 28
487 29
487 30
487 31
487 32
487 33
487 34
487 35
487 36
487 37
487 570
487 571
487 572
487 573
487 574
487 575
494 16
494 17
494 18
494 19
494 20
494 21
494 22
494 23
494 24
494 25
494 26
494 27
494 28
494 29
494 30
494 31
494 32
494 33
494 34
494 35
494 36
494 37
494 38
494 39
494 40
494 41
494 42
494 43
494 44
494 45
494 46
494 47
494 48
494 49
497 0
497 1
497 2
497 3
497 4
497 5
497 6
497 7
497 8
497 9
497 10
497 11
497 12
497 13
497 14
497 15
497 16
497 17
497 18
497 19
497 20
497 21
497 22
497 23
497 24
497 25
497 26
497 27
497 28
497 29
497 30
497 31
497 32
497 33
497 34
497 35
497 36
497 37
497 566
497 567
497 568
497 569
497 570
497 571
497 572
497 573
497 574
497 575
504 11
504 12
504 13
504 14
504 15
504 16
504 17
504 18
504 19
504 20
504 21
504 22
504 23
504 24
504 25
504 26
504 27
504 28
504 29
504 30
504 31
504 32
504 33
504 34
504 35
504 36
504 37
504 38
504 39
504 40
504 41
504 42
504 43
504 44
504 45
504 46
504 47
504 48
504 49
504 50
507 0
507 1
507 2
507 3
507 4
507 5
507 6
507 7
507 8
507 9
507 10
507 11
507 12
507 13
507 14
507 15
507 16
507 17
507 18
507 19
507 20
507 21
507 22
507 23
507 24
507 25
507 26
507 27
507 28
507 29
507 30
507 31
507 32
507 33
507 34
507 35
507 36
507 562
507 563
507 564
507 565
507 566
507 567
507 568
507 569
507 570
507 571
507 572
507 573
507 574
507 575
514 6
514 7
514 8
514 9
514 10
514 11
514 12
514 13
514 14
514 15
514 16
514 17
514 18
514 19
514 20
514 21
514 22
514 23
514 24
514 25
514 26
514 27
514 28
514 29
514 30
514 31
514 32
514 33
514 34
514 35
514 36
514 37
514 38
514 39
514 40
514 41
514 42
514 43
514 44
514 45
514 46
514 47
514 48
514 49
514 50
514 51
517 0
517 1
517 2
517 3
517 4
517 5
517 6
517 7
517 8
517 9
517 10
517 11
517 12
517 13
517 14
517 15
517 16
517 17
517 18
517 19
517 20
517 21
517 22
517 23
517 24
517 25
517 26
517 27
517 28
517 29
517 30
517 31
517 32
517 33
517 34
517 35
517 559
517 560
517 561
517 562
517 563
517 564
517 565
517 566
517 567
517 568
517 569
517 570
517 571
517 572
517 573
517 574
517 575
524 1
524 2
524 3
524 4
524 5
524 6
524 7
524 8
524 9
524 10
524 11
524 12
524 13
524 14
524 15
524 16
524 17
524 18
524 19
524 20
524 21
524 22
524 23
524 24
524 25
524 26
524 27
524 28
524 29
524 30
524 31
524 32
524 33
524 34
524 35
524 36
524 37
524 38
524 39
524 40
524 41
524 42
524 43
524 44
524 45
524 46
524 47
524 48
524 49
524 50
524 51
524 52
527 0
527 1
527 2
527 3
527 4
527 5
527 6
527 7
527 8
527 9
527 10
527 11
527 12
527 13
527 14
527 15
527 16
527 17
527 18
527 19
527 20
527 21
527 22
527 23
527 24
527 25
527 26
527 27
527 28
527 29
527 30
527 31
527 32
527 33
527 555
527 556
527 557
527 558
527 559
527 560
527 561
527 562
527 563
527 564
527 565
527 566
527 567
527 568
527 569
527 570
527 571
527 572
527 573
527 574
527 575
534 0
534 1
534 2
534 3
534 4
534 5
534 6
534 7
534 8
534 9
534 10
534 11
534 12
534 13
534 14
534 15
534 16
534 17
534 18
534 19
534 20
534 21
534 22
534 23
534 24
534 25
534 26
534 27
534 28
534 29
534 30
534 31
534 32
534 33
534 34
534 35
534 36
534 37
534 38
534 39
534 40
534 41
534 42
534 43
534 44
534 45
534 46
534 47
534 48
534 49
534 50
534 51
534 52
534 573
534 574
534 575
537 0
537 1
537 2
537 3
537 4
537 5
537 6
537 7
537 8
537 9
537 10
537 11
537 12
537 13
537 14
537 15
537 16
537 17
537 18
537 19
537 20
537 21
537 22
537 23
537 24
537 25
537 26
537 27
537 28
537 29
537 30
537 31
537 552
537 553
537 554
537 555
537 556
537 557
537 558
537 559
537 560
537 561
537 562
537 563
537 564
537 565
537 566
537 567
537 568
537 569
537 570
537 571
537 572
537 573
537 574
537 575
541 34
541 35
541 36
541 37
541 38
541 39
541 40
541 41
541 42
541 43
541 44
541 45
541 46
541 47
541 48
544 0
544 1
544 2
544 3
544 4
544 5
544 6
544 7
544 8
544 9
544 10
544 11
544 12
544 13
544 14
544 15
544 16
544 17
544 18
544 19
544 20
544 21
544 22
544 23
544 24
544 25
544 26
544 27
544 28
544 29
544 30
544 31
544 32
544 33
544 34
544 35
544 36
544 37
544 38
544 39
544 40
544 41
544 42
544 43
544 44
544 45
544 46
544 47
544 48
544 49
544 50
544 51
544 569
544 570
544 571
544 572
544 573
544 574
544 575
547 0
547 1
547 2
547 3
547 4
547 5
547 6
547 7
547 8
547 9
547 10
547 11
547 12
547 13
547 14
547 15
547 16
547 17
547 18
547 19
547 20
547 21
547 22
547 23
547 24
547 25
547 26
547 27
547 28
547 29
547 549
547 550
547 551
547 552
547 553
547 554
547 555
547 556
547 557
547 558
547 559
547 560
547 561
547 562
547 563
547 564
547 565
547 566
547 567
547 568
547 569
547 570
547 571
547 572
547 573
547 574
547 575
551 25
551 26
551 27
551 28
551 29
551 30
551 31
551 32
551 33
551 34
551 35
551 36
551 37
551 38
551 39
551 40
551 41
551 42
551 43
551 44
551 45
551 46
551 47
551 48
551 49
551 50
551 51
551 52
551 53
554 0
554 1
554 2
554 3
554 4
554 5
554 6
554 7
554 8
554 9
554 10
554 11
554 12
554 13
554 14
554 15
554 16
554 17
554 18
554 19
554 20
554 21
554 22
554 23
554 24
554 25
554 26
554 27
554 28
554 29
554 30
554 31
554 32
554 33
554 34
554 35
554 36
554 37
554 38
554 39
554 40
554 41
554 42
554 43
554 44
554 45
554 46
554 47
554 48
554 49
554 50
554 51
554 565
554 566
554 567
554 568
554 569
554 570
554 571
554 572
554 573
554 574
554 575
557 0
557 1
557 2
557 3
557 4
557 5
557 6
557 7
557 8
557 9
557 10
557 11
557 12
557 13
557 14
557 15
557 16
557 17
557 18
557 19
557 20
557 21
557 22
557 23
557 24
557 25
557 26
557 547
557 548
557 549
557 550
557 551
557 552
557 553
557 554
557 555
557 556
557 557
557 558
557 559
557 560
557 561
557 562
557 563
557 564
557 565
557 566
557 567
557 568
557 569
557 570
557 571
557 572
557 573
557 574
557 575
561 19
561 20
561 21
561 22
561 23
561 24
561 25
561 26
561 27
561 28
561 29
561 30
561 31
561 32
561 33
561 34
561 35
561 36
561 37
561 38
561 39
561 40
561 41
561 42
561 43
561 44
561 45
561 46
561 47
561 48
561 49
561 50
561 51
561 52
561 53
561 54
561 55
564 0
564 1
564 2
564 3
564 4
564 5
564 6
564 7
564 8
564 9
564 10
564 11
564 12
564 13
564 14
564 15
564 16
564 17
564 18
564 19
564 20
564 21
564 22
564 23
564 24
564 25
564 26
564 27
564 28
564 29
564 30
564 31
564 32
564 33
564 34
564 35
564 36
564 37
564 38
564 39
564 40
564 41
564 42
564 43
564 44
564 45
564 46
564 47
564 48
564 49
564 50
564 561
564 562
564 563
564 564
564 565
564 566
564 567
564 568
564 569
564 570
564 571
564 572
564 573
564 574
564 575
567 0
567 1
567 2
567 3
567 4
567 5
567 6
567 7
567 8
567 9
567 10
567 11
567 12
567 13
567 14
567 15
567 16
567 17
567 18
567 19
567 20
567 21
567 22
567 23
567 544
567 545
567 546
567 547
567 548
567 549
567 550
567 551
567 552
567 553
567 554
567 555
567 556
567 557
567 558
567 559
567 560
567 561
567 562
567 563
567 564
567 565
567 566
567 567
567 568
567 569
567 570
567 571
567 572
567 573
567 574
567 575
571 13
571 14
571 15
571 16
571 17
571 18
571 19
571 20
571 21
571 22
571 23
571 24
571 25
571 26
571 27
571 28
571 29
571 30
571 31
571 32
571 33
571 34
571 35
571 36
571 37
571 38
571 39
571 40
571 41
571 42
571 43
571 44
571 45
571 46
571 47
571 48
571 49
571 50
571 51
571 52
571 53
571 54
571 55
571 56
574 0
574 1
574 2
574 3
574 4
574 5
574 6
574 7
574 8
574 9
574 10
574 11
574 12
574 13
574 14
574 15
574 16
574 17
574 18
574 19
574 20
574 21
574 22
574 23
574 24
574 25
574 26
574 27
574 28
574 29
574 30
574 31
574 32
574 33
574 34
574 35
574 36
574 37
574 38
574 39
574 40
574 41
574 42
574 43
574 44
574 45
574 46
574 47
574 48
574 49
574 557
574 558
574 559
574 560
574 561
574 562
574 563
574 564
574 565
574 566
574 567
574 568
574 569
574 570
574 571
574 572
574 573
574 574
574 575
577 0
577 1
577 2
577 3
577 4
577 5
577 6
577 7
577 8
577 9
577 10
577 11
577 12
577 13
577 14
577 15
577 16
577 17
577 18
577 19
577 20
577 542
577 543
577 544
577 545
577 546
577 547
577 548
577 549
577 550
577 551
577 552
577 553
577 554
577 555
577 556
577 557
577 558
577 559
577 560
577 561
577 562
577 563
577 564
577 565
577 566
577 567
577 568
577 569
577 570
577 571
577 572
577 573
577 574
577 575
581 8
581 9
581 10
581 11
581 12
581 13
581 14
581 15
581 16
581 17
581 18
581 19
581 20
581 21
581 22
581 23
581 24
581 25
581 26
581 27
581 28
581 29
581 30
581 31
581 32
581 33
581 34
581 35
581 36
581 37
581 38
581 39
581 40
581 41
581 42
581 43
581 44
581 45
581 46
581 47
581 48
581 49
581 50
581 51
581 52
581 53
581 54
581 55
581 56
581 57
584 0
584 1
584 2
584 3
584 4
584 5
584 6
584 7
584 8
584 9
584 10
584 11
584 12
584 13
584 14
584 15
584 16
584 17
584 18
584 19
584 20
584 21
584 22
584 23
584 24
584 25
584 26
584 27
584 28
584 29
584 30
584 31
584 32
584 33
584 34
584 35
584 36
584 37
584 38
584 39
584 40
584 41
584 42
584 43
584 44
584 45
584 46
584 47
584 48
584 554
584 555
584 556
584 557
584 558
584 559
584 560
584 561
584 562
584 563
584 564
584 565
584 566
584 567
584 568
584 569
584 570
584 571
584 572
584 573
584 574
584 575
587 0
587 1
587 2
587 3
587 4
587 5
587 6
587 7
587 8
587 9
587 10
587 11
587 12
587 13
587 14
587 15
587 16
587 540
587 541
587 542
587 543
587 544
587 545
587 546
587 547
587 548
587 549
587 550
587 551
587 552
587 553
587 554
587 555
587 556
587 557
587 558
587 559
587 560
587 561
587 562
587 563
587 564
587 565
587 566
587 567
587 568
587 569
587 570
587 571
587 572
587 573
587 574
587 575
591 3
591 4
591 5
591 6
591 7
591 8
591 9
591 10
591 11
591 12
591 13
591 14
591 15
591 16
591 17
591 18
591 19
591 20
591 21
591 22
591 23
591 24
591 25
591 26
591 27
591 28
591 29
591 30
591 31
591 32
591 33
591 34
591 35
591 36
591 37
591 38
591 39
591 40
591 41
591 42
591 43
591 44
591 45
591 46
591 47
591 48
591 49
591 50
591 51
591 52
591 53
591 54
591 55
591 56
591 57
591 58
594 0
594 1
594 2
594 3
594 4
594 5
594 6
594 7
594 8
594 9
594 10
594 11
594 12
594 13
594 14
594 15
594 16
594 17
594 18
594 19
594 20
594 21
594 22
594 23
594 24
594 25
594 26
594 27
594 28
594 29
594 30
594 31
594 32
594 33
594 34
594 35
594 36
594 37
594 38
594 39
594 40
594 41
594 42
594 43
594 44
594 45
594 46
594 551
594 552
594 553
594 554
594 555
594 556
594 557
594 558
594 559
594 560
594 561
594 562
594 563
594 564
594 565
594 566
594 567
594 568
594 569
594 570
594 571
594 572
594 573
594 574
594 575
597 0
597 1
597 2
597 3
597 4
597 5
597 6
597 7
597 8
597 9
597 10
597 11
597 12
597 539
597 540
597 541
597 542
597 543
597 544
597 545
597 546
597 547
597 548
597 549
597 550
597 551
597 552
597 553
597 554
597 555
597 556
597 557
597 558
597 559
597 560
597 561
597 562
597 563
597 564
597 565
597 566
597 567
597 568
597 569
597 570
597 571
597 572
597 573
597 574
597 575
601 0
601 1
601 2
601 3
601 4
601 5
601 6
601 7
601 8
601 9
601 10
601 11
601 12
601 13
601 14
601 15
601 16
601 17
601 18
601 19
601 20
601 21
601 22
601 23
601 24
601 25
601 26
601 27
601 28
601 29
601 30
601 31
601 32
601 33
601 34
601 35
601 36
601 37
601 38
601 39
601 40
601 41
601 42
601 43
601 44
601 45
601 46
601 47
601 48
601 49
601 50
601 51
601 52
601 53
601 54
601 55
601 56
601 57
601 58
601 575
604 0
604 1
604 2
604 3
604 4
604 5
604 6
604 7
604 8
604 9
604 10
604 11
604 12
604 13
604 14
604 15
604 16
604 17
604 18
604 19
604 20
604 21
604 22
604 23
604 24
604 25
604 26
604 27
604 28
604 29
604 30
604 31
604 32
604 33
604 34
604 35
604 36
604 37
604 38
604 39
604 40
604 41
604 42
604 43
604 44
604 547
604 548
604 549
604 550
604 551
604 552
604 553
604 554
604 555
604 556
604 557
604 558
604 559
604 560
604 561
604 562
604 563
604 564
604 565
604 566
604 567
604 568
604 569
604 570
604 571
604 572
604 573
604 574
604 575
607 0
607 1
607 2
607 3
607 4
607 5
607 6
607 7
607 537
607 538
607 539
607 540
607 541
607 542
607 543
607 544
607 545
607 546
607 547
607 548
607 549
607 550
607 551
607 552
607 553
607 554
607 555
607 556
607 557
607 558
607 559
607 560
607 561
607 562
607 563
607 564
607 565
607 566
607 567
607 568
607 569
607 570
607 571
607 572
607 573
607 574
607 575
611 0
611 1
611 2
611 3
611 4
611 5
611 6
611 7
611 8
611 9
611 10
611 11
611 12
611 13
611 14
611 15
611 16
611 17
611 18
611 19
611 20
611 21
611 22
611 23
611 24
611 25
611 26
611 27
611 28
611 29
611 30
611 31
611 32
611 33
611 34
611 35
611 36
611 37
611 38
611 39
611 40
611 41
611 42
611 43
611 44
611 45
611 46
611 47
611 48
611 49
611 50
611 51
611 52
611 53
611 54
611 55
611 56
611 57
611 571
611 572
611 573
611 574
611 575
614 0
614 1
614 2
614 3
614 4
614 5
614 6
614 7
614 8
614 9
614 10
614 11
614 12
614 13
614 14
614 15
614 16
614 17
614 18
614 19
614 20
614 21
614 22
614 23
614 24
614 25
614 26
614 27
614 28
614 29
614 30
614 31
614 32
614 33
614 34
614 35
614 36
614 37
614 38
614 39
614 40
614 41
614 42
614 544
614 545
614 546
614 547
614 548
614 549
614 550
614 551
614 552
614 553
614 554
614 555
614 556
614 557
614 558
614 559
614 560
614 561
614 562
614 563
614 564
614 565
614 566
614 567
614 568
614 569
614 570
614 571
614 572
614 573
614 574
614 575
617 0
617 1
617 537
617 538
617 539
617 540
617 541
617 542
617 543
617 544
617 545
617 546
617 547
617 548
617 549
617 550
617 551
617 552
617 553
617 554
617 555
617 556
617 557
617 558
617 559
617 560
617 561
617 562
617 563
617 564
617 565
617 566
617 567
617 568
617 569
617 570
617 571
617 572
617 573
617 574
617 575
621 0
621 1
621 2
621 3
621 4
621 5
621 6
621 7
621 8
621 9
621 10
621 11
621 12
621 13
621 14
621 15
621 16
621 17
621 18
621 19
621 20
621 21
621 22
621 23
621 24
621 25
621 26
621 27
621 28
621 29
621 30
621 31
621 32
621 33
621 34
621 35
621 36
621 37
621 38
621 39
621 40
621 41
621 42
621 43
621 44
621 45
621 46
621 47
621 48
621 49
621 50
621 51
621 52
621 53
621 54
621 55
621 56
621 57
621 567
621 568
621 569
621 570
621 571
621 572
621 573
621 574
621 575
624 0
624 1
624 2
624 3
624 4
624 5
624 6
624 7
624 8
624 9
624 10
624 11
624 12
624 13
624 14
624 15
624 16
624 17
624 18
624 19
624 20
624 21
624 22
624 23
624 24
624 25
624 26
624 27
624 28
624 29
624 30
624 31
624 32
624 33
624 34
624 35
624 36
624 37
624 38
624 39
624 40
624 541
624 542
624 543
624 544
624 545
624 546
624 547
624 548
624 549
624 550
624 551
624 552
624 553
624 554
624 555
624 556
624 557
624 558
624 559
624 560
624 561
624 562
624 563
624 564
624 565
624 566
624 567
624 568
624 569
624 570
624 571
624 572
624 573
624 574
624 575
627 538
627 539
627 540
627 541
627 542
627 543
627 544
627 545
627 546
627 547
627 548
627 549
627 550
627 551
627 552
627 553
627 554
627 555
627 556
627 557
627 558
627 559
627 560
627 561
627 562
627 563
627 564
627 565
627 566
627 567
627 568
627 569
627 570
628 30
628 31
628 32
628 33
628 34
628 35
628 36
628 37
628 38
628 39
628 40
628 41
628 42
628 43
628 44
628 45
628 46
628 47
628 48
628 49
628 50
628 51
628 52
631 0
631 1
631 2
631 3
631 4
631 5
631 6
631 7
631 8
631 9
631 10
631 11
631 12
631 13
631 14
631 15
631 16
631 17
631 18
631 19
631 20
631 21
631 22
631 23
631 24
631 25
631 26
631 27
631 28
631 29
631 30
631 31
631 32
631 33
631 34
631 35
631 36
631 37
631 38
631 39
631 40
631 41
631 42
631 43
631 44
631 45
631 46
631 47
631 48
631 49
631 50
631 51
631 52
631 53
631 54
631 55
631 56
631 563
631 564
631 565
631 566
631 567
631 568
631 569
631 570
631 571
631 572
631 573
631 574
631 575
634 0
634 1
634 2
634 3
634 4
634 5
634 6
634 7
634 8
634 9
634 10
634 11
634 12
634 13
634 14
634 15
634 16
634 17
634 18
634 19
634 20
634 21
634 22
634 23
634 24
634 25
634 26
634 27
634 28
634 29
634 30
634 31
634 32
634 33
634 34
634 35
634 36
634 37
634 538
634 539
634 540
634 541
634 542
634 543
634 544
634 545
634 546
634 547
634 548
634 549
634 550
634 551
634 552
634 553
634 554
634 555
634 556
634 557
634 558
634 559
634 560
634 561
634 562
634 563
634 564
634 565
634 566
634 567
634 568
634 569
634 570
634 571
634 572
634 573
634 574
634 575
637 540
637 541
637 542
637 543
637 544
637 545
637 546
637 547
637 548
637 549
637 550
637 551
637 552
637 553
637 554
637 555
637 556
637 557
637 558
637 559
637 560
637 561
638 22
638 23
638 24
638 25
638 26
638 27
638 28
638 29
638 30
638 31
638 32
638 33
638 34
638 35
638 36
638 37
638 38
638 39
638 40
638 41
638 42
638 43
638 44
638 45
638 46
638 47
638 48
638 49
638 50
638 51
638 52
638 53
638 54
641 0
641 1
641 2
641 3
641 4
641 5
641 6
641 7
641 8
641 9
641 10
641 11
641 12
641 13
641 14
641 15
641 16
641 17
641 18
641 19
641 20
641 21
641 22
641 23
641 24
641 25
641 26
641 27
641 28
641 29
641 30
641 31
641 32
641 33
641 34
641 35
641 36
641 37
641 38
641 39
641 40
641 41
641 42
641 43
641 44
641 45
641 46
641 47
641 48
641 49
641 50
641 51
641 52
641 53
641 54
641 55
641 559
641 560
641 561
641 562
641 563
641 564
641 565
641 566
641 567
641 568
641 569
641 570
641 571
641 572
641 573
641 574
641 575
644 0
644 1
644 2
644 3
644 4
644 5
644 6
644 7
644 8
644 9
644 10
644 11
644 12
644 13
644 14
644 15
644 16
644 17
644 18
644 19
644 20
644 21
644 22
644 23
644 24
644 25
644 26
644 27
644 28
644 29
644 30
644 31
644 32
644 33
644 34
644 536
644 537
644 538
644 539
644 540
644 541
644 542
644 543
644 544
644 545
644 546
644 547
644 548
644 549
644 550
644 551
644 552
644 553
644 554
644 555
644 556
644 557
644 558
644 559
644 560
644 561
644 562
644 563
644 564
644 565
644 566
644 567
644 568
644 569
644 570
644 571
644 572
644 573
644 574
644 575
648 16
648 17
648 18
648 19
648 20
648 21
648 22
648 23
648 24
648 25
648 26
648 27
648 28
648 29
648 30
648 31
648 32
648 33
648 34
648 35
648 36
648 37
648 38
648 39
648 40
648 41
648 42
648 43
648 44
648 45
648 46
648 47
648 48
648 49
648 50
648 51
648 52
648 53
648 54
648 55
648 56
651 0
651 1
651 2
651 3
651 4
651 5
651 6
651 7
651 8
651 9
651 10
651 11
651 12
651 13
651 14
651 15
651 16
651 17
651 18
651 19
651 20
651 21
651 22
651 23
651 24
651 25
651 26
651 27
651 28
651 29
651 30
651 31
651 32
651 33
651 34
651 35
651 36
651 37
651 38
651 39
651 40
651 41
651 42
651 43
651 44
651 45
651 46
651 47
651 48
651 49
651 50
651 51
651 52
651 53
651 54
651 555
651 556
651 557
651 558
651 559
651 560
651 561
651 562
651 563
651 564
651 565
651 566
651 567
651 568
651 569
651 570
651 571
651 572
651 573
651 574
651 575
654 0
654 1
654 2
654 3
654 4
654 5
654 6
654 7
654 8
654 9
654 10
654 11
654 12
654 13
654 14
654 15
654 16
654 17
654 18
654 19
654 20
654 21
654 22
654 23
654 24
654 25
654 26
654 27
654 28
654 29
654 30
654 533
654 534
654 535
654 536
654 537
654 538
654 539
654 540
654 541
654 542
654 543
654 544
654 545
654 546
654 547
654 548
654 549
654 550
654 551
654 552
654 553
654 554
654 555
654 556
654 557
654 558
654 559
654 560
654 561
654 562
654 563
654 564
654 565
654 566
654 567
654 568
654 569
654 570
654 571
654 572
654 573
654 574
654 575
658 11
658 12
658 13
658 14
658 15
658 16
658 17
658 18
658 19
658 20
658 21
658 22
658 23
658 24
658 25
658 26
658 27
658 28
658 29
658 30
658 31
658 32
658 33
658 34
658 35
658 36
658 37
658 38
658 39
658 40
658 41
658 42
658 43
658 44
658 45
658 46
658 47
658 48
658 49
658 50
658 51
658 52
658 53
658 54
658 55
658 56
658 57
661 0
661 1
661 2
661 3
661 4
661 5
661 6
661 7
661 8
661 9
661 10
661 11
661 12
661 13
661 14
661 15
661 16
661 17
661 18
661 19
661 20
661 21
661 22
661 23
661 24
661 25
661 26
661 27
661 28
661 29
661 30
661 31
661 32
661 33
661 34
661 35
661 36
661 37
661 38
661 39
661 40
661 41
661 42
661 43
661 44
661 45
661 46
661 47
661 48
661 49
661 50
661 51
661 52
661 552
661 553
661 554
661 555
661 556
661 557
661 558
661 559
661 560
661 561
661 562
661 563
661 564
661 565
661 566
661 567
661 568
661 569
661 570
661 571
661 572
661 573
661 574
661 575
664 0
664 1
664 2
664 3
664 4
664 5
664 6
664 7
664 8
664 9
664 10
664 11
664 12
664 13
664 14
664 15
664 16
664 17
664 18
664 19
664 20
664 21
664 22
664 23
664 24
664 25
664 26
664 531
664 532
664 533
664 534
664 535
664 536
664 537
664 538
664 539
664 540
664 541
664 542
664 543
664 544
664 545
664 546
664 547
664 548
664 549
664 550
664 551
664 552
664 553
664 554
664 555
664 556
664 557
664 558
664 559
664 560
664 561
664 562
664 563
664 564
664 565
664 566
664 567
664 568
664 569
664 570
664 571
664 572
664 573
664 574
664 575
668 6
668 7
668 8
668 9
668 10
668 11
668 12
668 13
668 14
668 15
668 16
668 17
668 18
668 19
668 20
668 21
668 22
668 23
668 24
668 25
668 26
668 27
668 28
668 29
668 30
668 31
668 32
668 33
668 34
668 35
668 36
668 37
668 38
668 39
668 40
668 41
668 42
668 43
668 44
668 45
668 46
668 47
668 48
668 49
668 50
668 51
668 52
668 53
668 54
668 55
668 56
668 57
671 0
671 1
671 2
671 3
671 4
671 5
671 6
671 7
671 8
671 9
671 10
671 11
671 12
671 13
671 14
671 15
671 16
671 17
671 18
671 19
671 20
671 21
671 22
671 23
671 24
671 25
671 26
671 27
671 28
671 29
671 30
671 31
671 32
671 33
671 34
671 35
671 36
671 37
671 38
671 39
671 40
671 41
671 42
671 43
671 44
671 45
671 46
671 47
671 48
671 49
671 50
671 51
671 548
671 549
671 550
671 551
671 552
671 553
671 554
671 555
671 556
671 557
671 558
671 559
671 560
671 561
671 562
671 563
671 564
671 565
671 566
671 567
671 568
671 569
671 570
671 571
671 572
671 573
671 574
671 575
674 0
674 1
674 2
674 3
674 4
674 5
674 6
674 7
674 8
674 9
674 10
674 11
674 12
674 13
674 14
674 15
674 16
674 17
674 18
674 19
674 20
674 21
674 529
674 530
674 531
674 532
674 533
674 534
674 535
674 536
674 537
674 538
674 539
674 540
674 541
674 542
674 543
674 544
674 545
674 546
674 547
674 548
674 549
674 550
674 551
674 552
674 553
674 554
674 555
674 556
674 557
674 558
674 559
674 560
674 561
674 562
674 563
674 564
674 565
674 566
674 567
674 568
674 569
674 570
674 571
674 572
674 573
674 574
674 575
678 1
678 2
678 3
678 4
678 5
678 6
678 7
678 8
678 9
678 10
678 11
678 12
678 13
678 14
678 15
678 16
678 17
678 18
678 19
678 20
678 21
678 22
678 23
678 24
678 25
678 26
678 27
678 28
678 29
678 30
678 31
678 32
678 33
678 34
678 35
678 36
678 37
678 38
678 39
678 40
678 41
678 42
678 43
678 44
678 45
678 46
678 47
678 48
678 49
678 50
678 51
678 52
678 53
678 54
678 55
678 56
678 57
681 0
681 1
681 2
681 3
681 4
681 5
681 6
681 7
681 8
681 9
681 10
681 11
681 12
681 13
681 14
681 15
681 16
681 17
681 18
681 19
681 20
681 21
681 22
681 23
681 24
681 25
681 26
681 27
681 28
681 29
681 30
681 31
681 32
681 33
681 34
681 35
681 36
681 37
681 38
681 39
681 40
681 41
681 42
681 43
681 44
681 45
681 46
681 47
681 48
681 49
681 545
681 546
681 547
681 548
681 549
681 550
681 551
681 552
681 553
681 554
681 555
681 556
681 557
681 558
681 559
681 560
681 561
681 562
681 563
681 564
681 565
681 566
681 567
681 568
681 569
681 570
681 571
681 572
681 573
681 574
681 575
684 0
684 1
684 2
684 3
684 4
684 5
684 6
684 7
684 8
684 9
684 10
684 11
684 12
684 13
684 14
684 15
684 16
684 528
684 529
684 530
684 531
684 532
684 533
684 534
684 535
684 536
684 537
684 538
684 539
684 540
684 541
684 542
684 543
684 544
684 545
684 546
684 547
684 548
684 549
684 550
684 551
684 552
684 553
684 554
684 555
684 556
684 557
684 558
684 559
684 560
684 561
684 562
684 563
684 564
684 565
684 566
684 567
684 568
684 569
684 570
684 571
684 572
684 573
684 574
684 575
688 0
688 1
688 2
688 3
688 4
688 5
688 6
688 7
688 8
688 9
688 10
688 11
688 12
688 13
688 14
688 15
688 16
688 17
688 18
688 19
688 20
688 21
688 22
688 23
688 24
688 25
688 26
688 27
688 28
688 29
688 30
688 31
688 32
688 33
688 34
688 35
688 36
688 37
688 38
688 39
688 40
688 41
688 42
688 43
688 44
688 45
688 46
688 47
688 48
688 49
688 50
688 51
688 52
688 53
688 54
688 55
688 56
688 57
688 573
688 574
688 575
691 0
691 1
691 2
691 3
691 4
691 5
691 6
691 7
691 8
691 9
691 10
691 11
691 12
691 13
691 14
691 15
691 16
691 17
691 18
691 19
691 20
691 21
691 22
691 23
691 24
691 25
691 26
691 27
691 28
691 29
691 30
691 31
691 32
691 33
691 34
691 35
691 36
691 37
691 38
691 39
691 40
691 41
691 42
691 43
691 44
691 45
691 46
691 542
691 543
691 544
691 545
691 546
691 547
691 548
691 549
691 550
691 551
691 552
691 553
691 554
691 555
691 556
691 557
691 558
691 559
691 560
691 561
691 562
691 563
691 564
691 565
691 566
691 567
691 568
691 569
691 570
691 571
691 572
691 573
691 574
691 575
694 0
694 1
694 2
694 3
694 4
694 5
694 6
694 7
694 8
694 9
694 10
694 11
694 527
694 528
694 529
694 530
694 531
694 532
694 533
694 534
694 535
694 536
694 537
694 538
694 539
694 540
694 541
694 542
694 543
694 544
694 545
694 546
694 547
694 548
694 549
694 550
694 551
694 552
694 553
694 554
694 555
694 556
694 557
694 558
694 559
694 560
694 561
694 562
694 563
694 564
694 565
694 566
694 567
694 568
694 569
694 570
694 571
694 572
694 573
694 574
694 575
698 0
698 1
698 2
698 3
698 4
698 5
698 6
698 7
698 8
698 9
698 10
698 11
698 12
698 13
698 14
698 15
698 16
698 17
698 18
698 19
698 20
698 21
698 22
698 23
698 24
698 25
698 26
698 27
698 28
698 29
698 30
698 31
698 32
698 33
698 34
698 35
698 36
698 37
698 38
698 39
698 40
698 41
698 42
698 43
698 44
698 45
698 46
698 47
698 48
698 49
698 50
698 51
698 52
698 53
698 54
698 55
698 56
698 57
698 569
698 570
698 571
698 572
698 573
698 574
698 575
701 0
701 1
701 2
701 3
701 4
701 5
701 6
701 7
701 8
701 9
701 10
701 11
701 12
701 13
701 14
701 15
701 16
701 17
701 18
701 19
701 20
701 21
701 22
701 23
701 24
701 25
701 26
701 27
701 28
701 29
701 30
701 31
701 32
701 33
701 34
701 35
701 36
701 37
701 38
701 39
701 40
701 41
701 42
701 43
701 539
701 540
701 541
701 542
701 543
701 544
701 545
701 546
701 547
701 548
701 549
701 550
701 551
701 552
701 553
701 554
701 555
701 556
701 557
701 558
701 559
701 560
701 561
701 562
701 563
701 564
701 565
701 566
701 567
701 568
701 569
701 570
701 571
701 572
701 573
701 574
701 575
704 0
704 1
704 2
704 3
704 4
704 526
704 527
704 528
704 529
704 530
704 531
704 532
704 533
704 534
704 535
704 536
704 537
704 538
704 539
704 540
704 541
704 542
704 543
704 544
704 545
704 546
704 547
704 548
704 549
704 550
704 551
704 552
704 553
704 554
704 555
704 556
704 557
704 558
704 559
704 560
704 561
704 562
704 563
704 564
704 565
704 566
704 567
704 568
704 569
704 570
704 571
704 572
704 573
704 574
704 575
708 0
708 1
708 2
708 3
708 4
708 5
708 6
708 7
708 8
708 9
708 10
708 11
708 12
708 13
708 14
708 15
708 16
708 17
708 18
708 19
708 20
708 21
708 22
708 23
708 24
708 25
708 26
708 27
708 28
708 29
708 30
708 31
708 32
708 33
708 34
708 35
708 36
708 37
708 38
708 39
708 40
708 41
708 42
708 43
708 44
708 45
708 46
708 47
708 48
708 49
708 50
708 51
708 52
708 53
708 54
708 55
708 56
708 565
708 566
708 567
708 568
708 569
708 570
708 571
708 572
708 573
708 574
708 575
711 0
711 1
711 2
711 3
711 4
711 5
711 6
711 7
711 8
711 9
711 10
711 11
711 12
711 13
711 14
711 15
711 16
711 17
711 18
711 19
711 20
711 21
711 22
711 23
711 24
711 25
711 26
711 27
711 28
711 29
711 30
711 31
711 32
711 33
711 34
711 35
711 36
711 37
711 38
711 39
711 40
711 536
711 537
711 538
711 539
711 540
711 541
711 542
711 543
711 544
711 545
711 546
711 547
711 548
711 549
711 550
711 551
711 552
711 553
711 554
711 555
711 556
711 557
711 558
711 559
711 560
711 561
711 562
711 563
711 564
711 565
711 566
711 567
711 568
711 569
711 570
711 571
711 572
711 573
711 574
711 575
714 527
714 528
714 529
714 530
714 531
714 532
714 533
714 534
714 535
714 536
714 537
714 538
714 539
714 540
714 541
714 542
714 543
714 544
714 545
714 546
714 547
714 548
714 549
714 550
714 551
714 552
714 553
714 554
714 555
714 556
714 557
714 558
714 559
714 560
714 561
714 562
714 563
714 564
714 565
714 566
714 567
714 568
714 569
714 570
714 571
714 572
714 573
718 0
718 1
718 2
718 3
718 4
718 5
718 6
718 7
718 8
718 9
718 10
718 11
718 12
718 13
718 14
718 15
718 16
718 17
718 18
718 19
718 20
718 21
718 22
718 23
718 24
718 25
718 26
718 27
718 28
718 29
718 30
718 31
718 32
718 33
718 34
718 35
718 36
718 37
718 38
718 39
718 40
718 41
718 42
718 43
718 44
718 45
718 46
718 47
718 48
718 49
718 50
718 51
718 52
718 53
718 54
718 55
718 561
718 562
718 563
718 564
718 565
718 566
718 567
718 568
718 569
718 570
718 571
718 572
718 573
718 574
718 575
721 0
721 1
721 2
721 3
721 4
721 5
721 6
721 7
721 8
721 9
721 10
721 11
721 12
721 13
721 14
721 15
721 16
721 17
721 18
721 19
721 20
721 21
721 22
721 23
721 24
721 25
721 26
721 27
721 28
721 29
721 30
721 31
721 32
721 33
721 34
721 35
721 36
721 37
721 533
721 534
721 535
721 536
721 537
721 538
721 539
721 540
721 541
721 542
721 543
721 544
721 545
721 546
721 547
721 548
721 549
721 550
721 551
721 552
721 553
721 554
721 555
721 556
721 557
721 558
721 559
721 560
721 561
721 562
721 563
721 564
721 565
721 566
721 567
721 568
721 569
721 570
721 571
721 572
721 573
721 574
721 575
724 528
724 529
724 530
724 531
724 532
724 533
724 534
724 535
724 536
724 537
724 538
724 539
724 540
724 541
724 542
724 543
724 544
724 545
724 546
724 547
724 548
724 549
724 550
724 551
724 552
724 553
724 554
724 555
724 556
724 557
724 558
724 559
724 560
724 561
724 562
724 563
724 564
725 29
725 30
725 31
725 32
725 33
725 34
725 35
725 36
725 37
725 38
725 39
725 40
725 41
725 42
725 43
728 0
728 1
728 2
728 3
728 4
728 5
728 6
728 7
728 8
728 9
728 10
728 11
728 12
728 13
728 14
728 15
728 16
728 17
728 18
728 19
728 20
728 21
728 22
728 23
728 24
728 25
728 26
728 27
728 28
728 29
728 30
728 31
728 32
728 33
728 34
728 35
728 36
728 37
728 38
728 39
728 40
728 41
728 42
728 43
728 44
728 45
728 46
728 47
728 48
728 49
728 50
728 51
728 52
728 53
728 557
728 558
728 559
728 560
728 561
728 562
728 563
728 564
728 565
728 566
728 567
728 568
728 569
728 570
728 571
728 572
728 573
728 574
728 575
731 0
731 1
731 2
731 3
731 4
731 5
731 6
731 7
731 8
731 9
731 10
731 11
731 12
731 13
731 14
731 15
731 16
731 17
731 18
731 19
731 20
731 21
731 22
731 23
731 24
731 25
731 26
731 27
731 28
731 29
731 30
731 31
731 32
731 530
731 531
731 532
731 533
731 534
731 535
731 536
731 537
731 538
731 539
731 540
731 541
731 542
731 543
731 544
731 545
731 546
731 547
731 548
731 549
731 550
731 551
731 552
731 553
731 554
731 555
731 556
731 557
731 558
731 559
731 560
731 561
731 562
731 563
731 564
731 565
731 566
731 567
731 568
731 569
731 570
731 571
731 572
731 573
731 574
731 575
734 533
734 534
734 535
734 536
734 537
734 538
734 539
734 540
734 541
734 542
734 543
734 544
734 545
734 546
734 547
734 548
734 549
734 550
734 551
734 552
734 553
735 21
735 22
735 23
735 24
735 25
735 26
735 27
735 28
735 29
735 30
735 31
735 32
735 33
735 34
735 35
735 36
735 37
735 38
735 39
735 40
735 41
735 42
735 43
735 44
735 45
735 46
735 47
738 0
738 1
738 2
738 3
738 4
738 5
738 6
738 7
738 8
738 9
738 10
738 11
738 12
738 13
738 14
738 15
738 16
738 17
738 18
738 19
738 20
738 21
738 22
738 23
738 24
738 25
738 26
738 27
738 28
738 29
738 30
738 31
738 32
738 33
738 34
738 35
738 36
738 37
738 38
738 39
738 40
738 41
738 42
738 43
738 44
738 45
738 46
738 47
738 48
738 49
738 50
738 51
738 554
738 555
738 556
738 557
738 558
738 559
738 560
738 561
738 562
738 563
738 564
738 565
738 566
738 567
738 568
738 569
738 570
738 571
738 572
738 573
738 574
738 575
741 0
741 1
741 2
741 3
741 4
741 5
741 6
741 7
741 8
741 9
741 10
741 11
741 12
741 13
741 14
741 15
741 16
741 17
741 18
741 19
741 20
741 21
741 22
741 23
741 24
741 25
741 26
741 27
741 28
741 528
741 529
741 530
741 531
741 532
741 533
741 534
741 535
741 536
741 537
741 538
741 539
741 540
741 541
741 542
741 543
741 544
741 545
741 546
741 547
741 548
741 549
741 550
741 551
741 552
741 553
741 554
741 555
741 556
741 557
741 558
741 559
741 560
741 561
741 562
741 563
741 564
741 565
741 566
741 567
741 568
741 569
741 570
741 571
741 572
741 573
741 574
741 575
745 15
745 16
745 17
745 18
745 19
745 20
745 21
745 22
745 23
745 24
745 25
745 26
745 27
745 28
745 29
745 30
745 31
745 32
745 33
745 34
745 35
745 36
745 37
745 38
745 39
745 40
745 41
745 42
745 43
745 44
745 45
745 46
745 47
745 48
748 0
748 1
748 2
748 3
748 4
748 5
748 6
748 7
748 8
748 9
748 10
748 11
748 12
748 13
748 14
748 15
748 16
748 17
748 18
748 19
748 20
748 21
748 22
748 23
748 24
748 25
748 26
748 27
748 28
748 29
748 30
748 31
748 32
748 33
748 34
748 35
748 36
748 37
748 38
748 39
748 40
748 41
748 42
748 43
748 44
748 45
748 46
748 47
748 48
748 49
748 550
748 551
748 552
748 553
748 554
748 555
748 556
748 557
748 558
748 559
748 560
748 561
748 562
748 563
748 564
748 565
748 566
748 567
748 568
748 569
748 570
748 571
748 572
748 573
748 574
748 575
751 0
751 1
751 2
751 3
751 4
751 5
751 6
751 7
751 8
751 9
751 10
751 11
751 12
751 13
751 14
751 15
751 16
751 17
751 18
751 19
751 20
751 21
751 22
751 23
751 526
751 527
751 528
751 529
751 530
751 531
751 532
751 533
751 534
751 535
751 536
751 537
751 538
751 539
751 540
751 541
751 542
751 543
751 544
751 545
751 546
751 547
751 548
751 549
751 550
751 551
751 552
751 553
751 554
751 555
751 556
751 557
751 558
751 559
751 560
751 561
751 562
751 563
751 564
751 565
751 566
751 567
751 568
751 569
751 570
751 571
751 572
751 573
751 574
751 575
755 10
755 11
755 12
755 13
755 14
755 15
755 16
755 17
755 18
755 19
755 20
755 21
755 22
755 23
755 24
755 25
755 26
755 27
755 28
755 29
755 30
755 31
755 32
755 33
755 34
755 35
755 36
755 37
755 38
755 39
755 40
755 41
755 42
755 43
755 44
755 45
755 46
755 47
755 48
755 49
758 0
758 1
758 2
758 3
758 4
758 5
758 6
758 7
758 8
758 9
758 10
758 11
758 12
758 13
758 14
758 15
758 16
758 17
758 18
758 19
758 20
758 21
758 22
758 23
758 24
758 25
758 26
758 27
758 28
758 29
758 30
758 31
758 32
758 33
758 34
758 35
758 36
758 37
758 38
758 39
758 40
758 41
758 42
758 43
758 44
758 45
758 46
758 47
758 547
758 548
758 549
758 550
758 551
758 552
758 553
758 554
758 555
758 556
758 557
758 558
758 559
758 560
758 561
758 562
758 563
758 564
758 565
758 566
758 567
758 568
758 569
758 570
758 571
758 572
758 573
758 574
758 575
761 0
761 1
761 2
761 3
761 4
761 5
761 6
761 7
761 8
761 9
761 10
761 11
761 12
761 13
761 14
761 15
761 16
761 17
761 525
761 526
761 527
761 528
761 529
761 530
761 531
761 532
761 533
761 534
761 535
761 536
761 537
761 538
761 539
761 540
761 541
761 542
761 543
761 544
761 545
761 546
761 547
761 548
761 549
761 550
761 551
761 552
761 553
761 554
761 555
761 556
761 557
761 558
761 559
761 560
761 561
761 562
761 563
761 564
761 565
761 566
761 567
761 568
761 569
761 570
761 571
761 572
761 573
761 574
761 575
765 5
765 6
765 7
765 8
765 9
765 10
765 11
765 12
765 13
765 14
765 15
765 16
765 17
765 18
765 19
765 20
765 21
765 22
765 23
765 24
765 25
765 26
765 27
765 28
765 29
765 30
765 31
765 32
765 33
765 34
765 35
765 36
765 37
765 38
765 39
765 40
765 41
765 42
765 43
765 44
765 45
765 46
765 47
765 48
765 49
768 0
768 1
768 2
768 3
768 4
768 5
768 6
768 7
768 8
768 9
768 10
768 11
768 12
768 13
768 14
768 15
768 16
768 17
768 18
768 19
768 20
768 21
768 22
768 23
768 24
768 25
768 26
768 27
768 28
768 29
768 30
768 31
768 32
768 33
768 34
768 35
768 36
768 37
768 38
768 39
768 40
768 41
768 42
768 43
768 44
768 544
768 545
768 546
768 547
768 548
768 549
768 550
768 551
768 552
768 553
768 554
768 555
768 556
768 557
768 558
768 559
768 560
768 561
768 562
768 563
768 564
768 565
768 566
768 567
768 568
768 569
768 570
768 571
768 572
768 573
768 574
768 575
771 0
771 1
771 2
771 3
771 4
771 5
771 6
771 7
771 8
771 9
771 10
771 11
771 524
771 525
771 526
771 527
771 528
771 529
771 530
771 531
771 532
771 533
771 534
771 535
771 536
771 537
771 538
771 539
771 540
771 541
771 542
771 543
771 544
771 545
771 546
771 547
771 548
771 549
771 550
771 551
771 552
771 553
771 554
771 555
771 556
771 557
771 558
771 559
771 560
771 561
771 562
771 563
771 564
771 565
771 566
771 567
771 568
771 569
771 570
771 571
771 572
771 573
771 574
771 575
775 0
775 1
775 2
775 3
775 4
775 5
775 6
775 7
775 8
775 9
775 10
775 11
775 12
775 13
775 14
775 15
775 16
775 17
775 18
775 19
775 20
775 21
775 22
775 23
775 24
775 25
775 26
775 27
775 28
775 29
775 30
775 31
775 32
775 33
775 34
775 35
775 36
775 37
775 38
775 39
775 40
775 41
775 42
775 43
775 44
775 45
775 46
775 47
775 48
778 0
778 1
778 2
778 3
778 4
778 5
778 6
778 7
778 8
778 9
778 10
778 11
778 12
778 13
778 14
778 15
778 16
778 17
778 18
778 19
778 20
778 21
778 22
778 23
778 24
778 25
778 26
778 27
778 28
778 29
778 30
778 31
778 32
778 33
778 34
778 35
778 36
778 37
778 38
778 39
778 40
778 541
778 542
778 543
778 544
778 545
778 546
778 547
778 548
778 549
778 550
778 551
778 552
778 553
778 554
778 555
778 556
778 557
778 558
778 559
778 560
778 561
778 562
778 563
778 564
778 565
778 566
778 567
778 568
778 569
778 570
778 571
778 572
778 573
778 574
778 575
781 0
781 1
781 2
781 3
781 4
781 523
781 524
781 525
781 526
781 527
781 528
781 529
781 530
781 531
781 532
781 533
781 534
781 535
781 536
781 537
781 538
781 539
781 540
781 541
781 542
781 543
781 544
781 545
781 546
781 547
781 548
781 549
781 550
781 551
781 552
781 553
781 554
781 555
781 556
781 557
781 558
781 559
781 560
781 561
781 562
781 563
781 564
781 565
781 566
781 567
781 568
781 569
781 570
781 571
781 572
781 573
781 574
781 575
785 0
785 1
785 2
785 3
785 4
785 5
785 6
785 7
785 8
785 9
785 10
785 11
785 12
785 13
785 14
785 15
785 16
785 17
785 18
785 19
785 20
785 21
785 22
785 23
785 24
785 25
785 26
785 27
785 28
785 29
785 30
785 31
785 32
785 33
785 34
785 35
785 36
785 37
785 38
785 39
785 40
785 41
785 42
785 43
785 44
785 45
785 46
785 47
785 572
785 573
785 574
785 575
788 0
788 1
788 2
788 3
788 4
788 5
788 6
788 7
788 8
788 9
788 10
788 11
788 12
788 13
788 14
788 15
788 16
788 17
788 18
788 19
788 20
788 21
788 22
788 23
788 24
788 25
788 26
788 27
788 28
788 29
788 30
788 31
788 32
788 33
788 34
788 35
788 36
788 37
788 538
788 539
788 540
788 541
788 542
788 543
788 544
788 545
788 546
788 547
788 548
788 549
788 550
788 551
788 552
788 553
788 554
788 555
788 556
788 557
788 558
788 559
788 560
788 561
788 562
788 563
788 564
788 565
788 566
788 567
788 568
788 569
788 570
788 571
788 572
788 573
788 574
788 575
791 524
791 525
791 526
791 527
791 528
791 529
791 530
791 531
791 532
791 533
791 534
791 535
791 536
791 537
791 538
791 539
791 540
791 541
791 542
791 543
791 544
791 545
791 546
791 547
791 548
791 549
791 550
791 551
791 552
791 553
791 554
791 555
791 556
791 557
791 558
791 559
791 560
791 561
791 562
791 563
791 564
791 565
791 566
791 567
791 568
791 569
791 570
791 571
791 572
795 0
795 1
795 2
795 3
795 4
795 5
795 6
795 7
795 8
795 9
795 10
795 11
795 12
795 13
795 14
795 15
795 16
795 17
795 18
795 19
795 20
795 21
795 22
795 23
795 24
795 25
795 26
795 27
795 28
795 29
795 30
795 31
795 32
795 33
795 34
795 35
795 36
795 37
795 38
795 39
795 40
795 41
795 42
795 43
795 44
795 45
795 46
795 568
795 569
795 570
795 571
795 572
795 573
795 574
795 575
798 0
798 1
798 2
798 3
798 4
798 5
798 6
798 7
798 8
798 9
798 10
798 11
798 12
798 13
798 14
798 15
798 16
798 17
798 18
798 19
798 20
798 21
798 22
798 23
798 24
798 25
798 26
798 27
798 28
798 29
798 30
798 31
798 32
798 535
798 536
798 537
798 538
798 539
798 540
798 541
798 542
798 543
798 544
798 545
798 546
798 547
798 548
798 549
798 550
798 551
798 552
798 553
798 554
798 555
798 556
798 557
798 558
798 559
798 560
798 561
798 562
798 563
798 564
798 565
798 566
798 567
798 568
798 569
798 570
798 571
798 572
798 573
798 574
798 575
801 526
801 527
801 528
801 529
801 530
801 531
801 532
801 533
801 534
801 535
801 536
801 537
801 538
801 539
801 540
801 541
801 542
801 543
801 544
801 545
801 546
801 547
801 548
801 549
801 550
801 551
801 552
801 553
801 554
801 555
801 556
801 557
801 558
801 559
801 560
801 561
801 562
801 563
805 0
805 1
805 2
805 3
805 4
805 5
805 6
805 7
805 8
805 9
805 10
805 11
805 12
805 13
805 14
805 15
805 16
805 17
805 18
805 19
805 20
805 21
805 22
805 23
805 24
805 25
805 26
805 27
805 28
805 29
805 30
805 31
805 32
805 33
805 34
805 35
805 36
805 37
805 38
805 39
805 40
805 41
805 42
805 43
805 44
805 565
805 566
805 567
805 568
805 569
805 570
805 571
805 572
805 573
805 574
805 575
808 0
808 1
808 2
808 3
808 4
808 5
808 6
808 7
808 8
808 9
808 10
808 11
808 12
808 13
808 14
808 15
808 16
808 17
808 18
808 19
808 20
808 21
808 22
808 23
808 24
808 25
808 26
808 27
808 533
808 534
808 535
808 536
808 537
808 538
808 539
808 540
808 541
808 542
808 543
808 544
808 545
808 546
808 547
808 548
808 549
808 550
808 551
808 552
808 553
808 554
808 555
808 556
808 557
808 558
808 559
808 560
808 561
808 562
808 563
808 564
808 565
808 566
808 567
808 568
808 569
808 570
808 571
808 572
808 573
808 574
808 575
811 531
811 532
811 533
811 534
811 535
811 536
811 537
811 538
811 539
811 540
811 541
811 542
811 543
811 544
811 545
811 546
811 547
811 548
811 549
811 550
811 551
815 0
815 1
815 2
815 3
815 4
815 5
815 6
815 7
815 8
815 9
815 10
815 11
815 12
815 13
815 14
815 15
815 16
815 17
815 18
815 19
815 20
815 21
815 22
815 23
815 24
815 25
815 26
815 27
815 28
815 29
815 30
815 31
815 32
815 33
815 34
815 35
815 36
815 37
815 38
815 39
815 40
815 41
815 561
815 562
815 563
815 564
815 565
815 566
815 567
815 568
815 569
815 570
815 571
815 572
815 573
815 574
815 575
818 0
818 1
818 2
818 3
818 4
818 5
818 6
818 7
818 8
818 9
818 10
818 11
818 12
818 13
818 14
818 15
818 16
818 17
818 18
818 19
818 20
818 21
818 22
818 531
818 532
818 533
818 534
818 535
818 536
818 537
818 538
818 539
818 540
818 541
818 542
818 543
818 544
818 545
818 546
818 547
818 548
818 549
818 550
818 551
818 552
818 553
818 554
818 555
818 556
818 557
818 558
818 559
818 560
818 561
818 562
818 563
818 564
818 565
818 566
818 567
818 568
818 569
818 570
818 571
818 572
818 573
818 574
818 575
825 0
825 1
825 2
825 3
825 4
825 5
825 6
825 7
825 8
825 9
825 10
825 11
825 12
825 13
825 14
825 15
825 16
825 17
825 18
825 19
825 20
825 21
825 22
825 23
825 24
825 25
825 26
825 27
825 28
825 29
825 30
825 31
825 32
825 33
825 34
825 35
825 36
825 37
825 38
825 558
825 559
825 560
825 561
825 562
825 563
825 564
825 565
825 566
825 567
825 568
825 569
825 570
825 571
825 572
825 573
825 574
825 575
828 0
828 1
828 2
828 3
828 4
828 5
828 6
828 7
828 8
828 9
828 10
828 11
828 12
828 13
828 14
828 15
828 529
828 530
828 531
828 532
828 533
828 534
828 535
828 536
828 537
828 538
828 539
828 540
828 541
828 542
828 543
828 544
828 545
828 546
828 547
828 548
828 549
828 550
828 551
828 552
828 553
828 554
828 555
828 556
828 557
828 558
828 559
828 560
828 561
828 562
828 563
828 564
828 565
828 566
828 567
828 568
828 569
828 570
828 571
828 572
828 573
828 574
828 575
835 0
835 1
835 2
835 3
835 4
835 5
835 6
835 7
835 8
835 9
835 10
835 11
835 12
835 13
835 14
835 15
835 16
835 17
835 18
835 19
835 20
835 21
835 22
835 23
835 24
835 25
835 26
835 27
835 28
835 29
835 30
835 31
835 32
835 33
835 34
835 35
835 555
835 556
835 557
835 558
835 559
835 560
835 561
835 562
835 563
835 564
835 565
835 566
835 567
835 568
835 569
835 570
835 571
835 572
835 573
835 574
835 575
838 0
838 1
838 2
838 3
838 4
838 5
838 6
838 7
838 8
838 9
838 528
838 529
838 530
838 531
838 532
838 533
838 534
838 535
838 536
838 537
838 538
838 539
838 540
838 541
838 542
838 543
838 544
838 545
838 546
838 547
838 548
838 549
838 550
838 551
838 552
838 553
838 554
838 555
838 556
838 557
838 558
838 559
838 560
838 561
838 562
838 563
838 564
838 565
838 566
838 567
838 568
838 569
838 570
838 571
838 572
838 573
838 574
838 575
845 0
845 1
845 2
845 3
845 4
845 5
845 6
845 7
845 8
845 9
845 10
845 11
845 12
845 13
845 14
845 15
845 16
845 17
845 18
845 19
845 20
845 21
845 22
845 23
845 24
845 25
845 26
845 27
845 28
845 29
845 30
845 31
845 552
845 553
845 554
845 555
845 556
845 557
845 558
845 559
845 560
845 561
845 562
845 563
845 564
845 565
845 566
845 567
845 568
845 569
845 570
845 571
845 572
845 573
845 574
845 575
848 0
848 1
848 528
848 529
848 530
848 531
848 532
848 533
848 534
848 535
848 536
848 537
848 538
848 539
848 540
848 541
848 542
848 543
848 544
848 545
848 546
848 547
848 548
848 549
848 550
848 551
848 552
848 553
848 554
848 555
848 556
848 557
848 558
848 559
848 560
848 561
848 562
848 563
848 564
848 565
848 566
848 567
848 568
848 569
848 570
848 571
848 572
848 573
848 574
848 575
855 0
855 1
855 2
855 3
855 4
855 5
855 6
855 7
855 8
855 9
855 10
855 11
855 12
855 13
855 14
855 15
855 16
855 17
855 18
855 19
855 20
855 21
855 22
855 23
855 24
855 25
855 26
855 27
855 550
855 551
855 552
855 553
855 554
855 555
855 556
855 557
855 558
855 559
855 560
855 561
855 562
855 563
855 564
855 565
855 566
855 567
855 568
855 569
855 570
855 571
855 572
855 573
855 574
855 575
858 529
858 530
858 531
858 532
858 533
858 534
858 535
858 536
858 537
858 538
858 539
858 540
858 541
858 542
858 543
858 544
858 545
858 546
858 547
858 548
858 549
858 550
858 551
858 552
858 553
858 554
858 555
858 556
858 557
858 558
858 559
858 560
858 561
858 562
858 563
858 564
858 565
858 566
858 567
858 568
865 0
865 1
865 2
865 3
865 4
865 5
865 6
865 7
865 8
865 9
865 10
865 11
865 12
865 13
865 14
865 15
865 16
865 17
865 18
865 19
865 20
865 21
865 547
865 548
865 549
865 550
865 551
865 552
865 553
865 554
865 555
865 556
865 557
865 558
865 559
865 560
865 561
865 562
865 563
865 564
865 565
865 566
865 567
865 568
865 569
865 570
865 571
865 572
865 573
865 574
865 575
868 532
868 533
868 534
868 535
868 536
868 537
868 538
868 539
868 540
868 541
868 542
868 543
868 544
868 545
868 546
868 547
868 548
868 549
868 550
868 551
868 552
868 553
868 554
868 555
868 556
868 557
868 558
875 0
875 1
875 2
875 3
875 4
875 5
875 6
875 7
875 8
875 9
875 10
875 11
875 12
875 13
875 14
875 15
875 545
875 546
875 547
875 548
875 549
875 550
875 551
875 552
875 553
875 554
875 555
875 556
875 557
875 558
875 559
875 560
875 561
875 562
875 563
875 564
875 565
875 566
875 567
875 568
875 569
875 570
875 571
875 572
875 573
875 574
875 575
885 0
885 1
885 2
885 3
885 4
885 5
885 6
885 7
885 8
885 9
885 544
885 545
885 546
885 547
885 548
885 549
885 550
885 551
885 552
885 553
885 554
885 555
885 556
885 557
885 558
885 559
885 560
885 561
885 562
885 563
885 564
885 565
885 566
885 567
885 568
885 569
885 570
885 571
885 572
885 573
885 574
885 575
895 0
895 1
895 544
895 545
895 546
895 547
895 548
895 549
895 550
895 551
895 552
895 553
895 554
895 555
895 556
895 557
895 558
895 559
895 560
895 561
895 562
895 563
895 564
895 565
895 566
895 567
895 568
895 569
895 570
895 571
895 572
895 573
895 574
895 575
905 545
905 546
905 547
905 548
905 549
905 550
905 551
905 552
905 553
905 554
905 555
905 556
905 557
905 558
905 559
905 560
905 561
905 562
905 563
905 564
905 565
905 566
905 567
905 568
