677 37
677 38
677 39
677 40
677 41
677 42
677 43
677 44
677 45
677 46
677 47
677 48
677 49
677 50
691 31
691 32
691 33
691 34
696 32
696 33
696 34
696 35
696 36
696 37
696 38
696 39
696 40
696 41
696 42
696 43
696 44
696 45
696 46
696 47
696 48
696 49
696 50
696 51
701 44
701 45
701 46
701 47
701 48
701 49
701 50
701 51
701 52
701 53
701 54
701 55
701 56
710 25
710 26
710 27
710 28
710 29
710 30
710 31
710 32
710 33
710 34
710 35
710 36
715 27
715 28
715 29
715 30
715 31
715 32
715 33
715 34
715 35
715 36
715 37
715 38
715 39
715 40
715 41
715 42
715 43
715 44
715 45
715 46
715 47
715 48
715 49
715 50
715 51
715 52
720 37
720 38
720 39
720 40
720 41
720 42
720 43
720 44
720 45
720 46
720 47
720 48
720 49
720 50
720 51
720 52
720 53
720 54
720 55
720 56
720 57
720 58
729 21
729 22
729 23
729 24
729 25
729 26
729 27
729 28
729 29
729 30
729 31
729 32
729 33
729 34
729 35
734 23
734 24
734 25
734 26
734 27
734 28
734 29
734 30
734 31
734 32
734 33
734 34
734 35
734 36
734 37
734 38
734 39
734 40
734 41
734 42
734 43
734 44
734 45
734 46
734 47
734 48
734 49
734 50
734 51
739 31
739 32
739 33
739 34
739 35
739 36
739 37
739 38
739 39
739 40
739 41
739 42
739 43
739 44
739 45
739 46
739 47
739 48
739 49
739 50
739 51
739 52
739 53
739 54
739 55
739 56
739 57
739 58
748 18
748 19
748 20
748 21
748 22
748 23
748 24
748 25
748 26
748 27
748 28
748 29
748 30
748 31
748 32
748 33
748 34
753 19
753 20
753 21
753 22
753 23
753 24
753 25
753 26
753 27
753 28
753 29
753 30
753 31
753 32
753 33
753 34
753 35
753 36
753 37
753 38
753 39
753 40
753 41
753 42
753 43
753 44
753 45
753 46
753 47
753 48
753 49
753 50
758 27
758 28
758 29
758 30
758 31
758 32
758 33
758 34
758 35
758 36
758 37
758 38
758 39
758 40
758 41
758 42
758 43
758 44
758 45
758 46
758 47
758 48
758 49
758 50
758 51
758 52
758 53
758 54
758 55
758 56
758 57
758 58
763 42
763 43
763 44
763 45
763 46
763 47
763 48
763 49
763 50
763 51
763 52
763 53
763 54
763 55
763 56
763 57
763 58
767 15
767 16
767 17
767 18
767 19
767 20
767 21
767 22
767 23
767 24
767 25
767 26
767 27
767 28
767 29
767 30
767 31
772 15
772 16
772 17
772 18
772 19
772 20
772 21
772 22
772 23
772 24
772 25
772 26
772 27
772 28
772 29
772 30
772 31
772 32
772 33
772 34
772 35
772 36
772 37
772 38
772 39
772 40
772 41
772 42
772 43
772 44
772 45
772 46
772 47
772 48
772 49
777 22
777 23
777 24
777 25
777 26
777 27
777 28
777 29
777 30
777 31
777 32
777 33
777 34
777 35
777 36
777 37
777 38
777 39
777 40
777 41
777 42
777 43
777 44
777 45
777 46
777 47
777 48
777 49
777 50
777 51
777 52
777 53
777 54
777 55
777 56
777 57
777 58
782 35
782 36
782 37
782 38
782 39
782 40
782 41
782 42
782 43
782 44
782 45
782 46
782 47
782 48
782 49
782 50
782 51
782 52
782 53
782 54
782 55
782 56
782 57
782 58
782 59
782 60
786 14
786 15
786 16
786 17
786 18
786 19
786 20
786 21
786 22
786 23
786 24
786 25
786 26
786 27
786 28
791 12
791 13
791 14
791 15
791 16
791 17
791 18
791 19
791 20
791 21
791 22
791 23
791 24
791 25
791 26
791 27
791 28
791 29
791 30
791 31
791 32
791 33
791 34
791 35
791 36
791 37
791 38
791 39
791 40
791 41
791 42
791 43
791 44
791 45
791 46
791 47
796 18
796 19
796 20
796 21
796 22
796 23
796 24
796 25
796 26
796 27
796 28
796 29
796 30
796 31
796 32
796 33
796 34
796 35
796 36
796 37
796 38
796 39
796 40
796 41
796 42
796 43
796 44
796 45
796 46
796 47
796 48
796 49
796 50
796 51
796 52
796 53
796 54
796 55
796 56
796 57
801 30
801 31
801 32
801 33
801 34
801 35
801 36
801 37
801 38
801 39
801 40
801 41
801 42
801 43
801 44
801 45
801 46
801 47
801 48
801 49
801 50
801 51
801 52
801 53
801 54
801 55
801 56
801 57
801 58
801 59
801 60
805 14
805 15
805 16
805 17
805 18
805 19
805 20
805 21
805 22
810 9
810 10
810 11
810 12
810 13
810 14
810 15
810 16
810 17
810 18
810 19
810 20
810 21
810 22
810 23
810 24
810 25
810 26
810 27
810 28
810 29
810 30
810 31
810 32
810 33
810 34
810 35
810 36
810 37
810 38
810 39
810 40
810 41
810 42
810 43
810 44
810 45
815 14
815 15
815 16
815 17
815 18
815 19
815 20
815 21
815 22
815 23
815 24
815 25
815 26
815 27
815 28
815 29
815 30
815 31
815 32
815 33
815 34
815 35
815 36
815 37
815 38
815 39
815 40
815 41
815 42
815 43
815 44
815 45
815 46
815 47
815 48
815 49
815 50
815 51
815 52
815 53
815 54
815 55
815 56
820 24
820 25
820 26
820 27
820 28
820 29
820 30
820 31
820 32
820 33
820 34
820 35
820 36
820 37
820 38
820 39
820 40
820 41
820 42
820 43
820 44
820 45
820 46
820 47
820 48
820 49
820 50
820 51
820 52
820 53
820 54
820 55
820 56
820 57
820 58
820 59
820 60
829 7
829 8
829 9
829 10
829 11
829 12
829 13
829 14
829 15
829 16
829 17
829 18
829 19
829 20
829 21
829 22
829 23
829 24
829 25
829 26
829 27
829 28
829 29
829 30
829 31
829 32
829 33
829 34
829 35
829 36
829 37
829 38
829 39
829 40
829 41
829 42
834 11
834 12
834 13
834 14
834 15
834 16
834 17
834 18
834 19
834 20
834 21
834 22
834 23
834 24
834 25
834 26
834 27
834 28
834 29
834 30
834 31
834 32
834 33
834 34
834 35
834 36
834 37
834 38
834 39
834 40
834 41
834 42
834 43
834 44
834 45
834 46
834 47
834 48
834 49
834 50
834 51
834 52
834 53
834 54
839 20
839 21
839 22
839 23
839 24
839 25
839 26
839 27
839 28
839 29
839 30
839 31
839 32
839 33
839 34
839 35
839 36
839 37
839 38
839 39
839 40
839 41
839 42
839 43
839 44
839 45
839 46
839 47
839 48
839 49
839 50
839 51
839 52
839 53
839 54
839 55
839 56
839 57
839 58
839 59
839 60
844 37
844 38
844 39
844 40
844 41
844 42
844 43
844 44
844 45
844 46
844 47
844 48
844 49
844 50
844 51
844 52
844 53
844 54
844 55
844 56
848 5
848 6
848 7
848 8
848 9
848 10
848 11
848 12
848 13
848 14
848 15
848 16
848 17
848 18
848 19
848 20
848 21
848 22
848 23
848 24
848 25
848 26
848 27
848 28
848 29
848 30
848 31
848 32
848 33
848 34
848 35
848 36
848 37
848 38
848 39
853 8
853 9
853 10
853 11
853 12
853 13
853 14
853 15
853 16
853 17
853 18
853 19
853 20
853 21
853 22
853 23
853 24
853 25
853 26
853 27
853 28
853 29
853 30
853 31
853 32
853 33
853 34
853 35
853 36
853 37
853 38
853 39
853 40
853 41
853 42
853 43
853 44
853 45
853 46
853 47
853 48
853 49
853 50
853 51
853 52
858 16
858 17
858 18
858 19
858 20
858 21
858 22
858 23
858 24
858 25
858 26
858 27
858 28
858 29
858 30
858 31
858 32
858 33
858 34
858 35
858 36
858 37
858 38
858 39
858 40
858 41
858 42
858 43
858 44
858 45
858 46
858 47
858 48
858 49
858 50
858 51
858 52
858 53
858 54
858 55
858 56
858 57
858 58
858 59
863 30
863 31
863 32
863 33
863 34
863 35
863 36
863 37
863 38
863 39
863 40
863 41
863 42
863 43
863 44
863 45
863 46
863 47
863 48
863 49
863 50
863 51
863 52
863 53
863 54
863 55
863 56
863 57
867 4
867 5
867 6
867 7
867 8
867 9
867 10
867 11
867 12
867 13
867 14
867 15
867 16
867 17
867 18
867 19
867 20
867 21
867 22
867 23
867 24
867 25
867 26
867 27
867 28
867 29
867 30
867 31
867 32
867 33
867 34
872 5
872 6
872 7
872 8
872 9
872 10
872 11
872 12
872 13
872 14
872 15
872 16
872 17
872 18
872 19
872 20
872 21
872 22
872 23
872 24
872 25
872 26
872 27
872 28
872 29
872 30
872 31
872 32
872 33
872 34
872 35
872 36
872 37
872 38
872 39
872 40
872 41
872 42
872 43
872 44
872 45
872 46
872 47
872 48
872 49
872 50
877 12
877 13
877 14
877 15
877 16
877 17
877 18
877 19
877 20
877 21
877 22
877 23
877 24
877 25
877 26
877 27
877 28
877 29
877 30
877 31
877 32
877 33
877 34
877 35
877 36
877 37
877 38
877 39
877 40
877 41
877 42
877 43
877 44
877 45
877 46
877 47
877 48
877 49
877 50
877 51
877 52
877 53
877 54
877 55
877 56
877 57
882 24
882 25
882 26
882 27
882 28
882 29
882 30
882 31
882 32
882 33
882 34
882 35
882 36
882 37
882 38
882 39
882 40
882 41
882 42
882 43
882 44
882 45
882 46
882 47
882 48
882 49
882 50
882 51
882 52
882 53
882 54
882 55
882 56
882 57
882 58
886 4
886 5
886 6
886 7
886 8
886 9
886 10
886 11
886 12
886 13
886 14
886 15
886 16
886 17
886 18
886 19
886 20
886 21
886 22
886 23
886 24
886 25
886 26
886 27
886 28
891 3
891 4
891 5
891 6
891 7
891 8
891 9
891 10
891 11
891 12
891 13
891 14
891 15
891 16
891 17
891 18
891 19
891 20
891 21
891 22
891 23
891 24
891 25
891 26
891 27
891 28
891 29
891 30
891 31
891 32
891 33
891 34
891 35
891 36
891 37
891 38
891 39
891 40
891 41
891 42
891 43
891 44
891 45
891 46
891 47
896 8
896 9
896 10
896 11
896 12
896 13
896 14
896 15
896 16
896 17
896 18
896 19
896 20
896 21
896 22
896 23
896 24
896 25
896 26
896 27
896 28
896 29
896 30
896 31
896 32
896 33
896 34
896 35
896 36
896 37
896 38
896 39
896 40
896 41
896 42
896 43
896 44
896 45
896 46
896 47
896 48
896 49
896 50
896 51
896 52
896 53
896 54
896 55
896 56
901 19
901 20
901 21
901 22
901 23
901 24
901 25
901 26
901 27
901 28
901 29
901 30
901 31
901 32
901 33
901 34
901 35
901 36
901 37
901 38
901 39
901 40
901 41
901 42
901 43
901 44
901 45
901 46
901 47
901 48
901 49
901 50
901 51
901 52
901 53
901 54
901 55
901 56
901 57
905 7
905 8
905 9
905 10
905 11
905 12
905 13
905 14
905 15
905 16
905 17
905 18
905 19
910 1
910 2
910 3
910 4
910 5
910 6
910 7
910 8
910 9
910 10
910 11
910 12
910 13
910 14
910 15
910 16
910 17
910 18
910 19
910 20
910 21
910 22
910 23
910 24
910 25
910 26
910 27
910 28
910 29
910 30
910 31
910 32
910 33
910 34
910 35
910 36
910 37
910 38
910 39
910 40
910 41
910 42
910 43
915 5
915 6
915 7
915 8
915 9
915 10
915 11
915 12
915 13
915 14
915 15
915 16
915 17
915 18
915 19
915 20
915 21
915 22
915 23
915 24
915 25
915 26
915 27
915 28
915 29
915 30
915 31
915 32
915 33
915 34
915 35
915 36
915 37
915 38
915 39
915 40
915 41
915 42
915 43
915 44
915 45
915 46
915 47
915 48
915 49
915 50
915 51
915 52
915 53
920 15
920 16
920 17
920 18
920 19
920 20
920 21
920 22
920 23
920 24
920 25
920 26
920 27
920 28
920 29
920 30
920 31
920 32
920 33
920 34
920 35
920 36
920 37
920 38
920 39
920 40
920 41
920 42
920 43
920 44
920 45
920 46
920 47
920 48
920 49
920 50
920 51
920 52
920 53
920 54
920 55
920 56
925 34
925 35
925 36
925 37
925 38
925 39
925 40
925 41
925 42
925 43
925 44
925 45
925 46
925 47
925 48
925 49
929 0
929 1
929 2
929 3
929 4
929 5
929 6
929 7
929 8
929 9
929 10
929 11
929 12
929 13
929 14
929 15
929 16
929 17
929 18
929 19
929 20
929 21
929 22
929 23
929 24
929 25
929 26
929 27
929 28
929 29
929 30
929 31
929 32
929 33
929 34
929 35
929 36
929 37
929 38
934 3
934 4
934 5
934 6
934 7
934 8
934 9
934 10
934 11
934 12
934 13
934 14
934 15
934 16
934 17
934 18
934 19
934 20
934 21
934 22
934 23
934 24
934 25
934 26
934 27
934 28
934 29
934 30
934 31
934 32
934 33
934 34
934 35
934 36
934 37
934 38
934 39
934 40
934 41
934 42
934 43
934 44
934 45
934 46
934 47
934 48
934 49
934 50
939 11
939 12
939 13
939 14
939 15
939 16
939 17
939 18
939 19
939 20
939 21
939 22
939 23
939 24
939 25
939 26
939 27
939 28
939 29
939 30
939 31
939 32
939 33
939 34
939 35
939 36
939 37
939 38
939 39
939 40
939 41
939 42
939 43
939 44
939 45
939 46
939 47
939 48
939 49
939 50
939 51
939 52
939 53
939 54
939 55
944 26
944 27
944 28
944 29
944 30
944 31
944 32
944 33
944 34
944 35
944 36
944 37
944 38
944 39
944 40
944 41
944 42
944 43
944 44
944 45
944 46
944 47
944 48
944 49
944 50
944 51
948 0
948 1
948 2
948 3
948 4
948 5
948 6
948 7
948 8
948 9
948 10
948 11
948 12
948 13
948 14
948 15
948 16
948 17
948 18
948 19
948 20
948 21
948 22
948 23
948 24
948 25
948 26
948 27
948 28
948 29
948 30
948 31
948 32
953 1
953 2
953 3
953 4
953 5
953 6
953 7
953 8
953 9
953 10
953 11
953 12
953 13
953 14
953 15
953 16
953 17
953 18
953 19
953 20
953 21
953 22
953 23
953 24
953 25
953 26
953 27
953 28
953 29
953 30
953 31
953 32
953 33
953 34
953 35
953 36
953 37
953 38
953 39
953 40
953 41
953 42
953 43
953 44
953 45
953 46
953 47
958 7
958 8
958 9
958 10
958 11
958 12
958 13
958 14
958 15
958 16
958 17
958 18
958 19
958 20
958 21
958 22
958 23
958 24
958 25
958 26
958 27
958 28
958 29
958 30
958 31
958 32
958 33
958 34
958 35
958 36
958 37
958 38
958 39
958 40
958 41
958 42
958 43
958 44
958 45
958 46
958 47
958 48
958 49
958 50
958 51
958 52
958 53
963 20
963 21
963 22
963 23
963 24
963 25
963 26
963 27
963 28
963 29
963 30
963 31
963 32
963 33
963 34
963 35
963 36
963 37
963 38
963 39
963 40
963 41
963 42
963 43
963 44
963 45
963 46
963 47
963 48
963 49
963 50
963 51
967 3
967 4
967 5
967 6
967 7
967 8
967 9
967 10
967 11
967 12
967 13
967 14
967 15
967 16
967 17
967 18
967 19
967 20
967 21
967 22
972 0
972 1
972 2
972 3
972 4
972 5
972 6
972 7
972 8
972 9
972 10
972 11
972 12
972 13
972 14
972 15
972 16
972 17
972 18
972 19
972 20
972 21
972 22
972 23
972 24
972 25
972 26
972 27
972 28
972 29
972 30
972 31
972 32
972 33
972 34
972 35
972 36
972 37
972 38
972 39
972 40
972 41
972 42
972 575
977 4
977 5
977 6
977 7
977 8
977 9
977 10
977 11
977 12
977 13
977 14
977 15
977 16
977 17
977 18
977 19
977 20
977 21
977 22
977 23
977 24
977 25
977 26
977 27
977 28
977 29
977 30
977 31
977 32
977 33
977 34
977 35
977 36
977 37
977 38
977 39
977 40
977 41
977 42
977 43
977 44
977 45
977 46
977 47
977 48
977 49
977 50
982 15
982 16
982 17
982 18
982 19
982 20
982 21
982 22
982 23
982 24
982 25
982 26
982 27
982 28
982 29
982 30
982 31
982 32
982 33
982 34
982 35
982 36
982 37
982 38
982 39
982 40
982 41
982 42
982 43
982 44
982 45
982 46
982 47
982 48
982 49
982 50
991 0
991 1
991 2
991 3
991 4
991 5
991 6
991 7
991 8
991 9
991 10
991 11
991 12
991 13
991 14
991 15
991 16
991 17
991 18
991 19
991 20
991 21
991 22
991 23
991 24
991 25
991 26
991 27
991 28
991 29
991 30
991 31
991 32
991 33
991 34
991 35
991 36
991 575
996 2
996 3
996 4
996 5
996 6
996 7
996 8
996 9
996 10
996 11
996 12
996 13
996 14
996 15
996 16
996 17
996 18
996 19
996 20
996 21
996 22
996 23
996 24
996 25
996 26
996 27
996 28
996 29
996 30
996 31
996 32
996 33
996 34
996 35
996 36
996 37
996 38
996 39
996 40
996 41
996 42
996 43
996 44
996 45
996 46
996 47
1001 11
1001 12
1001 13
1001 14
1001 15
1001 16
1001 17
1001 18
1001 19
1001 20
1001 21
1001 22
1001 23
1001 24
1001 25
1001 26
1001 27
1001 28
1001 29
1001 30
1001 31
1001 32
1001 33
1001 34
1001 35
1001 36
1001 37
1001 38
1001 39
1001 40
1001 41
1001 42
1001 43
1001 44
1001 45
1001 46
1001 47
1001 48
1001 49
1010 1
1010 2
1010 3
1010 4
1010 5
1010 6
1010 7
1010 8
1010 9
1010 10
1010 11
1010 12
1010 13
1010 14
1010 15
1010 16
1010 17
1010 18
1010 19
1010 20
1010 21
1010 22
1010 23
1010 24
1010 25
1010 26
1010 27
1010 28
1010 29
1015 1
1015 2
1015 3
1015 4
1015 5
1015 6
1015 7
1015 8
1015 9
1015 10
1015 11
1015 12
1015 13
1015 14
1015 15
1015 16
1015 17
1015 18
1015 19
1015 20
1015 21
1015 22
1015 23
1015 24
1015 25
1015 26
1015 27
1015 28
1015 29
1015 30
1015 31
1015 32
1015 33
1015 34
1015 35
1015 36
1015 37
1015 38
1015 39
1015 40
1015 41
1015 42
1015 43
1020 8
1020 9
1020 10
1020 11
1020 12
1020 13
1020 14
1020 15
1020 16
1020 17
1020 18
1020 19
1020 20
1020 21
1020 22
1020 23
1020 24
1020 25
1020 26
1020 27
1020 28
1020 29
1020 30
1020 31
1020 32
1020 33
1020 34
1020 35
1020 36
1020 37
1020 38
1020 39
1020 40
1020 41
1020 42
1020 43
1020 44
1020 45
1020 46
1020 47
1025 26
1025 27
1025 28
1025 29
1025 30
1025 31
1025 32
1025 33
1025 34
1025 35
1025 36
1025 37
1025 38
1025 39
1029 8
1029 9
1029 10
1029 11
1029 12
1029 13
1029 14
1034 1
1034 2
1034 3
1034 4
1034 5
1034 6
1034 7
1034 8
1034 9
1034 10
1034 11
1034 12
1034 13
1034 14
1034 15
1034 16
1034 17
1034 18
1034 19
1034 20
1034 21
1034 22
1034 23
1034 24
1034 25
1034 26
1034 27
1034 28
1034 29
1034 30
1034 31
1034 32
1034 33
1034 34
1034 35
1034 36
1034 37
1039 6
1039 7
1039 8
1039 9
1039 10
1039 11
1039 12
1039 13
1039 14
1039 15
1039 16
1039 17
1039 18
1039 19
1039 20
1039 21
1039 22
1039 23
1039 24
1039 25
1039 26
1039 27
1039 28
1039 29
1039 30
1039 31
1039 32
1039 33
1039 34
1039 35
1039 36
1039 37
1039 38
1039 39
1039 40
1039 41
1039 42
1039 43
1044 20
1044 21
1044 22
1044 23
1044 24
1044 25
1044 26
1044 27
1044 28
1044 29
1044 30
1044 31
1044 32
1044 33
1044 34
1044 35
1044 36
1044 37
1044 38
1044 39
1053 2
1053 3
1053 4
1053 5
1053 6
1053 7
1053 8
1053 9
1053 10
1053 11
1053 12
1053 13
1053 14
1053 15
1053 16
1053 17
1053 18
1053 19
1053 20
1053 21
1053 22
1053 23
1053 24
1053 25
1053 26
1053 27
1053 28
1053 29
1058 5
1058 6
1058 7
1058 8
1058 9
1058 10
1058 11
1058 12
1058 13
1058 14
1058 15
1058 16
1058 17
1058 18
1058 19
1058 20
1058 21
1058 22
1058 23
1058 24
1058 25
1058 26
1058 27
1058 28
1058 29
1058 30
1058 31
1058 32
1058 33
1058 34
1058 35
1058 36
1058 37
1058 38
1058 39
1063 16
1063 17
1063 18
1063 19
1063 20
1063 21
1063 22
1063 23
1063 24
1063 25
1063 26
1063 27
1063 28
1063 29
1063 30
1063 31
1063 32
1063 33
1063 34
1063 35
1063 36
1063 37
1063 38
1077 5
1077 6
1077 7
1077 8
1077 9
1077 10
1077 11
1077 12
1077 13
1077 14
1077 15
1077 16
1077 17
1077 18
1077 19
1077 20
1077 21
1077 22
1077 23
1077 24
1077 25
1077 26
1077 27
1077 28
1077 29
1077 30
1077 31
1077 32
1077 33
1082 14
1082 15
1082 16
1082 17
1082 18
1082 19
1082 20
1082 21
1082 22
1082 23
1082 24
1082 25
1082 26
1082 27
1082 28
1082 29
1082 30
1082 31
1082 32
1082 33
1082 34
1082 35
1096 8
1096 9
1096 10
1096 11
1096 12
1096 13
1096 14
1096 15
1096 16
1096 17
1096 18
1096 19
1096 20
1096 21
1096 22
1096 23
1096 24
1101 14
1101 15
1101 16
1101 17
1101 18
1101 19
1101 20
1101 21
1101 22
1101 23
1101 24
1101 25
1101 26
1101 27
1101 28
1101 29
1985 21
1985 22
1985 23
1985 24
