221 23
221 24
221 25
221 26
221 27
221 28
221 29
221 30
221 31
221 32
221 33
221 34
221 35
221 36
221 37
221 38
232 23
232 24
232 25
232 26
232 27
232 28
232 29
232 30
232 31
232 32
232 33
232 34
232 35
232 36
232 37
232 38
232 39
232 40
232 41
232 42
232 43
232 44
243 26
243 27
243 28
243 29
243 30
243 31
243 32
243 33
243 34
243 35
243 36
243 37
243 38
243 39
243 40
243 41
243 42
243 43
243 44
243 45
243 46
245 18
245 19
245 20
245 21
245 22
245 23
245 24
245 25
245 26
245 27
245 28
245 29
245 30
245 31
254 33
254 34
254 35
254 36
254 37
254 38
254 39
254 40
254 41
254 42
254 43
254 44
254 45
254 46
256 14
256 15
256 16
256 17
256 18
256 19
256 20
256 21
256 22
256 23
256 24
256 25
256 26
256 27
256 28
256 29
256 30
256 31
256 32
256 33
256 34
256 35
256 36
256 37
256 38
256 39
256 40
267 14
267 15
267 16
267 17
267 18
267 19
267 20
267 21
267 22
267 23
267 24
267 25
267 26
267 27
267 28
267 29
267 30
267 31
267 32
267 33
267 34
267 35
267 36
267 37
267 38
267 39
267 40
267 41
267 42
267 43
267 44
267 45
267 46
278 15
278 16
278 17
278 18
278 19
278 20
278 21
278 22
278 23
278 24
278 25
278 26
278 27
278 28
278 29
278 30
278 31
278 32
278 33
278 34
278 35
278 36
278 37
278 38
278 39
278 40
278 41
278 42
278 43
278 44
278 45
278 46
278 47
278 48
278 49
278 50
280 20
280 21
280 22
289 19
289 20
289 21
289 22
289 23
289 24
289 25
289 26
289 27
289 28
289 29
289 30
289 31
289 32
289 33
289 34
289 35
289 36
289 37
289 38
289 39
289 40
289 41
289 42
289 43
289 44
289 45
289 46
289 47
289 48
289 49
289 50
289 51
289 52
291 11
291 12
291 13
291 14
291 15
291 16
291 17
291 18
291 19
291 20
291 21
291 22
291 23
291 24
291 25
291 26
291 27
291 28
291 29
291 30
291 31
291 32
291 33
291 34
291 35
291 36
300 24
300 25
300 26
300 27
300 28
300 29
300 30
300 31
300 32
300 33
300 34
300 35
300 36
300 37
300 38
300 39
300 40
300 41
300 42
300 43
300 44
300 45
300 46
300 47
300 48
300 49
300 50
300 51
300 52
300 53
302 9
302 10
302 11
302 12
302 13
302 14
302 15
302 16
302 17
302 18
302 19
302 20
302 21
302 22
302 23
302 24
302 25
302 26
302 27
302 28
302 29
302 30
302 31
302 32
302 33
302 34
302 35
302 36
302 37
302 38
302 39
302 40
302 41
302 42
302 43
311 33
311 34
311 35
311 36
311 37
311 38
311 39
311 40
311 41
311 42
311 43
311 44
311 45
311 46
311 47
311 48
311 49
311 50
311 51
311 52
313 10
313 11
313 12
313 13
313 14
313 15
313 16
313 17
313 18
313 19
313 20
313 21
313 22
313 23
313 24
313 25
313 26
313 27
313 28
313 29
313 30
313 31
313 32
313 33
313 34
313 35
313 36
313 37
313 38
313 39
313 40
313 41
313 42
313 43
313 44
313 45
313 46
313 47
313 48
324 12
324 13
324 14
324 15
324 16
324 17
324 18
324 19
324 20
324 21
324 22
324 23
324 24
324 25
324 26
324 27
324 28
324 29
324 30
324 31
324 32
324 33
324 34
324 35
324 36
324 37
324 38
324 39
324 40
324 41
324 42
324 43
324 44
324 45
324 46
324 47
324 48
324 49
324 50
324 51
324 52
326 14
326 15
326 16
326 17
326 18
326 19
326 20
326 21
326 22
326 23
326 24
326 25
326 26
335 16
335 17
335 18
335 19
335 20
335 21
335 22
335 23
335 24
335 25
335 26
335 27
335 28
335 29
335 30
335 31
335 32
335 33
335 34
335 35
335 36
335 37
335 38
335 39
335 40
335 41
335 42
335 43
335 44
335 45
335 46
335 47
335 48
335 49
335 50
335 51
335 52
335 53
335 54
337 9
337 10
337 11
337 12
337 13
337 14
337 15
337 16
337 17
337 18
337 19
337 20
337 21
337 22
337 23
337 24
337 25
337 26
337 27
337 28
337 29
337 30
337 31
337 32
337 33
337 34
337 35
337 36
337 37
346 21
346 22
346 23
346 24
346 25
346 26
346 27
346 28
346 29
346 30
346 31
346 32
346 33
346 34
346 35
346 36
346 37
346 38
346 39
346 40
346 41
346 42
346 43
346 44
346 45
346 46
346 47
346 48
346 49
346 50
346 51
346 52
346 53
346 54
346 55
348 8
348 9
348 10
348 11
348 12
348 13
348 14
348 15
348 16
348 17
348 18
348 19
348 20
348 21
348 22
348 23
348 24
348 25
348 26
348 27
348 28
348 29
348 30
348 31
348 32
348 33
348 34
348 35
348 36
348 37
348 38
348 39
348 40
348 41
348 42
348 43
357 29
357 30
357 31
357 32
357 33
357 34
357 35
357 36
357 37
357 38
357 39
357 40
357 41
357 42
357 43
357 44
357 45
357 46
357 47
357 48
357 49
357 50
357 51
357 52
357 53
357 54
357 55
359 9
359 10
359 11
359 12
359 13
359 14
359 15
359 16
359 17
359 18
359 19
359 20
359 21
359 22
359 23
359 24
359 25
359 26
359 27
359 28
359 29
359 30
359 31
359 32
359 33
359 34
359 35
359 36
359 37
359 38
359 39
359 40
359 41
359 42
359 43
359 44
359 45
359 46
359 47
359 48
370 12
370 13
370 14
370 15
370 16
370 17
370 18
370 19
370 20
370 21
370 22
370 23
370 24
370 25
370 26
370 27
370 28
370 29
370 30
370 31
370 32
370 33
370 34
370 35
370 36
370 37
370 38
370 39
370 40
370 41
370 42
370 43
370 44
370 45
370 46
370 47
370 48
370 49
370 50
370 51
370 52
381 16
381 17
381 18
381 19
381 20
381 21
381 22
381 23
381 24
381 25
381 26
381 27
381 28
381 29
381 30
381 31
381 32
381 33
381 34
381 35
381 36
381 37
381 38
381 39
381 40
381 41
381 42
381 43
381 44
381 45
381 46
381 47
381 48
381 49
381 50
381 51
381 52
381 53
381 54
383 11
383 12
383 13
383 14
383 15
383 16
383 17
383 18
383 19
383 20
383 21
383 22
383 23
383 24
383 25
383 26
383 27
383 28
383 29
383 30
383 31
383 32
383 33
383 34
392 22
392 23
392 24
392 25
392 26
392 27
392 28
392 29
392 30
392 31
392 32
392 33
392 34
392 35
392 36
392 37
392 38
392 39
392 40
392 41
392 42
392 43
392 44
392 45
392 46
392 47
392 48
392 49
392 50
392 51
392 52
392 53
392 54
392 55
394 10
394 11
394 12
394 13
394 14
394 15
394 16
394 17
394 18
394 19
394 20
394 21
394 22
394 23
394 24
394 25
394 26
394 27
394 28
394 29
394 30
394 31
394 32
394 33
394 34
394 35
394 36
394 37
394 38
394 39
394 40
394 41
403 30
403 31
403 32
403 33
403 34
403 35
403 36
403 37
403 38
403 39
403 40
403 41
403 42
403 43
403 44
403 45
403 46
403 47
403 48
403 49
403 50
403 51
403 52
403 53
403 54
405 11
405 12
405 13
405 14
405 15
405 16
405 17
405 18
405 19
405 20
405 21
405 22
405 23
405 24
405 25
405 26
405 27
405 28
405 29
405 30
405 31
405 32
405 33
405 34
405 35
405 36
405 37
405 38
405 39
405 40
405 41
405 42
405 43
405 44
405 45
405 46
416 14
416 15
416 16
416 17
416 18
416 19
416 20
416 21
416 22
416 23
416 24
416 25
416 26
416 27
416 28
416 29
416 30
416 31
416 32
416 33
416 34
416 35
416 36
416 37
416 38
416 39
416 40
416 41
416 42
416 43
416 44
416 45
416 46
416 47
416 48
416 49
427 19
427 20
427 21
427 22
427 23
427 24
427 25
427 26
427 27
427 28
427 29
427 30
427 31
427 32
427 33
427 34
427 35
427 36
427 37
427 38
427 39
427 40
427 41
427 42
427 43
427 44
427 45
427 46
427 47
427 48
427 49
427 50
427 51
438 25
438 26
438 27
438 28
438 29
438 30
438 31
438 32
438 33
438 34
438 35
438 36
438 37
438 38
438 39
438 40
438 41
438 42
438 43
438 44
438 45
438 46
438 47
438 48
438 49
438 50
438 51
440 17
440 18
440 19
440 20
440 21
440 22
440 23
440 24
440 25
440 26
440 27
440 28
440 29
440 30
440 31
440 32
440 33
449 37
449 38
449 39
449 40
449 41
449 42
449 43
449 44
449 45
449 46
449 47
451 18
451 19
451 20
451 21
451 22
451 23
451 24
451 25
451 26
451 27
451 28
451 29
451 30
451 31
451 32
451 33
451 34
451 35
451 36
451 37
451 38
451 39
462 21
462 22
462 23
462 24
462 25
462 26
462 27
462 28
462 29
462 30
462 31
462 32
462 33
462 34
462 35
462 36
462 37
462 38
462 39
462 40
462 41
462 42
473 28
473 29
473 30
473 31
473 32
473 33
473 34
473 35
473 36
473 37
473 38
473 39
473 40
473 41
473 42
