3620 227
3624 231
3627 221
3627 222
3627 223
3628 235
3628 236
3631 225
3631 226
3631 227
3632 239
3632 240
3634 216
3634 217
3634 218
3635 229
3635 230
3635 231
3635 232
3638 220
3638 221
3638 222
3639 233
3639 234
3639 235
3639 236
3641 211
3641 212
3641 213
3642 224
3642 225
3642 226
3642 227
3643 238
3643 239
3643 240
3645 215
3645 216
3645 217
3645 218
3646 228
3646 229
3646 230
3646 231
3647 242
3647 243
3647 244
3648 207
3649 219
3649 220
3649 221
3649 222
3650 232
3650 233
3650 234
3650 235
3650 236
3651 247
3651 248
3652 210
3652 211
3652 212
3653 223
3653 224
3653 225
3653 226
3653 227
3654 237
3654 238
3654 239
3654 240
3656 214
3656 215
3656 216
3656 217
3657 227
3657 228
3657 229
3657 230
3657 231
3658 241
3658 242
3658 243
3658 244
3659 206
3659 207
3660 218
3660 219
3660 220
3660 221
3660 222
3661 231
3661 232
3661 233
3661 234
3661 235
3662 246
3662 247
3662 248
3663 209
3663 210
3663 211
3663 212
3664 222
3664 223
3664 224
3664 225
3664 226
3665 235
3665 236
3665 237
3665 238
3665 239
3665 240
3666 250
3666 251
3666 252
3667 213
3667 214
3667 215
3667 216
3667 217
3668 226
3668 227
3668 228
3668 229
3668 230
3668 231
3669 240
3669 241
3669 242
3669 243
3669 244
3670 205
3670 206
3670 207
3671 217
3671 218
3671 219
3671 220
3671 221
3672 230
3672 231
3672 232
3672 233
3672 234
3672 235
3673 244
3673 245
3673 246
3673 247
3673 248
3674 208
3674 209
3674 210
3674 211
3675 221
3675 222
3675 223
3675 224
3675 225
3675 226
3676 234
3676 235
3676 236
3676 237
3676 238
3676 239
3677 249
3677 250
3677 251
3677 252
3678 212
3678 213
3678 214
3678 215
3678 216
3679 225
3679 226
3679 227
3679 228
3679 229
3679 230
3680 239
3680 240
3680 241
3680 242
3680 243
3680 244
3681 204
3681 205
3681 206
3681 254
3681 255
3682 216
3682 217
3682 218
3682 219
3682 220
3682 221
3683 229
3683 230
3683 231
3683 232
3683 233
3683 234
3683 235
3684 243
3684 244
3684 245
3684 246
3684 247
3684 248
3685 207
3685 208
3685 209
3685 210
3685 211
3686 220
3686 221
3686 222
3686 223
3686 224
3686 225
3687 233
3687 234
3687 235
3687 236
3687 237
3687 238
3687 239
3688 248
3688 249
3688 250
3688 251
3688 252
3689 211
3689 212
3689 213
3689 214
3689 215
3689 216
3690 224
3690 225
3690 226
3690 227
3690 228
3690 229
3690 230
3691 238
3691 239
3691 240
3691 241
3691 242
3691 243
3692 203
3692 204
3692 205
3692 253
3692 254
3692 255
3693 215
3693 216
3693 217
3693 218
3693 219
3693 220
3694 228
3694 229
3694 230
3694 231
3694 232
3694 233
3694 234
3695 242
3695 243
3695 244
3695 245
3695 246
3695 247
3696 207
3696 208
3696 209
3696 210
3696 258
3697 219
3697 220
3697 221
3697 222
3697 223
3697 224
3697 225
3698 233
3698 234
3698 235
3698 236
3698 237
3698 238
3699 247
3699 248
3699 249
3699 250
3699 251
3700 210
3700 211
3700 212
3700 213
3700 214
3700 215
3701 223
3701 224
3701 225
3701 226
3701 227
3701 228
3701 229
3702 237
3702 238
3702 239
3702 240
3702 241
3702 242
3702 243
3703 202
3703 203
3703 204
3703 205
3703 252
3703 253
3703 254
3703 255
3704 214
3704 215
3704 216
3704 217
3704 218
3704 219
3704 220
3705 227
3705 228
3705 229
3705 230
3705 231
3705 232
3705 233
3705 234
3706 241
3706 242
3706 243
3706 244
3706 245
3706 246
3706 247
3707 206
3707 207
3707 208
3707 209
3707 210
3707 257
3707 258
3707 259
3708 218
3708 219
3708 220
3708 221
3708 222
3708 223
3708 224
3709 232
3709 233
3709 234
3709 235
3709 236
3709 237
3709 238
3710 246
3710 247
3710 248
3710 249
3710 250
3710 251
3711 210
3711 211
3711 212
3711 213
3711 214
3712 222
3712 223
3712 224
3712 225
3712 226
3712 227
3712 228
3712 229
3713 236
3713 237
3713 238
3713 239
3713 240
3713 241
3713 242
3714 202
3714 203
3714 204
3714 251
3714 252
3714 253
3714 254
3714 255
3715 214
3715 215
3715 216
3715 217
3715 218
3715 219
3716 227
3716 228
3716 229
3716 230
3716 231
3716 232
3716 233
3717 240
3717 241
3717 242
3717 243
3717 244
3717 245
3717 246
3718 205
3718 206
3718 207
3718 208
3718 209
3718 255
3718 256
3718 257
3718 258
3719 218
3719 219
3719 220
3719 221
3719 222
3719 223
3720 231
3720 232
3720 233
3720 234
3720 235
3720 236
3720 237
3721 245
3721 246
3721 247
3721 248
3721 249
3721 250
3722 209
3722 210
3722 211
3722 212
3722 213
3722 214
3722 261
3723 222
3723 223
3723 224
3723 225
3723 226
3723 227
3723 228
3724 235
3724 236
3724 237
3724 238
3724 239
3724 240
3724 241
3725 201
3725 202
3725 203
3725 250
3725 251
3725 252
3725 253
3725 254
3726 213
3726 214
3726 215
3726 216
3726 217
3726 218
3727 226
3727 227
3727 228
3727 229
3727 230
3727 231
3727 232
3728 239
3728 240
3728 241
3728 242
3728 243
3728 244
3728 245
3728 246
3729 204
3729 205
3729 206
3729 207
3729 208
3729 254
3729 255
3729 256
3729 257
3729 258
3730 217
3730 218
3730 219
3730 220
3730 221
3730 222
3730 223
3731 230
3731 231
3731 232
3731 233
3731 234
3731 235
3731 236
3731 237
3732 244
3732 245
3732 246
3732 247
3732 248
3732 249
3732 250
3733 208
3733 209
3733 210
3733 211
3733 212
3733 213
3733 260
3733 261
3734 221
3734 222
3734 223
3734 224
3734 225
3734 226
3734 227
3735 234
3735 235
3735 236
3735 237
3735 238
3735 239
3735 240
3735 241
3736 200
3736 201
3736 202
3736 203
3736 249
3736 250
3736 251
3736 252
3736 253
3736 254
3737 212
3737 213
3737 214
3737 215
3737 216
3737 217
3737 218
3738 225
3738 226
3738 227
3738 228
3738 229
3738 230
3738 231
3738 232
3739 239
3739 240
3739 241
3739 242
3739 243
3739 244
3739 245
3740 204
3740 205
3740 206
3740 207
3740 208
3740 253
3740 254
3740 255
3740 256
3740 257
3740 258
3741 216
3741 217
3741 218
3741 219
3741 220
3741 221
3741 222
3742 229
3742 230
3742 231
3742 232
3742 233
3742 234
3742 235
3742 236
3743 243
3743 244
3743 245
3743 246
3743 247
3743 248
3743 249
3744 207
3744 208
3744 209
3744 210
3744 211
3744 212
3744 258
3744 259
3744 260
3744 261
3745 220
3745 221
3745 222
3745 223
3745 224
3745 225
3745 226
3745 227
3746 233
3746 234
3746 235
3746 236
3746 237
3746 238
3746 239
3746 240
3747 200
3747 201
3747 202
3747 248
3747 249
3747 250
3747 251
3747 252
3747 253
3748 211
3748 212
3748 213
3748 214
3748 215
3748 216
3748 217
3749 224
3749 225
3749 226
3749 227
3749 228
3749 229
3749 230
3749 231
3750 238
3750 239
3750 240
3750 241
3750 242
3750 243
3750 244
3751 203
3751 204
3751 205
3751 206
3751 207
3751 252
3751 253
3751 254
3751 255
3751 256
3751 257
3752 215
3752 216
3752 217
3752 218
3752 219
3752 220
3752 221
3753 228
3753 229
3753 230
3753 231
3753 232
3753 233
3753 234
3753 235
3754 242
3754 243
3754 244
3754 245
3754 246
3754 247
3754 248
3754 249
3755 207
3755 208
3755 209
3755 210
3755 211
3755 212
3755 257
3755 258
3755 259
3755 260
3755 261
3756 219
3756 220
3756 221
3756 222
3756 223
3756 224
3756 225
3756 226
3757 233
3757 234
3757 235
3757 236
3757 237
3757 238
3757 239
3757 240
3758 199
3758 200
3758 201
3758 247
3758 248
3758 249
3758 250
3758 251
3758 252
3758 253
3759 211
3759 212
3759 213
3759 214
3759 215
3759 216
3759 263
3759 264
3760 223
3760 224
3760 225
3760 226
3760 227
3760 228
3760 229
3760 230
3761 237
3761 238
3761 239
3761 240
3761 241
3761 242
3761 243
3761 244
3762 203
3762 204
3762 205
3762 206
3762 251
3762 252
3762 253
3762 254
3762 255
3762 256
3763 215
3763 216
3763 217
3763 218
3763 219
3763 220
3763 221
3764 228
3764 229
3764 230
3764 231
3764 232
3764 233
3764 234
3764 235
3765 241
3765 242
3765 243
3765 244
3765 245
3765 246
3765 247
3765 248
3766 206
3766 207
3766 208
3766 209
3766 210
3766 211
3766 256
3766 257
3766 258
3766 259
3766 260
3767 219
3767 220
3767 221
3767 222
3767 223
3767 224
3767 225
3768 232
3768 233
3768 234
3768 235
3768 236
3768 237
3768 238
3768 239
3769 199
3769 200
3769 246
3769 247
3769 248
3769 249
3769 250
3769 251
3769 252
3770 210
3770 211
3770 212
3770 213
3770 214
3770 215
3770 262
3770 263
3771 223
3771 224
3771 225
3771 226
3771 227
3771 228
3771 229
3771 230
3772 236
3772 237
3772 238
3772 239
3772 240
3772 241
3772 242
3772 243
3773 202
3773 203
3773 204
3773 205
3773 251
3773 252
3773 253
3773 254
3773 255
3773 256
3774 214
3774 215
3774 216
3774 217
3774 218
3774 219
3774 220
3775 227
3775 228
3775 229
3775 230
3775 231
3775 232
3775 233
3775 234
3776 241
3776 242
3776 243
3776 244
3776 245
3776 246
3776 247
3777 206
3777 207
3777 208
3777 209
3777 210
3777 255
3777 256
3777 257
3777 258
3777 259
3777 260
3778 218
3778 219
3778 220
3778 221
3778 222
3778 223
3778 224
3779 231
3779 232
3779 233
3779 234
3779 235
3779 236
3779 237
3779 238
3780 245
3780 246
3780 247
3780 248
3780 249
3780 250
3780 251
3781 209
3781 210
3781 211
3781 212
3781 213
3781 214
3781 215
3781 260
3781 261
3781 262
3781 263
3782 222
3782 223
3782 224
3782 225
3782 226
3782 227
3782 228
3782 229
3783 235
3783 236
3783 237
3783 238
3783 239
3783 240
3783 241
3783 242
3784 202
3784 203
3784 204
3784 250
3784 251
3784 252
3784 253
3784 254
3784 255
3785 213
3785 214
3785 215
3785 216
3785 217
3785 218
3785 219
3786 226
3786 227
3786 228
3786 229
3786 230
3786 231
3786 232
3786 233
3787 240
3787 241
3787 242
3787 243
3787 244
3787 245
3787 246
3787 247
3788 205
3788 206
3788 207
3788 208
3788 209
3788 254
3788 255
3788 256
3788 257
3788 258
3788 259
3789 217
3789 218
3789 219
3789 220
3789 221
3789 222
3789 223
3789 224
3790 230
3790 231
3790 232
3790 233
3790 234
3790 235
3790 236
3790 237
3791 244
3791 245
3791 246
3791 247
3791 248
3791 249
3791 250
3791 251
3792 209
3792 210
3792 211
3792 212
3792 213
3792 214
3792 259
3792 260
3792 261
3792 262
3793 221
3793 222
3793 223
3793 224
3793 225
3793 226
3793 227
3793 228
3794 235
3794 236
3794 237
3794 238
3794 239
3794 240
3794 241
3794 242
3795 201
3795 202
3795 203
3795 249
3795 250
3795 251
3795 252
3795 253
3795 254
3795 255
3796 213
3796 214
3796 215
3796 216
3796 217
3796 218
3797 225
3797 226
3797 227
3797 228
3797 229
3797 230
3797 231
3797 232
3798 239
3798 240
3798 241
3798 242
3798 243
3798 244
3798 245
3798 246
3799 205
3799 206
3799 207
3799 208
3799 254
3799 255
3799 256
3799 257
3799 258
3800 217
3800 218
3800 219
3800 220
3800 221
3800 222
3800 223
3801 230
3801 231
3801 232
3801 233
3801 234
3801 235
3801 236
3801 237
3802 243
3802 244
3802 245
3802 246
3802 247
3802 248
3802 249
3802 250
3803 208
3803 209
3803 210
3803 211
3803 212
3803 213
3803 259
3803 260
3803 261
3803 262
3804 221
3804 222
3804 223
3804 224
3804 225
3804 226
3804 227
3805 234
3805 235
3805 236
3805 237
3805 238
3805 239
3805 240
3805 241
3806 201
3806 202
3806 248
3806 249
3806 250
3806 251
3806 252
3806 253
3806 254
3807 212
3807 213
3807 214
3807 215
3807 216
3807 217
3807 218
3808 225
3808 226
3808 227
3808 228
3808 229
3808 230
3808 231
3808 232
3809 238
3809 239
3809 240
3809 241
3809 242
3809 243
3809 244
3809 245
3810 204
3810 205
3810 206
3810 207
3810 253
3810 254
3810 255
3810 256
3810 257
3810 258
3811 216
3811 217
3811 218
3811 219
3811 220
3811 221
3811 222
3812 229
3812 230
3812 231
3812 232
3812 233
3812 234
3812 235
3812 236
3813 243
3813 244
3813 245
3813 246
3813 247
3813 248
3813 249
3814 208
3814 209
3814 210
3814 211
3814 212
3814 258
3814 259
3814 260
3814 261
3815 220
3815 221
3815 222
3815 223
3815 224
3815 225
3815 226
3815 227
3816 233
3816 234
3816 235
3816 236
3816 237
3816 238
3816 239
3816 240
3817 247
3817 248
3817 249
3817 250
3817 251
3817 252
3817 253
3818 212
3818 213
3818 214
3818 215
3818 216
3818 217
3818 263
3818 264
3819 224
3819 225
3819 226
3819 227
3819 228
3819 229
3819 230
3819 231
3820 238
3820 239
3820 240
3820 241
3820 242
3820 243
3820 244
3821 204
3821 205
3821 206
3821 252
3821 253
3821 254
3821 255
3821 256
3821 257
3822 215
3822 216
3822 217
3822 218
3822 219
3822 220
3822 221
3823 228
3823 229
3823 230
3823 231
3823 232
3823 233
3823 234
3823 235
3824 242
3824 243
3824 244
3824 245
3824 246
3824 247
3824 248
3825 207
3825 208
3825 209
3825 210
3825 211
3825 257
3825 258
3825 259
3825 260
3825 261
3826 219
3826 220
3826 221
3826 222
3826 223
3826 224
3826 225
3826 226
3827 233
3827 234
3827 235
3827 236
3827 237
3827 238
3827 239
3828 246
3828 247
3828 248
3828 249
3828 250
3828 251
3828 252
3829 211
3829 212
3829 213
3829 214
3829 215
3829 216
3829 262
3829 263
3829 264
3830 223
3830 224
3830 225
3830 226
3830 227
3830 228
3830 229
3830 230
3831 237
3831 238
3831 239
3831 240
3831 241
3831 242
3831 243
3831 244
3832 204
3832 205
3832 251
3832 252
3832 253
3832 254
3832 255
3832 256
3833 215
3833 216
3833 217
3833 218
3833 219
3833 220
3834 228
3834 229
3834 230
3834 231
3834 232
3834 233
3834 234
3835 241
3835 242
3835 243
3835 244
3835 245
3835 246
3835 247
3835 248
3836 207
3836 208
3836 209
3836 210
3836 256
3836 257
3836 258
3836 259
3836 260
3837 219
3837 220
3837 221
3837 222
3837 223
3837 224
3837 225
3838 232
3838 233
3838 234
3838 235
3838 236
3838 237
3838 238
3838 239
3839 246
3839 247
3839 248
3839 249
3839 250
3839 251
3839 252
3840 211
3840 212
3840 213
3840 214
3840 215
3840 261
3840 262
3840 263
3841 223
3841 224
3841 225
3841 226
3841 227
3841 228
3841 229
3842 236
3842 237
3842 238
3842 239
3842 240
3842 241
3842 242
3842 243
3843 250
3843 251
3843 252
3843 253
3843 254
3843 255
3843 256
3844 214
3844 215
3844 216
3844 217
3844 218
3844 219
3844 220
3845 227
3845 228
3845 229
3845 230
3845 231
3845 232
3845 233
3845 234
3846 241
3846 242
3846 243
3846 244
3846 245
3846 246
3846 247
3847 207
3847 208
3847 209
3847 255
3847 256
3847 257
3847 258
3847 259
3848 218
3848 219
3848 220
3848 221
3848 222
3848 223
3848 224
3849 231
3849 232
3849 233
3849 234
3849 235
3849 236
3849 237
3849 238
3850 245
3850 246
3850 247
3850 248
3850 249
3850 250
3850 251
3851 210
3851 211
3851 212
3851 213
3851 214
3851 260
3851 261
3851 262
3852 222
3852 223
3852 224
3852 225
3852 226
3852 227
3852 228
3853 235
3853 236
3853 237
3853 238
3853 239
3853 240
3853 241
3853 242
3854 250
3854 251
3854 252
3854 253
3854 254
3854 255
3855 214
3855 215
3855 216
3855 217
3855 218
3855 219
3856 226
3856 227
3856 228
3856 229
3856 230
3856 231
3856 232
3856 233
3857 240
3857 241
3857 242
3857 243
3857 244
3857 245
3857 246
3858 207
3858 208
3858 254
3858 255
3858 256
3858 257
3858 258
3859 218
3859 219
3859 220
3859 221
3859 222
3859 223
3860 231
3860 232
3860 233
3860 234
3860 235
3860 236
3860 237
3861 244
3861 245
3861 246
3861 247
3861 248
3861 249
3861 250
3862 210
3862 211
3862 212
3862 213
3862 260
3862 261
3862 262
3863 222
3863 223
3863 224
3863 225
3863 226
3863 227
3863 228
3864 235
3864 236
3864 237
3864 238
3864 239
3864 240
3864 241
3865 249
3865 250
3865 251
3865 252
3865 253
3865 254
3866 213
3866 214
3866 215
3866 216
3866 217
3866 218
3867 226
3867 227
3867 228
3867 229
3867 230
3867 231
3867 232
3868 239
3868 240
3868 241
3868 242
3868 243
3868 244
3868 245
3869 254
3869 255
3869 256
3869 257
3869 258
3870 217
3870 218
3870 219
3870 220
3870 221
3870 222
3871 230
3871 231
3871 232
3871 233
3871 234
3871 235
3871 236
3872 244
3872 245
3872 246
3872 247
3872 248
3872 249
3873 210
3873 211
3873 212
3873 259
3873 260
3873 261
3874 221
3874 222
3874 223
3874 224
3874 225
3874 226
3874 227
3875 234
3875 235
3875 236
3875 237
3875 238
3875 239
3875 240
3876 248
3876 249
3876 250
3876 251
3876 252
3876 253
3877 213
3877 214
3877 215
3877 216
3877 217
3878 225
3878 226
3878 227
3878 228
3878 229
3878 230
3878 231
3879 239
3879 240
3879 241
3879 242
3879 243
3879 244
3880 253
3880 254
3880 255
3880 256
3880 257
3881 217
3881 218
3881 219
3881 220
3881 221
3882 229
3882 230
3882 231
3882 232
3882 233
3882 234
3882 235
3883 243
3883 244
3883 245
3883 246
3883 247
3883 248
3884 258
3884 259
3884 260
3885 221
3885 222
3885 223
3885 224
3885 225
3885 226
3886 234
3886 235
3886 236
3886 237
3886 238
3886 239
3886 240
3887 248
3887 249
3887 250
3887 251
3887 252
3888 213
3888 214
3888 215
3889 225
3889 226
3889 227
3889 228
3889 229
3889 230
3890 238
3890 239
3890 240
3890 241
3890 242
3890 243
3890 244
3891 252
3891 253
3891 254
3891 255
3891 256
3892 217
3892 218
3892 219
3892 220
3893 229
3893 230
3893 231
3893 232
3893 233
3893 234
3894 242
3894 243
3894 244
3894 245
3894 246
3894 247
3894 248
3895 258
3895 259
3896 220
3896 221
3896 222
3896 223
3896 224
3896 225
3897 233
3897 234
3897 235
3897 236
3897 237
3897 238
3897 239
3898 247
3898 248
3898 249
3898 250
3898 251
3899 213
3899 214
3900 224
3900 225
3900 226
3900 227
3900 228
3900 229
3901 237
3901 238
3901 239
3901 240
3901 241
3901 242
3901 243
3902 252
3902 253
3902 254
3902 255
3903 216
3903 217
3903 218
3903 219
3904 228
3904 229
3904 230
3904 231
3904 232
3904 233
3905 242
3905 243
3905 244
3905 245
3905 246
3905 247
3906 257
3906 258
3907 220
3907 221
3907 222
3907 223
3907 224
3908 233
3908 234
3908 235
3908 236
3908 237
3908 238
3909 246
3909 247
3909 248
3909 249
3909 250
3909 251
3911 224
3911 225
3911 226
3911 227
3911 228
3912 237
3912 238
3912 239
3912 240
3912 241
3912 242
3913 251
3913 252
3913 253
3913 254
3914 216
3914 217
3915 228
3915 229
3915 230
3915 231
3915 232
3916 241
3916 242
3916 243
3916 244
3916 245
3916 246
3917 257
3918 220
3918 221
3918 222
3919 232
3919 233
3919 234
3919 235
3919 236
3919 237
3920 246
3920 247
3920 248
3920 249
3920 250
3922 224
3922 225
3922 226
3922 227
3923 236
3923 237
3923 238
3923 239
3923 240
3923 241
3924 251
3924 252
3924 253
3926 228
3926 229
3926 230
3926 231
3927 241
3927 242
3927 243
3927 244
3927 245
3929 220
3929 221
3930 232
3930 233
3930 234
3930 235
3930 236
3931 245
3931 246
3931 247
3931 248
3931 249
3933 224
3933 225
3933 226
3934 236
3934 237
3934 238
3934 239
3934 240
3935 250
3935 251
3935 252
3937 227
3937 228
3937 229
3937 230
3938 240
3938 241
3938 242
3938 243
3938 244
3941 232
3941 233
3941 234
3941 235
3942 245
3942 246
3942 247
3942 248
3944 224
3945 236
3945 237
3945 238
3945 239
3946 250
3946 251
3948 227
3948 228
3948 229
3949 240
3949 241
3949 242
3949 243
3952 231
3952 232
3952 233
3953 245
3953 246
3956 236
3956 237
3960 240
3960 241
