1273 147
1276 146
1276 147
1279 144
1279 145
1279 146
1279 147
1282 143
1282 144
1282 145
1282 146
1282 147
1285 142
1285 143
1285 144
1285 145
1285 146
1287 126
1288 141
1288 142
1288 143
1288 144
1288 145
1290 125
1291 140
1291 141
1291 142
1291 143
1291 144
1291 145
1293 124
1293 125
1294 139
1294 140
1294 141
1294 142
1294 143
1294 144
1296 124
1297 139
1297 140
1297 141
1297 142
1297 143
1297 144
1298 158
1298 159
1299 123
1300 138
1300 139
1300 140
1300 141
1300 142
1300 143
1301 157
1301 158
1301 159
1302 122
1303 137
1303 138
1303 139
1303 140
1303 141
1303 142
1304 156
1304 157
1304 158
1304 159
1306 136
1306 137
1306 138
1306 139
1306 140
1306 141
1306 142
1307 154
1307 155
1307 156
1307 157
1307 158
1309 135
1309 136
1309 137
1309 138
1309 139
1309 140
1309 141
1310 153
1310 154
1310 155
1310 156
1310 157
1310 158
1312 134
1312 135
1312 136
1312 137
1312 138
1312 139
1312 140
1313 152
1313 153
1313 154
1313 155
1313 156
1313 157
1315 133
1315 134
1315 135
1315 136
1315 137
1315 138
1315 139
1315 140
1316 151
1316 152
1316 153
1316 154
1316 155
1316 156
1316 157
1318 133
1318 134
1318 135
1318 136
1318 137
1318 138
1318 139
1319 150
1319 151
1319 152
1319 153
1319 154
1319 155
1319 156
1321 132
1321 133
1321 134
1321 135
1321 136
1321 137
1321 138
1322 149
1322 150
1322 151
1322 152
1322 153
1322 154
1322 155
1322 156
1324 131
1324 132
1324 133
1324 134
1324 135
1324 136
1324 137
1324 138
1325 148
1325 149
1325 150
1325 151
1325 152
1325 153
1325 154
1325 155
1327 130
1327 131
1327 132
1327 133
1327 134
1327 135
1327 136
1327 137
1328 148
1328 149
1328 150
1328 151
1328 152
1328 153
1328 154
1330 130
1330 131
1330 132
1330 133
1330 134
1330 135
1330 136
1331 147
1331 148
1331 149
1331 150
1331 151
1331 152
1331 153
1331 154
1333 129
1333 130
1333 131
1333 132
1333 133
1333 134
1333 135
1334 146
1334 147
1334 148
1334 149
1334 150
1334 151
1334 152
1334 153
1335 166
1335 167
1335 168
1336 128
1336 129
1336 130
1336 131
1336 132
1336 133
1336 134
1336 135
1337 145
1337 146
1337 147
1337 148
1337 149
1337 150
1337 151
1337 152
1338 165
1338 166
1338 167
1338 168
1339 127
1339 128
1339 129
1339 130
1339 131
1339 132
1339 133
1339 134
1340 144
1340 145
1340 146
1340 147
1340 148
1340 149
1340 150
1340 151
1340 152
1341 163
1341 164
1341 165
1341 166
1341 167
1342 127
1342 128
1342 129
1342 130
1342 131
1342 132
1342 133
1343 143
1343 144
1343 145
1343 146
1343 147
1343 148
1343 149
1343 150
1343 151
1344 162
1344 163
1344 164
1344 165
1344 166
1344 167
1345 126
1345 127
1345 128
1345 129
1345 130
1345 131
1345 132
1346 142
1346 143
1346 144
1346 145
1346 146
1346 147
1346 148
1346 149
1346 150
1347 161
1347 162
1347 163
1347 164
1347 165
1347 166
1348 125
1348 126
1348 127
1348 128
1348 129
1348 130
1348 131
1348 132
1349 142
1349 143
1349 144
1349 145
1349 146
1349 147
1349 148
1349 149
1349 150
1350 160
1350 161
1350 162
1350 163
1350 164
1350 165
1350 166
1351 124
1351 125
1351 126
1351 127
1351 128
1351 129
1351 130
1351 131
1352 141
1352 142
1352 143
1352 144
1352 145
1352 146
1352 147
1352 148
1352 149
1353 159
1353 160
1353 161
1353 162
1353 163
1353 164
1353 165
1354 124
1354 125
1354 126
1354 127
1354 128
1354 129
1354 130
1355 140
1355 141
1355 142
1355 143
1355 144
1355 145
1355 146
1355 147
1355 148
1356 158
1356 159
1356 160
1356 161
1356 162
1356 163
1356 164
1356 165
1357 123
1357 124
1357 125
1357 126
1357 127
1357 128
1357 129
1358 139
1358 140
1358 141
1358 142
1358 143
1358 144
1358 145
1358 146
1358 147
1358 148
1359 157
1359 158
1359 159
1359 160
1359 161
1359 162
1359 163
1359 164
1360 122
1360 123
1360 124
1360 125
1360 126
1360 127
1360 128
1361 138
1361 139
1361 140
1361 141
1361 142
1361 143
1361 144
1361 145
1361 146
1361 147
1362 156
1362 157
1362 158
1362 159
1362 160
1362 161
1362 162
1362 163
1362 164
1363 121
1363 122
1363 123
1363 124
1363 125
1363 126
1363 127
1363 128
1364 137
1364 138
1364 139
1364 140
1364 141
1364 142
1364 143
1364 144
1364 145
1364 146
1365 155
1365 156
1365 157
1365 158
1365 159
1365 160
1365 161
1365 162
1365 163
1366 121
1366 122
1366 123
1366 124
1366 125
1366 126
1366 127
1367 137
1367 138
1367 139
1367 140
1367 141
1367 142
1367 143
1367 144
1367 145
1368 155
1368 156
1368 157
1368 158
1368 159
1368 160
1368 161
1368 162
1369 120
1369 121
1369 122
1369 123
1369 124
1369 125
1369 126
1370 136
1370 137
1370 138
1370 139
1370 140
1370 141
1370 142
1370 143
1370 144
1370 145
1371 154
1371 155
1371 156
1371 157
1371 158
1371 159
1371 160
1371 161
1371 162
1372 119
1372 120
1372 121
1372 122
1372 123
1372 124
1372 125
1373 135
1373 136
1373 137
1373 138
1373 139
1373 140
1373 141
1373 142
1373 143
1373 144
1374 153
1374 154
1374 155
1374 156
1374 157
1374 158
1374 159
1374 160
1374 161
1375 119
1375 120
1375 121
1375 122
1375 123
1375 124
1376 134
1376 135
1376 136
1376 137
1376 138
1376 139
1376 140
1376 141
1376 142
1376 143
1377 152
1377 153
1377 154
1377 155
1377 156
1377 157
1377 158
1377 159
1377 160
1378 118
1378 119
1378 120
1378 121
1378 122
1378 123
1378 124
1378 173
1378 174
1379 134
1379 135
1379 136
1379 137
1379 138
1379 139
1379 140
1379 141
1379 142
1380 151
1380 152
1380 153
1380 154
1380 155
1380 156
1380 157
1380 158
1380 159
1380 160
1381 117
1381 118
1381 119
1381 120
1381 121
1381 122
1381 123
1381 171
1381 172
1381 173
1381 174
1382 133
1382 134
1382 135
1382 136
1382 137
1382 138
1382 139
1382 140
1382 141
1382 142
1383 150
1383 151
1383 152
1383 153
1383 154
1383 155
1383 156
1383 157
1383 158
1383 159
1384 117
1384 118
1384 119
1384 120
1384 121
1384 122
1384 170
1384 171
1384 172
1384 173
1384 174
1385 132
1385 133
1385 134
1385 135
1385 136
1385 137
1385 138
1385 139
1385 140
1385 141
1386 149
1386 150
1386 151
1386 152
1386 153
1386 154
1386 155
1386 156
1386 157
1386 158
1387 116
1387 117
1387 118
1387 119
1387 120
1387 121
1387 169
1387 170
1387 171
1387 172
1387 173
1388 131
1388 132
1388 133
1388 134
1388 135
1388 136
1388 137
1388 138
1388 139
1388 140
1389 148
1389 149
1389 150
1389 151
1389 152
1389 153
1389 154
1389 155
1389 156
1389 157
1389 158
1390 116
1390 117
1390 118
1390 119
1390 120
1390 168
1390 169
1390 170
1390 171
1390 172
1390 173
1391 131
1391 132
1391 133
1391 134
1391 135
1391 136
1391 137
1391 138
1391 139
1392 148
1392 149
1392 150
1392 151
1392 152
1392 153
1392 154
1392 155
1392 156
1392 157
1393 115
1393 116
1393 117
1393 118
1393 119
1393 167
1393 168
1393 169
1393 170
1393 171
1393 172
1394 130
1394 131
1394 132
1394 133
1394 134
1394 135
1394 136
1394 137
1394 138
1394 139
1395 147
1395 148
1395 149
1395 150
1395 151
1395 152
1395 153
1395 154
1395 155
1395 156
1396 114
1396 115
1396 116
1396 117
1396 118
1396 166
1396 167
1396 168
1396 169
1396 170
1396 171
1396 172
1397 129
1397 130
1397 131
1397 132
1397 133
1397 134
1397 135
1397 136
1397 137
1397 138
1398 146
1398 147
1398 148
1398 149
1398 150
1398 151
1398 152
1398 153
1398 154
1398 155
1399 114
1399 115
1399 116
1399 117
1399 165
1399 166
1399 167
1399 168
1399 169
1399 170
1399 171
1400 128
1400 129
1400 130
1400 131
1400 132
1400 133
1400 134
1400 135
1400 136
1400 137
1401 145
1401 146
1401 147
1401 148
1401 149
1401 150
1401 151
1401 152
1401 153
1401 154
1401 155
1402 113
1402 114
1402 115
1402 116
1402 117
1402 164
1402 165
1402 166
1402 167
1402 168
1402 169
1402 170
1402 171
1403 128
1403 129
1403 130
1403 131
1403 132
1403 133
1403 134
1403 135
1403 136
1404 144
1404 145
1404 146
1404 147
1404 148
1404 149
1404 150
1404 151
1404 152
1404 153
1404 154
1405 113
1405 114
1405 115
1405 116
1405 163
1405 164
1405 165
1405 166
1405 167
1405 168
1405 169
1405 170
1406 127
1406 128
1406 129
1406 130
1406 131
1406 132
1406 133
1406 134
1406 135
1407 144
1407 145
1407 146
1407 147
1407 148
1407 149
1407 150
1407 151
1407 152
1407 153
1408 112
1408 113
1408 114
1408 115
1408 162
1408 163
1408 164
1408 165
1408 166
1408 167
1408 168
1408 169
1409 126
1409 127
1409 128
1409 129
1409 130
1409 131
1409 132
1409 133
1409 134
1409 135
1410 143
1410 144
1410 145
1410 146
1410 147
1410 148
1410 149
1410 150
1410 151
1410 152
1411 112
1411 113
1411 161
1411 162
1411 163
1411 164
1411 165
1411 166
1411 167
1411 168
1411 169
1412 125
1412 126
1412 127
1412 128
1412 129
1412 130
1412 131
1412 132
1412 133
1412 134
1413 142
1413 143
1413 144
1413 145
1413 146
1413 147
1413 148
1413 149
1413 150
1413 151
1413 152
1414 112
1414 160
1414 161
1414 162
1414 163
1414 164
1414 165
1414 166
1414 167
1414 168
1415 125
1415 126
1415 127
1415 128
1415 129
1415 130
1415 131
1415 132
1415 133
1416 141
1416 142
1416 143
1416 144
1416 145
1416 146
1416 147
1416 148
1416 149
1416 150
1416 151
1417 159
1417 160
1417 161
1417 162
1417 163
1417 164
1417 165
1417 166
1417 167
1417 168
1418 124
1418 125
1418 126
1418 127
1418 128
1418 129
1418 130
1418 131
1418 132
1419 140
1419 141
1419 142
1419 143
1419 144
1419 145
1419 146
1419 147
1419 148
1419 149
1419 150
1420 158
1420 159
1420 160
1420 161
1420 162
1420 163
1420 164
1420 165
1420 166
1420 167
1421 123
1421 124
1421 125
1421 126
1421 127
1421 128
1421 129
1421 130
1421 131
1421 132
1422 140
1422 141
1422 142
1422 143
1422 144
1422 145
1422 146
1422 147
1422 148
1422 149
1422 150
1423 157
1423 158
1423 159
1423 160
1423 161
1423 162
1423 163
1423 164
1423 165
1423 166
1424 123
1424 124
1424 125
1424 126
1424 127
1424 128
1424 129
1424 130
1424 131
1425 139
1425 140
1425 141
1425 142
1425 143
1425 144
1425 145
1425 146
1425 147
1425 148
1425 149
1426 157
1426 158
1426 159
1426 160
1426 161
1426 162
1426 163
1426 164
1426 165
1426 166
1427 122
1427 123
1427 124
1427 125
1427 126
1427 127
1427 128
1427 129
1427 130
1428 138
1428 139
1428 140
1428 141
1428 142
1428 143
1428 144
1428 145
1428 146
1428 147
1428 148
1429 156
1429 157
1429 158
1429 159
1429 160
1429 161
1429 162
1429 163
1429 164
1429 165
1430 121
1430 122
1430 123
1430 124
1430 125
1430 126
1430 127
1430 128
1430 129
1430 177
1430 178
1431 137
1431 138
1431 139
1431 140
1431 141
1431 142
1431 143
1431 144
1431 145
1431 146
1431 147
1432 155
1432 156
1432 157
1432 158
1432 159
1432 160
1432 161
1432 162
1432 163
1432 164
1433 121
1433 122
1433 123
1433 124
1433 125
1433 126
1433 127
1433 128
1433 175
1433 176
1433 177
1433 178
1434 137
1434 138
1434 139
1434 140
1434 141
1434 142
1434 143
1434 144
1434 145
1434 146
1435 154
1435 155
1435 156
1435 157
1435 158
1435 159
1435 160
1435 161
1435 162
1435 163
1436 120
1436 121
1436 122
1436 123
1436 124
1436 125
1436 126
1436 127
1436 174
1436 175
1436 176
1436 177
1436 178
1437 136
1437 137
1437 138
1437 139
1437 140
1437 141
1437 142
1437 143
1437 144
1437 145
1437 146
1438 153
1438 154
1438 155
1438 156
1438 157
1438 158
1438 159
1438 160
1438 161
1438 162
1438 163
1439 119
1439 120
1439 121
1439 122
1439 123
1439 124
1439 125
1439 126
1439 127
1439 173
1439 174
1439 175
1439 176
1439 177
1440 135
1440 136
1440 137
1440 138
1440 139
1440 140
1440 141
1440 142
1440 143
1440 144
1440 145
1441 152
1441 153
1441 154
1441 155
1441 156
1441 157
1441 158
1441 159
1441 160
1441 161
1441 162
1442 119
1442 120
1442 121
1442 122
1442 123
1442 124
1442 125
1442 126
1442 172
1442 173
1442 174
1442 175
1442 176
1442 177
1443 134
1443 135
1443 136
1443 137
1443 138
1443 139
1443 140
1443 141
1443 142
1443 143
1443 144
1444 152
1444 153
1444 154
1444 155
1444 156
1444 157
1444 158
1444 159
1444 160
1444 161
1445 118
1445 119
1445 120
1445 121
1445 122
1445 123
1445 124
1445 125
1445 171
1445 172
1445 173
1445 174
1445 175
1445 176
1446 134
1446 135
1446 136
1446 137
1446 138
1446 139
1446 140
1446 141
1446 142
1446 143
1447 151
1447 152
1447 153
1447 154
1447 155
1447 156
1447 157
1447 158
1447 159
1447 160
1447 161
1448 117
1448 118
1448 119
1448 120
1448 121
1448 122
1448 123
1448 124
1448 170
1448 171
1448 172
1448 173
1448 174
1448 175
1448 176
1449 133
1449 134
1449 135
1449 136
1449 137
1449 138
1449 139
1449 140
1449 141
1449 142
1449 143
1450 150
1450 151
1450 152
1450 153
1450 154
1450 155
1450 156
1450 157
1450 158
1450 159
1450 160
1451 117
1451 118
1451 119
1451 120
1451 121
1451 122
1451 123
1451 169
1451 170
1451 171
1451 172
1451 173
1451 174
1451 175
1452 132
1452 133
1452 134
1452 135
1452 136
1452 137
1452 138
1452 139
1452 140
1452 141
1452 142
1453 149
1453 150
1453 151
1453 152
1453 153
1453 154
1453 155
1453 156
1453 157
1453 158
1453 159
1454 116
1454 117
1454 118
1454 119
1454 120
1454 121
1454 122
1454 168
1454 169
1454 170
1454 171
1454 172
1454 173
1454 174
1454 175
1455 131
1455 132
1455 133
1455 134
1455 135
1455 136
1455 137
1455 138
1455 139
1455 140
1455 141
1456 148
1456 149
1456 150
1456 151
1456 152
1456 153
1456 154
1456 155
1456 156
1456 157
1456 158
1457 116
1457 117
1457 118
1457 119
1457 120
1457 121
1457 167
1457 168
1457 169
1457 170
1457 171
1457 172
1457 173
1457 174
1458 131
1458 132
1458 133
1458 134
1458 135
1458 136
1458 137
1458 138
1458 139
1458 140
1459 148
1459 149
1459 150
1459 151
1459 152
1459 153
1459 154
1459 155
1459 156
1459 157
1459 158
1460 115
1460 116
1460 117
1460 118
1460 119
1460 120
1460 121
1460 166
1460 167
1460 168
1460 169
1460 170
1460 171
1460 172
1460 173
1461 130
1461 131
1461 132
1461 133
1461 134
1461 135
1461 136
1461 137
1461 138
1461 139
1462 147
1462 148
1462 149
1462 150
1462 151
1462 152
1462 153
1462 154
1462 155
1462 156
1462 157
1463 114
1463 115
1463 116
1463 117
1463 118
1463 119
1463 120
1463 165
1463 166
1463 167
1463 168
1463 169
1463 170
1463 171
1463 172
1463 173
1464 129
1464 130
1464 131
1464 132
1464 133
1464 134
1464 135
1464 136
1464 137
1464 138
1464 139
1465 146
1465 147
1465 148
1465 149
1465 150
1465 151
1465 152
1465 153
1465 154
1465 155
1465 156
1466 114
1466 115
1466 116
1466 117
1466 118
1466 119
1466 164
1466 165
1466 166
1466 167
1466 168
1466 169
1466 170
1466 171
1466 172
1467 128
1467 129
1467 130
1467 131
1467 132
1467 133
1467 134
1467 135
1467 136
1467 137
1467 138
1468 145
1468 146
1468 147
1468 148
1468 149
1468 150
1468 151
1468 152
1468 153
1468 154
1468 155
1469 113
1469 114
1469 115
1469 116
1469 117
1469 118
1469 164
1469 165
1469 166
1469 167
1469 168
1469 169
1469 170
1469 171
1469 172
1470 128
1470 129
1470 130
1470 131
1470 132
1470 133
1470 134
1470 135
1470 136
1470 137
1471 144
1471 145
1471 146
1471 147
1471 148
1471 149
1471 150
1471 151
1471 152
1471 153
1471 154
1471 155
1472 113
1472 114
1472 115
1472 116
1472 117
1472 163
1472 164
1472 165
1472 166
1472 167
1472 168
1472 169
1472 170
1472 171
1473 127
1473 128
1473 129
1473 130
1473 131
1473 132
1473 133
1473 134
1473 135
1473 136
1474 144
1474 145
1474 146
1474 147
1474 148
1474 149
1474 150
1474 151
1474 152
1474 153
1474 154
1475 112
1475 113
1475 114
1475 115
1475 116
1475 162
1475 163
1475 164
1475 165
1475 166
1475 167
1475 168
1475 169
1475 170
1476 126
1476 127
1476 128
1476 129
1476 130
1476 131
1476 132
1476 133
1476 134
1476 135
1477 143
1477 144
1477 145
1477 146
1477 147
1477 148
1477 149
1477 150
1477 151
1477 152
1477 153
1478 112
1478 113
1478 114
1478 115
1478 161
1478 162
1478 163
1478 164
1478 165
1478 166
1478 167
1478 168
1478 169
1478 170
1479 126
1479 127
1479 128
1479 129
1479 130
1479 131
1479 132
1479 133
1479 134
1479 135
1480 142
1480 143
1480 144
1480 145
1480 146
1480 147
1480 148
1480 149
1480 150
1480 151
1480 152
1481 112
1481 113
1481 114
1481 160
1481 161
1481 162
1481 163
1481 164
1481 165
1481 166
1481 167
1481 168
1481 169
1482 125
1482 126
1482 127
1482 128
1482 129
1482 130
1482 131
1482 132
1482 133
1482 134
1483 141
1483 142
1483 143
1483 144
1483 145
1483 146
1483 147
1483 148
1483 149
1483 150
1483 151
1483 152
1484 111
1484 112
1484 159
1484 160
1484 161
1484 162
1484 163
1484 164
1484 165
1484 166
1484 167
1484 168
1485 124
1485 125
1485 126
1485 127
1485 128
1485 129
1485 130
1485 131
1485 132
1485 133
1486 141
1486 142
1486 143
1486 144
1486 145
1486 146
1486 147
1486 148
1486 149
1486 150
1486 151
1487 158
1487 159
1487 160
1487 161
1487 162
1487 163
1487 164
1487 165
1487 166
1487 167
1488 124
1488 125
1488 126
1488 127
1488 128
1488 129
1488 130
1488 131
1488 132
1489 140
1489 141
1489 142
1489 143
1489 144
1489 145
1489 146
1489 147
1489 148
1489 149
1489 150
1490 158
1490 159
1490 160
1490 161
1490 162
1490 163
1490 164
1490 165
1490 166
1490 167
1491 123
1491 124
1491 125
1491 126
1491 127
1491 128
1491 129
1491 130
1491 131
1491 179
1491 180
1492 139
1492 140
1492 141
1492 142
1492 143
1492 144
1492 145
1492 146
1492 147
1492 148
1492 149
1493 157
1493 158
1493 159
1493 160
1493 161
1493 162
1493 163
1493 164
1493 165
1493 166
1494 122
1494 123
1494 124
1494 125
1494 126
1494 127
1494 128
1494 129
1494 130
1494 178
1494 179
1494 180
1495 138
1495 139
1495 140
1495 141
1495 142
1495 143
1495 144
1495 145
1495 146
1495 147
1495 148
1496 156
1496 157
1496 158
1496 159
1496 160
1496 161
1496 162
1496 163
1496 164
1496 165
1497 122
1497 123
1497 124
1497 125
1497 126
1497 127
1497 128
1497 129
1497 130
1497 176
1497 177
1497 178
1497 179
1498 138
1498 139
1498 140
1498 141
1498 142
1498 143
1498 144
1498 145
1498 146
1498 147
1498 148
1499 155
1499 156
1499 157
1499 158
1499 159
1499 160
1499 161
1499 162
1499 163
1499 164
1499 165
1500 121
1500 122
1500 123
1500 124
1500 125
1500 126
1500 127
1500 128
1500 129
1500 175
1500 176
1500 177
1500 178
1500 179
1501 137
1501 138
1501 139
1501 140
1501 141
1501 142
1501 143
1501 144
1501 145
1501 146
1501 147
1502 154
1502 155
1502 156
1502 157
1502 158
1502 159
1502 160
1502 161
1502 162
1502 163
1502 164
1503 120
1503 121
1503 122
1503 123
1503 124
1503 125
1503 126
1503 127
1503 128
1503 174
1503 175
1503 176
1503 177
1503 178
1504 136
1504 137
1504 138
1504 139
1504 140
1504 141
1504 142
1504 143
1504 144
1504 145
1504 146
1505 154
1505 155
1505 156
1505 157
1505 158
1505 159
1505 160
1505 161
1505 162
1505 163
1506 120
1506 121
1506 122
1506 123
1506 124
1506 125
1506 126
1506 127
1506 173
1506 174
1506 175
1506 176
1506 177
1506 178
1507 135
1507 136
1507 137
1507 138
1507 139
1507 140
1507 141
1507 142
1507 143
1507 144
1507 145
1508 153
1508 154
1508 155
1508 156
1508 157
1508 158
1508 159
1508 160
1508 161
1508 162
1509 119
1509 120
1509 121
1509 122
1509 123
1509 124
1509 125
1509 126
1509 172
1509 173
1509 174
1509 175
1509 176
1509 177
1510 135
1510 136
1510 137
1510 138
1510 139
1510 140
1510 141
1510 142
1510 143
1510 144
1510 145
1511 152
1511 153
1511 154
1511 155
1511 156
1511 157
1511 158
1511 159
1511 160
1511 161
1511 162
1512 119
1512 120
1512 121
1512 122
1512 123
1512 124
1512 125
1512 171
1512 172
1512 173
1512 174
1512 175
1512 176
1512 177
1513 134
1513 135
1513 136
1513 137
1513 138
1513 139
1513 140
1513 141
1513 142
1513 143
1513 144
1514 151
1514 152
1514 153
1514 154
1514 155
1514 156
1514 157
1514 158
1514 159
1514 160
1514 161
1515 118
1515 119
1515 120
1515 121
1515 122
1515 123
1515 124
1515 170
1515 171
1515 172
1515 173
1515 174
1515 175
1515 176
1516 133
1516 134
1516 135
1516 136
1516 137
1516 138
1516 139
1516 140
1516 141
1516 142
1516 143
1517 150
1517 151
1517 152
1517 153
1517 154
1517 155
1517 156
1517 157
1517 158
1517 159
1517 160
1518 117
1518 118
1518 119
1518 120
1518 121
1518 122
1518 123
1518 124
1518 169
1518 170
1518 171
1518 172
1518 173
1518 174
1518 175
1519 133
1519 134
1519 135
1519 136
1519 137
1519 138
1519 139
1519 140
1519 141
1519 142
1520 150
1520 151
1520 152
1520 153
1520 154
1520 155
1520 156
1520 157
1520 158
1520 159
1521 117
1521 118
1521 119
1521 120
1521 121
1521 122
1521 123
1521 169
1521 170
1521 171
1521 172
1521 173
1521 174
1521 175
1522 132
1522 133
1522 134
1522 135
1522 136
1522 137
1522 138
1522 139
1522 140
1522 141
1523 149
1523 150
1523 151
1523 152
1523 153
1523 154
1523 155
1523 156
1523 157
1523 158
1523 159
1524 116
1524 117
1524 118
1524 119
1524 120
1524 121
1524 122
1524 168
1524 169
1524 170
1524 171
1524 172
1524 173
1524 174
1525 131
1525 132
1525 133
1525 134
1525 135
1525 136
1525 137
1525 138
1525 139
1525 140
1525 141
1526 148
1526 149
1526 150
1526 151
1526 152
1526 153
1526 154
1526 155
1526 156
1526 157
1526 158
1527 116
1527 117
1527 118
1527 119
1527 120
1527 121
1527 167
1527 168
1527 169
1527 170
1527 171
1527 172
1527 173
1528 130
1528 131
1528 132
1528 133
1528 134
1528 135
1528 136
1528 137
1528 138
1528 139
1528 140
1529 147
1529 148
1529 149
1529 150
1529 151
1529 152
1529 153
1529 154
1529 155
1529 156
1529 157
1530 115
1530 116
1530 117
1530 118
1530 119
1530 120
1530 166
1530 167
1530 168
1530 169
1530 170
1530 171
1530 172
1530 173
1531 130
1531 131
1531 132
1531 133
1531 134
1531 135
1531 136
1531 137
1531 138
1531 139
1532 147
1532 148
1532 149
1532 150
1532 151
1532 152
1532 153
1532 154
1532 155
1532 156
1533 115
1533 116
1533 117
1533 118
1533 119
1533 165
1533 166
1533 167
1533 168
1533 169
1533 170
1533 171
1533 172
1534 129
1534 130
1534 131
1534 132
1534 133
1534 134
1534 135
1534 136
1534 137
1534 138
1535 146
1535 147
1535 148
1535 149
1535 150
1535 151
1535 152
1535 153
1535 154
1535 155
1536 114
1536 115
1536 116
1536 117
1536 118
1536 164
1536 165
1536 166
1536 167
1536 168
1536 169
1536 170
1536 171
1537 128
1537 129
1537 130
1537 131
1537 132
1537 133
1537 134
1537 135
1537 136
1537 137
1538 145
1538 146
1538 147
1538 148
1538 149
1538 150
1538 151
1538 152
1538 153
1538 154
1538 155
1539 114
1539 115
1539 116
1539 117
1539 163
1539 164
1539 165
1539 166
1539 167
1539 168
1539 169
1539 170
1539 171
1540 128
1540 129
1540 130
1540 131
1540 132
1540 133
1540 134
1540 135
1540 136
1541 144
1541 145
1541 146
1541 147
1541 148
1541 149
1541 150
1541 151
1541 152
1541 153
1541 154
1542 114
1542 115
1542 116
1542 163
1542 164
1542 165
1542 166
1542 167
1542 168
1542 169
1542 170
1543 127
1543 128
1543 129
1543 130
1543 131
1543 132
1543 133
1543 134
1543 135
1543 136
1544 144
1544 145
1544 146
1544 147
1544 148
1544 149
1544 150
1544 151
1544 152
1544 153
1545 114
1545 162
1545 163
1545 164
1545 165
1545 166
1545 167
1545 168
1545 169
1546 126
1546 127
1546 128
1546 129
1546 130
1546 131
1546 132
1546 133
1546 134
1546 135
1547 143
1547 144
1547 145
1547 146
1547 147
1547 148
1547 149
1547 150
1547 151
1547 152
1548 161
1548 162
1548 163
1548 164
1548 165
1548 166
1548 167
1548 168
1548 169
1549 126
1549 127
1549 128
1549 129
1549 130
1549 131
1549 132
1549 133
1549 134
1550 142
1550 143
1550 144
1550 145
1550 146
1550 147
1550 148
1550 149
1550 150
1550 151
1550 152
1551 160
1551 161
1551 162
1551 163
1551 164
1551 165
1551 166
1551 167
1551 168
1552 125
1552 126
1552 127
1552 128
1552 129
1552 130
1552 131
1552 132
1552 133
1553 141
1553 142
1553 143
1553 144
1553 145
1553 146
1553 147
1553 148
1553 149
1553 150
1553 151
1554 159
1554 160
1554 161
1554 162
1554 163
1554 164
1554 165
1554 166
1554 167
1555 124
1555 125
1555 126
1555 127
1555 128
1555 129
1555 130
1555 131
1555 132
1556 141
1556 142
1556 143
1556 144
1556 145
1556 146
1556 147
1556 148
1556 149
1556 150
1557 158
1557 159
1557 160
1557 161
1557 162
1557 163
1557 164
1557 165
1557 166
1558 124
1558 125
1558 126
1558 127
1558 128
1558 129
1558 130
1558 131
1559 140
1559 141
1559 142
1559 143
1559 144
1559 145
1559 146
1559 147
1559 148
1559 149
1560 158
1560 159
1560 160
1560 161
1560 162
1560 163
1560 164
1560 165
1560 166
1561 123
1561 124
1561 125
1561 126
1561 127
1561 128
1561 129
1561 130
1562 139
1562 140
1562 141
1562 142
1562 143
1562 144
1562 145
1562 146
1562 147
1562 148
1563 157
1563 158
1563 159
1563 160
1563 161
1563 162
1563 163
1563 164
1563 165
1564 123
1564 124
1564 125
1564 126
1564 127
1564 128
1564 129
1565 138
1565 139
1565 140
1565 141
1565 142
1565 143
1565 144
1565 145
1565 146
1565 147
1565 148
1566 156
1566 157
1566 158
1566 159
1566 160
1566 161
1566 162
1566 163
1566 164
1567 122
1567 123
1567 124
1567 125
1567 126
1567 127
1567 128
1567 129
1568 138
1568 139
1568 140
1568 141
1568 142
1568 143
1568 144
1568 145
1568 146
1568 147
1569 155
1569 156
1569 157
1569 158
1569 159
1569 160
1569 161
1569 162
1569 163
1570 121
1570 122
1570 123
1570 124
1570 125
1570 126
1570 127
1570 128
1571 137
1571 138
1571 139
1571 140
1571 141
1571 142
1571 143
1571 144
1571 145
1571 146
1572 155
1572 156
1572 157
1572 158
1572 159
1572 160
1572 161
1572 162
1572 163
1573 121
1573 122
1573 123
1573 124
1573 125
1573 126
1573 127
1574 136
1574 137
1574 138
1574 139
1574 140
1574 141
1574 142
1574 143
1574 144
1574 145
1575 154
1575 155
1575 156
1575 157
1575 158
1575 159
1575 160
1575 161
1575 162
1576 120
1576 121
1576 122
1576 123
1576 124
1576 125
1576 126
1577 136
1577 137
1577 138
1577 139
1577 140
1577 141
1577 142
1577 143
1577 144
1578 153
1578 154
1578 155
1578 156
1578 157
1578 158
1578 159
1578 160
1578 161
1579 120
1579 121
1579 122
1579 123
1579 124
1579 125
1579 174
1580 135
1580 136
1580 137
1580 138
1580 139
1580 140
1580 141
1580 142
1580 143
1581 152
1581 153
1581 154
1581 155
1581 156
1581 157
1581 158
1581 159
1581 160
1582 119
1582 120
1582 121
1582 122
1582 123
1582 124
1582 173
1582 174
1583 134
1583 135
1583 136
1583 137
1583 138
1583 139
1583 140
1583 141
1583 142
1583 143
1584 151
1584 152
1584 153
1584 154
1584 155
1584 156
1584 157
1584 158
1584 159
1584 160
1585 119
1585 120
1585 121
1585 122
1585 123
1585 172
1585 173
1585 174
1586 134
1586 135
1586 136
1586 137
1586 138
1586 139
1586 140
1586 141
1586 142
1587 151
1587 152
1587 153
1587 154
1587 155
1587 156
1587 157
1587 158
1587 159
1588 118
1588 119
1588 120
1588 121
1588 122
1588 171
1588 172
1588 173
1589 133
1589 134
1589 135
1589 136
1589 137
1589 138
1589 139
1589 140
1589 141
1590 150
1590 151
1590 152
1590 153
1590 154
1590 155
1590 156
1590 157
1590 158
1591 118
1591 119
1591 120
1591 121
1591 170
1591 171
1591 172
1592 132
1592 133
1592 134
1592 135
1592 136
1592 137
1592 138
1592 139
1592 140
1593 149
1593 150
1593 151
1593 152
1593 153
1593 154
1593 155
1593 156
1593 157
1594 118
1594 119
1594 169
1594 170
1594 171
1594 172
1595 132
1595 133
1595 134
1595 135
1595 136
1595 137
1595 138
1595 139
1596 149
1596 150
1596 151
1596 152
1596 153
1596 154
1596 155
1596 156
1597 118
1597 168
1597 169
1597 170
1597 171
1598 131
1598 132
1598 133
1598 134
1598 135
1598 136
1598 137
1598 138
1599 148
1599 149
1599 150
1599 151
1599 152
1599 153
1599 154
1599 155
1599 156
1600 167
1600 168
1600 169
1600 170
1601 130
1601 131
1601 132
1601 133
1601 134
1601 135
1601 136
1601 137
1602 147
1602 148
1602 149
1602 150
1602 151
1602 152
1602 153
1602 154
1602 155
1603 166
1603 167
1603 168
1603 169
1603 170
1604 130
1604 131
1604 132
1604 133
1604 134
1604 135
1604 136
1604 137
1605 146
1605 147
1605 148
1605 149
1605 150
1605 151
1605 152
1605 153
1605 154
1606 166
1606 167
1606 168
1606 169
1607 129
1607 130
1607 131
1607 132
1607 133
1607 134
1607 135
1607 136
1608 146
1608 147
1608 148
1608 149
1608 150
1608 151
1608 152
1608 153
1609 165
1609 166
1609 167
1609 168
1610 129
1610 130
1610 131
1610 132
1610 133
1610 134
1610 135
1611 145
1611 146
1611 147
1611 148
1611 149
1611 150
1611 151
1611 152
1612 164
1612 165
1612 166
1612 167
1612 168
1613 128
1613 129
1613 130
1613 131
1613 132
1613 133
1613 134
1614 144
1614 145
1614 146
1614 147
1614 148
1614 149
1614 150
1614 151
1614 152
1615 163
1615 164
1615 165
1615 166
1615 167
1616 127
1616 128
1616 129
1616 130
1616 131
1616 132
1616 133
1617 144
1617 145
1617 146
1617 147
1617 148
1617 149
1617 150
1617 151
1618 162
1618 163
1618 164
1618 165
1618 166
1619 127
1619 128
1619 129
1619 130
1619 131
1619 132
1620 143
1620 144
1620 145
1620 146
1620 147
1620 148
1620 149
1620 150
1621 162
1621 163
1621 164
1621 165
1622 126
1622 127
1622 128
1622 129
1622 130
1622 131
1623 142
1623 143
1623 144
1623 145
1623 146
1623 147
1623 148
1623 149
1624 161
1624 162
1624 163
1624 164
1624 165
1625 126
1625 127
1625 128
1625 129
1625 130
1626 142
1626 143
1626 144
1626 145
1626 146
1626 147
1626 148
1627 160
1627 161
1627 162
1627 163
1627 164
1628 125
1628 126
1628 127
1628 128
1628 129
1629 141
1629 142
1629 143
1629 144
1629 145
1629 146
1629 147
1630 159
1630 160
1630 161
1630 162
1630 163
1631 125
1631 126
1631 127
1631 128
1632 140
1632 141
1632 142
1632 143
1632 144
1632 145
1632 146
1633 159
1633 160
1633 161
1633 162
1634 125
1634 126
1634 127
1635 140
1635 141
1635 142
1635 143
1635 144
1635 145
1635 146
1636 158
1636 159
1636 160
1636 161
1637 125
1638 139
1638 140
1638 141
1638 142
1638 143
1638 144
1638 145
1639 157
1639 158
1639 159
1639 160
1639 161
1641 138
1641 139
1641 140
1641 141
1641 142
1641 143
1641 144
1642 156
1642 157
1642 158
1642 159
1642 160
1644 138
1644 139
1644 140
1644 141
1644 142
1644 143
1645 156
1645 157
1645 158
1645 159
1647 137
1647 138
1647 139
1647 140
1647 141
1647 142
1648 155
1648 156
1648 157
1648 158
1650 137
1650 138
1650 139
1650 140
1650 141
1651 154
1651 155
1651 156
1651 157
1653 136
1653 137
1653 138
1653 139
1653 140
1654 154
1654 155
1654 156
1656 136
1656 137
1656 138
1656 139
1657 153
1657 154
1657 155
1659 135
1659 136
1659 137
1659 138
1660 153
1660 154
1662 135
1662 136
1662 137
1663 152
1663 153
1665 135
1665 136
1666 152
