2912 155
2915 150
2915 151
2915 152
2918 146
2918 147
2918 148
2918 149
2921 142
2921 143
2921 144
2921 145
2922 160
2922 161
2924 139
2924 140
2924 141
2925 155
2925 156
2925 157
2925 158
2927 135
2927 136
2927 137
2927 138
2928 151
2928 152
2928 153
2928 154
2930 132
2930 133
2931 147
2931 148
2931 149
2931 150
2931 151
2934 143
2934 144
2934 145
2934 146
2934 147
2934 148
2935 161
2935 162
2935 163
2937 140
2937 141
2937 142
2937 143
2937 144
2938 156
2938 157
2938 158
2938 159
2938 160
2940 136
2940 137
2940 138
2940 139
2940 140
2941 152
2941 153
2941 154
2941 155
2941 156
2941 157
2943 133
2943 134
2943 135
2943 136
2944 148
2944 149
2944 150
2944 151
2944 152
2944 153
2945 167
2945 168
2946 129
2946 130
2946 131
2946 132
2947 145
2947 146
2947 147
2947 148
2947 149
2947 150
2948 162
2948 163
2948 164
2948 165
2949 126
2949 127
2949 128
2950 141
2950 142
2950 143
2950 144
2950 145
2950 146
2951 158
2951 159
2951 160
2951 161
2951 162
2953 137
2953 138
2953 139
2953 140
2953 141
2953 142
2953 143
2954 154
2954 155
2954 156
2954 157
2954 158
2954 159
2956 134
2956 135
2956 136
2956 137
2956 138
2956 139
2957 150
2957 151
2957 152
2957 153
2957 154
2957 155
2958 168
2958 169
2958 170
2959 130
2959 131
2959 132
2959 133
2959 134
2959 135
2960 146
2960 147
2960 148
2960 149
2960 150
2960 151
2960 152
2961 163
2961 164
2961 165
2961 166
2961 167
2962 127
2962 128
2962 129
2962 130
2962 131
2963 142
2963 143
2963 144
2963 145
2963 146
2963 147
2963 148
2964 159
2964 160
2964 161
2964 162
2964 163
2964 164
2965 124
2965 125
2965 126
2965 127
2966 139
2966 140
2966 141
2966 142
2966 143
2966 144
2966 145
2967 155
2967 156
2967 157
2967 158
2967 159
2967 160
2967 161
2968 122
2969 135
2969 136
2969 137
2969 138
2969 139
2969 140
2969 141
2970 151
2970 152
2970 153
2970 154
2970 155
2970 156
2970 157
2971 170
2971 171
2971 172
2972 132
2972 133
2972 134
2972 135
2972 136
2972 137
2973 147
2973 148
2973 149
2973 150
2973 151
2973 152
2973 153
2973 154
2974 165
2974 166
2974 167
2974 168
2974 169
2975 128
2975 129
2975 130
2975 131
2975 132
2975 133
2976 144
2976 145
2976 146
2976 147
2976 148
2976 149
2976 150
2977 161
2977 162
2977 163
2977 164
2977 165
2977 166
2978 125
2978 126
2978 127
2978 128
2978 129
2978 130
2979 140
2979 141
2979 142
2979 143
2979 144
2979 145
2979 146
2979 147
2980 157
2980 158
2980 159
2980 160
2980 161
2980 162
2980 163
2981 122
2981 123
2981 124
2981 125
2982 136
2982 137
2982 138
2982 139
2982 140
2982 141
2982 142
2982 143
2983 153
2983 154
2983 155
2983 156
2983 157
2983 158
2983 159
2984 119
2984 120
2984 121
2984 171
2984 172
2984 173
2985 133
2985 134
2985 135
2985 136
2985 137
2985 138
2985 139
2985 140
2986 149
2986 150
2986 151
2986 152
2986 153
2986 154
2986 155
2986 156
2987 167
2987 168
2987 169
2987 170
2987 171
2988 129
2988 130
2988 131
2988 132
2988 133
2988 134
2988 135
2988 136
2989 145
2989 146
2989 147
2989 148
2989 149
2989 150
2989 151
2989 152
2990 162
2990 163
2990 164
2990 165
2990 166
2990 167
2990 168
2991 126
2991 127
2991 128
2991 129
2991 130
2991 131
2991 132
2992 141
2992 142
2992 143
2992 144
2992 145
2992 146
2992 147
2992 148
2992 149
2993 158
2993 159
2993 160
2993 161
2993 162
2993 163
2993 164
2994 123
2994 124
2994 125
2994 126
2994 127
2994 128
2995 138
2995 139
2995 140
2995 141
2995 142
2995 143
2995 144
2995 145
2996 154
2996 155
2996 156
2996 157
2996 158
2996 159
2996 160
2996 161
2997 120
2997 121
2997 122
2997 123
2997 124
2997 173
2997 174
2997 175
2998 134
2998 135
2998 136
2998 137
2998 138
2998 139
2998 140
2998 141
2998 142
2999 151
2999 152
2999 153
2999 154
2999 155
2999 156
2999 157
2999 158
3000 117
3000 118
3000 119
3000 168
3000 169
3000 170
3000 171
3000 172
3001 131
3001 132
3001 133
3001 134
3001 135
3001 136
3001 137
3001 138
3002 147
3002 148
3002 149
3002 150
3002 151
3002 152
3002 153
3002 154
3003 164
3003 165
3003 166
3003 167
3003 168
3003 169
3004 127
3004 128
3004 129
3004 130
3004 131
3004 132
3004 133
3004 134
3005 143
3005 144
3005 145
3005 146
3005 147
3005 148
3005 149
3005 150
3005 151
3006 160
3006 161
3006 162
3006 163
3006 164
3006 165
3006 166
3007 124
3007 125
3007 126
3007 127
3007 128
3007 129
3007 130
3008 139
3008 140
3008 141
3008 142
3008 143
3008 144
3008 145
3008 146
3008 147
3009 156
3009 157
3009 158
3009 159
3009 160
3009 161
3009 162
3009 163
3010 121
3010 122
3010 123
3010 124
3010 125
3010 126
3010 175
3010 176
3011 136
3011 137
3011 138
3011 139
3011 140
3011 141
3011 142
3011 143
3011 144
3012 152
3012 153
3012 154
3012 155
3012 156
3012 157
3012 158
3012 159
3012 160
3013 118
3013 119
3013 120
3013 121
3013 122
3013 170
3013 171
3013 172
3013 173
3013 174
3014 132
3014 133
3014 134
3014 135
3014 136
3014 137
3014 138
3014 139
3014 140
3015 148
3015 149
3015 150
3015 151
3015 152
3015 153
3015 154
3015 155
3015 156
3016 115
3016 116
3016 117
3016 166
3016 167
3016 168
3016 169
3016 170
3016 171
3017 129
3017 130
3017 131
3017 132
3017 133
3017 134
3017 135
3017 136
3018 145
3018 146
3018 147
3018 148
3018 149
3018 150
3018 151
3018 152
3018 153
3019 162
3019 163
3019 164
3019 165
3019 166
3019 167
3019 168
3020 125
3020 126
3020 127
3020 128
3020 129
3020 130
3020 131
3020 132
3021 141
3021 142
3021 143
3021 144
3021 145
3021 146
3021 147
3021 148
3021 149
3022 158
3022 159
3022 160
3022 161
3022 162
3022 163
3022 164
3022 165
3023 122
3023 123
3023 124
3023 125
3023 126
3023 127
3023 128
3024 137
3024 138
3024 139
3024 140
3024 141
3024 142
3024 143
3024 144
3024 145
3025 154
3025 155
3025 156
3025 157
3025 158
3025 159
3025 160
3025 161
3026 119
3026 120
3026 121
3026 122
3026 123
3026 124
3026 172
3026 173
3026 174
3026 175
3027 134
3027 135
3027 136
3027 137
3027 138
3027 139
3027 140
3027 141
3027 142
3028 150
3028 151
3028 152
3028 153
3028 154
3028 155
3028 156
3028 157
3028 158
3029 116
3029 117
3029 118
3029 119
3029 120
3029 168
3029 169
3029 170
3029 171
3029 172
3029 173
3030 130
3030 131
3030 132
3030 133
3030 134
3030 135
3030 136
3030 137
3030 138
3031 146
3031 147
3031 148
3031 149
3031 150
3031 151
3031 152
3031 153
3031 154
3032 113
3032 114
3032 115
3032 163
3032 164
3032 165
3032 166
3032 167
3032 168
3032 169
3033 127
3033 128
3033 129
3033 130
3033 131
3033 132
3033 133
3033 134
3034 142
3034 143
3034 144
3034 145
3034 146
3034 147
3034 148
3034 149
3034 150
3034 151
3035 159
3035 160
3035 161
3035 162
3035 163
3035 164
3035 165
3035 166
3036 123
3036 124
3036 125
3036 126
3036 127
3036 128
3036 129
3036 130
3037 139
3037 140
3037 141
3037 142
3037 143
3037 144
3037 145
3037 146
3037 147
3038 155
3038 156
3038 157
3038 158
3038 159
3038 160
3038 161
3038 162
3038 163
3039 120
3039 121
3039 122
3039 123
3039 124
3039 125
3039 126
3039 127
3039 174
3039 175
3039 176
3039 177
3040 135
3040 136
3040 137
3040 138
3040 139
3040 140
3040 141
3040 142
3040 143
3040 144
3041 152
3041 153
3041 154
3041 155
3041 156
3041 157
3041 158
3041 159
3041 160
3042 117
3042 118
3042 119
3042 120
3042 121
3042 122
3042 170
3042 171
3042 172
3042 173
3042 174
3043 132
3043 133
3043 134
3043 135
3043 136
3043 137
3043 138
3043 139
3043 140
3044 148
3044 149
3044 150
3044 151
3044 152
3044 153
3044 154
3044 155
3044 156
3045 114
3045 115
3045 116
3045 117
3045 118
3045 165
3045 166
3045 167
3045 168
3045 169
3045 170
3045 171
3046 128
3046 129
3046 130
3046 131
3046 132
3046 133
3046 134
3046 135
3046 136
3047 144
3047 145
3047 146
3047 147
3047 148
3047 149
3047 150
3047 151
3047 152
3047 153
3048 112
3048 113
3048 161
3048 162
3048 163
3048 164
3048 165
3048 166
3048 167
3048 168
3049 125
3049 126
3049 127
3049 128
3049 129
3049 130
3049 131
3049 132
3050 140
3050 141
3050 142
3050 143
3050 144
3050 145
3050 146
3050 147
3050 148
3050 149
3051 157
3051 158
3051 159
3051 160
3051 161
3051 162
3051 163
3051 164
3051 165
3052 121
3052 122
3052 123
3052 124
3052 125
3052 126
3052 127
3052 128
3052 129
3052 177
3053 137
3053 138
3053 139
3053 140
3053 141
3053 142
3053 143
3053 144
3053 145
3053 146
3054 153
3054 154
3054 155
3054 156
3054 157
3054 158
3054 159
3054 160
3054 161
3055 118
3055 119
3055 120
3055 121
3055 122
3055 123
3055 124
3055 125
3055 172
3055 173
3055 174
3055 175
3056 133
3056 134
3056 135
3056 136
3056 137
3056 138
3056 139
3056 140
3056 141
3056 142
3057 149
3057 150
3057 151
3057 152
3057 153
3057 154
3057 155
3057 156
3057 157
3057 158
3058 115
3058 116
3058 117
3058 118
3058 119
3058 120
3058 121
3058 167
3058 168
3058 169
3058 170
3058 171
3058 172
3059 130
3059 131
3059 132
3059 133
3059 134
3059 135
3059 136
3059 137
3059 138
3060 146
3060 147
3060 148
3060 149
3060 150
3060 151
3060 152
3060 153
3060 154
3061 112
3061 113
3061 114
3061 115
3061 116
3061 163
3061 164
3061 165
3061 166
3061 167
3061 168
3061 169
3062 126
3062 127
3062 128
3062 129
3062 130
3062 131
3062 132
3062 133
3062 134
3063 142
3063 143
3063 144
3063 145
3063 146
3063 147
3063 148
3063 149
3063 150
3063 151
3064 110
3064 111
3064 159
3064 160
3064 161
3064 162
3064 163
3064 164
3064 165
3064 166
3065 123
3065 124
3065 125
3065 126
3065 127
3065 128
3065 129
3065 130
3065 131
3066 138
3066 139
3066 140
3066 141
3066 142
3066 143
3066 144
3066 145
3066 146
3066 147
3067 155
3067 156
3067 157
3067 158
3067 159
3067 160
3067 161
3067 162
3067 163
3068 120
3068 121
3068 122
3068 123
3068 124
3068 125
3068 126
3068 127
3068 174
3068 175
3068 176
3068 177
3069 135
3069 136
3069 137
3069 138
3069 139
3069 140
3069 141
3069 142
3069 143
3069 144
3070 151
3070 152
3070 153
3070 154
3070 155
3070 156
3070 157
3070 158
3070 159
3070 160
3071 116
3071 117
3071 118
3071 119
3071 120
3071 121
3071 122
3071 123
3071 169
3071 170
3071 171
3071 172
3071 173
3071 174
3072 131
3072 132
3072 133
3072 134
3072 135
3072 136
3072 137
3072 138
3072 139
3072 140
3073 147
3073 148
3073 149
3073 150
3073 151
3073 152
3073 153
3073 154
3073 155
3073 156
3074 113
3074 114
3074 115
3074 116
3074 117
3074 118
3074 119
3074 165
3074 166
3074 167
3074 168
3074 169
3074 170
3074 171
3075 128
3075 129
3075 130
3075 131
3075 132
3075 133
3075 134
3075 135
3075 136
3076 144
3076 145
3076 146
3076 147
3076 148
3076 149
3076 150
3076 151
3076 152
3076 153
3077 111
3077 112
3077 113
3077 114
3077 161
3077 162
3077 163
3077 164
3077 165
3077 166
3077 167
3077 168
3078 124
3078 125
3078 126
3078 127
3078 128
3078 129
3078 130
3078 131
3078 132
3078 133
3079 140
3079 141
3079 142
3079 143
3079 144
3079 145
3079 146
3079 147
3079 148
3079 149
3080 109
3080 157
3080 158
3080 159
3080 160
3080 161
3080 162
3080 163
3080 164
3081 121
3081 122
3081 123
3081 124
3081 125
3081 126
3081 127
3081 128
3081 129
3081 176
3081 177
3082 136
3082 137
3082 138
3082 139
3082 140
3082 141
3082 142
3082 143
3082 144
3082 145
3083 153
3083 154
3083 155
3083 156
3083 157
3083 158
3083 159
3083 160
3083 161
3084 118
3084 119
3084 120
3084 121
3084 122
3084 123
3084 124
3084 125
3084 171
3084 172
3084 173
3084 174
3084 175
3085 133
3085 134
3085 135
3085 136
3085 137
3085 138
3085 139
3085 140
3085 141
3085 142
3086 149
3086 150
3086 151
3086 152
3086 153
3086 154
3086 155
3086 156
3086 157
3086 158
3087 115
3087 116
3087 117
3087 118
3087 119
3087 120
3087 121
3087 167
3087 168
3087 169
3087 170
3087 171
3087 172
3088 129
3088 130
3088 131
3088 132
3088 133
3088 134
3088 135
3088 136
3088 137
3088 138
3089 145
3089 146
3089 147
3089 148
3089 149
3089 150
3089 151
3089 152
3089 153
3089 154
3090 112
3090 113
3090 114
3090 115
3090 116
3090 117
3090 162
3090 163
3090 164
3090 165
3090 166
3090 167
3090 168
3090 169
3091 126
3091 127
3091 128
3091 129
3091 130
3091 131
3091 132
3091 133
3091 134
3092 142
3092 143
3092 144
3092 145
3092 146
3092 147
3092 148
3092 149
3092 150
3092 151
3093 109
3093 110
3093 111
3093 112
3093 158
3093 159
3093 160
3093 161
3093 162
3093 163
3093 164
3093 165
3093 166
3094 122
3094 123
3094 124
3094 125
3094 126
3094 127
3094 128
3094 129
3094 130
3094 131
3095 138
3095 139
3095 140
3095 141
3095 142
3095 143
3095 144
3095 145
3095 146
3095 147
3096 155
3096 156
3096 157
3096 158
3096 159
3096 160
3096 161
3096 162
3096 163
3097 119
3097 120
3097 121
3097 122
3097 123
3097 124
3097 125
3097 126
3097 127
3097 173
3097 174
3097 175
3097 176
3098 134
3098 135
3098 136
3098 137
3098 138
3098 139
3098 140
3098 141
3098 142
3098 143
3098 144
3099 151
3099 152
3099 153
3099 154
3099 155
3099 156
3099 157
3099 158
3099 159
3100 116
3100 117
3100 118
3100 119
3100 120
3100 121
3100 122
3100 123
3100 169
3100 170
3100 171
3100 172
3100 173
3100 174
3101 131
3101 132
3101 133
3101 134
3101 135
3101 136
3101 137
3101 138
3101 139
3101 140
3102 147
3102 148
3102 149
3102 150
3102 151
3102 152
3102 153
3102 154
3102 155
3102 156
3103 113
3103 114
3103 115
3103 116
3103 117
3103 118
3103 119
3103 164
3103 165
3103 166
3103 167
3103 168
3103 169
3103 170
3103 171
3104 127
3104 128
3104 129
3104 130
3104 131
3104 132
3104 133
3104 134
3104 135
3104 136
3105 143
3105 144
3105 145
3105 146
3105 147
3105 148
3105 149
3105 150
3105 151
3105 152
3106 110
3106 111
3106 112
3106 113
3106 114
3106 160
3106 161
3106 162
3106 163
3106 164
3106 165
3106 166
3106 167
3107 124
3107 125
3107 126
3107 127
3107 128
3107 129
3107 130
3107 131
3107 132
3108 140
3108 141
3108 142
3108 143
3108 144
3108 145
3108 146
3108 147
3108 148
3108 149
3109 108
3109 109
3109 110
3109 156
3109 157
3109 158
3109 159
3109 160
3109 161
3109 162
3109 163
3109 164
3110 121
3110 122
3110 123
3110 124
3110 125
3110 126
3110 127
3110 128
3110 129
3110 175
3110 176
3110 177
3111 136
3111 137
3111 138
3111 139
3111 140
3111 141
3111 142
3111 143
3111 144
3111 145
3112 152
3112 153
3112 154
3112 155
3112 156
3112 157
3112 158
3112 159
3112 160
3112 161
3113 117
3113 118
3113 119
3113 120
3113 121
3113 122
3113 123
3113 124
3113 125
3113 171
3113 172
3113 173
3113 174
3113 175
3114 132
3114 133
3114 134
3114 135
3114 136
3114 137
3114 138
3114 139
3114 140
3114 141
3114 142
3115 149
3115 150
3115 151
3115 152
3115 153
3115 154
3115 155
3115 156
3115 157
3116 114
3116 115
3116 116
3116 117
3116 118
3116 119
3116 120
3116 121
3116 166
3116 167
3116 168
3116 169
3116 170
3116 171
3116 172
3117 129
3117 130
3117 131
3117 132
3117 133
3117 134
3117 135
3117 136
3117 137
3117 138
3118 145
3118 146
3118 147
3118 148
3118 149
3118 150
3118 151
3118 152
3118 153
3118 154
3119 111
3119 112
3119 113
3119 114
3119 115
3119 116
3119 117
3119 162
3119 163
3119 164
3119 165
3119 166
3119 167
3119 168
3119 169
3120 125
3120 126
3120 127
3120 128
3120 129
3120 130
3120 131
3120 132
3120 133
3120 134
3121 141
3121 142
3121 143
3121 144
3121 145
3121 146
3121 147
3121 148
3121 149
3121 150
3121 151
3122 108
3122 109
3122 110
3122 111
3122 112
3122 158
3122 159
3122 160
3122 161
3122 162
3122 163
3122 164
3122 165
3122 166
3123 122
3123 123
3123 124
3123 125
3123 126
3123 127
3123 128
3123 129
3123 130
3123 131
3124 138
3124 139
3124 140
3124 141
3124 142
3124 143
3124 144
3124 145
3124 146
3124 147
3125 107
3125 154
3125 155
3125 156
3125 157
3125 158
3125 159
3125 160
3125 161
3125 162
3126 119
3126 120
3126 121
3126 122
3126 123
3126 124
3126 125
3126 126
3126 127
3126 173
3126 174
3126 175
3126 176
3127 134
3127 135
3127 136
3127 137
3127 138
3127 139
3127 140
3127 141
3127 142
3127 143
3128 150
3128 151
3128 152
3128 153
3128 154
3128 155
3128 156
3128 157
3128 158
3128 159
3129 116
3129 117
3129 118
3129 119
3129 120
3129 121
3129 122
3129 123
3129 168
3129 169
3129 170
3129 171
3129 172
3129 173
3130 131
3130 132
3130 133
3130 134
3130 135
3130 136
3130 137
3130 138
3130 139
3130 140
3131 147
3131 148
3131 149
3131 150
3131 151
3131 152
3131 153
3131 154
3131 155
3131 156
3132 113
3132 114
3132 115
3132 116
3132 117
3132 118
3132 119
3132 164
3132 165
3132 166
3132 167
3132 168
3132 169
3132 170
3133 127
3133 128
3133 129
3133 130
3133 131
3133 132
3133 133
3133 134
3133 135
3133 136
3134 143
3134 144
3134 145
3134 146
3134 147
3134 148
3134 149
3134 150
3134 151
3134 152
3135 110
3135 111
3135 112
3135 113
3135 114
3135 115
3135 160
3135 161
3135 162
3135 163
3135 164
3135 165
3135 166
3135 167
3136 124
3136 125
3136 126
3136 127
3136 128
3136 129
3136 130
3136 131
3136 132
3137 139
3137 140
3137 141
3137 142
3137 143
3137 144
3137 145
3137 146
3137 147
3137 148
3137 149
3138 107
3138 108
3138 109
3138 110
3138 156
3138 157
3138 158
3138 159
3138 160
3138 161
3138 162
3138 163
3138 164
3139 120
3139 121
3139 122
3139 123
3139 124
3139 125
3139 126
3139 127
3139 128
3139 129
3139 175
3139 176
3139 177
3140 136
3140 137
3140 138
3140 139
3140 140
3140 141
3140 142
3140 143
3140 144
3140 145
3141 152
3141 153
3141 154
3141 155
3141 156
3141 157
3141 158
3141 159
3141 160
3141 161
3142 117
3142 118
3142 119
3142 120
3142 121
3142 122
3142 123
3142 124
3142 125
3142 170
3142 171
3142 172
3142 173
3142 174
3143 132
3143 133
3143 134
3143 135
3143 136
3143 137
3143 138
3143 139
3143 140
3143 141
3144 148
3144 149
3144 150
3144 151
3144 152
3144 153
3144 154
3144 155
3144 156
3144 157
3145 114
3145 115
3145 116
3145 117
3145 118
3145 119
3145 120
3145 121
3145 166
3145 167
3145 168
3145 169
3145 170
3145 171
3145 172
3146 129
3146 130
3146 131
3146 132
3146 133
3146 134
3146 135
3146 136
3146 137
3146 138
3147 145
3147 146
3147 147
3147 148
3147 149
3147 150
3147 151
3147 152
3147 153
3147 154
3148 111
3148 112
3148 113
3148 114
3148 115
3148 116
3148 117
3148 162
3148 163
3148 164
3148 165
3148 166
3148 167
3148 168
3149 125
3149 126
3149 127
3149 128
3149 129
3149 130
3149 131
3149 132
3149 133
3149 134
3150 141
3150 142
3150 143
3150 144
3150 145
3150 146
3150 147
3150 148
3150 149
3150 150
3151 108
3151 109
3151 110
3151 111
3151 112
3151 158
3151 159
3151 160
3151 161
3151 162
3151 163
3151 164
3151 165
3152 122
3152 123
3152 124
3152 125
3152 126
3152 127
3152 128
3152 129
3152 130
3153 137
3153 138
3153 139
3153 140
3153 141
3153 142
3153 143
3153 144
3153 145
3153 146
3153 147
3154 106
3154 107
3154 108
3154 154
3154 155
3154 156
3154 157
3154 158
3154 159
3154 160
3154 161
3154 162
3155 119
3155 120
3155 121
3155 122
3155 123
3155 124
3155 125
3155 126
3155 127
3155 172
3155 173
3155 174
3155 175
3156 134
3156 135
3156 136
3156 137
3156 138
3156 139
3156 140
3156 141
3156 142
3156 143
3157 150
3157 151
3157 152
3157 153
3157 154
3157 155
3157 156
3157 157
3157 158
3157 159
3158 115
3158 116
3158 117
3158 118
3158 119
3158 120
3158 121
3158 122
3158 123
3158 168
3158 169
3158 170
3158 171
3158 172
3158 173
3159 130
3159 131
3159 132
3159 133
3159 134
3159 135
3159 136
3159 137
3159 138
3159 139
3160 146
3160 147
3160 148
3160 149
3160 150
3160 151
3160 152
3160 153
3160 154
3160 155
3161 112
3161 113
3161 114
3161 115
3161 116
3161 117
3161 118
3161 119
3161 164
3161 165
3161 166
3161 167
3161 168
3161 169
3161 170
3162 127
3162 128
3162 129
3162 130
3162 131
3162 132
3162 133
3162 134
3162 135
3162 136
3163 143
3163 144
3163 145
3163 146
3163 147
3163 148
3163 149
3163 150
3163 151
3163 152
3164 109
3164 110
3164 111
3164 112
3164 113
3164 114
3164 160
3164 161
3164 162
3164 163
3164 164
3164 165
3164 166
3164 167
3165 123
3165 124
3165 125
3165 126
3165 127
3165 128
3165 129
3165 130
3165 131
3165 132
3166 139
3166 140
3166 141
3166 142
3166 143
3166 144
3166 145
3166 146
3166 147
3166 148
3167 107
3167 108
3167 109
3167 110
3167 156
3167 157
3167 158
3167 159
3167 160
3167 161
3167 162
3167 163
3168 120
3168 121
3168 122
3168 123
3168 124
3168 125
3168 126
3168 127
3168 128
3168 175
3168 176
3169 135
3169 136
3169 137
3169 138
3169 139
3169 140
3169 141
3169 142
3169 143
3169 144
3169 145
3170 152
3170 153
3170 154
3170 155
3170 156
3170 157
3170 158
3170 159
3170 160
3171 117
3171 118
3171 119
3171 120
3171 121
3171 122
3171 123
3171 124
3171 170
3171 171
3171 172
3171 173
3171 174
3172 132
3172 133
3172 134
3172 135
3172 136
3172 137
3172 138
3172 139
3172 140
3172 141
3173 148
3173 149
3173 150
3173 151
3173 152
3173 153
3173 154
3173 155
3173 156
3173 157
3174 114
3174 115
3174 116
3174 117
3174 118
3174 119
3174 120
3174 121
3174 166
3174 167
3174 168
3174 169
3174 170
3174 171
3175 128
3175 129
3175 130
3175 131
3175 132
3175 133
3175 134
3175 135
3175 136
3175 137
3176 144
3176 145
3176 146
3176 147
3176 148
3176 149
3176 150
3176 151
3176 152
3176 153
3177 111
3177 112
3177 113
3177 114
3177 115
3177 116
3177 162
3177 163
3177 164
3177 165
3177 166
3177 167
3177 168
3178 125
3178 126
3178 127
3178 128
3178 129
3178 130
3178 131
3178 132
3178 133
3178 134
3179 141
3179 142
3179 143
3179 144
3179 145
3179 146
3179 147
3179 148
3179 149
3179 150
3180 108
3180 109
3180 110
3180 111
3180 112
3180 158
3180 159
3180 160
3180 161
3180 162
3180 163
3180 164
3180 165
3181 122
3181 123
3181 124
3181 125
3181 126
3181 127
3181 128
3181 129
3181 130
3182 137
3182 138
3182 139
3182 140
3182 141
3182 142
3182 143
3182 144
3182 145
3182 146
3183 106
3183 107
3183 108
3183 154
3183 155
3183 156
3183 157
3183 158
3183 159
3183 160
3183 161
3183 162
3184 118
3184 119
3184 120
3184 121
3184 122
3184 123
3184 124
3184 125
3184 126
3184 172
3184 173
3184 174
3184 175
3185 134
3185 135
3185 136
3185 137
3185 138
3185 139
3185 140
3185 141
3185 142
3185 143
3186 150
3186 151
3186 152
3186 153
3186 154
3186 155
3186 156
3186 157
3186 158
3187 115
3187 116
3187 117
3187 118
3187 119
3187 120
3187 121
3187 122
3187 168
3187 169
3187 170
3187 171
3187 172
3188 130
3188 131
3188 132
3188 133
3188 134
3188 135
3188 136
3188 137
3188 138
3188 139
3189 146
3189 147
3189 148
3189 149
3189 150
3189 151
3189 152
3189 153
3189 154
3189 155
3190 112
3190 113
3190 114
3190 115
3190 116
3190 117
3190 118
3190 163
3190 164
3190 165
3190 166
3190 167
3190 168
3190 169
3191 127
3191 128
3191 129
3191 130
3191 131
3191 132
3191 133
3191 134
3191 135
3192 143
3192 144
3192 145
3192 146
3192 147
3192 148
3192 149
3192 150
3192 151
3193 109
3193 110
3193 111
3193 112
3193 113
3193 114
3193 159
3193 160
3193 161
3193 162
3193 163
3193 164
3193 165
3193 166
3194 123
3194 124
3194 125
3194 126
3194 127
3194 128
3194 129
3194 130
3194 131
3194 132
3195 139
3195 140
3195 141
3195 142
3195 143
3195 144
3195 145
3195 146
3195 147
3195 148
3196 107
3196 108
3196 109
3196 110
3196 156
3196 157
3196 158
3196 159
3196 160
3196 161
3196 162
3196 163
3197 120
3197 121
3197 122
3197 123
3197 124
3197 125
3197 126
3197 127
3197 128
3198 135
3198 136
3198 137
3198 138
3198 139
3198 140
3198 141
3198 142
3198 143
3198 144
3199 152
3199 153
3199 154
3199 155
3199 156
3199 157
3199 158
3199 159
3199 160
3200 117
3200 118
3200 119
3200 120
3200 121
3200 122
3200 123
3200 124
3200 170
3200 171
3200 172
3200 173
3201 132
3201 133
3201 134
3201 135
3201 136
3201 137
3201 138
3201 139
3201 140
3201 141
3202 148
3202 149
3202 150
3202 151
3202 152
3202 153
3202 154
3202 155
3202 156
3203 114
3203 115
3203 116
3203 117
3203 118
3203 119
3203 120
3203 165
3203 166
3203 167
3203 168
3203 169
3203 170
3204 128
3204 129
3204 130
3204 131
3204 132
3204 133
3204 134
3204 135
3204 136
3204 137
3205 144
3205 145
3205 146
3205 147
3205 148
3205 149
3205 150
3205 151
3205 152
3205 153
3206 111
3206 112
3206 113
3206 114
3206 115
3206 116
3206 161
3206 162
3206 163
3206 164
3206 165
3206 166
3206 167
3207 125
3207 126
3207 127
3207 128
3207 129
3207 130
3207 131
3207 132
3207 133
3208 141
3208 142
3208 143
3208 144
3208 145
3208 146
3208 147
3208 148
3208 149
3209 108
3209 109
3209 110
3209 111
3209 112
3209 157
3209 158
3209 159
3209 160
3209 161
3209 162
3209 163
3209 164
3210 122
3210 123
3210 124
3210 125
3210 126
3210 127
3210 128
3210 129
3210 130
3211 137
3211 138
3211 139
3211 140
3211 141
3211 142
3211 143
3211 144
3211 145
3211 146
3212 106
3212 107
3212 154
3212 155
3212 156
3212 157
3212 158
3212 159
3212 160
3212 161
3213 118
3213 119
3213 120
3213 121
3213 122
3213 123
3213 124
3213 125
3213 126
3213 173
3214 134
3214 135
3214 136
3214 137
3214 138
3214 139
3214 140
3214 141
3214 142
3215 150
3215 151
3215 152
3215 153
3215 154
3215 155
3215 156
3215 157
3215 158
3216 115
3216 116
3216 117
3216 118
3216 119
3216 120
3216 121
3216 122
3216 168
3216 169
3216 170
3216 171
3217 130
3217 131
3217 132
3217 133
3217 134
3217 135
3217 136
3217 137
3217 138
3217 139
3218 146
3218 147
3218 148
3218 149
3218 150
3218 151
3218 152
3218 153
3218 154
3219 112
3219 113
3219 114
3219 115
3219 116
3219 117
3219 118
3219 163
3219 164
3219 165
3219 166
3219 167
3219 168
3219 169
3220 127
3220 128
3220 129
3220 130
3220 131
3220 132
3220 133
3220 134
3220 135
3221 142
3221 143
3221 144
3221 145
3221 146
3221 147
3221 148
3221 149
3221 150
3221 151
3222 109
3222 110
3222 111
3222 112
3222 113
3222 114
3222 159
3222 160
3222 161
3222 162
3222 163
3222 164
3222 165
3223 123
3223 124
3223 125
3223 126
3223 127
3223 128
3223 129
3223 130
3223 131
3224 139
3224 140
3224 141
3224 142
3224 143
3224 144
3224 145
3224 146
3224 147
3225 107
3225 108
3225 109
3225 155
3225 156
3225 157
3225 158
3225 159
3225 160
3225 161
3225 162
3226 120
3226 121
3226 122
3226 123
3226 124
3226 125
3226 126
3226 127
3226 128
3227 135
3227 136
3227 137
3227 138
3227 139
3227 140
3227 141
3227 142
3227 143
3227 144
3228 152
3228 153
3228 154
3228 155
3228 156
3228 157
3228 158
3228 159
3229 117
3229 118
3229 119
3229 120
3229 121
3229 122
3229 123
3229 124
3229 170
3229 171
3229 172
3230 132
3230 133
3230 134
3230 135
3230 136
3230 137
3230 138
3230 139
3230 140
3231 148
3231 149
3231 150
3231 151
3231 152
3231 153
3231 154
3231 155
3231 156
3232 114
3232 115
3232 116
3232 117
3232 118
3232 119
3232 120
3232 165
3232 166
3232 167
3232 168
3232 169
3232 170
3233 128
3233 129
3233 130
3233 131
3233 132
3233 133
3233 134
3233 135
3233 136
3233 137
3234 144
3234 145
3234 146
3234 147
3234 148
3234 149
3234 150
3234 151
3234 152
3235 111
3235 112
3235 113
3235 114
3235 115
3235 116
3235 161
3235 162
3235 163
3235 164
3235 165
3235 166
3235 167
3236 125
3236 126
3236 127
3236 128
3236 129
3236 130
3236 131
3236 132
3236 133
3237 141
3237 142
3237 143
3237 144
3237 145
3237 146
3237 147
3237 148
3237 149
3238 108
3238 109
3238 110
3238 111
3238 157
3238 158
3238 159
3238 160
3238 161
3238 162
3238 163
3238 164
3239 122
3239 123
3239 124
3239 125
3239 126
3239 127
3239 128
3239 129
3240 137
3240 138
3240 139
3240 140
3240 141
3240 142
3240 143
3240 144
3240 145
3241 106
3241 153
3241 154
3241 155
3241 156
3241 157
3241 158
3241 159
3241 160
3242 118
3242 119
3242 120
3242 121
3242 122
3242 123
3242 124
3242 125
3243 133
3243 134
3243 135
3243 136
3243 137
3243 138
3243 139
3243 140
3243 141
3243 142
3244 150
3244 151
3244 152
3244 153
3244 154
3244 155
3244 156
3244 157
3245 115
3245 116
3245 117
3245 118
3245 119
3245 120
3245 121
3245 122
3245 168
3245 169
3245 170
3246 130
3246 131
3246 132
3246 133
3246 134
3246 135
3246 136
3246 137
3246 138
3247 146
3247 147
3247 148
3247 149
3247 150
3247 151
3247 152
3247 153
3247 154
3248 112
3248 113
3248 114
3248 115
3248 116
3248 117
3248 118
3248 163
3248 164
3248 165
3248 166
3248 167
3248 168
3249 127
3249 128
3249 129
3249 130
3249 131
3249 132
3249 133
3249 134
3249 135
3250 142
3250 143
3250 144
3250 145
3250 146
3250 147
3250 148
3250 149
3250 150
3251 109
3251 110
3251 111
3251 112
3251 113
3251 159
3251 160
3251 161
3251 162
3251 163
3251 164
3251 165
3252 123
3252 124
3252 125
3252 126
3252 127
3252 128
3252 129
3252 130
3252 131
3253 139
3253 140
3253 141
3253 142
3253 143
3253 144
3253 145
3253 146
3253 147
3254 107
3254 108
3254 109
3254 155
3254 156
3254 157
3254 158
3254 159
3254 160
3254 161
3254 162
3255 120
3255 121
3255 122
3255 123
3255 124
3255 125
3255 126
3255 127
3256 135
3256 136
3256 137
3256 138
3256 139
3256 140
3256 141
3256 142
3256 143
3257 151
3257 152
3257 153
3257 154
3257 155
3257 156
3257 157
3257 158
3258 117
3258 118
3258 119
3258 120
3258 121
3258 122
3258 123
3259 132
3259 133
3259 134
3259 135
3259 136
3259 137
3259 138
3259 139
3259 140
3260 148
3260 149
3260 150
3260 151
3260 152
3260 153
3260 154
3260 155
3261 114
3261 115
3261 116
3261 117
3261 118
3261 119
3261 166
3261 167
3261 168
3261 169
3262 128
3262 129
3262 130
3262 131
3262 132
3262 133
3262 134
3262 135
3262 136
3263 144
3263 145
3263 146
3263 147
3263 148
3263 149
3263 150
3263 151
3263 152
3264 111
3264 112
3264 113
3264 114
3264 115
3264 161
3264 162
3264 163
3264 164
3264 165
3264 166
3265 125
3265 126
3265 127
3265 128
3265 129
3265 130
3265 131
3265 132
3266 140
3266 141
3266 142
3266 143
3266 144
3266 145
3266 146
3266 147
3266 148
3267 108
3267 109
3267 110
3267 111
3267 157
3267 158
3267 159
3267 160
3267 161
3267 162
3267 163
3268 122
3268 123
3268 124
3268 125
3268 126
3268 127
3268 128
3268 129
3269 137
3269 138
3269 139
3269 140
3269 141
3269 142
3269 143
3269 144
3269 145
3270 153
3270 154
3270 155
3270 156
3270 157
3270 158
3270 159
3270 160
3271 119
3271 120
3271 121
3271 122
3271 123
3271 124
3271 125
3272 133
3272 134
3272 135
3272 136
3272 137
3272 138
3272 139
3272 140
3272 141
3273 150
3273 151
3273 152
3273 153
3273 154
3273 155
3273 156
3274 115
3274 116
3274 117
3274 118
3274 119
3274 120
3274 121
3274 168
3274 169
3275 130
3275 131
3275 132
3275 133
3275 134
3275 135
3275 136
3275 137
3275 138
3276 146
3276 147
3276 148
3276 149
3276 150
3276 151
3276 152
3276 153
3277 113
3277 114
3277 115
3277 116
3277 117
3277 163
3277 164
3277 165
3277 166
3277 167
3278 127
3278 128
3278 129
3278 130
3278 131
3278 132
3278 133
3278 134
3279 142
3279 143
3279 144
3279 145
3279 146
3279 147
3279 148
3279 149
3279 150
3280 110
3280 111
3280 112
3280 159
3280 160
3280 161
3280 162
3280 163
3280 164
3281 123
3281 124
3281 125
3281 126
3281 127
3281 128
3281 129
3281 130
3282 139
3282 140
3282 141
3282 142
3282 143
3282 144
3282 145
3282 146
3283 155
3283 156
3283 157
3283 158
3283 159
3283 160
3283 161
3284 120
3284 121
3284 122
3284 123
3284 124
3284 125
3284 126
3285 135
3285 136
3285 137
3285 138
3285 139
3285 140
3285 141
3285 142
3285 143
3286 152
3286 153
3286 154
3286 155
3286 156
3286 157
3286 158
3287 117
3287 118
3287 119
3287 120
3287 121
3287 122
3288 132
3288 133
3288 134
3288 135
3288 136
3288 137
3288 138
3288 139
3289 148
3289 149
3289 150
3289 151
3289 152
3289 153
3289 154
3290 114
3290 115
3290 116
3290 117
3290 118
3290 166
3290 167
3291 128
3291 129
3291 130
3291 131
3291 132
3291 133
3291 134
3291 135
3292 144
3292 145
3292 146
3292 147
3292 148
3292 149
3292 150
3292 151
3293 111
3293 112
3293 113
3293 114
3293 161
3293 162
3293 163
3293 164
3293 165
3294 125
3294 126
3294 127
3294 128
3294 129
3294 130
3294 131
3294 132
3295 141
3295 142
3295 143
3295 144
3295 145
3295 146
3295 147
3296 157
3296 158
3296 159
3296 160
3296 161
3296 162
3297 122
3297 123
3297 124
3297 125
3297 126
3297 127
3297 128
3298 137
3298 138
3298 139
3298 140
3298 141
3298 142
3298 143
3298 144
3299 153
3299 154
3299 155
3299 156
3299 157
3299 158
3299 159
3300 119
3300 120
3300 121
3300 122
3300 123
3300 124
3301 134
3301 135
3301 136
3301 137
3301 138
3301 139
3301 140
3302 150
3302 151
3302 152
3302 153
3302 154
3302 155
3302 156
3303 116
3303 117
3303 118
3303 119
3303 120
3304 130
3304 131
3304 132
3304 133
3304 134
3304 135
3304 136
3304 137
3305 146
3305 147
3305 148
3305 149
3305 150
3305 151
3305 152
3306 113
3306 114
3306 115
3306 116
3306 164
3306 165
3307 127
3307 128
3307 129
3307 130
3307 131
3307 132
3307 133
3308 142
3308 143
3308 144
3308 145
3308 146
3308 147
3308 148
3308 149
3309 160
3309 161
3309 162
3309 163
3310 124
3310 125
3310 126
3310 127
3310 128
3310 129
3311 139
3311 140
3311 141
3311 142
3311 143
3311 144
3311 145
3312 156
3312 157
3312 158
3312 159
3312 160
3313 121
3313 122
3313 123
3313 124
3313 125
3313 126
3314 135
3314 136
3314 137
3314 138
3314 139
3314 140
3314 141
3314 142
3315 152
3315 153
3315 154
3315 155
3315 156
3315 157
3316 118
3316 119
3316 120
3316 121
3316 122
3317 132
3317 133
3317 134
3317 135
3317 136
3317 137
3317 138
3318 148
3318 149
3318 150
3318 151
3318 152
3318 153
3319 115
3319 116
3319 117
3320 129
3320 130
3320 131
3320 132
3320 133
3320 134
3320 135
3321 144
3321 145
3321 146
3321 147
3321 148
3321 149
3321 150
3322 162
3322 163
3323 125
3323 126
3323 127
3323 128
3323 129
3323 130
3323 131
3324 141
3324 142
3324 143
3324 144
3324 145
3324 146
3324 147
3325 158
3325 159
3325 160
3325 161
3326 122
3326 123
3326 124
3326 125
3326 126
3326 127
3327 137
3327 138
3327 139
3327 140
3327 141
3327 142
3327 143
3328 154
3328 155
3328 156
3328 157
3328 158
3329 119
3329 120
3329 121
3329 122
3329 123
3330 134
3330 135
3330 136
3330 137
3330 138
3330 139
3331 150
3331 151
3331 152
3331 153
3331 154
3332 117
3332 118
3332 119
3333 131
3333 132
3333 133
3333 134
3333 135
3333 136
3334 146
3334 147
3334 148
3334 149
3334 150
3334 151
3336 127
3336 128
3336 129
3336 130
3336 131
3336 132
3337 143
3337 144
3337 145
3337 146
3337 147
3337 148
3338 161
3339 124
3339 125
3339 126
3339 127
3339 128
3340 139
3340 140
3340 141
3340 142
3340 143
3340 144
3341 156
3341 157
3341 158
3342 121
3342 122
3342 123
3342 124
3343 136
3343 137
3343 138
3343 139
3343 140
3343 141
3344 152
3344 153
3344 154
3344 155
3345 119
3345 120
3346 132
3346 133
3346 134
3346 135
3346 136
3346 137
3347 148
3347 149
3347 150
3347 151
3347 152
3349 129
3349 130
3349 131
3349 132
3349 133
3350 145
3350 146
3350 147
3350 148
3350 149
3352 126
3352 127
3352 128
3352 129
3352 130
3353 141
3353 142
3353 143
3353 144
3353 145
3355 123
3355 124
3355 125
3355 126
3356 138
3356 139
3356 140
3356 141
3356 142
3357 155
3357 156
3358 121
3359 134
3359 135
3359 136
3359 137
3359 138
3360 151
3360 152
3360 153
3362 131
3362 132
3362 133
3362 134
3362 135
3363 147
3363 148
3363 149
3363 150
3365 128
3365 129
3365 130
3365 131
3366 143
3366 144
3366 145
3366 146
3368 125
3368 126
3369 140
3369 141
3369 142
3369 143
3372 137
3372 138
3372 139
3375 133
3375 134
3375 135
3375 136
3376 149
3376 150
3378 130
3378 131
3379 146
3379 147
3382 142
3382 143
3382 144
3385 139
3385 140
3388 136
4026 112
4026 113
4029 108
4029 109
4032 105
4033 121
4033 122
4036 117
4036 118
4036 119
4039 113
4039 114
4039 115
4039 116
4042 109
4042 110
4042 111
4042 112
4043 126
4043 127
4043 128
4045 105
4045 106
4045 107
4045 108
4046 122
4046 123
4046 124
4046 125
4048 102
4048 103
4048 104
4049 118
4049 119
4049 120
4049 121
4049 122
4051 98
4051 99
4051 100
4052 114
4052 115
4052 116
4052 117
4052 118
4053 132
4054 95
4054 96
4055 110
4055 111
4055 112
4055 113
4055 114
4056 127
4056 128
4056 129
4056 130
4058 106
4058 107
4058 108
4058 109
4058 110
4058 111
4059 123
4059 124
4059 125
4059 126
4059 127
4061 103
4061 104
4061 105
4061 106
4061 107
4062 119
4062 120
4062 121
4062 122
4062 123
4062 124
4064 99
4064 100
4064 101
4064 102
4064 103
4065 115
4065 116
4065 117
4065 118
4065 119
4065 120
4066 133
4066 134
4066 135
4067 96
4067 97
4067 98
4067 99
4068 111
4068 112
4068 113
4068 114
4068 115
4068 116
4068 117
4069 129
4069 130
4069 131
4069 132
4070 93
4070 94
4071 108
4071 109
4071 110
4071 111
4071 112
4071 113
4072 124
4072 125
4072 126
4072 127
4072 128
4072 129
4074 104
4074 105
4074 106
4074 107
4074 108
4074 109
4075 120
4075 121
4075 122
4075 123
4075 124
4075 125
4075 126
4077 100
4077 101
4077 102
4077 103
4077 104
4077 105
4078 116
4078 117
4078 118
4078 119
4078 120
4078 121
4078 122
4079 134
4079 135
4079 136
4079 137
4080 97
4080 98
4080 99
4080 100
4080 101
4081 113
4081 114
4081 115
4081 116
4081 117
4081 118
4081 119
4082 130
4082 131
4082 132
4082 133
4082 134
4083 93
4083 94
4083 95
4083 96
4083 97
4084 109
4084 110
4084 111
4084 112
4084 113
4084 114
4084 115
4085 126
4085 127
4085 128
4085 129
4085 130
4085 131
4086 90
4086 91
4086 92
4087 105
4087 106
4087 107
4087 108
4087 109
4087 110
4087 111
4088 122
4088 123
4088 124
4088 125
4088 126
4088 127
4088 128
4090 102
4090 103
4090 104
4090 105
4090 106
4090 107
4091 118
4091 119
4091 120
4091 121
4091 122
4091 123
4091 124
4092 136
4092 137
4092 138
4092 139
4093 98
4093 99
4093 100
4093 101
4093 102
4093 103
4094 114
4094 115
4094 116
4094 117
4094 118
4094 119
4094 120
4094 121
4095 131
4095 132
4095 133
4095 134
4095 135
4095 136
4096 95
4096 96
4096 97
4096 98
4096 99
4097 110
4097 111
4097 112
4097 113
4097 114
4097 115
4097 116
4097 117
4098 127
4098 128
4098 129
4098 130
4098 131
4098 132
4098 133
4099 91
4099 92
4099 93
4099 94
4099 95
4100 107
4100 108
4100 109
4100 110
4100 111
4100 112
4100 113
4101 123
4101 124
4101 125
4101 126
4101 127
4101 128
4101 129
4101 130
4102 88
4102 89
4102 90
4102 143
4103 103
4103 104
4103 105
4103 106
4103 107
4103 108
4103 109
4104 119
4104 120
4104 121
4104 122
4104 123
4104 124
4104 125
4104 126
4105 137
4105 138
4105 139
4105 140
4105 141
4106 99
4106 100
4106 101
4106 102
4106 103
4106 104
4106 105
4107 116
4107 117
4107 118
4107 119
4107 120
4107 121
4107 122
4108 133
4108 134
4108 135
4108 136
4108 137
4108 138
4109 96
4109 97
4109 98
4109 99
4109 100
4109 101
4110 112
4110 113
4110 114
4110 115
4110 116
4110 117
4110 118
4110 119
4111 129
4111 130
4111 131
4111 132
4111 133
4111 134
4111 135
4112 93
4112 94
4112 95
4112 96
4112 97
4113 108
4113 109
4113 110
4113 111
4113 112
4113 113
4113 114
4113 115
4114 125
4114 126
4114 127
4114 128
4114 129
4114 130
4114 131
4115 90
4115 91
4115 92
4115 93
4115 144
4116 104
4116 105
4116 106
4116 107
4116 108
4116 109
4116 110
4116 111
4117 121
4117 122
4117 123
4117 124
4117 125
4117 126
4117 127
4117 128
4118 87
4118 88
4118 139
4118 140
4118 141
4118 142
4119 101
4119 102
4119 103
4119 104
4119 105
4119 106
4119 107
4120 117
4120 118
4120 119
4120 120
4120 121
4120 122
4120 123
4120 124
4121 134
4121 135
4121 136
4121 137
4121 138
4121 139
4121 140
4122 97
4122 98
4122 99
4122 100
4122 101
4122 102
4122 103
4123 113
4123 114
4123 115
4123 116
4123 117
4123 118
4123 119
4123 120
4123 121
4124 130
4124 131
4124 132
4124 133
4124 134
4124 135
4124 136
4125 94
4125 95
4125 96
4125 97
4125 98
4125 99
4126 110
4126 111
4126 112
4126 113
4126 114
4126 115
4126 116
4126 117
4127 126
4127 127
4127 128
4127 129
4127 130
4127 131
4127 132
4127 133
4128 91
4128 92
4128 93
4128 94
4128 95
4128 146
4129 106
4129 107
4129 108
4129 109
4129 110
4129 111
4129 112
4129 113
4130 122
4130 123
4130 124
4130 125
4130 126
4130 127
4130 128
4130 129
4130 130
4131 88
4131 89
4131 90
4131 91
4131 140
4131 141
4131 142
4131 143
4131 144
4132 102
4132 103
4132 104
4132 105
4132 106
4132 107
4132 108
4132 109
4133 119
4133 120
4133 121
4133 122
4133 123
4133 124
4133 125
4133 126
4134 136
4134 137
4134 138
4134 139
4134 140
4134 141
4135 99
4135 100
4135 101
4135 102
4135 103
4135 104
4135 105
4136 115
4136 116
4136 117
4136 118
4136 119
4136 120
4136 121
4136 122
4137 132
4137 133
4137 134
4137 135
4137 136
4137 137
4137 138
4138 96
4138 97
4138 98
4138 99
4138 100
4138 101
4139 111
4139 112
4139 113
4139 114
4139 115
4139 116
4139 117
4139 118
4139 119
4140 128
4140 129
4140 130
4140 131
4140 132
4140 133
4140 134
4140 135
4141 92
4141 93
4141 94
4141 95
4141 96
4141 97
4142 108
4142 109
4142 110
4142 111
4142 112
4142 113
4142 114
4142 115
4143 124
4143 125
4143 126
4143 127
4143 128
4143 129
4143 130
4143 131
4144 89
4144 90
4144 91
4144 92
4144 93
4144 142
4144 143
4144 144
4144 145
4144 146
4145 104
4145 105
4145 106
4145 107
4145 108
4145 109
4145 110
4145 111
4146 120
4146 121
4146 122
4146 123
4146 124
4146 125
4146 126
4146 127
4146 128
4147 86
4147 87
4147 88
4147 138
4147 139
4147 140
4147 141
4147 142
4147 143
4148 100
4148 101
4148 102
4148 103
4148 104
4148 105
4148 106
4148 107
4149 116
4149 117
4149 118
4149 119
4149 120
4149 121
4149 122
4149 123
4149 124
4150 134
4150 135
4150 136
4150 137
4150 138
4150 139
4150 140
4151 97
4151 98
4151 99
4151 100
4151 101
4151 102
4151 103
4152 113
4152 114
4152 115
4152 116
4152 117
4152 118
4152 119
4152 120
4152 121
4153 130
4153 131
4153 132
4153 133
4153 134
4153 135
4153 136
4153 137
4154 94
4154 95
4154 96
4154 97
4154 98
4154 99
4155 109
4155 110
4155 111
4155 112
4155 113
4155 114
4155 115
4155 116
4155 117
4156 126
4156 127
4156 128
4156 129
4156 130
4156 131
4156 132
4156 133
4157 91
4157 92
4157 93
4157 94
4157 95
4157 144
4157 145
4157 146
4157 147
4158 106
4158 107
4158 108
4158 109
4158 110
4158 111
4158 112
4158 113
4159 122
4159 123
4159 124
4159 125
4159 126
4159 127
4159 128
4159 129
4159 130
4160 88
4160 89
4160 90
4160 139
4160 140
4160 141
4160 142
4160 143
4160 144
4161 102
4161 103
4161 104
4161 105
4161 106
4161 107
4161 108
4161 109
4162 118
4162 119
4162 120
4162 121
4162 122
4162 123
4162 124
4162 125
4162 126
4163 135
4163 136
4163 137
4163 138
4163 139
4163 140
4163 141
4164 99
4164 100
4164 101
4164 102
4164 103
4164 104
4164 105
4165 114
4165 115
4165 116
4165 117
4165 118
4165 119
4165 120
4165 121
4165 122
4166 131
4166 132
4166 133
4166 134
4166 135
4166 136
4166 137
4166 138
4167 95
4167 96
4167 97
4167 98
4167 99
4167 100
4167 101
4168 111
4168 112
4168 113
4168 114
4168 115
4168 116
4168 117
4168 118
4168 119
4169 127
4169 128
4169 129
4169 130
4169 131
4169 132
4169 133
4169 134
4169 135
4170 92
4170 93
4170 94
4170 95
4170 96
4170 97
4170 146
4170 147
4170 148
4170 149
4171 107
4171 108
4171 109
4171 110
4171 111
4171 112
4171 113
4171 114
4171 115
4172 123
4172 124
4172 125
4172 126
4172 127
4172 128
4172 129
4172 130
4172 131
4173 89
4173 90
4173 91
4173 92
4173 141
4173 142
4173 143
4173 144
4173 145
4173 146
4174 104
4174 105
4174 106
4174 107
4174 108
4174 109
4174 110
4174 111
4175 120
4175 121
4175 122
4175 123
4175 124
4175 125
4175 126
4175 127
4175 128
4176 87
4176 137
4176 138
4176 139
4176 140
4176 141
4176 142
4176 143
4177 100
4177 101
4177 102
4177 103
4177 104
4177 105
4177 106
4177 107
4178 116
4178 117
4178 118
4178 119
4178 120
4178 121
4178 122
4178 123
4178 124
4179 133
4179 134
4179 135
4179 136
4179 137
4179 138
4179 139
4179 140
4180 97
4180 98
4180 99
4180 100
4180 101
4180 102
4180 103
4181 112
4181 113
4181 114
4181 115
4181 116
4181 117
4181 118
4181 119
4181 120
4182 129
4182 130
4182 131
4182 132
4182 133
4182 134
4182 135
4182 136
4183 94
4183 95
4183 96
4183 97
4183 98
4183 99
4183 148
4183 149
4183 150
4184 109
4184 110
4184 111
4184 112
4184 113
4184 114
4184 115
4184 116
4184 117
4185 125
4185 126
4185 127
4185 128
4185 129
4185 130
4185 131
4185 132
4185 133
4186 91
4186 92
4186 93
4186 94
4186 143
4186 144
4186 145
4186 146
4186 147
4187 105
4187 106
4187 107
4187 108
4187 109
4187 110
4187 111
4187 112
4187 113
4188 121
4188 122
4188 123
4188 124
4188 125
4188 126
4188 127
4188 128
4188 129
4189 88
4189 89
4189 139
4189 140
4189 141
4189 142
4189 143
4189 144
4189 145
4190 102
4190 103
4190 104
4190 105
4190 106
4190 107
4190 108
4190 109
4191 118
4191 119
4191 120
4191 121
4191 122
4191 123
4191 124
4191 125
4191 126
4192 135
4192 136
4192 137
4192 138
4192 139
4192 140
4192 141
4193 98
4193 99
4193 100
4193 101
4193 102
4193 103
4193 104
4193 105
4194 114
4194 115
4194 116
4194 117
4194 118
4194 119
4194 120
4194 121
4194 122
4195 131
4195 132
4195 133
4195 134
4195 135
4195 136
4195 137
4195 138
4196 95
4196 96
4196 97
4196 98
4196 99
4196 100
4196 101
4196 150
4196 151
4197 110
4197 111
4197 112
4197 113
4197 114
4197 115
4197 116
4197 117
4197 118
4198 127
4198 128
4198 129
4198 130
4198 131
4198 132
4198 133
4198 134
4198 135
4199 92
4199 93
4199 94
4199 95
4199 96
4199 145
4199 146
4199 147
4199 148
4199 149
4200 107
4200 108
4200 109
4200 110
4200 111
4200 112
4200 113
4200 114
4201 123
4201 124
4201 125
4201 126
4201 127
4201 128
4201 129
4201 130
4201 131
4202 89
4202 90
4202 91
4202 140
4202 141
4202 142
4202 143
4202 144
4202 145
4202 146
4203 103
4203 104
4203 105
4203 106
4203 107
4203 108
4203 109
4203 110
4204 119
4204 120
4204 121
4204 122
4204 123
4204 124
4204 125
4204 126
4204 127
4205 136
4205 137
4205 138
4205 139
4205 140
4205 141
4205 142
4205 143
4206 100
4206 101
4206 102
4206 103
4206 104
4206 105
4206 106
4207 116
4207 117
4207 118
4207 119
4207 120
4207 121
4207 122
4207 123
4207 124
4208 132
4208 133
4208 134
4208 135
4208 136
4208 137
4208 138
4208 139
4208 140
4209 97
4209 98
4209 99
4209 100
4209 101
4209 102
4210 112
4210 113
4210 114
4210 115
4210 116
4210 117
4210 118
4210 119
4210 120
4211 129
4211 130
4211 131
4211 132
4211 133
4211 134
4211 135
4211 136
4212 94
4212 95
4212 96
4212 97
4212 98
4212 147
4212 148
4212 149
4212 150
4213 109
4213 110
4213 111
4213 112
4213 113
4213 114
4213 115
4213 116
4214 125
4214 126
4214 127
4214 128
4214 129
4214 130
4214 131
4214 132
4214 133
4215 91
4215 92
4215 93
4215 142
4215 143
4215 144
4215 145
4215 146
4215 147
4216 105
4216 106
4216 107
4216 108
4216 109
4216 110
4216 111
4216 112
4217 121
4217 122
4217 123
4217 124
4217 125
4217 126
4217 127
4217 128
4217 129
4218 138
4218 139
4218 140
4218 141
4218 142
4218 143
4218 144
4219 102
4219 103
4219 104
4219 105
4219 106
4219 107
4219 108
4220 117
4220 118
4220 119
4220 120
4220 121
4220 122
4220 123
4220 124
4220 125
4221 134
4221 135
4221 136
4221 137
4221 138
4221 139
4221 140
4221 141
4222 98
4222 99
4222 100
4222 101
4222 102
4222 103
4222 104
4223 114
4223 115
4223 116
4223 117
4223 118
4223 119
4223 120
4223 121
4223 122
4224 130
4224 131
4224 132
4224 133
4224 134
4224 135
4224 136
4224 137
4224 138
4225 95
4225 96
4225 97
4225 98
4225 99
4225 100
4225 149
4225 150
4225 151
4226 110
4226 111
4226 112
4226 113
4226 114
4226 115
4226 116
4226 117
4226 118
4227 127
4227 128
4227 129
4227 130
4227 131
4227 132
4227 133
4227 134
4228 93
4228 94
4228 95
4228 144
4228 145
4228 146
4228 147
4228 148
4228 149
4229 107
4229 108
4229 109
4229 110
4229 111
4229 112
4229 113
4229 114
4230 123
4230 124
4230 125
4230 126
4230 127
4230 128
4230 129
4230 130
4230 131
4231 140
4231 141
4231 142
4231 143
4231 144
4231 145
4231 146
4232 103
4232 104
4232 105
4232 106
4232 107
4232 108
4232 109
4232 110
4233 119
4233 120
4233 121
4233 122
4233 123
4233 124
4233 125
4233 126
4233 127
4234 136
4234 137
4234 138
4234 139
4234 140
4234 141
4234 142
4234 143
4235 100
4235 101
4235 102
4235 103
4235 104
4235 105
4235 106
4236 116
4236 117
4236 118
4236 119
4236 120
4236 121
4236 122
4236 123
4237 132
4237 133
4237 134
4237 135
4237 136
4237 137
4237 138
4237 139
4238 97
4238 98
4238 99
4238 100
4238 101
4238 151
4238 152
4239 112
4239 113
4239 114
4239 115
4239 116
4239 117
4239 118
4239 119
4240 128
4240 129
4240 130
4240 131
4240 132
4240 133
4240 134
4240 135
4240 136
4241 94
4241 95
4241 96
4241 97
4241 146
4241 147
4241 148
4241 149
4241 150
4242 109
4242 110
4242 111
4242 112
4242 113
4242 114
4242 115
4242 116
4243 125
4243 126
4243 127
4243 128
4243 129
4243 130
4243 131
4243 132
4244 142
4244 143
4244 144
4244 145
4244 146
4244 147
4245 105
4245 106
4245 107
4245 108
4245 109
4245 110
4245 111
4245 112
4246 121
4246 122
4246 123
4246 124
4246 125
4246 126
4246 127
4246 128
4246 129
4247 138
4247 139
4247 140
4247 141
4247 142
4247 143
4247 144
4248 102
4248 103
4248 104
4248 105
4248 106
4248 107
4249 117
4249 118
4249 119
4249 120
4249 121
4249 122
4249 123
4249 124
4249 125
4250 134
4250 135
4250 136
4250 137
4250 138
4250 139
4250 140
4250 141
4251 99
4251 100
4251 101
4251 102
4251 103
4252 114
4252 115
4252 116
4252 117
4252 118
4252 119
4252 120
4252 121
4253 130
4253 131
4253 132
4253 133
4253 134
4253 135
4253 136
4253 137
4254 96
4254 97
4254 98
4254 148
4254 149
4254 150
4254 151
4255 110
4255 111
4255 112
4255 113
4255 114
4255 115
4255 116
4255 117
4256 126
4256 127
4256 128
4256 129
4256 130
4256 131
4256 132
4256 133
4256 134
4257 144
4257 145
4257 146
4257 147
4257 148
4258 107
4258 108
4258 109
4258 110
4258 111
4258 112
4258 113
4259 123
4259 124
4259 125
4259 126
4259 127
4259 128
4259 129
4259 130
4260 140
4260 141
4260 142
4260 143
4260 144
4260 145
4261 104
4261 105
4261 106
4261 107
4261 108
4261 109
4262 119
4262 120
4262 121
4262 122
4262 123
4262 124
4262 125
4262 126
4263 136
4263 137
4263 138
4263 139
4263 140
4263 141
4263 142
4264 101
4264 102
4264 103
4264 104
4264 105
4265 116
4265 117
4265 118
4265 119
4265 120
4265 121
4265 122
4265 123
4266 132
4266 133
4266 134
4266 135
4266 136
4266 137
4266 138
4266 139
4267 98
4267 99
4267 100
4267 151
4267 152
4268 112
4268 113
4268 114
4268 115
4268 116
4268 117
4268 118
4268 119
4269 128
4269 129
4269 130
4269 131
4269 132
4269 133
4269 134
4269 135
4270 146
4270 147
4270 148
4270 149
4270 150
4271 109
4271 110
4271 111
4271 112
4271 113
4271 114
4271 115
4272 125
4272 126
4272 127
4272 128
4272 129
4272 130
4272 131
4272 132
4273 142
4273 143
4273 144
4273 145
4273 146
4273 147
4274 105
4274 106
4274 107
4274 108
4274 109
4274 110
4274 111
4275 121
4275 122
4275 123
4275 124
4275 125
4275 126
4275 127
4275 128
4276 138
4276 139
4276 140
4276 141
4276 142
4276 143
4277 102
4277 103
4277 104
4277 105
4277 106
4278 117
4278 118
4278 119
4278 120
4278 121
4278 122
4278 123
4278 124
4279 134
4279 135
4279 136
4279 137
4279 138
4279 139
4279 140
4280 100
4280 101
4281 114
4281 115
4281 116
4281 117
4281 118
4281 119
4281 120
4282 130
4282 131
4282 132
4282 133
4282 134
4282 135
4282 136
4282 137
4283 148
4283 149
4283 150
4283 151
4284 111
4284 112
4284 113
4284 114
4284 115
4284 116
4285 126
4285 127
4285 128
4285 129
4285 130
4285 131
4285 132
4285 133
4286 144
4286 145
4286 146
4286 147
4286 148
4287 107
4287 108
4287 109
4287 110
4287 111
4287 112
4288 123
4288 124
4288 125
4288 126
4288 127
4288 128
4288 129
4289 140
4289 141
4289 142
4289 143
4289 144
4289 145
4290 104
4290 105
4290 106
4290 107
4290 108
4291 119
4291 120
4291 121
4291 122
4291 123
4291 124
4291 125
4291 126
4292 136
4292 137
4292 138
4292 139
4292 140
4292 141
4293 102
4294 116
4294 117
4294 118
4294 119
4294 120
4294 121
4294 122
4295 132
4295 133
4295 134
4295 135
4295 136
4295 137
4295 138
4297 112
4297 113
4297 114
4297 115
4297 116
4297 117
4297 118
4298 128
4298 129
4298 130
4298 131
4298 132
4298 133
4298 134
4299 146
4299 147
4299 148
4299 149
4300 109
4300 110
4300 111
4300 112
4300 113
4301 125
4301 126
4301 127
4301 128
4301 129
4301 130
4301 131
4302 142
4302 143
4302 144
4302 145
4302 146
4303 106
4303 107
4303 108
4303 109
4304 121
4304 122
4304 123
4304 124
4304 125
4304 126
4304 127
4305 138
4305 139
4305 140
4305 141
4305 142
4305 143
4307 118
4307 119
4307 120
4307 121
4307 122
4307 123
4308 134
4308 135
4308 136
4308 137
4308 138
4308 139
4310 114
4310 115
4310 116
4310 117
4310 118
4310 119
4311 130
4311 131
4311 132
4311 133
4311 134
4311 135
4311 136
4312 149
4313 111
4313 112
4313 113
4313 114
4313 115
4314 127
4314 128
4314 129
4314 130
4314 131
4314 132
4315 144
4315 145
4315 146
4315 147
4316 109
4316 110
4317 123
4317 124
4317 125
4317 126
4317 127
4317 128
4318 140
4318 141
4318 142
4318 143
4318 144
4320 120
4320 121
4320 122
4320 123
4320 124
4321 136
4321 137
4321 138
4321 139
4321 140
4323 116
4323 117
4323 118
4323 119
4323 120
4324 132
4324 133
4324 134
4324 135
4324 136
4324 137
4326 113
4326 114
4326 115
4326 116
4327 129
4327 130
4327 131
4327 132
4327 133
4328 147
4330 125
4330 126
4330 127
4330 128
4330 129
4331 142
4331 143
4331 144
4333 122
4333 123
4333 124
4333 125
4333 126
4334 138
4334 139
4334 140
4334 141
4336 119
4336 120
4336 121
4337 135
4337 136
4337 137
4337 138
4339 116
4339 117
4340 131
4340 132
4340 133
4340 134
4343 127
4343 128
4343 129
4343 130
4346 124
4346 125
4346 126
4347 141
4347 142
4349 121
4349 122
4350 137
4350 138
4353 133
4353 134
4353 135
4356 130
4356 131
