116 260
116 261
118 258
118 259
118 260
120 257
120 258
120 259
122 255
122 256
122 257
122 258
124 254
124 255
124 256
124 257
126 252
126 253
126 254
126 255
128 251
128 252
128 253
128 254
130 250
130 251
130 252
130 253
132 248
132 249
132 250
132 251
132 252
134 247
134 248
134 249
134 250
136 246
136 247
136 248
136 249
138 244
138 245
138 246
138 247
138 248
140 243
140 244
140 245
140 246
140 247
142 242
142 243
142 244
142 245
144 241
144 242
144 243
144 244
146 239
146 240
146 241
146 242
146 243
148 238
148 239
148 240
148 241
149 266
150 237
150 238
150 239
150 240
151 264
151 265
151 266
152 236
152 237
152 238
152 239
153 263
153 264
153 265
154 234
154 235
154 236
154 237
155 261
155 262
155 263
155 264
156 233
156 234
156 235
156 236
157 260
157 261
157 262
158 232
158 233
158 234
159 258
159 259
159 260
159 261
160 231
160 232
160 233
161 257
161 258
161 259
161 260
162 230
162 231
163 255
163 256
163 257
163 258
163 259
164 229
164 230
165 254
165 255
165 256
165 257
165 258
167 253
167 254
167 255
167 256
167 257
169 251
169 252
169 253
169 254
169 255
171 250
171 251
171 252
171 253
171 254
173 249
173 250
173 251
173 252
173 253
175 247
175 248
175 249
175 250
175 251
177 246
177 247
177 248
177 249
177 250
179 245
179 246
179 247
179 248
179 249
181 243
181 244
181 245
181 246
181 247
181 248
183 242
183 243
183 244
183 245
183 246
185 241
185 242
185 243
185 244
185 245
187 239
187 240
187 241
187 242
187 243
187 244
189 238
189 239
189 240
189 241
189 242
190 267
191 237
191 238
191 239
191 240
191 241
192 265
192 266
193 236
193 237
193 238
193 239
194 264
194 265
195 235
195 236
195 237
195 238
196 262
196 263
196 264
197 233
197 234
197 235
197 236
197 237
198 261
198 262
198 263
199 232
199 233
199 234
199 235
200 259
200 260
200 261
200 262
201 231
201 232
201 233
201 234
202 258
202 259
202 260
202 261
203 230
203 231
203 232
204 256
204 257
204 258
204 259
205 229
205 230
205 231
206 255
206 256
206 257
206 258
207 228
207 229
208 253
208 254
208 255
208 256
208 257
209 227
210 252
210 253
210 254
210 255
210 256
212 251
212 252
212 253
212 254
214 249
214 250
214 251
214 252
214 253
216 248
216 249
216 250
216 251
216 252
218 247
218 248
218 249
218 250
220 245
220 246
220 247
220 248
220 249
222 244
222 245
222 246
222 247
222 248
224 243
224 244
224 245
224 246
226 242
226 243
226 244
226 245
228 240
228 241
228 242
228 243
228 244
230 239
230 240
230 241
230 242
232 238
232 239
232 240
232 241
234 237
234 238
234 239
236 236
236 237
236 238
238 234
238 235
238 236
240 233
240 234
240 235
242 232
242 233
244 231
244 232
1364 312
1366 310
1366 311
1368 309
1368 310
1370 307
1370 308
1370 309
1372 306
1372 307
1372 308
1374 305
1374 306
1374 307
1376 303
1376 304
1376 305
1376 306
1378 302
1378 303
1378 304
1378 305
1380 301
1380 302
1380 303
1382 300
1382 301
1382 302
1384 299
1384 300
1384 301
1386 297
1386 298
1386 299
1388 296
1388 297
1388 298
1390 295
1390 296
1392 295
1399 316
1399 317
1401 314
1401 315
1401 316
1403 313
1403 314
1403 315
1405 311
1405 312
1405 313
1405 314
1407 310
1407 311
1407 312
1407 313
1409 309
1409 310
1409 311
1409 312
1411 307
1411 308
1411 309
1411 310
1411 311
1413 306
1413 307
1413 308
1413 309
1413 310
1415 305
1415 306
1415 307
1415 308
1417 303
1417 304
1417 305
1417 306
1417 307
1419 302
1419 303
1419 304
1419 305
1419 306
1421 301
1421 302
1421 303
1421 304
1421 305
1423 300
1423 301
1423 302
1423 303
1425 299
1425 300
1425 301
1425 302
1427 297
1427 298
1427 299
1427 300
1427 301
1429 296
1429 297
1429 298
1429 299
1431 295
1431 296
1431 297
1431 298
1433 294
1433 295
1433 296
1433 297
1435 293
1435 294
1435 295
1437 292
1437 293
1437 294
1438 318
1439 291
1439 292
1440 316
1440 317
1440 318
1442 315
1442 316
1442 317
1444 313
1444 314
1444 315
1444 316
1446 312
1446 313
1446 314
1446 315
1448 311
1448 312
1448 313
1448 314
1450 309
1450 310
1450 311
1450 312
1450 313
1452 308
1452 309
1452 310
1452 311
1454 307
1454 308
1454 309
1454 310
1456 305
1456 306
1456 307
1456 308
1456 309
1458 304
1458 305
1458 306
1458 307
1458 308
1460 303
1460 304
1460 305
1460 306
1460 307
1462 302
1462 303
1462 304
1462 305
1464 300
1464 301
1464 302
1464 303
1464 304
1466 299
1466 300
1466 301
1466 302
1466 303
1468 298
1468 299
1468 300
1468 301
1468 302
1470 297
1470 298
1470 299
1470 300
1472 296
1472 297
1472 298
1472 299
1474 295
1474 296
1474 297
1474 298
1476 294
1476 295
1476 296
1478 293
1478 294
1478 295
1480 292
1480 293
1482 291
1483 316
1483 317
1485 315
1485 316
1487 313
1487 314
1487 315
1489 312
1489 313
1489 314
1491 310
1491 311
1491 312
1491 313
1493 309
1493 310
1493 311
1493 312
1495 308
1495 309
1495 310
1495 311
1497 306
1497 307
1497 308
1497 309
1499 305
1499 306
1499 307
1499 308
1501 304
1501 305
1501 306
1501 307
1503 303
1503 304
1503 305
1503 306
1505 301
1505 302
1505 303
1505 304
1505 305
1507 300
1507 301
1507 302
1507 303
1509 299
1509 300
1509 301
1509 302
1511 298
1511 299
1511 300
1511 301
1513 297
1513 298
1513 299
1515 296
1515 297
1515 298
1517 295
1517 296
1519 294
1519 295
1521 293
1536 310
1538 308
1538 309
1540 307
1542 306
1544 305
1546 303
1546 304
1548 302
