2380 147
2381 148
2382 149
2383 150
2383 151
2384 151
2384 152
2385 151
2385 152
2386 152
2386 153
2387 153
2387 154
2388 154
2388 155
2389 155
2389 156
2390 156
2390 157
2391 158
2421 134
2422 135
2422 136
2423 135
2423 136
2423 137
2424 136
2424 137
2424 138
2425 137
2425 138
2425 139
2426 138
2426 139
2426 140
2427 138
2427 139
2427 140
2427 141
2427 142
2427 257
2427 258
2428 139
2428 140
2428 141
2428 142
2428 143
2428 258
2428 259
2429 140
2429 141
2429 142
2429 143
2429 144
2429 259
2429 260
2430 141
2430 142
2430 143
2430 144
2430 145
2430 259
2430 260
2430 261
2431 142
2431 143
2431 144
2431 145
2431 146
2431 260
2431 261
2431 262
2432 143
2432 144
2432 145
2432 146
2432 147
2432 261
2432 262
2432 263
2432 264
2433 144
2433 145
2433 146
2433 147
2433 148
2433 262
2433 263
2433 264
2433 265
2434 144
2434 145
2434 146
2434 147
2434 148
2434 149
2434 263
2434 264
2434 265
2434 266
2435 145
2435 146
2435 147
2435 148
2435 149
2435 150
2435 264
2435 265
2435 266
2435 267
2436 146
2436 147
2436 148
2436 149
2436 150
2436 151
2436 265
2436 266
2436 267
2436 268
2437 147
2437 148
2437 149
2437 150
2437 151
2437 152
2437 266
2437 267
2437 268
2437 269
2438 148
2438 149
2438 150
2438 151
2438 152
2438 153
2438 267
2438 268
2438 269
2438 270
2439 149
2439 150
2439 151
2439 152
2439 153
2439 154
2439 268
2439 269
2439 270
2439 271
2440 150
2440 151
2440 152
2440 153
2440 154
2440 155
2440 269
2440 270
2440 271
2440 272
2441 151
2441 152
2441 153
2441 154
2441 155
2441 156
2441 270
2441 271
2441 272
2442 152
2442 153
2442 154
2442 155
2442 156
2442 157
2442 271
2442 272
2442 273
2443 153
2443 154
2443 155
2443 156
2443 157
2443 272
2443 273
2443 274
2444 154
2444 155
2444 156
2444 157
2444 158
2444 273
2444 274
2444 275
2445 155
2445 156
2445 157
2445 158
2445 159
2445 274
2445 275
2445 276
2446 156
2446 157
2446 158
2446 159
2446 160
2446 275
2446 276
2446 277
2447 157
2447 158
2447 159
2447 160
2447 161
2447 276
2447 277
2447 278
2448 158
2448 159
2448 160
2448 161
2448 162
2448 277
2448 278
2449 159
2449 160
2449 161
2449 162
2449 163
2449 278
2449 279
2450 160
2450 161
2450 162
2450 163
2450 164
2450 279
2450 280
2451 161
2451 162
2451 163
2451 164
2451 165
2452 162
2452 163
2452 164
2452 165
2452 166
2453 164
2453 165
2453 166
2454 165
2454 166
2454 167
2455 166
2455 167
2455 168
2456 167
2456 168
2456 169
2457 169
2469 128
2470 129
2470 130
2471 129
2471 130
2471 131
2472 130
2472 131
2472 132
2472 247
2472 248
2473 131
2473 132
2473 133
2473 248
2473 249
2473 250
2474 131
2474 132
2474 133
2474 134
2474 248
2474 249
2474 250
2474 251
2475 132
2475 133
2475 134
2475 135
2475 136
2475 249
2475 250
2475 251
2475 252
2476 133
2476 134
2476 135
2476 136
2476 137
2476 250
2476 251
2476 252
2476 253
2477 134
2477 135
2477 136
2477 137
2477 138
2477 251
2477 252
2477 253
2477 254
2477 255
2478 134
2478 135
2478 136
2478 137
2478 138
2478 139
2478 252
2478 253
2478 254
2478 255
2478 256
2479 135
2479 136
2479 137
2479 138
2479 139
2479 140
2479 252
2479 253
2479 254
2479 255
2479 256
2479 257
2480 136
2480 137
2480 138
2480 139
2480 140
2480 141
2480 253
2480 254
2480 255
2480 256
2480 257
2480 258
2481 137
2481 138
2481 139
2481 140
2481 141
2481 142
2481 254
2481 255
2481 256
2481 257
2481 258
2481 259
2482 138
2482 139
2482 140
2482 141
2482 142
2482 143
2482 255
2482 256
2482 257
2482 258
2482 259
2482 260
2483 139
2483 140
2483 141
2483 142
2483 143
2483 144
2483 256
2483 257
2483 258
2483 259
2483 260
2483 261
2484 140
2484 141
2484 142
2484 143
2484 144
2484 145
2484 257
2484 258
2484 259
2484 260
2484 261
2484 262
2485 141
2485 142
2485 143
2485 144
2485 145
2485 146
2485 258
2485 259
2485 260
2485 261
2485 262
2485 263
2486 142
2486 143
2486 144
2486 145
2486 146
2486 147
2486 259
2486 260
2486 261
2486 262
2486 263
2486 264
2487 142
2487 143
2487 144
2487 145
2487 146
2487 147
2487 148
2487 260
2487 261
2487 262
2487 263
2487 264
2487 265
2488 143
2488 144
2488 145
2488 146
2488 147
2488 148
2488 149
2488 261
2488 262
2488 263
2488 264
2488 265
2488 266
2489 144
2489 145
2489 146
2489 147
2489 148
2489 149
2489 150
2489 262
2489 263
2489 264
2489 265
2489 266
2489 267
2490 145
2490 146
2490 147
2490 148
2490 149
2490 150
2490 151
2490 262
2490 263
2490 264
2490 265
2490 266
2490 267
2490 268
2491 146
2491 147
2491 148
2491 149
2491 150
2491 151
2491 152
2491 263
2491 264
2491 265
2491 266
2491 267
2491 268
2491 269
2492 147
2492 148
2492 149
2492 150
2492 151
2492 152
2492 153
2492 264
2492 265
2492 266
2492 267
2492 268
2492 269
2492 270
2493 148
2493 149
2493 150
2493 151
2493 152
2493 153
2493 154
2493 265
2493 266
2493 267
2493 268
2493 269
2493 270
2493 271
2494 149
2494 150
2494 151
2494 152
2494 153
2494 154
2494 155
2494 266
2494 267
2494 268
2494 269
2494 270
2494 271
2494 272
2495 150
2495 151
2495 152
2495 153
2495 154
2495 155
2495 156
2495 267
2495 268
2495 269
2495 270
2495 271
2495 272
2495 273
2496 151
2496 152
2496 153
2496 154
2496 155
2496 156
2496 157
2496 268
2496 269
2496 270
2496 271
2496 272
2496 273
2496 274
2497 152
2497 153
2497 154
2497 155
2497 156
2497 157
2497 158
2497 269
2497 270
2497 271
2497 272
2497 273
2497 274
2497 275
2498 153
2498 154
2498 155
2498 156
2498 157
2498 158
2498 270
2498 271
2498 272
2498 273
2498 274
2498 275
2498 276
2499 154
2499 155
2499 156
2499 157
2499 158
2499 159
2499 271
2499 272
2499 273
2499 274
2499 275
2499 276
2499 277
2500 155
2500 156
2500 157
2500 158
2500 159
2500 160
2500 272
2500 273
2500 274
2500 275
2500 276
2500 277
2500 278
2501 156
2501 157
2501 158
2501 159
2501 160
2501 161
2501 273
2501 274
2501 275
2501 276
2501 277
2501 278
2501 279
2502 157
2502 158
2502 159
2502 160
2502 161
2502 162
2502 274
2502 275
2502 276
2502 277
2502 278
2502 279
2502 280
2503 158
2503 159
2503 160
2503 161
2503 162
2503 163
2503 275
2503 276
2503 277
2503 278
2503 279
2503 280
2504 159
2504 160
2504 161
2504 162
2504 163
2504 164
2504 276
2504 277
2504 278
2504 279
2504 280
2504 281
2505 160
2505 161
2505 162
2505 163
2505 164
2505 165
2505 278
2505 279
2505 280
2505 281
2505 282
2506 161
2506 162
2506 163
2506 164
2506 165
2506 166
2506 279
2506 280
2506 281
2506 282
2506 283
2507 162
2507 163
2507 164
2507 165
2507 166
2507 167
2507 280
2507 281
2507 282
2507 283
2507 284
2508 163
2508 164
2508 165
2508 166
2508 167
2508 281
2508 282
2508 283
2508 284
2509 165
2509 166
2509 167
2509 168
2509 282
2509 283
2509 284
2509 285
2510 166
2510 167
2510 168
2510 169
2510 283
2510 284
2510 285
2510 286
2511 167
2511 168
2511 169
2511 170
2511 284
2511 285
2511 286
2511 287
2512 168
2512 169
2512 170
2512 171
2512 286
2512 287
2513 169
2513 170
2513 171
2513 287
2513 288
2514 171
2514 172
2515 172
2515 173
2519 124
2520 124
2520 125
2520 126
2521 125
2521 126
2521 127
2522 126
2522 127
2522 128
2522 243
2523 126
2523 127
2523 128
2523 129
2523 243
2523 244
2524 127
2524 128
2524 129
2524 130
2524 243
2524 244
2524 245
2524 246
2525 128
2525 129
2525 130
2525 131
2525 244
2525 245
2525 246
2525 247
2526 129
2526 130
2526 131
2526 132
2526 133
2526 245
2526 246
2526 247
2526 248
2526 249
2527 130
2527 131
2527 132
2527 133
2527 134
2527 246
2527 247
2527 248
2527 249
2527 250
2528 130
2528 131
2528 132
2528 133
2528 134
2528 135
2528 246
2528 247
2528 248
2528 249
2528 250
2528 251
2529 131
2529 132
2529 133
2529 134
2529 135
2529 136
2529 247
2529 248
2529 249
2529 250
2529 251
2529 252
2530 132
2530 133
2530 134
2530 135
2530 136
2530 137
2530 248
2530 249
2530 250
2530 251
2530 252
2530 253
2531 133
2531 134
2531 135
2531 136
2531 137
2531 138
2531 249
2531 250
2531 251
2531 252
2531 253
2531 254
2532 134
2532 135
2532 136
2532 137
2532 138
2532 139
2532 250
2532 251
2532 252
2532 253
2532 254
2532 255
2533 135
2533 136
2533 137
2533 138
2533 139
2533 140
2533 251
2533 252
2533 253
2533 254
2533 255
2533 256
2533 257
2534 136
2534 137
2534 138
2534 139
2534 140
2534 141
2534 252
2534 253
2534 254
2534 255
2534 256
2534 257
2534 258
2535 136
2535 137
2535 138
2535 139
2535 140
2535 141
2535 142
2535 253
2535 254
2535 255
2535 256
2535 257
2535 258
2535 259
2536 137
2536 138
2536 139
2536 140
2536 141
2536 142
2536 143
2536 254
2536 255
2536 256
2536 257
2536 258
2536 259
2536 260
2537 138
2537 139
2537 140
2537 141
2537 142
2537 143
2537 144
2537 254
2537 255
2537 256
2537 257
2537 258
2537 259
2537 260
2537 261
2538 139
2538 140
2538 141
2538 142
2538 143
2538 144
2538 145
2538 255
2538 256
2538 257
2538 258
2538 259
2538 260
2538 261
2538 262
2539 140
2539 141
2539 142
2539 143
2539 144
2539 145
2539 146
2539 256
2539 257
2539 258
2539 259
2539 260
2539 261
2539 262
2539 263
2540 141
2540 142
2540 143
2540 144
2540 145
2540 146
2540 147
2540 257
2540 258
2540 259
2540 260
2540 261
2540 262
2540 263
2540 264
2541 142
2541 143
2541 144
2541 145
2541 146
2541 147
2541 148
2541 258
2541 259
2541 260
2541 261
2541 262
2541 263
2541 264
2541 265
2542 143
2542 144
2542 145
2542 146
2542 147
2542 148
2542 149
2542 259
2542 260
2542 261
2542 262
2542 263
2542 264
2542 265
2542 266
2543 144
2543 145
2543 146
2543 147
2543 148
2543 149
2543 150
2543 260
2543 261
2543 262
2543 263
2543 264
2543 265
2543 266
2543 267
2544 145
2544 146
2544 147
2544 148
2544 149
2544 150
2544 151
2544 261
2544 262
2544 263
2544 264
2544 265
2544 266
2544 267
2544 268
2545 146
2545 147
2545 148
2545 149
2545 150
2545 151
2545 262
2545 263
2545 264
2545 265
2545 266
2545 267
2545 268
2545 269
2546 147
2546 148
2546 149
2546 150
2546 151
2546 152
2546 263
2546 264
2546 265
2546 266
2546 267
2546 268
2546 269
2546 270
2547 148
2547 149
2547 150
2547 151
2547 152
2547 153
2547 264
2547 265
2547 266
2547 267
2547 268
2547 269
2547 270
2547 271
2548 149
2548 150
2548 151
2548 152
2548 153
2548 154
2548 265
2548 266
2548 267
2548 268
2548 269
2548 270
2548 271
2548 272
2549 150
2549 151
2549 152
2549 153
2549 154
2549 155
2549 266
2549 267
2549 268
2549 269
2549 270
2549 271
2549 272
2549 273
2550 151
2550 152
2550 153
2550 154
2550 155
2550 156
2550 267
2550 268
2550 269
2550 270
2550 271
2550 272
2550 273
2550 274
2551 152
2551 153
2551 154
2551 155
2551 156
2551 157
2551 268
2551 269
2551 270
2551 271
2551 272
2551 273
2551 274
2551 275
2552 153
2552 154
2552 155
2552 156
2552 157
2552 158
2552 269
2552 270
2552 271
2552 272
2552 273
2552 274
2552 275
2552 276
2553 154
2553 155
2553 156
2553 157
2553 158
2553 159
2553 270
2553 271
2553 272
2553 273
2553 274
2553 275
2553 276
2553 277
2554 155
2554 156
2554 157
2554 158
2554 159
2554 160
2554 271
2554 272
2554 273
2554 274
2554 275
2554 276
2554 277
2555 156
2555 157
2555 158
2555 159
2555 160
2555 161
2555 272
2555 273
2555 274
2555 275
2555 276
2555 277
2555 278
2556 157
2556 158
2556 159
2556 160
2556 161
2556 162
2556 273
2556 274
2556 275
2556 276
2556 277
2556 278
2556 279
2557 158
2557 159
2557 160
2557 161
2557 162
2557 163
2557 274
2557 275
2557 276
2557 277
2557 278
2557 279
2557 280
2558 159
2558 160
2558 161
2558 162
2558 163
2558 275
2558 276
2558 277
2558 278
2558 279
2558 280
2558 281
2559 160
2559 161
2559 162
2559 163
2559 164
2559 276
2559 277
2559 278
2559 279
2559 280
2559 281
2559 282
2560 161
2560 162
2560 163
2560 164
2560 165
2560 277
2560 278
2560 279
2560 280
2560 281
2560 282
2560 283
2561 162
2561 163
2561 164
2561 165
2561 166
2561 278
2561 279
2561 280
2561 281
2561 282
2561 283
2561 284
2562 163
2562 164
2562 165
2562 166
2562 167
2562 279
2562 280
2562 281
2562 282
2562 283
2562 284
2563 164
2563 165
2563 166
2563 167
2563 168
2563 280
2563 281
2563 282
2563 283
2563 284
2563 285
2564 165
2564 166
2564 167
2564 168
2564 169
2564 281
2564 282
2564 283
2564 284
2564 285
2564 286
2565 167
2565 168
2565 169
2565 283
2565 284
2565 285
2565 286
2565 287
2566 168
2566 169
2566 170
2566 284
2566 285
2566 286
2566 287
2566 288
2567 169
2567 170
2567 171
2567 285
2567 286
2567 287
2567 288
2568 170
2568 171
2568 172
2568 286
2568 287
2568 288
2568 289
2569 172
2569 288
2569 289
2570 121
2570 289
2570 290
2571 121
2571 122
2571 123
2572 122
2572 123
2572 124
2573 123
2573 124
2573 125
2574 123
2574 124
2574 125
2574 126
2575 124
2575 125
2575 126
2575 127
2576 125
2576 126
2576 127
2576 128
2576 241
2576 242
2577 126
2577 127
2577 128
2577 129
2577 241
2577 242
2577 243
2577 244
2578 127
2578 128
2578 129
2578 130
2578 242
2578 243
2578 244
2578 245
2579 127
2579 128
2579 129
2579 130
2579 131
2579 243
2579 244
2579 245
2579 246
2580 128
2580 129
2580 130
2580 131
2580 132
2580 244
2580 245
2580 246
2580 247
2580 248
2581 129
2581 130
2581 131
2581 132
2581 133
2581 134
2581 244
2581 245
2581 246
2581 247
2581 248
2581 249
2582 130
2582 131
2582 132
2582 133
2582 134
2582 135
2582 245
2582 246
2582 247
2582 248
2582 249
2582 250
2583 131
2583 132
2583 133
2583 134
2583 135
2583 136
2583 246
2583 247
2583 248
2583 249
2583 250
2583 251
2584 132
2584 133
2584 134
2584 135
2584 136
2584 137
2584 247
2584 248
2584 249
2584 250
2584 251
2584 252
2585 133
2585 134
2585 135
2585 136
2585 137
2585 138
2585 248
2585 249
2585 250
2585 251
2585 252
2585 253
2586 134
2586 135
2586 136
2586 137
2586 138
2586 139
2586 249
2586 250
2586 251
2586 252
2586 253
2586 254
2586 255
2587 134
2587 135
2587 136
2587 137
2587 138
2587 139
2587 250
2587 251
2587 252
2587 253
2587 254
2587 255
2587 256
2588 135
2588 136
2588 137
2588 138
2588 139
2588 140
2588 251
2588 252
2588 253
2588 254
2588 255
2588 256
2588 257
2589 136
2589 137
2589 138
2589 139
2589 140
2589 141
2589 251
2589 252
2589 253
2589 254
2589 255
2589 256
2589 257
2589 258
2590 137
2590 138
2590 139
2590 140
2590 141
2590 142
2590 252
2590 253
2590 254
2590 255
2590 256
2590 257
2590 258
2590 259
2591 138
2591 139
2591 140
2591 141
2591 142
2591 143
2591 253
2591 254
2591 255
2591 256
2591 257
2591 258
2591 259
2591 260
2592 139
2592 140
2592 141
2592 142
2592 143
2592 144
2592 254
2592 255
2592 256
2592 257
2592 258
2592 259
2592 260
2592 261
2593 140
2593 141
2593 142
2593 143
2593 144
2593 145
2593 255
2593 256
2593 257
2593 258
2593 259
2593 260
2593 261
2593 262
2594 141
2594 142
2594 143
2594 144
2594 145
2594 146
2594 256
2594 257
2594 258
2594 259
2594 260
2594 261
2594 262
2594 263
2595 142
2595 143
2595 144
2595 145
2595 146
2595 147
2595 257
2595 258
2595 259
2595 260
2595 261
2595 262
2595 263
2595 264
2596 143
2596 144
2596 145
2596 146
2596 147
2596 148
2596 258
2596 259
2596 260
2596 261
2596 262
2596 263
2596 264
2596 265
2597 144
2597 145
2597 146
2597 147
2597 148
2597 149
2597 259
2597 260
2597 261
2597 262
2597 263
2597 264
2597 265
2597 266
2598 145
2598 146
2598 147
2598 148
2598 149
2598 150
2598 260
2598 261
2598 262
2598 263
2598 264
2598 265
2598 266
2598 267
2599 146
2599 147
2599 148
2599 149
2599 150
2599 151
2599 261
2599 262
2599 263
2599 264
2599 265
2599 266
2599 267
2599 268
2600 147
2600 148
2600 149
2600 150
2600 151
2600 152
2600 262
2600 263
2600 264
2600 265
2600 266
2600 267
2600 268
2600 269
2601 148
2601 149
2601 150
2601 151
2601 152
2601 153
2601 263
2601 264
2601 265
2601 266
2601 267
2601 268
2601 269
2601 270
2602 149
2602 150
2602 151
2602 152
2602 153
2602 154
2602 264
2602 265
2602 266
2602 267
2602 268
2602 269
2602 270
2602 271
2603 150
2603 151
2603 152
2603 153
2603 154
2603 155
2603 265
2603 266
2603 267
2603 268
2603 269
2603 270
2603 271
2603 272
2604 151
2604 152
2604 153
2604 154
2604 155
2604 266
2604 267
2604 268
2604 269
2604 270
2604 271
2604 272
2604 273
2605 152
2605 153
2605 154
2605 155
2605 156
2605 267
2605 268
2605 269
2605 270
2605 271
2605 272
2605 273
2605 274
2606 153
2606 154
2606 155
2606 156
2606 157
2606 268
2606 269
2606 270
2606 271
2606 272
2606 273
2606 274
2606 275
2607 154
2607 155
2607 156
2607 157
2607 158
2607 269
2607 270
2607 271
2607 272
2607 273
2607 274
2607 275
2607 276
2608 155
2608 156
2608 157
2608 158
2608 159
2608 270
2608 271
2608 272
2608 273
2608 274
2608 275
2608 276
2608 277
2609 156
2609 157
2609 158
2609 159
2609 160
2609 271
2609 272
2609 273
2609 274
2609 275
2609 276
2609 277
2609 278
2610 157
2610 158
2610 159
2610 160
2610 161
2610 272
2610 273
2610 274
2610 275
2610 276
2610 277
2610 278
2611 158
2611 159
2611 160
2611 161
2611 162
2611 273
2611 274
2611 275
2611 276
2611 277
2611 278
2611 279
2612 159
2612 160
2612 161
2612 162
2612 274
2612 275
2612 276
2612 277
2612 278
2612 279
2612 280
2613 160
2613 161
2613 162
2613 163
2613 275
2613 276
2613 277
2613 278
2613 279
2613 280
2613 281
2614 161
2614 162
2614 163
2614 164
2614 276
2614 277
2614 278
2614 279
2614 280
2614 281
2614 282
2615 163
2615 164
2615 165
2615 277
2615 278
2615 279
2615 280
2615 281
2615 282
2615 283
2616 164
2616 165
2616 166
2616 278
2616 279
2616 280
2616 281
2616 282
2616 283
2616 284
2617 165
2617 166
2617 279
2617 280
2617 281
2617 282
2617 283
2617 284
2618 166
2618 167
2618 280
2618 281
2618 282
2618 283
2618 284
2618 285
2619 116
2619 282
2619 283
2619 284
2619 285
2619 286
2620 117
2620 118
2620 283
2620 284
2620 285
2620 286
2620 287
2621 117
2621 118
2621 119
2621 284
2621 285
2621 286
2621 287
2622 118
2622 119
2622 120
2622 285
2622 286
2622 287
2622 288
2623 119
2623 120
2623 121
2623 287
2623 288
2623 289
2624 120
2624 121
2624 122
2624 288
2624 289
2625 120
2625 121
2625 122
2625 123
2626 121
2626 122
2626 123
2626 124
2627 122
2627 123
2627 124
2627 125
2628 123
2628 124
2628 125
2628 126
2629 124
2629 125
2629 126
2629 127
2630 125
2630 126
2630 127
2630 128
2631 125
2631 126
2631 127
2631 128
2631 129
2632 126
2632 127
2632 128
2632 129
2632 130
2632 242
2632 243
2633 127
2633 128
2633 129
2633 130
2633 131
2633 243
2633 244
2634 128
2634 129
2634 130
2634 131
2634 132
2634 243
2634 244
2634 245
2634 246
2635 129
2635 130
2635 131
2635 132
2635 133
2635 244
2635 245
2635 246
2635 247
2636 130
2636 131
2636 132
2636 133
2636 134
2636 245
2636 246
2636 247
2636 248
2637 131
2637 132
2637 133
2637 134
2637 135
2637 246
2637 247
2637 248
2637 249
2638 132
2638 133
2638 134
2638 135
2638 136
2638 246
2638 247
2638 248
2638 249
2638 250
2638 251
2639 133
2639 134
2639 135
2639 136
2639 137
2639 247
2639 248
2639 249
2639 250
2639 251
2639 252
2640 134
2640 135
2640 136
2640 137
2640 138
2640 248
2640 249
2640 250
2640 251
2640 252
2640 253
2641 135
2641 136
2641 137
2641 138
2641 139
2641 249
2641 250
2641 251
2641 252
2641 253
2641 254
2642 136
2642 137
2642 138
2642 139
2642 140
2642 250
2642 251
2642 252
2642 253
2642 254
2642 255
2643 137
2643 138
2643 139
2643 140
2643 141
2643 251
2643 252
2643 253
2643 254
2643 255
2643 256
2644 137
2644 138
2644 139
2644 140
2644 141
2644 142
2644 252
2644 253
2644 254
2644 255
2644 256
2644 257
2645 138
2645 139
2645 140
2645 141
2645 142
2645 143
2645 253
2645 254
2645 255
2645 256
2645 257
2645 258
2646 139
2646 140
2646 141
2646 142
2646 143
2646 144
2646 254
2646 255
2646 256
2646 257
2646 258
2646 259
2647 140
2647 141
2647 142
2647 143
2647 144
2647 145
2647 254
2647 255
2647 256
2647 257
2647 258
2647 259
2647 260
2648 141
2648 142
2648 143
2648 144
2648 145
2648 255
2648 256
2648 257
2648 258
2648 259
2648 260
2648 261
2648 262
2649 142
2649 143
2649 144
2649 145
2649 146
2649 256
2649 257
2649 258
2649 259
2649 260
2649 261
2649 262
2649 263
2650 143
2650 144
2650 145
2650 146
2650 147
2650 257
2650 258
2650 259
2650 260
2650 261
2650 262
2650 263
2650 264
2651 144
2651 145
2651 146
2651 147
2651 148
2651 258
2651 259
2651 260
2651 261
2651 262
2651 263
2651 264
2651 265
2652 145
2652 146
2652 147
2652 148
2652 149
2652 259
2652 260
2652 261
2652 262
2652 263
2652 264
2652 265
2652 266
2653 146
2653 147
2653 148
2653 149
2653 150
2653 260
2653 261
2653 262
2653 263
2653 264
2653 265
2653 266
2653 267
2654 147
2654 148
2654 149
2654 150
2654 151
2654 261
2654 262
2654 263
2654 264
2654 265
2654 266
2654 267
2654 268
2655 149
2655 150
2655 151
2655 152
2655 262
2655 263
2655 264
2655 265
2655 266
2655 267
2655 268
2655 269
2656 150
2656 151
2656 152
2656 263
2656 264
2656 265
2656 266
2656 267
2656 268
2656 269
2656 270
2657 151
2657 152
2657 153
2657 264
2657 265
2657 266
2657 267
2657 268
2657 269
2657 270
2658 152
2658 153
2658 154
2658 265
2658 266
2658 267
2658 268
2658 269
2658 270
2658 271
2659 153
2659 154
2659 155
2659 266
2659 267
2659 268
2659 269
2659 270
2659 271
2659 272
2660 154
2660 155
2660 156
2660 267
2660 268
2660 269
2660 270
2660 271
2660 272
2660 273
2661 155
2661 156
2661 268
2661 269
2661 270
2661 271
2661 272
2661 273
2661 274
2662 157
2662 269
2662 270
2662 271
2662 272
2662 273
2662 274
2662 275
2663 270
2663 271
2663 272
2663 273
2663 274
2663 275
2663 276
2664 271
2664 272
2664 273
2664 274
2664 275
2664 276
2664 277
2665 272
2665 273
2665 274
2665 275
2665 276
2665 277
2665 278
2666 109
2666 110
2666 273
2666 274
2666 275
2666 276
2666 277
2666 278
2666 279
2667 110
2667 111
2667 274
2667 275
2667 276
2667 277
2667 278
2667 279
2667 280
2668 111
2668 112
2668 276
2668 277
2668 278
2668 279
2668 280
2669 111
2669 112
2669 113
2669 277
2669 278
2669 279
2669 280
2669 281
2670 112
2670 113
2670 114
2670 115
2670 278
2670 279
2670 280
2670 281
2670 282
2671 113
2671 114
2671 115
2671 116
2671 279
2671 280
2671 281
2671 282
2671 283
2672 114
2672 115
2672 116
2672 117
2672 280
2672 281
2672 282
2672 283
2672 284
2673 115
2673 116
2673 117
2673 118
2673 281
2673 282
2673 283
2673 284
2674 115
2674 116
2674 117
2674 118
2674 119
2674 282
2674 283
2674 284
2674 285
2675 116
2675 117
2675 118
2675 119
2675 120
2675 284
2675 285
2675 286
2676 117
2676 118
2676 119
2676 120
2676 121
2676 285
2676 286
2677 118
2677 119
2677 120
2677 121
2677 122
2678 119
2678 120
2678 121
2678 122
2678 123
2679 120
2679 121
2679 122
2679 123
2679 124
2680 121
2680 122
2680 123
2680 124
2680 125
2681 122
2681 123
2681 124
2681 125
2681 126
2682 123
2682 124
2682 125
2682 126
2682 127
2683 123
2683 124
2683 125
2683 126
2683 127
2683 128
2684 124
2684 125
2684 126
2684 127
2684 128
2685 125
2685 126
2685 127
2685 128
2685 129
2686 126
2686 127
2686 128
2686 129
2686 130
2687 127
2687 128
2687 129
2687 130
2687 131
2688 128
2688 129
2688 130
2688 131
2688 132
2689 129
2689 130
2689 131
2689 132
2689 133
2690 130
2690 131
2690 132
2690 133
2690 134
2691 131
2691 132
2691 133
2691 134
2691 135
2692 132
2692 133
2692 134
2692 135
2692 136
2692 247
2693 133
2693 134
2693 135
2693 136
2693 137
2693 248
2693 249
2694 134
2694 135
2694 136
2694 137
2694 248
2694 249
2694 250
2695 135
2695 136
2695 137
2695 138
2695 249
2695 250
2695 251
2696 136
2696 137
2696 138
2696 139
2696 250
2696 251
2696 252
2696 253
2697 137
2697 138
2697 139
2697 140
2697 251
2697 252
2697 253
2697 254
2698 138
2698 139
2698 140
2698 141
2698 252
2698 253
2698 254
2698 255
2699 139
2699 140
2699 141
2699 142
2699 252
2699 253
2699 254
2699 255
2699 256
2700 140
2700 141
2700 142
2700 253
2700 254
2700 255
2700 256
2700 257
2701 142
2701 143
2701 254
2701 255
2701 256
2701 257
2701 258
2702 143
2702 144
2702 255
2702 256
2702 257
2702 258
2702 259
2703 144
2703 145
2703 256
2703 257
2703 258
2703 259
2703 260
2704 257
2704 258
2704 259
2704 260
2704 261
2705 258
2705 259
2705 260
2705 261
2705 262
2706 259
2706 260
2706 261
2706 262
2706 263
2707 260
2707 261
2707 262
2707 263
2707 264
2708 261
2708 262
2708 263
2708 264
2708 265
2709 99
2709 262
2709 263
2709 264
2709 265
2709 266
2710 99
2710 100
2710 101
2710 263
2710 264
2710 265
2710 266
2710 267
2711 100
2711 101
2711 102
2711 264
2711 265
2711 266
2711 267
2711 268
2712 101
2712 102
2712 103
2712 265
2712 266
2712 267
2712 268
2712 269
2713 101
2713 102
2713 103
2713 104
2713 266
2713 267
2713 268
2713 269
2713 270
2714 102
2714 103
2714 104
2714 105
2714 267
2714 268
2714 269
2714 270
2714 271
2715 103
2715 104
2715 105
2715 106
2715 268
2715 269
2715 270
2715 271
2715 272
2716 104
2716 105
2716 106
2716 107
2716 269
2716 270
2716 271
2716 272
2716 273
2717 105
2717 106
2717 107
2717 108
2717 109
2717 270
2717 271
2717 272
2717 273
2717 274
2718 105
2718 106
2718 107
2718 108
2718 109
2718 110
2718 271
2718 272
2718 273
2718 274
2718 275
2719 106
2719 107
2719 108
2719 109
2719 110
2719 111
2719 272
2719 273
2719 274
2719 275
2719 276
2720 107
2720 108
2720 109
2720 110
2720 111
2720 112
2720 273
2720 274
2720 275
2720 276
2721 108
2721 109
2721 110
2721 111
2721 112
2721 113
2721 274
2721 275
2721 276
2721 277
2722 109
2722 110
2722 111
2722 112
2722 113
2722 114
2722 276
2722 277
2722 278
2723 110
2723 111
2723 112
2723 113
2723 114
2723 115
2723 277
2723 278
2723 279
2724 111
2724 112
2724 113
2724 114
2724 115
2724 116
2724 278
2724 279
2725 112
2725 113
2725 114
2725 115
2725 116
2725 117
2725 280
2726 113
2726 114
2726 115
2726 116
2726 117
2726 118
2727 114
2727 115
2727 116
2727 117
2727 118
2728 115
2728 116
2728 117
2728 118
2728 119
2729 116
2729 117
2729 118
2729 119
2729 120
2730 117
2730 118
2730 119
2730 120
2730 121
2731 117
2731 118
2731 119
2731 120
2731 121
2731 122
2732 118
2732 119
2732 120
2732 121
2732 122
2732 123
2733 119
2733 120
2733 121
2733 122
2733 123
2733 124
2734 120
2734 121
2734 122
2734 123
2734 124
2734 125
2735 121
2735 122
2735 123
2735 124
2735 125
2735 126
2736 122
2736 123
2736 124
2736 125
2736 126
2736 127
2737 123
2737 124
2737 125
2737 126
2737 127
2737 128
2738 124
2738 125
2738 126
2738 127
2738 128
2739 125
2739 126
2739 127
2739 128
2739 129
2740 126
2740 127
2740 128
2740 129
2740 130
2741 128
2741 129
2741 130
2741 131
2742 129
2742 130
2742 131
2742 132
2743 130
2743 131
2743 132
2743 133
2744 131
2744 132
2744 133
2745 132
2745 133
2745 134
2746 133
2746 134
2746 135
2747 134
2747 135
2747 136
2748 135
2748 136
2752 88
2753 88
2753 89
2753 90
2754 89
2754 90
2754 91
2755 90
2755 91
2755 92
2755 93
2756 90
2756 91
2756 92
2756 93
2756 94
2757 91
2757 92
2757 93
2757 94
2757 95
2758 92
2758 93
2758 94
2758 95
2758 96
2759 93
2759 94
2759 95
2759 96
2759 97
2760 93
2760 94
2760 95
2760 96
2760 97
2760 98
2761 94
2761 95
2761 96
2761 97
2761 98
2761 99
2762 95
2762 96
2762 97
2762 98
2762 99
2762 100
2763 96
2763 97
2763 98
2763 99
2763 100
2763 101
2764 97
2764 98
2764 99
2764 100
2764 101
2764 102
2765 98
2765 99
2765 100
2765 101
2765 102
2765 103
2765 104
2766 99
2766 100
2766 101
2766 102
2766 103
2766 104
2766 105
2767 100
2767 101
2767 102
2767 103
2767 104
2767 105
2767 106
2768 101
2768 102
2768 103
2768 104
2768 105
2768 106
2768 107
2769 101
2769 102
2769 103
2769 104
2769 105
2769 106
2769 107
2769 108
2770 102
2770 103
2770 104
2770 105
2770 106
2770 107
2770 108
2770 109
2771 103
2771 104
2771 105
2771 106
2771 107
2771 108
2771 109
2771 110
2772 104
2772 105
2772 106
2772 107
2772 108
2772 109
2772 110
2772 111
2773 105
2773 106
2773 107
2773 108
2773 109
2773 110
2773 111
2774 106
2774 107
2774 108
2774 109
2774 110
2774 111
2774 112
2775 107
2775 108
2775 109
2775 110
2775 111
2775 112
2775 113
2776 108
2776 109
2776 110
2776 111
2776 112
2776 113
2776 114
2777 109
2777 110
2777 111
2777 112
2777 113
2777 114
2777 115
2778 110
2778 111
2778 112
2778 113
2778 114
2778 115
2778 116
2779 111
2779 112
2779 113
2779 114
2779 115
2779 116
2779 117
2780 112
2780 113
2780 114
2780 115
2780 116
2780 117
2780 118
2781 113
2781 114
2781 115
2781 116
2781 117
2781 118
2781 119
2782 114
2782 115
2782 116
2782 117
2782 118
2782 119
2782 120
2783 115
2783 116
2783 117
2783 118
2783 119
2783 120
2783 121
2784 116
2784 117
2784 118
2784 119
2784 120
2784 121
2784 122
2785 117
2785 118
2785 119
2785 120
2785 121
2785 122
2786 118
2786 119
2786 120
2786 121
2786 122
2786 123
2787 119
2787 120
2787 121
2787 122
2787 123
2787 124
2788 120
2788 121
2788 122
2788 123
2788 124
2788 125
2789 121
2789 122
2789 123
2789 124
2789 125
2789 126
2790 122
2790 123
2790 124
2790 125
2790 126
2790 127
2791 123
2791 124
2791 125
2791 126
2791 127
2792 125
2792 126
2792 127
2792 128
2793 126
2793 127
2793 128
2793 129
2794 127
2794 128
2794 129
2794 130
2795 128
2795 129
2795 130
2796 129
2796 130
2796 131
2797 131
2797 132
2798 79
2798 80
2798 132
2799 80
2799 81
2799 82
2800 80
2800 81
2800 82
2800 83
2801 81
2801 82
2801 83
2801 84
2801 85
2802 82
2802 83
2802 84
2802 85
2802 86
2803 82
2803 83
2803 84
2803 85
2803 86
2803 87
2804 83
2804 84
2804 85
2804 86
2804 87
2804 88
2805 84
2805 85
2805 86
2805 87
2805 88
2805 89
2806 85
2806 86
2806 87
2806 88
2806 89
2806 90
2806 91
2807 86
2807 87
2807 88
2807 89
2807 90
2807 91
2807 92
2808 86
2808 87
2808 88
2808 89
2808 90
2808 91
2808 92
2808 93
2809 87
2809 88
2809 89
2809 90
2809 91
2809 92
2809 93
2809 94
2810 88
2810 89
2810 90
2810 91
2810 92
2810 93
2810 94
2810 95
2811 89
2811 90
2811 91
2811 92
2811 93
2811 94
2811 95
2811 96
2812 90
2812 91
2812 92
2812 93
2812 94
2812 95
2812 96
2812 97
2813 91
2813 92
2813 93
2813 94
2813 95
2813 96
2813 97
2813 98
2814 92
2814 93
2814 94
2814 95
2814 96
2814 97
2814 98
2814 99
2815 93
2815 94
2815 95
2815 96
2815 97
2815 98
2815 99
2815 100
2816 94
2816 95
2816 96
2816 97
2816 98
2816 99
2816 100
2816 101
2817 95
2817 96
2817 97
2817 98
2817 99
2817 100
2817 101
2817 102
2818 96
2818 97
2818 98
2818 99
2818 100
2818 101
2818 102
2818 103
2819 97
2819 98
2819 99
2819 100
2819 101
2819 102
2819 103
2819 104
2820 97
2820 98
2820 99
2820 100
2820 101
2820 102
2820 103
2820 104
2820 105
2821 98
2821 99
2821 100
2821 101
2821 102
2821 103
2821 104
2821 105
2821 106
2822 99
2822 100
2822 101
2822 102
2822 103
2822 104
2822 105
2822 106
2822 107
2823 100
2823 101
2823 102
2823 103
2823 104
2823 105
2823 106
2823 107
2823 108
2824 101
2824 102
2824 103
2824 104
2824 105
2824 106
2824 107
2824 108
2824 109
2825 102
2825 103
2825 104
2825 105
2825 106
2825 107
2825 108
2825 109
2825 110
2826 103
2826 104
2826 105
2826 106
2826 107
2826 108
2826 109
2826 110
2826 111
2827 104
2827 105
2827 106
2827 107
2827 108
2827 109
2827 110
2827 111
2827 112
2828 105
2828 106
2828 107
2828 108
2828 109
2828 110
2828 111
2828 112
2828 113
2829 106
2829 107
2829 108
2829 109
2829 110
2829 111
2829 112
2829 113
2829 114
2830 107
2830 108
2830 109
2830 110
2830 111
2830 112
2830 113
2830 114
2830 115
2831 108
2831 109
2831 110
2831 111
2831 112
2831 113
2831 114
2831 115
2831 116
2832 109
2832 110
2832 111
2832 112
2832 113
2832 114
2832 115
2832 116
2833 110
2833 111
2833 112
2833 113
2833 114
2833 115
2833 116
2833 117
2834 112
2834 113
2834 114
2834 115
2834 116
2834 117
2834 118
2835 113
2835 114
2835 115
2835 116
2835 117
2835 118
2835 119
2836 114
2836 115
2836 116
2836 117
2836 118
2836 119
2836 120
2837 115
2837 116
2837 117
2837 118
2837 119
2837 120
2837 121
2838 116
2838 117
2838 118
2838 119
2838 120
2838 121
2838 122
2839 117
2839 118
2839 119
2839 120
2839 121
2839 122
2840 118
2840 119
2840 120
2840 121
2840 122
2840 123
2841 119
2841 120
2841 121
2841 122
2841 123
2841 124
2842 120
2842 121
2842 122
2842 123
2842 124
2842 125
2843 121
2843 122
2843 123
2843 124
2843 125
2843 126
2844 123
2844 124
2844 125
2844 126
2845 124
2845 125
2845 126
2845 127
2846 73
2846 125
2846 126
2846 127
2846 128
2847 73
2847 74
2847 75
2847 126
2847 127
2847 128
2848 74
2848 75
2848 76
2848 77
2848 128
2848 129
2849 74
2849 75
2849 76
2849 77
2849 78
2850 75
2850 76
2850 77
2850 78
2850 79
2851 76
2851 77
2851 78
2851 79
2851 80
2851 81
2852 76
2852 77
2852 78
2852 79
2852 80
2852 81
2852 82
2853 77
2853 78
2853 79
2853 80
2853 81
2853 82
2853 83
2854 78
2854 79
2854 80
2854 81
2854 82
2854 83
2854 84
2855 79
2855 80
2855 81
2855 82
2855 83
2855 84
2855 85
2856 80
2856 81
2856 82
2856 83
2856 84
2856 85
2856 86
2856 87
2857 81
2857 82
2857 83
2857 84
2857 85
2857 86
2857 87
2857 88
2858 81
2858 82
2858 83
2858 84
2858 85
2858 86
2858 87
2858 88
2858 89
2859 82
2859 83
2859 84
2859 85
2859 86
2859 87
2859 88
2859 89
2859 90
2860 83
2860 84
2860 85
2860 86
2860 87
2860 88
2860 89
2860 90
2860 91
2861 84
2861 85
2861 86
2861 87
2861 88
2861 89
2861 90
2861 91
2861 92
2862 85
2862 86
2862 87
2862 88
2862 89
2862 90
2862 91
2862 92
2862 93
2863 86
2863 87
2863 88
2863 89
2863 90
2863 91
2863 92
2863 93
2863 94
2864 87
2864 88
2864 89
2864 90
2864 91
2864 92
2864 93
2864 94
2864 95
2865 88
2865 89
2865 90
2865 91
2865 92
2865 93
2865 94
2865 95
2865 96
2866 89
2866 90
2866 91
2866 92
2866 93
2866 94
2866 95
2866 96
2866 97
2867 90
2867 91
2867 92
2867 93
2867 94
2867 95
2867 96
2867 97
2867 98
2868 91
2868 92
2868 93
2868 94
2868 95
2868 96
2868 97
2868 98
2868 99
2869 92
2869 93
2869 94
2869 95
2869 96
2869 97
2869 98
2869 99
2869 100
2870 93
2870 94
2870 95
2870 96
2870 97
2870 98
2870 99
2870 100
2870 101
2871 94
2871 95
2871 96
2871 97
2871 98
2871 99
2871 100
2871 101
2871 102
2872 95
2872 96
2872 97
2872 98
2872 99
2872 100
2872 101
2872 102
2872 103
2873 96
2873 97
2873 98
2873 99
2873 100
2873 101
2873 102
2873 103
2873 104
2874 97
2874 98
2874 99
2874 100
2874 101
2874 102
2874 103
2874 104
2874 105
2875 98
2875 99
2875 100
2875 101
2875 102
2875 103
2875 104
2875 105
2875 106
2876 99
2876 100
2876 101
2876 102
2876 103
2876 104
2876 105
2876 106
2876 107
2877 100
2877 101
2877 102
2877 103
2877 104
2877 105
2877 106
2877 107
2877 108
2878 101
2878 102
2878 103
2878 104
2878 105
2878 106
2878 107
2878 108
2878 109
2879 102
2879 103
2879 104
2879 105
2879 106
2879 107
2879 108
2879 109
2879 110
2880 103
2880 104
2880 105
2880 106
2880 107
2880 108
2880 109
2880 110
2880 111
2881 104
2881 105
2881 106
2881 107
2881 108
2881 109
2881 110
2881 111
2881 112
2882 105
2882 106
2882 107
2882 108
2882 109
2882 110
2882 111
2882 112
2882 113
2883 106
2883 107
2883 108
2883 109
2883 110
2883 111
2883 112
2883 113
2883 114
2884 107
2884 108
2884 109
2884 110
2884 111
2884 112
2884 113
2884 114
2884 115
2885 108
2885 109
2885 110
2885 111
2885 112
2885 113
2885 114
2885 115
2886 109
2886 110
2886 111
2886 112
2886 113
2886 114
2886 115
2886 116
2887 110
2887 111
2887 112
2887 113
2887 114
2887 115
2887 116
2887 117
2888 111
2888 112
2888 113
2888 114
2888 115
2888 116
2888 117
2888 118
2889 112
2889 113
2889 114
2889 115
2889 116
2889 117
2889 118
2889 119
2890 113
2890 114
2890 115
2890 116
2890 117
2890 118
2890 119
2890 120
2891 115
2891 116
2891 117
2891 118
2891 119
2891 120
2891 121
2892 116
2892 117
2892 118
2892 119
2892 120
2892 121
2893 117
2893 118
2893 119
2893 120
2893 121
2893 122
2894 118
2894 119
2894 120
2894 121
2894 122
2894 123
2895 119
2895 120
2895 121
2895 122
2895 123
2895 124
2896 121
2896 122
2896 123
2896 124
2897 69
2897 122
2897 123
2897 124
2897 125
2898 69
2898 70
2898 71
2898 123
2898 124
2898 125
2899 70
2899 71
2899 72
2899 73
2899 125
2899 126
2900 70
2900 71
2900 72
2900 73
2900 74
2901 71
2901 72
2901 73
2901 74
2901 75
2901 76
2902 72
2902 73
2902 74
2902 75
2902 76
2902 77
2903 73
2903 74
2903 75
2903 76
2903 77
2903 78
2904 73
2904 74
2904 75
2904 76
2904 77
2904 78
2904 79
2904 80
2905 74
2905 75
2905 76
2905 77
2905 78
2905 79
2905 80
2905 81
2906 75
2906 76
2906 77
2906 78
2906 79
2906 80
2906 81
2906 82
2907 76
2907 77
2907 78
2907 79
2907 80
2907 81
2907 82
2907 83
2908 77
2908 78
2908 79
2908 80
2908 81
2908 82
2908 83
2908 84
2909 78
2909 79
2909 80
2909 81
2909 82
2909 83
2909 84
2909 85
2910 79
2910 80
2910 81
2910 82
2910 83
2910 84
2910 85
2910 86
2911 79
2911 80
2911 81
2911 82
2911 83
2911 84
2911 85
2911 86
2911 87
2911 88
2912 80
2912 81
2912 82
2912 83
2912 84
2912 85
2912 86
2912 87
2912 88
2912 89
2913 81
2913 82
2913 83
2913 84
2913 85
2913 86
2913 87
2913 88
2913 89
2913 90
2914 82
2914 83
2914 84
2914 85
2914 86
2914 87
2914 88
2914 89
2914 90
2914 91
2915 83
2915 84
2915 85
2915 86
2915 87
2915 88
2915 89
2915 90
2915 91
2915 92
2916 84
2916 85
2916 86
2916 87
2916 88
2916 89
2916 90
2916 91
2916 92
2916 93
2917 85
2917 86
2917 87
2917 88
2917 89
2917 90
2917 91
2917 92
2917 93
2917 94
2918 86
2918 87
2918 88
2918 89
2918 90
2918 91
2918 92
2918 93
2918 94
2918 95
2919 87
2919 88
2919 89
2919 90
2919 91
2919 92
2919 93
2919 94
2919 95
2919 96
2920 88
2920 89
2920 90
2920 91
2920 92
2920 93
2920 94
2920 95
2920 96
2920 97
2921 89
2921 90
2921 91
2921 92
2921 93
2921 94
2921 95
2921 96
2921 97
2921 98
2922 90
2922 91
2922 92
2922 93
2922 94
2922 95
2922 96
2922 97
2922 98
2922 99
2923 91
2923 92
2923 93
2923 94
2923 95
2923 96
2923 97
2923 98
2923 99
2923 100
2924 92
2924 93
2924 94
2924 95
2924 96
2924 97
2924 98
2924 99
2924 100
2924 101
2925 93
2925 94
2925 95
2925 96
2925 97
2925 98
2925 99
2925 100
2925 101
2925 102
2926 94
2926 95
2926 96
2926 97
2926 98
2926 99
2926 100
2926 101
2926 102
2926 103
2927 95
2927 96
2927 97
2927 98
2927 99
2927 100
2927 101
2927 102
2927 103
2927 104
2928 96
2928 97
2928 98
2928 99
2928 100
2928 101
2928 102
2928 103
2928 104
2928 105
2929 97
2929 98
2929 99
2929 100
2929 101
2929 102
2929 103
2929 104
2929 105
2929 106
2930 98
2930 99
2930 100
2930 101
2930 102
2930 103
2930 104
2930 105
2930 106
2930 107
2931 99
2931 100
2931 101
2931 102
2931 103
2931 104
2931 105
2931 106
2931 107
2931 108
2932 100
2932 101
2932 102
2932 103
2932 104
2932 105
2932 106
2932 107
2932 108
2932 109
2933 101
2933 102
2933 103
2933 104
2933 105
2933 106
2933 107
2933 108
2933 109
2933 110
2934 102
2934 103
2934 104
2934 105
2934 106
2934 107
2934 108
2934 109
2934 110
2934 111
2935 103
2935 104
2935 105
2935 106
2935 107
2935 108
2935 109
2935 110
2935 111
2936 105
2936 106
2936 107
2936 108
2936 109
2936 110
2936 111
2936 112
2937 106
2937 107
2937 108
2937 109
2937 110
2937 111
2937 112
2937 113
2938 107
2938 108
2938 109
2938 110
2938 111
2938 112
2938 113
2938 114
2939 108
2939 109
2939 110
2939 111
2939 112
2939 113
2939 114
2939 115
2940 109
2940 110
2940 111
2940 112
2940 113
2940 114
2940 115
2940 116
2941 110
2941 111
2941 112
2941 113
2941 114
2941 115
2941 116
2941 117
2942 111
2942 112
2942 113
2942 114
2942 115
2942 116
2942 117
2943 112
2943 113
2943 114
2943 115
2943 116
2943 117
2943 118
2944 114
2944 115
2944 116
2944 117
2944 118
2944 119
2945 115
2945 116
2945 117
2945 118
2945 119
2945 120
2946 116
2946 117
2946 118
2946 119
2946 120
2947 118
2947 119
2947 120
2947 121
2948 119
2948 120
2948 121
2949 121
2949 122
2951 68
2951 69
2952 68
2952 69
2952 70
2952 71
2953 69
2953 70
2953 71
2953 72
2954 69
2954 70
2954 71
2954 72
2954 73
2954 74
2955 70
2955 71
2955 72
2955 73
2955 74
2955 75
2956 71
2956 72
2956 73
2956 74
2956 75
2956 76
2957 72
2957 73
2957 74
2957 75
2957 76
2957 77
2957 78
2958 72
2958 73
2958 74
2958 75
2958 76
2958 77
2958 78
2958 79
2959 73
2959 74
2959 75
2959 76
2959 77
2959 78
2959 79
2959 80
2960 74
2960 75
2960 76
2960 77
2960 78
2960 79
2960 80
2960 81
2961 75
2961 76
2961 77
2961 78
2961 79
2961 80
2961 81
2961 82
2962 76
2962 77
2962 78
2962 79
2962 80
2962 81
2962 82
2962 83
2963 77
2963 78
2963 79
2963 80
2963 81
2963 82
2963 83
2963 84
2963 85
2964 78
2964 79
2964 80
2964 81
2964 82
2964 83
2964 84
2964 85
2964 86
2965 79
2965 80
2965 81
2965 82
2965 83
2965 84
2965 85
2965 86
2965 87
2966 80
2966 81
2966 82
2966 83
2966 84
2966 85
2966 86
2966 87
2966 88
2967 81
2967 82
2967 83
2967 84
2967 85
2967 86
2967 87
2967 88
2967 89
2968 82
2968 83
2968 84
2968 85
2968 86
2968 87
2968 88
2968 89
2968 90
2969 83
2969 84
2969 85
2969 86
2969 87
2969 88
2969 89
2969 90
2969 91
2970 84
2970 85
2970 86
2970 87
2970 88
2970 89
2970 90
2970 91
2970 92
2971 84
2971 85
2971 86
2971 87
2971 88
2971 89
2971 90
2971 91
2971 92
2971 93
2972 85
2972 86
2972 87
2972 88
2972 89
2972 90
2972 91
2972 92
2972 93
2972 94
2973 86
2973 87
2973 88
2973 89
2973 90
2973 91
2973 92
2973 93
2973 94
2973 95
2974 87
2974 88
2974 89
2974 90
2974 91
2974 92
2974 93
2974 94
2974 95
2974 96
2975 88
2975 89
2975 90
2975 91
2975 92
2975 93
2975 94
2975 95
2975 96
2975 97
2976 90
2976 91
2976 92
2976 93
2976 94
2976 95
2976 96
2976 97
2976 98
2977 91
2977 92
2977 93
2977 94
2977 95
2977 96
2977 97
2977 98
2977 99
2978 92
2978 93
2978 94
2978 95
2978 96
2978 97
2978 98
2978 99
2978 100
2979 93
2979 94
2979 95
2979 96
2979 97
2979 98
2979 99
2979 100
2979 101
2980 94
2980 95
2980 96
2980 97
2980 98
2980 99
2980 100
2980 101
2980 102
2981 95
2981 96
2981 97
2981 98
2981 99
2981 100
2981 101
2981 102
2981 103
2982 96
2982 97
2982 98
2982 99
2982 100
2982 101
2982 102
2982 103
2982 104
2983 97
2983 98
2983 99
2983 100
2983 101
2983 102
2983 103
2983 104
2983 105
2984 98
2984 99
2984 100
2984 101
2984 102
2984 103
2984 104
2984 105
2984 106
2985 99
2985 100
2985 101
2985 102
2985 103
2985 104
2985 105
2985 106
2985 107
2986 100
2986 101
2986 102
2986 103
2986 104
2986 105
2986 106
2986 107
2986 108
2987 101
2987 102
2987 103
2987 104
2987 105
2987 106
2987 107
2987 108
2987 109
2988 102
2988 103
2988 104
2988 105
2988 106
2988 107
2988 108
2988 109
2988 110
2989 104
2989 105
2989 106
2989 107
2989 108
2989 109
2989 110
2990 105
2990 106
2990 107
2990 108
2990 109
2990 110
2990 111
2991 106
2991 107
2991 108
2991 109
2991 110
2991 111
2991 112
2992 107
2992 108
2992 109
2992 110
2992 111
2992 112
2992 113
2993 108
2993 109
2993 110
2993 111
2993 112
2993 113
2993 114
2994 109
2994 110
2994 111
2994 112
2994 113
2994 114
2995 111
2995 112
2995 113
2995 114
2995 115
2996 112
2996 113
2996 114
2996 115
2996 116
2997 114
2997 115
2997 116
2998 115
2998 116
2998 117
3008 70
3008 71
3009 70
3009 71
3009 72
3009 73
3010 71
3010 72
3010 73
3010 74
3011 72
3011 73
3011 74
3011 75
3011 76
3012 72
3012 73
3012 74
3012 75
3012 76
3012 77
3013 73
3013 74
3013 75
3013 76
3013 77
3013 78
3014 74
3014 75
3014 76
3014 77
3014 78
3014 79
3014 80
3015 75
3015 76
3015 77
3015 78
3015 79
3015 80
3015 81
3016 76
3016 77
3016 78
3016 79
3016 80
3016 81
3016 82
3017 77
3017 78
3017 79
3017 80
3017 81
3017 82
3017 83
3018 78
3018 79
3018 80
3018 81
3018 82
3018 83
3018 84
3019 79
3019 80
3019 81
3019 82
3019 83
3019 84
3019 85
3020 80
3020 81
3020 82
3020 83
3020 84
3020 85
3020 86
3021 81
3021 82
3021 83
3021 84
3021 85
3021 86
3021 87
3021 88
3022 81
3022 82
3022 83
3022 84
3022 85
3022 86
3022 87
3022 88
3022 89
3023 82
3023 83
3023 84
3023 85
3023 86
3023 87
3023 88
3023 89
3023 90
3024 83
3024 84
3024 85
3024 86
3024 87
3024 88
3024 89
3024 90
3024 91
3025 84
3025 85
3025 86
3025 87
3025 88
3025 89
3025 90
3025 91
3025 92
3026 85
3026 86
3026 87
3026 88
3026 89
3026 90
3026 91
3026 92
3026 93
3027 87
3027 88
3027 89
3027 90
3027 91
3027 92
3027 93
3027 94
3028 88
3028 89
3028 90
3028 91
3028 92
3028 93
3028 94
3028 95
3029 89
3029 90
3029 91
3029 92
3029 93
3029 94
3029 95
3029 96
3030 90
3030 91
3030 92
3030 93
3030 94
3030 95
3030 96
3030 97
3031 91
3031 92
3031 93
3031 94
3031 95
3031 96
3031 97
3031 98
3032 92
3032 93
3032 94
3032 95
3032 96
3032 97
3032 98
3032 99
3033 93
3033 94
3033 95
3033 96
3033 97
3033 98
3033 99
3033 100
3034 94
3034 95
3034 96
3034 97
3034 98
3034 99
3034 100
3034 101
3035 95
3035 96
3035 97
3035 98
3035 99
3035 100
3035 101
3035 102
3036 96
3036 97
3036 98
3036 99
3036 100
3036 101
3036 102
3037 97
3037 98
3037 99
3037 100
3037 101
3037 102
3037 103
3038 98
3038 99
3038 100
3038 101
3038 102
3038 103
3038 104
3039 100
3039 101
3039 102
3039 103
3039 104
3039 105
3040 101
3040 102
3040 103
3040 104
3040 105
3040 106
3041 102
3041 103
3041 104
3041 105
3041 106
3041 107
3042 103
3042 104
3042 105
3042 106
3042 107
3043 105
3043 106
3043 107
3043 108
3044 106
3044 107
3044 108
3044 109
3045 108
3045 109
3070 78
3071 79
3071 80
3072 79
3072 80
3072 81
3073 80
3073 81
3073 82
3074 81
3074 82
3074 83
3075 82
3075 83
3075 84
3075 85
3076 83
3076 84
3076 85
3076 86
3077 84
3077 85
3077 86
3077 87
3078 85
3078 86
3078 87
3078 88
3079 86
3079 87
3079 88
3079 89
3080 87
3080 88
3080 89
3080 90
3081 88
3081 89
3081 90
3081 91
3082 89
3082 90
3082 91
3082 92
3083 90
3083 91
3083 92
3083 93
3084 91
3084 92
3084 93
3084 94
3085 93
3085 94
3085 95
3086 94
3086 95
3087 95
3087 96
