1 39
1 40
1 41
2 50
2 51
6 40
6 41
1857 264
1862 263
1862 264
1862 265
1867 263
1867 264
1867 265
1867 266
1872 263
1872 264
1872 265
1872 266
1876 254
1877 263
1877 264
1877 265
1877 266
1881 254
1881 255
1882 263
1882 264
1882 265
1882 266
1882 267
1886 253
1886 254
1886 255
1887 263
1887 264
1887 265
1887 266
1887 267
1888 276
1891 253
1891 254
1891 255
1891 256
1892 263
1892 264
1892 265
1892 266
1892 267
1893 276
1893 277
1896 253
1896 254
1896 255
1896 256
1897 263
1897 264
1897 265
1897 266
1897 267
1897 268
1898 275
1898 276
1898 277
1901 253
1901 254
1901 255
1901 256
1901 257
1902 263
1902 264
1902 265
1902 266
1902 267
1902 268
1903 275
1903 276
1903 277
1903 278
1906 253
1906 254
1906 255
1906 256
1906 257
1907 263
1907 264
1907 265
1907 266
1907 267
1907 268
1908 276
1908 277
1908 278
1911 253
1911 254
1911 255
1911 256
1911 257
1912 264
1912 265
1912 266
1912 267
1912 268
1912 269
1913 276
1913 277
1913 278
1916 253
1916 254
1916 255
1916 256
1916 257
1916 258
1917 264
1917 265
1917 266
1917 267
1917 268
1917 269
1918 276
1918 277
1918 278
1918 279
1921 253
1921 254
1921 255
1921 256
1921 257
1921 258
1922 264
1922 265
1922 266
1922 267
1922 268
1922 269
1923 276
1923 277
1923 278
1923 279
1926 254
1926 255
1926 256
1926 257
1926 258
1927 264
1927 265
1927 266
1927 267
1927 268
1927 269
1928 276
1928 277
1928 278
1928 279
1931 254
1931 255
1931 256
1931 257
1931 258
1932 264
1932 265
1932 266
1932 267
1932 268
1932 269
1932 270
1933 276
1933 277
1933 278
1933 279
1936 254
1936 255
1936 256
1936 257
1936 258
1936 259
1937 264
1937 265
1937 266
1937 267
1937 268
1937 269
1937 270
1938 276
1938 277
1938 278
1938 279
1938 280
1941 254
1941 255
1941 256
1941 257
1941 258
1941 259
1942 264
1942 265
1942 266
1942 267
1942 268
1942 269
1942 270
1943 276
1943 277
1943 278
1943 279
1943 280
1946 254
1946 255
1946 256
1946 257
1946 258
1946 259
1947 265
1947 266
1947 267
1947 268
1947 269
1947 270
1948 277
1948 278
1948 279
1948 280
1951 254
1951 255
1951 256
1951 257
1951 258
1951 259
1952 265
1952 266
1952 267
1952 268
1952 269
1952 270
1952 271
1953 277
1953 278
1953 279
1953 280
1956 254
1956 255
1956 256
1956 257
1956 258
1956 259
1956 260
1957 265
1957 266
1957 267
1957 268
1957 269
1957 270
1957 271
1958 277
1958 278
1958 279
1958 280
1961 255
1961 256
1961 257
1961 258
1961 259
1961 260
1962 265
1962 266
1962 267
1962 268
1962 269
1962 270
1962 271
1963 277
1963 278
1963 279
1963 280
1963 281
1966 255
1966 256
1966 257
1966 258
1966 259
1966 260
1967 265
1967 266
1967 267
1967 268
1967 269
1967 270
1967 271
1968 278
1968 279
1968 280
1968 281
1971 255
1971 256
1971 257
1971 258
1971 259
1971 260
1972 265
1972 266
1972 267
1972 268
1972 269
1972 270
1972 271
1973 278
1973 279
1973 280
1973 281
1976 255
1976 256
1976 257
1976 258
1976 259
1976 260
1977 266
1977 267
1977 268
1977 269
1977 270
1977 271
1977 272
1978 278
1978 279
1978 280
1978 281
1981 255
1981 256
1981 257
1981 258
1981 259
1981 260
1981 261
1982 266
1982 267
1982 268
1982 269
1982 270
1982 271
1982 272
1983 278
1983 279
1983 280
1983 281
1986 255
1986 256
1986 257
1986 258
1986 259
1986 260
1986 261
1987 266
1987 267
1987 268
1987 269
1987 270
1987 271
1987 272
1988 279
1988 280
1988 281
1988 282
1991 256
1991 257
1991 258
1991 259
1991 260
1991 261
1992 266
1992 267
1992 268
1992 269
1992 270
1992 271
1992 272
1993 279
1993 280
1993 281
1993 282
1996 256
1996 257
1996 258
1996 259
1996 260
1996 261
1997 267
1997 268
1997 269
1997 270
1997 271
1997 272
1998 279
1998 280
1998 281
1998 282
2001 256
2001 257
2001 258
2001 259
2001 260
2001 261
2002 267
2002 268
2002 269
2002 270
2002 271
2002 272
2002 273
2003 280
2003 281
2003 282
2006 256
2006 257
2006 258
2006 259
2006 260
2006 261
2006 262
2007 267
2007 268
2007 269
2007 270
2007 271
2007 272
2007 273
2008 280
2008 281
2008 282
2011 257
2011 258
2011 259
2011 260
2011 261
2011 262
2012 267
2012 268
2012 269
2012 270
2012 271
2012 272
2012 273
2013 280
2013 281
2013 282
2016 257
2016 258
2016 259
2016 260
2016 261
2016 262
2017 268
2017 269
2017 270
2017 271
2017 272
2017 273
2018 281
2018 282
2021 257
2021 258
2021 259
2021 260
2021 261
2021 262
2022 268
2022 269
2022 270
2022 271
2022 272
2022 273
2023 282
2026 257
2026 258
2026 259
2026 260
2026 261
2026 262
2027 268
2027 269
2027 270
2027 271
2027 272
2027 273
2031 258
2031 259
2031 260
2031 261
2031 262
2032 269
2032 270
2032 271
2032 272
2032 273
2036 258
2036 259
2036 260
2036 261
2036 262
2036 263
2037 269
2037 270
2037 271
2037 272
2037 273
2037 274
2041 258
2041 259
2041 260
2041 261
2041 262
2041 263
2042 269
2042 270
2042 271
2042 272
2042 273
2042 274
2046 259
2046 260
2046 261
2046 262
2046 263
2047 270
2047 271
2047 272
2047 273
2047 274
2051 259
2051 260
2051 261
2051 262
2051 263
2052 270
2052 271
2052 272
2052 273
2052 274
2056 259
2056 260
2056 261
2056 262
2056 263
2057 270
2057 271
2057 272
2057 273
2057 274
2061 260
2061 261
2061 262
2061 263
2062 271
2062 272
2062 273
2062 274
2066 260
2066 261
2066 262
2066 263
2067 271
2067 272
2067 273
2067 274
2071 261
2071 262
2071 263
2072 272
2072 273
2072 274
2076 261
2076 262
2076 263
2077 272
2077 273
2077 274
2081 262
2081 263
2082 273
2082 274
2086 262
2086 263
4016 43
4016 44
4020 32
4020 33
4021 43
4021 44
4021 45
4025 32
4025 33
4025 34
4026 43
4026 44
4026 45
4030 32
4030 33
4030 34
4030 35
4031 43
4031 44
4031 45
4031 46
4032 55
4032 56
4035 32
4035 33
4035 34
4035 35
4036 43
4036 44
4036 45
4036 46
4036 47
4037 55
4037 56
4037 57
4040 32
4040 33
4040 34
4040 35
4040 36
4041 43
4041 44
4041 45
4041 46
4041 47
4042 55
4042 56
4042 57
4044 23
4045 32
4045 33
4045 34
4045 35
4045 36
4046 43
4046 44
4046 45
4046 46
4046 47
4046 48
4047 55
4047 56
4047 57
4047 58
4049 22
4049 23
4049 24
4050 32
4050 33
4050 34
4050 35
4050 36
4050 37
4051 43
4051 44
4051 45
4051 46
4051 47
4051 48
4052 55
4052 56
4052 57
4052 58
4054 22
4054 23
4054 24
4054 25
4055 32
4055 33
4055 34
4055 35
4055 36
4055 37
4056 43
4056 44
4056 45
4056 46
4056 47
4056 48
4057 55
4057 56
4057 57
4057 58
4057 59
4059 22
4059 23
4059 24
4059 25
4060 32
4060 33
4060 34
4060 35
4060 36
4060 37
4060 38
4061 43
4061 44
4061 45
4061 46
4061 47
4061 48
4061 49
4062 55
4062 56
4062 57
4062 58
4062 59
4064 22
4064 23
4064 24
4064 25
4064 26
4065 32
4065 33
4065 34
4065 35
4065 36
4065 37
4065 38
4066 43
4066 44
4066 45
4066 46
4066 47
4066 48
4066 49
4067 55
4067 56
4067 57
4067 58
4067 59
4067 60
4069 22
4069 23
4069 24
4069 25
4069 26
4070 32
4070 33
4070 34
4070 35
4070 36
4070 37
4070 38
4070 39
4071 43
4071 44
4071 45
4071 46
4071 47
4071 48
4071 49
4071 50
4072 55
4072 56
4072 57
4072 58
4072 59
4072 60
4074 22
4074 23
4074 24
4074 25
4074 26
4074 27
4075 32
4075 33
4075 34
4075 35
4075 36
4075 37
4075 38
4075 39
4076 43
4076 44
4076 45
4076 46
4076 47
4076 48
4076 49
4076 50
4077 55
4077 56
4077 57
4077 58
4077 59
4077 60
4079 23
4079 24
4079 25
4079 26
4079 27
4080 33
4080 34
4080 35
4080 36
4080 37
4080 38
4080 39
4081 44
4081 45
4081 46
4081 47
4081 48
4081 49
4081 50
4082 55
4082 56
4082 57
4082 58
4082 59
4082 60
4082 61
4084 23
4084 24
4084 25
4084 26
4084 27
4084 28
4085 33
4085 34
4085 35
4085 36
4085 37
4085 38
4085 39
4085 40
4086 44
4086 45
4086 46
4086 47
4086 48
4086 49
4086 50
4086 51
4087 56
4087 57
4087 58
4087 59
4087 60
4087 61
4089 23
4089 24
4089 25
4089 26
4089 27
4089 28
4090 33
4090 34
4090 35
4090 36
4090 37
4090 38
4090 39
4090 40
4091 44
4091 45
4091 46
4091 47
4091 48
4091 49
4091 50
4091 51
4092 56
4092 57
4092 58
4092 59
4092 60
4092 61
4092 62
4094 23
4094 24
4094 25
4094 26
4094 27
4094 28
4094 29
4095 33
4095 34
4095 35
4095 36
4095 37
4095 38
4095 39
4095 40
4096 44
4096 45
4096 46
4096 47
4096 48
4096 49
4096 50
4096 51
4097 56
4097 57
4097 58
4097 59
4097 60
4097 61
4097 62
4098 15
4098 70
4099 23
4099 24
4099 25
4099 26
4099 27
4099 28
4099 29
4100 33
4100 34
4100 35
4100 36
4100 37
4100 38
4100 39
4100 40
4100 41
4101 44
4101 45
4101 46
4101 47
4101 48
4101 49
4101 50
4101 51
4101 52
4102 56
4102 57
4102 58
4102 59
4102 60
4102 61
4102 62
4103 15
4103 16
4103 70
4104 23
4104 24
4104 25
4104 26
4104 27
4104 28
4104 29
4105 33
4105 34
4105 35
4105 36
4105 37
4105 38
4105 39
4105 40
4105 41
4106 44
4106 45
4106 46
4106 47
4106 48
4106 49
4106 50
4106 51
4106 52
4107 56
4107 57
4107 58
4107 59
4107 60
4107 61
4107 62
4108 15
4108 16
4108 17
4108 70
4108 71
4109 23
4109 24
4109 25
4109 26
4109 27
4109 28
4109 29
4109 30
4110 34
4110 35
4110 36
4110 37
4110 38
4110 39
4110 40
4110 41
4111 45
4111 46
4111 47
4111 48
4111 49
4111 50
4111 51
4111 52
4112 56
4112 57
4112 58
4112 59
4112 60
4112 61
4112 62
4112 63
4113 15
4113 16
4113 17
4113 70
4113 71
4114 24
4114 25
4114 26
4114 27
4114 28
4114 29
4114 30
4115 34
4115 35
4115 36
4115 37
4115 38
4115 39
4115 40
4115 41
4115 42
4116 45
4116 46
4116 47
4116 48
4116 49
4116 50
4116 51
4116 52
4116 53
4117 57
4117 58
4117 59
4117 60
4117 61
4117 62
4117 63
4118 15
4118 16
4118 17
4118 18
4118 70
4118 71
4118 72
4119 24
4119 25
4119 26
4119 27
4119 28
4119 29
4119 30
4119 31
4120 34
4120 35
4120 36
4120 37
4120 38
4120 39
4120 40
4120 41
4120 42
4121 45
4121 46
4121 47
4121 48
4121 49
4121 50
4121 51
4121 52
4121 53
4122 57
4122 58
4122 59
4122 60
4122 61
4122 62
4122 63
4123 15
4123 16
4123 17
4123 18
4123 70
4123 71
4123 72
4124 24
4124 25
4124 26
4124 27
4124 28
4124 29
4124 30
4124 31
4125 34
4125 35
4125 36
4125 37
4125 38
4125 39
4125 40
4125 41
4125 42
4126 45
4126 46
4126 47
4126 48
4126 49
4126 50
4126 51
4126 52
4126 53
4127 57
4127 58
4127 59
4127 60
4127 61
4127 62
4127 63
4127 64
4128 15
4128 16
4128 17
4128 18
4128 19
4128 71
4128 72
4129 24
4129 25
4129 26
4129 27
4129 28
4129 29
4129 30
4129 31
4130 34
4130 35
4130 36
4130 37
4130 38
4130 39
4130 40
4130 41
4130 42
4130 43
4131 45
4131 46
4131 47
4131 48
4131 49
4131 50
4131 51
4131 52
4131 53
4131 54
4132 57
4132 58
4132 59
4132 60
4132 61
4132 62
4132 63
4132 64
4133 15
4133 16
4133 17
4133 18
4133 19
4133 71
4133 72
4133 73
4134 24
4134 25
4134 26
4134 27
4134 28
4134 29
4134 30
4134 31
4134 32
4135 35
4135 36
4135 37
4135 38
4135 39
4135 40
4135 41
4135 42
4135 43
4136 46
4136 47
4136 48
4136 49
4136 50
4136 51
4136 52
4136 53
4136 54
4137 57
4137 58
4137 59
4137 60
4137 61
4137 62
4137 63
4137 64
4138 15
4138 16
4138 17
4138 18
4138 19
4138 71
4138 72
4138 73
4139 24
4139 25
4139 26
4139 27
4139 28
4139 29
4139 30
4139 31
4139 32
4140 35
4140 36
4140 37
4140 38
4140 39
4140 40
4140 41
4140 42
4140 43
4141 46
4141 47
4141 48
4141 49
4141 50
4141 51
4141 52
4141 53
4141 54
4142 58
4142 59
4142 60
4142 61
4142 62
4142 63
4142 64
4143 15
4143 16
4143 17
4143 18
4143 19
4143 20
4143 71
4143 72
4143 73
4144 25
4144 26
4144 27
4144 28
4144 29
4144 30
4144 31
4144 32
4145 35
4145 36
4145 37
4145 38
4145 39
4145 40
4145 41
4145 42
4145 43
4145 44
4146 46
4146 47
4146 48
4146 49
4146 50
4146 51
4146 52
4146 53
4146 54
4147 58
4147 59
4147 60
4147 61
4147 62
4147 63
4147 64
4147 65
4148 16
4148 17
4148 18
4148 19
4148 20
4148 71
4148 72
4148 73
4149 25
4149 26
4149 27
4149 28
4149 29
4149 30
4149 31
4149 32
4149 33
4150 35
4150 36
4150 37
4150 38
4150 39
4150 40
4150 41
4150 42
4150 43
4150 44
4151 46
4151 47
4151 48
4151 49
4151 50
4151 51
4151 52
4151 53
4151 54
4151 55
4152 58
4152 59
4152 60
4152 61
4152 62
4152 63
4152 64
4152 65
4153 16
4153 17
4153 18
4153 19
4153 20
4153 21
4153 72
4153 73
4154 25
4154 26
4154 27
4154 28
4154 29
4154 30
4154 31
4154 32
4154 33
4155 35
4155 36
4155 37
4155 38
4155 39
4155 40
4155 41
4155 42
4155 43
4155 44
4156 46
4156 47
4156 48
4156 49
4156 50
4156 51
4156 52
4156 53
4156 54
4156 55
4157 58
4157 59
4157 60
4157 61
4157 62
4157 63
4157 64
4157 65
4158 16
4158 17
4158 18
4158 19
4158 20
4158 21
4158 72
4158 73
4158 74
4159 25
4159 26
4159 27
4159 28
4159 29
4159 30
4159 31
4159 32
4159 33
4160 36
4160 37
4160 38
4160 39
4160 40
4160 41
4160 42
4160 43
4160 44
4160 45
4161 47
4161 48
4161 49
4161 50
4161 51
4161 52
4161 53
4161 54
4161 55
4162 58
4162 59
4162 60
4162 61
4162 62
4162 63
4162 64
4162 65
4163 16
4163 17
4163 18
4163 19
4163 20
4163 21
4163 72
4163 73
4163 74
4164 26
4164 27
4164 28
4164 29
4164 30
4164 31
4164 32
4164 33
4165 36
4165 37
4165 38
4165 39
4165 40
4165 41
4165 42
4165 43
4165 44
4165 45
4166 47
4166 48
4166 49
4166 50
4166 51
4166 52
4166 53
4166 54
4166 55
4166 56
4167 59
4167 60
4167 61
4167 62
4167 63
4167 64
4167 65
4167 66
4168 16
4168 17
4168 18
4168 19
4168 20
4168 21
4168 22
4168 73
4168 74
4169 26
4169 27
4169 28
4169 29
4169 30
4169 31
4169 32
4169 33
4169 34
4170 36
4170 37
4170 38
4170 39
4170 40
4170 41
4170 42
4170 43
4170 44
4170 45
4171 47
4171 48
4171 49
4171 50
4171 51
4171 52
4171 53
4171 54
4171 55
4171 56
4172 59
4172 60
4172 61
4172 62
4172 63
4172 64
4172 65
4172 66
4173 16
4173 17
4173 18
4173 19
4173 20
4173 21
4173 22
4173 73
4173 74
4174 26
4174 27
4174 28
4174 29
4174 30
4174 31
4174 32
4174 33
4174 34
4175 36
4175 37
4175 38
4175 39
4175 40
4175 41
4175 42
4175 43
4175 44
4175 45
4176 47
4176 48
4176 49
4176 50
4176 51
4176 52
4176 53
4176 54
4176 55
4176 56
4177 59
4177 60
4177 61
4177 62
4177 63
4177 64
4177 65
4177 66
4178 17
4178 18
4178 19
4178 20
4178 21
4178 22
4178 73
4178 74
4179 26
4179 27
4179 28
4179 29
4179 30
4179 31
4179 32
4179 33
4179 34
4180 37
4180 38
4180 39
4180 40
4180 41
4180 42
4180 43
4180 44
4180 45
4180 46
4181 48
4181 49
4181 50
4181 51
4181 52
4181 53
4181 54
4181 55
4181 56
4182 59
4182 60
4182 61
4182 62
4182 63
4182 64
4182 65
4182 66
4183 17
4183 18
4183 19
4183 20
4183 21
4183 22
4183 23
4183 74
4184 26
4184 27
4184 28
4184 29
4184 30
4184 31
4184 32
4184 33
4184 34
4184 35
4185 37
4185 38
4185 39
4185 40
4185 41
4185 42
4185 43
4185 44
4185 45
4185 46
4186 48
4186 49
4186 50
4186 51
4186 52
4186 53
4186 54
4186 55
4186 56
4186 57
4187 60
4187 61
4187 62
4187 63
4187 64
4187 65
4187 66
4187 67
4188 17
4188 18
4188 19
4188 20
4188 21
4188 22
4188 23
4189 27
4189 28
4189 29
4189 30
4189 31
4189 32
4189 33
4189 34
4189 35
4190 37
4190 38
4190 39
4190 40
4190 41
4190 42
4190 43
4190 44
4190 45
4190 46
4191 48
4191 49
4191 50
4191 51
4191 52
4191 53
4191 54
4191 55
4191 56
4191 57
4192 60
4192 61
4192 62
4192 63
4192 64
4192 65
4192 66
4192 67
4193 17
4193 18
4193 19
4193 20
4193 21
4193 22
4193 23
4194 27
4194 28
4194 29
4194 30
4194 31
4194 32
4194 33
4194 34
4194 35
4195 37
4195 38
4195 39
4195 40
4195 41
4195 42
4195 43
4195 44
4195 45
4195 46
4196 48
4196 49
4196 50
4196 51
4196 52
4196 53
4196 54
4196 55
4196 56
4196 57
4197 60
4197 61
4197 62
4197 63
4197 64
4197 65
4197 66
4197 67
4198 18
4198 19
4198 20
4198 21
4198 22
4198 23
4198 24
4199 27
4199 28
4199 29
4199 30
4199 31
4199 32
4199 33
4199 34
4199 35
4200 38
4200 39
4200 40
4200 41
4200 42
4200 43
4200 44
4200 45
4200 46
4200 47
4201 49
4201 50
4201 51
4201 52
4201 53
4201 54
4201 55
4201 56
4201 57
4202 60
4202 61
4202 62
4202 63
4202 64
4202 65
4202 66
4202 67
4203 18
4203 19
4203 20
4203 21
4203 22
4203 23
4203 24
4204 27
4204 28
4204 29
4204 30
4204 31
4204 32
4204 33
4204 34
4204 35
4204 36
4205 38
4205 39
4205 40
4205 41
4205 42
4205 43
4205 44
4205 45
4205 46
4205 47
4206 49
4206 50
4206 51
4206 52
4206 53
4206 54
4206 55
4206 56
4206 57
4207 61
4207 62
4207 63
4207 64
4207 65
4207 66
4207 67
4208 18
4208 19
4208 20
4208 21
4208 22
4208 23
4208 24
4209 28
4209 29
4209 30
4209 31
4209 32
4209 33
4209 34
4209 35
4209 36
4210 38
4210 39
4210 40
4210 41
4210 42
4210 43
4210 44
4210 45
4210 46
4210 47
4211 49
4211 50
4211 51
4211 52
4211 53
4211 54
4211 55
4211 56
4211 57
4211 58
4212 61
4212 62
4212 63
4212 64
4212 65
4212 66
4212 67
4213 18
4213 19
4213 20
4213 21
4213 22
4213 23
4213 24
4214 28
4214 29
4214 30
4214 31
4214 32
4214 33
4214 34
4214 35
4214 36
4215 38
4215 39
4215 40
4215 41
4215 42
4215 43
4215 44
4215 45
4215 46
4215 47
4216 49
4216 50
4216 51
4216 52
4216 53
4216 54
4216 55
4216 56
4216 57
4216 58
4217 61
4217 62
4217 63
4217 64
4217 65
4217 66
4217 67
4217 68
4218 18
4218 19
4218 20
4218 21
4218 22
4218 23
4218 24
4218 25
4219 28
4219 29
4219 30
4219 31
4219 32
4219 33
4219 34
4219 35
4219 36
4220 39
4220 40
4220 41
4220 42
4220 43
4220 44
4220 45
4220 46
4220 47
4220 48
4221 50
4221 51
4221 52
4221 53
4221 54
4221 55
4221 56
4221 57
4221 58
4222 62
4222 63
4222 64
4222 65
4222 66
4222 67
4222 68
4223 19
4223 20
4223 21
4223 22
4223 23
4223 24
4223 25
4224 28
4224 29
4224 30
4224 31
4224 32
4224 33
4224 34
4224 35
4224 36
4224 37
4225 39
4225 40
4225 41
4225 42
4225 43
4225 44
4225 45
4225 46
4225 47
4225 48
4226 50
4226 51
4226 52
4226 53
4226 54
4226 55
4226 56
4226 57
4226 58
4227 62
4227 63
4227 64
4227 65
4227 66
4227 67
4227 68
4228 19
4228 20
4228 21
4228 22
4228 23
4228 24
4228 25
4229 29
4229 30
4229 31
4229 32
4229 33
4229 34
4229 35
4229 36
4229 37
4230 39
4230 40
4230 41
4230 42
4230 43
4230 44
4230 45
4230 46
4230 47
4230 48
4231 50
4231 51
4231 52
4231 53
4231 54
4231 55
4231 56
4231 57
4231 58
4232 62
4232 63
4232 64
4232 65
4232 66
4232 67
4232 68
4233 19
4233 20
4233 21
4233 22
4233 23
4233 24
4233 25
4234 29
4234 30
4234 31
4234 32
4234 33
4234 34
4234 35
4234 36
4234 37
4235 39
4235 40
4235 41
4235 42
4235 43
4235 44
4235 45
4235 46
4235 47
4235 48
4236 50
4236 51
4236 52
4236 53
4236 54
4236 55
4236 56
4236 57
4236 58
4236 59
4237 62
4237 63
4237 64
4237 65
4237 66
4237 67
4237 68
4238 19
4238 20
4238 21
4238 22
4238 23
4238 24
4238 25
4238 26
4239 29
4239 30
4239 31
4239 32
4239 33
4239 34
4239 35
4239 36
4239 37
4240 40
4240 41
4240 42
4240 43
4240 44
4240 45
4240 46
4240 47
4240 48
4241 51
4241 52
4241 53
4241 54
4241 55
4241 56
4241 57
4241 58
4241 59
4242 63
4242 64
4242 65
4242 66
4242 67
4242 68
4243 20
4243 21
4243 22
4243 23
4243 24
4243 25
4243 26
4244 29
4244 30
4244 31
4244 32
4244 33
4244 34
4244 35
4244 36
4244 37
4244 38
4245 40
4245 41
4245 42
4245 43
4245 44
4245 45
4245 46
4245 47
4245 48
4245 49
4246 51
4246 52
4246 53
4246 54
4246 55
4246 56
4246 57
4246 58
4246 59
4247 63
4247 64
4247 65
4247 66
4247 67
4247 68
4248 20
4248 21
4248 22
4248 23
4248 24
4248 25
4248 26
4249 30
4249 31
4249 32
4249 33
4249 34
4249 35
4249 36
4249 37
4249 38
4250 40
4250 41
4250 42
4250 43
4250 44
4250 45
4250 46
4250 47
4250 48
4250 49
4251 51
4251 52
4251 53
4251 54
4251 55
4251 56
4251 57
4251 58
4251 59
4252 63
4252 64
4252 65
4252 66
4252 67
4252 68
4252 69
4253 20
4253 21
4253 22
4253 23
4253 24
4253 25
4253 26
4254 30
4254 31
4254 32
4254 33
4254 34
4254 35
4254 36
4254 37
4254 38
4255 40
4255 41
4255 42
4255 43
4255 44
4255 45
4255 46
4255 47
4255 48
4255 49
4256 52
4256 53
4256 54
4256 55
4256 56
4256 57
4256 58
4256 59
4257 64
4257 65
4257 66
4257 67
4257 68
4257 69
4258 21
4258 22
4258 23
4258 24
4258 25
4258 26
4258 27
4259 30
4259 31
4259 32
4259 33
4259 34
4259 35
4259 36
4259 37
4259 38
4260 41
4260 42
4260 43
4260 44
4260 45
4260 46
4260 47
4260 48
4260 49
4261 52
4261 53
4261 54
4261 55
4261 56
4261 57
4261 58
4261 59
4262 64
4262 65
4262 66
4262 67
4262 68
4262 69
4263 21
4263 22
4263 23
4263 24
4263 25
4263 26
4263 27
4264 30
4264 31
4264 32
4264 33
4264 34
4264 35
4264 36
4264 37
4264 38
4264 39
4265 41
4265 42
4265 43
4265 44
4265 45
4265 46
4265 47
4265 48
4265 49
4266 52
4266 53
4266 54
4266 55
4266 56
4266 57
4266 58
4266 59
4266 60
4267 64
4267 65
4267 66
4267 67
4267 68
4267 69
4268 21
4268 22
4268 23
4268 24
4268 25
4268 26
4268 27
4269 31
4269 32
4269 33
4269 34
4269 35
4269 36
4269 37
4269 38
4269 39
4270 41
4270 42
4270 43
4270 44
4270 45
4270 46
4270 47
4270 48
4270 49
4270 50
4271 52
4271 53
4271 54
4271 55
4271 56
4271 57
4271 58
4271 59
4271 60
4272 65
4272 66
4272 67
4272 68
4272 69
4273 21
4273 22
4273 23
4273 24
4273 25
4273 26
4273 27
4274 31
4274 32
4274 33
4274 34
4274 35
4274 36
4274 37
4274 38
4274 39
4275 42
4275 43
4275 44
4275 45
4275 46
4275 47
4275 48
4275 49
4275 50
4276 53
4276 54
4276 55
4276 56
4276 57
4276 58
4276 59
4276 60
4277 65
4277 66
4277 67
4277 68
4277 69
4278 22
4278 23
4278 24
4278 25
4278 26
4278 27
4278 28
4279 31
4279 32
4279 33
4279 34
4279 35
4279 36
4279 37
4279 38
4279 39
4280 42
4280 43
4280 44
4280 45
4280 46
4280 47
4280 48
4280 49
4280 50
4281 53
4281 54
4281 55
4281 56
4281 57
4281 58
4281 59
4281 60
4282 66
4282 67
4282 68
4282 69
4283 22
4283 23
4283 24
4283 25
4283 26
4283 27
4283 28
4284 32
4284 33
4284 34
4284 35
4284 36
4284 37
4284 38
4284 39
4285 42
4285 43
4285 44
4285 45
4285 46
4285 47
4285 48
4285 49
4285 50
4286 53
4286 54
4286 55
4286 56
4286 57
4286 58
4286 59
4286 60
4287 66
4287 67
4287 68
4287 69
4288 22
4288 23
4288 24
4288 25
4288 26
4288 27
4288 28
4289 32
4289 33
4289 34
4289 35
4289 36
4289 37
4289 38
4289 39
4290 42
4290 43
4290 44
4290 45
4290 46
4290 47
4290 48
4290 49
4290 50
4291 54
4291 55
4291 56
4291 57
4291 58
4291 59
4291 60
4292 67
4292 68
4292 69
4293 23
4293 24
4293 25
4293 26
4293 27
4293 28
4294 32
4294 33
4294 34
4294 35
4294 36
4294 37
4294 38
4294 39
4294 40
4295 43
4295 44
4295 45
4295 46
4295 47
4295 48
4295 49
4295 50
4296 54
4296 55
4296 56
4296 57
4296 58
4296 59
4296 60
4297 67
4297 68
4297 69
4298 23
4298 24
4298 25
4298 26
4298 27
4298 28
4299 33
4299 34
4299 35
4299 36
4299 37
4299 38
4299 39
4299 40
4300 43
4300 44
4300 45
4300 46
4300 47
4300 48
4300 49
4300 50
4300 51
4301 54
4301 55
4301 56
4301 57
4301 58
4301 59
4301 60
4301 61
4302 68
4303 23
4303 24
4303 25
4303 26
4303 27
4303 28
4303 29
4304 33
4304 34
4304 35
4304 36
4304 37
4304 38
4304 39
4304 40
4305 43
4305 44
4305 45
4305 46
4305 47
4305 48
4305 49
4305 50
4305 51
4306 55
4306 56
4306 57
4306 58
4306 59
4306 60
4306 61
4308 24
4308 25
4308 26
4308 27
4308 28
4308 29
4309 33
4309 34
4309 35
4309 36
4309 37
4309 38
4309 39
4309 40
4310 44
4310 45
4310 46
4310 47
4310 48
4310 49
4310 50
4310 51
4311 55
4311 56
4311 57
4311 58
4311 59
4311 60
4311 61
4313 24
4313 25
4313 26
4313 27
4313 28
4313 29
4314 33
4314 34
4314 35
4314 36
4314 37
4314 38
4314 39
4314 40
4315 44
4315 45
4315 46
4315 47
4315 48
4315 49
4315 50
4315 51
4316 55
4316 56
4316 57
4316 58
4316 59
4316 60
4316 61
4318 24
4318 25
4318 26
4318 27
4318 28
4318 29
4319 34
4319 35
4319 36
4319 37
4319 38
4319 39
4319 40
4320 44
4320 45
4320 46
4320 47
4320 48
4320 49
4320 50
4320 51
4321 56
4321 57
4321 58
4321 59
4321 60
4321 61
4323 25
4323 26
4323 27
4323 28
4323 29
4324 34
4324 35
4324 36
4324 37
4324 38
4324 39
4324 40
4324 41
4325 45
4325 46
4325 47
4325 48
4325 49
4325 50
4325 51
4326 56
4326 57
4326 58
4326 59
4326 60
4326 61
4328 25
4328 26
4328 27
4328 28
4328 29
4329 34
4329 35
4329 36
4329 37
4329 38
4329 39
4329 40
4329 41
4330 45
4330 46
4330 47
4330 48
4330 49
4330 50
4330 51
4331 57
4331 58
4331 59
4331 60
4331 61
4333 25
4333 26
4333 27
4333 28
4333 29
4334 35
4334 36
4334 37
4334 38
4334 39
4334 40
4334 41
4335 45
4335 46
4335 47
4335 48
4335 49
4335 50
4335 51
4336 57
4336 58
4336 59
4336 60
4336 61
4338 26
4338 27
4338 28
4338 29
4339 35
4339 36
4339 37
4339 38
4339 39
4339 40
4339 41
4340 46
4340 47
4340 48
4340 49
4340 50
4340 51
4341 57
4341 58
4341 59
4341 60
4341 61
4343 26
4343 27
4343 28
4343 29
4343 30
4344 36
4344 37
4344 38
4344 39
4344 40
4344 41
4345 46
4345 47
4345 48
4345 49
4345 50
4345 51
4345 52
4346 58
4346 59
4346 60
4346 61
4348 27
4348 28
4348 29
4348 30
4349 36
4349 37
4349 38
4349 39
4349 40
4349 41
4350 46
4350 47
4350 48
4350 49
4350 50
4350 51
4350 52
4351 58
4351 59
4351 60
4351 61
4353 27
4353 28
4353 29
4353 30
4354 36
4354 37
4354 38
4354 39
4354 40
4354 41
4355 47
4355 48
4355 49
4355 50
4355 51
4355 52
4356 59
4356 60
4358 28
4358 29
4358 30
4359 37
4359 38
4359 39
4359 40
4359 41
4360 47
4360 48
4360 49
4360 50
4360 51
4360 52
4363 28
4363 29
4363 30
4364 37
4364 38
4364 39
4364 40
4364 41
4365 48
4365 49
4365 50
4365 51
4365 52
4368 29
4369 38
4369 39
4369 40
4369 41
4370 48
4370 49
4370 50
4370 51
4370 52
4374 38
4374 39
4374 40
4374 41
4375 49
4375 50
4375 51
4375 52
4379 39
4379 40
4379 41
4380 49
4380 50
4380 51
