0 247
0 248
0 249
1 250
1 251
1 252
1 253
2 253
2 254
2 255
2 256
3 257
3 258
3 259
3 260
4 261
4 262
4 263
5 265
5 266
15 245
15 246
16 248
16 249
16 250
17 251
17 252
17 253
17 254
18 254
18 255
18 256
18 257
18 258
19 258
19 259
19 260
19 261
20 262
20 263
20 264
21 265
21 266
21 267
21 268
22 270
31 246
31 247
32 249
32 250
32 251
33 252
33 253
33 254
33 255
34 255
34 256
34 257
34 258
34 259
35 259
35 260
35 261
35 262
36 263
36 264
36 265
36 266
37 266
37 267
37 268
37 269
38 270
38 271
38 272
47 247
47 248
48 250
48 251
48 252
48 253
49 253
49 254
49 255
49 256
50 256
50 257
50 258
50 259
50 260
51 260
51 261
51 262
51 263
51 264
52 264
52 265
52 266
52 267
53 267
53 268
53 269
53 270
54 271
54 272
54 273
63 248
63 249
64 251
64 252
64 253
64 254
65 254
65 255
65 256
65 257
66 258
66 259
66 260
66 261
67 261
67 262
67 263
67 264
67 265
68 265
68 266
68 267
68 268
69 269
69 270
69 271
70 273
70 274
79 250
80 252
80 253
80 254
80 255
81 256
81 257
81 258
82 259
82 260
82 261
82 262
83 262
83 263
83 264
83 265
83 266
84 266
84 267
84 268
84 269
85 270
85 271
85 272
86 274
86 275
96 254
96 255
97 257
97 258
97 259
98 260
98 261
98 262
98 263
99 264
99 265
99 266
99 267
100 267
100 268
100 269
100 270
101 271
101 272
101 273
102 276
113 259
113 260
114 262
114 263
114 264
115 265
115 266
115 267
116 269
116 270
116 271
117 273
117 274
1867 93
1868 96
1868 97
1869 99
1869 100
1869 101
1870 103
1870 104
1881 86
1881 87
1882 89
1882 90
1882 91
1883 92
1883 93
1883 94
1883 95
1884 95
1884 96
1884 97
1884 98
1884 99
1885 99
1885 100
1885 101
1885 102
1886 103
1886 104
1886 105
1886 106
1887 107
1887 108
1887 109
1896 83
1896 84
1896 85
1897 86
1897 87
1897 88
1897 89
1898 89
1898 90
1898 91
1898 92
1898 93
1899 92
1899 93
1899 94
1899 95
1899 96
1899 97
1900 96
1900 97
1900 98
1900 99
1900 100
1901 99
1901 100
1901 101
1901 102
1901 103
1901 104
1902 103
1902 104
1902 105
1902 106
1902 107
1903 107
1903 108
1903 109
1903 110
1904 111
1904 112
1911 81
1911 82
1912 83
1912 84
1912 85
1912 86
1913 86
1913 87
1913 88
1913 89
1913 90
1913 91
1914 89
1914 90
1914 91
1914 92
1914 93
1914 94
1915 93
1915 94
1915 95
1915 96
1915 97
1915 98
1916 96
1916 97
1916 98
1916 99
1916 100
1916 101
1917 100
1917 101
1917 102
1917 103
1917 104
1917 105
1918 103
1918 104
1918 105
1918 106
1918 107
1918 108
1919 107
1919 108
1919 109
1919 110
1919 111
1920 112
1920 113
1920 114
1927 81
1927 82
1927 83
1927 84
1928 84
1928 85
1928 86
1928 87
1928 88
1929 87
1929 88
1929 89
1929 90
1929 91
1929 92
1930 90
1930 91
1930 92
1930 93
1930 94
1930 95
1930 96
1931 93
1931 94
1931 95
1931 96
1931 97
1931 98
1931 99
1932 97
1932 98
1932 99
1932 100
1932 101
1932 102
1932 103
1933 100
1933 101
1933 102
1933 103
1933 104
1933 105
1933 106
1934 104
1934 105
1934 106
1934 107
1934 108
1934 109
1935 108
1935 109
1935 110
1935 111
1935 112
1936 112
1936 113
1936 114
1936 115
1942 79
1942 80
1942 81
1943 81
1943 82
1943 83
1943 84
1943 85
1944 84
1944 85
1944 86
1944 87
1944 88
1944 89
1945 87
1945 88
1945 89
1945 90
1945 91
1945 92
1945 93
1946 91
1946 92
1946 93
1946 94
1946 95
1946 96
1946 97
1947 94
1947 95
1947 96
1947 97
1947 98
1947 99
1947 100
1948 97
1948 98
1948 99
1948 100
1948 101
1948 102
1948 103
1948 104
1949 101
1949 102
1949 103
1949 104
1949 105
1949 106
1949 107
1950 105
1950 106
1950 107
1950 108
1950 109
1950 110
1951 109
1951 110
1951 111
1951 112
1951 113
1952 113
1952 114
1952 115
1952 116
1958 79
1958 80
1958 81
1958 82
1959 82
1959 83
1959 84
1959 85
1959 86
1960 85
1960 86
1960 87
1960 88
1960 89
1960 90
1961 88
1961 89
1961 90
1961 91
1961 92
1961 93
1961 94
1962 91
1962 92
1962 93
1962 94
1962 95
1962 96
1962 97
1962 98
1963 95
1963 96
1963 97
1963 98
1963 99
1963 100
1963 101
1964 98
1964 99
1964 100
1964 101
1964 102
1964 103
1964 104
1964 105
1965 102
1965 103
1965 104
1965 105
1965 106
1965 107
1965 108
1966 105
1966 106
1966 107
1966 108
1966 109
1966 110
1966 111
1967 109
1967 110
1967 111
1967 112
1967 113
1967 114
1968 114
1968 115
1968 116
1968 117
1973 78
1974 80
1974 81
1974 82
1974 83
1975 83
1975 84
1975 85
1975 86
1975 87
1976 86
1976 87
1976 88
1976 89
1976 90
1976 91
1977 89
1977 90
1977 91
1977 92
1977 93
1977 94
1977 95
1978 92
1978 93
1978 94
1978 95
1978 96
1978 97
1978 98
1978 99
1979 95
1979 96
1979 97
1979 98
1979 99
1979 100
1979 101
1979 102
1980 99
1980 100
1980 101
1980 102
1980 103
1980 104
1980 105
1981 103
1981 104
1981 105
1981 106
1981 107
1981 108
1981 109
1982 106
1982 107
1982 108
1982 109
1982 110
1982 111
1982 112
1983 110
1983 111
1983 112
1983 113
1983 114
1983 115
1984 114
1984 115
1984 116
1984 117
1989 78
1989 79
1989 80
1990 81
1990 82
1990 83
1990 84
1991 83
1991 84
1991 85
1991 86
1991 87
1991 88
1992 86
1992 87
1992 88
1992 89
1992 90
1992 91
1992 92
1993 90
1993 91
1993 92
1993 93
1993 94
1993 95
1993 96
1994 93
1994 94
1994 95
1994 96
1994 97
1994 98
1994 99
1995 96
1995 97
1995 98
1995 99
1995 100
1995 101
1995 102
1995 103
1996 100
1996 101
1996 102
1996 103
1996 104
1996 105
1996 106
1997 103
1997 104
1997 105
1997 106
1997 107
1997 108
1997 109
1998 107
1998 108
1998 109
1998 110
1998 111
1998 112
1999 111
1999 112
1999 113
1999 114
1999 115
2000 115
2000 116
2000 117
2000 118
2005 79
2005 80
2005 81
2006 82
2006 83
2006 84
2006 85
2007 84
2007 85
2007 86
2007 87
2007 88
2007 89
2008 87
2008 88
2008 89
2008 90
2008 91
2008 92
2008 93
2009 91
2009 92
2009 93
2009 94
2009 95
2009 96
2009 97
2010 94
2010 95
2010 96
2010 97
2010 98
2010 99
2010 100
2011 97
2011 98
2011 99
2011 100
2011 101
2011 102
2011 103
2011 104
2012 101
2012 102
2012 103
2012 104
2012 105
2012 106
2012 107
2013 104
2013 105
2013 106
2013 107
2013 108
2013 109
2013 110
2014 108
2014 109
2014 110
2014 111
2014 112
2014 113
2015 112
2015 113
2015 114
2015 115
2015 116
2016 116
2016 117
2016 118
2021 80
2021 81
2022 83
2022 84
2022 85
2022 86
2023 85
2023 86
2023 87
2023 88
2023 89
2023 90
2024 88
2024 89
2024 90
2024 91
2024 92
2024 93
2024 94
2025 92
2025 93
2025 94
2025 95
2025 96
2025 97
2026 95
2026 96
2026 97
2026 98
2026 99
2026 100
2026 101
2027 98
2027 99
2027 100
2027 101
2027 102
2027 103
2027 104
2028 102
2028 103
2028 104
2028 105
2028 106
2028 107
2028 108
2029 105
2029 106
2029 107
2029 108
2029 109
2029 110
2029 111
2030 109
2030 110
2030 111
2030 112
2030 113
2030 114
2031 113
2031 114
2031 115
2031 116
2032 118
2038 84
2038 85
2038 86
2038 87
2039 86
2039 87
2039 88
2039 89
2039 90
2039 91
2040 89
2040 90
2040 91
2040 92
2040 93
2040 94
2041 93
2041 94
2041 95
2041 96
2041 97
2041 98
2042 96
2042 97
2042 98
2042 99
2042 100
2042 101
2042 102
2043 99
2043 100
2043 101
2043 102
2043 103
2043 104
2043 105
2044 103
2044 104
2044 105
2044 106
2044 107
2044 108
2045 106
2045 107
2045 108
2045 109
2045 110
2045 111
2046 110
2046 111
2046 112
2046 113
2046 114
2047 114
2047 115
2047 116
2047 117
2054 85
2054 86
2054 87
2055 88
2055 89
2055 90
2055 91
2056 91
2056 92
2056 93
2056 94
2056 95
2057 94
2057 95
2057 96
2057 97
2057 98
2057 99
2058 97
2058 98
2058 99
2058 100
2058 101
2058 102
2059 100
2059 101
2059 102
2059 103
2059 104
2059 105
2059 106
2060 104
2060 105
2060 106
2060 107
2060 108
2060 109
2061 107
2061 108
2061 109
2061 110
2061 111
2061 112
2062 111
2062 112
2062 113
2062 114
2062 115
2063 116
2063 117
2070 87
2071 89
2071 90
2071 91
2071 92
2072 92
2072 93
2072 94
2072 95
2073 95
2073 96
2073 97
2073 98
2073 99
2074 98
2074 99
2074 100
2074 101
2074 102
2074 103
2075 102
2075 103
2075 104
2075 105
2075 106
2076 105
2076 106
2076 107
2076 108
2076 109
2077 109
2077 110
2077 111
2077 112
2078 113
2078 114
2078 115
2087 91
2088 93
2088 94
2088 95
2088 96
2089 96
2089 97
2089 98
2089 99
2090 99
2090 100
2090 101
2090 102
2090 103
2091 103
2091 104
2091 105
2091 106
2092 106
2092 107
2092 108
2092 109
2093 110
2093 111
2093 112
2094 114
2094 115
2105 98
2105 99
2106 101
2106 102
2106 103
2107 104
2107 105
2107 106
2108 108
2108 109
2109 112
2567 50
2568 53
2568 54
2569 56
2569 57
2569 58
2570 59
2570 60
2570 61
2571 63
2571 64
2572 67
2581 44
2582 47
2582 48
2582 49
2583 50
2583 51
2583 52
2584 53
2584 54
2584 55
2584 56
2585 56
2585 57
2585 58
2585 59
2586 59
2586 60
2586 61
2586 62
2586 63
2587 63
2587 64
2587 65
2587 66
2588 67
2588 68
2588 69
2589 71
2589 72
2596 42
2596 43
2597 44
2597 45
2597 46
2597 47
2598 47
2598 48
2598 49
2598 50
2599 50
2599 51
2599 52
2599 53
2599 54
2600 53
2600 54
2600 55
2600 56
2600 57
2600 58
2601 57
2601 58
2601 59
2601 60
2601 61
2602 60
2602 61
2602 62
2602 63
2602 64
2603 64
2603 65
2603 66
2603 67
2603 68
2604 67
2604 68
2604 69
2604 70
2604 71
2605 72
2605 73
2611 39
2611 40
2611 41
2612 42
2612 43
2612 44
2612 45
2613 45
2613 46
2613 47
2613 48
2614 48
2614 49
2614 50
2614 51
2614 52
2615 51
2615 52
2615 53
2615 54
2615 55
2615 56
2616 54
2616 55
2616 56
2616 57
2616 58
2616 59
2617 57
2617 58
2617 59
2617 60
2617 61
2617 62
2618 61
2618 62
2618 63
2618 64
2618 65
2618 66
2619 64
2619 65
2619 66
2619 67
2619 68
2619 69
2620 68
2620 69
2620 70
2620 71
2620 72
2621 72
2621 73
2621 74
2621 75
2626 37
2626 38
2627 40
2627 41
2627 42
2628 42
2628 43
2628 44
2628 45
2628 46
2629 45
2629 46
2629 47
2629 48
2629 49
2629 50
2630 48
2630 49
2630 50
2630 51
2630 52
2630 53
2631 52
2631 53
2631 54
2631 55
2631 56
2631 57
2632 55
2632 56
2632 57
2632 58
2632 59
2632 60
2633 58
2633 59
2633 60
2633 61
2633 62
2633 63
2633 64
2634 62
2634 63
2634 64
2634 65
2634 66
2634 67
2635 65
2635 66
2635 67
2635 68
2635 69
2635 70
2636 69
2636 70
2636 71
2636 72
2636 73
2637 73
2637 74
2637 75
2637 76
2638 78
2641 35
2641 36
2642 38
2642 39
2642 40
2643 40
2643 41
2643 42
2643 43
2643 44
2644 43
2644 44
2644 45
2644 46
2644 47
2644 48
2645 46
2645 47
2645 48
2645 49
2645 50
2645 51
2646 49
2646 50
2646 51
2646 52
2646 53
2646 54
2646 55
2647 52
2647 53
2647 54
2647 55
2647 56
2647 57
2647 58
2648 56
2648 57
2648 58
2648 59
2648 60
2648 61
2648 62
2649 59
2649 60
2649 61
2649 62
2649 63
2649 64
2649 65
2650 63
2650 64
2650 65
2650 66
2650 67
2650 68
2651 66
2651 67
2651 68
2651 69
2651 70
2651 71
2652 70
2652 71
2652 72
2652 73
2652 74
2653 74
2653 75
2653 76
2653 77
2657 36
2657 37
2657 38
2658 38
2658 39
2658 40
2658 41
2658 42
2659 41
2659 42
2659 43
2659 44
2659 45
2660 44
2660 45
2660 46
2660 47
2660 48
2660 49
2661 47
2661 48
2661 49
2661 50
2661 51
2661 52
2661 53
2662 50
2662 51
2662 52
2662 53
2662 54
2662 55
2662 56
2663 54
2663 55
2663 56
2663 57
2663 58
2663 59
2664 57
2664 58
2664 59
2664 60
2664 61
2664 62
2664 63
2665 60
2665 61
2665 62
2665 63
2665 64
2665 65
2665 66
2666 64
2666 65
2666 66
2666 67
2666 68
2666 69
2667 67
2667 68
2667 69
2667 70
2667 71
2667 72
2668 71
2668 72
2668 73
2668 74
2668 75
2669 76
2669 77
2669 78
2672 34
2672 35
2673 36
2673 37
2673 38
2673 39
2674 39
2674 40
2674 41
2674 42
2674 43
2675 42
2675 43
2675 44
2675 45
2675 46
2675 47
2676 45
2676 46
2676 47
2676 48
2676 49
2676 50
2677 48
2677 49
2677 50
2677 51
2677 52
2677 53
2677 54
2678 51
2678 52
2678 53
2678 54
2678 55
2678 56
2678 57
2679 55
2679 56
2679 57
2679 58
2679 59
2679 60
2679 61
2680 58
2680 59
2680 60
2680 61
2680 62
2680 63
2680 64
2681 61
2681 62
2681 63
2681 64
2681 65
2681 66
2681 67
2682 65
2682 66
2682 67
2682 68
2682 69
2682 70
2683 69
2683 70
2683 71
2683 72
2683 73
2684 73
2684 74
2684 75
2684 76
2685 77
2685 78
2685 79
2688 35
2688 36
2688 37
2689 37
2689 38
2689 39
2689 40
2689 41
2690 40
2690 41
2690 42
2690 43
2690 44
2690 45
2691 43
2691 44
2691 45
2691 46
2691 47
2691 48
2692 46
2692 47
2692 48
2692 49
2692 50
2692 51
2692 52
2693 49
2693 50
2693 51
2693 52
2693 53
2693 54
2693 55
2694 52
2694 53
2694 54
2694 55
2694 56
2694 57
2694 58
2695 56
2695 57
2695 58
2695 59
2695 60
2695 61
2695 62
2696 59
2696 60
2696 61
2696 62
2696 63
2696 64
2696 65
2697 63
2697 64
2697 65
2697 66
2697 67
2697 68
2698 66
2698 67
2698 68
2698 69
2698 70
2698 71
2699 70
2699 71
2699 72
2699 73
2699 74
2700 74
2700 75
2700 76
2700 77
2703 33
2703 34
2704 35
2704 36
2704 37
2704 38
2705 38
2705 39
2705 40
2705 41
2705 42
2706 41
2706 42
2706 43
2706 44
2706 45
2706 46
2707 44
2707 45
2707 46
2707 47
2707 48
2707 49
2708 47
2708 48
2708 49
2708 50
2708 51
2708 52
2708 53
2709 50
2709 51
2709 52
2709 53
2709 54
2709 55
2709 56
2710 54
2710 55
2710 56
2710 57
2710 58
2710 59
2711 57
2711 58
2711 59
2711 60
2711 61
2711 62
2711 63
2712 60
2712 61
2712 62
2712 63
2712 64
2712 65
2712 66
2713 64
2713 65
2713 66
2713 67
2713 68
2713 69
2714 68
2714 69
2714 70
2714 71
2714 72
2715 72
2715 73
2715 74
2715 75
2716 76
2716 77
2719 34
2719 35
2719 36
2720 36
2720 37
2720 38
2720 39
2720 40
2721 39
2721 40
2721 41
2721 42
2721 43
2722 42
2722 43
2722 44
2722 45
2722 46
2722 47
2723 45
2723 46
2723 47
2723 48
2723 49
2723 50
2724 48
2724 49
2724 50
2724 51
2724 52
2724 53
2724 54
2725 52
2725 53
2725 54
2725 55
2725 56
2725 57
2726 55
2726 56
2726 57
2726 58
2726 59
2726 60
2727 58
2727 59
2727 60
2727 61
2727 62
2727 63
2727 64
2728 62
2728 63
2728 64
2728 65
2728 66
2728 67
2729 65
2729 66
2729 67
2729 68
2729 69
2729 70
2730 69
2730 70
2730 71
2730 72
2730 73
2731 73
2731 74
2731 75
2734 33
2735 35
2735 36
2735 37
2736 38
2736 39
2736 40
2736 41
2737 40
2737 41
2737 42
2737 43
2737 44
2737 45
2738 43
2738 44
2738 45
2738 46
2738 47
2738 48
2739 46
2739 47
2739 48
2739 49
2739 50
2739 51
2739 52
2740 50
2740 51
2740 52
2740 53
2740 54
2740 55
2741 53
2741 54
2741 55
2741 56
2741 57
2741 58
2742 56
2742 57
2742 58
2742 59
2742 60
2742 61
2743 60
2743 61
2743 62
2743 63
2743 64
2743 65
2744 63
2744 64
2744 65
2744 66
2744 67
2744 68
2745 67
2745 68
2745 69
2745 70
2745 71
2746 71
2746 72
2746 73
2750 34
2751 36
2751 37
2751 38
2752 39
2752 40
2752 41
2752 42
2753 42
2753 43
2753 44
2753 45
2753 46
2754 45
2754 46
2754 47
2754 48
2754 49
2755 48
2755 49
2755 50
2755 51
2755 52
2755 53
2756 51
2756 52
2756 53
2756 54
2756 55
2756 56
2757 54
2757 55
2757 56
2757 57
2757 58
2757 59
2758 58
2758 59
2758 60
2758 61
2758 62
2759 61
2759 62
2759 63
2759 64
2759 65
2760 65
2760 66
2760 67
2760 68
2761 69
2761 70
2761 71
2762 73
2766 35
2766 36
2767 37
2767 38
2767 39
2767 40
2768 40
2768 41
2768 42
2768 43
2769 43
2769 44
2769 45
2769 46
2769 47
2770 46
2770 47
2770 48
2770 49
2770 50
2771 49
2771 50
2771 51
2771 52
2771 53
2771 54
2772 52
2772 53
2772 54
2772 55
2772 56
2772 57
2773 56
2773 57
2773 58
2773 59
2773 60
2774 59
2774 60
2774 61
2774 62
2774 63
2775 63
2775 64
2775 65
2775 66
2776 67
2776 68
2776 69
2777 71
2782 36
2782 37
2783 38
2783 39
2783 40
2783 41
2784 41
2784 42
2784 43
2784 44
2785 44
2785 45
2785 46
2785 47
2785 48
2786 47
2786 48
2786 49
2786 50
2786 51
2787 51
2787 52
2787 53
2787 54
2788 54
2788 55
2788 56
2788 57
2788 58
2789 57
2789 58
2789 59
2789 60
2789 61
2790 61
2790 62
2790 63
2790 64
2791 65
2791 66
2798 37
2798 38
2799 40
2799 41
2799 42
2800 43
2800 44
2800 45
2801 46
2801 47
2801 48
2801 49
2802 49
2802 50
2802 51
2802 52
2803 52
2803 53
2803 54
2803 55
2804 56
2804 57
2804 58
2805 59
2805 60
2805 61
2806 63
2806 64
2815 42
2816 45
2816 46
2817 48
2817 49
2818 51
2818 52
2818 53
2819 54
2819 55
2819 56
2820 58
4353 253
4354 256
4367 246
4367 247
4368 249
4368 250
4368 251
4369 253
4369 254
4369 255
4370 256
4370 257
4370 258
4371 260
4371 261
4382 244
