343 76
344 76
344 77
345 76
345 77
346 77
346 78
347 77
347 78
347 79
348 77
348 78
348 79
349 78
349 79
349 80
350 78
350 79
350 80
351 78
351 79
351 80
351 81
352 79
352 80
352 81
353 79
353 80
353 81
353 82
354 80
354 81
354 82
354 83
355 80
355 81
355 82
355 83
356 80
356 81
356 82
356 83
356 84
357 81
357 82
357 83
357 84
358 81
358 82
358 83
358 84
358 85
359 82
359 83
359 84
359 85
360 82
360 83
360 84
360 85
360 86
361 82
361 83
361 84
361 85
361 86
362 83
362 84
362 85
362 86
362 87
363 83
363 84
363 85
363 86
363 87
364 84
364 85
364 86
364 87
364 88
365 84
365 85
365 86
365 87
365 88
366 84
366 85
366 86
366 87
366 88
366 89
367 85
367 86
367 87
367 88
367 89
368 85
368 86
368 87
368 88
368 89
368 90
369 86
369 87
369 88
369 89
369 90
370 86
370 87
370 88
370 89
370 90
370 91
371 87
371 88
371 89
371 90
371 91
372 87
372 88
372 89
372 90
372 91
372 92
373 87
373 88
373 89
373 90
373 91
373 92
374 88
374 89
374 90
374 91
374 92
374 93
375 88
375 89
375 90
375 91
375 92
375 93
376 89
376 90
376 91
376 92
376 93
376 94
377 89
377 90
377 91
377 92
377 93
377 94
378 90
378 91
378 92
378 93
378 94
378 95
379 90
379 91
379 92
379 93
379 94
379 95
380 91
380 92
380 93
380 94
380 95
380 96
381 91
381 92
381 93
381 94
381 95
381 96
382 91
382 92
382 93
382 94
382 95
382 96
383 92
383 93
383 94
383 95
383 96
383 97
384 92
384 93
384 94
384 95
384 96
384 97
385 93
385 94
385 95
385 96
385 97
385 98
386 93
386 94
386 95
386 96
386 97
386 98
387 94
387 95
387 96
387 97
387 98
387 99
388 94
388 95
388 96
388 97
388 98
388 99
389 95
389 96
389 97
389 98
389 99
389 100
390 95
390 96
390 97
390 98
390 99
390 100
391 95
391 96
391 97
391 98
391 99
391 100
391 101
392 96
392 97
392 98
392 99
392 100
392 101
393 96
393 97
393 98
393 99
393 100
393 101
393 102
394 97
394 98
394 99
394 100
394 101
394 102
395 97
395 98
395 99
395 100
395 101
395 102
395 103
396 98
396 99
396 100
396 101
396 102
396 103
397 98
397 99
397 100
397 101
397 102
397 103
398 99
398 100
398 101
398 102
398 103
398 104
399 99
399 100
399 101
399 102
399 103
399 104
400 100
400 101
400 102
400 103
400 104
400 105
401 100
401 101
401 102
401 103
401 104
401 105
402 100
402 101
402 102
402 103
402 104
402 105
402 106
403 101
403 102
403 103
403 104
403 105
403 106
404 101
404 102
404 103
404 104
404 105
404 106
404 107
405 102
405 103
405 104
405 105
405 106
405 107
406 102
406 103
406 104
406 105
406 106
406 107
406 108
407 103
407 104
407 105
407 106
407 107
407 108
408 103
408 104
408 105
408 106
408 107
408 108
409 104
409 105
409 106
409 107
409 108
409 109
410 104
410 105
410 106
410 107
410 108
410 109
411 105
411 106
411 107
411 108
411 109
411 110
412 105
412 106
412 107
412 108
412 109
412 110
413 106
413 107
413 108
413 109
413 110
413 111
414 106
414 107
414 108
414 109
414 110
414 111
415 107
415 108
415 109
415 110
415 111
415 112
416 107
416 108
416 109
416 110
416 111
416 112
417 108
417 109
417 110
417 111
417 112
418 108
418 109
418 110
418 111
418 112
418 113
419 108
419 109
419 110
419 111
419 112
419 113
420 109
420 110
420 111
420 112
420 113
420 114
421 109
421 110
421 111
421 112
421 113
421 114
422 110
422 111
422 112
422 113
422 114
422 115
423 110
423 111
423 112
423 113
423 114
423 115
424 111
424 112
424 113
424 114
424 115
425 111
425 112
425 113
425 114
425 115
425 116
426 112
426 113
426 114
426 115
426 116
427 112
427 113
427 114
427 115
427 116
427 117
428 113
428 114
428 115
428 116
428 117
429 113
429 114
429 115
429 116
429 117
429 118
430 114
430 115
430 116
430 117
430 118
431 114
431 115
431 116
431 117
431 118
432 115
432 116
432 117
432 118
432 119
433 115
433 116
433 117
433 118
433 119
434 116
434 117
434 118
434 119
434 120
435 116
435 117
435 118
435 119
435 120
436 117
436 118
436 119
436 120
436 121
437 117
437 118
437 119
437 120
437 121
438 118
438 119
438 120
438 121
439 118
439 119
439 120
439 121
439 122
440 119
440 120
440 121
440 122
441 119
441 120
441 121
441 122
441 123
442 120
442 121
442 122
442 123
443 72
443 120
443 121
443 122
443 123
444 72
444 73
444 121
444 122
444 123
444 124
445 72
445 73
445 74
445 121
445 122
445 123
445 124
446 73
446 74
446 122
446 123
446 124
446 125
447 73
447 74
447 75
447 122
447 123
447 124
447 125
448 73
448 74
448 75
448 76
448 123
448 124
448 125
449 73
449 74
449 75
449 76
449 123
449 124
449 125
449 126
450 74
450 75
450 76
450 77
450 124
450 125
450 126
451 74
451 75
451 76
451 77
451 125
451 126
452 74
452 75
452 76
452 77
452 78
452 125
452 126
452 127
453 75
453 76
453 77
453 78
453 79
453 126
453 127
454 75
454 76
454 77
454 78
454 79
454 126
454 127
455 75
455 76
455 77
455 78
455 79
455 80
455 127
455 128
456 76
456 77
456 78
456 79
456 80
456 127
456 128
457 76
457 77
457 78
457 79
457 80
457 81
457 128
458 77
458 78
458 79
458 80
458 81
459 77
459 78
459 79
459 80
459 81
459 82
460 77
460 78
460 79
460 80
460 81
460 82
461 78
461 79
461 80
461 81
461 82
461 83
462 78
462 79
462 80
462 81
462 82
462 83
463 79
463 80
463 81
463 82
463 83
463 84
464 79
464 80
464 81
464 82
464 83
464 84
464 85
465 79
465 80
465 81
465 82
465 83
465 84
465 85
466 80
466 81
466 82
466 83
466 84
466 85
466 86
467 80
467 81
467 82
467 83
467 84
467 85
467 86
468 81
468 82
468 83
468 84
468 85
468 86
468 87
469 81
469 82
469 83
469 84
469 85
469 86
469 87
470 81
470 82
470 83
470 84
470 85
470 86
470 87
470 88
471 82
471 83
471 84
471 85
471 86
471 87
471 88
472 82
472 83
472 84
472 85
472 86
472 87
472 88
472 89
473 83
473 84
473 85
473 86
473 87
473 88
473 89
474 83
474 84
474 85
474 86
474 87
474 88
474 89
474 90
475 83
475 84
475 85
475 86
475 87
475 88
475 89
475 90
476 84
476 85
476 86
476 87
476 88
476 89
476 90
476 91
477 84
477 85
477 86
477 87
477 88
477 89
477 90
477 91
478 85
478 86
478 87
478 88
478 89
478 90
478 91
478 92
479 85
479 86
479 87
479 88
479 89
479 90
479 91
479 92
480 86
480 87
480 88
480 89
480 90
480 91
480 92
480 93
481 86
481 87
481 88
481 89
481 90
481 91
481 92
481 93
482 86
482 87
482 88
482 89
482 90
482 91
482 92
482 93
482 94
483 87
483 88
483 89
483 90
483 91
483 92
483 93
483 94
484 87
484 88
484 89
484 90
484 91
484 92
484 93
484 94
484 95
485 88
485 89
485 90
485 91
485 92
485 93
485 94
485 95
486 88
486 89
486 90
486 91
486 92
486 93
486 94
486 95
486 96
487 89
487 90
487 91
487 92
487 93
487 94
487 95
487 96
488 89
488 90
488 91
488 92
488 93
488 94
488 95
488 96
488 97
489 89
489 90
489 91
489 92
489 93
489 94
489 95
489 96
489 97
490 90
490 91
490 92
490 93
490 94
490 95
490 96
490 97
490 98
491 90
491 91
491 92
491 93
491 94
491 95
491 96
491 97
491 98
492 91
492 92
492 93
492 94
492 95
492 96
492 97
492 98
492 99
493 91
493 92
493 93
493 94
493 95
493 96
493 97
493 98
493 99
494 92
494 93
494 94
494 95
494 96
494 97
494 98
494 99
495 92
495 93
495 94
495 95
495 96
495 97
495 98
495 99
495 100
496 92
496 93
496 94
496 95
496 96
496 97
496 98
496 99
496 100
497 93
497 94
497 95
497 96
497 97
497 98
497 99
497 100
497 101
498 93
498 94
498 95
498 96
498 97
498 98
498 99
498 100
498 101
499 94
499 95
499 96
499 97
499 98
499 99
499 100
499 101
499 102
500 94
500 95
500 96
500 97
500 98
500 99
500 100
500 101
500 102
501 95
501 96
501 97
501 98
501 99
501 100
501 101
501 102
501 103
502 95
502 96
502 97
502 98
502 99
502 100
502 101
502 102
502 103
503 96
503 97
503 98
503 99
503 100
503 101
503 102
503 103
503 104
504 96
504 97
504 98
504 99
504 100
504 101
504 102
504 103
504 104
505 97
505 98
505 99
505 100
505 101
505 102
505 103
505 104
505 105
506 97
506 98
506 99
506 100
506 101
506 102
506 103
506 104
506 105
507 97
507 98
507 99
507 100
507 101
507 102
507 103
507 104
507 105
507 106
508 98
508 99
508 100
508 101
508 102
508 103
508 104
508 105
508 106
509 98
509 99
509 100
509 101
509 102
509 103
509 104
509 105
509 106
509 107
510 99
510 100
510 101
510 102
510 103
510 104
510 105
510 106
510 107
511 99
511 100
511 101
511 102
511 103
511 104
511 105
511 106
511 107
511 108
512 100
512 101
512 102
512 103
512 104
512 105
512 106
512 107
512 108
513 100
513 101
513 102
513 103
513 104
513 105
513 106
513 107
513 108
514 101
514 102
514 103
514 104
514 105
514 106
514 107
514 108
514 109
515 101
515 102
515 103
515 104
515 105
515 106
515 107
515 108
515 109
516 102
516 103
516 104
516 105
516 106
516 107
516 108
516 109
516 110
517 102
517 103
517 104
517 105
517 106
517 107
517 108
517 109
517 110
518 102
518 103
518 104
518 105
518 106
518 107
518 108
518 109
518 110
518 111
519 103
519 104
519 105
519 106
519 107
519 108
519 109
519 110
519 111
520 103
520 104
520 105
520 106
520 107
520 108
520 109
520 110
520 111
520 112
521 104
521 105
521 106
521 107
521 108
521 109
521 110
521 111
521 112
522 104
522 105
522 106
522 107
522 108
522 109
522 110
522 111
522 112
522 113
523 105
523 106
523 107
523 108
523 109
523 110
523 111
523 112
523 113
524 105
524 106
524 107
524 108
524 109
524 110
524 111
524 112
524 113
524 114
525 106
525 107
525 108
525 109
525 110
525 111
525 112
525 113
525 114
526 106
526 107
526 108
526 109
526 110
526 111
526 112
526 113
526 114
527 107
527 108
527 109
527 110
527 111
527 112
527 113
527 114
527 115
528 107
528 108
528 109
528 110
528 111
528 112
528 113
528 114
528 115
529 108
529 109
529 110
529 111
529 112
529 113
529 114
529 115
529 116
530 108
530 109
530 110
530 111
530 112
530 113
530 114
530 115
530 116
531 109
531 110
531 111
531 112
531 113
531 114
531 115
531 116
531 117
532 109
532 110
532 111
532 112
532 113
532 114
532 115
532 116
532 117
533 109
533 110
533 111
533 112
533 113
533 114
533 115
533 116
533 117
533 118
534 110
534 111
534 112
534 113
534 114
534 115
534 116
534 117
534 118
535 110
535 111
535 112
535 113
535 114
535 115
535 116
535 117
535 118
535 119
536 111
536 112
536 113
536 114
536 115
536 116
536 117
536 118
536 119
537 111
537 112
537 113
537 114
537 115
537 116
537 117
537 118
537 119
538 112
538 113
538 114
538 115
538 116
538 117
538 118
538 119
538 120
539 112
539 113
539 114
539 115
539 116
539 117
539 118
539 119
539 120
540 113
540 114
540 115
540 116
540 117
540 118
540 119
540 120
540 121
541 113
541 114
541 115
541 116
541 117
541 118
541 119
541 120
541 121
542 114
542 115
542 116
542 117
542 118
542 119
542 120
542 121
542 122
543 114
543 115
543 116
543 117
543 118
543 119
543 120
543 121
543 122
544 115
544 116
544 117
544 118
544 119
544 120
544 121
544 122
544 123
545 115
545 116
545 117
545 118
545 119
545 120
545 121
545 122
545 123
546 116
546 117
546 118
546 119
546 120
546 121
546 122
546 123
547 116
547 117
547 118
547 119
547 120
547 121
547 122
547 123
547 124
548 117
548 118
548 119
548 120
548 121
548 122
548 123
548 124
549 117
549 118
549 119
549 120
549 121
549 122
549 123
549 124
549 125
550 118
550 119
550 120
550 121
550 122
550 123
550 124
550 125
551 118
551 119
551 120
551 121
551 122
551 123
551 124
551 125
551 126
552 118
552 119
552 120
552 121
552 122
552 123
552 124
552 125
552 126
553 119
553 120
553 121
553 122
553 123
553 124
553 125
553 126
554 119
554 120
554 121
554 122
554 123
554 124
554 125
554 126
554 127
555 74
555 120
555 121
555 122
555 123
555 124
555 125
555 126
555 127
556 74
556 75
556 120
556 121
556 122
556 123
556 124
556 125
556 126
556 127
556 128
557 74
557 75
557 121
557 122
557 123
557 124
557 125
557 126
557 127
557 128
558 74
558 75
558 76
558 121
558 122
558 123
558 124
558 125
558 126
558 127
558 128
558 129
559 74
559 75
559 76
559 77
559 122
559 123
559 124
559 125
559 126
559 127
559 128
559 129
560 74
560 75
560 76
560 77
560 122
560 123
560 124
560 125
560 126
560 127
560 128
560 129
560 130
561 75
561 76
561 77
561 78
561 123
561 124
561 125
561 126
561 127
561 128
561 129
561 130
562 75
562 76
562 77
562 78
562 79
562 123
562 124
562 125
562 126
562 127
562 128
562 129
562 130
563 75
563 76
563 77
563 78
563 79
563 124
563 125
563 126
563 127
563 128
563 129
563 130
563 131
564 76
564 77
564 78
564 79
564 80
564 124
564 125
564 126
564 127
564 128
564 129
564 130
564 131
565 76
565 77
565 78
565 79
565 80
565 125
565 126
565 127
565 128
565 129
565 130
565 131
565 132
566 76
566 77
566 78
566 79
566 80
566 81
566 125
566 126
566 127
566 128
566 129
566 130
566 131
566 132
567 77
567 78
567 79
567 80
567 81
567 82
567 126
567 127
567 128
567 129
567 130
567 131
567 132
568 77
568 78
568 79
568 80
568 81
568 82
568 126
568 127
568 128
568 129
568 130
568 131
568 132
568 133
569 77
569 78
569 79
569 80
569 81
569 82
569 83
569 127
569 128
569 129
569 130
569 131
569 132
569 133
570 78
570 79
570 80
570 81
570 82
570 83
570 127
570 128
570 129
570 130
570 131
570 132
570 133
570 134
571 78
571 79
571 80
571 81
571 82
571 83
571 84
571 128
571 129
571 130
571 131
571 132
571 133
571 134
572 79
572 80
572 81
572 82
572 83
572 84
572 128
572 129
572 130
572 131
572 132
572 133
572 134
572 135
573 79
573 80
573 81
573 82
573 83
573 84
573 85
573 129
573 130
573 131
573 132
573 133
573 134
573 135
574 79
574 80
574 81
574 82
574 83
574 84
574 85
574 129
574 130
574 131
574 132
574 133
574 134
574 135
575 80
575 81
575 82
575 83
575 84
575 85
575 86
575 130
575 131
575 132
575 133
575 134
575 135
575 136
576 80
576 81
576 82
576 83
576 84
576 85
576 86
576 130
576 131
576 132
576 133
576 134
576 135
576 136
577 81
577 82
577 83
577 84
577 85
577 86
577 87
577 131
577 132
577 133
577 134
577 135
577 136
577 137
578 81
578 82
578 83
578 84
578 85
578 86
578 87
578 88
578 131
578 132
578 133
578 134
578 135
578 136
578 137
579 81
579 82
579 83
579 84
579 85
579 86
579 87
579 88
579 132
579 133
579 134
579 135
579 136
579 137
580 82
580 83
580 84
580 85
580 86
580 87
580 88
580 89
580 132
580 133
580 134
580 135
580 136
580 137
580 138
581 82
581 83
581 84
581 85
581 86
581 87
581 88
581 89
581 133
581 134
581 135
581 136
581 137
581 138
582 83
582 84
582 85
582 86
582 87
582 88
582 89
582 90
582 133
582 134
582 135
582 136
582 137
582 138
582 139
583 83
583 84
583 85
583 86
583 87
583 88
583 89
583 90
583 134
583 135
583 136
583 137
583 138
583 139
584 83
584 84
584 85
584 86
584 87
584 88
584 89
584 90
584 91
584 135
584 136
584 137
584 138
584 139
585 84
585 85
585 86
585 87
585 88
585 89
585 90
585 91
585 135
585 136
585 137
585 138
585 139
585 140
586 84
586 85
586 86
586 87
586 88
586 89
586 90
586 91
586 92
586 136
586 137
586 138
586 139
586 140
587 85
587 86
587 87
587 88
587 89
587 90
587 91
587 92
587 136
587 137
587 138
587 139
587 140
588 85
588 86
588 87
588 88
588 89
588 90
588 91
588 92
588 93
588 137
588 138
588 139
588 140
588 141
589 85
589 86
589 87
589 88
589 89
589 90
589 91
589 92
589 93
589 137
589 138
589 139
589 140
589 141
590 86
590 87
590 88
590 89
590 90
590 91
590 92
590 93
590 94
590 138
590 139
590 140
590 141
590 142
591 86
591 87
591 88
591 89
591 90
591 91
591 92
591 93
591 94
591 138
591 139
591 140
591 141
591 142
592 87
592 88
592 89
592 90
592 91
592 92
592 93
592 94
592 95
592 139
592 140
592 141
592 142
593 87
593 88
593 89
593 90
593 91
593 92
593 93
593 94
593 95
593 139
593 140
593 141
593 142
593 143
594 87
594 88
594 89
594 90
594 91
594 92
594 93
594 94
594 95
594 96
594 140
594 141
594 142
594 143
595 88
595 89
595 90
595 91
595 92
595 93
595 94
595 95
595 96
595 141
595 142
595 143
596 88
596 89
596 90
596 91
596 92
596 93
596 94
596 95
596 96
596 97
596 141
596 142
596 143
596 144
597 89
597 90
597 91
597 92
597 93
597 94
597 95
597 96
597 97
597 142
597 143
597 144
598 89
598 90
598 91
598 92
598 93
598 94
598 95
598 96
598 97
598 98
598 142
598 143
598 144
599 90
599 91
599 92
599 93
599 94
599 95
599 96
599 97
599 98
599 143
599 144
599 145
600 90
600 91
600 92
600 93
600 94
600 95
600 96
600 97
600 98
600 99
600 144
600 145
601 90
601 91
601 92
601 93
601 94
601 95
601 96
601 97
601 98
601 99
601 144
601 145
602 91
602 92
602 93
602 94
602 95
602 96
602 97
602 98
602 99
602 100
602 145
603 91
603 92
603 93
603 94
603 95
603 96
603 97
603 98
603 99
603 100
604 92
604 93
604 94
604 95
604 96
604 97
604 98
604 99
604 100
604 101
605 92
605 93
605 94
605 95
605 96
605 97
605 98
605 99
605 100
605 101
606 93
606 94
606 95
606 96
606 97
606 98
606 99
606 100
606 101
606 102
607 93
607 94
607 95
607 96
607 97
607 98
607 99
607 100
607 101
607 102
608 94
608 95
608 96
608 97
608 98
608 99
608 100
608 101
608 102
608 103
609 94
609 95
609 96
609 97
609 98
609 99
609 100
609 101
609 102
609 103
610 94
610 95
610 96
610 97
610 98
610 99
610 100
610 101
610 102
610 103
611 95
611 96
611 97
611 98
611 99
611 100
611 101
611 102
611 103
611 104
612 95
612 96
612 97
612 98
612 99
612 100
612 101
612 102
612 103
612 104
613 96
613 97
613 98
613 99
613 100
613 101
613 102
613 103
613 104
613 105
614 96
614 97
614 98
614 99
614 100
614 101
614 102
614 103
614 104
614 105
615 97
615 98
615 99
615 100
615 101
615 102
615 103
615 104
615 105
615 106
616 97
616 98
616 99
616 100
616 101
616 102
616 103
616 104
616 105
616 106
617 98
617 99
617 100
617 101
617 102
617 103
617 104
617 105
617 106
617 107
618 98
618 99
618 100
618 101
618 102
618 103
618 104
618 105
618 106
618 107
619 98
619 99
619 100
619 101
619 102
619 103
619 104
619 105
619 106
619 107
619 108
620 99
620 100
620 101
620 102
620 103
620 104
620 105
620 106
620 107
620 108
621 99
621 100
621 101
621 102
621 103
621 104
621 105
621 106
621 107
621 108
621 109
622 100
622 101
622 102
622 103
622 104
622 105
622 106
622 107
622 108
622 109
623 100
623 101
623 102
623 103
623 104
623 105
623 106
623 107
623 108
623 109
623 110
624 101
624 102
624 103
624 104
624 105
624 106
624 107
624 108
624 109
624 110
625 101
625 102
625 103
625 104
625 105
625 106
625 107
625 108
625 109
625 110
625 111
626 102
626 103
626 104
626 105
626 106
626 107
626 108
626 109
626 110
626 111
627 102
627 103
627 104
627 105
627 106
627 107
627 108
627 109
627 110
627 111
627 112
628 103
628 104
628 105
628 106
628 107
628 108
628 109
628 110
628 111
628 112
629 103
629 104
629 105
629 106
629 107
629 108
629 109
629 110
629 111
629 112
630 103
630 104
630 105
630 106
630 107
630 108
630 109
630 110
630 111
630 112
630 113
631 104
631 105
631 106
631 107
631 108
631 109
631 110
631 111
631 112
631 113
632 104
632 105
632 106
632 107
632 108
632 109
632 110
632 111
632 112
632 113
632 114
633 105
633 106
633 107
633 108
633 109
633 110
633 111
633 112
633 113
633 114
634 105
634 106
634 107
634 108
634 109
634 110
634 111
634 112
634 113
634 114
634 115
635 106
635 107
635 108
635 109
635 110
635 111
635 112
635 113
635 114
635 115
636 106
636 107
636 108
636 109
636 110
636 111
636 112
636 113
636 114
636 115
636 116
637 107
637 108
637 109
637 110
637 111
637 112
637 113
637 114
637 115
637 116
638 107
638 108
638 109
638 110
638 111
638 112
638 113
638 114
638 115
638 116
638 117
639 108
639 109
639 110
639 111
639 112
639 113
639 114
639 115
639 116
639 117
640 108
640 109
640 110
640 111
640 112
640 113
640 114
640 115
640 116
640 117
640 118
641 109
641 110
641 111
641 112
641 113
641 114
641 115
641 116
641 117
641 118
642 109
642 110
642 111
642 112
642 113
642 114
642 115
642 116
642 117
642 118
642 119
643 109
643 110
643 111
643 112
643 113
643 114
643 115
643 116
643 117
643 118
643 119
644 110
644 111
644 112
644 113
644 114
644 115
644 116
644 117
644 118
644 119
645 110
645 111
645 112
645 113
645 114
645 115
645 116
645 117
645 118
645 119
645 120
646 111
646 112
646 113
646 114
646 115
646 116
646 117
646 118
646 119
646 120
647 111
647 112
647 113
647 114
647 115
647 116
647 117
647 118
647 119
647 120
647 121
648 112
648 113
648 114
648 115
648 116
648 117
648 118
648 119
648 120
648 121
649 112
649 113
649 114
649 115
649 116
649 117
649 118
649 119
649 120
649 121
649 122
650 113
650 114
650 115
650 116
650 117
650 118
650 119
650 120
650 121
650 122
651 113
651 114
651 115
651 116
651 117
651 118
651 119
651 120
651 121
651 122
651 123
652 114
652 115
652 116
652 117
652 118
652 119
652 120
652 121
652 122
652 123
653 114
653 115
653 116
653 117
653 118
653 119
653 120
653 121
653 122
653 123
654 115
654 116
654 117
654 118
654 119
654 120
654 121
654 122
654 123
654 124
655 115
655 116
655 117
655 118
655 119
655 120
655 121
655 122
655 123
655 124
656 116
656 117
656 118
656 119
656 120
656 121
656 122
656 123
656 124
656 125
657 116
657 117
657 118
657 119
657 120
657 121
657 122
657 123
657 124
657 125
658 117
658 118
658 119
658 120
658 121
658 122
658 123
658 124
658 125
658 126
659 117
659 118
659 119
659 120
659 121
659 122
659 123
659 124
659 125
659 126
660 117
660 118
660 119
660 120
660 121
660 122
660 123
660 124
660 125
660 126
660 127
661 118
661 119
661 120
661 121
661 122
661 123
661 124
661 125
661 126
661 127
662 118
662 119
662 120
662 121
662 122
662 123
662 124
662 125
662 126
662 127
663 119
663 120
663 121
663 122
663 123
663 124
663 125
663 126
663 127
663 128
664 119
664 120
664 121
664 122
664 123
664 124
664 125
664 126
664 127
664 128
665 120
665 121
665 122
665 123
665 124
665 125
665 126
665 127
665 128
665 129
666 120
666 121
666 122
666 123
666 124
666 125
666 126
666 127
666 128
666 129
667 121
667 122
667 123
667 124
667 125
667 126
667 127
667 128
667 129
667 130
668 121
668 122
668 123
668 124
668 125
668 126
668 127
668 128
668 129
668 130
669 122
669 123
669 124
669 125
669 126
669 127
669 128
669 129
669 130
669 131
670 122
670 123
670 124
670 125
670 126
670 127
670 128
670 129
670 130
670 131
671 123
671 124
671 125
671 126
671 127
671 128
671 129
671 130
671 131
672 123
672 124
672 125
672 126
672 127
672 128
672 129
672 130
672 131
672 132
673 124
673 125
673 126
673 127
673 128
673 129
673 130
673 131
673 132
674 124
674 125
674 126
674 127
674 128
674 129
674 130
674 131
674 132
674 133
675 125
675 126
675 127
675 128
675 129
675 130
675 131
675 132
675 133
676 125
676 126
676 127
676 128
676 129
676 130
676 131
676 132
676 133
676 134
677 80
677 126
677 127
677 128
677 129
677 130
677 131
677 132
677 133
677 134
678 80
678 81
678 126
678 127
678 128
678 129
678 130
678 131
678 132
678 133
678 134
679 80
679 81
679 82
679 127
679 128
679 129
679 130
679 131
679 132
679 133
679 134
679 135
680 80
680 81
680 82
680 127
680 128
680 129
680 130
680 131
680 132
680 133
680 134
680 135
681 81
681 82
681 83
681 128
681 129
681 130
681 131
681 132
681 133
681 134
681 135
681 136
682 81
682 82
682 83
682 84
682 128
682 129
682 130
682 131
682 132
682 133
682 134
682 135
682 136
683 81
683 82
683 83
683 84
683 129
683 130
683 131
683 132
683 133
683 134
683 135
683 136
683 137
684 82
684 83
684 84
684 85
684 129
684 130
684 131
684 132
684 133
684 134
684 135
684 136
684 137
685 82
685 83
685 84
685 85
685 86
685 130
685 131
685 132
685 133
685 134
685 135
685 136
685 137
686 82
686 83
686 84
686 85
686 86
686 130
686 131
686 132
686 133
686 134
686 135
686 136
686 137
686 138
687 83
687 84
687 85
687 86
687 87
687 131
687 132
687 133
687 134
687 135
687 136
687 137
687 138
688 83
688 84
688 85
688 86
688 87
688 131
688 132
688 133
688 134
688 135
688 136
688 137
688 138
688 139
689 83
689 84
689 85
689 86
689 87
689 88
689 132
689 133
689 134
689 135
689 136
689 137
689 138
689 139
690 84
690 85
690 86
690 87
690 88
690 132
690 133
690 134
690 135
690 136
690 137
690 138
690 139
691 84
691 85
691 86
691 87
691 88
691 89
691 133
691 134
691 135
691 136
691 137
691 138
691 139
691 140
692 84
692 85
692 86
692 87
692 88
692 89
692 90
692 133
692 134
692 135
692 136
692 137
692 138
692 139
692 140
693 85
693 86
693 87
693 88
693 89
693 90
693 134
693 135
693 136
693 137
693 138
693 139
693 140
693 141
694 85
694 86
694 87
694 88
694 89
694 90
694 91
694 134
694 135
694 136
694 137
694 138
694 139
694 140
694 141
695 85
695 86
695 87
695 88
695 89
695 90
695 91
695 135
695 136
695 137
695 138
695 139
695 140
695 141
695 142
696 86
696 87
696 88
696 89
696 90
696 91
696 92
696 135
696 136
696 137
696 138
696 139
696 140
696 141
696 142
697 86
697 87
697 88
697 89
697 90
697 91
697 92
697 136
697 137
697 138
697 139
697 140
697 141
697 142
698 87
698 88
698 89
698 90
698 91
698 92
698 93
698 136
698 137
698 138
698 139
698 140
698 141
698 142
698 143
699 87
699 88
699 89
699 90
699 91
699 92
699 93
699 137
699 138
699 139
699 140
699 141
699 142
699 143
700 87
700 88
700 89
700 90
700 91
700 92
700 93
700 94
700 137
700 138
700 139
700 140
700 141
700 142
700 143
700 144
701 88
701 89
701 90
701 91
701 92
701 93
701 94
701 138
701 139
701 140
701 141
701 142
701 143
701 144
702 88
702 89
702 90
702 91
702 92
702 93
702 94
702 95
702 138
702 139
702 140
702 141
702 142
702 143
702 144
703 89
703 90
703 91
703 92
703 93
703 94
703 95
703 139
703 140
703 141
703 142
703 143
703 144
703 145
704 89
704 90
704 91
704 92
704 93
704 94
704 95
704 96
704 139
704 140
704 141
704 142
704 143
704 144
704 145
705 89
705 90
705 91
705 92
705 93
705 94
705 95
705 96
705 140
705 141
705 142
705 143
705 144
705 145
706 90
706 91
706 92
706 93
706 94
706 95
706 96
706 97
706 140
706 141
706 142
706 143
706 144
706 145
706 146
707 90
707 91
707 92
707 93
707 94
707 95
707 96
707 97
707 141
707 142
707 143
707 144
707 145
707 146
708 91
708 92
708 93
708 94
708 95
708 96
708 97
708 98
708 141
708 142
708 143
708 144
708 145
708 146
708 147
709 91
709 92
709 93
709 94
709 95
709 96
709 97
709 98
709 142
709 143
709 144
709 145
709 146
709 147
710 91
710 92
710 93
710 94
710 95
710 96
710 97
710 98
710 99
710 143
710 144
710 145
710 146
710 147
711 92
711 93
711 94
711 95
711 96
711 97
711 98
711 99
711 143
711 144
711 145
711 146
711 147
711 148
712 92
712 93
712 94
712 95
712 96
712 97
712 98
712 99
712 100
712 144
712 145
712 146
712 147
712 148
713 93
713 94
713 95
713 96
713 97
713 98
713 99
713 100
713 144
713 145
713 146
713 147
713 148
714 93
714 94
714 95
714 96
714 97
714 98
714 99
714 100
714 101
714 145
714 146
714 147
714 148
714 149
715 94
715 95
715 96
715 97
715 98
715 99
715 100
715 101
715 145
715 146
715 147
715 148
715 149
716 94
716 95
716 96
716 97
716 98
716 99
716 100
716 101
716 102
716 146
716 147
716 148
716 149
717 94
717 95
717 96
717 97
717 98
717 99
717 100
717 101
717 102
717 147
717 148
717 149
717 150
718 95
718 96
718 97
718 98
718 99
718 100
718 101
718 102
718 103
718 147
718 148
718 149
718 150
719 95
719 96
719 97
719 98
719 99
719 100
719 101
719 102
719 103
719 148
719 149
719 150
720 96
720 97
720 98
720 99
720 100
720 101
720 102
720 103
720 104
720 148
720 149
720 150
720 151
721 96
721 97
721 98
721 99
721 100
721 101
721 102
721 103
721 104
721 149
721 150
721 151
722 97
722 98
722 99
722 100
722 101
722 102
722 103
722 104
722 105
722 150
722 151
723 97
723 98
723 99
723 100
723 101
723 102
723 103
723 104
723 105
723 151
724 97
724 98
724 99
724 100
724 101
724 102
724 103
724 104
724 105
724 106
725 98
725 99
725 100
725 101
725 102
725 103
725 104
725 105
725 106
726 98
726 99
726 100
726 101
726 102
726 103
726 104
726 105
726 106
726 107
727 99
727 100
727 101
727 102
727 103
727 104
727 105
727 106
727 107
728 99
728 100
728 101
728 102
728 103
728 104
728 105
728 106
728 107
728 108
729 100
729 101
729 102
729 103
729 104
729 105
729 106
729 107
729 108
730 100
730 101
730 102
730 103
730 104
730 105
730 106
730 107
730 108
730 109
731 100
731 101
731 102
731 103
731 104
731 105
731 106
731 107
731 108
731 109
732 101
732 102
732 103
732 104
732 105
732 106
732 107
732 108
732 109
732 110
733 101
733 102
733 103
733 104
733 105
733 106
733 107
733 108
733 109
733 110
734 102
734 103
734 104
734 105
734 106
734 107
734 108
734 109
734 110
734 111
735 102
735 103
735 104
735 105
735 106
735 107
735 108
735 109
735 110
735 111
736 103
736 104
736 105
736 106
736 107
736 108
736 109
736 110
736 111
737 103
737 104
737 105
737 106
737 107
737 108
737 109
737 110
737 111
737 112
738 104
738 105
738 106
738 107
738 108
738 109
738 110
738 111
738 112
739 104
739 105
739 106
739 107
739 108
739 109
739 110
739 111
739 112
739 113
740 105
740 106
740 107
740 108
740 109
740 110
740 111
740 112
740 113
741 105
741 106
741 107
741 108
741 109
741 110
741 111
741 112
741 113
741 114
742 105
742 106
742 107
742 108
742 109
742 110
742 111
742 112
742 113
742 114
743 106
743 107
743 108
743 109
743 110
743 111
743 112
743 113
743 114
743 115
744 106
744 107
744 108
744 109
744 110
744 111
744 112
744 113
744 114
744 115
745 107
745 108
745 109
745 110
745 111
745 112
745 113
745 114
745 115
745 116
746 107
746 108
746 109
746 110
746 111
746 112
746 113
746 114
746 115
746 116
747 108
747 109
747 110
747 111
747 112
747 113
747 114
747 115
747 116
747 117
748 108
748 109
748 110
748 111
748 112
748 113
748 114
748 115
748 116
748 117
749 109
749 110
749 111
749 112
749 113
749 114
749 115
749 116
749 117
749 118
750 109
750 110
750 111
750 112
750 113
750 114
750 115
750 116
750 117
750 118
751 110
751 111
751 112
751 113
751 114
751 115
751 116
751 117
751 118
752 110
752 111
752 112
752 113
752 114
752 115
752 116
752 117
752 118
752 119
753 110
753 111
753 112
753 113
753 114
753 115
753 116
753 117
753 118
753 119
754 111
754 112
754 113
754 114
754 115
754 116
754 117
754 118
754 119
754 120
755 111
755 112
755 113
755 114
755 115
755 116
755 117
755 118
755 119
755 120
756 112
756 113
756 114
756 115
756 116
756 117
756 118
756 119
756 120
756 121
757 112
757 113
757 114
757 115
757 116
757 117
757 118
757 119
757 120
757 121
758 113
758 114
758 115
758 116
758 117
758 118
758 119
758 120
758 121
758 122
759 113
759 114
759 115
759 116
759 117
759 118
759 119
759 120
759 121
759 122
760 114
760 115
760 116
760 117
760 118
760 119
760 120
760 121
760 122
760 123
761 114
761 115
761 116
761 117
761 118
761 119
761 120
761 121
761 122
761 123
762 115
762 116
762 117
762 118
762 119
762 120
762 121
762 122
762 123
762 124
763 115
763 116
763 117
763 118
763 119
763 120
763 121
763 122
763 123
763 124
764 116
764 117
764 118
764 119
764 120
764 121
764 122
764 123
764 124
765 116
765 117
765 118
765 119
765 120
765 121
765 122
765 123
765 124
765 125
766 116
766 117
766 118
766 119
766 120
766 121
766 122
766 123
766 124
766 125
767 117
767 118
767 119
767 120
767 121
767 122
767 123
767 124
767 125
767 126
768 117
768 118
768 119
768 120
768 121
768 122
768 123
768 124
768 125
768 126
769 118
769 119
769 120
769 121
769 122
769 123
769 124
769 125
769 126
769 127
770 118
770 119
770 120
770 121
770 122
770 123
770 124
770 125
770 126
770 127
771 119
771 120
771 121
771 122
771 123
771 124
771 125
771 126
771 127
771 128
772 119
772 120
772 121
772 122
772 123
772 124
772 125
772 126
772 127
772 128
773 120
773 121
773 122
773 123
773 124
773 125
773 126
773 127
773 128
774 120
774 121
774 122
774 123
774 124
774 125
774 126
774 127
774 128
774 129
775 121
775 122
775 123
775 124
775 125
775 126
775 127
775 128
775 129
776 121
776 122
776 123
776 124
776 125
776 126
776 127
776 128
776 129
776 130
777 122
777 123
777 124
777 125
777 126
777 127
777 128
777 129
777 130
778 122
778 123
778 124
778 125
778 126
778 127
778 128
778 129
778 130
778 131
779 123
779 124
779 125
779 126
779 127
779 128
779 129
779 130
779 131
780 123
780 124
780 125
780 126
780 127
780 128
780 129
780 130
780 131
780 132
781 124
781 125
781 126
781 127
781 128
781 129
781 130
781 131
781 132
782 124
782 125
782 126
782 127
782 128
782 129
782 130
782 131
782 132
783 125
783 126
783 127
783 128
783 129
783 130
783 131
783 132
783 133
784 125
784 126
784 127
784 128
784 129
784 130
784 131
784 132
784 133
785 126
785 127
785 128
785 129
785 130
785 131
785 132
785 133
785 134
786 126
786 127
786 128
786 129
786 130
786 131
786 132
786 133
786 134
787 127
787 128
787 129
787 130
787 131
787 132
787 133
787 134
787 135
788 127
788 128
788 129
788 130
788 131
788 132
788 133
788 134
788 135
789 128
789 129
789 130
789 131
789 132
789 133
789 134
789 135
790 128
790 129
790 130
790 131
790 132
790 133
790 134
790 135
790 136
791 128
791 129
791 130
791 131
791 132
791 133
791 134
791 135
791 136
792 129
792 130
792 131
792 132
792 133
792 134
792 135
792 136
792 137
793 129
793 130
793 131
793 132
793 133
793 134
793 135
793 136
793 137
794 130
794 131
794 132
794 133
794 134
794 135
794 136
794 137
794 138
795 130
795 131
795 132
795 133
795 134
795 135
795 136
795 137
795 138
796 131
796 132
796 133
796 134
796 135
796 136
796 137
796 138
797 131
797 132
797 133
797 134
797 135
797 136
797 137
797 138
797 139
798 132
798 133
798 134
798 135
798 136
798 137
798 138
798 139
799 132
799 133
799 134
799 135
799 136
799 137
799 138
799 139
799 140
800 133
800 134
800 135
800 136
800 137
800 138
800 139
800 140
801 133
801 134
801 135
801 136
801 137
801 138
801 139
801 140
802 134
802 135
802 136
802 137
802 138
802 139
802 140
802 141
803 134
803 135
803 136
803 137
803 138
803 139
803 140
803 141
804 135
804 136
804 137
804 138
804 139
804 140
804 141
804 142
805 136
805 137
805 138
805 139
805 140
805 141
805 142
806 136
806 137
806 138
806 139
806 140
806 141
806 142
807 137
807 138
807 139
807 140
807 141
807 142
807 143
808 137
808 138
808 139
808 140
808 141
808 142
808 143
809 138
809 139
809 140
809 141
809 142
809 143
809 144
810 138
810 139
810 140
810 141
810 142
810 143
810 144
811 139
811 140
811 141
811 142
811 143
811 144
812 139
812 140
812 141
812 142
812 143
812 144
812 145
813 140
813 141
813 142
813 143
813 144
813 145
814 140
814 141
814 142
814 143
814 144
814 145
814 146
815 141
815 142
815 143
815 144
815 145
815 146
816 141
816 142
816 143
816 144
816 145
816 146
817 142
817 143
817 144
817 145
817 146
817 147
818 142
818 143
818 144
818 145
818 146
818 147
819 143
819 144
819 145
819 146
819 147
819 148
820 143
820 144
820 145
820 146
820 147
820 148
821 97
821 144
821 145
821 146
821 147
821 148
822 97
822 98
822 145
822 146
822 147
822 148
822 149
823 97
823 98
823 145
823 146
823 147
823 148
823 149
824 98
824 99
824 146
824 147
824 148
824 149
825 98
825 99
825 146
825 147
825 148
825 149
825 150
826 98
826 99
826 100
826 147
826 148
826 149
826 150
827 98
827 99
827 100
827 101
827 147
827 148
827 149
827 150
828 99
828 100
828 101
828 148
828 149
828 150
828 151
829 99
829 100
829 101
829 102
829 149
829 150
829 151
830 99
830 100
830 101
830 102
830 149
830 150
830 151
831 100
831 101
831 102
831 103
831 150
831 151
832 100
832 101
832 102
832 103
832 151
833 101
833 102
833 103
833 104
834 101
834 102
834 103
834 104
835 101
835 102
835 103
835 104
835 105
836 102
836 103
836 104
836 105
837 102
837 103
837 104
837 105
837 106
838 103
838 104
838 105
838 106
838 107
839 103
839 104
839 105
839 106
839 107
840 103
840 104
840 105
840 106
840 107
840 108
841 104
841 105
841 106
841 107
841 108
842 104
842 105
842 106
842 107
842 108
842 109
843 105
843 106
843 107
843 108
843 109
844 105
844 106
844 107
844 108
844 109
844 110
845 105
845 106
845 107
845 108
845 109
845 110
846 106
846 107
846 108
846 109
846 110
846 111
847 106
847 107
847 108
847 109
847 110
847 111
848 107
848 108
848 109
848 110
848 111
849 107
849 108
849 109
849 110
849 111
849 112
850 108
850 109
850 110
850 111
850 112
851 108
851 109
851 110
851 111
851 112
851 113
852 108
852 109
852 110
852 111
852 112
852 113
853 109
853 110
853 111
853 112
853 113
853 114
854 109
854 110
854 111
854 112
854 113
854 114
855 110
855 111
855 112
855 113
855 114
855 115
856 110
856 111
856 112
856 113
856 114
856 115
857 111
857 112
857 113
857 114
857 115
857 116
858 111
858 112
858 113
858 114
858 115
858 116
859 111
859 112
859 113
859 114
859 115
859 116
859 117
860 112
860 113
860 114
860 115
860 116
860 117
861 112
861 113
861 114
861 115
861 116
861 117
861 118
862 113
862 114
862 115
862 116
862 117
862 118
863 113
863 114
863 115
863 116
863 117
863 118
863 119
864 114
864 115
864 116
864 117
864 118
864 119
865 114
865 115
865 116
865 117
865 118
865 119
865 120
866 115
866 116
866 117
866 118
866 119
866 120
867 115
867 116
867 117
867 118
867 119
867 120
868 115
868 116
868 117
868 118
868 119
868 120
868 121
869 116
869 117
869 118
869 119
869 120
869 121
870 116
870 117
870 118
870 119
870 120
870 121
870 122
871 117
871 118
871 119
871 120
871 121
871 122
872 117
872 118
872 119
872 120
872 121
872 122
872 123
873 118
873 119
873 120
873 121
873 122
873 123
874 118
874 119
874 120
874 121
874 122
874 123
874 124
875 119
875 120
875 121
875 122
875 123
875 124
876 119
876 120
876 121
876 122
876 123
876 124
876 125
877 120
877 121
877 122
877 123
877 124
877 125
878 120
878 121
878 122
878 123
878 124
878 125
879 120
879 121
879 122
879 123
879 124
879 125
879 126
880 121
880 122
880 123
880 124
880 125
880 126
881 121
881 122
881 123
881 124
881 125
881 126
881 127
882 122
882 123
882 124
882 125
882 126
882 127
883 122
883 123
883 124
883 125
883 126
883 127
883 128
884 123
884 124
884 125
884 126
884 127
884 128
885 123
885 124
885 125
885 126
885 127
885 128
885 129
886 124
886 125
886 126
886 127
886 128
886 129
887 124
887 125
887 126
887 127
887 128
887 129
888 125
888 126
888 127
888 128
888 129
888 130
889 125
889 126
889 127
889 128
889 129
889 130
890 126
890 127
890 128
890 129
890 130
890 131
891 126
891 127
891 128
891 129
891 130
891 131
892 127
892 128
892 129
892 130
892 131
892 132
893 127
893 128
893 129
893 130
893 131
893 132
894 128
894 129
894 130
894 131
894 132
894 133
895 128
895 129
895 130
895 131
895 132
895 133
896 129
896 130
896 131
896 132
896 133
897 129
897 130
897 131
897 132
897 133
897 134
898 130
898 131
898 132
898 133
898 134
899 130
899 131
899 132
899 133
899 134
899 135
900 131
900 132
900 133
900 134
900 135
901 131
901 132
901 133
901 134
901 135
902 132
902 133
902 134
902 135
902 136
903 132
903 133
903 134
903 135
903 136
904 133
904 134
904 135
904 136
904 137
905 133
905 134
905 135
905 136
905 137
906 134
906 135
906 136
906 137
906 138
907 134
907 135
907 136
907 137
907 138
908 135
908 136
908 137
908 138
909 135
909 136
909 137
909 138
909 139
910 136
910 137
910 138
910 139
911 136
911 137
911 138
911 139
912 137
912 138
912 139
912 140
913 137
913 138
913 139
913 140
914 138
914 139
914 140
914 141
915 138
915 139
915 140
915 141
916 139
916 140
916 141
917 140
917 141
917 142
918 140
918 141
918 142
919 141
919 142
920 141
920 142
920 143
921 142
921 143
922 143
