1784 90
1785 90
1786 91
1787 91
1788 91
1788 92
1789 92
1790 92
1790 93
1791 93
1792 93
1792 94
1793 94
1793 95
1794 94
1794 95
1795 95
1795 96
1796 95
1796 96
1797 96
1797 97
1798 96
1798 97
1799 97
1799 98
1800 97
1800 98
1801 97
1801 98
1801 99
1802 98
1802 99
1803 98
1803 99
1803 100
1804 99
1804 100
1805 100
1805 101
1806 100
1806 101
1807 101
1808 101
1808 102
1809 102
1810 102
1810 103
1811 103
1812 103
1812 104
1813 104
1814 104
1814 105
1815 105
1817 106
1844 75
1845 75
1845 76
1846 76
1847 76
1847 77
1848 76
1848 77
1849 77
1849 78
1850 77
1850 78
1850 79
1851 77
1851 78
1851 79
1852 78
1852 79
1852 80
1853 78
1853 79
1853 80
1854 79
1854 80
1854 81
1855 79
1855 80
1855 81
1856 80
1856 81
1856 82
1857 80
1857 81
1857 82
1858 81
1858 82
1858 83
1859 81
1859 82
1859 83
1859 84
1860 81
1860 82
1860 83
1860 84
1861 82
1861 83
1861 84
1861 85
1862 82
1862 83
1862 84
1862 85
1863 83
1863 84
1863 85
1863 86
1864 83
1864 84
1864 85
1864 86
1865 84
1865 85
1865 86
1865 87
1866 84
1866 85
1866 86
1866 87
1867 85
1867 86
1867 87
1867 88
1868 85
1868 86
1868 87
1868 88
1869 86
1869 87
1869 88
1869 89
1870 86
1870 87
1870 88
1870 89
1871 87
1871 88
1871 89
1871 90
1872 87
1872 88
1872 89
1872 90
1873 88
1873 89
1873 90
1873 91
1874 88
1874 89
1874 90
1874 91
1875 89
1875 90
1875 91
1875 92
1876 89
1876 90
1876 91
1876 92
1877 90
1877 91
1877 92
1877 93
1878 90
1878 91
1878 92
1878 93
1879 91
1879 92
1879 93
1879 94
1880 91
1880 92
1880 93
1880 94
1881 92
1881 93
1881 94
1881 95
1882 92
1882 93
1882 94
1882 95
1883 93
1883 94
1883 95
1883 96
1884 93
1884 94
1884 95
1884 96
1885 94
1885 95
1885 96
1885 97
1886 94
1886 95
1886 96
1886 97
1887 95
1887 96
1887 97
1887 98
1888 95
1888 96
1888 97
1888 98
1889 96
1889 97
1889 98
1889 99
1890 96
1890 97
1890 98
1890 99
1891 97
1891 98
1891 99
1891 100
1892 97
1892 98
1892 99
1892 100
1893 98
1893 99
1893 100
1893 101
1894 98
1894 99
1894 100
1894 101
1895 99
1895 100
1895 101
1895 102
1896 99
1896 100
1896 101
1896 102
1897 100
1897 101
1897 102
1897 103
1898 100
1898 101
1898 102
1898 103
1899 101
1899 102
1899 103
1899 104
1900 102
1900 103
1900 104
1901 102
1901 103
1901 104
1901 105
1902 103
1902 104
1902 105
1903 103
1903 104
1903 105
1904 104
1904 105
1904 106
1905 104
1905 105
1905 106
1906 105
1906 106
1906 107
1907 105
1907 106
1907 107
1908 106
1908 107
1908 108
1909 107
1909 108
1910 107
1910 108
1911 108
1911 109
1912 109
1913 109
1914 110
1921 68
1922 69
1923 69
1923 70
1924 69
1924 70
1925 70
1925 71
1926 70
1926 71
1927 70
1927 71
1927 72
1928 71
1928 72
1928 73
1929 71
1929 72
1929 73
1930 72
1930 73
1930 74
1931 72
1931 73
1931 74
1932 73
1932 74
1932 75
1933 73
1933 74
1933 75
1934 74
1934 75
1934 76
1935 74
1935 75
1935 76
1935 77
1936 74
1936 75
1936 76
1936 77
1937 75
1937 76
1937 77
1937 78
1938 75
1938 76
1938 77
1938 78
1939 76
1939 77
1939 78
1939 79
1940 76
1940 77
1940 78
1940 79
1941 77
1941 78
1941 79
1941 80
1942 77
1942 78
1942 79
1942 80
1943 78
1943 79
1943 80
1943 81
1944 78
1944 79
1944 80
1944 81
1945 79
1945 80
1945 81
1945 82
1946 79
1946 80
1946 81
1946 82
1947 80
1947 81
1947 82
1947 83
1948 80
1948 81
1948 82
1948 83
1949 81
1949 82
1949 83
1949 84
1950 81
1950 82
1950 83
1950 84
1950 85
1951 82
1951 83
1951 84
1951 85
1952 82
1952 83
1952 84
1952 85
1952 86
1953 83
1953 84
1953 85
1953 86
1954 83
1954 84
1954 85
1954 86
1954 87
1955 84
1955 85
1955 86
1955 87
1956 84
1956 85
1956 86
1956 87
1956 88
1957 85
1957 86
1957 87
1957 88
1958 85
1958 86
1958 87
1958 88
1958 89
1959 86
1959 87
1959 88
1959 89
1960 86
1960 87
1960 88
1960 89
1960 90
1961 87
1961 88
1961 89
1961 90
1962 87
1962 88
1962 89
1962 90
1962 91
1963 88
1963 89
1963 90
1963 91
1964 88
1964 89
1964 90
1964 91
1964 92
1965 89
1965 90
1965 91
1965 92
1966 89
1966 90
1966 91
1966 92
1966 93
1967 90
1967 91
1967 92
1967 93
1968 90
1968 91
1968 92
1968 93
1968 94
1969 91
1969 92
1969 93
1969 94
1970 91
1970 92
1970 93
1970 94
1970 95
1971 92
1971 93
1971 94
1971 95
1972 92
1972 93
1972 94
1972 95
1972 96
1973 93
1973 94
1973 95
1973 96
1974 93
1974 94
1974 95
1974 96
1974 97
1975 94
1975 95
1975 96
1975 97
1976 94
1976 95
1976 96
1976 97
1977 95
1977 96
1977 97
1977 98
1978 96
1978 97
1978 98
1979 96
1979 97
1979 98
1979 99
1980 97
1980 98
1980 99
1981 97
1981 98
1981 99
1981 100
1982 98
1982 99
1982 100
1983 98
1983 99
1983 100
1983 101
1984 99
1984 100
1984 101
1985 100
1985 101
1985 102
1986 100
1986 101
1986 102
1987 101
1987 102
1988 101
1988 102
1988 103
1989 102
1989 103
1990 103
1990 104
1991 103
1991 104
1992 104
1993 105
2015 70
2016 71
2017 71
2018 71
2018 72
2019 72
2019 73
2020 72
2020 73
2021 73
2021 74
2022 73
2022 74
2023 74
2023 75
2024 74
2024 75
2025 75
2025 76
2026 75
2026 76
2027 75
2027 76
2027 77
2028 76
2028 77
2028 78
2029 76
2029 77
2029 78
2030 77
2030 78
2030 79
2031 77
2031 78
2031 79
2032 78
2032 79
2032 80
2033 78
2033 79
2033 80
2034 79
2034 80
2034 81
2035 79
2035 80
2035 81
2036 80
2036 81
2036 82
2037 80
2037 81
2037 82
2038 81
2038 82
2038 83
2039 81
2039 82
2039 83
2040 82
2040 83
2040 84
2041 82
2041 83
2041 84
2042 83
2042 84
2042 85
2043 84
2043 85
2044 84
2044 85
2044 86
2045 85
2045 86
2046 85
2046 86
2046 87
2047 86
2047 87
2048 86
2048 87
2048 88
2049 87
2049 88
2050 87
2050 88
2050 89
2051 88
2051 89
2052 88
2052 89
2053 89
2053 90
2054 90
2055 90
2055 91
2056 91
2058 92
