1148 157
1148 158
1151 163
1151 164
1151 165
1153 154
1153 155
1154 171
1156 160
1156 161
1156 162
1156 163
1158 151
1158 152
1158 153
1159 167
1159 168
1159 169
1161 158
1161 159
1161 160
1161 161
1163 149
1163 150
1163 151
1164 164
1164 165
1164 166
1164 167
1166 155
1166 156
1166 157
1166 158
1167 172
1167 173
1167 174
1168 146
1168 147
1168 148
1169 161
1169 162
1169 163
1169 164
1169 165
1171 152
1171 153
1171 154
1171 155
1171 156
1172 169
1172 170
1172 171
1172 172
1173 144
1173 145
1174 159
1174 160
1174 161
1174 162
1174 163
1175 176
1175 177
1175 178
1176 149
1176 150
1176 151
1176 152
1176 153
1177 166
1177 167
1177 168
1177 169
1177 170
1178 142
1178 143
1179 156
1179 157
1179 158
1179 159
1179 160
1179 161
1180 173
1180 174
1180 175
1180 176
1181 147
1181 148
1181 149
1181 150
1181 151
1182 163
1182 164
1182 165
1182 166
1182 167
1184 153
1184 154
1184 155
1184 156
1184 157
1184 158
1185 170
1185 171
1185 172
1185 173
1185 174
1186 144
1186 145
1186 146
1186 147
1186 148
1187 160
1187 161
1187 162
1187 163
1187 164
1187 165
1188 178
1188 179
1188 180
1189 151
1189 152
1189 153
1189 154
1189 155
1189 156
1190 167
1190 168
1190 169
1190 170
1190 171
1190 172
1191 142
1191 143
1191 144
1191 145
1192 157
1192 158
1192 159
1192 160
1192 161
1192 162
1192 163
1193 175
1193 176
1193 177
1193 178
1194 148
1194 149
1194 150
1194 151
1194 152
1194 153
1195 164
1195 165
1195 166
1195 167
1195 168
1195 169
1195 170
1196 140
1196 141
1196 142
1196 143
1196 183
1196 184
1197 155
1197 156
1197 157
1197 158
1197 159
1197 160
1198 172
1198 173
1198 174
1198 175
1198 176
1199 146
1199 147
1199 148
1199 149
1199 150
1200 161
1200 162
1200 163
1200 164
1200 165
1200 166
1200 167
1201 137
1201 138
1201 139
1201 140
1201 179
1201 180
1201 181
1201 182
1202 152
1202 153
1202 154
1202 155
1202 156
1202 157
1202 158
1203 169
1203 170
1203 171
1203 172
1203 173
1203 174
1204 143
1204 144
1204 145
1204 146
1204 147
1204 148
1205 159
1205 160
1205 161
1205 162
1205 163
1205 164
1205 165
1206 135
1206 136
1206 137
1206 176
1206 177
1206 178
1206 179
1206 180
1207 149
1207 150
1207 151
1207 152
1207 153
1207 154
1207 155
1208 166
1208 167
1208 168
1208 169
1208 170
1208 171
1208 172
1209 141
1209 142
1209 143
1209 144
1209 145
1209 184
1209 185
1209 186
1210 156
1210 157
1210 158
1210 159
1210 160
1210 161
1210 162
1211 173
1211 174
1211 175
1211 176
1211 177
1211 178
1212 147
1212 148
1212 149
1212 150
1212 151
1212 152
1212 153
1213 163
1213 164
1213 165
1213 166
1213 167
1213 168
1213 169
1214 138
1214 139
1214 140
1214 141
1214 142
1214 181
1214 182
1214 183
1214 184
1215 153
1215 154
1215 155
1215 156
1215 157
1215 158
1215 159
1215 160
1216 170
1216 171
1216 172
1216 173
1216 174
1216 175
1216 176
1217 144
1217 145
1217 146
1217 147
1217 148
1217 149
1217 150
1218 160
1218 161
1218 162
1218 163
1218 164
1218 165
1218 166
1218 167
1219 136
1219 137
1219 138
1219 139
1219 140
1219 178
1219 179
1219 180
1219 181
1219 182
1220 151
1220 152
1220 153
1220 154
1220 155
1220 156
1220 157
1221 167
1221 168
1221 169
1221 170
1221 171
1221 172
1221 173
1221 174
1222 142
1222 143
1222 144
1222 145
1222 146
1222 147
1222 186
1222 187
1222 188
1223 158
1223 159
1223 160
1223 161
1223 162
1223 163
1223 164
1223 165
1224 134
1224 135
1224 136
1224 137
1224 175
1224 176
1224 177
1224 178
1224 179
1224 180
1225 148
1225 149
1225 150
1225 151
1225 152
1225 153
1225 154
1225 155
1226 165
1226 166
1226 167
1226 168
1226 169
1226 170
1226 171
1227 139
1227 140
1227 141
1227 142
1227 143
1227 144
1227 145
1227 183
1227 184
1227 185
1227 186
1228 155
1228 156
1228 157
1228 158
1228 159
1228 160
1228 161
1228 162
1229 132
1229 133
1229 172
1229 173
1229 174
1229 175
1229 176
1229 177
1229 178
1230 146
1230 147
1230 148
1230 149
1230 150
1230 151
1230 152
1231 162
1231 163
1231 164
1231 165
1231 166
1231 167
1231 168
1231 169
1232 137
1232 138
1232 139
1232 140
1232 141
1232 142
1232 180
1232 181
1232 182
1232 183
1232 184
1233 152
1233 153
1233 154
1233 155
1233 156
1233 157
1233 158
1233 159
1233 160
1234 169
1234 170
1234 171
1234 172
1234 173
1234 174
1234 175
1234 176
1235 143
1235 144
1235 145
1235 146
1235 147
1235 148
1235 149
1235 150
1235 188
1235 189
1235 190
1236 159
1236 160
1236 161
1236 162
1236 163
1236 164
1236 165
1236 166
1236 167
1237 135
1237 136
1237 137
1237 138
1237 139
1237 177
1237 178
1237 179
1237 180
1237 181
1237 182
1238 150
1238 151
1238 152
1238 153
1238 154
1238 155
1238 156
1238 157
1239 166
1239 167
1239 168
1239 169
1239 170
1239 171
1239 172
1239 173
1240 141
1240 142
1240 143
1240 144
1240 145
1240 146
1240 147
1240 185
1240 186
1240 187
1240 188
1241 156
1241 157
1241 158
1241 159
1241 160
1241 161
1241 162
1241 163
1241 164
1242 133
1242 134
1242 135
1242 136
1242 174
1242 175
1242 176
1242 177
1242 178
1242 179
1242 180
1243 147
1243 148
1243 149
1243 150
1243 151
1243 152
1243 153
1243 154
1244 164
1244 165
1244 166
1244 167
1244 168
1244 169
1244 170
1244 171
1245 138
1245 139
1245 140
1245 141
1245 142
1245 143
1245 144
1245 181
1245 182
1245 183
1245 184
1245 185
1245 186
1246 154
1246 155
1246 156
1246 157
1246 158
1246 159
1246 160
1246 161
1246 162
1247 131
1247 132
1247 133
1247 171
1247 172
1247 173
1247 174
1247 175
1247 176
1247 177
1247 178
1248 145
1248 146
1248 147
1248 148
1248 149
1248 150
1248 151
1248 152
1248 190
1248 191
1249 161
1249 162
1249 163
1249 164
1249 165
1249 166
1249 167
1249 168
1249 169
1250 136
1250 137
1250 138
1250 139
1250 140
1250 141
1250 178
1250 179
1250 180
1250 181
1250 182
1250 183
1250 184
1251 151
1251 152
1251 153
1251 154
1251 155
1251 156
1251 157
1251 158
1251 159
1252 129
1252 130
1252 168
1252 169
1252 170
1252 171
1252 172
1252 173
1252 174
1252 175
1253 142
1253 143
1253 144
1253 145
1253 146
1253 147
1253 148
1253 149
1253 186
1253 187
1253 188
1253 189
1253 190
1254 158
1254 159
1254 160
1254 161
1254 162
1254 163
1254 164
1254 165
1254 166
1255 134
1255 135
1255 136
1255 137
1255 138
1255 139
1255 175
1255 176
1255 177
1255 178
1255 179
1255 180
1255 181
1255 182
1256 149
1256 150
1256 151
1256 152
1256 153
1256 154
1256 155
1256 156
1257 165
1257 166
1257 167
1257 168
1257 169
1257 170
1257 171
1257 172
1257 173
1258 140
1258 141
1258 142
1258 143
1258 144
1258 145
1258 146
1258 183
1258 184
1258 185
1258 186
1258 187
1258 188
1259 155
1259 156
1259 157
1259 158
1259 159
1259 160
1259 161
1259 162
1259 163
1259 164
1260 131
1260 132
1260 133
1260 134
1260 135
1260 136
1260 173
1260 174
1260 175
1260 176
1260 177
1260 178
1260 179
1260 180
1261 146
1261 147
1261 148
1261 149
1261 150
1261 151
1261 152
1261 153
1261 154
1261 192
1261 193
1262 162
1262 163
1262 164
1262 165
1262 166
1262 167
1262 168
1262 169
1262 170
1262 171
1263 137
1263 138
1263 139
1263 140
1263 141
1263 142
1263 143
1263 144
1263 180
1263 181
1263 182
1263 183
1263 184
1263 185
1263 186
1264 153
1264 154
1264 155
1264 156
1264 157
1264 158
1264 159
1264 160
1264 161
1265 129
1265 130
1265 131
1265 132
1265 133
1265 170
1265 171
1265 172
1265 173
1265 174
1265 175
1265 176
1265 177
1266 144
1266 145
1266 146
1266 147
1266 148
1266 149
1266 150
1266 151
1266 188
1266 189
1266 190
1266 191
1266 192
1267 160
1267 161
1267 162
1267 163
1267 164
1267 165
1267 166
1267 167
1267 168
1268 135
1268 136
1268 137
1268 138
1268 139
1268 140
1268 141
1268 177
1268 178
1268 179
1268 180
1268 181
1268 182
1268 183
1268 184
1269 150
1269 151
1269 152
1269 153
1269 154
1269 155
1269 156
1269 157
1269 158
1269 159
1270 128
1270 129
1270 167
1270 168
1270 169
1270 170
1270 171
1270 172
1270 173
1270 174
1270 175
1271 141
1271 142
1271 143
1271 144
1271 145
1271 146
1271 147
1271 148
1271 149
1271 185
1271 186
1271 187
1271 188
1271 189
1271 190
1272 157
1272 158
1272 159
1272 160
1272 161
1272 162
1272 163
1272 164
1272 165
1272 166
1273 133
1273 134
1273 135
1273 136
1273 137
1273 138
1273 174
1273 175
1273 176
1273 177
1273 178
1273 179
1273 180
1273 181
1273 182
1274 148
1274 149
1274 150
1274 151
1274 152
1274 153
1274 154
1274 155
1274 156
1275 164
1275 165
1275 166
1275 167
1275 168
1275 169
1275 170
1275 171
1275 172
1275 173
1276 139
1276 140
1276 141
1276 142
1276 143
1276 144
1276 145
1276 146
1276 182
1276 183
1276 184
1276 185
1276 186
1276 187
1276 188
1277 154
1277 155
1277 156
1277 157
1277 158
1277 159
1277 160
1277 161
1277 162
1277 163
1278 130
1278 131
1278 132
1278 133
1278 134
1278 135
1278 172
1278 173
1278 174
1278 175
1278 176
1278 177
1278 178
1278 179
1279 145
1279 146
1279 147
1279 148
1279 149
1279 150
1279 151
1279 152
1279 153
1279 191
1279 192
1279 193
1280 161
1280 162
1280 163
1280 164
1280 165
1280 166
1280 167
1280 168
1280 169
1280 170
1281 136
1281 137
1281 138
1281 139
1281 140
1281 141
1281 142
1281 143
1281 179
1281 180
1281 181
1281 182
1281 183
1281 184
1281 185
1281 186
1282 152
1282 153
1282 154
1282 155
1282 156
1282 157
1282 158
1282 159
1282 160
1283 128
1283 129
1283 130
1283 131
1283 132
1283 169
1283 170
1283 171
1283 172
1283 173
1283 174
1283 175
1283 176
1283 177
1284 142
1284 143
1284 144
1284 145
1284 146
1284 147
1284 148
1284 149
1284 150
1284 151
1284 187
1284 188
1284 189
1284 190
1284 191
1284 192
1285 159
1285 160
1285 161
1285 162
1285 163
1285 164
1285 165
1285 166
1285 167
1285 168
1286 134
1286 135
1286 136
1286 137
1286 138
1286 139
1286 140
1286 176
1286 177
1286 178
1286 179
1286 180
1286 181
1286 182
1286 183
1287 149
1287 150
1287 151
1287 152
1287 153
1287 154
1287 155
1287 156
1287 157
1287 158
1288 126
1288 127
1288 128
1288 129
1288 166
1288 167
1288 168
1288 169
1288 170
1288 171
1288 172
1288 173
1288 174
1289 140
1289 141
1289 142
1289 143
1289 144
1289 145
1289 146
1289 147
1289 148
1289 184
1289 185
1289 186
1289 187
1289 188
1289 189
1289 190
1290 156
1290 157
1290 158
1290 159
1290 160
1290 161
1290 162
1290 163
1290 164
1290 165
1291 132
1291 133
1291 134
1291 135
1291 136
1291 137
1291 173
1291 174
1291 175
1291 176
1291 177
1291 178
1291 179
1291 180
1291 181
1292 147
1292 148
1292 149
1292 150
1292 151
1292 152
1292 153
1292 154
1292 155
1292 193
1292 194
1292 195
1293 163
1293 164
1293 165
1293 166
1293 167
1293 168
1293 169
1293 170
1293 171
1293 172
1294 138
1294 139
1294 140
1294 141
1294 142
1294 143
1294 144
1294 145
1294 181
1294 182
1294 183
1294 184
1294 185
1294 186
1294 187
1295 153
1295 154
1295 155
1295 156
1295 157
1295 158
1295 159
1295 160
1295 161
1295 162
1296 129
1296 130
1296 131
1296 132
1296 133
1296 134
1296 171
1296 172
1296 173
1296 174
1296 175
1296 176
1296 177
1296 178
1296 179
1297 144
1297 145
1297 146
1297 147
1297 148
1297 149
1297 150
1297 151
1297 152
1297 153
1297 189
1297 190
1297 191
1297 192
1297 193
1298 160
1298 161
1298 162
1298 163
1298 164
1298 165
1298 166
1298 167
1298 168
1298 169
1298 170
1299 135
1299 136
1299 137
1299 138
1299 139
1299 140
1299 141
1299 142
1299 178
1299 179
1299 180
1299 181
1299 182
1299 183
1299 184
1299 185
1300 151
1300 152
1300 153
1300 154
1300 155
1300 156
1300 157
1300 158
1300 159
1300 160
1301 127
1301 128
1301 129
1301 130
1301 131
1301 168
1301 169
1301 170
1301 171
1301 172
1301 173
1301 174
1301 175
1301 176
1302 142
1302 143
1302 144
1302 145
1302 146
1302 147
1302 148
1302 149
1302 150
1302 186
1302 187
1302 188
1302 189
1302 190
1302 191
1303 158
1303 159
1303 160
1303 161
1303 162
1303 163
1303 164
1303 165
1303 166
1303 167
1304 133
1304 134
1304 135
1304 136
1304 137
1304 138
1304 139
1304 140
1304 175
1304 176
1304 177
1304 178
1304 179
1304 180
1304 181
1304 182
1304 183
1305 148
1305 149
1305 150
1305 151
1305 152
1305 153
1305 154
1305 155
1305 156
1305 157
1306 125
1306 126
1306 127
1306 128
1306 165
1306 166
1306 167
1306 168
1306 169
1306 170
1306 171
1306 172
1306 173
1306 174
1307 139
1307 140
1307 141
1307 142
1307 143
1307 144
1307 145
1307 146
1307 147
1307 183
1307 184
1307 185
1307 186
1307 187
1307 188
1307 189
1308 155
1308 156
1308 157
1308 158
1308 159
1308 160
1308 161
1308 162
1308 163
1308 164
1309 131
1309 132
1309 133
1309 134
1309 135
1309 136
1309 137
1309 172
1309 173
1309 174
1309 175
1309 176
1309 177
1309 178
1309 179
1309 180
1309 181
1310 146
1310 147
1310 148
1310 149
1310 150
1310 151
1310 152
1310 153
1310 154
1310 155
1310 191
1310 192
1310 193
1310 194
1310 195
1311 162
1311 163
1311 164
1311 165
1311 166
1311 167
1311 168
1311 169
1311 170
1311 171
1312 137
1312 138
1312 139
1312 140
1312 141
1312 142
1312 143
1312 144
1312 180
1312 181
1312 182
1312 183
1312 184
1312 185
1312 186
1312 187
1313 152
1313 153
1313 154
1313 155
1313 156
1313 157
1313 158
1313 159
1313 160
1313 161
1313 162
1314 128
1314 129
1314 130
1314 131
1314 132
1314 133
1314 134
1314 170
1314 171
1314 172
1314 173
1314 174
1314 175
1314 176
1314 177
1314 178
1315 143
1315 144
1315 145
1315 146
1315 147
1315 148
1315 149
1315 150
1315 151
1315 152
1315 188
1315 189
1315 190
1315 191
1315 192
1315 193
1316 160
1316 161
1316 162
1316 163
1316 164
1316 165
1316 166
1316 167
1316 168
1316 169
1317 134
1317 135
1317 136
1317 137
1317 138
1317 139
1317 140
1317 141
1317 142
1317 177
1317 178
1317 179
1317 180
1317 181
1317 182
1317 183
1317 184
1317 185
1318 150
1318 151
1318 152
1318 153
1318 154
1318 155
1318 156
1318 157
1318 158
1318 159
1319 126
1319 127
1319 128
1319 129
1319 130
1319 131
1319 167
1319 168
1319 169
1319 170
1319 171
1319 172
1319 173
1319 174
1319 175
1319 176
1320 141
1320 142
1320 143
1320 144
1320 145
1320 146
1320 147
1320 148
1320 149
1320 185
1320 186
1320 187
1320 188
1320 189
1320 190
1320 191
1321 157
1321 158
1321 159
1321 160
1321 161
1321 162
1321 163
1321 164
1321 165
1321 166
1322 132
1322 133
1322 134
1322 135
1322 136
1322 137
1322 138
1322 139
1322 174
1322 175
1322 176
1322 177
1322 178
1322 179
1322 180
1322 181
1322 182
1323 147
1323 148
1323 149
1323 150
1323 151
1323 152
1323 153
1323 154
1323 155
1323 156
1323 157
1323 194
1323 195
1323 196
1324 125
1324 126
1324 127
1324 164
1324 165
1324 166
1324 167
1324 168
1324 169
1324 170
1324 171
1324 172
1324 173
1325 138
1325 139
1325 140
1325 141
1325 142
1325 143
1325 144
1325 145
1325 146
1325 182
1325 183
1325 184
1325 185
1325 186
1325 187
1325 188
1325 189
1326 154
1326 155
1326 156
1326 157
1326 158
1326 159
1326 160
1326 161
1326 162
1326 163
1326 164
1327 130
1327 131
1327 132
1327 133
1327 134
1327 135
1327 136
1327 171
1327 172
1327 173
1327 174
1327 175
1327 176
1327 177
1327 178
1327 179
1327 180
1328 145
1328 146
1328 147
1328 148
1328 149
1328 150
1328 151
1328 152
1328 153
1328 154
1328 190
1328 191
1328 192
1328 193
1328 194
1329 161
1329 162
1329 163
1329 164
1329 165
1329 166
1329 167
1329 168
1329 169
1329 170
1329 171
1330 136
1330 137
1330 138
1330 139
1330 140
1330 141
1330 142
1330 143
1330 144
1330 179
1330 180
1330 181
1330 182
1330 183
1330 184
1330 185
1330 186
1330 187
1331 152
1331 153
1331 154
1331 155
1331 156
1331 157
1331 158
1331 159
1331 160
1331 161
1332 127
1332 128
1332 129
1332 130
1332 131
1332 132
1332 133
1332 169
1332 170
1332 171
1332 172
1332 173
1332 174
1332 175
1332 176
1332 177
1332 178
1333 142
1333 143
1333 144
1333 145
1333 146
1333 147
1333 148
1333 149
1333 150
1333 151
1333 187
1333 188
1333 189
1333 190
1333 191
1333 192
1333 193
1334 159
1334 160
1334 161
1334 162
1334 163
1334 164
1334 165
1334 166
1334 167
1334 168
1335 133
1335 134
1335 135
1335 136
1335 137
1335 138
1335 139
1335 140
1335 141
1335 176
1335 177
1335 178
1335 179
1335 180
1335 181
1335 182
1335 183
1335 184
1336 149
1336 150
1336 151
1336 152
1336 153
1336 154
1336 155
1336 156
1336 157
1336 158
1337 125
1337 126
1337 127
1337 128
1337 129
1337 130
1337 166
1337 167
1337 168
1337 169
1337 170
1337 171
1337 172
1337 173
1337 174
1337 175
1338 140
1338 141
1338 142
1338 143
1338 144
1338 145
1338 146
1338 147
1338 148
1338 184
1338 185
1338 186
1338 187
1338 188
1338 189
1338 190
1339 156
1339 157
1339 158
1339 159
1339 160
1339 161
1339 162
1339 163
1339 164
1339 165
1339 166
1340 131
1340 132
1340 133
1340 134
1340 135
1340 136
1340 137
1340 138
1340 173
1340 174
1340 175
1340 176
1340 177
1340 178
1340 179
1340 180
1340 181
1340 182
1341 146
1341 147
1341 148
1341 149
1341 150
1341 151
1341 152
1341 153
1341 154
1341 155
1341 156
1341 193
1341 194
1341 195
1341 196
1342 124
1342 125
1342 126
1342 163
1342 164
1342 165
1342 166
1342 167
1342 168
1342 169
1342 170
1342 171
1342 172
1342 173
1343 137
1343 138
1343 139
1343 140
1343 141
1343 142
1343 143
1343 144
1343 145
1343 146
1343 181
1343 182
1343 183
1343 184
1343 185
1343 186
1343 187
1343 188
1344 153
1344 154
1344 155
1344 156
1344 157
1344 158
1344 159
1344 160
1344 161
1344 162
1344 163
1345 129
1345 130
1345 131
1345 132
1345 133
1345 134
1345 135
1345 171
1345 172
1345 173
1345 174
1345 175
1345 176
1345 177
1345 178
1345 179
1346 144
1346 145
1346 146
1346 147
1346 148
1346 149
1346 150
1346 151
1346 152
1346 153
1346 189
1346 190
1346 191
1346 192
1346 193
1346 194
1347 160
1347 161
1347 162
1347 163
1347 164
1347 165
1347 166
1347 167
1347 168
1347 169
1347 170
1348 135
1348 136
1348 137
1348 138
1348 139
1348 140
1348 141
1348 142
1348 143
1348 178
1348 179
1348 180
1348 181
1348 182
1348 183
1348 184
1348 185
1348 186
1349 151
1349 152
1349 153
1349 154
1349 155
1349 156
1349 157
1349 158
1349 159
1349 160
1350 127
1350 128
1350 129
1350 130
1350 131
1350 132
1350 168
1350 169
1350 170
1350 171
1350 172
1350 173
1350 174
1350 175
1350 176
1350 177
1351 141
1351 142
1351 143
1351 144
1351 145
1351 146
1351 147
1351 148
1351 149
1351 150
1351 186
1351 187
1351 188
1351 189
1351 190
1351 191
1351 192
1352 158
1352 159
1352 160
1352 161
1352 162
1352 163
1352 164
1352 165
1352 166
1352 167
1352 168
1353 132
1353 133
1353 134
1353 135
1353 136
1353 137
1353 138
1353 139
1353 140
1353 175
1353 176
1353 177
1353 178
1353 179
1353 180
1353 181
1353 182
1353 183
1353 184
1354 148
1354 149
1354 150
1354 151
1354 152
1354 153
1354 154
1354 155
1354 156
1354 157
1354 158
1354 195
1354 196
1354 197
1355 125
1355 126
1355 127
1355 128
1355 129
1355 165
1355 166
1355 167
1355 168
1355 169
1355 170
1355 171
1355 172
1355 173
1355 174
1355 175
1356 139
1356 140
1356 141
1356 142
1356 143
1356 144
1356 145
1356 146
1356 147
1356 148
1356 183
1356 184
1356 185
1356 186
1356 187
1356 188
1356 189
1356 190
1357 155
1357 156
1357 157
1357 158
1357 159
1357 160
1357 161
1357 162
1357 163
1357 164
1357 165
1358 130
1358 131
1358 132
1358 133
1358 134
1358 135
1358 136
1358 137
1358 172
1358 173
1358 174
1358 175
1358 176
1358 177
1358 178
1358 179
1358 180
1358 181
1359 145
1359 146
1359 147
1359 148
1359 149
1359 150
1359 151
1359 152
1359 153
1359 154
1359 155
1359 192
1359 193
1359 194
1359 195
1360 123
1360 124
1360 125
1360 126
1360 162
1360 163
1360 164
1360 165
1360 166
1360 167
1360 168
1360 169
1360 170
1360 171
1360 172
1361 136
1361 137
1361 138
1361 139
1361 140
1361 141
1361 142
1361 143
1361 144
1361 145
1361 180
1361 181
1361 182
1361 183
1361 184
1361 185
1361 186
1361 187
1361 188
1362 152
1362 153
1362 154
1362 155
1362 156
1362 157
1362 158
1362 159
1362 160
1362 161
1362 162
1363 128
1363 129
1363 130
1363 131
1363 132
1363 133
1363 134
1363 170
1363 171
1363 172
1363 173
1363 174
1363 175
1363 176
1363 177
1363 178
1363 179
1364 143
1364 144
1364 145
1364 146
1364 147
1364 148
1364 149
1364 150
1364 151
1364 152
1364 188
1364 189
1364 190
1364 191
1364 192
1364 193
1364 194
1365 160
1365 161
1365 162
1365 163
1365 164
1365 165
1365 166
1365 167
1365 168
1365 169
1366 134
1366 135
1366 136
1366 137
1366 138
1366 139
1366 140
1366 141
1366 142
1366 177
1366 178
1366 179
1366 180
1366 181
1366 182
1366 183
1366 184
1366 185
1367 150
1367 151
1367 152
1367 153
1367 154
1367 155
1367 156
1367 157
1367 158
1367 159
1367 160
1368 126
1368 127
1368 128
1368 129
1368 130
1368 131
1368 167
1368 168
1368 169
1368 170
1368 171
1368 172
1368 173
1368 174
1368 175
1368 176
1369 140
1369 141
1369 142
1369 143
1369 144
1369 145
1369 146
1369 147
1369 148
1369 149
1369 150
1369 185
1369 186
1369 187
1369 188
1369 189
1369 190
1369 191
1369 192
1370 157
1370 158
1370 159
1370 160
1370 161
1370 162
1370 163
1370 164
1370 165
1370 166
1370 167
1371 132
1371 133
1371 134
1371 135
1371 136
1371 137
1371 138
1371 139
1371 174
1371 175
1371 176
1371 177
1371 178
1371 179
1371 180
1371 181
1371 182
1371 183
1372 147
1372 148
1372 149
1372 150
1372 151
1372 152
1372 153
1372 154
1372 155
1372 156
1372 157
1372 194
1372 195
1372 196
1373 124
1373 125
1373 126
1373 127
1373 128
1373 164
1373 165
1373 166
1373 167
1373 168
1373 169
1373 170
1373 171
1373 172
1373 173
1373 174
1374 138
1374 139
1374 140
1374 141
1374 142
1374 143
1374 144
1374 145
1374 146
1374 147
1374 182
1374 183
1374 184
1374 185
1374 186
1374 187
1374 188
1374 189
1375 154
1375 155
1375 156
1375 157
1375 158
1375 159
1375 160
1375 161
1375 162
1375 163
1375 164
1376 129
1376 130
1376 131
1376 132
1376 133
1376 134
1376 135
1376 136
1376 172
1376 173
1376 174
1376 175
1376 176
1376 177
1376 178
1376 179
1376 180
1376 181
1377 145
1377 146
1377 147
1377 148
1377 149
1377 150
1377 151
1377 152
1377 153
1377 154
1377 191
1377 192
1377 193
1377 194
1377 195
1378 122
1378 123
1378 124
1378 161
1378 162
1378 163
1378 164
1378 165
1378 166
1378 167
1378 168
1378 169
1378 170
1378 171
1379 136
1379 137
1379 138
1379 139
1379 140
1379 141
1379 142
1379 143
1379 144
1379 179
1379 180
1379 181
1379 182
1379 183
1379 184
1379 185
1379 186
1379 187
1380 152
1380 153
1380 154
1380 155
1380 156
1380 157
1380 158
1380 159
1380 160
1380 161
1380 162
1381 127
1381 128
1381 129
1381 130
1381 131
1381 132
1381 133
1381 169
1381 170
1381 171
1381 172
1381 173
1381 174
1381 175
1381 176
1381 177
1381 178
1382 142
1382 143
1382 144
1382 145
1382 146
1382 147
1382 148
1382 149
1382 150
1382 151
1382 152
1382 188
1382 189
1382 190
1382 191
1382 192
1382 193
1383 159
1383 160
1383 161
1383 162
1383 163
1383 164
1383 165
1383 166
1383 167
1383 168
1383 169
1384 133
1384 134
1384 135
1384 136
1384 137
1384 138
1384 139
1384 140
1384 141
1384 176
1384 177
1384 178
1384 179
1384 180
1384 181
1384 182
1384 183
1384 184
1384 185
1385 149
1385 150
1385 151
1385 152
1385 153
1385 154
1385 155
1385 156
1385 157
1385 158
1385 159
1386 125
1386 126
1386 127
1386 128
1386 129
1386 130
1386 166
1386 167
1386 168
1386 169
1386 170
1386 171
1386 172
1386 173
1386 174
1386 175
1386 176
1387 140
1387 141
1387 142
1387 143
1387 144
1387 145
1387 146
1387 147
1387 148
1387 149
1387 184
1387 185
1387 186
1387 187
1387 188
1387 189
1387 190
1387 191
1388 156
1388 157
1388 158
1388 159
1388 160
1388 161
1388 162
1388 163
1388 164
1388 165
1388 166
1389 131
1389 132
1389 133
1389 134
1389 135
1389 136
1389 137
1389 138
1389 174
1389 175
1389 176
1389 177
1389 178
1389 179
1389 180
1389 181
1389 182
1390 146
1390 147
1390 148
1390 149
1390 150
1390 151
1390 152
1390 153
1390 154
1390 155
1390 156
1390 193
1390 194
1390 195
1390 196
1391 123
1391 124
1391 125
1391 126
1391 127
1391 163
1391 164
1391 165
1391 166
1391 167
1391 168
1391 169
1391 170
1391 171
1391 172
1391 173
1392 137
1392 138
1392 139
1392 140
1392 141
1392 142
1392 143
1392 144
1392 145
1392 146
1392 181
1392 182
1392 183
1392 184
1392 185
1392 186
1392 187
1392 188
1392 189
1393 153
1393 154
1393 155
1393 156
1393 157
1393 158
1393 159
1393 160
1393 161
1393 162
1393 163
1394 129
1394 130
1394 131
1394 132
1394 133
1394 134
1394 135
1394 171
1394 172
1394 173
1394 174
1394 175
1394 176
1394 177
1394 178
1394 179
1394 180
1395 144
1395 145
1395 146
1395 147
1395 148
1395 149
1395 150
1395 151
1395 152
1395 153
1395 190
1395 191
1395 192
1395 193
1395 194
1396 122
1396 123
1396 161
1396 162
1396 163
1396 164
1396 165
1396 166
1396 167
1396 168
1396 169
1396 170
1396 171
1397 135
1397 136
1397 137
1397 138
1397 139
1397 140
1397 141
1397 142
1397 143
1397 179
1397 180
1397 181
1397 182
1397 183
1397 184
1397 185
1397 186
1398 151
1398 152
1398 153
1398 154
1398 155
1398 156
1398 157
1398 158
1398 159
1398 160
1398 161
1399 126
1399 127
1399 128
1399 129
1399 130
1399 131
1399 132
1399 168
1399 169
1399 170
1399 171
1399 172
1399 173
1399 174
1399 175
1399 176
1399 177
1400 141
1400 142
1400 143
1400 144
1400 145
1400 146
1400 147
1400 148
1400 149
1400 150
1400 151
1400 187
1400 188
1400 189
1400 190
1400 191
1400 192
1401 158
1401 159
1401 160
1401 161
1401 162
1401 163
1401 164
1401 165
1401 166
1401 167
1401 168
1402 132
1402 133
1402 134
1402 135
1402 136
1402 137
1402 138
1402 139
1402 140
1402 176
1402 177
1402 178
1402 179
1402 180
1402 181
1402 182
1402 183
1402 184
1403 148
1403 149
1403 150
1403 151
1403 152
1403 153
1403 154
1403 155
1403 156
1403 157
1403 158
1404 124
1404 125
1404 126
1404 127
1404 128
1404 129
1404 165
1404 166
1404 167
1404 168
1404 169
1404 170
1404 171
1404 172
1404 173
1404 174
1404 175
1405 139
1405 140
1405 141
1405 142
1405 143
1405 144
1405 145
1405 146
1405 147
1405 148
1405 184
1405 185
1405 186
1405 187
1405 188
1405 189
1405 190
1406 155
1406 156
1406 157
1406 158
1406 159
1406 160
1406 161
1406 162
1406 163
1406 164
1406 165
1407 130
1407 131
1407 132
1407 133
1407 134
1407 135
1407 136
1407 137
1407 173
1407 174
1407 175
1407 176
1407 177
1407 178
1407 179
1407 180
1407 181
1407 182
1408 146
1408 147
1408 148
1408 149
1408 150
1408 151
1408 152
1408 153
1408 154
1408 155
1408 193
1408 194
1408 195
1409 122
1409 123
1409 124
1409 125
1409 126
1409 163
1409 164
1409 165
1409 166
1409 167
1409 168
1409 169
1409 170
1409 171
1409 172
1410 136
1410 137
1410 138
1410 139
1410 140
1410 141
1410 142
1410 143
1410 144
1410 145
1410 181
1410 182
1410 183
1410 184
1410 185
1410 186
1410 187
1410 188
1411 153
1411 154
1411 155
1411 156
1411 157
1411 158
1411 159
1411 160
1411 161
1411 162
1411 163
1412 128
1412 129
1412 130
1412 131
1412 132
1412 133
1412 134
1412 170
1412 171
1412 172
1412 173
1412 174
1412 175
1412 176
1412 177
1412 178
1412 179
1413 143
1413 144
1413 145
1413 146
1413 147
1413 148
1413 149
1413 150
1413 151
1413 152
1413 153
1413 189
1413 190
1413 191
1413 192
1413 193
1413 194
1414 121
1414 122
1414 160
1414 161
1414 162
1414 163
1414 164
1414 165
1414 166
1414 167
1414 168
1414 169
1414 170
1415 134
1415 135
1415 136
1415 137
1415 138
1415 139
1415 140
1415 141
1415 142
1415 178
1415 179
1415 180
1415 181
1415 182
1415 183
1415 184
1415 185
1415 186
1416 150
1416 151
1416 152
1416 153
1416 154
1416 155
1416 156
1416 157
1416 158
1416 159
1416 160
1417 126
1417 127
1417 128
1417 129
1417 130
1417 131
1417 167
1417 168
1417 169
1417 170
1417 171
1417 172
1417 173
1417 174
1417 175
1417 176
1417 177
1418 141
1418 142
1418 143
1418 144
1418 145
1418 146
1418 147
1418 148
1418 149
1418 150
1418 186
1418 187
1418 188
1418 189
1418 190
1418 191
1418 192
1419 157
1419 158
1419 159
1419 160
1419 161
1419 162
1419 163
1419 164
1419 165
1419 166
1419 167
1420 132
1420 133
1420 134
1420 135
1420 136
1420 137
1420 138
1420 139
1420 175
1420 176
1420 177
1420 178
1420 179
1420 180
1420 181
1420 182
1420 183
1421 147
1421 148
1421 149
1421 150
1421 151
1421 152
1421 153
1421 154
1421 155
1421 156
1421 157
1422 124
1422 125
1422 126
1422 127
1422 128
1422 165
1422 166
1422 167
1422 168
1422 169
1422 170
1422 171
1422 172
1422 173
1422 174
1423 138
1423 139
1423 140
1423 141
1423 142
1423 143
1423 144
1423 145
1423 146
1423 147
1423 183
1423 184
1423 185
1423 186
1423 187
1423 188
1423 189
1423 190
1424 154
1424 155
1424 156
1424 157
1424 158
1424 159
1424 160
1424 161
1424 162
1424 163
1424 164
1425 129
1425 130
1425 131
1425 132
1425 133
1425 134
1425 135
1425 136
1425 172
1425 173
1425 174
1425 175
1425 176
1425 177
1425 178
1425 179
1425 180
1425 181
1426 145
1426 146
1426 147
1426 148
1426 149
1426 150
1426 151
1426 152
1426 153
1426 154
1426 192
1426 193
1426 194
1426 195
1427 122
1427 123
1427 124
1427 125
1427 162
1427 163
1427 164
1427 165
1427 166
1427 167
1427 168
1427 169
1427 170
1427 171
1427 172
1428 136
1428 137
1428 138
1428 139
1428 140
1428 141
1428 142
1428 143
1428 144
1428 180
1428 181
1428 182
1428 183
1428 184
1428 185
1428 186
1428 187
1429 152
1429 153
1429 154
1429 155
1429 156
1429 157
1429 158
1429 159
1429 160
1429 161
1429 162
1430 127
1430 128
1430 129
1430 130
1430 131
1430 132
1430 133
1430 169
1430 170
1430 171
1430 172
1430 173
1430 174
1430 175
1430 176
1430 177
1430 178
1431 142
1431 143
1431 144
1431 145
1431 146
1431 147
1431 148
1431 149
1431 150
1431 151
1431 152
1431 188
1431 189
1431 190
1431 191
1431 192
1431 193
1432 159
1432 160
1432 161
1432 162
1432 163
1432 164
1432 165
1432 166
1432 167
1432 168
1432 169
1433 133
1433 134
1433 135
1433 136
1433 137
1433 138
1433 139
1433 140
1433 141
1433 177
1433 178
1433 179
1433 180
1433 181
1433 182
1433 183
1433 184
1433 185
1434 149
1434 150
1434 151
1434 152
1434 153
1434 154
1434 155
1434 156
1434 157
1434 158
1434 159
1435 125
1435 126
1435 127
1435 128
1435 129
1435 130
1435 167
1435 168
1435 169
1435 170
1435 171
1435 172
1435 173
1435 174
1435 175
1435 176
1436 140
1436 141
1436 142
1436 143
1436 144
1436 145
1436 146
1436 147
1436 148
1436 149
1436 185
1436 186
1436 187
1436 188
1436 189
1436 190
1436 191
1437 156
1437 157
1437 158
1437 159
1437 160
1437 161
1437 162
1437 163
1437 164
1437 165
1437 166
1438 131
1438 132
1438 133
1438 134
1438 135
1438 136
1438 137
1438 138
1438 174
1438 175
1438 176
1438 177
1438 178
1438 179
1438 180
1438 181
1438 182
1438 183
1439 147
1439 148
1439 149
1439 150
1439 151
1439 152
1439 153
1439 154
1439 155
1439 156
1440 123
1440 124
1440 125
1440 126
1440 127
1440 164
1440 165
1440 166
1440 167
1440 168
1440 169
1440 170
1440 171
1440 172
1440 173
1441 137
1441 138
1441 139
1441 140
1441 141
1441 142
1441 143
1441 144
1441 145
1441 146
1441 182
1441 183
1441 184
1441 185
1441 186
1441 187
1441 188
1441 189
1442 154
1442 155
1442 156
1442 157
1442 158
1442 159
1442 160
1442 161
1442 162
1442 163
1442 164
1443 129
1443 130
1443 131
1443 132
1443 133
1443 134
1443 135
1443 171
1443 172
1443 173
1443 174
1443 175
1443 176
1443 177
1443 178
1443 179
1443 180
1444 144
1444 145
1444 146
1444 147
1444 148
1444 149
1444 150
1444 151
1444 152
1444 153
1444 154
1444 191
1444 192
1444 193
1444 194
1445 122
1445 123
1445 161
1445 162
1445 163
1445 164
1445 165
1445 166
1445 167
1445 168
1445 169
1445 170
1445 171
1446 135
1446 136
1446 137
1446 138
1446 139
1446 140
1446 141
1446 142
1446 143
1446 179
1446 180
1446 181
1446 182
1446 183
1446 184
1446 185
1446 186
1447 151
1447 152
1447 153
1447 154
1447 155
1447 156
1447 157
1447 158
1447 159
1447 160
1447 161
1448 126
1448 127
1448 128
1448 129
1448 130
1448 131
1448 132
1448 169
1448 170
1448 171
1448 172
1448 173
1448 174
1448 175
1448 176
1448 177
1448 178
1449 142
1449 143
1449 144
1449 145
1449 146
1449 147
1449 148
1449 149
1449 150
1449 151
1449 188
1449 189
1449 190
1449 191
1449 192
1450 158
1450 159
1450 160
1450 161
1450 162
1450 163
1450 164
1450 165
1450 166
1450 167
1450 168
1451 132
1451 133
1451 134
1451 135
1451 136
1451 137
1451 138
1451 139
1451 140
1451 176
1451 177
1451 178
1451 179
1451 180
1451 181
1451 182
1451 183
1451 184
1452 148
1452 149
1452 150
1452 151
1452 152
1452 153
1452 154
1452 155
1452 156
1452 157
1452 158
1453 124
1453 125
1453 126
1453 127
1453 128
1453 129
1453 166
1453 167
1453 168
1453 169
1453 170
1453 171
1453 172
1453 173
1453 174
1453 175
1454 139
1454 140
1454 141
1454 142
1454 143
1454 144
1454 145
1454 146
1454 147
1454 148
1454 185
1454 186
1454 187
1454 188
1454 189
1454 190
1455 156
1455 157
1455 158
1455 159
1455 160
1455 161
1455 162
1455 163
1455 164
1455 165
1456 130
1456 131
1456 132
1456 133
1456 134
1456 135
1456 136
1456 137
1456 173
1456 174
1456 175
1456 176
1456 177
1456 178
1456 179
1456 180
1456 181
1456 182
1457 146
1457 147
1457 148
1457 149
1457 150
1457 151
1457 152
1457 153
1457 154
1457 155
1458 123
1458 124
1458 125
1458 126
1458 163
1458 164
1458 165
1458 166
1458 167
1458 168
1458 169
1458 170
1458 171
1458 172
1459 137
1459 138
1459 139
1459 140
1459 141
1459 142
1459 143
1459 144
1459 145
1459 182
1459 183
1459 184
1459 185
1459 186
1459 187
1459 188
1460 153
1460 154
1460 155
1460 156
1460 157
1460 158
1460 159
1460 160
1460 161
1460 162
1460 163
1461 128
1461 129
1461 130
1461 131
1461 132
1461 133
1461 134
1461 171
1461 172
1461 173
1461 174
1461 175
1461 176
1461 177
1461 178
1461 179
1462 143
1462 144
1462 145
1462 146
1462 147
1462 148
1462 149
1462 150
1462 151
1462 152
1462 153
1462 191
1462 192
1462 193
1463 160
1463 161
1463 162
1463 163
1463 164
1463 165
1463 166
1463 167
1463 168
1463 169
1463 170
1464 134
1464 135
1464 136
1464 137
1464 138
1464 139
1464 140
1464 141
1464 142
1464 179
1464 180
1464 181
1464 182
1464 183
1464 184
1464 185
1464 186
1465 150
1465 151
1465 152
1465 153
1465 154
1465 155
1465 156
1465 157
1465 158
1465 159
1465 160
1466 126
1466 127
1466 128
1466 129
1466 130
1466 131
1466 168
1466 169
1466 170
1466 171
1466 172
1466 173
1466 174
1466 175
1466 176
1466 177
1467 141
1467 142
1467 143
1467 144
1467 145
1467 146
1467 147
1467 148
1467 149
1467 150
1467 187
1467 188
1467 189
1467 190
1467 191
1468 158
1468 159
1468 160
1468 161
1468 162
1468 163
1468 164
1468 165
1468 166
1468 167
1469 132
1469 133
1469 134
1469 135
1469 136
1469 137
1469 138
1469 139
1469 176
1469 177
1469 178
1469 179
1469 180
1469 181
1469 182
1469 183
1470 148
1470 149
1470 150
1470 151
1470 152
1470 153
1470 154
1470 155
1470 156
1470 157
1471 124
1471 125
1471 126
1471 127
1471 128
1471 165
1471 166
1471 167
1471 168
1471 169
1471 170
1471 171
1471 172
1471 173
1471 174
1472 138
1472 139
1472 140
1472 141
1472 142
1472 143
1472 144
1472 145
1472 146
1472 147
1472 184
1472 185
1472 186
1472 187
1472 188
1472 189
1473 155
1473 156
1473 157
1473 158
1473 159
1473 160
1473 161
1473 162
1473 163
1473 164
1474 130
1474 131
1474 132
1474 133
1474 134
1474 135
1474 136
1474 173
1474 174
1474 175
1474 176
1474 177
1474 178
1474 179
1474 180
1474 181
1475 145
1475 146
1475 147
1475 148
1475 149
1475 150
1475 151
1475 152
1475 153
1475 154
1476 122
1476 123
1476 124
1476 162
1476 163
1476 164
1476 165
1476 166
1476 167
1476 168
1476 169
1476 170
1476 171
1477 136
1477 137
1477 138
1477 139
1477 140
1477 141
1477 142
1477 143
1477 144
1477 181
1477 182
1477 183
1477 184
1477 185
1477 186
1477 187
1478 152
1478 153
1478 154
1478 155
1478 156
1478 157
1478 158
1478 159
1478 160
1478 161
1478 162
1479 127
1479 128
1479 129
1479 130
1479 131
1479 132
1479 133
1479 170
1479 171
1479 172
1479 173
1479 174
1479 175
1479 176
1479 177
1479 178
1480 143
1480 144
1480 145
1480 146
1480 147
1480 148
1480 149
1480 150
1480 151
1480 152
1480 191
1480 192
1481 160
1481 161
1481 162
1481 163
1481 164
1481 165
1481 166
1481 167
1481 168
1481 169
1482 134
1482 135
1482 136
1482 137
1482 138
1482 139
1482 140
1482 141
1482 178
1482 179
1482 180
1482 181
1482 182
1482 183
1482 184
1482 185
1483 150
1483 151
1483 152
1483 153
1483 154
1483 155
1483 156
1483 157
1483 158
1483 159
1484 125
1484 126
1484 127
1484 128
1484 129
1484 130
1484 167
1484 168
1484 169
1484 170
1484 171
1484 172
1484 173
1484 174
1484 175
1484 176
1485 140
1485 141
1485 142
1485 143
1485 144
1485 145
1485 146
1485 147
1485 148
1485 149
1485 187
1485 188
1485 189
1485 190
1486 157
1486 158
1486 159
1486 160
1486 161
1486 162
1486 163
1486 164
1486 165
1486 166
1487 131
1487 132
1487 133
1487 134
1487 135
1487 136
1487 137
1487 138
1487 175
1487 176
1487 177
1487 178
1487 179
1487 180
1487 181
1487 182
1488 147
1488 148
1488 149
1488 150
1488 151
1488 152
1488 153
1488 154
1488 155
1488 156
1489 124
1489 125
1489 126
1489 164
1489 165
1489 166
1489 167
1489 168
1489 169
1489 170
1489 171
1489 172
1489 173
1490 138
1490 139
1490 140
1490 141
1490 142
1490 143
1490 144
1490 145
1490 146
1490 184
1490 185
1490 186
1490 187
1490 188
1491 154
1491 155
1491 156
1491 157
1491 158
1491 159
1491 160
1491 161
1491 162
1491 163
1492 129
1492 130
1492 131
1492 132
1492 133
1492 134
1492 135
1492 172
1492 173
1492 174
1492 175
1492 176
1492 177
1492 178
1492 179
1492 180
1493 145
1493 146
1493 147
1493 148
1493 149
1493 150
1493 151
1493 152
1493 153
1494 162
1494 163
1494 164
1494 165
1494 166
1494 167
1494 168
1494 169
1494 170
1494 171
1495 135
1495 136
1495 137
1495 138
1495 139
1495 140
1495 141
1495 142
1495 143
1495 181
1495 182
1495 183
1495 184
1495 185
1495 186
1496 152
1496 153
1496 154
1496 155
1496 156
1496 157
1496 158
1496 159
1496 160
1496 161
1497 127
1497 128
1497 129
1497 130
1497 131
1497 132
1497 169
1497 170
1497 171
1497 172
1497 173
1497 174
1497 175
1497 176
1497 177
1498 142
1498 143
1498 144
1498 145
1498 146
1498 147
1498 148
1498 149
1498 150
1498 151
1499 159
1499 160
1499 161
1499 162
1499 163
1499 164
1499 165
1499 166
1499 167
1499 168
1500 133
1500 134
1500 135
1500 136
1500 137
1500 138
1500 139
1500 140
1500 178
1500 179
1500 180
1500 181
1500 182
1500 183
1500 184
1501 149
1501 150
1501 151
1501 152
1501 153
1501 154
1501 155
1501 156
1501 157
1501 158
1502 125
1502 126
1502 127
1502 128
1502 167
1502 168
1502 169
1502 170
1502 171
1502 172
1502 173
1502 174
1502 175
1503 140
1503 141
1503 142
1503 143
1503 144
1503 145
1503 146
1503 147
1503 148
1503 187
1503 188
1503 189
1504 156
1504 157
1504 158
1504 159
1504 160
1504 161
1504 162
1504 163
1504 164
1504 165
1505 131
1505 132
1505 133
1505 134
1505 135
1505 136
1505 137
1505 175
1505 176
1505 177
1505 178
1505 179
1505 180
1505 181
1506 146
1506 147
1506 148
1506 149
1506 150
1506 151
1506 152
1506 153
1506 154
1506 155
1507 124
1507 164
1507 165
1507 166
1507 167
1507 168
1507 169
1507 170
1507 171
1507 172
1508 137
1508 138
1508 139
1508 140
1508 141
1508 142
1508 143
1508 144
1508 145
1508 183
1508 184
1508 185
1508 186
1508 187
1509 154
1509 155
1509 156
1509 157
1509 158
1509 159
1509 160
1509 161
1509 162
1510 128
1510 129
1510 130
1510 131
1510 132
1510 133
1510 134
1510 172
1510 173
1510 174
1510 175
1510 176
1510 177
1510 178
1510 179
1511 144
1511 145
1511 146
1511 147
1511 148
1511 149
1511 150
1511 151
1511 152
1512 161
1512 162
1512 163
1512 164
1512 165
1512 166
1512 167
1512 168
1512 169
1512 170
1513 135
1513 136
1513 137
1513 138
1513 139
1513 140
1513 141
1513 142
1513 180
1513 181
1513 182
1513 183
1513 184
1513 185
1514 151
1514 152
1514 153
1514 154
1514 155
1514 156
1514 157
1514 158
1514 159
1514 160
1515 127
1515 128
1515 129
1515 130
1515 169
1515 170
1515 171
1515 172
1515 173
1515 174
1515 175
1515 176
1516 141
1516 142
1516 143
1516 144
1516 145
1516 146
1516 147
1516 148
1516 149
1517 158
1517 159
1517 160
1517 161
1517 162
1517 163
1517 164
1517 165
1517 166
1517 167
1518 132
1518 133
1518 134
1518 135
1518 136
1518 137
1518 138
1518 139
1518 177
1518 178
1518 179
1518 180
1518 181
1518 182
1518 183
1519 148
1519 149
1519 150
1519 151
1519 152
1519 153
1519 154
1519 155
1519 156
1519 157
1520 125
1520 126
1520 127
1520 166
1520 167
1520 168
1520 169
1520 170
1520 171
1520 172
1520 173
1520 174
1521 139
1521 140
1521 141
1521 142
1521 143
1521 144
1521 145
1521 146
1521 147
1522 156
1522 157
1522 158
1522 159
1522 160
1522 161
1522 162
1522 163
1522 164
1523 130
1523 131
1523 132
1523 133
1523 134
1523 135
1523 136
1523 174
1523 175
1523 176
1523 177
1523 178
1523 179
1523 180
1524 146
1524 147
1524 148
1524 149
1524 150
1524 151
1524 152
1524 153
1524 154
1525 163
1525 164
1525 165
1525 166
1525 167
1525 168
1525 169
1525 170
1525 171
1526 137
1526 138
1526 139
1526 140
1526 141
1526 142
1526 143
1526 144
1526 183
1526 184
1526 185
1526 186
1527 153
1527 154
1527 155
1527 156
1527 157
1527 158
1527 159
1527 160
1527 161
1528 128
1528 129
1528 130
1528 131
1528 132
1528 171
1528 172
1528 173
1528 174
1528 175
1528 176
1528 177
1528 178
1529 143
1529 144
1529 145
1529 146
1529 147
1529 148
1529 149
1529 150
1529 151
1530 161
1530 162
1530 163
1530 164
1530 165
1530 166
1530 167
1530 168
1531 134
1531 135
1531 136
1531 137
1531 138
1531 139
1531 140
1531 141
1531 180
1531 181
1531 182
1531 183
1531 184
1532 151
1532 152
1532 153
1532 154
1532 155
1532 156
1532 157
1532 158
1532 159
1533 126
1533 127
1533 128
1533 129
1533 168
1533 169
1533 170
1533 171
1533 172
1533 173
1533 174
1533 175
1534 141
1534 142
1534 143
1534 144
1534 145
1534 146
1534 147
1534 148
1535 158
1535 159
1535 160
1535 161
1535 162
1535 163
1535 164
1535 165
1535 166
1536 132
1536 133
1536 134
1536 135
1536 136
1536 137
1536 177
1536 178
1536 179
1536 180
1536 181
1537 148
1537 149
1537 150
1537 151
1537 152
1537 153
1537 154
1537 155
1537 156
1538 166
1538 167
1538 168
1538 169
1538 170
1538 171
1538 172
1538 173
1539 138
1539 139
1539 140
1539 141
1539 142
1539 143
1539 144
1539 145
1540 155
1540 156
1540 157
1540 158
1540 159
1540 160
1540 161
1540 162
1540 163
1541 130
1541 131
1541 132
1541 133
1541 134
1541 174
1541 175
1541 176
1541 177
1541 178
1541 179
1542 145
1542 146
1542 147
1542 148
1542 149
1542 150
1542 151
1542 152
1542 153
1543 163
1543 164
1543 165
1543 166
1543 167
1543 168
1543 169
1543 170
1544 136
1544 137
1544 138
1544 139
1544 140
1544 141
1544 142
1545 153
1545 154
1545 155
1545 156
1545 157
1545 158
1545 159
1545 160
1546 128
1546 129
1546 130
1546 131
1546 171
1546 172
1546 173
1546 174
1546 175
1546 176
1547 143
1547 144
1547 145
1547 146
1547 147
1547 148
1547 149
1547 150
1548 160
1548 161
1548 162
1548 163
1548 164
1548 165
1548 166
1548 167
1549 134
1549 135
1549 136
1549 137
1549 138
1549 139
1549 180
1549 181
1549 182
1550 150
1550 151
1550 152
1550 153
1550 154
1550 155
1550 156
1550 157
1551 168
1551 169
1551 170
1551 171
1551 172
1551 173
1551 174
1552 140
1552 141
1552 142
1552 143
1552 144
1552 145
1552 146
1552 147
1553 158
1553 159
1553 160
1553 161
1553 162
1553 163
1553 164
1554 132
1554 133
1554 134
1554 135
1554 136
1554 177
1554 178
1554 179
1554 180
1555 148
1555 149
1555 150
1555 151
1555 152
1555 153
1555 154
1556 165
1556 166
1556 167
1556 168
1556 169
1556 170
1556 171
1557 138
1557 139
1557 140
1557 141
1557 142
1557 143
1557 144
1558 155
1558 156
1558 157
1558 158
1558 159
1558 160
1558 161
1558 162
1559 130
1559 131
1559 132
1559 174
1559 175
1559 176
1559 177
1560 145
1560 146
1560 147
1560 148
1560 149
1560 150
1560 151
1560 152
1561 163
1561 164
1561 165
1561 166
1561 167
1561 168
1561 169
1562 136
1562 137
1562 138
1562 139
1562 140
1562 141
1563 152
1563 153
1563 154
1563 155
1563 156
1563 157
1563 158
1563 159
1564 171
1564 172
1564 173
1564 174
1564 175
1565 143
1565 144
1565 145
1565 146
1565 147
1565 148
1565 149
1566 160
1566 161
1566 162
1566 163
1566 164
1566 165
1566 166
1567 134
1567 135
1567 136
1567 137
1567 138
1568 150
1568 151
1568 152
1568 153
1568 154
1568 155
1568 156
1569 168
1569 169
1569 170
1569 171
1569 172
1570 140
1570 141
1570 142
1570 143
1570 144
1570 145
1570 146
1571 157
1571 158
1571 159
1571 160
1571 161
1571 162
1571 163
1572 132
1572 133
1572 134
1573 147
1573 148
1573 149
1573 150
1573 151
1573 152
1573 153
1574 165
1574 166
1574 167
1574 168
1574 169
1574 170
1575 138
1575 139
1575 140
1575 141
1575 142
1576 155
1576 156
1576 157
1576 158
1576 159
1576 160
1577 174
1577 175
1578 145
1578 146
1578 147
1578 148
1578 149
1578 150
1579 162
1579 163
1579 164
1579 165
1579 166
1579 167
1580 136
1580 137
1580 138
1580 139
1581 152
1581 153
1581 154
1581 155
1581 156
1581 157
1582 171
1582 172
1582 173
1583 142
1583 143
1583 144
1583 145
1583 146
1583 147
1584 160
1584 161
1584 162
1584 163
1584 164
1585 134
1585 135
1586 150
1586 151
1586 152
1586 153
1586 154
1586 155
1587 168
1587 169
1587 170
1587 171
1588 140
1588 141
1588 142
1588 143
1588 144
1589 157
1589 158
1589 159
1589 160
1589 161
1589 162
1591 147
1591 148
1591 149
1591 150
1591 151
1591 152
1592 165
1592 166
1592 167
1592 168
1593 138
1593 139
1593 140
1593 141
1594 155
1594 156
1594 157
1594 158
1594 159
1596 145
1596 146
1596 147
1596 148
1597 163
1597 164
1597 165
1599 152
1599 153
1599 154
1599 155
1599 156
1601 143
1601 144
1601 145
1602 160
1602 161
1602 162
1604 150
1604 151
1604 152
1604 153
1606 141
1607 158
1607 159
1609 147
1609 148
1609 149
1612 155
1612 156
1614 146
