570 116
570 117
571 125
575 113
575 114
575 115
576 121
576 122
576 123
580 110
580 111
580 112
581 118
581 119
581 120
581 121
582 127
582 128
582 129
585 107
585 108
585 109
586 115
586 116
586 117
586 118
587 123
587 124
587 125
587 126
588 133
590 104
590 105
590 106
591 111
591 112
591 113
591 114
591 115
592 120
592 121
592 122
592 123
592 124
593 129
593 130
593 131
593 132
595 101
595 102
595 103
596 108
596 109
596 110
596 111
596 112
597 117
597 118
597 119
597 120
597 121
598 125
598 126
598 127
598 128
598 129
599 135
599 136
600 98
600 99
600 100
601 105
601 106
601 107
601 108
601 109
602 113
602 114
602 115
602 116
602 117
602 118
603 122
603 123
603 124
603 125
603 126
603 127
604 131
604 132
604 133
604 134
605 96
606 103
606 104
606 105
606 106
607 110
607 111
607 112
607 113
607 114
607 115
608 119
608 120
608 121
608 122
608 123
608 124
609 128
609 129
609 130
609 131
609 132
610 138
611 100
611 101
611 102
611 103
612 107
612 108
612 109
612 110
612 111
612 112
612 113
613 116
613 117
613 118
613 119
613 120
613 121
614 124
614 125
614 126
614 127
614 128
614 129
615 134
615 135
615 136
615 137
616 97
616 98
616 99
616 100
617 105
617 106
617 107
617 108
617 109
617 110
618 113
618 114
618 115
618 116
618 117
618 118
619 121
619 122
619 123
619 124
619 125
619 126
619 127
620 130
620 131
620 132
620 133
620 134
621 94
621 95
621 96
621 97
622 102
622 103
622 104
622 105
622 106
622 107
623 110
623 111
623 112
623 113
623 114
623 115
624 118
624 119
624 120
624 121
624 122
624 123
624 124
625 127
625 128
625 129
625 130
625 131
625 132
626 92
626 93
626 94
626 136
626 137
626 138
626 139
627 99
627 100
627 101
627 102
627 103
627 104
628 107
628 108
628 109
628 110
628 111
628 112
628 113
629 115
629 116
629 117
629 118
629 119
629 120
629 121
630 124
630 125
630 126
630 127
630 128
630 129
631 133
631 134
631 135
631 136
631 137
632 96
632 97
632 98
632 99
632 100
633 104
633 105
633 106
633 107
633 108
633 109
633 110
634 112
634 113
634 114
634 115
634 116
634 117
634 118
635 120
635 121
635 122
635 123
635 124
635 125
635 126
635 127
636 129
636 130
636 131
636 132
636 133
636 134
637 94
637 95
637 96
637 97
637 139
637 140
637 141
638 101
638 102
638 103
638 104
638 105
638 106
638 107
639 109
639 110
639 111
639 112
639 113
639 114
639 115
640 117
640 118
640 119
640 120
640 121
640 122
640 123
640 124
641 126
641 127
641 128
641 129
641 130
641 131
641 132
642 91
642 92
642 93
642 94
642 135
642 136
642 137
642 138
642 139
643 98
643 99
643 100
643 101
643 102
643 103
643 104
644 106
644 107
644 108
644 109
644 110
644 111
644 112
645 114
645 115
645 116
645 117
645 118
645 119
645 120
645 121
646 123
646 124
646 125
646 126
646 127
646 128
646 129
647 89
647 90
647 91
647 132
647 133
647 134
647 135
647 136
647 137
648 95
648 96
648 97
648 98
648 99
648 100
648 101
648 142
648 143
649 103
649 104
649 105
649 106
649 107
649 108
649 109
649 110
650 111
650 112
650 113
650 114
650 115
650 116
650 117
650 118
651 120
651 121
651 122
651 123
651 124
651 125
651 126
652 87
652 129
652 130
652 131
652 132
652 133
652 134
653 93
653 94
653 95
653 96
653 97
653 138
653 139
653 140
653 141
653 142
654 100
654 101
654 102
654 103
654 104
654 105
654 106
654 107
655 108
655 109
655 110
655 111
655 112
655 113
655 114
655 115
656 117
656 118
656 119
656 120
656 121
656 122
656 123
656 124
657 125
657 126
657 127
657 128
657 129
657 130
657 131
657 132
658 90
658 91
658 92
658 93
658 94
658 135
658 136
658 137
658 138
658 139
659 98
659 99
659 100
659 101
659 102
659 103
659 104
660 105
660 106
660 107
660 108
660 109
660 110
660 111
660 112
661 114
661 115
661 116
661 117
661 118
661 119
661 120
661 121
662 122
662 123
662 124
662 125
662 126
662 127
662 128
662 129
663 88
663 89
663 90
663 91
663 131
663 132
663 133
663 134
663 135
663 136
663 137
664 95
664 96
664 97
664 98
664 99
664 100
664 141
664 142
664 143
664 144
665 103
665 104
665 105
665 106
665 107
665 108
665 109
666 111
666 112
666 113
666 114
666 115
666 116
666 117
666 118
667 119
667 120
667 121
667 122
667 123
667 124
667 125
667 126
668 86
668 87
668 128
668 129
668 130
668 131
668 132
668 133
668 134
669 92
669 93
669 94
669 95
669 96
669 97
669 137
669 138
669 139
669 140
669 141
669 142
670 100
670 101
670 102
670 103
670 104
670 105
670 106
671 108
671 109
671 110
671 111
671 112
671 113
671 114
671 115
672 116
672 117
672 118
672 119
672 120
672 121
672 122
672 123
673 125
673 126
673 127
673 128
673 129
673 130
673 131
673 132
674 90
674 91
674 92
674 93
674 94
674 134
674 135
674 136
674 137
674 138
674 139
675 97
675 98
675 99
675 100
675 101
675 102
675 103
675 144
675 145
676 105
676 106
676 107
676 108
676 109
676 110
676 111
676 112
677 113
677 114
677 115
677 116
677 117
677 118
677 119
677 120
677 121
678 122
678 123
678 124
678 125
678 126
678 127
678 128
678 129
679 87
679 88
679 89
679 90
679 91
679 131
679 132
679 133
679 134
679 135
679 136
679 137
680 94
680 95
680 96
680 97
680 98
680 99
680 100
680 140
680 141
680 142
680 143
680 144
681 102
681 103
681 104
681 105
681 106
681 107
681 108
681 109
682 110
682 111
682 112
682 113
682 114
682 115
682 116
682 117
682 118
683 119
683 120
683 121
683 122
683 123
683 124
683 125
683 126
684 85
684 86
684 87
684 127
684 128
684 129
684 130
684 131
684 132
684 133
684 134
685 92
685 93
685 94
685 95
685 96
685 97
685 137
685 138
685 139
685 140
685 141
686 99
686 100
686 101
686 102
686 103
686 104
686 105
686 106
687 107
687 108
687 109
687 110
687 111
687 112
687 113
687 114
687 115
688 116
688 117
688 118
688 119
688 120
688 121
688 122
688 123
689 83
689 124
689 125
689 126
689 127
689 128
689 129
689 130
689 131
690 89
690 90
690 91
690 92
690 93
690 94
690 133
690 134
690 135
690 136
690 137
690 138
690 139
691 97
691 98
691 99
691 100
691 101
691 102
691 103
691 143
691 144
691 145
692 104
692 105
692 106
692 107
692 108
692 109
692 110
692 111
692 112
693 113
693 114
693 115
693 116
693 117
693 118
693 119
693 120
694 121
694 122
694 123
694 124
694 125
694 126
694 127
694 128
694 129
695 87
695 88
695 89
695 90
695 91
695 130
695 131
695 132
695 133
695 134
695 135
695 136
696 94
696 95
696 96
696 97
696 98
696 99
696 100
696 139
696 140
696 141
696 142
696 143
696 144
697 102
697 103
697 104
697 105
697 106
697 107
697 108
697 109
698 110
698 111
698 112
698 113
698 114
698 115
698 116
698 117
699 118
699 119
699 120
699 121
699 122
699 123
699 124
699 125
699 126
700 84
700 85
700 86
700 87
700 127
700 128
700 129
700 130
700 131
700 132
700 133
700 134
701 91
701 92
701 93
701 94
701 95
701 96
701 97
701 136
701 137
701 138
701 139
701 140
701 141
702 99
702 100
702 101
702 102
702 103
702 104
702 105
702 106
703 107
703 108
703 109
703 110
703 111
703 112
703 113
703 114
703 115
704 115
704 116
704 117
704 118
704 119
704 120
704 121
704 122
704 123
705 83
705 84
705 124
705 125
705 126
705 127
705 128
705 129
705 130
705 131
706 89
706 90
706 91
706 92
706 93
706 94
706 133
706 134
706 135
706 136
706 137
706 138
706 139
707 96
707 97
707 98
707 99
707 100
707 101
707 102
707 103
707 143
707 144
707 145
708 104
708 105
708 106
708 107
708 108
708 109
708 110
708 111
708 112
709 112
709 113
709 114
709 115
709 116
709 117
709 118
709 119
709 120
710 121
710 122
710 123
710 124
710 125
710 126
710 127
710 128
711 86
711 87
711 88
711 89
711 90
711 91
711 129
711 130
711 131
711 132
711 133
711 134
711 135
711 136
712 93
712 94
712 95
712 96
712 97
712 98
712 99
712 100
712 139
712 140
712 141
712 142
712 143
713 101
713 102
713 103
713 104
713 105
713 106
713 107
713 108
713 109
714 109
714 110
714 111
714 112
714 113
714 114
714 115
714 116
714 117
715 118
715 119
715 120
715 121
715 122
715 123
715 124
715 125
716 84
716 85
716 86
716 87
716 126
716 127
716 128
716 129
716 130
716 131
716 132
716 133
717 91
717 92
717 93
717 94
717 95
717 96
717 97
717 135
717 136
717 137
717 138
717 139
717 140
717 141
718 98
718 99
718 100
718 101
718 102
718 103
718 104
718 105
718 106
718 146
718 147
719 106
719 107
719 108
719 109
719 110
719 111
719 112
719 113
719 114
720 115
720 116
720 117
720 118
720 119
720 120
720 121
720 122
720 123
721 82
721 83
721 84
721 123
721 124
721 125
721 126
721 127
721 128
721 129
721 130
721 131
722 88
722 89
722 90
722 91
722 92
722 93
722 94
722 132
722 133
722 134
722 135
722 136
722 137
722 138
723 96
723 97
723 98
723 99
723 100
723 101
723 102
723 103
723 142
723 143
723 144
723 145
724 104
724 105
724 106
724 107
724 108
724 109
724 110
724 111
725 112
725 113
725 114
725 115
725 116
725 117
725 118
725 119
725 120
726 120
726 121
726 122
726 123
726 124
726 125
726 126
726 127
726 128
727 86
727 87
727 88
727 89
727 90
727 129
727 130
727 131
727 132
727 133
727 134
727 135
727 136
728 93
728 94
728 95
728 96
728 97
728 98
728 99
728 100
728 138
728 139
728 140
728 141
728 142
728 143
729 101
729 102
729 103
729 104
729 105
729 106
729 107
729 108
730 109
730 110
730 111
730 112
730 113
730 114
730 115
730 116
730 117
731 117
731 118
731 119
731 120
731 121
731 122
731 123
731 124
731 125
732 84
732 85
732 86
732 87
732 126
732 127
732 128
732 129
732 130
732 131
732 132
732 133
733 91
733 92
733 93
733 94
733 95
733 96
733 135
733 136
733 137
733 138
733 139
733 140
733 141
734 98
734 99
734 100
734 101
734 102
734 103
734 104
734 105
734 145
734 146
734 147
735 106
735 107
735 108
735 109
735 110
735 111
735 112
735 113
735 114
736 114
736 115
736 116
736 117
736 118
736 119
736 120
736 121
736 122
737 82
737 83
737 123
737 124
737 125
737 126
737 127
737 128
737 129
737 130
738 88
738 89
738 90
738 91
738 92
738 93
738 132
738 133
738 134
738 135
738 136
738 137
738 138
739 95
739 96
739 97
739 98
739 99
739 100
739 101
739 102
739 141
739 142
739 143
739 144
739 145
740 103
740 104
740 105
740 106
740 107
740 108
740 109
740 110
740 111
741 111
741 112
741 113
741 114
741 115
741 116
741 117
741 118
741 119
742 120
742 121
742 122
742 123
742 124
742 125
742 126
742 127
742 128
743 86
743 87
743 88
743 89
743 90
743 129
743 130
743 131
743 132
743 133
743 134
743 135
744 93
744 94
744 95
744 96
744 97
744 98
744 99
744 138
744 139
744 140
744 141
744 142
744 143
745 100
745 101
745 102
745 103
745 104
745 105
745 106
745 107
745 108
746 108
746 109
746 110
746 111
746 112
746 113
746 114
746 115
746 116
746 117
747 117
747 118
747 119
747 120
747 121
747 122
747 123
747 124
747 125
748 84
748 85
748 86
748 87
748 125
748 126
748 127
748 128
748 129
748 130
748 131
748 132
748 133
749 90
749 91
749 92
749 93
749 94
749 95
749 96
749 135
749 136
749 137
749 138
749 139
749 140
750 98
750 99
750 100
750 101
750 102
750 103
750 104
750 105
750 145
750 146
751 106
751 107
751 108
751 109
751 110
751 111
751 112
751 113
751 114
752 114
752 115
752 116
752 117
752 118
752 119
752 120
752 121
752 122
753 82
753 83
753 122
753 123
753 124
753 125
753 126
753 127
753 128
753 129
753 130
754 88
754 89
754 90
754 91
754 92
754 93
754 131
754 132
754 133
754 134
754 135
754 136
754 137
754 138
755 95
755 96
755 97
755 98
755 99
755 100
755 101
755 102
755 141
755 142
755 143
755 144
755 145
756 103
756 104
756 105
756 106
756 107
756 108
756 109
756 110
756 111
757 111
757 112
757 113
757 114
757 115
757 116
757 117
757 118
757 119
758 119
758 120
758 121
758 122
758 123
758 124
758 125
758 126
758 127
759 86
759 87
759 88
759 89
759 90
759 128
759 129
759 130
759 131
759 132
759 133
759 134
759 135
760 93
760 94
760 95
760 96
760 97
760 98
760 99
760 137
760 138
760 139
760 140
760 141
760 142
761 100
761 101
761 102
761 103
761 104
761 105
761 106
761 107
761 108
762 108
762 109
762 110
762 111
762 112
762 113
762 114
762 115
762 116
763 116
763 117
763 118
763 119
763 120
763 121
763 122
763 123
763 124
764 83
764 84
764 85
764 86
764 125
764 126
764 127
764 128
764 129
764 130
764 131
764 132
765 90
765 91
765 92
765 93
765 94
765 95
765 96
765 134
765 135
765 136
765 137
765 138
765 139
765 140
766 98
766 99
766 100
766 101
766 102
766 103
766 104
766 105
766 144
766 145
766 146
767 105
767 106
767 107
767 108
767 109
767 110
767 111
767 112
767 113
768 114
768 115
768 116
768 117
768 118
768 119
768 120
768 121
768 122
769 82
769 122
769 123
769 124
769 125
769 126
769 127
769 128
769 129
769 130
770 88
770 89
770 90
770 91
770 92
770 131
770 132
770 133
770 134
770 135
770 136
770 137
771 95
771 96
771 97
771 98
771 99
771 100
771 101
771 102
771 140
771 141
771 142
771 143
771 144
772 103
772 104
772 105
772 106
772 107
772 108
772 109
772 110
773 111
773 112
773 113
773 114
773 115
773 116
773 117
773 118
773 119
774 119
774 120
774 121
774 122
774 123
774 124
774 125
774 126
774 127
775 85
775 86
775 87
775 88
775 89
775 128
775 129
775 130
775 131
775 132
775 133
775 134
775 135
776 92
776 93
776 94
776 95
776 96
776 97
776 98
776 137
776 138
776 139
776 140
776 141
776 142
777 100
777 101
777 102
777 103
777 104
777 105
777 106
777 107
778 108
778 109
778 110
778 111
778 112
778 113
778 114
778 115
778 116
779 116
779 117
779 118
779 119
779 120
779 121
779 122
779 123
779 124
780 83
780 84
780 85
780 86
780 125
780 126
780 127
780 128
780 129
780 130
780 131
780 132
781 90
781 91
781 92
781 93
781 94
781 95
781 134
781 135
781 136
781 137
781 138
781 139
782 97
782 98
782 99
782 100
782 101
782 102
782 103
782 104
782 144
782 145
782 146
783 105
783 106
783 107
783 108
783 109
783 110
783 111
783 112
783 113
784 113
784 114
784 115
784 116
784 117
784 118
784 119
784 120
784 121
785 122
785 123
785 124
785 125
785 126
785 127
785 128
785 129
786 88
786 89
786 90
786 91
786 92
786 131
786 132
786 133
786 134
786 135
786 136
786 137
787 95
787 96
787 97
787 98
787 99
787 100
787 101
787 140
787 141
787 142
787 143
787 144
788 102
788 103
788 104
788 105
788 106
788 107
788 108
788 109
788 110
789 110
789 111
789 112
789 113
789 114
789 115
789 116
789 117
789 118
790 119
790 120
790 121
790 122
790 123
790 124
790 125
790 126
791 85
791 86
791 87
791 88
791 89
791 127
791 128
791 129
791 130
791 131
791 132
791 133
791 134
792 92
792 93
792 94
792 95
792 96
792 97
792 98
792 137
792 138
792 139
792 140
792 141
793 100
793 101
793 102
793 103
793 104
793 105
793 106
793 107
794 108
794 109
794 110
794 111
794 112
794 113
794 114
794 115
795 116
795 117
795 118
795 119
795 120
795 121
795 122
795 123
795 124
796 84
796 85
796 124
796 125
796 126
796 127
796 128
796 129
796 130
796 131
797 90
797 91
797 92
797 93
797 94
797 95
797 133
797 134
797 135
797 136
797 137
797 138
797 139
798 97
798 98
798 99
798 100
798 101
798 102
798 103
798 104
798 144
798 145
799 105
799 106
799 107
799 108
799 109
799 110
799 111
799 112
800 113
800 114
800 115
800 116
800 117
800 118
800 119
800 120
800 121
801 121
801 122
801 123
801 124
801 125
801 126
801 127
801 128
801 129
802 88
802 89
802 90
802 91
802 130
802 131
802 132
802 133
802 134
802 135
802 136
803 95
803 96
803 97
803 98
803 99
803 100
803 101
803 140
803 141
803 142
803 143
804 102
804 103
804 104
804 105
804 106
804 107
804 108
804 109
805 110
805 111
805 112
805 113
805 114
805 115
805 116
805 117
805 118
806 119
806 120
806 121
806 122
806 123
806 124
806 125
806 126
807 86
807 87
807 88
807 127
807 128
807 129
807 130
807 131
807 132
807 133
807 134
808 92
808 93
808 94
808 95
808 96
808 97
808 136
808 137
808 138
808 139
808 140
808 141
809 100
809 101
809 102
809 103
809 104
809 105
809 106
810 107
810 108
810 109
810 110
810 111
810 112
810 113
810 114
810 115
811 116
811 117
811 118
811 119
811 120
811 121
811 122
811 123
812 124
812 125
812 126
812 127
812 128
812 129
812 130
812 131
813 90
813 91
813 92
813 93
813 94
813 133
813 134
813 135
813 136
813 137
813 138
814 97
814 98
814 99
814 100
814 101
814 102
814 103
814 144
814 145
815 105
815 106
815 107
815 108
815 109
815 110
815 111
815 112
816 113
816 114
816 115
816 116
816 117
816 118
816 119
816 120
817 121
817 122
817 123
817 124
817 125
817 126
817 127
817 128
818 88
818 89
818 90
818 91
818 130
818 131
818 132
818 133
818 134
818 135
818 136
819 95
819 96
819 97
819 98
819 99
819 100
819 140
819 141
819 142
819 143
820 102
820 103
820 104
820 105
820 106
820 107
820 108
820 109
821 110
821 111
821 112
821 113
821 114
821 115
821 116
821 117
822 118
822 119
822 120
822 121
822 122
822 123
822 124
822 125
823 86
823 87
823 127
823 128
823 129
823 130
823 131
823 132
823 133
824 92
824 93
824 94
824 95
824 96
824 97
824 136
824 137
824 138
824 139
824 140
825 99
825 100
825 101
825 102
825 103
825 104
825 105
825 106
826 107
826 108
826 109
826 110
826 111
826 112
826 113
826 114
827 115
827 116
827 117
827 118
827 119
827 120
827 121
827 122
827 123
828 124
828 125
828 126
828 127
828 128
828 129
828 130
829 90
829 91
829 92
829 93
829 94
829 133
829 134
829 135
829 136
829 137
829 138
830 97
830 98
830 99
830 100
830 101
830 102
830 103
831 105
831 106
831 107
831 108
831 109
831 110
831 111
832 113
832 114
832 115
832 116
832 117
832 118
832 119
832 120
833 121
833 122
833 123
833 124
833 125
833 126
833 127
833 128
834 88
834 89
834 90
834 130
834 131
834 132
834 133
834 134
834 135
835 95
835 96
835 97
835 98
835 99
835 140
835 141
835 142
836 102
836 103
836 104
836 105
836 106
836 107
836 108
837 110
837 111
837 112
837 113
837 114
837 115
837 116
837 117
838 118
838 119
838 120
838 121
838 122
838 123
838 124
838 125
839 127
839 128
839 129
839 130
839 131
839 132
839 133
840 92
840 93
840 94
840 95
840 96
840 136
840 137
840 138
840 139
840 140
841 99
841 100
841 101
841 102
841 103
841 104
841 105
842 107
842 108
842 109
842 110
842 111
842 112
842 113
842 114
843 115
843 116
843 117
843 118
843 119
843 120
843 121
843 122
844 124
844 125
844 126
844 127
844 128
844 129
844 130
845 90
845 91
845 92
845 93
845 133
845 134
845 135
845 136
845 137
846 97
846 98
846 99
846 100
846 101
846 102
847 105
847 106
847 107
847 108
847 109
847 110
847 111
848 113
848 114
848 115
848 116
848 117
848 118
848 119
849 121
849 122
849 123
849 124
849 125
849 126
849 127
850 130
850 131
850 132
850 133
850 134
850 135
851 95
851 96
851 97
851 98
851 99
851 140
851 141
852 102
852 103
852 104
852 105
852 106
852 107
852 108
853 110
853 111
853 112
853 113
853 114
853 115
853 116
854 118
854 119
854 120
854 121
854 122
854 123
854 124
855 127
855 128
855 129
855 130
855 131
855 132
856 93
856 94
856 95
856 136
856 137
856 138
856 139
857 100
857 101
857 102
857 103
857 104
858 107
858 108
858 109
858 110
858 111
858 112
858 113
859 115
859 116
859 117
859 118
859 119
859 120
859 121
860 124
860 125
860 126
860 127
860 128
860 129
861 91
861 133
861 134
861 135
861 136
861 137
862 97
862 98
862 99
862 100
862 101
863 105
863 106
863 107
863 108
863 109
863 110
864 112
864 113
864 114
864 115
864 116
864 117
864 118
865 121
865 122
865 123
865 124
865 125
865 126
866 130
866 131
866 132
866 133
866 134
867 95
867 96
867 97
867 98
867 140
868 102
868 103
868 104
868 105
868 106
868 107
869 110
869 111
869 112
869 113
869 114
869 115
870 118
870 119
870 120
870 121
870 122
870 123
870 124
871 127
871 128
871 129
871 130
871 131
872 93
872 94
872 136
872 137
872 138
873 100
873 101
873 102
873 103
873 104
874 107
874 108
874 109
874 110
874 111
874 112
875 115
875 116
875 117
875 118
875 119
875 120
875 121
876 124
876 125
876 126
876 127
876 128
876 129
877 133
877 134
877 135
877 136
878 98
878 99
878 100
879 105
879 106
879 107
879 108
879 109
880 113
880 114
880 115
880 116
880 117
880 118
881 121
881 122
881 123
881 124
881 125
881 126
882 130
882 131
882 132
882 133
883 96
884 102
884 103
884 104
884 105
884 106
885 110
885 111
885 112
885 113
885 114
885 115
886 118
886 119
886 120
886 121
886 122
886 123
887 127
887 128
887 129
887 130
887 131
888 137
889 100
889 101
889 102
889 103
890 107
890 108
890 109
890 110
890 111
890 112
891 115
891 116
891 117
891 118
891 119
891 120
892 124
892 125
892 126
892 127
892 128
893 133
893 134
893 135
894 99
895 105
895 106
895 107
895 108
896 113
896 114
896 115
896 116
896 117
897 121
897 122
897 123
897 124
897 125
898 130
898 131
898 132
900 103
900 104
900 105
901 110
901 111
901 112
901 113
901 114
902 118
902 119
902 120
902 121
902 122
903 127
903 128
903 129
903 130
906 108
906 109
906 110
906 111
907 115
907 116
907 117
907 118
907 119
908 124
908 125
908 126
908 127
911 106
911 107
912 113
912 114
912 115
912 116
913 121
913 122
913 123
913 124
914 130
914 131
917 111
917 112
917 113
918 118
918 119
918 120
918 121
919 127
919 128
922 109
923 116
923 117
923 118
924 125
928 114
929 122
1501 52
1506 49
1511 46
1512 54
1512 55
1517 51
1517 52
1522 48
1522 49
1523 57
1527 46
1528 54
1528 55
1533 51
1533 52
1538 48
1538 49
1539 57
1543 46
1544 53
1544 54
1544 55
1549 50
1549 51
1549 52
1554 48
1554 49
1555 56
1555 57
1560 53
1560 54
1565 50
1565 51
1570 48
1571 56
1571 57
1576 53
1576 54
1581 50
1581 51
1592 53
3458 66
3463 62
3463 63
3464 71
3468 59
3468 60
3469 68
3469 69
3473 56
3473 57
3474 64
3474 65
3474 66
3475 74
3478 54
3479 61
3479 62
3479 63
3479 64
3480 70
3480 71
3480 72
3484 58
3484 59
3484 60
3484 61
3485 67
3485 68
3485 69
3486 76
3486 77
3489 55
3489 56
3489 57
3489 58
3490 64
3490 65
3490 66
3491 72
3491 73
3491 74
3491 75
3494 52
3494 53
3494 54
3495 60
3495 61
3495 62
3495 63
3495 64
3496 69
3496 70
3496 71
3496 72
3497 79
3499 50
3499 51
3500 57
3500 58
3500 59
3500 60
3500 61
3501 66
3501 67
3501 68
3501 69
3502 75
3502 76
3502 77
3504 47
3504 48
3505 55
3505 56
3505 57
3505 58
3506 63
3506 64
3506 65
3506 66
3507 72
3507 73
3507 74
3507 75
3510 52
3510 53
3510 54
3510 55
3511 60
3511 61
3511 62
3511 63
3512 68
3512 69
3512 70
3512 71
3512 72
3513 78
3513 79
3515 49
3515 50
3515 51
3516 57
3516 58
3516 59
3516 60
3516 61
3517 65
3517 66
3517 67
3517 68
3517 69
3518 74
3518 75
3518 76
3518 77
3520 46
3520 47
3520 48
3521 54
3521 55
3521 56
3521 57
3522 62
3522 63
3522 64
3522 65
3522 66
3523 71
3523 72
3523 73
3523 74
3524 80
3524 81
3524 82
3525 44
3526 51
3526 52
3526 53
3526 54
3527 59
3527 60
3527 61
3527 62
3527 63
3528 68
3528 69
3528 70
3528 71
3528 72
3529 77
3529 78
3529 79
3531 48
3531 49
3531 50
3531 51
3532 56
3532 57
3532 58
3532 59
3532 60
3533 65
3533 66
3533 67
3533 68
3533 69
3534 73
3534 74
3534 75
3534 76
3534 77
3535 83
3535 84
3536 46
3536 47
3536 48
3537 53
3537 54
3537 55
3537 56
3537 57
3538 62
3538 63
3538 64
3538 65
3538 66
3539 70
3539 71
3539 72
3539 73
3539 74
3540 80
3540 81
3540 82
3541 43
3541 44
3541 45
3542 50
3542 51
3542 52
3542 53
3542 54
3543 59
3543 60
3543 61
3543 62
3543 63
3544 67
3544 68
3544 69
3544 70
3544 71
3545 76
3545 77
3545 78
3545 79
3547 48
3547 49
3547 50
3547 51
3548 56
3548 57
3548 58
3548 59
3548 60
3549 64
3549 65
3549 66
3549 67
3549 68
3549 69
3550 73
3550 74
3550 75
3550 76
3550 77
3551 83
3551 84
3552 45
3552 46
3552 47
3552 48
3553 53
3553 54
3553 55
3553 56
3553 57
3554 61
3554 62
3554 63
3554 64
3554 65
3554 66
3555 70
3555 71
3555 72
3555 73
3555 74
3556 79
3556 80
3556 81
3556 82
3557 42
3557 43
3557 44
3558 50
3558 51
3558 52
3558 53
3558 54
3559 58
3559 59
3559 60
3559 61
3559 62
3559 63
3560 67
3560 68
3560 69
3560 70
3560 71
3561 76
3561 77
3561 78
3561 79
3562 40
3562 41
3563 47
3563 48
3563 49
3563 50
3563 51
3564 55
3564 56
3564 57
3564 58
3564 59
3564 60
3565 64
3565 65
3565 66
3565 67
3565 68
3566 72
3566 73
3566 74
3566 75
3566 76
3567 82
3567 83
3567 84
3568 44
3568 45
3568 46
3568 47
3568 48
3569 52
3569 53
3569 54
3569 55
3569 56
3569 57
3570 61
3570 62
3570 63
3570 64
3570 65
3571 69
3571 70
3571 71
3571 72
3571 73
3571 74
3572 78
3572 79
3572 80
3572 81
3573 42
3573 43
3573 44
3574 49
3574 50
3574 51
3574 52
3574 53
3574 54
3575 58
3575 59
3575 60
3575 61
3575 62
3575 63
3576 66
3576 67
3576 68
3576 69
3576 70
3576 71
3577 75
3577 76
3577 77
3577 78
3577 79
3578 40
3578 41
3578 85
3578 86
3579 47
3579 48
3579 49
3579 50
3579 51
3580 55
3580 56
3580 57
3580 58
3580 59
3580 60
3581 63
3581 64
3581 65
3581 66
3581 67
3581 68
3582 72
3582 73
3582 74
3582 75
3582 76
3583 81
3583 82
3583 83
3583 84
3584 44
3584 45
3584 46
3584 47
3585 52
3585 53
3585 54
3585 55
3585 56
3585 57
3586 60
3586 61
3586 62
3586 63
3586 64
3586 65
3587 69
3587 70
3587 71
3587 72
3587 73
3588 78
3588 79
3588 80
3588 81
3589 41
3589 42
3589 43
3589 44
3590 49
3590 50
3590 51
3590 52
3590 53
3591 57
3591 58
3591 59
3591 60
3591 61
3591 62
3592 66
3592 67
3592 68
3592 69
3592 70
3592 71
3593 75
3593 76
3593 77
3593 78
3594 39
3594 40
3594 85
3595 46
3595 47
3595 48
3595 49
3595 50
3596 54
3596 55
3596 56
3596 57
3596 58
3596 59
3597 63
3597 64
3597 65
3597 66
3597 67
3597 68
3598 71
3598 72
3598 73
3598 74
3598 75
3598 76
3599 81
3599 82
3599 83
3600 44
3600 45
3600 46
3600 47
3601 51
3601 52
3601 53
3601 54
3601 55
3601 56
3602 60
3602 61
3602 62
3602 63
3602 64
3602 65
3603 68
3603 69
3603 70
3603 71
3603 72
3603 73
3604 77
3604 78
3604 79
3604 80
3604 81
3605 41
3605 42
3605 43
3605 44
3606 49
3606 50
3606 51
3606 52
3606 53
3607 57
3607 58
3607 59
3607 60
3607 61
3607 62
3608 65
3608 66
3608 67
3608 68
3608 69
3608 70
3609 74
3609 75
3609 76
3609 77
3609 78
3610 39
3610 40
3610 84
3610 85
3611 46
3611 47
3611 48
3611 49
3611 50
3612 54
3612 55
3612 56
3612 57
3612 58
3612 59
3613 62
3613 63
3613 64
3613 65
3613 66
3613 67
3614 71
3614 72
3614 73
3614 74
3614 75
3615 80
3615 81
3615 82
3615 83
3616 43
3616 44
3616 45
3616 46
3616 47
3617 51
3617 52
3617 53
3617 54
3617 55
3617 56
3618 59
3618 60
3618 61
3618 62
3618 63
3618 64
3619 68
3619 69
3619 70
3619 71
3619 72
3619 73
3620 77
3620 78
3620 79
3620 80
3621 41
3621 42
3621 43
3622 48
3622 49
3622 50
3622 51
3622 52
3622 53
3623 56
3623 57
3623 58
3623 59
3623 60
3623 61
3623 62
3624 65
3624 66
3624 67
3624 68
3624 69
3624 70
3625 74
3625 75
3625 76
3625 77
3625 78
3626 39
3626 40
3626 84
3626 85
3627 46
3627 47
3627 48
3627 49
3627 50
3628 54
3628 55
3628 56
3628 57
3628 58
3628 59
3629 62
3629 63
3629 64
3629 65
3629 66
3629 67
3630 71
3630 72
3630 73
3630 74
3630 75
3631 80
3631 81
3631 82
3632 43
3632 44
3632 45
3632 46
3633 51
3633 52
3633 53
3633 54
3633 55
3634 59
3634 60
3634 61
3634 62
3634 63
3634 64
3635 68
3635 69
3635 70
3635 71
3635 72
3636 77
3636 78
3636 79
3636 80
3637 41
3637 42
3637 43
3638 48
3638 49
3638 50
3638 51
3638 52
3639 56
3639 57
3639 58
3639 59
3639 60
3639 61
3640 65
3640 66
3640 67
3640 68
3640 69
3641 74
3641 75
3641 76
3641 77
3642 38
3642 39
3642 84
3643 45
3643 46
3643 47
3643 48
3643 49
3644 53
3644 54
3644 55
3644 56
3644 57
3644 58
3645 62
3645 63
3645 64
3645 65
3645 66
3645 67
3646 71
3646 72
3646 73
3646 74
3646 75
3647 80
3647 81
3647 82
3648 43
3648 44
3648 45
3648 46
3649 51
3649 52
3649 53
3649 54
3649 55
3650 59
3650 60
3650 61
3650 62
3650 63
3650 64
3651 68
3651 69
3651 70
3651 71
3651 72
3652 77
3652 78
3652 79
3653 40
3653 41
3653 42
3653 43
3654 48
3654 49
3654 50
3654 51
3654 52
3655 56
3655 57
3655 58
3655 59
3655 60
3655 61
3656 65
3656 66
3656 67
3656 68
3656 69
3657 73
3657 74
3657 75
3657 76
3657 77
3658 39
3659 45
3659 46
3659 47
3659 48
3659 49
3660 53
3660 54
3660 55
3660 56
3660 57
3660 58
3661 62
3661 63
3661 64
3661 65
3661 66
3662 70
3662 71
3662 72
3662 73
3662 74
3663 80
3663 81
3664 43
3664 44
3664 45
3665 50
3665 51
3665 52
3665 53
3665 54
3665 55
3666 59
3666 60
3666 61
3666 62
3666 63
3667 67
3667 68
3667 69
3667 70
3667 71
3668 77
3668 78
3668 79
3669 40
3669 41
3669 42
3670 48
3670 49
3670 50
3670 51
3671 56
3671 57
3671 58
3671 59
3671 60
3672 64
3672 65
3672 66
3672 67
3672 68
3673 73
3673 74
3673 75
3673 76
3675 45
3675 46
3675 47
3675 48
3676 53
3676 54
3676 55
3676 56
3676 57
3677 61
3677 62
3677 63
3677 64
3677 65
3678 70
3678 71
3678 72
3678 73
3679 80
3680 43
3680 44
3680 45
3681 50
3681 51
3681 52
3681 53
3681 54
3682 59
3682 60
3682 61
3682 62
3682 63
3683 67
3683 68
3683 69
3683 70
3683 71
3684 77
3684 78
3685 41
3686 48
3686 49
3686 50
3686 51
3687 56
3687 57
3687 58
3687 59
3687 60
3688 64
3688 65
3688 66
3688 67
3688 68
3689 73
3689 74
3689 75
3691 45
3691 46
3691 47
3691 48
3692 53
3692 54
3692 55
3692 56
3692 57
3693 61
3693 62
3693 63
3693 64
3693 65
3694 70
3694 71
3694 72
3694 73
3696 43
3696 44
3697 50
3697 51
3697 52
3697 53
3698 59
3698 60
3698 61
3698 62
3699 67
3699 68
3699 69
3699 70
3702 48
3702 49
3702 50
3703 56
3703 57
3703 58
3703 59
3704 64
3704 65
3704 66
3704 67
3705 74
3707 45
3707 46
3707 47
3708 53
3708 54
3708 55
3708 56
3709 61
3709 62
3709 63
3709 64
3710 71
3710 72
3713 51
3713 52
3713 53
3714 59
3714 60
3714 61
3715 67
3715 68
3715 69
3718 48
3718 49
3719 56
3719 57
3719 58
3720 65
3720 66
3724 53
3724 54
3724 55
3725 62
3725 63
3729 51
3729 52
3730 59
3730 60
3735 57
