2768 41
2768 42
2770 35
2770 36
2770 37
2772 30
2772 31
2775 44
2775 45
2777 38
2777 39
2777 40
2779 32
2779 33
2779 34
2779 35
2781 27
2781 28
2782 47
2782 48
2782 49
2784 40
2784 41
2784 42
2784 43
2784 44
2786 35
2786 36
2786 37
2786 38
2788 29
2788 30
2788 31
2788 32
2789 50
2789 51
2790 24
2790 25
2790 26
2791 43
2791 44
2791 45
2791 46
2791 47
2793 37
2793 38
2793 39
2793 40
2793 41
2795 32
2795 33
2795 34
2795 35
2795 36
2797 26
2797 27
2797 28
2797 29
2797 30
2798 46
2798 47
2798 48
2798 49
2798 50
2799 22
2799 23
2800 40
2800 41
2800 42
2800 43
2800 44
2800 45
2802 34
2802 35
2802 36
2802 37
2802 38
2802 39
2804 29
2804 30
2804 31
2804 32
2804 33
2805 50
2805 51
2805 52
2805 53
2806 24
2806 25
2806 26
2806 27
2807 43
2807 44
2807 45
2807 46
2807 47
2807 48
2808 20
2809 37
2809 38
2809 39
2809 40
2809 41
2809 42
2811 32
2811 33
2811 34
2811 35
2811 36
2811 37
2812 53
2812 54
2812 55
2813 26
2813 27
2813 28
2813 29
2813 30
2813 31
2814 46
2814 47
2814 48
2814 49
2814 50
2814 51
2815 21
2815 22
2815 23
2815 24
2815 25
2816 40
2816 41
2816 42
2816 43
2816 44
2816 45
2818 34
2818 35
2818 36
2818 37
2818 38
2818 39
2818 40
2819 57
2820 29
2820 30
2820 31
2820 32
2820 33
2820 34
2821 49
2821 50
2821 51
2821 52
2821 53
2822 24
2822 25
2822 26
2822 27
2822 28
2823 43
2823 44
2823 45
2823 46
2823 47
2823 48
2824 19
2824 20
2824 21
2824 22
2825 37
2825 38
2825 39
2825 40
2825 41
2825 42
2825 43
2827 32
2827 33
2827 34
2827 35
2827 36
2827 37
2827 38
2828 53
2828 54
2828 55
2828 56
2829 26
2829 27
2829 28
2829 29
2829 30
2829 31
2829 32
2830 46
2830 47
2830 48
2830 49
2830 50
2830 51
2831 21
2831 22
2831 23
2831 24
2831 25
2831 26
2832 40
2832 41
2832 42
2832 43
2832 44
2832 45
2832 46
2833 17
2833 18
2833 19
2834 34
2834 35
2834 36
2834 37
2834 38
2834 39
2834 40
2834 41
2835 56
2835 57
2835 58
2836 29
2836 30
2836 31
2836 32
2836 33
2836 34
2836 35
2837 49
2837 50
2837 51
2837 52
2837 53
2837 54
2838 24
2838 25
2838 26
2838 27
2838 28
2838 29
2839 43
2839 44
2839 45
2839 46
2839 47
2839 48
2839 49
2840 19
2840 20
2840 21
2840 22
2840 23
2841 37
2841 38
2841 39
2841 40
2841 41
2841 42
2841 43
2841 44
2842 15
2842 16
2842 60
2843 32
2843 33
2843 34
2843 35
2843 36
2843 37
2843 38
2844 53
2844 54
2844 55
2844 56
2844 57
2845 26
2845 27
2845 28
2845 29
2845 30
2845 31
2845 32
2846 46
2846 47
2846 48
2846 49
2846 50
2846 51
2846 52
2847 21
2847 22
2847 23
2847 24
2847 25
2847 26
2848 40
2848 41
2848 42
2848 43
2848 44
2848 45
2848 46
2848 47
2849 16
2849 17
2849 18
2849 19
2849 20
2850 35
2850 36
2850 37
2850 38
2850 39
2850 40
2850 41
2851 56
2851 57
2851 58
2851 59
2852 29
2852 30
2852 31
2852 32
2852 33
2852 34
2852 35
2852 36
2853 49
2853 50
2853 51
2853 52
2853 53
2853 54
2853 55
2854 24
2854 25
2854 26
2854 27
2854 28
2854 29
2854 30
2855 43
2855 44
2855 45
2855 46
2855 47
2855 48
2855 49
2855 50
2856 19
2856 20
2856 21
2856 22
2856 23
2856 24
2857 38
2857 39
2857 40
2857 41
2857 42
2857 43
2857 44
2858 14
2858 15
2858 16
2858 17
2858 60
2858 61
2859 32
2859 33
2859 34
2859 35
2859 36
2859 37
2859 38
2859 39
2860 53
2860 54
2860 55
2860 56
2860 57
2861 26
2861 27
2861 28
2861 29
2861 30
2861 31
2861 32
2861 33
2862 46
2862 47
2862 48
2862 49
2862 50
2862 51
2862 52
2862 53
2863 21
2863 22
2863 23
2863 24
2863 25
2863 26
2863 27
2864 41
2864 42
2864 43
2864 44
2864 45
2864 46
2864 47
2865 16
2865 17
2865 18
2865 19
2865 20
2865 21
2866 35
2866 36
2866 37
2866 38
2866 39
2866 40
2866 41
2866 42
2867 12
2867 13
2867 14
2867 56
2867 57
2867 58
2867 59
2867 60
2868 29
2868 30
2868 31
2868 32
2868 33
2868 34
2868 35
2868 36
2869 50
2869 51
2869 52
2869 53
2869 54
2869 55
2870 24
2870 25
2870 26
2870 27
2870 28
2870 29
2870 30
2871 44
2871 45
2871 46
2871 47
2871 48
2871 49
2871 50
2872 19
2872 20
2872 21
2872 22
2872 23
2872 24
2873 38
2873 39
2873 40
2873 41
2873 42
2873 43
2873 44
2873 45
2874 14
2874 15
2874 16
2874 17
2874 18
2874 60
2874 61
2874 62
2875 32
2875 33
2875 34
2875 35
2875 36
2875 37
2875 38
2875 39
2876 53
2876 54
2876 55
2876 56
2876 57
2876 58
2877 27
2877 28
2877 29
2877 30
2877 31
2877 32
2877 33
2877 34
2878 47
2878 48
2878 49
2878 50
2878 51
2878 52
2878 53
2879 21
2879 22
2879 23
2879 24
2879 25
2879 26
2879 27
2879 28
2880 41
2880 42
2880 43
2880 44
2880 45
2880 46
2880 47
2880 48
2881 16
2881 17
2881 18
2881 19
2881 20
2881 21
2881 22
2882 35
2882 36
2882 37
2882 38
2882 39
2882 40
2882 41
2882 42
2883 12
2883 13
2883 14
2883 15
2883 56
2883 57
2883 58
2883 59
2883 60
2884 30
2884 31
2884 32
2884 33
2884 34
2884 35
2884 36
2884 37
2885 50
2885 51
2885 52
2885 53
2885 54
2885 55
2885 56
2886 24
2886 25
2886 26
2886 27
2886 28
2886 29
2886 30
2886 31
2887 44
2887 45
2887 46
2887 47
2887 48
2887 49
2887 50
2887 51
2888 19
2888 20
2888 21
2888 22
2888 23
2888 24
2888 25
2889 38
2889 39
2889 40
2889 41
2889 42
2889 43
2889 44
2889 45
2890 14
2890 15
2890 16
2890 17
2890 18
2890 19
2890 60
2890 61
2890 62
2890 63
2891 32
2891 33
2891 34
2891 35
2891 36
2891 37
2891 38
2891 39
2891 40
2892 10
2892 11
2892 12
2892 53
2892 54
2892 55
2892 56
2892 57
2892 58
2893 27
2893 28
2893 29
2893 30
2893 31
2893 32
2893 33
2893 34
2894 47
2894 48
2894 49
2894 50
2894 51
2894 52
2894 53
2895 22
2895 23
2895 24
2895 25
2895 26
2895 27
2895 28
2896 41
2896 42
2896 43
2896 44
2896 45
2896 46
2896 47
2896 48
2897 17
2897 18
2897 19
2897 20
2897 21
2897 22
2898 35
2898 36
2898 37
2898 38
2898 39
2898 40
2898 41
2898 42
2898 43
2899 12
2899 13
2899 14
2899 15
2899 16
2899 56
2899 57
2899 58
2899 59
2899 60
2899 61
2900 30
2900 31
2900 32
2900 33
2900 34
2900 35
2900 36
2900 37
2901 50
2901 51
2901 52
2901 53
2901 54
2901 55
2901 56
2902 24
2902 25
2902 26
2902 27
2902 28
2902 29
2902 30
2902 31
2902 32
2903 44
2903 45
2903 46
2903 47
2903 48
2903 49
2903 50
2903 51
2904 19
2904 20
2904 21
2904 22
2904 23
2904 24
2904 25
2904 26
2905 38
2905 39
2905 40
2905 41
2905 42
2905 43
2905 44
2905 45
2905 46
2906 14
2906 15
2906 16
2906 17
2906 18
2906 19
2906 60
2906 61
2906 62
2906 63
2907 33
2907 34
2907 35
2907 36
2907 37
2907 38
2907 39
2907 40
2908 10
2908 11
2908 12
2908 13
2908 53
2908 54
2908 55
2908 56
2908 57
2908 58
2908 59
2909 27
2909 28
2909 29
2909 30
2909 31
2909 32
2909 33
2909 34
2909 35
2910 47
2910 48
2910 49
2910 50
2910 51
2910 52
2910 53
2910 54
2911 22
2911 23
2911 24
2911 25
2911 26
2911 27
2911 28
2911 29
2912 41
2912 42
2912 43
2912 44
2912 45
2912 46
2912 47
2912 48
2912 49
2913 17
2913 18
2913 19
2913 20
2913 21
2913 22
2913 23
2914 36
2914 37
2914 38
2914 39
2914 40
2914 41
2914 42
2914 43
2915 12
2915 13
2915 14
2915 15
2915 16
2915 17
2915 57
2915 58
2915 59
2915 60
2915 61
2916 30
2916 31
2916 32
2916 33
2916 34
2916 35
2916 36
2916 37
2916 38
2917 8
2917 9
2917 50
2917 51
2917 52
2917 53
2917 54
2917 55
2917 56
2917 57
2918 25
2918 26
2918 27
2918 28
2918 29
2918 30
2918 31
2918 32
2919 44
2919 45
2919 46
2919 47
2919 48
2919 49
2919 50
2919 51
2919 52
2920 19
2920 20
2920 21
2920 22
2920 23
2920 24
2920 25
2920 26
2921 39
2921 40
2921 41
2921 42
2921 43
2921 44
2921 45
2921 46
2922 14
2922 15
2922 16
2922 17
2922 18
2922 19
2922 20
2922 60
2922 61
2922 62
2922 63
2923 33
2923 34
2923 35
2923 36
2923 37
2923 38
2923 39
2923 40
2923 41
2924 10
2924 11
2924 12
2924 13
2924 54
2924 55
2924 56
2924 57
2924 58
2924 59
2925 28
2925 29
2925 30
2925 31
2925 32
2925 33
2925 34
2925 35
2926 48
2926 49
2926 50
2926 51
2926 52
2926 53
2926 54
2927 22
2927 23
2927 24
2927 25
2927 26
2927 27
2927 28
2927 29
2928 42
2928 43
2928 44
2928 45
2928 46
2928 47
2928 48
2928 49
2929 17
2929 18
2929 19
2929 20
2929 21
2929 22
2929 23
2930 36
2930 37
2930 38
2930 39
2930 40
2930 41
2930 42
2930 43
2930 44
2931 12
2931 13
2931 14
2931 15
2931 16
2931 17
2931 57
2931 58
2931 59
2931 60
2931 61
2931 62
2932 30
2932 31
2932 32
2932 33
2932 34
2932 35
2932 36
2932 37
2932 38
2933 8
2933 9
2933 10
2933 51
2933 52
2933 53
2933 54
2933 55
2933 56
2933 57
2934 25
2934 26
2934 27
2934 28
2934 29
2934 30
2934 31
2934 32
2934 33
2935 45
2935 46
2935 47
2935 48
2935 49
2935 50
2935 51
2935 52
2936 20
2936 21
2936 22
2936 23
2936 24
2936 25
2936 26
2936 27
2937 39
2937 40
2937 41
2937 42
2937 43
2937 44
2937 45
2937 46
2937 47
2938 15
2938 16
2938 17
2938 18
2938 19
2938 20
2938 21
2938 61
2938 62
2938 63
2938 64
2939 33
2939 34
2939 35
2939 36
2939 37
2939 38
2939 39
2939 40
2939 41
2940 10
2940 11
2940 12
2940 13
2940 14
2940 54
2940 55
2940 56
2940 57
2940 58
2940 59
2941 28
2941 29
2941 30
2941 31
2941 32
2941 33
2941 34
2941 35
2941 36
2942 48
2942 49
2942 50
2942 51
2942 52
2942 53
2942 54
2942 55
2943 23
2943 24
2943 25
2943 26
2943 27
2943 28
2943 29
2943 30
2944 42
2944 43
2944 44
2944 45
2944 46
2944 47
2944 48
2944 49
2945 17
2945 18
2945 19
2945 20
2945 21
2945 22
2945 23
2945 24
2946 36
2946 37
2946 38
2946 39
2946 40
2946 41
2946 42
2946 43
2946 44
2947 13
2947 14
2947 15
2947 16
2947 17
2947 18
2947 57
2947 58
2947 59
2947 60
2947 61
2947 62
2948 31
2948 32
2948 33
2948 34
2948 35
2948 36
2948 37
2948 38
2948 39
2949 8
2949 9
2949 10
2949 11
2949 51
2949 52
2949 53
2949 54
2949 55
2949 56
2949 57
2950 25
2950 26
2950 27
2950 28
2950 29
2950 30
2950 31
2950 32
2950 33
2951 45
2951 46
2951 47
2951 48
2951 49
2951 50
2951 51
2951 52
2952 20
2952 21
2952 22
2952 23
2952 24
2952 25
2952 26
2952 27
2953 39
2953 40
2953 41
2953 42
2953 43
2953 44
2953 45
2953 46
2953 47
2954 15
2954 16
2954 17
2954 18
2954 19
2954 20
2954 21
2954 61
2954 62
2954 63
2954 64
2955 34
2955 35
2955 36
2955 37
2955 38
2955 39
2955 40
2955 41
2955 42
2956 10
2956 11
2956 12
2956 13
2956 14
2956 15
2956 54
2956 55
2956 56
2956 57
2956 58
2956 59
2956 60
2957 28
2957 29
2957 30
2957 31
2957 32
2957 33
2957 34
2957 35
2957 36
2958 7
2958 48
2958 49
2958 50
2958 51
2958 52
2958 53
2958 54
2958 55
2959 23
2959 24
2959 25
2959 26
2959 27
2959 28
2959 29
2959 30
2960 42
2960 43
2960 44
2960 45
2960 46
2960 47
2960 48
2960 49
2960 50
2961 18
2961 19
2961 20
2961 21
2961 22
2961 23
2961 24
2962 37
2962 38
2962 39
2962 40
2962 41
2962 42
2962 43
2962 44
2963 13
2963 14
2963 15
2963 16
2963 17
2963 18
2963 58
2963 59
2963 60
2963 61
2963 62
2964 31
2964 32
2964 33
2964 34
2964 35
2964 36
2964 37
2964 38
2964 39
2965 8
2965 9
2965 10
2965 11
2965 12
2965 52
2965 53
2965 54
2965 55
2965 56
2965 57
2966 26
2966 27
2966 28
2966 29
2966 30
2966 31
2966 32
2966 33
2967 46
2967 47
2967 48
2967 49
2967 50
2967 51
2967 52
2967 53
2968 21
2968 22
2968 23
2968 24
2968 25
2968 26
2968 27
2968 28
2969 40
2969 41
2969 42
2969 43
2969 44
2969 45
2969 46
2969 47
2970 15
2970 16
2970 17
2970 18
2970 19
2970 20
2970 21
2970 22
2970 62
2970 63
2970 64
2971 34
2971 35
2971 36
2971 37
2971 38
2971 39
2971 40
2971 41
2971 42
2972 11
2972 12
2972 13
2972 14
2972 15
2972 55
2972 56
2972 57
2972 58
2972 59
2972 60
2973 29
2973 30
2973 31
2973 32
2973 33
2973 34
2973 35
2973 36
2974 7
2974 8
2974 49
2974 50
2974 51
2974 52
2974 53
2974 54
2974 55
2975 23
2975 24
2975 25
2975 26
2975 27
2975 28
2975 29
2975 30
2975 31
2976 43
2976 44
2976 45
2976 46
2976 47
2976 48
2976 49
2976 50
2977 18
2977 19
2977 20
2977 21
2977 22
2977 23
2977 24
2977 25
2978 37
2978 38
2978 39
2978 40
2978 41
2978 42
2978 43
2978 44
2978 45
2979 13
2979 14
2979 15
2979 16
2979 17
2979 18
2979 19
2979 58
2979 59
2979 60
2979 61
2979 62
2980 32
2980 33
2980 34
2980 35
2980 36
2980 37
2980 38
2980 39
2981 9
2981 10
2981 11
2981 12
2981 52
2981 53
2981 54
2981 55
2981 56
2981 57
2981 58
2982 26
2982 27
2982 28
2982 29
2982 30
2982 31
2982 32
2982 33
2982 34
2983 46
2983 47
2983 48
2983 49
2983 50
2983 51
2983 52
2983 53
2984 21
2984 22
2984 23
2984 24
2984 25
2984 26
2984 27
2984 28
2985 40
2985 41
2985 42
2985 43
2985 44
2985 45
2985 46
2985 47
2985 48
2986 16
2986 17
2986 18
2986 19
2986 20
2986 21
2986 22
2986 62
2986 63
2986 64
2987 35
2987 36
2987 37
2987 38
2987 39
2987 40
2987 41
2987 42
2988 11
2988 12
2988 13
2988 14
2988 15
2988 16
2988 55
2988 56
2988 57
2988 58
2988 59
2988 60
2989 29
2989 30
2989 31
2989 32
2989 33
2989 34
2989 35
2989 36
2989 37
2990 7
2990 8
2990 9
2990 49
2990 50
2990 51
2990 52
2990 53
2990 54
2990 55
2991 24
2991 25
2991 26
2991 27
2991 28
2991 29
2991 30
2991 31
2992 43
2992 44
2992 45
2992 46
2992 47
2992 48
2992 49
2992 50
2993 19
2993 20
2993 21
2993 22
2993 23
2993 24
2993 25
2994 38
2994 39
2994 40
2994 41
2994 42
2994 43
2994 44
2994 45
2995 14
2995 15
2995 16
2995 17
2995 18
2995 19
2995 59
2995 60
2995 61
2995 62
2996 32
2996 33
2996 34
2996 35
2996 36
2996 37
2996 38
2996 39
2996 40
2997 9
2997 10
2997 11
2997 12
2997 13
2997 53
2997 54
2997 55
2997 56
2997 57
2997 58
2998 27
2998 28
2998 29
2998 30
2998 31
2998 32
2998 33
2998 34
2999 47
2999 48
2999 49
2999 50
2999 51
2999 52
2999 53
3000 21
3000 22
3000 23
3000 24
3000 25
3000 26
3000 27
3000 28
3001 41
3001 42
3001 43
3001 44
3001 45
3001 46
3001 47
3001 48
3002 16
3002 17
3002 18
3002 19
3002 20
3002 21
3002 22
3002 63
3003 35
3003 36
3003 37
3003 38
3003 39
3003 40
3003 41
3003 42
3003 43
3004 11
3004 12
3004 13
3004 14
3004 15
3004 16
3004 56
3004 57
3004 58
3004 59
3004 60
3005 30
3005 31
3005 32
3005 33
3005 34
3005 35
3005 36
3005 37
3006 7
3006 8
3006 9
3006 50
3006 51
3006 52
3006 53
3006 54
3006 55
3006 56
3007 24
3007 25
3007 26
3007 27
3007 28
3007 29
3007 30
3007 31
3008 44
3008 45
3008 46
3008 47
3008 48
3008 49
3008 50
3008 51
3009 19
3009 20
3009 21
3009 22
3009 23
3009 24
3009 25
3010 38
3010 39
3010 40
3010 41
3010 42
3010 43
3010 44
3010 45
3011 14
3011 15
3011 16
3011 17
3011 18
3011 19
3011 60
3011 61
3011 62
3012 33
3012 34
3012 35
3012 36
3012 37
3012 38
3012 39
3012 40
3013 9
3013 10
3013 11
3013 12
3013 13
3013 53
3013 54
3013 55
3013 56
3013 57
3013 58
3014 27
3014 28
3014 29
3014 30
3014 31
3014 32
3014 33
3014 34
3015 47
3015 48
3015 49
3015 50
3015 51
3015 52
3015 53
3016 22
3016 23
3016 24
3016 25
3016 26
3016 27
3016 28
3016 29
3017 41
3017 42
3017 43
3017 44
3017 45
3017 46
3017 47
3017 48
3018 17
3018 18
3018 19
3018 20
3018 21
3018 22
3018 23
3019 36
3019 37
3019 38
3019 39
3019 40
3019 41
3019 42
3019 43
3020 12
3020 13
3020 14
3020 15
3020 16
3020 57
3020 58
3020 59
3020 60
3021 30
3021 31
3021 32
3021 33
3021 34
3021 35
3021 36
3021 37
3022 8
3022 9
3022 10
3022 50
3022 51
3022 52
3022 53
3022 54
3022 55
3022 56
3023 25
3023 26
3023 27
3023 28
3023 29
3023 30
3023 31
3023 32
3024 44
3024 45
3024 46
3024 47
3024 48
3024 49
3024 50
3024 51
3025 20
3025 21
3025 22
3025 23
3025 24
3025 25
3025 26
3026 39
3026 40
3026 41
3026 42
3026 43
3026 44
3026 45
3026 46
3027 15
3027 16
3027 17
3027 18
3027 19
3027 20
3027 61
3027 62
3028 33
3028 34
3028 35
3028 36
3028 37
3028 38
3028 39
3028 40
3029 10
3029 11
3029 12
3029 13
3029 54
3029 55
3029 56
3029 57
3029 58
3030 28
3030 29
3030 30
3030 31
3030 32
3030 33
3030 34
3030 35
3031 48
3031 49
3031 50
3031 51
3031 52
3031 53
3032 22
3032 23
3032 24
3032 25
3032 26
3032 27
3032 28
3032 29
3033 42
3033 43
3033 44
3033 45
3033 46
3033 47
3033 48
3034 17
3034 18
3034 19
3034 20
3034 21
3034 22
3034 23
3035 36
3035 37
3035 38
3035 39
3035 40
3035 41
3035 42
3035 43
3036 12
3036 13
3036 14
3036 15
3036 16
3036 17
3036 57
3036 58
3036 59
3036 60
3037 31
3037 32
3037 33
3037 34
3037 35
3037 36
3037 37
3038 8
3038 9
3038 10
3038 51
3038 52
3038 53
3038 54
3038 55
3038 56
3039 25
3039 26
3039 27
3039 28
3039 29
3039 30
3039 31
3039 32
3040 45
3040 46
3040 47
3040 48
3040 49
3040 50
3040 51
3041 20
3041 21
3041 22
3041 23
3041 24
3041 25
3041 26
3042 39
3042 40
3042 41
3042 42
3042 43
3042 44
3042 45
3042 46
3043 15
3043 16
3043 17
3043 18
3043 19
3043 20
3044 34
3044 35
3044 36
3044 37
3044 38
3044 39
3044 40
3045 10
3045 11
3045 12
3045 13
3045 14
3045 55
3045 56
3045 57
3045 58
3046 28
3046 29
3046 30
3046 31
3046 32
3046 33
3046 34
3046 35
3047 48
3047 49
3047 50
3047 51
3047 52
3047 53
3048 23
3048 24
3048 25
3048 26
3048 27
3048 28
3048 29
3049 43
3049 44
3049 45
3049 46
3049 47
3049 48
3050 18
3050 19
3050 20
3050 21
3050 22
3050 23
3051 37
3051 38
3051 39
3051 40
3051 41
3051 42
3051 43
3052 13
3052 14
3052 15
3052 16
3052 17
3052 58
3052 59
3052 60
3053 31
3053 32
3053 33
3053 34
3053 35
3053 36
3053 37
3053 38
3054 9
3054 10
3054 52
3054 53
3054 54
3054 55
3054 56
3055 26
3055 27
3055 28
3055 29
3055 30
3055 31
3055 32
3056 46
3056 47
3056 48
3056 49
3056 50
3056 51
3057 21
3057 22
3057 23
3057 24
3057 25
3057 26
3058 40
3058 41
3058 42
3058 43
3058 44
3058 45
3058 46
3059 16
3059 17
3059 18
3059 19
3059 20
3060 34
3060 35
3060 36
3060 37
3060 38
3060 39
3060 40
3061 11
3061 12
3061 13
3061 14
3061 55
3061 56
3061 57
3061 58
3062 29
3062 30
3062 31
3062 32
3062 33
3062 34
3062 35
3063 49
3063 50
3063 51
3063 52
3063 53
3064 24
3064 25
3064 26
3064 27
3064 28
3064 29
3065 43
3065 44
3065 45
3065 46
3065 47
3065 48
3066 19
3066 20
3066 21
3066 22
3066 23
3067 38
3067 39
3067 40
3067 41
3067 42
3067 43
3068 14
3068 15
3068 16
3068 17
3069 32
3069 33
3069 34
3069 35
3069 36
3069 37
3069 38
3070 10
3070 53
3070 54
3070 55
3071 27
3071 28
3071 29
3071 30
3071 31
3071 32
3072 47
3072 48
3072 49
3072 50
3072 51
3073 21
3073 22
3073 23
3073 24
3073 25
3073 26
3074 41
3074 42
3074 43
3074 44
3074 45
3074 46
3075 16
3075 17
3075 18
3075 19
3075 20
3076 35
3076 36
3076 37
3076 38
3076 39
3076 40
3076 41
3077 12
3077 13
3077 14
3077 57
3078 30
3078 31
3078 32
3078 33
3078 34
3078 35
3079 50
3079 51
3079 52
3079 53
3080 24
3080 25
3080 26
3080 27
3080 28
3080 29
3081 44
3081 45
3081 46
3081 47
3081 48
3082 19
3082 20
3082 21
3082 22
3082 23
3083 38
3083 39
3083 40
3083 41
3083 42
3083 43
3084 14
3084 15
3084 16
3084 17
3085 33
3085 34
3085 35
3085 36
3085 37
3085 38
3086 54
3086 55
3087 27
3087 28
3087 29
3087 30
3087 31
3087 32
3088 47
3088 48
3088 49
3088 50
3088 51
3089 22
3089 23
3089 24
3089 25
3089 26
3090 42
3090 43
3090 44
3090 45
3090 46
3091 17
3091 18
3091 19
3091 20
3092 36
3092 37
3092 38
3092 39
3092 40
3092 41
3093 13
3094 30
3094 31
3094 32
3094 33
3094 34
3094 35
3095 51
3095 52
3095 53
3096 25
3096 26
3096 27
3096 28
3096 29
3097 45
3097 46
3097 47
3097 48
3098 20
3098 21
3098 22
3098 23
3099 39
3099 40
3099 41
3099 42
3099 43
3100 15
3100 16
3100 17
3101 34
3101 35
3101 36
3101 37
3101 38
3103 28
3103 29
3103 30
3103 31
3103 32
3104 49
3104 50
3105 23
3105 24
3105 25
3105 26
3106 43
3106 44
3106 45
3107 18
3107 19
3107 20
3108 37
3108 38
3108 39
3108 40
3110 31
3110 32
3110 33
3110 34
3110 35
3112 26
3112 27
3112 28
3112 29
3113 46
3113 47
3113 48
3114 21
3114 22
3114 23
3115 40
3115 41
3115 42
3115 43
3117 35
3117 36
3117 37
3117 38
3119 29
3119 30
3119 31
3119 32
3121 24
3121 25
3121 26
3122 44
3122 45
3124 38
3124 39
3124 40
3126 33
3126 34
3126 35
3128 27
3128 28
3128 29
3133 36
3133 37
3135 31
