1825 123
1825 124
1825 125
1826 127
1826 128
1826 129
1827 132
1827 133
1827 134
1828 136
1828 137
1828 138
1829 141
1829 142
1833 113
1833 114
1834 117
1834 118
1834 119
1835 121
1835 122
1835 123
1835 124
1836 125
1836 126
1836 127
1836 128
1837 129
1837 130
1837 131
1837 132
1837 133
1838 133
1838 134
1838 135
1838 136
1838 137
1839 138
1839 139
1839 140
1839 141
1840 143
1840 144
1840 145
1841 148
1841 149
1843 111
1843 112
1843 113
1844 114
1844 115
1844 116
1844 117
1844 118
1845 118
1845 119
1845 120
1845 121
1845 122
1846 122
1846 123
1846 124
1846 125
1846 126
1846 127
1847 127
1847 128
1847 129
1847 130
1847 131
1848 131
1848 132
1848 133
1848 134
1848 135
1848 136
1849 135
1849 136
1849 137
1849 138
1849 139
1849 140
1850 140
1850 141
1850 142
1850 143
1850 144
1851 145
1851 146
1851 147
1851 148
1852 105
1852 106
1852 150
1852 151
1852 152
1853 108
1853 109
1853 110
1853 111
1854 112
1854 113
1854 114
1854 115
1854 116
1855 116
1855 117
1855 118
1855 119
1855 120
1855 121
1856 120
1856 121
1856 122
1856 123
1856 124
1856 125
1857 124
1857 125
1857 126
1857 127
1857 128
1857 129
1857 130
1858 128
1858 129
1858 130
1858 131
1858 132
1858 133
1858 134
1859 133
1859 134
1859 135
1859 136
1859 137
1859 138
1859 139
1860 137
1860 138
1860 139
1860 140
1860 141
1860 142
1860 143
1861 142
1861 143
1861 144
1861 145
1861 146
1861 147
1862 102
1862 103
1862 104
1862 147
1862 148
1862 149
1862 150
1862 151
1863 106
1863 107
1863 108
1863 109
1863 110
1863 152
1863 153
1863 154
1863 155
1864 110
1864 111
1864 112
1864 113
1864 114
1864 115
1865 114
1865 115
1865 116
1865 117
1865 118
1865 119
1866 118
1866 119
1866 120
1866 121
1866 122
1866 123
1866 124
1867 122
1867 123
1867 124
1867 125
1867 126
1867 127
1867 128
1868 126
1868 127
1868 128
1868 129
1868 130
1868 131
1868 132
1868 133
1869 131
1869 132
1869 133
1869 134
1869 135
1869 136
1869 137
1870 135
1870 136
1870 137
1870 138
1870 139
1870 140
1870 141
1871 140
1871 141
1871 142
1871 143
1871 144
1871 145
1871 146
1872 100
1872 101
1872 102
1872 103
1872 144
1872 145
1872 146
1872 147
1872 148
1872 149
1872 150
1873 104
1873 105
1873 106
1873 107
1873 108
1873 149
1873 150
1873 151
1873 152
1873 153
1873 154
1874 107
1874 108
1874 109
1874 110
1874 111
1874 112
1874 113
1874 154
1874 155
1874 156
1874 157
1875 111
1875 112
1875 113
1875 114
1875 115
1875 116
1875 117
1875 118
1876 116
1876 117
1876 118
1876 119
1876 120
1876 121
1876 122
1877 120
1877 121
1877 122
1877 123
1877 124
1877 125
1877 126
1877 127
1878 124
1878 125
1878 126
1878 127
1878 128
1878 129
1878 130
1878 131
1879 128
1879 129
1879 130
1879 131
1879 132
1879 133
1879 134
1879 135
1879 136
1880 133
1880 134
1880 135
1880 136
1880 137
1880 138
1880 139
1880 140
1881 137
1881 138
1881 139
1881 140
1881 141
1881 142
1881 143
1881 144
1882 98
1882 99
1882 100
1882 101
1882 142
1882 143
1882 144
1882 145
1882 146
1882 147
1882 148
1883 102
1883 103
1883 104
1883 105
1883 106
1883 147
1883 148
1883 149
1883 150
1883 151
1883 152
1884 105
1884 106
1884 107
1884 108
1884 109
1884 110
1884 111
1884 151
1884 152
1884 153
1884 154
1884 155
1884 156
1885 109
1885 110
1885 111
1885 112
1885 113
1885 114
1885 115
1885 116
1885 157
1885 158
1885 159
1885 160
1886 113
1886 114
1886 115
1886 116
1886 117
1886 118
1886 119
1886 120
1887 118
1887 119
1887 120
1887 121
1887 122
1887 123
1887 124
1887 125
1888 122
1888 123
1888 124
1888 125
1888 126
1888 127
1888 128
1888 129
1889 126
1889 127
1889 128
1889 129
1889 130
1889 131
1889 132
1889 133
1889 134
1890 131
1890 132
1890 133
1890 134
1890 135
1890 136
1890 137
1890 138
1891 135
1891 136
1891 137
1891 138
1891 139
1891 140
1891 141
1891 142
1891 143
1892 96
1892 97
1892 98
1892 99
1892 140
1892 141
1892 142
1892 143
1892 144
1892 145
1892 146
1892 147
1893 100
1893 101
1893 102
1893 103
1893 104
1893 144
1893 145
1893 146
1893 147
1893 148
1893 149
1893 150
1893 151
1894 103
1894 104
1894 105
1894 106
1894 107
1894 108
1894 109
1894 149
1894 150
1894 151
1894 152
1894 153
1894 154
1894 155
1895 107
1895 108
1895 109
1895 110
1895 111
1895 112
1895 113
1895 114
1895 154
1895 155
1895 156
1895 157
1895 158
1895 159
1896 111
1896 112
1896 113
1896 114
1896 115
1896 116
1896 117
1896 118
1896 119
1896 159
1896 160
1896 161
1896 162
1897 115
1897 116
1897 117
1897 118
1897 119
1897 120
1897 121
1897 122
1897 123
1898 120
1898 121
1898 122
1898 123
1898 124
1898 125
1898 126
1898 127
1898 128
1899 124
1899 125
1899 126
1899 127
1899 128
1899 129
1899 130
1899 131
1899 132
1900 128
1900 129
1900 130
1900 131
1900 132
1900 133
1900 134
1900 135
1900 136
1900 137
1901 133
1901 134
1901 135
1901 136
1901 137
1901 138
1901 139
1901 140
1901 141
1902 94
1902 95
1902 96
1902 97
1902 137
1902 138
1902 139
1902 140
1902 141
1902 142
1902 143
1902 144
1902 145
1903 97
1903 98
1903 99
1903 100
1903 101
1903 102
1903 142
1903 143
1903 144
1903 145
1903 146
1903 147
1903 148
1903 149
1904 101
1904 102
1904 103
1904 104
1904 105
1904 106
1904 107
1904 147
1904 148
1904 149
1904 150
1904 151
1904 152
1904 153
1905 105
1905 106
1905 107
1905 108
1905 109
1905 110
1905 111
1905 112
1905 151
1905 152
1905 153
1905 154
1905 155
1905 156
1905 157
1906 109
1906 110
1906 111
1906 112
1906 113
1906 114
1906 115
1906 116
1906 117
1906 156
1906 157
1906 158
1906 159
1906 160
1906 161
1907 113
1907 114
1907 115
1907 116
1907 117
1907 118
1907 119
1907 120
1907 121
1907 162
1907 163
1907 164
1908 118
1908 119
1908 120
1908 121
1908 122
1908 123
1908 124
1908 125
1908 126
1909 122
1909 123
1909 124
1909 125
1909 126
1909 127
1909 128
1909 129
1909 130
1910 126
1910 127
1910 128
1910 129
1910 130
1910 131
1910 132
1910 133
1910 134
1910 135
1911 131
1911 132
1911 133
1911 134
1911 135
1911 136
1911 137
1911 138
1911 139
1912 92
1912 93
1912 94
1912 95
1912 135
1912 136
1912 137
1912 138
1912 139
1912 140
1912 141
1912 142
1912 143
1912 144
1913 95
1913 96
1913 97
1913 98
1913 99
1913 100
1913 140
1913 141
1913 142
1913 143
1913 144
1913 145
1913 146
1913 147
1913 148
1914 99
1914 100
1914 101
1914 102
1914 103
1914 104
1914 105
1914 144
1914 145
1914 146
1914 147
1914 148
1914 149
1914 150
1914 151
1914 152
1915 103
1915 104
1915 105
1915 106
1915 107
1915 108
1915 109
1915 110
1915 149
1915 150
1915 151
1915 152
1915 153
1915 154
1915 155
1915 156
1916 107
1916 108
1916 109
1916 110
1916 111
1916 112
1916 113
1916 114
1916 115
1916 154
1916 155
1916 156
1916 157
1916 158
1916 159
1916 160
1917 111
1917 112
1917 113
1917 114
1917 115
1917 116
1917 117
1917 118
1917 119
1917 120
1917 159
1917 160
1917 161
1917 162
1917 163
1918 116
1918 117
1918 118
1918 119
1918 120
1918 121
1918 122
1918 123
1918 124
1918 165
1918 166
1919 120
1919 121
1919 122
1919 123
1919 124
1919 125
1919 126
1919 127
1919 128
1919 129
1920 124
1920 125
1920 126
1920 127
1920 128
1920 129
1920 130
1920 131
1920 132
1920 133
1921 129
1921 130
1921 131
1921 132
1921 133
1921 134
1921 135
1921 136
1921 137
1922 90
1922 91
1922 92
1922 93
1922 133
1922 134
1922 135
1922 136
1922 137
1922 138
1922 139
1922 140
1922 141
1922 142
1923 94
1923 95
1923 96
1923 97
1923 98
1923 137
1923 138
1923 139
1923 140
1923 141
1923 142
1923 143
1923 144
1923 145
1923 146
1924 97
1924 98
1924 99
1924 100
1924 101
1924 102
1924 103
1924 142
1924 143
1924 144
1924 145
1924 146
1924 147
1924 148
1924 149
1924 150
1925 101
1925 102
1925 103
1925 104
1925 105
1925 106
1925 107
1925 108
1925 147
1925 148
1925 149
1925 150
1925 151
1925 152
1925 153
1925 154
1926 105
1926 106
1926 107
1926 108
1926 109
1926 110
1926 111
1926 112
1926 113
1926 151
1926 152
1926 153
1926 154
1926 155
1926 156
1926 157
1926 158
1927 109
1927 110
1927 111
1927 112
1927 113
1927 114
1927 115
1927 116
1927 117
1927 118
1927 156
1927 157
1927 158
1927 159
1927 160
1927 161
1927 162
1928 113
1928 114
1928 115
1928 116
1928 117
1928 118
1928 119
1928 120
1928 121
1928 122
1928 162
1928 163
1928 164
1928 165
1929 118
1929 119
1929 120
1929 121
1929 122
1929 123
1929 124
1929 125
1929 126
1929 127
1930 122
1930 123
1930 124
1930 125
1930 126
1930 127
1930 128
1930 129
1930 130
1930 131
1931 126
1931 127
1931 128
1931 129
1931 130
1931 131
1931 132
1931 133
1931 134
1931 135
1931 136
1932 88
1932 89
1932 90
1932 91
1932 131
1932 132
1932 133
1932 134
1932 135
1932 136
1932 137
1932 138
1932 139
1932 140
1933 92
1933 93
1933 94
1933 95
1933 96
1933 135
1933 136
1933 137
1933 138
1933 139
1933 140
1933 141
1933 142
1933 143
1933 144
1934 95
1934 96
1934 97
1934 98
1934 99
1934 100
1934 101
1934 140
1934 141
1934 142
1934 143
1934 144
1934 145
1934 146
1934 147
1934 148
1934 149
1935 99
1935 100
1935 101
1935 102
1935 103
1935 104
1935 105
1935 106
1935 144
1935 145
1935 146
1935 147
1935 148
1935 149
1935 150
1935 151
1935 152
1935 153
1936 103
1936 104
1936 105
1936 106
1936 107
1936 108
1936 109
1936 110
1936 111
1936 149
1936 150
1936 151
1936 152
1936 153
1936 154
1936 155
1936 156
1936 157
1937 107
1937 108
1937 109
1937 110
1937 111
1937 112
1937 113
1937 114
1937 115
1937 116
1937 154
1937 155
1937 156
1937 157
1937 158
1937 159
1937 160
1938 111
1938 112
1938 113
1938 114
1938 115
1938 116
1938 117
1938 118
1938 119
1938 120
1938 159
1938 160
1938 161
1938 162
1938 163
1938 164
1939 116
1939 117
1939 118
1939 119
1939 120
1939 121
1939 122
1939 123
1939 124
1939 125
1939 164
1939 165
1939 166
1939 167
1940 120
1940 121
1940 122
1940 123
1940 124
1940 125
1940 126
1940 127
1940 128
1940 129
1941 124
1941 125
1941 126
1941 127
1941 128
1941 129
1941 130
1941 131
1941 132
1941 133
1941 134
1942 87
1942 88
1942 89
1942 129
1942 130
1942 131
1942 132
1942 133
1942 134
1942 135
1942 136
1942 137
1942 138
1943 90
1943 91
1943 92
1943 93
1943 94
1943 133
1943 134
1943 135
1943 136
1943 137
1943 138
1943 139
1943 140
1943 141
1943 142
1943 143
1944 93
1944 94
1944 95
1944 96
1944 97
1944 98
1944 99
1944 138
1944 139
1944 140
1944 141
1944 142
1944 143
1944 144
1944 145
1944 146
1944 147
1945 97
1945 98
1945 99
1945 100
1945 101
1945 102
1945 103
1945 104
1945 142
1945 143
1945 144
1945 145
1945 146
1945 147
1945 148
1945 149
1945 150
1945 151
1946 101
1946 102
1946 103
1946 104
1946 105
1946 106
1946 107
1946 108
1946 109
1946 147
1946 148
1946 149
1946 150
1946 151
1946 152
1946 153
1946 154
1946 155
1947 105
1947 106
1947 107
1947 108
1947 109
1947 110
1947 111
1947 112
1947 113
1947 114
1947 152
1947 153
1947 154
1947 155
1947 156
1947 157
1947 158
1947 159
1948 109
1948 110
1948 111
1948 112
1948 113
1948 114
1948 115
1948 116
1948 117
1948 118
1948 157
1948 158
1948 159
1948 160
1948 161
1948 162
1948 163
1949 114
1949 115
1949 116
1949 117
1949 118
1949 119
1949 120
1949 121
1949 122
1949 123
1949 162
1949 163
1949 164
1949 165
1949 166
1950 118
1950 119
1950 120
1950 121
1950 122
1950 123
1950 124
1950 125
1950 126
1950 127
1950 128
1950 167
1950 168
1950 169
1951 122
1951 123
1951 124
1951 125
1951 126
1951 127
1951 128
1951 129
1951 130
1951 131
1951 132
1952 85
1952 86
1952 87
1952 127
1952 128
1952 129
1952 130
1952 131
1952 132
1952 133
1952 134
1952 135
1952 136
1953 88
1953 89
1953 90
1953 91
1953 92
1953 131
1953 132
1953 133
1953 134
1953 135
1953 136
1953 137
1953 138
1953 139
1953 140
1953 141
1954 91
1954 92
1954 93
1954 94
1954 95
1954 96
1954 97
1954 136
1954 137
1954 138
1954 139
1954 140
1954 141
1954 142
1954 143
1954 144
1954 145
1955 95
1955 96
1955 97
1955 98
1955 99
1955 100
1955 101
1955 102
1955 140
1955 141
1955 142
1955 143
1955 144
1955 145
1955 146
1955 147
1955 148
1955 149
1956 99
1956 100
1956 101
1956 102
1956 103
1956 104
1956 105
1956 106
1956 107
1956 145
1956 146
1956 147
1956 148
1956 149
1956 150
1956 151
1956 152
1956 153
1957 103
1957 104
1957 105
1957 106
1957 107
1957 108
1957 109
1957 110
1957 111
1957 112
1957 149
1957 150
1957 151
1957 152
1957 153
1957 154
1957 155
1957 156
1957 157
1958 107
1958 108
1958 109
1958 110
1958 111
1958 112
1958 113
1958 114
1958 115
1958 116
1958 117
1958 154
1958 155
1958 156
1958 157
1958 158
1958 159
1958 160
1958 161
1959 112
1959 113
1959 114
1959 115
1959 116
1959 117
1959 118
1959 119
1959 120
1959 121
1959 159
1959 160
1959 161
1959 162
1959 163
1959 164
1959 165
1960 116
1960 117
1960 118
1960 119
1960 120
1960 121
1960 122
1960 123
1960 124
1960 125
1960 126
1960 164
1960 165
1960 166
1960 167
1960 168
1961 120
1961 121
1961 122
1961 123
1961 124
1961 125
1961 126
1961 127
1961 128
1961 129
1961 130
1962 83
1962 84
1962 125
1962 126
1962 127
1962 128
1962 129
1962 130
1962 131
1962 132
1962 133
1962 134
1962 135
1963 86
1963 87
1963 88
1963 89
1963 90
1963 129
1963 130
1963 131
1963 132
1963 133
1963 134
1963 135
1963 136
1963 137
1963 138
1963 139
1964 89
1964 90
1964 91
1964 92
1964 93
1964 94
1964 95
1964 133
1964 134
1964 135
1964 136
1964 137
1964 138
1964 139
1964 140
1964 141
1964 142
1964 143
1965 93
1965 94
1965 95
1965 96
1965 97
1965 98
1965 99
1965 100
1965 138
1965 139
1965 140
1965 141
1965 142
1965 143
1965 144
1965 145
1965 146
1965 147
1965 148
1966 97
1966 98
1966 99
1966 100
1966 101
1966 102
1966 103
1966 104
1966 105
1966 143
1966 144
1966 145
1966 146
1966 147
1966 148
1966 149
1966 150
1966 151
1966 152
1967 101
1967 102
1967 103
1967 104
1967 105
1967 106
1967 107
1967 108
1967 109
1967 110
1967 147
1967 148
1967 149
1967 150
1967 151
1967 152
1967 153
1967 154
1967 155
1967 156
1968 105
1968 106
1968 107
1968 108
1968 109
1968 110
1968 111
1968 112
1968 113
1968 114
1968 115
1968 152
1968 153
1968 154
1968 155
1968 156
1968 157
1968 158
1968 159
1968 160
1969 110
1969 111
1969 112
1969 113
1969 114
1969 115
1969 116
1969 117
1969 118
1969 119
1969 157
1969 158
1969 159
1969 160
1969 161
1969 162
1969 163
1970 114
1970 115
1970 116
1970 117
1970 118
1970 119
1970 120
1970 121
1970 122
1970 123
1970 124
1970 162
1970 163
1970 164
1970 165
1970 166
1970 167
1971 118
1971 119
1971 120
1971 121
1971 122
1971 123
1971 124
1971 125
1971 126
1971 127
1971 128
1971 167
1971 168
1971 169
1971 170
1972 122
1972 123
1972 124
1972 125
1972 126
1972 127
1972 128
1972 129
1972 130
1972 131
1972 132
1972 133
1973 84
1973 85
1973 86
1973 87
1973 88
1973 127
1973 128
1973 129
1973 130
1973 131
1973 132
1973 133
1973 134
1973 135
1973 136
1973 137
1974 88
1974 89
1974 90
1974 91
1974 92
1974 93
1974 131
1974 132
1974 133
1974 134
1974 135
1974 136
1974 137
1974 138
1974 139
1974 140
1974 141
1975 91
1975 92
1975 93
1975 94
1975 95
1975 96
1975 97
1975 98
1975 136
1975 137
1975 138
1975 139
1975 140
1975 141
1975 142
1975 143
1975 144
1975 145
1975 146
1976 95
1976 96
1976 97
1976 98
1976 99
1976 100
1976 101
1976 102
1976 103
1976 140
1976 141
1976 142
1976 143
1976 144
1976 145
1976 146
1976 147
1976 148
1976 149
1976 150
1977 99
1977 100
1977 101
1977 102
1977 103
1977 104
1977 105
1977 106
1977 107
1977 108
1977 145
1977 146
1977 147
1977 148
1977 149
1977 150
1977 151
1977 152
1977 153
1977 154
1978 103
1978 104
1978 105
1978 106
1978 107
1978 108
1978 109
1978 110
1978 111
1978 112
1978 113
1978 150
1978 151
1978 152
1978 153
1978 154
1978 155
1978 156
1978 157
1978 158
1979 107
1979 108
1979 109
1979 110
1979 111
1979 112
1979 113
1979 114
1979 115
1979 116
1979 117
1979 154
1979 155
1979 156
1979 157
1979 158
1979 159
1979 160
1979 161
1979 162
1980 112
1980 113
1980 114
1980 115
1980 116
1980 117
1980 118
1980 119
1980 120
1980 121
1980 122
1980 159
1980 160
1980 161
1980 162
1980 163
1980 164
1980 165
1980 166
1981 116
1981 117
1981 118
1981 119
1981 120
1981 121
1981 122
1981 123
1981 124
1981 125
1981 126
1981 165
1981 166
1981 167
1981 168
1981 169
1982 120
1982 121
1982 122
1982 123
1982 124
1982 125
1982 126
1982 127
1982 128
1982 129
1982 130
1982 131
1982 171
1983 82
1983 83
1983 84
1983 85
1983 86
1983 125
1983 126
1983 127
1983 128
1983 129
1983 130
1983 131
1983 132
1983 133
1983 134
1983 135
1984 86
1984 87
1984 88
1984 89
1984 90
1984 91
1984 129
1984 130
1984 131
1984 132
1984 133
1984 134
1984 135
1984 136
1984 137
1984 138
1984 139
1984 140
1985 89
1985 90
1985 91
1985 92
1985 93
1985 94
1985 95
1985 96
1985 134
1985 135
1985 136
1985 137
1985 138
1985 139
1985 140
1985 141
1985 142
1985 143
1985 144
1986 93
1986 94
1986 95
1986 96
1986 97
1986 98
1986 99
1986 100
1986 101
1986 138
1986 139
1986 140
1986 141
1986 142
1986 143
1986 144
1986 145
1986 146
1986 147
1986 148
1987 97
1987 98
1987 99
1987 100
1987 101
1987 102
1987 103
1987 104
1987 105
1987 106
1987 143
1987 144
1987 145
1987 146
1987 147
1987 148
1987 149
1987 150
1987 151
1987 152
1988 101
1988 102
1988 103
1988 104
1988 105
1988 106
1988 107
1988 108
1988 109
1988 110
1988 111
1988 147
1988 148
1988 149
1988 150
1988 151
1988 152
1988 153
1988 154
1988 155
1988 156
1989 105
1989 106
1989 107
1989 108
1989 109
1989 110
1989 111
1989 112
1989 113
1989 114
1989 115
1989 152
1989 153
1989 154
1989 155
1989 156
1989 157
1989 158
1989 159
1989 160
1990 110
1990 111
1990 112
1990 113
1990 114
1990 115
1990 116
1990 117
1990 118
1990 119
1990 120
1990 157
1990 158
1990 159
1990 160
1990 161
1990 162
1990 163
1990 164
1991 114
1991 115
1991 116
1991 117
1991 118
1991 119
1991 120
1991 121
1991 122
1991 123
1991 124
1991 162
1991 163
1991 164
1991 165
1991 166
1991 167
1991 168
1992 118
1992 119
1992 120
1992 121
1992 122
1992 123
1992 124
1992 125
1992 126
1992 127
1992 128
1992 129
1992 167
1992 168
1992 169
1992 170
1992 171
1993 81
1993 82
1993 83
1993 123
1993 124
1993 125
1993 126
1993 127
1993 128
1993 129
1993 130
1993 131
1993 132
1993 133
1994 84
1994 85
1994 86
1994 87
1994 88
1994 89
1994 127
1994 128
1994 129
1994 130
1994 131
1994 132
1994 133
1994 134
1994 135
1994 136
1994 137
1994 138
1995 87
1995 88
1995 89
1995 90
1995 91
1995 92
1995 93
1995 94
1995 132
1995 133
1995 134
1995 135
1995 136
1995 137
1995 138
1995 139
1995 140
1995 141
1995 142
1996 91
1996 92
1996 93
1996 94
1996 95
1996 96
1996 97
1996 98
1996 99
1996 136
1996 137
1996 138
1996 139
1996 140
1996 141
1996 142
1996 143
1996 144
1996 145
1996 146
1997 95
1997 96
1997 97
1997 98
1997 99
1997 100
1997 101
1997 102
1997 103
1997 104
1997 141
1997 142
1997 143
1997 144
1997 145
1997 146
1997 147
1997 148
1997 149
1997 150
1997 151
1998 99
1998 100
1998 101
1998 102
1998 103
1998 104
1998 105
1998 106
1998 107
1998 108
1998 145
1998 146
1998 147
1998 148
1998 149
1998 150
1998 151
1998 152
1998 153
1998 154
1998 155
1999 103
1999 104
1999 105
1999 106
1999 107
1999 108
1999 109
1999 110
1999 111
1999 112
1999 113
1999 150
1999 151
1999 152
1999 153
1999 154
1999 155
1999 156
1999 157
1999 158
1999 159
2000 108
2000 109
2000 110
2000 111
2000 112
2000 113
2000 114
2000 115
2000 116
2000 117
2000 118
2000 155
2000 156
2000 157
2000 158
2000 159
2000 160
2000 161
2000 162
2000 163
2001 112
2001 113
2001 114
2001 115
2001 116
2001 117
2001 118
2001 119
2001 120
2001 121
2001 122
2001 160
2001 161
2001 162
2001 163
2001 164
2001 165
2001 166
2002 116
2002 117
2002 118
2002 119
2002 120
2002 121
2002 122
2002 123
2002 124
2002 125
2002 126
2002 127
2002 165
2002 166
2002 167
2002 168
2002 169
2002 170
2003 79
2003 80
2003 121
2003 122
2003 123
2003 124
2003 125
2003 126
2003 127
2003 128
2003 129
2003 130
2003 131
2003 171
2003 172
2004 82
2004 83
2004 84
2004 85
2004 86
2004 125
2004 126
2004 127
2004 128
2004 129
2004 130
2004 131
2004 132
2004 133
2004 134
2004 135
2004 136
2005 86
2005 87
2005 88
2005 89
2005 90
2005 91
2005 92
2005 130
2005 131
2005 132
2005 133
2005 134
2005 135
2005 136
2005 137
2005 138
2005 139
2005 140
2006 89
2006 90
2006 91
2006 92
2006 93
2006 94
2006 95
2006 96
2006 97
2006 134
2006 135
2006 136
2006 137
2006 138
2006 139
2006 140
2006 141
2006 142
2006 143
2006 144
2006 145
2007 93
2007 94
2007 95
2007 96
2007 97
2007 98
2007 99
2007 100
2007 101
2007 102
2007 139
2007 140
2007 141
2007 142
2007 143
2007 144
2007 145
2007 146
2007 147
2007 148
2007 149
2008 97
2008 98
2008 99
2008 100
2008 101
2008 102
2008 103
2008 104
2008 105
2008 106
2008 143
2008 144
2008 145
2008 146
2008 147
2008 148
2008 149
2008 150
2008 151
2008 152
2008 153
2009 101
2009 102
2009 103
2009 104
2009 105
2009 106
2009 107
2009 108
2009 109
2009 110
2009 111
2009 148
2009 149
2009 150
2009 151
2009 152
2009 153
2009 154
2009 155
2009 156
2009 157
2010 106
2010 107
2010 108
2010 109
2010 110
2010 111
2010 112
2010 113
2010 114
2010 115
2010 116
2010 153
2010 154
2010 155
2010 156
2010 157
2010 158
2010 159
2010 160
2010 161
2011 110
2011 111
2011 112
2011 113
2011 114
2011 115
2011 116
2011 117
2011 118
2011 119
2011 120
2011 157
2011 158
2011 159
2011 160
2011 161
2011 162
2011 163
2011 164
2011 165
2012 114
2012 115
2012 116
2012 117
2012 118
2012 119
2012 120
2012 121
2012 122
2012 123
2012 124
2012 125
2012 162
2012 163
2012 164
2012 165
2012 166
2012 167
2012 168
2013 119
2013 120
2013 121
2013 122
2013 123
2013 124
2013 125
2013 126
2013 127
2013 128
2013 129
2013 130
2013 168
2013 169
2013 170
2013 171
2014 80
2014 81
2014 82
2014 83
2014 84
2014 123
2014 124
2014 125
2014 126
2014 127
2014 128
2014 129
2014 130
2014 131
2014 132
2014 133
2014 134
2015 84
2015 85
2015 86
2015 87
2015 88
2015 89
2015 128
2015 129
2015 130
2015 131
2015 132
2015 133
2015 134
2015 135
2015 136
2015 137
2015 138
2016 88
2016 89
2016 90
2016 91
2016 92
2016 93
2016 94
2016 95
2016 132
2016 133
2016 134
2016 135
2016 136
2016 137
2016 138
2016 139
2016 140
2016 141
2016 142
2016 143
2017 91
2017 92
2017 93
2017 94
2017 95
2017 96
2017 97
2017 98
2017 99
2017 137
2017 138
2017 139
2017 140
2017 141
2017 142
2017 143
2017 144
2017 145
2017 146
2017 147
2018 95
2018 96
2018 97
2018 98
2018 99
2018 100
2018 101
2018 102
2018 103
2018 104
2018 141
2018 142
2018 143
2018 144
2018 145
2018 146
2018 147
2018 148
2018 149
2018 150
2018 151
2019 100
2019 101
2019 102
2019 103
2019 104
2019 105
2019 106
2019 107
2019 108
2019 109
2019 146
2019 147
2019 148
2019 149
2019 150
2019 151
2019 152
2019 153
2019 154
2019 155
2020 104
2020 105
2020 106
2020 107
2020 108
2020 109
2020 110
2020 111
2020 112
2020 113
2020 114
2020 150
2020 151
2020 152
2020 153
2020 154
2020 155
2020 156
2020 157
2020 158
2020 159
2021 108
2021 109
2021 110
2021 111
2021 112
2021 113
2021 114
2021 115
2021 116
2021 117
2021 118
2021 155
2021 156
2021 157
2021 158
2021 159
2021 160
2021 161
2021 162
2021 163
2022 112
2022 113
2022 114
2022 115
2022 116
2022 117
2022 118
2022 119
2022 120
2022 121
2022 122
2022 123
2022 160
2022 161
2022 162
2022 163
2022 164
2022 165
2022 166
2022 167
2023 117
2023 118
2023 119
2023 120
2023 121
2023 122
2023 123
2023 124
2023 125
2023 126
2023 127
2023 128
2023 165
2023 166
2023 167
2023 168
2023 169
2023 170
2024 79
2024 80
2024 81
2024 82
2024 121
2024 122
2024 123
2024 124
2024 125
2024 126
2024 127
2024 128
2024 129
2024 130
2024 131
2024 132
2024 171
2024 172
2024 173
2025 82
2025 83
2025 84
2025 85
2025 86
2025 87
2025 125
2025 126
2025 127
2025 128
2025 129
2025 130
2025 131
2025 132
2025 133
2025 134
2025 135
2025 136
2026 86
2026 87
2026 88
2026 89
2026 90
2026 91
2026 92
2026 130
2026 131
2026 132
2026 133
2026 134
2026 135
2026 136
2026 137
2026 138
2026 139
2026 140
2026 141
2027 89
2027 90
2027 91
2027 92
2027 93
2027 94
2027 95
2027 96
2027 97
2027 134
2027 135
2027 136
2027 137
2027 138
2027 139
2027 140
2027 141
2027 142
2027 143
2027 144
2027 145
2028 93
2028 94
2028 95
2028 96
2028 97
2028 98
2028 99
2028 100
2028 101
2028 102
2028 139
2028 140
2028 141
2028 142
2028 143
2028 144
2028 145
2028 146
2028 147
2028 148
2028 149
2029 98
2029 99
2029 100
2029 101
2029 102
2029 103
2029 104
2029 105
2029 106
2029 107
2029 144
2029 145
2029 146
2029 147
2029 148
2029 149
2029 150
2029 151
2029 152
2029 153
2030 102
2030 103
2030 104
2030 105
2030 106
2030 107
2030 108
2030 109
2030 110
2030 111
2030 112
2030 148
2030 149
2030 150
2030 151
2030 152
2030 153
2030 154
2030 155
2030 156
2030 157
2030 158
2031 106
2031 107
2031 108
2031 109
2031 110
2031 111
2031 112
2031 113
2031 114
2031 115
2031 116
2031 153
2031 154
2031 155
2031 156
2031 157
2031 158
2031 159
2031 160
2031 161
2032 110
2032 111
2032 112
2032 113
2032 114
2032 115
2032 116
2032 117
2032 118
2032 119
2032 120
2032 121
2032 158
2032 159
2032 160
2032 161
2032 162
2032 163
2032 164
2032 165
2033 115
2033 116
2033 117
2033 118
2033 119
2033 120
2033 121
2033 122
2033 123
2033 124
2033 125
2033 126
2033 163
2033 164
2033 165
2033 166
2033 167
2033 168
2033 169
2034 77
2034 78
2034 79
2034 119
2034 120
2034 121
2034 122
2034 123
2034 124
2034 125
2034 126
2034 127
2034 128
2034 129
2034 130
2034 168
2034 169
2034 170
2034 171
2034 172
2035 80
2035 81
2035 82
2035 83
2035 84
2035 85
2035 123
2035 124
2035 125
2035 126
2035 127
2035 128
2035 129
2035 130
2035 131
2035 132
2035 133
2035 134
2035 135
2036 84
2036 85
2036 86
2036 87
2036 88
2036 89
2036 90
2036 128
2036 129
2036 130
2036 131
2036 132
2036 133
2036 134
2036 135
2036 136
2036 137
2036 138
2036 139
2037 88
2037 89
2037 90
2037 91
2037 92
2037 93
2037 94
2037 95
2037 132
2037 133
2037 134
2037 135
2037 136
2037 137
2037 138
2037 139
2037 140
2037 141
2037 142
2037 143
2038 92
2038 93
2038 94
2038 95
2038 96
2038 97
2038 98
2038 99
2038 100
2038 137
2038 138
2038 139
2038 140
2038 141
2038 142
2038 143
2038 144
2038 145
2038 146
2038 147
2038 148
2039 96
2039 97
2039 98
2039 99
2039 100
2039 101
2039 102
2039 103
2039 104
2039 105
2039 141
2039 142
2039 143
2039 144
2039 145
2039 146
2039 147
2039 148
2039 149
2039 150
2039 151
2039 152
2040 100
2040 101
2040 102
2040 103
2040 104
2040 105
2040 106
2040 107
2040 108
2040 109
2040 110
2040 146
2040 147
2040 148
2040 149
2040 150
2040 151
2040 152
2040 153
2040 154
2040 155
2040 156
2041 104
2041 105
2041 106
2041 107
2041 108
2041 109
2041 110
2041 111
2041 112
2041 113
2041 114
2041 151
2041 152
2041 153
2041 154
2041 155
2041 156
2041 157
2041 158
2041 159
2041 160
2042 108
2042 109
2042 110
2042 111
2042 112
2042 113
2042 114
2042 115
2042 116
2042 117
2042 118
2042 119
2042 155
2042 156
2042 157
2042 158
2042 159
2042 160
2042 161
2042 162
2042 163
2042 164
2043 113
2043 114
2043 115
2043 116
2043 117
2043 118
2043 119
2043 120
2043 121
2043 122
2043 123
2043 124
2043 160
2043 161
2043 162
2043 163
2043 164
2043 165
2043 166
2043 167
2044 117
2044 118
2044 119
2044 120
2044 121
2044 122
2044 123
2044 124
2044 125
2044 126
2044 127
2044 128
2044 165
2044 166
2044 167
2044 168
2044 169
2044 170
2044 171
2045 79
2045 80
2045 81
2045 82
2045 121
2045 122
2045 123
2045 124
2045 125
2045 126
2045 127
2045 128
2045 129
2045 130
2045 131
2045 132
2045 133
2045 171
2045 172
2045 173
2046 82
2046 83
2046 84
2046 85
2046 86
2046 87
2046 88
2046 126
2046 127
2046 128
2046 129
2046 130
2046 131
2046 132
2046 133
2046 134
2046 135
2046 136
2046 137
2047 86
2047 87
2047 88
2047 89
2047 90
2047 91
2047 92
2047 93
2047 130
2047 131
2047 132
2047 133
2047 134
2047 135
2047 136
2047 137
2047 138
2047 139
2047 140
2047 141
2048 90
2048 91
2048 92
2048 93
2048 94
2048 95
2048 96
2048 97
2048 98
2048 135
2048 136
2048 137
2048 138
2048 139
2048 140
2048 141
2048 142
2048 143
2048 144
2048 145
2048 146
2049 94
2049 95
2049 96
2049 97
2049 98
2049 99
2049 100
2049 101
2049 102
2049 103
2049 139
2049 140
2049 141
2049 142
2049 143
2049 144
2049 145
2049 146
2049 147
2049 148
2049 149
2049 150
2050 98
2050 99
2050 100
2050 101
2050 102
2050 103
2050 104
2050 105
2050 106
2050 107
2050 108
2050 144
2050 145
2050 146
2050 147
2050 148
2050 149
2050 150
2050 151
2050 152
2050 153
2050 154
2051 102
2051 103
2051 104
2051 105
2051 106
2051 107
2051 108
2051 109
2051 110
2051 111
2051 112
2051 149
2051 150
2051 151
2051 152
2051 153
2051 154
2051 155
2051 156
2051 157
2051 158
2052 106
2052 107
2052 108
2052 109
2052 110
2052 111
2052 112
2052 113
2052 114
2052 115
2052 116
2052 117
2052 153
2052 154
2052 155
2052 156
2052 157
2052 158
2052 159
2052 160
2052 161
2052 162
2053 111
2053 112
2053 113
2053 114
2053 115
2053 116
2053 117
2053 118
2053 119
2053 120
2053 121
2053 122
2053 158
2053 159
2053 160
2053 161
2053 162
2053 163
2053 164
2053 165
2053 166
2054 115
2054 116
2054 117
2054 118
2054 119
2054 120
2054 121
2054 122
2054 123
2054 124
2054 125
2054 126
2054 163
2054 164
2054 165
2054 166
2054 167
2054 168
2054 169
2055 77
2055 78
2055 79
2055 80
2055 119
2055 120
2055 121
2055 122
2055 123
2055 124
2055 125
2055 126
2055 127
2055 128
2055 129
2055 130
2055 131
2055 168
2055 169
2055 170
2055 171
2055 172
2056 80
2056 81
2056 82
2056 83
2056 84
2056 85
2056 86
2056 124
2056 125
2056 126
2056 127
2056 128
2056 129
2056 130
2056 131
2056 132
2056 133
2056 134
2056 135
2057 84
2057 85
2057 86
2057 87
2057 88
2057 89
2057 90
2057 91
2057 128
2057 129
2057 130
2057 131
2057 132
2057 133
2057 134
2057 135
2057 136
2057 137
2057 138
2057 139
2058 88
2058 89
2058 90
2058 91
2058 92
2058 93
2058 94
2058 95
2058 96
2058 133
2058 134
2058 135
2058 136
2058 137
2058 138
2058 139
2058 140
2058 141
2058 142
2058 143
2058 144
2059 92
2059 93
2059 94
2059 95
2059 96
2059 97
2059 98
2059 99
2059 100
2059 101
2059 137
2059 138
2059 139
2059 140
2059 141
2059 142
2059 143
2059 144
2059 145
2059 146
2059 147
2059 148
2060 96
2060 97
2060 98
2060 99
2060 100
2060 101
2060 102
2060 103
2060 104
2060 105
2060 142
2060 143
2060 144
2060 145
2060 146
2060 147
2060 148
2060 149
2060 150
2060 151
2060 152
2061 100
2061 101
2061 102
2061 103
2061 104
2061 105
2061 106
2061 107
2061 108
2061 109
2061 110
2061 146
2061 147
2061 148
2061 149
2061 150
2061 151
2061 152
2061 153
2061 154
2061 155
2061 156
2062 104
2062 105
2062 106
2062 107
2062 108
2062 109
2062 110
2062 111
2062 112
2062 113
2062 114
2062 115
2062 151
2062 152
2062 153
2062 154
2062 155
2062 156
2062 157
2062 158
2062 159
2062 160
2063 109
2063 110
2063 111
2063 112
2063 113
2063 114
2063 115
2063 116
2063 117
2063 118
2063 119
2063 156
2063 157
2063 158
2063 159
2063 160
2063 161
2063 162
2063 163
2063 164
2064 113
2064 114
2064 115
2064 116
2064 117
2064 118
2064 119
2064 120
2064 121
2064 122
2064 123
2064 124
2064 161
2064 162
2064 163
2064 164
2064 165
2064 166
2064 167
2064 168
2065 76
2065 77
2065 117
2065 118
2065 119
2065 120
2065 121
2065 122
2065 123
2065 124
2065 125
2065 126
2065 127
2065 128
2065 129
2065 166
2065 167
2065 168
2065 169
2065 170
2065 171
2066 78
2066 79
2066 80
2066 81
2066 82
2066 83
2066 122
2066 123
2066 124
2066 125
2066 126
2066 127
2066 128
2066 129
2066 130
2066 131
2066 132
2066 133
2066 172
2066 173
2066 174
2067 82
2067 83
2067 84
2067 85
2067 86
2067 87
2067 88
2067 126
2067 127
2067 128
2067 129
2067 130
2067 131
2067 132
2067 133
2067 134
2067 135
2067 136
2067 137
2068 86
2068 87
2068 88
2068 89
2068 90
2068 91
2068 92
2068 93
2068 131
2068 132
2068 133
2068 134
2068 135
2068 136
2068 137
2068 138
2068 139
2068 140
2068 141
2068 142
2069 90
2069 91
2069 92
2069 93
2069 94
2069 95
2069 96
2069 97
2069 98
2069 135
2069 136
2069 137
2069 138
2069 139
2069 140
2069 141
2069 142
2069 143
2069 144
2069 145
2069 146
2070 94
2070 95
2070 96
2070 97
2070 98
2070 99
2070 100
2070 101
2070 102
2070 103
2070 140
2070 141
2070 142
2070 143
2070 144
2070 145
2070 146
2070 147
2070 148
2070 149
2070 150
2071 98
2071 99
2071 100
2071 101
2071 102
2071 103
2071 104
2071 105
2071 106
2071 107
2071 108
2071 144
2071 145
2071 146
2071 147
2071 148
2071 149
2071 150
2071 151
2071 152
2071 153
2071 154
2072 102
2072 103
2072 104
2072 105
2072 106
2072 107
2072 108
2072 109
2072 110
2072 111
2072 112
2072 113
2072 149
2072 150
2072 151
2072 152
2072 153
2072 154
2072 155
2072 156
2072 157
2072 158
2072 159
2073 107
2073 108
2073 109
2073 110
2073 111
2073 112
2073 113
2073 114
2073 115
2073 116
2073 117
2073 154
2073 155
2073 156
2073 157
2073 158
2073 159
2073 160
2073 161
2073 162
2074 111
2074 112
2074 113
2074 114
2074 115
2074 116
2074 117
2074 118
2074 119
2074 120
2074 121
2074 122
2074 159
2074 160
2074 161
2074 162
2074 163
2074 164
2074 165
2074 166
2075 115
2075 116
2075 117
2075 118
2075 119
2075 120
2075 121
2075 122
2075 123
2075 124
2075 125
2075 126
2075 127
2075 164
2075 165
2075 166
2075 167
2075 168
2075 169
2075 170
2076 77
2076 78
2076 79
2076 80
2076 81
2076 120
2076 121
2076 122
2076 123
2076 124
2076 125
2076 126
2076 127
2076 128
2076 129
2076 130
2076 131
2076 169
2076 170
2076 171
2076 172
2076 173
2077 80
2077 81
2077 82
2077 83
2077 84
2077 85
2077 86
2077 124
2077 125
2077 126
2077 127
2077 128
2077 129
2077 130
2077 131
2077 132
2077 133
2077 134
2077 135
2077 136
2078 84
2078 85
2078 86
2078 87
2078 88
2078 89
2078 90
2078 91
2078 129
2078 130
2078 131
2078 132
2078 133
2078 134
2078 135
2078 136
2078 137
2078 138
2078 139
2078 140
2079 88
2079 89
2079 90
2079 91
2079 92
2079 93
2079 94
2079 95
2079 96
2079 133
2079 134
2079 135
2079 136
2079 137
2079 138
2079 139
2079 140
2079 141
2079 142
2079 143
2079 144
2080 92
2080 93
2080 94
2080 95
2080 96
2080 97
2080 98
2080 99
2080 100
2080 101
2080 138
2080 139
2080 140
2080 141
2080 142
2080 143
2080 144
2080 145
2080 146
2080 147
2080 148
2081 96
2081 97
2081 98
2081 99
2081 100
2081 101
2081 102
2081 103
2081 104
2081 105
2081 106
2081 142
2081 143
2081 144
2081 145
2081 146
2081 147
2081 148
2081 149
2081 150
2081 151
2081 152
2081 153
2082 100
2082 101
2082 102
2082 103
2082 104
2082 105
2082 106
2082 107
2082 108
2082 109
2082 110
2082 111
2082 147
2082 148
2082 149
2082 150
2082 151
2082 152
2082 153
2082 154
2082 155
2082 156
2082 157
2083 105
2083 106
2083 107
2083 108
2083 109
2083 110
2083 111
2083 112
2083 113
2083 114
2083 115
2083 152
2083 153
2083 154
2083 155
2083 156
2083 157
2083 158
2083 159
2083 160
2083 161
2084 109
2084 110
2084 111
2084 112
2084 113
2084 114
2084 115
2084 116
2084 117
2084 118
2084 119
2084 120
2084 156
2084 157
2084 158
2084 159
2084 160
2084 161
2084 162
2084 163
2084 164
2084 165
2085 113
2085 114
2085 115
2085 116
2085 117
2085 118
2085 119
2085 120
2085 121
2085 122
2085 123
2085 124
2085 125
2085 161
2085 162
2085 163
2085 164
2085 165
2085 166
2085 167
2085 168
2086 75
2086 76
2086 77
2086 78
2086 118
2086 119
2086 120
2086 121
2086 122
2086 123
2086 124
2086 125
2086 126
2086 127
2086 128
2086 129
2086 166
2086 167
2086 168
2086 169
2086 170
2086 171
2087 78
2087 79
2087 80
2087 81
2087 82
2087 83
2087 84
2087 122
2087 123
2087 124
2087 125
2087 126
2087 127
2087 128
2087 129
2087 130
2087 131
2087 132
2087 133
2087 134
2087 172
2087 173
2087 174
2088 82
2088 83
2088 84
2088 85
2088 86
2088 87
2088 88
2088 89
2088 127
2088 128
2088 129
2088 130
2088 131
2088 132
2088 133
2088 134
2088 135
2088 136
2088 137
2088 138
2089 86
2089 87
2089 88
2089 89
2089 90
2089 91
2089 92
2089 93
2089 94
2089 131
2089 132
2089 133
2089 134
2089 135
2089 136
2089 137
2089 138
2089 139
2089 140
2089 141
2089 142
2090 90
2090 91
2090 92
2090 93
2090 94
2090 95
2090 96
2090 97
2090 98
2090 99
2090 136
2090 137
2090 138
2090 139
2090 140
2090 141
2090 142
2090 143
2090 144
2090 145
2090 146
2090 147
2091 94
2091 95
2091 96
2091 97
2091 98
2091 99
2091 100
2091 101
2091 102
2091 103
2091 104
2091 140
2091 141
2091 142
2091 143
2091 144
2091 145
2091 146
2091 147
2091 148
2091 149
2091 150
2091 151
2092 98
2092 99
2092 100
2092 101
2092 102
2092 103
2092 104
2092 105
2092 106
2092 107
2092 108
2092 145
2092 146
2092 147
2092 148
2092 149
2092 150
2092 151
2092 152
2092 153
2092 154
2092 155
2093 103
2093 104
2093 105
2093 106
2093 107
2093 108
2093 109
2093 110
2093 111
2093 112
2093 113
2093 149
2093 150
2093 151
2093 152
2093 153
2093 154
2093 155
2093 156
2093 157
2093 158
2093 159
2094 107
2094 108
2094 109
2094 110
2094 111
2094 112
2094 113
2094 114
2094 115
2094 116
2094 117
2094 118
2094 154
2094 155
2094 156
2094 157
2094 158
2094 159
2094 160
2094 161
2094 162
2094 163
2095 111
2095 112
2095 113
2095 114
2095 115
2095 116
2095 117
2095 118
2095 119
2095 120
2095 121
2095 122
2095 159
2095 160
2095 161
2095 162
2095 163
2095 164
2095 165
2095 166
2095 167
2096 74
2096 75
2096 116
2096 117
2096 118
2096 119
2096 120
2096 121
2096 122
2096 123
2096 124
2096 125
2096 126
2096 127
2096 164
2096 165
2096 166
2096 167
2096 168
2096 169
2096 170
2097 77
2097 78
2097 79
2097 80
2097 81
2097 120
2097 121
2097 122
2097 123
2097 124
2097 125
2097 126
2097 127
2097 128
2097 129
2097 130
2097 131
2097 132
2097 169
2097 170
2097 171
2097 172
2097 173
2098 80
2098 81
2098 82
2098 83
2098 84
2098 85
2098 86
2098 87
2098 125
2098 126
2098 127
2098 128
2098 129
2098 130
2098 131
2098 132
2098 133
2098 134
2098 135
2098 136
2099 84
2099 85
2099 86
2099 87
2099 88
2099 89
2099 90
2099 91
2099 92
2099 129
2099 130
2099 131
2099 132
2099 133
2099 134
2099 135
2099 136
2099 137
2099 138
2099 139
2099 140
2100 88
2100 89
2100 90
2100 91
2100 92
2100 93
2100 94
2100 95
2100 96
2100 97
2100 134
2100 135
2100 136
2100 137
2100 138
2100 139
2100 140
2100 141
2100 142
2100 143
2100 144
2100 145
2101 92
2101 93
2101 94
2101 95
2101 96
2101 97
2101 98
2101 99
2101 100
2101 101
2101 102
2101 138
2101 139
2101 140
2101 141
2101 142
2101 143
2101 144
2101 145
2101 146
2101 147
2101 148
2101 149
2102 96
2102 97
2102 98
2102 99
2102 100
2102 101
2102 102
2102 103
2102 104
2102 105
2102 106
2102 143
2102 144
2102 145
2102 146
2102 147
2102 148
2102 149
2102 150
2102 151
2102 152
2102 153
2103 101
2103 102
2103 103
2103 104
2103 105
2103 106
2103 107
2103 108
2103 109
2103 110
2103 111
2103 147
2103 148
2103 149
2103 150
2103 151
2103 152
2103 153
2103 154
2103 155
2103 156
2103 157
2104 105
2104 106
2104 107
2104 108
2104 109
2104 110
2104 111
2104 112
2104 113
2104 114
2104 115
2104 116
2104 152
2104 153
2104 154
2104 155
2104 156
2104 157
2104 158
2104 159
2104 160
2104 161
2105 109
2105 110
2105 111
2105 112
2105 113
2105 114
2105 115
2105 116
2105 117
2105 118
2105 119
2105 120
2105 157
2105 158
2105 159
2105 160
2105 161
2105 162
2105 163
2105 164
2105 165
2106 114
2106 115
2106 116
2106 117
2106 118
2106 119
2106 120
2106 121
2106 122
2106 123
2106 124
2106 125
2106 162
2106 163
2106 164
2106 165
2106 166
2106 167
2106 168
2106 169
2107 75
2107 76
2107 77
2107 78
2107 79
2107 118
2107 119
2107 120
2107 121
2107 122
2107 123
2107 124
2107 125
2107 126
2107 127
2107 128
2107 129
2107 130
2107 167
2107 168
2107 169
2107 170
2107 171
2107 172
2108 79
2108 80
2108 81
2108 82
2108 83
2108 84
2108 122
2108 123
2108 124
2108 125
2108 126
2108 127
2108 128
2108 129
2108 130
2108 131
2108 132
2108 133
2108 134
2108 173
2108 174
2109 82
2109 83
2109 84
2109 85
2109 86
2109 87
2109 88
2109 89
2109 127
2109 128
2109 129
2109 130
2109 131
2109 132
2109 133
2109 134
2109 135
2109 136
2109 137
2109 138
2110 86
2110 87
2110 88
2110 89
2110 90
2110 91
2110 92
2110 93
2110 94
2110 131
2110 132
2110 133
2110 134
2110 135
2110 136
2110 137
2110 138
2110 139
2110 140
2110 141
2110 142
2110 143
2111 90
2111 91
2111 92
2111 93
2111 94
2111 95
2111 96
2111 97
2111 98
2111 99
2111 136
2111 137
2111 138
2111 139
2111 140
2111 141
2111 142
2111 143
2111 144
2111 145
2111 146
2111 147
2112 94
2112 95
2112 96
2112 97
2112 98
2112 99
2112 100
2112 101
2112 102
2112 103
2112 104
2112 141
2112 142
2112 143
2112 144
2112 145
2112 146
2112 147
2112 148
2112 149
2112 150
2112 151
2113 99
2113 100
2113 101
2113 102
2113 103
2113 104
2113 105
2113 106
2113 107
2113 108
2113 109
2113 145
2113 146
2113 147
2113 148
2113 149
2113 150
2113 151
2113 152
2113 153
2113 154
2113 155
2114 103
2114 104
2114 105
2114 106
2114 107
2114 108
2114 109
2114 110
2114 111
2114 112
2114 113
2114 114
2114 150
2114 151
2114 152
2114 153
2114 154
2114 155
2114 156
2114 157
2114 158
2114 159
2115 107
2115 108
2115 109
2115 110
2115 111
2115 112
2115 113
2115 114
2115 115
2115 116
2115 117
2115 118
2115 155
2115 156
2115 157
2115 158
2115 159
2115 160
2115 161
2115 162
2115 163
2116 112
2116 113
2116 114
2116 115
2116 116
2116 117
2116 118
2116 119
2116 120
2116 121
2116 122
2116 123
2116 159
2116 160
2116 161
2116 162
2116 163
2116 164
2116 165
2116 166
2116 167
2117 74
2117 75
2117 76
2117 116
2117 117
2117 118
2117 119
2117 120
2117 121
2117 122
2117 123
2117 124
2117 125
2117 126
2117 127
2117 165
2117 166
2117 167
2117 168
2117 169
2117 170
2118 77
2118 78
2118 79
2118 80
2118 81
2118 82
2118 120
2118 121
2118 122
2118 123
2118 124
2118 125
2118 126
2118 127
2118 128
2118 129
2118 130
2118 131
2118 132
2118 170
2118 171
2118 172
2118 173
2119 80
2119 81
2119 82
2119 83
2119 84
2119 85
2119 86
2119 87
2119 125
2119 126
2119 127
2119 128
2119 129
2119 130
2119 131
2119 132
2119 133
2119 134
2119 135
2119 136
2120 84
2120 85
2120 86
2120 87
2120 88
2120 89
2120 90
2120 91
2120 92
2120 129
2120 130
2120 131
2120 132
2120 133
2120 134
2120 135
2120 136
2120 137
2120 138
2120 139
2120 140
2120 141
2121 88
2121 89
2121 90
2121 91
2121 92
2121 93
2121 94
2121 95
2121 96
2121 97
2121 134
2121 135
2121 136
2121 137
2121 138
2121 139
2121 140
2121 141
2121 142
2121 143
2121 144
2121 145
2122 92
2122 93
2122 94
2122 95
2122 96
2122 97
2122 98
2122 99
2122 100
2122 101
2122 102
2122 139
2122 140
2122 141
2122 142
2122 143
2122 144
2122 145
2122 146
2122 147
2122 148
2122 149
2123 97
2123 98
2123 99
2123 100
2123 101
2123 102
2123 103
2123 104
2123 105
2123 106
2123 107
2123 143
2123 144
2123 145
2123 146
2123 147
2123 148
2123 149
2123 150
2123 151
2123 152
2123 153
2124 101
2124 102
2124 103
2124 104
2124 105
2124 106
2124 107
2124 108
2124 109
2124 110
2124 111
2124 148
2124 149
2124 150
2124 151
2124 152
2124 153
2124 154
2124 155
2124 156
2124 157
2124 158
2125 105
2125 106
2125 107
2125 108
2125 109
2125 110
2125 111
2125 112
2125 113
2125 114
2125 115
2125 116
2125 153
2125 154
2125 155
2125 156
2125 157
2125 158
2125 159
2125 160
2125 161
2126 110
2126 111
2126 112
2126 113
2126 114
2126 115
2126 116
2126 117
2126 118
2126 119
2126 120
2126 121
2126 157
2126 158
2126 159
2126 160
2126 161
2126 162
2126 163
2126 164
2126 165
2127 73
2127 114
2127 115
2127 116
2127 117
2127 118
2127 119
2127 120
2127 121
2127 122
2127 123
2127 124
2127 125
2127 162
2127 163
2127 164
2127 165
2127 166
2127 167
2127 168
2127 169
2128 75
2128 76
2128 77
2128 78
2128 79
2128 118
2128 119
2128 120
2128 121
2128 122
2128 123
2128 124
2128 125
2128 126
2128 127
2128 128
2128 129
2128 130
2128 167
2128 168
2128 169
2128 170
2128 171
2128 172
2129 79
2129 80
2129 81
2129 82
2129 83
2129 84
2129 85
2129 123
2129 124
2129 125
2129 126
2129 127
2129 128
2129 129
2129 130
2129 131
2129 132
2129 133
2129 134
2129 174
2130 82
2130 83
2130 84
2130 85
2130 86
2130 87
2130 88
2130 89
2130 90
2130 127
2130 128
2130 129
2130 130
2130 131
2130 132
2130 133
2130 134
2130 135
2130 136
2130 137
2130 138
2130 139
2131 86
2131 87
2131 88
2131 89
2131 90
2131 91
2131 92
2131 93
2131 94
2131 95
2131 132
2131 133
2131 134
2131 135
2131 136
2131 137
2131 138
2131 139
2131 140
2131 141
2131 142
2131 143
2132 91
2132 92
2132 93
2132 94
2132 95
2132 96
2132 97
2132 98
2132 99
2132 100
2132 136
2132 137
2132 138
2132 139
2132 140
2132 141
2132 142
2132 143
2132 144
2132 145
2132 146
2132 147
2133 95
2133 96
2133 97
2133 98
2133 99
2133 100
2133 101
2133 102
2133 103
2133 104
2133 105
2133 141
2133 142
2133 143
2133 144
2133 145
2133 146
2133 147
2133 148
2133 149
2133 150
2133 151
2133 152
2134 99
2134 100
2134 101
2134 102
2134 103
2134 104
2134 105
2134 106
2134 107
2134 108
2134 109
2134 146
2134 147
2134 148
2134 149
2134 150
2134 151
2134 152
2134 153
2134 154
2134 155
2134 156
2135 103
2135 104
2135 105
2135 106
2135 107
2135 108
2135 109
2135 110
2135 111
2135 112
2135 113
2135 114
2135 150
2135 151
2135 152
2135 153
2135 154
2135 155
2135 156
2135 157
2135 158
2135 159
2135 160
2136 108
2136 109
2136 110
2136 111
2136 112
2136 113
2136 114
2136 115
2136 116
2136 117
2136 118
2136 119
2136 155
2136 156
2136 157
2136 158
2136 159
2136 160
2136 161
2136 162
2136 163
2136 164
2137 112
2137 113
2137 114
2137 115
2137 116
2137 117
2137 118
2137 119
2137 120
2137 121
2137 122
2137 123
2137 160
2137 161
2137 162
2137 163
2137 164
2137 165
2137 166
2137 167
2138 74
2138 75
2138 76
2138 77
2138 116
2138 117
2138 118
2138 119
2138 120
2138 121
2138 122
2138 123
2138 124
2138 125
2138 126
2138 127
2138 128
2138 165
2138 166
2138 167
2138 168
2138 169
2138 170
2138 171
2139 77
2139 78
2139 79
2139 80
2139 81
2139 82
2139 121
2139 122
2139 123
2139 124
2139 125
2139 126
2139 127
2139 128
2139 129
2139 130
2139 131
2139 132
2139 171
2139 172
2139 173
2140 81
2140 82
2140 83
2140 84
2140 85
2140 86
2140 87
2140 88
2140 125
2140 126
2140 127
2140 128
2140 129
2140 130
2140 131
2140 132
2140 133
2140 134
2140 135
2140 136
2140 137
2141 85
2141 86
2141 87
2141 88
2141 89
2141 90
2141 91
2141 92
2141 93
2141 130
2141 131
2141 132
2141 133
2141 134
2141 135
2141 136
2141 137
2141 138
2141 139
2141 140
2141 141
2142 89
2142 90
2142 91
2142 92
2142 93
2142 94
2142 95
2142 96
2142 97
2142 134
2142 135
2142 136
2142 137
2142 138
2142 139
2142 140
2142 141
2142 142
2142 143
2142 144
2142 145
2143 93
2143 94
2143 95
2143 96
2143 97
2143 98
2143 99
2143 100
2143 101
2143 102
2143 139
2143 140
2143 141
2143 142
2143 143
2143 144
2143 145
2143 146
2143 147
2143 148
2143 149
2143 150
2144 97
2144 98
2144 99
2144 100
2144 101
2144 102
2144 103
2144 104
2144 105
2144 106
2144 107
2144 144
2144 145
2144 146
2144 147
2144 148
2144 149
2144 150
2144 151
2144 152
2144 153
2144 154
2145 101
2145 102
2145 103
2145 104
2145 105
2145 106
2145 107
2145 108
2145 109
2145 110
2145 111
2145 112
2145 148
2145 149
2145 150
2145 151
2145 152
2145 153
2145 154
2145 155
2145 156
2145 157
2145 158
2146 106
2146 107
2146 108
2146 109
2146 110
2146 111
2146 112
2146 113
2146 114
2146 115
2146 116
2146 117
2146 153
2146 154
2146 155
2146 156
2146 157
2146 158
2146 159
2146 160
2146 161
2146 162
2147 110
2147 111
2147 112
2147 113
2147 114
2147 115
2147 116
2147 117
2147 118
2147 119
2147 120
2147 121
2147 158
2147 159
2147 160
2147 161
2147 162
2147 163
2147 164
2147 165
2147 166
2148 72
2148 73
2148 74
2148 114
2148 115
2148 116
2148 117
2148 118
2148 119
2148 120
2148 121
2148 122
2148 123
2148 124
2148 125
2148 126
2148 163
2148 164
2148 165
2148 166
2148 167
2148 168
2148 169
2149 75
2149 76
2149 77
2149 78
2149 79
2149 80
2149 119
2149 120
2149 121
2149 122
2149 123
2149 124
2149 125
2149 126
2149 127
2149 128
2149 129
2149 130
2149 168
2149 169
2149 170
2149 171
2149 172
2150 79
2150 80
2150 81
2150 82
2150 83
2150 84
2150 85
2150 123
2150 124
2150 125
2150 126
2150 127
2150 128
2150 129
2150 130
2150 131
2150 132
2150 133
2150 134
2150 135
2151 83
2151 84
2151 85
2151 86
2151 87
2151 88
2151 89
2151 90
2151 128
2151 129
2151 130
2151 131
2151 132
2151 133
2151 134
2151 135
2151 136
2151 137
2151 138
2151 139
2152 87
2152 88
2152 89
2152 90
2152 91
2152 92
2152 93
2152 94
2152 95
2152 132
2152 133
2152 134
2152 135
2152 136
2152 137
2152 138
2152 139
2152 140
2152 141
2152 142
2152 143
2152 144
2153 91
2153 92
2153 93
2153 94
2153 95
2153 96
2153 97
2153 98
2153 99
2153 100
2153 137
2153 138
2153 139
2153 140
2153 141
2153 142
2153 143
2153 144
2153 145
2153 146
2153 147
2153 148
2154 95
2154 96
2154 97
2154 98
2154 99
2154 100
2154 101
2154 102
2154 103
2154 104
2154 105
2154 142
2154 143
2154 144
2154 145
2154 146
2154 147
2154 148
2154 149
2154 150
2154 151
2154 152
2155 99
2155 100
2155 101
2155 102
2155 103
2155 104
2155 105
2155 106
2155 107
2155 108
2155 109
2155 110
2155 146
2155 147
2155 148
2155 149
2155 150
2155 151
2155 152
2155 153
2155 154
2155 155
2155 156
2156 104
2156 105
2156 106
2156 107
2156 108
2156 109
2156 110
2156 111
2156 112
2156 113
2156 114
2156 151
2156 152
2156 153
2156 154
2156 155
2156 156
2156 157
2156 158
2156 159
2156 160
2157 108
2157 109
2157 110
2157 111
2157 112
2157 113
2157 114
2157 115
2157 116
2157 117
2157 118
2157 119
2157 156
2157 157
2157 158
2157 159
2157 160
2157 161
2157 162
2157 163
2157 164
2158 112
2158 113
2158 114
2158 115
2158 116
2158 117
2158 118
2158 119
2158 120
2158 121
2158 122
2158 123
2158 124
2158 161
2158 162
2158 163
2158 164
2158 165
2158 166
2158 167
2159 74
2159 75
2159 76
2159 77
2159 117
2159 118
2159 119
2159 120
2159 121
2159 122
2159 123
2159 124
2159 125
2159 126
2159 127
2159 128
2159 166
2159 167
2159 168
2159 169
2159 170
2159 171
2160 77
2160 78
2160 79
2160 80
2160 81
2160 82
2160 83
2160 121
2160 122
2160 123
2160 124
2160 125
2160 126
2160 127
2160 128
2160 129
2160 130
2160 131
2160 132
2160 133
2160 171
2160 172
2160 173
2161 81
2161 82
2161 83
2161 84
2161 85
2161 86
2161 87
2161 88
2161 126
2161 127
2161 128
2161 129
2161 130
2161 131
2161 132
2161 133
2161 134
2161 135
2161 136
2161 137
2162 85
2162 86
2162 87
2162 88
2162 89
2162 90
2162 91
2162 92
2162 93
2162 130
2162 131
2162 132
2162 133
2162 134
2162 135
2162 136
2162 137
2162 138
2162 139
2162 140
2162 141
2162 142
2163 89
2163 90
2163 91
2163 92
2163 93
2163 94
2163 95
2163 96
2163 97
2163 98
2163 135
2163 136
2163 137
2163 138
2163 139
2163 140
2163 141
2163 142
2163 143
2163 144
2163 145
2163 146
2164 93
2164 94
2164 95
2164 96
2164 97
2164 98
2164 99
2164 100
2164 101
2164 102
2164 103
2164 139
2164 140
2164 141
2164 142
2164 143
2164 144
2164 145
2164 146
2164 147
2164 148
2164 149
2164 150
2165 97
2165 98
2165 99
2165 100
2165 101
2165 102
2165 103
2165 104
2165 105
2165 106
2165 107
2165 108
2165 144
2165 145
2165 146
2165 147
2165 148
2165 149
2165 150
2165 151
2165 152
2165 153
2165 154
2166 102
2166 103
2166 104
2166 105
2166 106
2166 107
2166 108
2166 109
2166 110
2166 111
2166 112
2166 149
2166 150
2166 151
2166 152
2166 153
2166 154
2166 155
2166 156
2166 157
2166 158
2167 106
2167 107
2167 108
2167 109
2167 110
2167 111
2167 112
2167 113
2167 114
2167 115
2167 116
2167 117
2167 154
2167 155
2167 156
2167 157
2167 158
2167 159
2167 160
2167 161
2167 162
2168 110
2168 111
2168 112
2168 113
2168 114
2168 115
2168 116
2168 117
2168 118
2168 119
2168 120
2168 121
2168 122
2168 158
2168 159
2168 160
2168 161
2168 162
2168 163
2168 164
2168 165
2168 166
2169 72
2169 73
2169 74
2169 75
2169 115
2169 116
2169 117
2169 118
2169 119
2169 120
2169 121
2169 122
2169 123
2169 124
2169 125
2169 126
2169 163
2169 164
2169 165
2169 166
2169 167
2169 168
2169 169
2170 75
2170 76
2170 77
2170 78
2170 79
2170 80
2170 119
2170 120
2170 121
2170 122
2170 123
2170 124
2170 125
2170 126
2170 127
2170 128
2170 129
2170 130
2170 131
2170 169
2170 170
2170 171
2170 172
2171 79
2171 80
2171 81
2171 82
2171 83
2171 84
2171 85
2171 86
2171 124
2171 125
2171 126
2171 127
2171 128
2171 129
2171 130
2171 131
2171 132
2171 133
2171 134
2171 135
2172 83
2172 84
2172 85
2172 86
2172 87
2172 88
2172 89
2172 90
2172 91
2172 128
2172 129
2172 130
2172 131
2172 132
2172 133
2172 134
2172 135
2172 136
2172 137
2172 138
2172 139
2172 140
2173 87
2173 88
2173 89
2173 90
2173 91
2173 92
2173 93
2173 94
2173 95
2173 96
2173 133
2173 134
2173 135
2173 136
2173 137
2173 138
2173 139
2173 140
2173 141
2173 142
2173 143
2173 144
2174 91
2174 92
2174 93
2174 94
2174 95
2174 96
2174 97
2174 98
2174 99
2174 100
2174 137
2174 138
2174 139
2174 140
2174 141
2174 142
2174 143
2174 144
2174 145
2174 146
2174 147
2174 148
2175 95
2175 96
2175 97
2175 98
2175 99
2175 100
2175 101
2175 102
2175 103
2175 104
2175 105
2175 142
2175 143
2175 144
2175 145
2175 146
2175 147
2175 148
2175 149
2175 150
2175 151
2175 152
2176 100
2176 101
2176 102
2176 103
2176 104
2176 105
2176 106
2176 107
2176 108
2176 109
2176 110
2176 147
2176 148
2176 149
2176 150
2176 151
2176 152
2176 153
2176 154
2176 155
2176 156
2177 104
2177 105
2177 106
2177 107
2177 108
2177 109
2177 110
2177 111
2177 112
2177 113
2177 114
2177 115
2177 151
2177 152
2177 153
2177 154
2177 155
2177 156
2177 157
2177 158
2177 159
2177 160
2178 108
2178 109
2178 110
2178 111
2178 112
2178 113
2178 114
2178 115
2178 116
2178 117
2178 118
2178 119
2178 156
2178 157
2178 158
2178 159
2178 160
2178 161
2178 162
2178 163
2178 164
2179 113
2179 114
2179 115
2179 116
2179 117
2179 118
2179 119
2179 120
2179 121
2179 122
2179 123
2179 124
2179 161
2179 162
2179 163
2179 164
2179 165
2179 166
2179 167
2179 168
2180 74
2180 75
2180 76
2180 77
2180 78
2180 117
2180 118
2180 119
2180 120
2180 121
2180 122
2180 123
2180 124
2180 125
2180 126
2180 127
2180 128
2180 129
2180 166
2180 167
2180 168
2180 169
2180 170
2180 171
2181 77
2181 78
2181 79
2181 80
2181 81
2181 82
2181 83
2181 122
2181 123
2181 124
2181 125
2181 126
2181 127
2181 128
2181 129
2181 130
2181 131
2181 132
2181 133
2181 173
2182 81
2182 82
2182 83
2182 84
2182 85
2182 86
2182 87
2182 88
2182 126
2182 127
2182 128
2182 129
2182 130
2182 131
2182 132
2182 133
2182 134
2182 135
2182 136
2182 137
2182 138
2183 85
2183 86
2183 87
2183 88
2183 89
2183 90
2183 91
2183 92
2183 93
2183 131
2183 132
2183 133
2183 134
2183 135
2183 136
2183 137
2183 138
2183 139
2183 140
2183 141
2183 142
2184 89
2184 90
2184 91
2184 92
2184 93
2184 94
2184 95
2184 96
2184 97
2184 98
2184 135
2184 136
2184 137
2184 138
2184 139
2184 140
2184 141
2184 142
2184 143
2184 144
2184 145
2184 146
2185 93
2185 94
2185 95
2185 96
2185 97
2185 98
2185 99
2185 100
2185 101
2185 102
2185 103
2185 140
2185 141
2185 142
2185 143
2185 144
2185 145
2185 146
2185 147
2185 148
2185 149
2185 150
2186 98
2186 99
2186 100
2186 101
2186 102
2186 103
2186 104
2186 105
2186 106
2186 107
2186 108
2186 145
2186 146
2186 147
2186 148
2186 149
2186 150
2186 151
2186 152
2186 153
2186 154
2187 102
2187 103
2187 104
2187 105
2187 106
2187 107
2187 108
2187 109
2187 110
2187 111
2187 112
2187 113
2187 149
2187 150
2187 151
2187 152
2187 153
2187 154
2187 155
2187 156
2187 157
2187 158
2187 159
2188 106
2188 107
2188 108
2188 109
2188 110
2188 111
2188 112
2188 113
2188 114
2188 115
2188 116
2188 117
2188 154
2188 155
2188 156
2188 157
2188 158
2188 159
2188 160
2188 161
2188 162
2189 111
2189 112
2189 113
2189 114
2189 115
2189 116
2189 117
2189 118
2189 119
2189 120
2189 121
2189 122
2189 159
2189 160
2189 161
2189 162
2189 163
2189 164
2189 165
2189 166
2190 73
2190 74
2190 75
2190 115
2190 116
2190 117
2190 118
2190 119
2190 120
2190 121
2190 122
2190 123
2190 124
2190 125
2190 126
2190 164
2190 165
2190 166
2190 167
2190 168
2190 169
2191 76
2191 77
2191 78
2191 79
2191 80
2191 81
2191 120
2191 121
2191 122
2191 123
2191 124
2191 125
2191 126
2191 127
2191 128
2191 129
2191 130
2191 131
2191 170
2191 171
2191 172
2192 79
2192 80
2192 81
2192 82
2192 83
2192 84
2192 85
2192 86
2192 124
2192 125
2192 126
2192 127
2192 128
2192 129
2192 130
2192 131
2192 132
2192 133
2192 134
2192 135
2193 83
2193 84
2193 85
2193 86
2193 87
2193 88
2193 89
2193 90
2193 91
2193 129
2193 130
2193 131
2193 132
2193 133
2193 134
2193 135
2193 136
2193 137
2193 138
2193 139
2193 140
2194 87
2194 88
2194 89
2194 90
2194 91
2194 92
2194 93
2194 94
2194 95
2194 96
2194 133
2194 134
2194 135
2194 136
2194 137
2194 138
2194 139
2194 140
2194 141
2194 142
2194 143
2194 144
2195 92
2195 93
2195 94
2195 95
2195 96
2195 97
2195 98
2195 99
2195 100
2195 101
2195 138
2195 139
2195 140
2195 141
2195 142
2195 143
2195 144
2195 145
2195 146
2195 147
2195 148
2196 96
2196 97
2196 98
2196 99
2196 100
2196 101
2196 102
2196 103
2196 104
2196 105
2196 106
2196 143
2196 144
2196 145
2196 146
2196 147
2196 148
2196 149
2196 150
2196 151
2196 152
2196 153
2197 100
2197 101
2197 102
2197 103
2197 104
2197 105
2197 106
2197 107
2197 108
2197 109
2197 110
2197 147
2197 148
2197 149
2197 150
2197 151
2197 152
2197 153
2197 154
2197 155
2197 156
2197 157
2198 104
2198 105
2198 106
2198 107
2198 108
2198 109
2198 110
2198 111
2198 112
2198 113
2198 114
2198 115
2198 152
2198 153
2198 154
2198 155
2198 156
2198 157
2198 158
2198 159
2198 160
2198 161
2199 109
2199 110
2199 111
2199 112
2199 113
2199 114
2199 115
2199 116
2199 117
2199 118
2199 119
2199 120
2199 157
2199 158
2199 159
2199 160
2199 161
2199 162
2199 163
2199 164
2200 113
2200 114
2200 115
2200 116
2200 117
2200 118
2200 119
2200 120
2200 121
2200 122
2200 123
2200 124
2200 162
2200 163
2200 164
2200 165
2200 166
2200 167
2200 168
2201 74
2201 75
2201 76
2201 77
2201 78
2201 118
2201 119
2201 120
2201 121
2201 122
2201 123
2201 124
2201 125
2201 126
2201 127
2201 128
2201 129
2201 167
2201 168
2201 169
2201 170
2201 171
2202 78
2202 79
2202 80
2202 81
2202 82
2202 83
2202 122
2202 123
2202 124
2202 125
2202 126
2202 127
2202 128
2202 129
2202 130
2202 131
2202 132
2202 133
2203 81
2203 82
2203 83
2203 84
2203 85
2203 86
2203 87
2203 88
2203 89
2203 127
2203 128
2203 129
2203 130
2203 131
2203 132
2203 133
2203 134
2203 135
2203 136
2203 137
2203 138
2204 85
2204 86
2204 87
2204 88
2204 89
2204 90
2204 91
2204 92
2204 93
2204 94
2204 131
2204 132
2204 133
2204 134
2204 135
2204 136
2204 137
2204 138
2204 139
2204 140
2204 141
2204 142
2205 90
2205 91
2205 92
2205 93
2205 94
2205 95
2205 96
2205 97
2205 98
2205 99
2205 136
2205 137
2205 138
2205 139
2205 140
2205 141
2205 142
2205 143
2205 144
2205 145
2205 146
2206 94
2206 95
2206 96
2206 97
2206 98
2206 99
2206 100
2206 101
2206 102
2206 103
2206 141
2206 142
2206 143
2206 144
2206 145
2206 146
2206 147
2206 148
2206 149
2206 150
2206 151
2207 98
2207 99
2207 100
2207 101
2207 102
2207 103
2207 104
2207 105
2207 106
2207 107
2207 108
2207 145
2207 146
2207 147
2207 148
2207 149
2207 150
2207 151
2207 152
2207 153
2207 154
2207 155
2208 102
2208 103
2208 104
2208 105
2208 106
2208 107
2208 108
2208 109
2208 110
2208 111
2208 112
2208 113
2208 150
2208 151
2208 152
2208 153
2208 154
2208 155
2208 156
2208 157
2208 158
2208 159
2209 107
2209 108
2209 109
2209 110
2209 111
2209 112
2209 113
2209 114
2209 115
2209 116
2209 117
2209 118
2209 155
2209 156
2209 157
2209 158
2209 159
2209 160
2209 161
2209 162
2209 163
2210 111
2210 112
2210 113
2210 114
2210 115
2210 116
2210 117
2210 118
2210 119
2210 120
2210 121
2210 122
2210 160
2210 161
2210 162
2210 163
2210 164
2210 165
2210 166
2211 73
2211 74
2211 75
2211 116
2211 117
2211 118
2211 119
2211 120
2211 121
2211 122
2211 123
2211 124
2211 125
2211 126
2211 127
2211 165
2211 166
2211 167
2211 168
2211 169
2211 170
2212 76
2212 77
2212 78
2212 79
2212 80
2212 81
2212 120
2212 121
2212 122
2212 123
2212 124
2212 125
2212 126
2212 127
2212 128
2212 129
2212 130
2212 131
2212 171
2212 172
2213 80
2213 81
2213 82
2213 83
2213 84
2213 85
2213 86
2213 125
2213 126
2213 127
2213 128
2213 129
2213 130
2213 131
2213 132
2213 133
2213 134
2213 135
2213 136
2214 84
2214 85
2214 86
2214 87
2214 88
2214 89
2214 90
2214 91
2214 129
2214 130
2214 131
2214 132
2214 133
2214 134
2214 135
2214 136
2214 137
2214 138
2214 139
2214 140
2215 88
2215 89
2215 90
2215 91
2215 92
2215 93
2215 94
2215 95
2215 96
2215 134
2215 135
2215 136
2215 137
2215 138
2215 139
2215 140
2215 141
2215 142
2215 143
2215 144
2216 92
2216 93
2216 94
2216 95
2216 96
2216 97
2216 98
2216 99
2216 100
2216 101
2216 138
2216 139
2216 140
2216 141
2216 142
2216 143
2216 144
2216 145
2216 146
2216 147
2216 148
2216 149
2217 96
2217 97
2217 98
2217 99
2217 100
2217 101
2217 102
2217 103
2217 104
2217 105
2217 106
2217 143
2217 144
2217 145
2217 146
2217 147
2217 148
2217 149
2217 150
2217 151
2217 152
2217 153
2218 100
2218 101
2218 102
2218 103
2218 104
2218 105
2218 106
2218 107
2218 108
2218 109
2218 110
2218 111
2218 148
2218 149
2218 150
2218 151
2218 152
2218 153
2218 154
2218 155
2218 156
2218 157
2219 105
2219 106
2219 107
2219 108
2219 109
2219 110
2219 111
2219 112
2219 113
2219 114
2219 115
2219 153
2219 154
2219 155
2219 156
2219 157
2219 158
2219 159
2219 160
2219 161
2220 109
2220 110
2220 111
2220 112
2220 113
2220 114
2220 115
2220 116
2220 117
2220 118
2220 119
2220 120
2220 157
2220 158
2220 159
2220 160
2220 161
2220 162
2220 163
2220 164
2220 165
2221 72
2221 114
2221 115
2221 116
2221 117
2221 118
2221 119
2221 120
2221 121
2221 122
2221 123
2221 124
2221 125
2221 163
2221 164
2221 165
2221 166
2221 167
2221 168
2222 74
2222 75
2222 76
2222 77
2222 78
2222 118
2222 119
2222 120
2222 121
2222 122
2222 123
2222 124
2222 125
2222 126
2222 127
2222 128
2222 129
2222 168
2222 169
2222 170
2222 171
2223 78
2223 79
2223 80
2223 81
2223 82
2223 83
2223 84
2223 123
2223 124
2223 125
2223 126
2223 127
2223 128
2223 129
2223 130
2223 131
2223 132
2223 133
2223 134
2224 82
2224 83
2224 84
2224 85
2224 86
2224 87
2224 88
2224 89
2224 127
2224 128
2224 129
2224 130
2224 131
2224 132
2224 133
2224 134
2224 135
2224 136
2224 137
2224 138
2225 86
2225 87
2225 88
2225 89
2225 90
2225 91
2225 92
2225 93
2225 94
2225 132
2225 133
2225 134
2225 135
2225 136
2225 137
2225 138
2225 139
2225 140
2225 141
2225 142
2226 90
2226 91
2226 92
2226 93
2226 94
2226 95
2226 96
2226 97
2226 98
2226 99
2226 136
2226 137
2226 138
2226 139
2226 140
2226 141
2226 142
2226 143
2226 144
2226 145
2226 146
2226 147
2227 94
2227 95
2227 96
2227 97
2227 98
2227 99
2227 100
2227 101
2227 102
2227 103
2227 104
2227 141
2227 142
2227 143
2227 144
2227 145
2227 146
2227 147
2227 148
2227 149
2227 150
2227 151
2228 99
2228 100
2228 101
2228 102
2228 103
2228 104
2228 105
2228 106
2228 107
2228 108
2228 146
2228 147
2228 148
2228 149
2228 150
2228 151
2228 152
2228 153
2228 154
2228 155
2229 103
2229 104
2229 105
2229 106
2229 107
2229 108
2229 109
2229 110
2229 111
2229 112
2229 113
2229 151
2229 152
2229 153
2229 154
2229 155
2229 156
2229 157
2229 158
2229 159
2230 107
2230 108
2230 109
2230 110
2230 111
2230 112
2230 113
2230 114
2230 115
2230 116
2230 117
2230 118
2230 155
2230 156
2230 157
2230 158
2230 159
2230 160
2230 161
2230 162
2230 163
2231 112
2231 113
2231 114
2231 115
2231 116
2231 117
2231 118
2231 119
2231 120
2231 121
2231 122
2231 123
2231 160
2231 161
2231 162
2231 163
2231 164
2231 165
2231 166
2232 73
2232 74
2232 75
2232 76
2232 116
2232 117
2232 118
2232 119
2232 120
2232 121
2232 122
2232 123
2232 124
2232 125
2232 126
2232 127
2232 166
2232 167
2232 168
2232 169
2233 76
2233 77
2233 78
2233 79
2233 80
2233 81
2233 121
2233 122
2233 123
2233 124
2233 125
2233 126
2233 127
2233 128
2233 129
2233 130
2233 131
2233 132
2234 80
2234 81
2234 82
2234 83
2234 84
2234 85
2234 86
2234 125
2234 126
2234 127
2234 128
2234 129
2234 130
2234 131
2234 132
2234 133
2234 134
2234 135
2234 136
2235 84
2235 85
2235 86
2235 87
2235 88
2235 89
2235 90
2235 91
2235 92
2235 130
2235 131
2235 132
2235 133
2235 134
2235 135
2235 136
2235 137
2235 138
2235 139
2235 140
2236 88
2236 89
2236 90
2236 91
2236 92
2236 93
2236 94
2236 95
2236 96
2236 97
2236 134
2236 135
2236 136
2236 137
2236 138
2236 139
2236 140
2236 141
2236 142
2236 143
2236 144
2236 145
2237 92
2237 93
2237 94
2237 95
2237 96
2237 97
2237 98
2237 99
2237 100
2237 101
2237 139
2237 140
2237 141
2237 142
2237 143
2237 144
2237 145
2237 146
2237 147
2237 148
2237 149
2238 97
2238 98
2238 99
2238 100
2238 101
2238 102
2238 103
2238 104
2238 105
2238 106
2238 144
2238 145
2238 146
2238 147
2238 148
2238 149
2238 150
2238 151
2238 152
2238 153
2239 101
2239 102
2239 103
2239 104
2239 105
2239 106
2239 107
2239 108
2239 109
2239 110
2239 111
2239 148
2239 149
2239 150
2239 151
2239 152
2239 153
2239 154
2239 155
2239 156
2239 157
2240 105
2240 106
2240 107
2240 108
2240 109
2240 110
2240 111
2240 112
2240 113
2240 114
2240 115
2240 116
2240 153
2240 154
2240 155
2240 156
2240 157
2240 158
2240 159
2240 160
2240 161
2241 110
2241 111
2241 112
2241 113
2241 114
2241 115
2241 116
2241 117
2241 118
2241 119
2241 120
2241 158
2241 159
2241 160
2241 161
2241 162
2241 163
2241 164
2241 165
2242 114
2242 115
2242 116
2242 117
2242 118
2242 119
2242 120
2242 121
2242 122
2242 123
2242 124
2242 125
2242 163
2242 164
2242 165
2242 166
2242 167
2242 168
2243 75
2243 76
2243 77
2243 78
2243 79
2243 119
2243 120
2243 121
2243 122
2243 123
2243 124
2243 125
2243 126
2243 127
2243 128
2243 129
2243 169
2243 170
2244 78
2244 79
2244 80
2244 81
2244 82
2244 83
2244 84
2244 123
2244 124
2244 125
2244 126
2244 127
2244 128
2244 129
2244 130
2244 131
2244 132
2244 133
2244 134
2245 82
2245 83
2245 84
2245 85
2245 86
2245 87
2245 88
2245 89
2245 128
2245 129
2245 130
2245 131
2245 132
2245 133
2245 134
2245 135
2245 136
2245 137
2245 138
2246 86
2246 87
2246 88
2246 89
2246 90
2246 91
2246 92
2246 93
2246 94
2246 132
2246 133
2246 134
2246 135
2246 136
2246 137
2246 138
2246 139
2246 140
2246 141
2246 142
2246 143
2247 90
2247 91
2247 92
2247 93
2247 94
2247 95
2247 96
2247 97
2247 98
2247 99
2247 137
2247 138
2247 139
2247 140
2247 141
2247 142
2247 143
2247 144
2247 145
2247 146
2247 147
2248 95
2248 96
2248 97
2248 98
2248 99
2248 100
2248 101
2248 102
2248 103
2248 104
2248 142
2248 143
2248 144
2248 145
2248 146
2248 147
2248 148
2248 149
2248 150
2248 151
2249 99
2249 100
2249 101
2249 102
2249 103
2249 104
2249 105
2249 106
2249 107
2249 108
2249 109
2249 146
2249 147
2249 148
2249 149
2249 150
2249 151
2249 152
2249 153
2249 154
2249 155
2250 103
2250 104
2250 105
2250 106
2250 107
2250 108
2250 109
2250 110
2250 111
2250 112
2250 113
2250 151
2250 152
2250 153
2250 154
2250 155
2250 156
2250 157
2250 158
2250 159
2251 108
2251 109
2251 110
2251 111
2251 112
2251 113
2251 114
2251 115
2251 116
2251 117
2251 118
2251 156
2251 157
2251 158
2251 159
2251 160
2251 161
2251 162
2251 163
2252 112
2252 113
2252 114
2252 115
2252 116
2252 117
2252 118
2252 119
2252 120
2252 121
2252 122
2252 123
2252 161
2252 162
2252 163
2252 164
2252 165
2252 166
2253 74
2253 75
2253 76
2253 117
2253 118
2253 119
2253 120
2253 121
2253 122
2253 123
2253 124
2253 125
2253 126
2253 127
2253 167
2253 168
2253 169
2254 77
2254 78
2254 79
2254 80
2254 81
2254 121
2254 122
2254 123
2254 124
2254 125
2254 126
2254 127
2254 128
2254 129
2254 130
2254 131
2254 132
2255 81
2255 82
2255 83
2255 84
2255 85
2255 86
2255 87
2255 126
2255 127
2255 128
2255 129
2255 130
2255 131
2255 132
2255 133
2255 134
2255 135
2255 136
2256 84
2256 85
2256 86
2256 87
2256 88
2256 89
2256 90
2256 91
2256 92
2256 130
2256 131
2256 132
2256 133
2256 134
2256 135
2256 136
2256 137
2256 138
2256 139
2256 140
2256 141
2257 89
2257 90
2257 91
2257 92
2257 93
2257 94
2257 95
2257 96
2257 97
2257 135
2257 136
2257 137
2257 138
2257 139
2257 140
2257 141
2257 142
2257 143
2257 144
2257 145
2258 93
2258 94
2258 95
2258 96
2258 97
2258 98
2258 99
2258 100
2258 101
2258 102
2258 140
2258 141
2258 142
2258 143
2258 144
2258 145
2258 146
2258 147
2258 148
2258 149
2259 97
2259 98
2259 99
2259 100
2259 101
2259 102
2259 103
2259 104
2259 105
2259 106
2259 144
2259 145
2259 146
2259 147
2259 148
2259 149
2259 150
2259 151
2259 152
2259 153
2260 101
2260 102
2260 103
2260 104
2260 105
2260 106
2260 107
2260 108
2260 109
2260 110
2260 111
2260 149
2260 150
2260 151
2260 152
2260 153
2260 154
2260 155
2260 156
2260 157
2261 106
2261 107
2261 108
2261 109
2261 110
2261 111
2261 112
2261 113
2261 114
2261 115
2261 116
2261 154
2261 155
2261 156
2261 157
2261 158
2261 159
2261 160
2261 161
2262 110
2262 111
2262 112
2262 113
2262 114
2262 115
2262 116
2262 117
2262 118
2262 119
2262 120
2262 121
2262 159
2262 160
2262 161
2262 162
2262 163
2262 164
2262 165
2263 115
2263 116
2263 117
2263 118
2263 119
2263 120
2263 121
2263 122
2263 123
2263 124
2263 125
2263 164
2263 165
2263 166
2263 167
2263 168
2264 75
2264 76
2264 77
2264 78
2264 79
2264 119
2264 120
2264 121
2264 122
2264 123
2264 124
2264 125
2264 126
2264 127
2264 128
2264 129
2264 130
2265 79
2265 80
2265 81
2265 82
2265 83
2265 84
2265 124
2265 125
2265 126
2265 127
2265 128
2265 129
2265 130
2265 131
2265 132
2265 133
2265 134
2266 83
2266 84
2266 85
2266 86
2266 87
2266 88
2266 89
2266 128
2266 129
2266 130
2266 131
2266 132
2266 133
2266 134
2266 135
2266 136
2266 137
2266 138
2266 139
2267 87
2267 88
2267 89
2267 90
2267 91
2267 92
2267 93
2267 94
2267 133
2267 134
2267 135
2267 136
2267 137
2267 138
2267 139
2267 140
2267 141
2267 142
2267 143
2268 91
2268 92
2268 93
2268 94
2268 95
2268 96
2268 97
2268 98
2268 99
2268 138
2268 139
2268 140
2268 141
2268 142
2268 143
2268 144
2268 145
2268 146
2268 147
2269 95
2269 96
2269 97
2269 98
2269 99
2269 100
2269 101
2269 102
2269 103
2269 104
2269 142
2269 143
2269 144
2269 145
2269 146
2269 147
2269 148
2269 149
2269 150
2269 151
2270 99
2270 100
2270 101
2270 102
2270 103
2270 104
2270 105
2270 106
2270 107
2270 108
2270 109
2270 147
2270 148
2270 149
2270 150
2270 151
2270 152
2270 153
2270 154
2270 155
2271 104
2271 105
2271 106
2271 107
2271 108
2271 109
2271 110
2271 111
2271 112
2271 113
2271 114
2271 152
2271 153
2271 154
2271 155
2271 156
2271 157
2271 158
2271 159
2272 108
2272 109
2272 110
2272 111
2272 112
2272 113
2272 114
2272 115
2272 116
2272 117
2272 118
2272 157
2272 158
2272 159
2272 160
2272 161
2272 162
2272 163
2273 113
2273 114
2273 115
2273 116
2273 117
2273 118
2273 119
2273 120
2273 121
2273 122
2273 123
2273 162
2273 163
2273 164
2273 165
2273 166
2274 74
2274 75
2274 76
2274 117
2274 118
2274 119
2274 120
2274 121
2274 122
2274 123
2274 124
2274 125
2274 126
2274 127
2274 128
2275 77
2275 78
2275 79
2275 80
2275 81
2275 82
2275 122
2275 123
2275 124
2275 125
2275 126
2275 127
2275 128
2275 129
2275 130
2275 131
2275 132
2276 81
2276 82
2276 83
2276 84
2276 85
2276 86
2276 87
2276 126
2276 127
2276 128
2276 129
2276 130
2276 131
2276 132
2276 133
2276 134
2276 135
2276 136
2277 85
2277 86
2277 87
2277 88
2277 89
2277 90
2277 91
2277 92
2277 131
2277 132
2277 133
2277 134
2277 135
2277 136
2277 137
2277 138
2277 139
2277 140
2277 141
2278 89
2278 90
2278 91
2278 92
2278 93
2278 94
2278 95
2278 96
2278 97
2278 136
2278 137
2278 138
2278 139
2278 140
2278 141
2278 142
2278 143
2278 144
2278 145
2279 93
2279 94
2279 95
2279 96
2279 97
2279 98
2279 99
2279 100
2279 101
2279 102
2279 140
2279 141
2279 142
2279 143
2279 144
2279 145
2279 146
2279 147
2279 148
2279 149
2280 98
2280 99
2280 100
2280 101
2280 102
2280 103
2280 104
2280 105
2280 106
2280 107
2280 145
2280 146
2280 147
2280 148
2280 149
2280 150
2280 151
2280 152
2280 153
2281 102
2281 103
2281 104
2281 105
2281 106
2281 107
2281 108
2281 109
2281 110
2281 111
2281 150
2281 151
2281 152
2281 153
2281 154
2281 155
2281 156
2281 157
2282 106
2282 107
2282 108
2282 109
2282 110
2282 111
2282 112
2282 113
2282 114
2282 115
2282 116
2282 155
2282 156
2282 157
2282 158
2282 159
2282 160
2282 161
2283 111
2283 112
2283 113
2283 114
2283 115
2283 116
2283 117
2283 118
2283 119
2283 120
2283 121
2283 160
2283 161
2283 162
2283 163
2283 164
2284 115
2284 116
2284 117
2284 118
2284 119
2284 120
2284 121
2284 122
2284 123
2284 124
2284 125
2284 166
2284 167
2285 76
2285 77
2285 78
2285 79
2285 120
2285 121
2285 122
2285 123
2285 124
2285 125
2285 126
2285 127
2285 128
2285 129
2285 130
2286 79
2286 80
2286 81
2286 82
2286 83
2286 84
2286 124
2286 125
2286 126
2286 127
2286 128
2286 129
2286 130
2286 131
2286 132
2286 133
2286 134
2287 83
2287 84
2287 85
2287 86
2287 87
2287 88
2287 89
2287 90
2287 129
2287 130
2287 131
2287 132
2287 133
2287 134
2287 135
2287 136
2287 137
2287 138
2287 139
2288 87
2288 88
2288 89
2288 90
2288 91
2288 92
2288 93
2288 94
2288 95
2288 134
2288 135
2288 136
2288 137
2288 138
2288 139
2288 140
2288 141
2288 142
2288 143
2289 91
2289 92
2289 93
2289 94
2289 95
2289 96
2289 97
2289 98
2289 99
2289 138
2289 139
2289 140
2289 141
2289 142
2289 143
2289 144
2289 145
2289 146
2289 147
2290 96
2290 97
2290 98
2290 99
2290 100
2290 101
2290 102
2290 103
2290 104
2290 143
2290 144
2290 145
2290 146
2290 147
2290 148
2290 149
2290 150
2290 151
2291 100
2291 101
2291 102
2291 103
2291 104
2291 105
2291 106
2291 107
2291 108
2291 109
2291 148
2291 149
2291 150
2291 151
2291 152
2291 153
2291 154
2291 155
2292 104
2292 105
2292 106
2292 107
2292 108
2292 109
2292 110
2292 111
2292 112
2292 113
2292 114
2292 153
2292 154
2292 155
2292 156
2292 157
2292 158
2292 159
2293 109
2293 110
2293 111
2293 112
2293 113
2293 114
2293 115
2293 116
2293 117
2293 118
2293 119
2293 158
2293 159
2293 160
2293 161
2293 162
2293 163
2294 113
2294 114
2294 115
2294 116
2294 117
2294 118
2294 119
2294 120
2294 121
2294 122
2294 123
2294 163
2294 164
2294 165
2294 166
2295 75
2295 76
2295 118
2295 119
2295 120
2295 121
2295 122
2295 123
2295 124
2295 125
2295 126
2295 127
2295 128
2296 78
2296 79
2296 80
2296 81
2296 82
2296 122
2296 123
2296 124
2296 125
2296 126
2296 127
2296 128
2296 129
2296 130
2296 131
2296 132
2297 82
2297 83
2297 84
2297 85
2297 86
2297 87
2297 127
2297 128
2297 129
2297 130
2297 131
2297 132
2297 133
2297 134
2297 135
2297 136
2297 137
2298 85
2298 86
2298 87
2298 88
2298 89
2298 90
2298 91
2298 92
2298 132
2298 133
2298 134
2298 135
2298 136
2298 137
2298 138
2298 139
2298 140
2298 141
2299 90
2299 91
2299 92
2299 93
2299 94
2299 95
2299 96
2299 97
2299 136
2299 137
2299 138
2299 139
2299 140
2299 141
2299 142
2299 143
2299 144
2299 145
2300 94
2300 95
2300 96
2300 97
2300 98
2300 99
2300 100
2300 101
2300 102
2300 141
2300 142
2300 143
2300 144
2300 145
2300 146
2300 147
2300 148
2300 149
2301 98
2301 99
2301 100
2301 101
2301 102
2301 103
2301 104
2301 105
2301 106
2301 107
2301 146
2301 147
2301 148
2301 149
2301 150
2301 151
2301 152
2301 153
2302 102
2302 103
2302 104
2302 105
2302 106
2302 107
2302 108
2302 109
2302 110
2302 111
2302 112
2302 151
2302 152
2302 153
2302 154
2302 155
2302 156
2302 157
2303 107
2303 108
2303 109
2303 110
2303 111
2303 112
2303 113
2303 114
2303 115
2303 116
2303 156
2303 157
2303 158
2303 159
2303 160
2303 161
2304 111
2304 112
2304 113
2304 114
2304 115
2304 116
2304 117
2304 118
2304 119
2304 120
2304 121
2304 161
2304 162
2304 163
2304 164
2305 116
2305 117
2305 118
2305 119
2305 120
2305 121
2305 122
2305 123
2305 124
2305 125
2306 77
2306 78
2306 79
2306 120
2306 121
2306 122
2306 123
2306 124
2306 125
2306 126
2306 127
2306 128
2306 129
2306 130
2307 80
2307 81
2307 82
2307 83
2307 84
2307 125
2307 126
2307 127
2307 128
2307 129
2307 130
2307 131
2307 132
2307 133
2307 134
2308 84
2308 85
2308 86
2308 87
2308 88
2308 89
2308 90
2308 130
2308 131
2308 132
2308 133
2308 134
2308 135
2308 136
2308 137
2308 138
2308 139
2309 88
2309 89
2309 90
2309 91
2309 92
2309 93
2309 94
2309 95
2309 134
2309 135
2309 136
2309 137
2309 138
2309 139
2309 140
2309 141
2309 142
2309 143
2310 92
2310 93
2310 94
2310 95
2310 96
2310 97
2310 98
2310 99
2310 100
2310 139
2310 140
2310 141
2310 142
2310 143
2310 144
2310 145
2310 146
2310 147
2311 96
2311 97
2311 98
2311 99
2311 100
2311 101
2311 102
2311 103
2311 104
2311 144
2311 145
2311 146
2311 147
2311 148
2311 149
2311 150
2311 151
2312 101
2312 102
2312 103
2312 104
2312 105
2312 106
2312 107
2312 108
2312 109
2312 148
2312 149
2312 150
2312 151
2312 152
2312 153
2312 154
2312 155
2313 105
2313 106
2313 107
2313 108
2313 109
2313 110
2313 111
2313 112
2313 113
2313 114
2313 153
2313 154
2313 155
2313 156
2313 157
2313 158
2313 159
2314 109
2314 110
2314 111
2314 112
2314 113
2314 114
2314 115
2314 116
2314 117
2314 118
2314 119
2314 159
2314 160
2314 161
2314 162
2315 114
2315 115
2315 116
2315 117
2315 118
2315 119
2315 120
2315 121
2315 122
2315 123
2316 118
2316 119
2316 120
2316 121
2316 122
2316 123
2316 124
2316 125
2316 126
2316 127
2316 128
2317 79
2317 80
2317 81
2317 82
2317 123
2317 124
2317 125
2317 126
2317 127
2317 128
2317 129
2317 130
2317 131
2317 132
2318 82
2318 83
2318 84
2318 85
2318 86
2318 87
2318 128
2318 129
2318 130
2318 131
2318 132
2318 133
2318 134
2318 135
2318 136
2318 137
2319 86
2319 87
2319 88
2319 89
2319 90
2319 91
2319 92
2319 132
2319 133
2319 134
2319 135
2319 136
2319 137
2319 138
2319 139
2319 140
2319 141
2320 90
2320 91
2320 92
2320 93
2320 94
2320 95
2320 96
2320 97
2320 137
2320 138
2320 139
2320 140
2320 141
2320 142
2320 143
2320 144
2320 145
2321 94
2321 95
2321 96
2321 97
2321 98
2321 99
2321 100
2321 101
2321 102
2321 142
2321 143
2321 144
2321 145
2321 146
2321 147
2321 148
2321 149
2322 99
2322 100
2322 101
2322 102
2322 103
2322 104
2322 105
2322 106
2322 107
2322 146
2322 147
2322 148
2322 149
2322 150
2322 151
2322 152
2322 153
2323 103
2323 104
2323 105
2323 106
2323 107
2323 108
2323 109
2323 110
2323 111
2323 112
2323 151
2323 152
2323 153
2323 154
2323 155
2323 156
2323 157
2324 107
2324 108
2324 109
2324 110
2324 111
2324 112
2324 113
2324 114
2324 115
2324 116
2324 157
2324 158
2324 159
2324 160
2324 161
2325 112
2325 113
2325 114
2325 115
2325 116
2325 117
2325 118
2325 119
2325 120
2325 121
2325 163
2326 116
2326 117
2326 118
2326 119
2326 120
2326 121
2326 122
2326 123
2326 124
2326 125
2326 126
2327 78
2327 121
2327 122
2327 123
2327 124
2327 125
2327 126
2327 127
2327 128
2327 129
2327 130
2328 81
2328 82
2328 83
2328 84
2328 126
2328 127
2328 128
2328 129
2328 130
2328 131
2328 132
2328 133
2328 134
2329 84
2329 85
2329 86
2329 87
2329 88
2329 89
2329 90
2329 130
2329 131
2329 132
2329 133
2329 134
2329 135
2329 136
2329 137
2329 138
2329 139
2330 88
2330 89
2330 90
2330 91
2330 92
2330 93
2330 94
2330 95
2330 135
2330 136
2330 137
2330 138
2330 139
2330 140
2330 141
2330 142
2330 143
2331 93
2331 94
2331 95
2331 96
2331 97
2331 98
2331 99
2331 100
2331 140
2331 141
2331 142
2331 143
2331 144
2331 145
2331 146
2331 147
2332 97
2332 98
2332 99
2332 100
2332 101
2332 102
2332 103
2332 104
2332 105
2332 144
2332 145
2332 146
2332 147
2332 148
2332 149
2332 150
2332 151
2333 101
2333 102
2333 103
2333 104
2333 105
2333 106
2333 107
2333 108
2333 109
2333 149
2333 150
2333 151
2333 152
2333 153
2333 154
2333 155
2334 106
2334 107
2334 108
2334 109
2334 110
2334 111
2334 112
2334 113
2334 114
2334 155
2334 156
2334 157
2334 158
2334 159
2335 110
2335 111
2335 112
2335 113
2335 114
2335 115
2335 116
2335 117
2335 118
2335 119
2335 160
2335 161
2336 114
2336 115
2336 116
2336 117
2336 118
2336 119
2336 120
2336 121
2336 122
2336 123
2337 119
2337 120
2337 121
2337 122
2337 123
2337 124
2337 125
2337 126
2337 127
2337 128
2338 79
2338 80
2338 81
2338 124
2338 125
2338 126
2338 127
2338 128
2338 129
2338 130
2338 131
2338 132
2339 83
2339 84
2339 85
2339 86
2339 87
2339 128
2339 129
2339 130
2339 131
2339 132
2339 133
2339 134
2339 135
2339 136
2339 137
2340 87
2340 88
2340 89
2340 90
2340 91
2340 92
2340 133
2340 134
2340 135
2340 136
2340 137
2340 138
2340 139
2340 140
2340 141
2341 91
2341 92
2341 93
2341 94
2341 95
2341 96
2341 97
2341 138
2341 139
2341 140
2341 141
2341 142
2341 143
2341 144
2341 145
2342 95
2342 96
2342 97
2342 98
2342 99
2342 100
2342 101
2342 102
2342 142
2342 143
2342 144
2342 145
2342 146
2342 147
2342 148
2342 149
2343 99
2343 100
2343 101
2343 102
2343 103
2343 104
2343 105
2343 106
2343 107
2343 147
2343 148
2343 149
2343 150
2343 151
2343 152
2343 153
2344 104
2344 105
2344 106
2344 107
2344 108
2344 109
2344 110
2344 111
2344 112
2344 152
2344 153
2344 154
2344 155
2344 156
2344 157
2345 108
2345 109
2345 110
2345 111
2345 112
2345 113
2345 114
2345 115
2345 116
2345 158
2345 159
2345 160
2346 113
2346 114
2346 115
2346 116
2346 117
2346 118
2346 119
2346 120
2346 121
2347 117
2347 118
2347 119
2347 120
2347 121
2347 122
2347 123
2347 124
2347 125
2347 126
2348 122
2348 123
2348 124
2348 125
2348 126
2348 127
2348 128
2348 129
2348 130
2349 82
2349 83
2349 84
2349 126
2349 127
2349 128
2349 129
2349 130
2349 131
2349 132
2349 133
2349 134
2350 85
2350 86
2350 87
2350 88
2350 89
2350 90
2350 131
2350 132
2350 133
2350 134
2350 135
2350 136
2350 137
2350 138
2350 139
2351 89
2351 90
2351 91
2351 92
2351 93
2351 94
2351 95
2351 136
2351 137
2351 138
2351 139
2351 140
2351 141
2351 142
2351 143
2352 93
2352 94
2352 95
2352 96
2352 97
2352 98
2352 99
2352 100
2352 140
2352 141
2352 142
2352 143
2352 144
2352 145
2352 146
2352 147
2353 97
2353 98
2353 99
2353 100
2353 101
2353 102
2353 103
2353 104
2353 145
2353 146
2353 147
2353 148
2353 149
2353 150
2353 151
2354 102
2354 103
2354 104
2354 105
2354 106
2354 107
2354 108
2354 109
2354 150
2354 151
2354 152
2354 153
2354 154
2354 155
2355 106
2355 107
2355 108
2355 109
2355 110
2355 111
2355 112
2355 113
2355 114
2355 156
2355 157
2355 158
2356 111
2356 112
2356 113
2356 114
2356 115
2356 116
2356 117
2356 118
2356 119
2357 115
2357 116
2357 117
2357 118
2357 119
2357 120
2357 121
2357 122
2357 123
2358 120
2358 121
2358 122
2358 123
2358 124
2358 125
2358 126
2358 127
2358 128
2359 124
2359 125
2359 126
2359 127
2359 128
2359 129
2359 130
2359 131
2359 132
2360 84
2360 85
2360 86
2360 87
2360 129
2360 130
2360 131
2360 132
2360 133
2360 134
2360 135
2360 136
2360 137
2361 88
2361 89
2361 90
2361 91
2361 92
2361 134
2361 135
2361 136
2361 137
2361 138
2361 139
2361 140
2361 141
2362 92
2362 93
2362 94
2362 95
2362 96
2362 97
2362 138
2362 139
2362 140
2362 141
2362 142
2362 143
2362 144
2362 145
2363 96
2363 97
2363 98
2363 99
2363 100
2363 101
2363 102
2363 143
2363 144
2363 145
2363 146
2363 147
2363 148
2363 149
2364 100
2364 101
2364 102
2364 103
2364 104
2364 105
2364 106
2364 107
2364 148
2364 149
2364 150
2364 151
2364 152
2364 153
2365 104
2365 105
2365 106
2365 107
2365 108
2365 109
2365 110
2365 111
2365 112
2365 154
2365 155
2365 156
2366 109
2366 110
2366 111
2366 112
2366 113
2366 114
2366 115
2366 116
2367 113
2367 114
2367 115
2367 116
2367 117
2367 118
2367 119
2367 120
2367 121
2368 118
2368 119
2368 120
2368 121
2368 122
2368 123
2368 124
2368 125
2369 122
2369 123
2369 124
2369 125
2369 126
2369 127
2369 128
2369 129
2369 130
2370 83
2370 127
2370 128
2370 129
2370 130
2370 131
2370 132
2370 133
2370 134
2371 86
2371 87
2371 88
2371 89
2371 132
2371 133
2371 134
2371 135
2371 136
2371 137
2371 138
2371 139
2372 90
2372 91
2372 92
2372 93
2372 94
2372 136
2372 137
2372 138
2372 139
2372 140
2372 141
2372 142
2372 143
2373 94
2373 95
2373 96
2373 97
2373 98
2373 99
2373 141
2373 142
2373 143
2373 144
2373 145
2373 146
2373 147
2374 98
2374 99
2374 100
2374 101
2374 102
2374 103
2374 104
2374 146
2374 147
2374 148
2374 149
2374 150
2374 151
2375 103
2375 104
2375 105
2375 106
2375 107
2375 108
2375 109
2375 152
2375 153
2375 154
2376 107
2376 108
2376 109
2376 110
2376 111
2376 112
2376 113
2376 114
2377 111
2377 112
2377 113
2377 114
2377 115
2377 116
2377 117
2377 118
2377 119
2378 116
2378 117
2378 118
2378 119
2378 120
2378 121
2378 122
2378 123
2379 120
2379 121
2379 122
2379 123
2379 124
2379 125
2379 126
2379 127
2379 128
2380 125
2380 126
2380 127
2380 128
2380 129
2380 130
2380 131
2380 132
2381 85
2381 86
2381 130
2381 131
2381 132
2381 133
2381 134
2381 135
2381 136
2382 89
2382 90
2382 91
2382 92
2382 135
2382 136
2382 137
2382 138
2382 139
2382 140
2383 92
2383 93
2383 94
2383 95
2383 96
2383 97
2383 139
2383 140
2383 141
2383 142
2383 143
2383 144
2383 145
2384 97
2384 98
2384 99
2384 100
2384 101
2384 102
2384 144
2384 145
2384 146
2384 147
2384 148
2385 101
2385 102
2385 103
2385 104
2385 105
2385 106
2385 107
2385 150
2385 151
2385 152
2386 105
2386 106
2386 107
2386 108
2386 109
2386 110
2386 111
2387 110
2387 111
2387 112
2387 113
2387 114
2387 115
2387 116
2388 114
2388 115
2388 116
2388 117
2388 118
2388 119
2388 120
2388 121
2389 119
2389 120
2389 121
2389 122
2389 123
2389 124
2389 125
2390 123
2390 124
2390 125
2390 126
2390 127
2390 128
2390 129
2390 130
2391 128
2391 129
2391 130
2391 131
2391 132
2391 133
2391 134
2392 88
2392 133
2392 134
2392 135
2392 136
2392 137
2392 138
2393 91
2393 92
2393 93
2393 94
2393 137
2393 138
2393 139
2393 140
2393 141
2393 142
2394 95
2394 96
2394 97
2394 98
2394 99
2394 143
2394 144
2394 145
2394 146
2395 99
2395 100
2395 101
2395 102
2395 103
2395 104
2395 148
2395 149
2396 103
2396 104
2396 105
2396 106
2396 107
2396 108
2396 109
2397 108
2397 109
2397 110
2397 111
2397 112
2397 113
2397 114
2398 112
2398 113
2398 114
2398 115
2398 116
2398 117
2398 118
2399 117
2399 118
2399 119
2399 120
2399 121
2399 122
2399 123
2400 121
2400 122
2400 123
2400 124
2400 125
2400 126
2400 127
2401 126
2401 127
2401 128
2401 129
2401 130
2401 131
2401 132
2402 131
2402 132
2402 133
2402 134
2402 135
2402 136
2403 90
2403 91
2403 136
2403 137
2403 138
2403 139
2403 140
2404 94
2404 95
2404 96
2404 141
2404 142
2404 143
2404 144
2405 98
2405 99
2405 100
2405 101
2405 146
2405 147
2406 102
2406 103
2406 104
2406 105
2406 106
2407 106
2407 107
2407 108
2407 109
2407 110
2407 111
2408 110
2408 111
2408 112
2408 113
2408 114
2408 115
2408 116
2409 115
2409 116
2409 117
2409 118
2409 119
2409 120
2410 119
2410 120
2410 121
2410 122
2410 123
2410 124
2410 125
2411 124
2411 125
2411 126
2411 127
2411 128
2411 129
2412 129
2412 130
2412 131
2412 132
2412 133
2413 134
2413 135
2413 136
2413 137
2413 138
2414 139
2414 140
2414 141
2415 96
2415 97
2415 98
2416 100
2416 101
2416 102
2416 103
2416 104
2417 104
2417 105
2417 106
2417 107
2417 108
2418 109
2418 110
2418 111
2418 112
2418 113
2419 113
2419 114
2419 115
2419 116
2419 117
2419 118
2420 118
2420 119
2420 120
2420 121
2420 122
2421 122
2421 123
2421 124
2421 125
2421 126
2421 127
2422 127
2422 128
2422 129
2422 130
2422 131
2423 132
2423 133
2423 134
2423 135
2424 137
2424 138
2424 139
2426 99
2426 100
2427 103
2427 104
2427 105
2427 106
2428 107
2428 108
2428 109
2428 110
2429 112
2429 113
2429 114
2429 115
2430 116
2430 117
2430 118
2430 119
2430 120
2431 121
2431 122
2431 123
2431 124
2432 125
2432 126
2432 127
2432 128
2433 130
2433 131
2433 132
2437 102
2438 106
2438 107
2439 110
2439 111
2439 112
2440 114
2440 115
2440 116
2440 117
2441 119
2441 120
2441 121
2442 124
2442 125
2442 126
2443 129
2451 118
