2294 474
2297 476
2300 478
2303 480
2311 471
2314 473
2317 475
2317 476
2320 477
2320 478
2323 479
2323 480
2326 481
2326 482
2328 468
2329 483
2331 470
2334 471
2334 472
2334 473
2337 473
2337 474
2337 475
2340 475
2340 476
2340 477
2343 477
2343 478
2343 479
2346 480
2346 481
2348 467
2349 482
2349 483
2351 468
2351 469
2351 470
2352 484
2352 485
2354 470
2354 471
2354 472
2357 472
2357 473
2357 474
2360 474
2360 475
2360 476
2363 476
2363 477
2363 478
2366 478
2366 479
2366 480
2368 465
2368 466
2369 480
2369 481
2369 482
2371 467
2371 468
2371 469
2372 483
2372 484
2374 469
2374 470
2374 471
2375 485
2375 486
2377 471
2377 472
2377 473
2380 473
2380 474
2380 475
2383 475
2383 476
2383 477
2385 463
2386 477
2386 478
2386 479
2388 464
2388 465
2389 479
2389 480
2389 481
2391 466
2391 467
2391 468
2392 481
2392 482
2392 483
2394 468
2394 469
2394 470
2395 484
2395 485
2397 470
2397 471
2397 472
2398 486
2398 487
2400 472
2400 473
2400 474
2403 474
2403 475
2403 476
2403 477
2405 462
2406 476
2406 477
2406 478
2406 479
2408 463
2408 464
2409 478
2409 479
2409 480
2409 481
2411 465
2411 466
2411 467
2412 480
2412 481
2412 482
2414 467
2414 468
2414 469
2415 482
2415 483
2415 484
2417 469
2417 470
2417 471
2418 485
2418 486
2420 471
2420 472
2420 473
2420 474
2421 487
2421 488
2423 473
2423 474
2423 475
2423 476
2425 460
2425 461
2426 475
2426 476
2426 477
2426 478
2428 462
2428 463
2429 477
2429 478
2429 479
2429 480
2431 464
2431 465
2431 466
2432 479
2432 480
2432 481
2432 482
2434 465
2434 466
2434 467
2434 468
2435 481
2435 482
2435 483
2435 484
2437 467
2437 468
2437 469
2437 470
2438 483
2438 484
2438 485
2440 469
2440 470
2440 471
2440 472
2440 473
2441 486
2441 487
2443 471
2443 472
2443 473
2443 474
2443 475
2445 459
2445 460
2446 473
2446 474
2446 475
2446 476
2446 477
2448 461
2448 462
2449 476
2449 477
2449 478
2449 479
2451 463
2451 464
2451 465
2452 478
2452 479
2452 480
2452 481
2454 464
2454 465
2454 466
2454 467
2455 480
2455 481
2455 482
2455 483
2457 466
2457 467
2457 468
2457 469
2458 482
2458 483
2458 484
2458 485
2460 468
2460 469
2460 470
2460 471
2460 472
2461 484
2461 485
2461 486
2463 470
2463 471
2463 472
2463 473
2463 474
2464 487
2464 488
2466 472
2466 473
2466 474
2466 475
2466 476
2468 460
2468 461
2469 474
2469 475
2469 476
2469 477
2469 478
2471 462
2471 463
2471 464
2472 477
2472 478
2472 479
2472 480
2474 463
2474 464
2474 465
2474 466
2475 479
2475 480
2475 481
2475 482
2477 465
2477 466
2477 467
2477 468
2478 481
2478 482
2478 483
2478 484
2480 467
2480 468
2480 469
2480 470
2480 471
2481 483
2481 484
2481 485
2481 486
2483 469
2483 470
2483 471
2483 472
2483 473
2484 486
2484 487
2486 471
2486 472
2486 473
2486 474
2486 475
2487 488
2487 489
2488 459
2488 460
2489 473
2489 474
2489 475
2489 476
2489 477
2491 461
2491 462
2491 463
2492 475
2492 476
2492 477
2492 478
2492 479
2494 462
2494 463
2494 464
2494 465
2495 478
2495 479
2495 480
2495 481
2497 464
2497 465
2497 466
2497 467
2498 480
2498 481
2498 482
2498 483
2500 466
2500 467
2500 468
2500 469
2500 470
2501 482
2501 483
2501 484
2501 485
2503 468
2503 469
2503 470
2503 471
2503 472
2504 484
2504 485
2504 486
2504 487
2506 470
2506 471
2506 472
2506 473
2506 474
2507 487
2507 488
2508 458
2508 459
2509 472
2509 473
2509 474
2509 475
2509 476
2510 489
2510 490
2511 460
2511 461
2511 462
2512 474
2512 475
2512 476
2512 477
2512 478
2514 461
2514 462
2514 463
2514 464
2515 476
2515 477
2515 478
2515 479
2515 480
2517 463
2517 464
2517 465
2517 466
2518 479
2518 480
2518 481
2518 482
2520 465
2520 466
2520 467
2520 468
2520 469
2521 481
2521 482
2521 483
2521 484
2523 467
2523 468
2523 469
2523 470
2523 471
2524 483
2524 484
2524 485
2524 486
2526 469
2526 470
2526 471
2526 472
2526 473
2527 485
2527 486
2527 487
2527 488
2528 458
2529 471
2529 472
2529 473
2529 474
2529 475
2530 488
2530 489
2531 459
2531 460
2532 473
2532 474
2532 475
2532 476
2532 477
2533 491
2534 461
2534 462
2534 463
2535 475
2535 476
2535 477
2535 478
2535 479
2537 462
2537 463
2537 464
2537 465
2538 477
2538 478
2538 479
2538 480
2538 481
2540 464
2540 465
2540 466
2540 467
2540 468
2541 480
2541 481
2541 482
2541 483
2543 466
2543 467
2543 468
2543 469
2543 470
2544 482
2544 483
2544 484
2544 485
2546 468
2546 469
2546 470
2546 471
2546 472
2547 484
2547 485
2547 486
2547 487
2549 470
2549 471
2549 472
2549 473
2549 474
2550 486
2550 487
2550 488
2550 489
2551 458
2551 459
2552 472
2552 473
2552 474
2552 475
2552 476
2553 489
2553 490
2554 460
2554 461
2554 462
2555 474
2555 475
2555 476
2555 477
2555 478
2557 462
2557 463
2557 464
2558 476
2558 477
2558 478
2558 479
2558 480
2560 463
2560 464
2560 465
2560 466
2561 479
2561 480
2561 481
2561 482
2563 465
2563 466
2563 467
2563 468
2563 469
2564 481
2564 482
2564 483
2564 484
2566 467
2566 468
2566 469
2566 470
2566 471
2567 483
2567 484
2567 485
2567 486
2569 469
2569 470
2569 471
2569 472
2569 473
2570 485
2570 486
2570 487
2570 488
2571 458
2572 471
2572 472
2572 473
2572 474
2572 475
2573 488
2573 489
2574 459
2574 460
2574 461
2575 473
2575 474
2575 475
2575 476
2575 477
2576 490
2576 491
2577 461
2577 462
2577 463
2578 475
2578 476
2578 477
2578 478
2578 479
2580 463
2580 464
2580 465
2581 478
2581 479
2581 480
2581 481
2583 464
2583 465
2583 466
2583 467
2583 468
2584 480
2584 481
2584 482
2584 483
2586 466
2586 467
2586 468
2586 469
2586 470
2587 482
2587 483
2587 484
2587 485
2589 468
2589 469
2589 470
2589 471
2589 472
2590 484
2590 485
2590 486
2590 487
2592 470
2592 471
2592 472
2592 473
2592 474
2593 487
2593 488
2593 489
2594 459
2595 472
2595 473
2595 474
2595 475
2595 476
2596 489
2596 490
2597 460
2597 461
2597 462
2598 474
2598 475
2598 476
2598 477
2598 478
2600 462
2600 463
2600 464
2601 477
2601 478
2601 479
2601 480
2603 464
2603 465
2603 466
2603 467
2604 479
2604 480
2604 481
2604 482
2606 465
2606 466
2606 467
2606 468
2606 469
2607 481
2607 482
2607 483
2607 484
2609 467
2609 468
2609 469
2609 470
2609 471
2610 483
2610 484
2610 485
2610 486
2612 469
2612 470
2612 471
2612 472
2612 473
2613 485
2613 486
2613 487
2613 488
2615 471
2615 472
2615 473
2615 474
2615 475
2616 488
2616 489
2617 460
2618 473
2618 474
2618 475
2618 476
2618 477
2619 491
2620 461
2620 462
2620 463
2621 476
2621 477
2621 478
2621 479
2623 463
2623 464
2623 465
2624 478
2624 479
2624 480
2624 481
2626 465
2626 466
2626 467
2626 468
2627 480
2627 481
2627 482
2627 483
2629 467
2629 468
2629 469
2629 470
2630 482
2630 483
2630 484
2630 485
2632 469
2632 470
2632 471
2632 472
2633 484
2633 485
2633 486
2633 487
2635 471
2635 472
2635 473
2635 474
2636 487
2636 488
2636 489
2638 473
2638 474
2638 475
2638 476
2639 489
2639 490
2640 461
2640 462
2641 475
2641 476
2641 477
2641 478
2643 462
2643 463
2643 464
2644 477
2644 478
2644 479
2644 480
2646 464
2646 465
2646 466
2647 479
2647 480
2647 481
2647 482
2649 466
2649 467
2649 468
2649 469
2650 481
2650 482
2650 483
2650 484
2652 468
2652 469
2652 470
2652 471
2653 483
2653 484
2653 485
2653 486
2655 470
2655 471
2655 472
2655 473
2656 486
2656 487
2656 488
2658 472
2658 473
2658 474
2658 475
2659 488
2659 489
2661 474
2661 475
2661 476
2661 477
2663 462
2663 463
2664 476
2664 477
2664 478
2664 479
2666 464
2666 465
2667 478
2667 479
2667 480
2667 481
2669 465
2669 466
2669 467
2669 468
2670 480
2670 481
2670 482
2670 483
2672 467
2672 468
2672 469
2672 470
2673 483
2673 484
2673 485
2675 469
2675 470
2675 471
2675 472
2676 485
2676 486
2676 487
2678 471
2678 472
2678 473
2678 474
2679 487
2679 488
2681 473
2681 474
2681 475
2681 476
2684 475
2684 476
2684 477
2684 478
2686 463
2686 464
2687 477
2687 478
2687 479
2687 480
2689 465
2689 466
2690 480
2690 481
2690 482
2692 467
2692 468
2693 482
2693 483
2693 484
2695 469
2695 470
2695 471
2696 484
2696 485
2696 486
2698 471
2698 472
2698 473
2699 487
2701 473
2701 474
2701 475
2704 475
2704 476
2704 477
2707 477
2707 478
2707 479
2710 479
2710 480
2710 481
2712 467
2713 481
2713 482
2713 483
2715 468
2715 469
2716 484
2716 485
2718 470
2718 471
2718 472
2719 486
2721 472
2721 473
2721 474
2724 474
2724 475
2724 476
2727 476
2727 477
2727 478
2730 478
2730 479
2730 480
2733 481
2736 483
2741 472
2744 474
2747 476
3078 142
3078 143
3081 144
3081 145
3084 146
3084 147
3084 148
3087 148
3087 149
3087 150
3090 150
3090 151
3090 152
3090 153
3092 137
3092 138
3093 153
3093 154
3093 155
3095 139
3095 140
3095 141
3096 155
3096 156
3096 157
3098 141
3098 142
3098 143
3099 157
3099 158
3099 159
3101 143
3101 144
3101 145
3101 146
3102 160
3102 161
3104 145
3104 146
3104 147
3104 148
3105 162
3105 163
3107 147
3107 148
3107 149
3107 150
3109 134
3109 135
3110 149
3110 150
3110 151
3110 152
3110 153
3112 135
3112 136
3112 137
3112 138
3113 151
3113 152
3113 153
3113 154
3113 155
3115 137
3115 138
3115 139
3115 140
3115 141
3116 153
3116 154
3116 155
3116 156
3116 157
3118 139
3118 140
3118 141
3118 142
3118 143
3119 156
3119 157
3119 158
3119 159
3121 141
3121 142
3121 143
3121 144
3121 145
3121 146
3122 158
3122 159
3122 160
3122 161
3122 162
3124 143
3124 144
3124 145
3124 146
3124 147
3124 148
3125 160
3125 161
3125 162
3125 163
3125 164
3126 131
3126 132
3127 146
3127 147
3127 148
3127 149
3127 150
3128 163
3128 164
3128 165
3128 166
3129 133
3129 134
3129 135
3130 148
3130 149
3130 150
3130 151
3130 152
3130 153
3131 165
3131 166
3131 167
3131 168
3132 134
3132 135
3132 136
3132 137
3132 138
3133 150
3133 151
3133 152
3133 153
3133 154
3133 155
3134 168
3134 169
3135 136
3135 137
3135 138
3135 139
3135 140
3135 141
3136 152
3136 153
3136 154
3136 155
3136 156
3136 157
3137 171
3138 138
3138 139
3138 140
3138 141
3138 142
3138 143
3139 154
3139 155
3139 156
3139 157
3139 158
3139 159
3141 140
3141 141
3141 142
3141 143
3141 144
3141 145
3142 157
3142 158
3142 159
3142 160
3142 161
3142 162
3143 129
3144 142
3144 143
3144 144
3144 145
3144 146
3144 147
3144 148
3145 159
3145 160
3145 161
3145 162
3145 163
3145 164
3146 130
3146 131
3146 132
3147 145
3147 146
3147 147
3147 148
3147 149
3147 150
3148 161
3148 162
3148 163
3148 164
3148 165
3148 166
3149 132
3149 133
3149 134
3149 135
3150 147
3150 148
3150 149
3150 150
3150 151
3150 152
3150 153
3151 164
3151 165
3151 166
3151 167
3151 168
3152 133
3152 134
3152 135
3152 136
3152 137
3152 138
3153 149
3153 150
3153 151
3153 152
3153 153
3153 154
3153 155
3154 166
3154 167
3154 168
3154 169
3154 170
3155 135
3155 136
3155 137
3155 138
3155 139
3155 140
3156 151
3156 152
3156 153
3156 154
3156 155
3156 156
3156 157
3157 169
3157 170
3157 171
3157 172
3158 137
3158 138
3158 139
3158 140
3158 141
3158 142
3158 143
3159 153
3159 154
3159 155
3159 156
3159 157
3159 158
3159 159
3160 171
3160 172
3160 173
3160 174
3161 139
3161 140
3161 141
3161 142
3161 143
3161 144
3161 145
3162 155
3162 156
3162 157
3162 158
3162 159
3162 160
3162 161
3163 128
3163 129
3163 174
3163 175
3164 141
3164 142
3164 143
3164 144
3164 145
3164 146
3164 147
3164 148
3165 158
3165 159
3165 160
3165 161
3165 162
3165 163
3165 164
3166 129
3166 130
3166 131
3166 132
3167 144
3167 145
3167 146
3167 147
3167 148
3167 149
3167 150
3168 160
3168 161
3168 162
3168 163
3168 164
3168 165
3168 166
3169 131
3169 132
3169 133
3169 134
3169 135
3170 146
3170 147
3170 148
3170 149
3170 150
3170 151
3170 152
3171 162
3171 163
3171 164
3171 165
3171 166
3171 167
3171 168
3172 133
3172 134
3172 135
3172 136
3172 137
3173 148
3173 149
3173 150
3173 151
3173 152
3173 153
3173 154
3173 155
3174 165
3174 166
3174 167
3174 168
3174 169
3174 170
3175 134
3175 135
3175 136
3175 137
3175 138
3175 139
3175 140
3176 150
3176 151
3176 152
3176 153
3176 154
3176 155
3176 156
3176 157
3177 167
3177 168
3177 169
3177 170
3177 171
3177 172
3178 136
3178 137
3178 138
3178 139
3178 140
3178 141
3178 142
3179 152
3179 153
3179 154
3179 155
3179 156
3179 157
3179 158
3179 159
3180 170
3180 171
3180 172
3180 173
3180 174
3181 138
3181 139
3181 140
3181 141
3181 142
3181 143
3181 144
3181 145
3182 154
3182 155
3182 156
3182 157
3182 158
3182 159
3182 160
3182 161
3183 127
3183 128
3183 129
3183 172
3183 173
3183 174
3183 175
3183 176
3184 141
3184 142
3184 143
3184 144
3184 145
3184 146
3184 147
3185 157
3185 158
3185 159
3185 160
3185 161
3185 162
3185 163
3186 128
3186 129
3186 130
3186 131
3186 132
3186 175
3186 176
3186 177
3186 178
3187 143
3187 144
3187 145
3187 146
3187 147
3187 148
3187 149
3187 150
3188 159
3188 160
3188 161
3188 162
3188 163
3188 164
3188 165
3188 166
3189 130
3189 131
3189 132
3189 133
3189 134
3189 135
3189 177
3189 178
3189 179
3190 145
3190 146
3190 147
3190 148
3190 149
3190 150
3190 151
3190 152
3191 161
3191 162
3191 163
3191 164
3191 165
3191 166
3191 167
3191 168
3192 132
3192 133
3192 134
3192 135
3192 136
3192 137
3193 147
3193 148
3193 149
3193 150
3193 151
3193 152
3193 153
3193 154
3194 164
3194 165
3194 166
3194 167
3194 168
3194 169
3194 170
3195 134
3195 135
3195 136
3195 137
3195 138
3195 139
3195 140
3196 149
3196 150
3196 151
3196 152
3196 153
3196 154
3196 155
3196 156
3197 166
3197 167
3197 168
3197 169
3197 170
3197 171
3197 172
3198 136
3198 137
3198 138
3198 139
3198 140
3198 141
3198 142
3199 151
3199 152
3199 153
3199 154
3199 155
3199 156
3199 157
3199 158
3199 159
3200 168
3200 169
3200 170
3200 171
3200 172
3200 173
3200 174
3201 138
3201 139
3201 140
3201 141
3201 142
3201 143
3201 144
3201 145
3202 153
3202 154
3202 155
3202 156
3202 157
3202 158
3202 159
3202 160
3202 161
3203 126
3203 127
3203 128
3203 171
3203 172
3203 173
3203 174
3203 175
3203 176
3204 140
3204 141
3204 142
3204 143
3204 144
3204 145
3204 146
3204 147
3205 156
3205 157
3205 158
3205 159
3205 160
3205 161
3205 162
3205 163
3206 127
3206 128
3206 129
3206 130
3206 131
3206 173
3206 174
3206 175
3206 176
3206 177
3206 178
3207 142
3207 143
3207 144
3207 145
3207 146
3207 147
3207 148
3207 149
3208 158
3208 159
3208 160
3208 161
3208 162
3208 163
3208 164
3208 165
3209 129
3209 130
3209 131
3209 132
3209 133
3209 134
3209 176
3209 177
3209 178
3209 179
3209 180
3210 144
3210 145
3210 146
3210 147
3210 148
3210 149
3210 150
3210 151
3210 152
3211 160
3211 161
3211 162
3211 163
3211 164
3211 165
3211 166
3211 167
3212 131
3212 132
3212 133
3212 134
3212 135
3212 136
3212 137
3212 178
3212 179
3212 180
3212 181
3213 146
3213 147
3213 148
3213 149
3213 150
3213 151
3213 152
3213 153
3213 154
3214 162
3214 163
3214 164
3214 165
3214 166
3214 167
3214 168
3214 169
3215 133
3215 134
3215 135
3215 136
3215 137
3215 138
3215 139
3215 181
3215 182
3215 183
3216 148
3216 149
3216 150
3216 151
3216 152
3216 153
3216 154
3216 155
3216 156
3217 165
3217 166
3217 167
3217 168
3217 169
3217 170
3217 171
3217 172
3218 135
3218 136
3218 137
3218 138
3218 139
3218 140
3218 141
3218 142
3218 184
3219 150
3219 151
3219 152
3219 153
3219 154
3219 155
3219 156
3219 157
3219 158
3220 167
3220 168
3220 169
3220 170
3220 171
3220 172
3220 173
3220 174
3221 137
3221 138
3221 139
3221 140
3221 141
3221 142
3221 143
3221 144
3222 153
3222 154
3222 155
3222 156
3222 157
3222 158
3222 159
3222 160
3222 161
3223 125
3223 126
3223 127
3223 128
3223 169
3223 170
3223 171
3223 172
3223 173
3223 174
3223 175
3223 176
3224 139
3224 140
3224 141
3224 142
3224 143
3224 144
3224 145
3224 146
3225 155
3225 156
3225 157
3225 158
3225 159
3225 160
3225 161
3225 162
3225 163
3226 127
3226 128
3226 129
3226 130
3226 131
3226 172
3226 173
3226 174
3226 175
3226 176
3226 177
3226 178
3227 141
3227 142
3227 143
3227 144
3227 145
3227 146
3227 147
3227 148
3227 149
3228 157
3228 158
3228 159
3228 160
3228 161
3228 162
3228 163
3228 164
3228 165
3229 128
3229 129
3229 130
3229 131
3229 132
3229 133
3229 134
3229 174
3229 175
3229 176
3229 177
3229 178
3229 179
3229 180
3230 143
3230 144
3230 145
3230 146
3230 147
3230 148
3230 149
3230 150
3230 151
3231 159
3231 160
3231 161
3231 162
3231 163
3231 164
3231 165
3231 166
3231 167
3232 130
3232 131
3232 132
3232 133
3232 134
3232 135
3232 136
3232 177
3232 178
3232 179
3232 180
3232 181
3233 145
3233 146
3233 147
3233 148
3233 149
3233 150
3233 151
3233 152
3233 153
3234 161
3234 162
3234 163
3234 164
3234 165
3234 166
3234 167
3234 168
3234 169
3235 132
3235 133
3235 134
3235 135
3235 136
3235 137
3235 138
3235 139
3235 179
3235 180
3235 181
3235 182
3235 183
3236 147
3236 148
3236 149
3236 150
3236 151
3236 152
3236 153
3236 154
3236 155
3236 156
3237 164
3237 165
3237 166
3237 167
3237 168
3237 169
3237 170
3237 171
3238 134
3238 135
3238 136
3238 137
3238 138
3238 139
3238 140
3238 141
3238 182
3238 183
3238 184
3238 185
3239 149
3239 150
3239 151
3239 152
3239 153
3239 154
3239 155
3239 156
3239 157
3239 158
3240 124
3240 166
3240 167
3240 168
3240 169
3240 170
3240 171
3240 172
3240 173
3241 136
3241 137
3241 138
3241 139
3241 140
3241 141
3241 142
3241 143
3241 144
3241 185
3241 186
3242 152
3242 153
3242 154
3242 155
3242 156
3242 157
3242 158
3242 159
3242 160
3243 125
3243 126
3243 127
3243 128
3243 168
3243 169
3243 170
3243 171
3243 172
3243 173
3243 174
3243 175
3244 138
3244 139
3244 140
3244 141
3244 142
3244 143
3244 144
3244 145
3244 146
3245 154
3245 155
3245 156
3245 157
3245 158
3245 159
3245 160
3245 161
3245 162
3246 126
3246 127
3246 128
3246 129
3246 130
3246 131
3246 171
3246 172
3246 173
3246 174
3246 175
3246 176
3246 177
3247 140
3247 141
3247 142
3247 143
3247 144
3247 145
3247 146
3247 147
3247 148
3248 156
3248 157
3248 158
3248 159
3248 160
3248 161
3248 162
3248 163
3248 164
3249 128
3249 129
3249 130
3249 131
3249 132
3249 133
3249 173
3249 174
3249 175
3249 176
3249 177
3249 178
3249 179
3250 142
3250 143
3250 144
3250 145
3250 146
3250 147
3250 148
3250 149
3250 150
3250 151
3251 158
3251 159
3251 160
3251 161
3251 162
3251 163
3251 164
3251 165
3251 166
3251 167
3252 130
3252 131
3252 132
3252 133
3252 134
3252 135
3252 136
3252 175
3252 176
3252 177
3252 178
3252 179
3252 180
3252 181
3253 144
3253 145
3253 146
3253 147
3253 148
3253 149
3253 150
3253 151
3253 152
3253 153
3254 160
3254 161
3254 162
3254 163
3254 164
3254 165
3254 166
3254 167
3254 168
3254 169
3255 131
3255 132
3255 133
3255 134
3255 135
3255 136
3255 137
3255 138
3255 178
3255 179
3255 180
3255 181
3255 182
3255 183
3256 146
3256 147
3256 148
3256 149
3256 150
3256 151
3256 152
3256 153
3256 154
3256 155
3257 163
3257 164
3257 165
3257 166
3257 167
3257 168
3257 169
3257 170
3257 171
3258 133
3258 134
3258 135
3258 136
3258 137
3258 138
3258 139
3258 140
3258 141
3258 180
3258 181
3258 182
3258 183
3258 184
3258 185
3259 149
3259 150
3259 151
3259 152
3259 153
3259 154
3259 155
3259 156
3259 157
3260 165
3260 166
3260 167
3260 168
3260 169
3260 170
3260 171
3260 172
3260 173
3261 135
3261 136
3261 137
3261 138
3261 139
3261 140
3261 141
3261 142
3261 143
3261 183
3261 184
3261 185
3261 186
3261 187
3262 151
3262 152
3262 153
3262 154
3262 155
3262 156
3262 157
3262 158
3262 159
3262 160
3263 124
3263 125
3263 126
3263 127
3263 167
3263 168
3263 169
3263 170
3263 171
3263 172
3263 173
3263 174
3263 175
3264 137
3264 138
3264 139
3264 140
3264 141
3264 142
3264 143
3264 144
3264 145
3264 146
3264 185
3264 186
3264 187
3264 188
3265 153
3265 154
3265 155
3265 156
3265 157
3265 158
3265 159
3265 160
3265 161
3265 162
3266 126
3266 127
3266 128
3266 129
3266 130
3266 169
3266 170
3266 171
3266 172
3266 173
3266 174
3266 175
3266 176
3266 177
3267 139
3267 140
3267 141
3267 142
3267 143
3267 144
3267 145
3267 146
3267 147
3267 148
3267 188
3267 189
3267 190
3268 155
3268 156
3268 157
3268 158
3268 159
3268 160
3268 161
3268 162
3268 163
3268 164
3269 127
3269 128
3269 129
3269 130
3269 131
3269 132
3269 133
3269 172
3269 173
3269 174
3269 175
3269 176
3269 177
3269 178
3269 179
3270 142
3270 143
3270 144
3270 145
3270 146
3270 147
3270 148
3270 149
3270 150
3271 157
3271 158
3271 159
3271 160
3271 161
3271 162
3271 163
3271 164
3271 165
3271 166
3272 129
3272 130
3272 131
3272 132
3272 133
3272 134
3272 135
3272 174
3272 175
3272 176
3272 177
3272 178
3272 179
3272 180
3272 181
3273 144
3273 145
3273 146
3273 147
3273 148
3273 149
3273 150
3273 151
3273 152
3274 159
3274 160
3274 161
3274 162
3274 163
3274 164
3274 165
3274 166
3274 167
3274 168
3275 131
3275 132
3275 133
3275 134
3275 135
3275 136
3275 137
3275 138
3275 176
3275 177
3275 178
3275 179
3275 180
3275 181
3275 182
3275 183
3276 146
3276 147
3276 148
3276 149
3276 150
3276 151
3276 152
3276 153
3276 154
3276 155
3277 162
3277 163
3277 164
3277 165
3277 166
3277 167
3277 168
3277 169
3277 170
3278 133
3278 134
3278 135
3278 136
3278 137
3278 138
3278 139
3278 140
3278 179
3278 180
3278 181
3278 182
3278 183
3278 184
3278 185
3279 148
3279 149
3279 150
3279 151
3279 152
3279 153
3279 154
3279 155
3279 156
3279 157
3280 164
3280 165
3280 166
3280 167
3280 168
3280 169
3280 170
3280 171
3280 172
3281 135
3281 136
3281 137
3281 138
3281 139
3281 140
3281 141
3281 142
3281 143
3281 181
3281 182
3281 183
3281 184
3281 185
3281 186
3281 187
3282 150
3282 151
3282 152
3282 153
3282 154
3282 155
3282 156
3282 157
3282 158
3282 159
3283 124
3283 125
3283 126
3283 127
3283 166
3283 167
3283 168
3283 169
3283 170
3283 171
3283 172
3283 173
3283 174
3283 175
3284 137
3284 138
3284 139
3284 140
3284 141
3284 142
3284 143
3284 144
3284 145
3284 184
3284 185
3284 186
3284 187
3284 188
3285 152
3285 153
3285 154
3285 155
3285 156
3285 157
3285 158
3285 159
3285 160
3285 161
3286 125
3286 126
3286 127
3286 128
3286 129
3286 168
3286 169
3286 170
3286 171
3286 172
3286 173
3286 174
3286 175
3286 176
3286 177
3287 139
3287 140
3287 141
3287 142
3287 143
3287 144
3287 145
3287 146
3287 147
3287 186
3287 187
3287 188
3287 189
3287 190
3288 154
3288 155
3288 156
3288 157
3288 158
3288 159
3288 160
3288 161
3288 162
3288 163
3289 127
3289 128
3289 129
3289 130
3289 131
3289 132
3289 171
3289 172
3289 173
3289 174
3289 175
3289 176
3289 177
3289 178
3289 179
3290 141
3290 142
3290 143
3290 144
3290 145
3290 146
3290 147
3290 148
3290 149
3290 150
3290 189
3290 190
3290 191
3291 156
3291 157
3291 158
3291 159
3291 160
3291 161
3291 162
3291 163
3291 164
3291 165
3291 166
3292 128
3292 129
3292 130
3292 131
3292 132
3292 133
3292 134
3292 135
3292 173
3292 174
3292 175
3292 176
3292 177
3292 178
3292 179
3292 180
3292 181
3293 143
3293 144
3293 145
3293 146
3293 147
3293 148
3293 149
3293 150
3293 151
3293 152
3294 159
3294 160
3294 161
3294 162
3294 163
3294 164
3294 165
3294 166
3294 167
3294 168
3295 130
3295 131
3295 132
3295 133
3295 134
3295 135
3295 136
3295 137
3295 175
3295 176
3295 177
3295 178
3295 179
3295 180
3295 181
3295 182
3295 183
3296 145
3296 146
3296 147
3296 148
3296 149
3296 150
3296 151
3296 152
3296 153
3296 154
3297 161
3297 162
3297 163
3297 164
3297 165
3297 166
3297 167
3297 168
3297 169
3297 170
3298 132
3298 133
3298 134
3298 135
3298 136
3298 137
3298 138
3298 139
3298 140
3298 178
3298 179
3298 180
3298 181
3298 182
3298 183
3298 184
3299 147
3299 148
3299 149
3299 150
3299 151
3299 152
3299 153
3299 154
3299 155
3299 156
3300 163
3300 164
3300 165
3300 166
3300 167
3300 168
3300 169
3300 170
3300 171
3300 172
3301 134
3301 135
3301 136
3301 137
3301 138
3301 139
3301 140
3301 141
3301 142
3301 180
3301 181
3301 182
3301 183
3301 184
3301 185
3301 186
3302 149
3302 150
3302 151
3302 152
3302 153
3302 154
3302 155
3302 156
3302 157
3302 158
3302 159
3303 123
3303 124
3303 125
3303 126
3303 165
3303 166
3303 167
3303 168
3303 169
3303 170
3303 171
3303 172
3303 173
3303 174
3304 136
3304 137
3304 138
3304 139
3304 140
3304 141
3304 142
3304 143
3304 144
3304 182
3304 183
3304 184
3304 185
3304 186
3304 187
3304 188
3305 151
3305 152
3305 153
3305 154
3305 155
3305 156
3305 157
3305 158
3305 159
3305 160
3305 161
3306 124
3306 125
3306 126
3306 127
3306 128
3306 129
3306 167
3306 168
3306 169
3306 170
3306 171
3306 172
3306 173
3306 174
3306 175
3306 176
3307 138
3307 139
3307 140
3307 141
3307 142
3307 143
3307 144
3307 145
3307 146
3307 147
3307 185
3307 186
3307 187
3307 188
3307 189
3307 190
3308 153
3308 154
3308 155
3308 156
3308 157
3308 158
3308 159
3308 160
3308 161
3308 162
3308 163
3309 126
3309 127
3309 128
3309 129
3309 130
3309 131
3309 132
3309 170
3309 171
3309 172
3309 173
3309 174
3309 175
3309 176
3309 177
3309 178
3310 140
3310 141
3310 142
3310 143
3310 144
3310 145
3310 146
3310 147
3310 148
3310 149
3310 188
3310 189
3310 190
3310 191
3310 192
3311 156
3311 157
3311 158
3311 159
3311 160
3311 161
3311 162
3311 163
3311 164
3311 165
3312 128
3312 129
3312 130
3312 131
3312 132
3312 133
3312 134
3312 172
3312 173
3312 174
3312 175
3312 176
3312 177
3312 178
3312 179
3312 180
3313 142
3313 143
3313 144
3313 145
3313 146
3313 147
3313 148
3313 149
3313 150
3313 151
3313 190
3313 191
3313 192
3313 193
3314 158
3314 159
3314 160
3314 161
3314 162
3314 163
3314 164
3314 165
3314 166
3314 167
3315 130
3315 131
3315 132
3315 133
3315 134
3315 135
3315 136
3315 137
3315 174
3315 175
3315 176
3315 177
3315 178
3315 179
3315 180
3315 181
3315 182
3316 144
3316 145
3316 146
3316 147
3316 148
3316 149
3316 150
3316 151
3316 152
3316 153
3316 154
3316 193
3316 194
3317 160
3317 161
3317 162
3317 163
3317 164
3317 165
3317 166
3317 167
3317 168
3317 169
3318 131
3318 132
3318 133
3318 134
3318 135
3318 136
3318 137
3318 138
3318 139
3318 177
3318 178
3318 179
3318 180
3318 181
3318 182
3318 183
3318 184
3319 146
3319 147
3319 148
3319 149
3319 150
3319 151
3319 152
3319 153
3319 154
3319 155
3319 156
3320 162
3320 163
3320 164
3320 165
3320 166
3320 167
3320 168
3320 169
3320 170
3320 171
3321 133
3321 134
3321 135
3321 136
3321 137
3321 138
3321 139
3321 140
3321 141
3321 142
3321 179
3321 180
3321 181
3321 182
3321 183
3321 184
3321 185
3321 186
3322 148
3322 149
3322 150
3322 151
3322 152
3322 153
3322 154
3322 155
3322 156
3322 157
3322 158
3323 123
3323 124
3323 125
3323 164
3323 165
3323 166
3323 167
3323 168
3323 169
3323 170
3323 171
3323 172
3323 173
3324 135
3324 136
3324 137
3324 138
3324 139
3324 140
3324 141
3324 142
3324 143
3324 144
3324 181
3324 182
3324 183
3324 184
3324 185
3324 186
3324 187
3324 188
3325 150
3325 151
3325 152
3325 153
3325 154
3325 155
3325 156
3325 157
3325 158
3325 159
3325 160
3326 124
3326 125
3326 126
3326 127
3326 128
3326 167
3326 168
3326 169
3326 170
3326 171
3326 172
3326 173
3326 174
3326 175
3326 176
3327 137
3327 138
3327 139
3327 140
3327 141
3327 142
3327 143
3327 144
3327 145
3327 146
3327 184
3327 185
3327 186
3327 187
3327 188
3327 189
3327 190
3328 153
3328 154
3328 155
3328 156
3328 157
3328 158
3328 159
3328 160
3328 161
3328 162
3329 125
3329 126
3329 127
3329 128
3329 129
3329 130
3329 131
3329 169
3329 170
3329 171
3329 172
3329 173
3329 174
3329 175
3329 176
3329 177
3329 178
3330 139
3330 140
3330 141
3330 142
3330 143
3330 144
3330 145
3330 146
3330 147
3330 148
3330 149
3330 186
3330 187
3330 188
3330 189
3330 190
3330 191
3331 155
3331 156
3331 157
3331 158
3331 159
3331 160
3331 161
3331 162
3331 163
3331 164
3331 165
3332 127
3332 128
3332 129
3332 130
3332 131
3332 132
3332 133
3332 134
3332 171
3332 172
3332 173
3332 174
3332 175
3332 176
3332 177
3332 178
3332 179
3332 180
3333 141
3333 142
3333 143
3333 144
3333 145
3333 146
3333 147
3333 148
3333 149
3333 150
3333 151
3333 189
3333 190
3333 191
3333 192
3333 193
3334 157
3334 158
3334 159
3334 160
3334 161
3334 162
3334 163
3334 164
3334 165
3334 166
3334 167
3335 129
3335 130
3335 131
3335 132
3335 133
3335 134
3335 135
3335 136
3335 173
3335 174
3335 175
3335 176
3335 177
3335 178
3335 179
3335 180
3335 181
3335 182
3336 143
3336 144
3336 145
3336 146
3336 147
3336 148
3336 149
3336 150
3336 151
3336 152
3336 153
3336 191
3336 192
3336 193
3336 194
3336 195
3337 159
3337 160
3337 161
3337 162
3337 163
3337 164
3337 165
3337 166
3337 167
3337 168
3337 169
3338 131
3338 132
3338 133
3338 134
3338 135
3338 136
3338 137
3338 138
3338 139
3338 176
3338 177
3338 178
3338 179
3338 180
3338 181
3338 182
3338 183
3338 184
3339 145
3339 146
3339 147
3339 148
3339 149
3339 150
3339 151
3339 152
3339 153
3339 154
3339 155
3339 194
3339 195
3339 196
3340 161
3340 162
3340 163
3340 164
3340 165
3340 166
3340 167
3340 168
3340 169
3340 170
3340 171
3341 133
3341 134
3341 135
3341 136
3341 137
3341 138
3341 139
3341 140
3341 141
3341 178
3341 179
3341 180
3341 181
3341 182
3341 183
3341 184
3341 185
3342 148
3342 149
3342 150
3342 151
3342 152
3342 153
3342 154
3342 155
3342 156
3342 157
3343 122
3343 123
3343 124
3343 125
3343 163
3343 164
3343 165
3343 166
3343 167
3343 168
3343 169
3343 170
3343 171
3343 172
3343 173
3344 135
3344 136
3344 137
3344 138
3344 139
3344 140
3344 141
3344 142
3344 143
3344 180
3344 181
3344 182
3344 183
3344 184
3344 185
3344 186
3344 187
3345 150
3345 151
3345 152
3345 153
3345 154
3345 155
3345 156
3345 157
3345 158
3345 159
3345 160
3346 123
3346 124
3346 125
3346 126
3346 127
3346 128
3346 166
3346 167
3346 168
3346 169
3346 170
3346 171
3346 172
3346 173
3346 174
3346 175
3347 137
3347 138
3347 139
3347 140
3347 141
3347 142
3347 143
3347 144
3347 145
3347 146
3347 183
3347 184
3347 185
3347 186
3347 187
3347 188
3347 189
3348 152
3348 153
3348 154
3348 155
3348 156
3348 157
3348 158
3348 159
3348 160
3348 161
3348 162
3349 125
3349 126
3349 127
3349 128
3349 129
3349 130
3349 168
3349 169
3349 170
3349 171
3349 172
3349 173
3349 174
3349 175
3349 176
3349 177
3350 139
3350 140
3350 141
3350 142
3350 143
3350 144
3350 145
3350 146
3350 147
3350 148
3350 185
3350 186
3350 187
3350 188
3350 189
3350 190
3350 191
3351 154
3351 155
3351 156
3351 157
3351 158
3351 159
3351 160
3351 161
3351 162
3351 163
3351 164
3352 127
3352 128
3352 129
3352 130
3352 131
3352 132
3352 133
3352 170
3352 171
3352 172
3352 173
3352 174
3352 175
3352 176
3352 177
3352 178
3352 179
3353 141
3353 142
3353 143
3353 144
3353 145
3353 146
3353 147
3353 148
3353 149
3353 150
3353 187
3353 188
3353 189
3353 190
3353 191
3353 192
3353 193
3354 156
3354 157
3354 158
3354 159
3354 160
3354 161
3354 162
3354 163
3354 164
3354 165
3354 166
3355 128
3355 129
3355 130
3355 131
3355 132
3355 133
3355 134
3355 135
3355 172
3355 173
3355 174
3355 175
3355 176
3355 177
3355 178
3355 179
3355 180
3355 181
3356 143
3356 144
3356 145
3356 146
3356 147
3356 148
3356 149
3356 150
3356 151
3356 152
3356 190
3356 191
3356 192
3356 193
3356 194
3357 158
3357 159
3357 160
3357 161
3357 162
3357 163
3357 164
3357 165
3357 166
3357 167
3357 168
3358 130
3358 131
3358 132
3358 133
3358 134
3358 135
3358 136
3358 137
3358 138
3358 175
3358 176
3358 177
3358 178
3358 179
3358 180
3358 181
3358 182
3358 183
3359 145
3359 146
3359 147
3359 148
3359 149
3359 150
3359 151
3359 152
3359 153
3359 154
3359 155
3359 192
3359 193
3359 194
3359 195
3359 196
3360 160
3360 161
3360 162
3360 163
3360 164
3360 165
3360 166
3360 167
3360 168
3360 169
3360 170
3361 132
3361 133
3361 134
3361 135
3361 136
3361 137
3361 138
3361 139
3361 140
3361 177
3361 178
3361 179
3361 180
3361 181
3361 182
3361 183
3361 184
3361 185
3362 147
3362 148
3362 149
3362 150
3362 151
3362 152
3362 153
3362 154
3362 155
3362 156
3362 157
3362 195
3362 196
3362 197
3363 122
3363 123
3363 124
3363 163
3363 164
3363 165
3363 166
3363 167
3363 168
3363 169
3363 170
3363 171
3363 172
3364 134
3364 135
3364 136
3364 137
3364 138
3364 139
3364 140
3364 141
3364 142
3364 143
3364 179
3364 180
3364 181
3364 182
3364 183
3364 184
3364 185
3364 186
3364 187
3365 149
3365 150
3365 151
3365 152
3365 153
3365 154
3365 155
3365 156
3365 157
3365 158
3365 159
3366 123
3366 124
3366 125
3366 126
3366 127
3366 165
3366 166
3366 167
3366 168
3366 169
3366 170
3366 171
3366 172
3366 173
3366 174
3367 136
3367 137
3367 138
3367 139
3367 140
3367 141
3367 142
3367 143
3367 144
3367 145
3367 181
3367 182
3367 183
3367 184
3367 185
3367 186
3367 187
3367 188
3367 189
3368 151
3368 152
3368 153
3368 154
3368 155
3368 156
3368 157
3368 158
3368 159
3368 160
3368 161
3369 124
3369 125
3369 126
3369 127
3369 128
3369 129
3369 130
3369 167
3369 168
3369 169
3369 170
3369 171
3369 172
3369 173
3369 174
3369 175
3369 176
3370 138
3370 139
3370 140
3370 141
3370 142
3370 143
3370 144
3370 145
3370 146
3370 147
3370 184
3370 185
3370 186
3370 187
3370 188
3370 189
3370 190
3370 191
3371 153
3371 154
3371 155
3371 156
3371 157
3371 158
3371 159
3371 160
3371 161
3371 162
3371 163
3372 126
3372 127
3372 128
3372 129
3372 130
3372 131
3372 132
3372 169
3372 170
3372 171
3372 172
3372 173
3372 174
3372 175
3372 176
3372 177
3372 178
3373 140
3373 141
3373 142
3373 143
3373 144
3373 145
3373 146
3373 147
3373 148
3373 149
3373 186
3373 187
3373 188
3373 189
3373 190
3373 191
3373 192
3374 155
3374 156
3374 157
3374 158
3374 159
3374 160
3374 161
3374 162
3374 163
3374 164
3374 165
3375 128
3375 129
3375 130
3375 131
3375 132
3375 133
3375 134
3375 135
3375 171
3375 172
3375 173
3375 174
3375 175
3375 176
3375 177
3375 178
3375 179
3375 180
3376 142
3376 143
3376 144
3376 145
3376 146
3376 147
3376 148
3376 149
3376 150
3376 151
3376 152
3376 189
3376 190
3376 191
3376 192
3376 193
3376 194
3377 157
3377 158
3377 159
3377 160
3377 161
3377 162
3377 163
3377 164
3377 165
3377 166
3377 167
3378 130
3378 131
3378 132
3378 133
3378 134
3378 135
3378 136
3378 137
3378 174
3378 175
3378 176
3378 177
3378 178
3378 179
3378 180
3378 181
3378 182
3379 144
3379 145
3379 146
3379 147
3379 148
3379 149
3379 150
3379 151
3379 152
3379 153
3379 154
3379 191
3379 192
3379 193
3379 194
3379 195
3379 196
3380 160
3380 161
3380 162
3380 163
3380 164
3380 165
3380 166
3380 167
3380 168
3380 169
3380 170
3381 132
3381 133
3381 134
3381 135
3381 136
3381 137
3381 138
3381 139
3381 140
3381 176
3381 177
3381 178
3381 179
3381 180
3381 181
3381 182
3381 183
3381 184
3382 146
3382 147
3382 148
3382 149
3382 150
3382 151
3382 152
3382 153
3382 154
3382 155
3382 156
3382 194
3382 195
3382 196
3382 197
3383 122
3383 123
3383 162
3383 163
3383 164
3383 165
3383 166
3383 167
3383 168
3383 169
3383 170
3383 171
3383 172
3384 133
3384 134
3384 135
3384 136
3384 137
3384 138
3384 139
3384 140
3384 141
3384 142
3384 178
3384 179
3384 180
3384 181
3384 182
3384 183
3384 184
3384 185
3384 186
3385 148
3385 149
3385 150
3385 151
3385 152
3385 153
3385 154
3385 155
3385 156
3385 157
3385 158
3385 196
3385 197
3385 198
3385 199
3386 123
3386 124
3386 125
3386 126
3386 164
3386 165
3386 166
3386 167
3386 168
3386 169
3386 170
3386 171
3386 172
3386 173
3386 174
3387 135
3387 136
3387 137
3387 138
3387 139
3387 140
3387 141
3387 142
3387 143
3387 144
3387 180
3387 181
3387 182
3387 183
3387 184
3387 185
3387 186
3387 187
3387 188
3388 150
3388 151
3388 152
3388 153
3388 154
3388 155
3388 156
3388 157
3388 158
3388 159
3388 160
3389 124
3389 125
3389 126
3389 127
3389 128
3389 129
3389 166
3389 167
3389 168
3389 169
3389 170
3389 171
3389 172
3389 173
3389 174
3389 175
3389 176
3390 137
3390 138
3390 139
3390 140
3390 141
3390 142
3390 143
3390 144
3390 145
3390 146
3390 147
3390 183
3390 184
3390 185
3390 186
3390 187
3390 188
3390 189
3390 190
3391 152
3391 153
3391 154
3391 155
3391 156
3391 157
3391 158
3391 159
3391 160
3391 161
3391 162
3391 163
3392 126
3392 127
3392 128
3392 129
3392 130
3392 131
3392 132
3392 168
3392 169
3392 170
3392 171
3392 172
3392 173
3392 174
3392 175
3392 176
3392 177
3392 178
3393 139
3393 140
3393 141
3393 142
3393 143
3393 144
3393 145
3393 146
3393 147
3393 148
3393 149
3393 185
3393 186
3393 187
3393 188
3393 189
3393 190
3393 191
3393 192
3394 154
3394 155
3394 156
3394 157
3394 158
3394 159
3394 160
3394 161
3394 162
3394 163
3394 164
3394 165
3395 127
3395 128
3395 129
3395 130
3395 131
3395 132
3395 133
3395 134
3395 170
3395 171
3395 172
3395 173
3395 174
3395 175
3395 176
3395 177
3395 178
3395 179
3395 180
3396 141
3396 142
3396 143
3396 144
3396 145
3396 146
3396 147
3396 148
3396 149
3396 150
3396 151
3396 187
3396 188
3396 189
3396 190
3396 191
3396 192
3396 193
3396 194
3397 157
3397 158
3397 159
3397 160
3397 161
3397 162
3397 163
3397 164
3397 165
3397 166
3397 167
3398 129
3398 130
3398 131
3398 132
3398 133
3398 134
3398 135
3398 136
3398 137
3398 173
3398 174
3398 175
3398 176
3398 177
3398 178
3398 179
3398 180
3398 181
3398 182
3399 143
3399 144
3399 145
3399 146
3399 147
3399 148
3399 149
3399 150
3399 151
3399 152
3399 153
3399 190
3399 191
3399 192
3399 193
3399 194
3399 195
3400 159
3400 160
3400 161
3400 162
3400 163
3400 164
3400 165
3400 166
3400 167
3400 168
3400 169
3401 131
3401 132
3401 133
3401 134
3401 135
3401 136
3401 137
3401 138
3401 139
3401 175
3401 176
3401 177
3401 178
3401 179
3401 180
3401 181
3401 182
3401 183
3401 184
3402 145
3402 146
3402 147
3402 148
3402 149
3402 150
3402 151
3402 152
3402 153
3402 154
3402 155
3402 192
3402 193
3402 194
3402 195
3402 196
3402 197
3403 161
3403 162
3403 163
3403 164
3403 165
3403 166
3403 167
3403 168
3403 169
3403 170
3403 171
3404 133
3404 134
3404 135
3404 136
3404 137
3404 138
3404 139
3404 140
3404 141
3404 177
3404 178
3404 179
3404 180
3404 181
3404 182
3404 183
3404 184
3404 185
3404 186
3405 147
3405 148
3405 149
3405 150
3405 151
3405 152
3405 153
3405 154
3405 155
3405 156
3405 157
3405 158
3405 195
3405 196
3405 197
3405 198
3405 199
3406 122
3406 123
3406 124
3406 125
3406 163
3406 164
3406 165
3406 166
3406 167
3406 168
3406 169
3406 170
3406 171
3406 172
3406 173
3407 135
3407 136
3407 137
3407 138
3407 139
3407 140
3407 141
3407 142
3407 143
3407 144
3407 179
3407 180
3407 181
3407 182
3407 183
3407 184
3407 185
3407 186
3407 187
3407 188
3408 150
3408 151
3408 152
3408 153
3408 154
3408 155
3408 156
3408 157
3408 158
3408 159
3408 160
3408 198
3408 199
3408 200
3409 124
3409 125
3409 126
3409 127
3409 128
3409 165
3409 166
3409 167
3409 168
3409 169
3409 170
3409 171
3409 172
3409 173
3409 174
3409 175
3410 137
3410 138
3410 139
3410 140
3410 141
3410 142
3410 143
3410 144
3410 145
3410 146
3410 182
3410 183
3410 184
3410 185
3410 186
3410 187
3410 188
3410 189
3411 152
3411 153
3411 154
3411 155
3411 156
3411 157
3411 158
3411 159
3411 160
3411 161
3411 162
3412 125
3412 126
3412 127
3412 128
3412 129
3412 130
3412 131
3412 167
3412 168
3412 169
3412 170
3412 171
3412 172
3412 173
3412 174
3412 175
3412 176
3412 177
3413 139
3413 140
3413 141
3413 142
3413 143
3413 144
3413 145
3413 146
3413 147
3413 148
3413 184
3413 185
3413 186
3413 187
3413 188
3413 189
3413 190
3413 191
3414 154
3414 155
3414 156
3414 157
3414 158
3414 159
3414 160
3414 161
3414 162
3414 163
3414 164
3415 127
3415 128
3415 129
3415 130
3415 131
3415 132
3415 133
3415 170
3415 171
3415 172
3415 173
3415 174
3415 175
3415 176
3415 177
3415 178
3415 179
3416 141
3416 142
3416 143
3416 144
3416 145
3416 146
3416 147
3416 148
3416 149
3416 150
3416 186
3416 187
3416 188
3416 189
3416 190
3416 191
3416 192
3416 193
3417 156
3417 157
3417 158
3417 159
3417 160
3417 161
3417 162
3417 163
3417 164
3417 165
3417 166
3418 129
3418 130
3418 131
3418 132
3418 133
3418 134
3418 135
3418 136
3418 172
3418 173
3418 174
3418 175
3418 176
3418 177
3418 178
3418 179
3418 180
3418 181
3419 143
3419 144
3419 145
3419 146
3419 147
3419 148
3419 149
3419 150
3419 151
3419 152
3419 153
3419 189
3419 190
3419 191
3419 192
3419 193
3419 194
3419 195
3420 158
3420 159
3420 160
3420 161
3420 162
3420 163
3420 164
3420 165
3420 166
3420 167
3420 168
3421 130
3421 131
3421 132
3421 133
3421 134
3421 135
3421 136
3421 137
3421 138
3421 174
3421 175
3421 176
3421 177
3421 178
3421 179
3421 180
3421 181
3421 182
3421 183
3422 145
3422 146
3422 147
3422 148
3422 149
3422 150
3422 151
3422 152
3422 153
3422 154
3422 155
3422 191
3422 192
3422 193
3422 194
3422 195
3422 196
3422 197
3423 160
3423 161
3423 162
3423 163
3423 164
3423 165
3423 166
3423 167
3423 168
3423 169
3423 170
3424 132
3424 133
3424 134
3424 135
3424 136
3424 137
3424 138
3424 139
3424 140
3424 141
3424 176
3424 177
3424 178
3424 179
3424 180
3424 181
3424 182
3424 183
3424 184
3424 185
3425 147
3425 148
3425 149
3425 150
3425 151
3425 152
3425 153
3425 154
3425 155
3425 156
3425 157
3425 194
3425 195
3425 196
3425 197
3425 198
3426 122
3426 123
3426 124
3426 162
3426 163
3426 164
3426 165
3426 166
3426 167
3426 168
3426 169
3426 170
3426 171
3426 172
3427 134
3427 135
3427 136
3427 137
3427 138
3427 139
3427 140
3427 141
3427 142
3427 143
3427 178
3427 179
3427 180
3427 181
3427 182
3427 183
3427 184
3427 185
3427 186
3427 187
3428 149
3428 150
3428 151
3428 152
3428 153
3428 154
3428 155
3428 156
3428 157
3428 158
3428 159
3428 196
3428 197
3428 198
3428 199
3428 200
3429 123
3429 124
3429 125
3429 126
3429 127
3429 164
3429 165
3429 166
3429 167
3429 168
3429 169
3429 170
3429 171
3429 172
3429 173
3429 174
3430 136
3430 137
3430 138
3430 139
3430 140
3430 141
3430 142
3430 143
3430 144
3430 145
3430 181
3430 182
3430 183
3430 184
3430 185
3430 186
3430 187
3430 188
3430 189
3431 151
3431 152
3431 153
3431 154
3431 155
3431 156
3431 157
3431 158
3431 159
3431 160
3431 161
3431 199
3431 200
3431 201
3432 125
3432 126
3432 127
3432 128
3432 129
3432 130
3432 167
3432 168
3432 169
3432 170
3432 171
3432 172
3432 173
3432 174
3432 175
3432 176
3433 138
3433 139
3433 140
3433 141
3433 142
3433 143
3433 144
3433 145
3433 146
3433 147
3433 183
3433 184
3433 185
3433 186
3433 187
3433 188
3433 189
3433 190
3433 191
3434 153
3434 154
3434 155
3434 156
3434 157
3434 158
3434 159
3434 160
3434 161
3434 162
3434 163
3435 126
3435 127
3435 128
3435 129
3435 130
3435 131
3435 132
3435 133
3435 169
3435 170
3435 171
3435 172
3435 173
3435 174
3435 175
3435 176
3435 177
3435 178
3436 140
3436 141
3436 142
3436 143
3436 144
3436 145
3436 146
3436 147
3436 148
3436 149
3436 150
3436 185
3436 186
3436 187
3436 188
3436 189
3436 190
3436 191
3436 192
3436 193
3437 155
3437 156
3437 157
3437 158
3437 159
3437 160
3437 161
3437 162
3437 163
3437 164
3437 165
3438 128
3438 129
3438 130
3438 131
3438 132
3438 133
3438 134
3438 135
3438 171
3438 172
3438 173
3438 174
3438 175
3438 176
3438 177
3438 178
3438 179
3438 180
3439 142
3439 143
3439 144
3439 145
3439 146
3439 147
3439 148
3439 149
3439 150
3439 151
3439 152
3439 188
3439 189
3439 190
3439 191
3439 192
3439 193
3439 194
3440 157
3440 158
3440 159
3440 160
3440 161
3440 162
3440 163
3440 164
3440 165
3440 166
3440 167
3441 130
3441 131
3441 132
3441 133
3441 134
3441 135
3441 136
3441 137
3441 173
3441 174
3441 175
3441 176
3441 177
3441 178
3441 179
3441 180
3441 181
3441 182
3442 144
3442 145
3442 146
3442 147
3442 148
3442 149
3442 150
3442 151
3442 152
3442 153
3442 154
3442 190
3442 191
3442 192
3442 193
3442 194
3442 195
3442 196
3443 159
3443 160
3443 161
3443 162
3443 163
3443 164
3443 165
3443 166
3443 167
3443 168
3443 169
3444 132
3444 133
3444 134
3444 135
3444 136
3444 137
3444 138
3444 139
3444 140
3444 175
3444 176
3444 177
3444 178
3444 179
3444 180
3444 181
3444 182
3444 183
3444 184
3445 146
3445 147
3445 148
3445 149
3445 150
3445 151
3445 152
3445 153
3445 154
3445 155
3445 156
3445 193
3445 194
3445 195
3445 196
3445 197
3445 198
3446 123
3446 161
3446 162
3446 163
3446 164
3446 165
3446 166
3446 167
3446 168
3446 169
3446 170
3446 171
3446 172
3447 134
3447 135
3447 136
3447 137
3447 138
3447 139
3447 140
3447 141
3447 142
3447 178
3447 179
3447 180
3447 181
3447 182
3447 183
3447 184
3447 185
3447 186
3448 148
3448 149
3448 150
3448 151
3448 152
3448 153
3448 154
3448 155
3448 156
3448 157
3448 158
3448 195
3448 196
3448 197
3448 198
3448 199
3449 123
3449 124
3449 125
3449 126
3449 164
3449 165
3449 166
3449 167
3449 168
3449 169
3449 170
3449 171
3449 172
3449 173
3449 174
3450 136
3450 137
3450 138
3450 139
3450 140
3450 141
3450 142
3450 143
3450 144
3450 180
3450 181
3450 182
3450 183
3450 184
3450 185
3450 186
3450 187
3450 188
3451 150
3451 151
3451 152
3451 153
3451 154
3451 155
3451 156
3451 157
3451 158
3451 159
3451 160
3451 198
3451 199
3451 200
3451 201
3452 124
3452 125
3452 126
3452 127
3452 128
3452 129
3452 166
3452 167
3452 168
3452 169
3452 170
3452 171
3452 172
3452 173
3452 174
3452 175
3452 176
3453 137
3453 138
3453 139
3453 140
3453 141
3453 142
3453 143
3453 144
3453 145
3453 146
3453 147
3453 182
3453 183
3453 184
3453 185
3453 186
3453 187
3453 188
3453 189
3453 190
3454 152
3454 153
3454 154
3454 155
3454 156
3454 157
3454 158
3454 159
3454 160
3454 161
3454 162
3454 201
3454 202
3455 126
3455 127
3455 128
3455 129
3455 130
3455 131
3455 132
3455 168
3455 169
3455 170
3455 171
3455 172
3455 173
3455 174
3455 175
3455 176
3455 177
3455 178
3456 139
3456 140
3456 141
3456 142
3456 143
3456 144
3456 145
3456 146
3456 147
3456 148
3456 149
3456 184
3456 185
3456 186
3456 187
3456 188
3456 189
3456 190
3456 191
3456 192
3457 154
3457 155
3457 156
3457 157
3457 158
3457 159
3457 160
3457 161
3457 162
3457 163
3457 164
3457 165
3458 128
3458 129
3458 130
3458 131
3458 132
3458 133
3458 134
3458 170
3458 171
3458 172
3458 173
3458 174
3458 175
3458 176
3458 177
3458 178
3458 179
3458 180
3459 141
3459 142
3459 143
3459 144
3459 145
3459 146
3459 147
3459 148
3459 149
3459 150
3459 151
3459 187
3459 188
3459 189
3459 190
3459 191
3459 192
3459 193
3459 194
3460 156
3460 157
3460 158
3460 159
3460 160
3460 161
3460 162
3460 163
3460 164
3460 165
3460 166
3460 167
3461 129
3461 130
3461 131
3461 132
3461 133
3461 134
3461 135
3461 136
3461 137
3461 172
3461 173
3461 174
3461 175
3461 176
3461 177
3461 178
3461 179
3461 180
3461 181
3461 182
3462 143
3462 144
3462 145
3462 146
3462 147
3462 148
3462 149
3462 150
3462 151
3462 152
3462 153
3462 189
3462 190
3462 191
3462 192
3462 193
3462 194
3462 195
3463 159
3463 160
3463 161
3463 162
3463 163
3463 164
3463 165
3463 166
3463 167
3463 168
3463 169
3464 131
3464 132
3464 133
3464 134
3464 135
3464 136
3464 137
3464 138
3464 139
3464 175
3464 176
3464 177
3464 178
3464 179
3464 180
3464 181
3464 182
3464 183
3464 184
3465 145
3465 146
3465 147
3465 148
3465 149
3465 150
3465 151
3465 152
3465 153
3465 154
3465 155
3465 192
3465 193
3465 194
3465 195
3465 196
3465 197
3466 161
3466 162
3466 163
3466 164
3466 165
3466 166
3466 167
3466 168
3466 169
3466 170
3466 171
3467 133
3467 134
3467 135
3467 136
3467 137
3467 138
3467 139
3467 140
3467 141
3467 177
3467 178
3467 179
3467 180
3467 181
3467 182
3467 183
3467 184
3467 185
3468 147
3468 148
3468 149
3468 150
3468 151
3468 152
3468 153
3468 154
3468 155
3468 156
3468 157
3468 194
3468 195
3468 196
3468 197
3468 198
3468 199
3469 123
3469 124
3469 125
3469 163
3469 164
3469 165
3469 166
3469 167
3469 168
3469 169
3469 170
3469 171
3469 172
3469 173
3470 135
3470 136
3470 137
3470 138
3470 139
3470 140
3470 141
3470 142
3470 143
3470 144
3470 179
3470 180
3470 181
3470 182
3470 183
3470 184
3470 185
3470 186
3470 187
3471 150
3471 151
3471 152
3471 153
3471 154
3471 155
3471 156
3471 157
3471 158
3471 159
3471 160
3471 197
3471 198
3471 199
3471 200
3472 124
3472 125
3472 126
3472 127
3472 128
3472 165
3472 166
3472 167
3472 168
3472 169
3472 170
3472 171
3472 172
3472 173
3472 174
3472 175
3473 137
3473 138
3473 139
3473 140
3473 141
3473 142
3473 143
3473 144
3473 145
3473 146
3473 181
3473 182
3473 183
3473 184
3473 185
3473 186
3473 187
3473 188
3473 189
3474 152
3474 153
3474 154
3474 155
3474 156
3474 157
3474 158
3474 159
3474 160
3474 161
3474 162
3474 199
3474 200
3474 201
3474 202
3475 126
3475 127
3475 128
3475 129
3475 130
3475 131
3475 167
3475 168
3475 169
3475 170
3475 171
3475 172
3475 173
3475 174
3475 175
3475 176
3475 177
3476 139
3476 140
3476 141
3476 142
3476 143
3476 144
3476 145
3476 146
3476 147
3476 148
3476 184
3476 185
3476 186
3476 187
3476 188
3476 189
3476 190
3476 191
3477 154
3477 155
3477 156
3477 157
3477 158
3477 159
3477 160
3477 161
3477 162
3477 163
3477 164
3478 127
3478 128
3478 129
3478 130
3478 131
3478 132
3478 133
3478 169
3478 170
3478 171
3478 172
3478 173
3478 174
3478 175
3478 176
3478 177
3478 178
3478 179
3479 141
3479 142
3479 143
3479 144
3479 145
3479 146
3479 147
3479 148
3479 149
3479 150
3479 186
3479 187
3479 188
3479 189
3479 190
3479 191
3479 192
3479 193
3480 156
3480 157
3480 158
3480 159
3480 160
3480 161
3480 162
3480 163
3480 164
3480 165
3480 166
3481 129
3481 130
3481 131
3481 132
3481 133
3481 134
3481 135
3481 136
3481 172
3481 173
3481 174
3481 175
3481 176
3481 177
3481 178
3481 179
3481 180
3481 181
3482 143
3482 144
3482 145
3482 146
3482 147
3482 148
3482 149
3482 150
3482 151
3482 152
3482 188
3482 189
3482 190
3482 191
3482 192
3482 193
3482 194
3482 195
3483 158
3483 159
3483 160
3483 161
3483 162
3483 163
3483 164
3483 165
3483 166
3483 167
3483 168
3484 131
3484 132
3484 133
3484 134
3484 135
3484 136
3484 137
3484 138
3484 174
3484 175
3484 176
3484 177
3484 178
3484 179
3484 180
3484 181
3484 182
3484 183
3485 145
3485 146
3485 147
3485 148
3485 149
3485 150
3485 151
3485 152
3485 153
3485 154
3485 191
3485 192
3485 193
3485 194
3485 195
3485 196
3486 160
3486 161
3486 162
3486 163
3486 164
3486 165
3486 166
3486 167
3486 168
3486 169
3486 170
3487 133
3487 134
3487 135
3487 136
3487 137
3487 138
3487 139
3487 140
3487 176
3487 177
3487 178
3487 179
3487 180
3487 181
3487 182
3487 183
3487 184
3487 185
3488 147
3488 148
3488 149
3488 150
3488 151
3488 152
3488 153
3488 154
3488 155
3488 156
3488 157
3488 193
3488 194
3488 195
3488 196
3488 197
3488 198
3489 162
3489 163
3489 164
3489 165
3489 166
3489 167
3489 168
3489 169
3489 170
3489 171
3489 172
3490 134
3490 135
3490 136
3490 137
3490 138
3490 139
3490 140
3490 141
3490 142
3490 143
3490 178
3490 179
3490 180
3490 181
3490 182
3490 183
3490 184
3490 185
3490 186
3490 187
3491 149
3491 150
3491 151
3491 152
3491 153
3491 154
3491 155
3491 156
3491 157
3491 158
3491 159
3491 196
3491 197
3491 198
3491 199
3491 200
3492 124
3492 125
3492 126
3492 127
3492 164
3492 165
3492 166
3492 167
3492 168
3492 169
3492 170
3492 171
3492 172
3492 173
3492 174
3493 136
3493 137
3493 138
3493 139
3493 140
3493 141
3493 142
3493 143
3493 144
3493 145
3493 180
3493 181
3493 182
3493 183
3493 184
3493 185
3493 186
3493 187
3493 188
3494 151
3494 152
3494 153
3494 154
3494 155
3494 156
3494 157
3494 158
3494 159
3494 160
3494 161
3494 198
3494 199
3494 200
3494 201
3495 125
3495 126
3495 127
3495 128
3495 129
3495 130
3495 166
3495 167
3495 168
3495 169
3495 170
3495 171
3495 172
3495 173
3495 174
3495 175
3495 176
3496 138
3496 139
3496 140
3496 141
3496 142
3496 143
3496 144
3496 145
3496 146
3496 147
3496 183
3496 184
3496 185
3496 186
3496 187
3496 188
3496 189
3496 190
3497 153
3497 154
3497 155
3497 156
3497 157
3497 158
3497 159
3497 160
3497 161
3497 162
3497 163
3497 201
3497 202
3498 127
3498 128
3498 129
3498 130
3498 131
3498 132
3498 169
3498 170
3498 171
3498 172
3498 173
3498 174
3498 175
3498 176
3498 177
3498 178
3499 140
3499 141
3499 142
3499 143
3499 144
3499 145
3499 146
3499 147
3499 148
3499 149
3499 185
3499 186
3499 187
3499 188
3499 189
3499 190
3499 191
3499 192
3500 155
3500 156
3500 157
3500 158
3500 159
3500 160
3500 161
3500 162
3500 163
3500 164
3500 165
3501 129
3501 130
3501 131
3501 132
3501 133
3501 134
3501 135
3501 171
3501 172
3501 173
3501 174
3501 175
3501 176
3501 177
3501 178
3501 179
3501 180
3502 142
3502 143
3502 144
3502 145
3502 146
3502 147
3502 148
3502 149
3502 150
3502 151
3502 187
3502 188
3502 189
3502 190
3502 191
3502 192
3502 193
3502 194
3503 157
3503 158
3503 159
3503 160
3503 161
3503 162
3503 163
3503 164
3503 165
3503 166
3503 167
3504 130
3504 131
3504 132
3504 133
3504 134
3504 135
3504 136
3504 137
3504 173
3504 174
3504 175
3504 176
3504 177
3504 178
3504 179
3504 180
3504 181
3504 182
3505 144
3505 145
3505 146
3505 147
3505 148
3505 149
3505 150
3505 151
3505 152
3505 153
3505 154
3505 190
3505 191
3505 192
3505 193
3505 194
3505 195
3505 196
3506 159
3506 160
3506 161
3506 162
3506 163
3506 164
3506 165
3506 166
3506 167
3506 168
3506 169
3507 132
3507 133
3507 134
3507 135
3507 136
3507 137
3507 138
3507 139
3507 175
3507 176
3507 177
3507 178
3507 179
3507 180
3507 181
3507 182
3507 183
3507 184
3508 146
3508 147
3508 148
3508 149
3508 150
3508 151
3508 152
3508 153
3508 154
3508 155
3508 156
3508 192
3508 193
3508 194
3508 195
3508 196
3508 197
3509 161
3509 162
3509 163
3509 164
3509 165
3509 166
3509 167
3509 168
3509 169
3509 170
3509 171
3510 134
3510 135
3510 136
3510 137
3510 138
3510 139
3510 140
3510 141
3510 142
3510 177
3510 178
3510 179
3510 180
3510 181
3510 182
3510 183
3510 184
3510 185
3510 186
3511 148
3511 149
3511 150
3511 151
3511 152
3511 153
3511 154
3511 155
3511 156
3511 157
3511 158
3511 195
3511 196
3511 197
3511 198
3511 199
3512 125
3512 164
3512 165
3512 166
3512 167
3512 168
3512 169
3512 170
3512 171
3512 172
3512 173
3513 136
3513 137
3513 138
3513 139
3513 140
3513 141
3513 142
3513 143
3513 144
3513 180
3513 181
3513 182
3513 183
3513 184
3513 185
3513 186
3513 187
3513 188
3514 150
3514 151
3514 152
3514 153
3514 154
3514 155
3514 156
3514 157
3514 158
3514 159
3514 160
3514 197
3514 198
3514 199
3514 200
3514 201
3515 125
3515 126
3515 127
3515 128
3515 129
3515 166
3515 167
3515 168
3515 169
3515 170
3515 171
3515 172
3515 173
3515 174
3515 175
3516 138
3516 139
3516 140
3516 141
3516 142
3516 143
3516 144
3516 145
3516 146
3516 182
3516 183
3516 184
3516 185
3516 186
3516 187
3516 188
3516 189
3517 152
3517 153
3517 154
3517 155
3517 156
3517 157
3517 158
3517 159
3517 160
3517 161
3517 162
3517 200
3517 201
3517 202
3518 127
3518 128
3518 129
3518 130
3518 131
3518 168
3518 169
3518 170
3518 171
3518 172
3518 173
3518 174
3518 175
3518 176
3518 177
3519 140
3519 141
3519 142
3519 143
3519 144
3519 145
3519 146
3519 147
3519 148
3519 184
3519 185
3519 186
3519 187
3519 188
3519 189
3519 190
3519 191
3520 154
3520 155
3520 156
3520 157
3520 158
3520 159
3520 160
3520 161
3520 162
3520 163
3520 164
3521 128
3521 129
3521 130
3521 131
3521 132
3521 133
3521 134
3521 170
3521 171
3521 172
3521 173
3521 174
3521 175
3521 176
3521 177
3521 178
3521 179
3522 142
3522 143
3522 144
3522 145
3522 146
3522 147
3522 148
3522 149
3522 150
3522 151
3522 186
3522 187
3522 188
3522 189
3522 190
3522 191
3522 192
3522 193
3523 157
3523 158
3523 159
3523 160
3523 161
3523 162
3523 163
3523 164
3523 165
3523 166
3524 130
3524 131
3524 132
3524 133
3524 134
3524 135
3524 136
3524 172
3524 173
3524 174
3524 175
3524 176
3524 177
3524 178
3524 179
3524 180
3524 181
3525 144
3525 145
3525 146
3525 147
3525 148
3525 149
3525 150
3525 151
3525 152
3525 153
3525 189
3525 190
3525 191
3525 192
3525 193
3525 194
3525 195
3526 159
3526 160
3526 161
3526 162
3526 163
3526 164
3526 165
3526 166
3526 167
3526 168
3527 132
3527 133
3527 134
3527 135
3527 136
3527 137
3527 138
3527 139
3527 174
3527 175
3527 176
3527 177
3527 178
3527 179
3527 180
3527 181
3527 182
3527 183
3528 146
3528 147
3528 148
3528 149
3528 150
3528 151
3528 152
3528 153
3528 154
3528 155
3528 191
3528 192
3528 193
3528 194
3528 195
3528 196
3528 197
3529 161
3529 162
3529 163
3529 164
3529 165
3529 166
3529 167
3529 168
3529 169
3529 170
3530 134
3530 135
3530 136
3530 137
3530 138
3530 139
3530 140
3530 141
3530 177
3530 178
3530 179
3530 180
3530 181
3530 182
3530 183
3530 184
3530 185
3531 148
3531 149
3531 150
3531 151
3531 152
3531 153
3531 154
3531 155
3531 156
3531 157
3531 194
3531 195
3531 196
3531 197
3531 198
3532 163
3532 164
3532 165
3532 166
3532 167
3532 168
3532 169
3532 170
3532 171
3532 172
3533 136
3533 137
3533 138
3533 139
3533 140
3533 141
3533 142
3533 143
3533 179
3533 180
3533 181
3533 182
3533 183
3533 184
3533 185
3533 186
3533 187
3534 150
3534 151
3534 152
3534 153
3534 154
3534 155
3534 156
3534 157
3534 158
3534 159
3534 196
3534 197
3534 198
3534 199
3534 200
3535 126
3535 127
3535 165
3535 166
3535 167
3535 168
3535 169
3535 170
3535 171
3535 172
3535 173
3535 174
3536 137
3536 138
3536 139
3536 140
3536 141
3536 142
3536 143
3536 144
3536 145
3536 181
3536 182
3536 183
3536 184
3536 185
3536 186
3536 187
3536 188
3536 189
3537 152
3537 153
3537 154
3537 155
3537 156
3537 157
3537 158
3537 159
3537 160
3537 161
3537 199
3537 200
3537 201
3538 127
3538 128
3538 129
3538 130
3538 167
3538 168
3538 169
3538 170
3538 171
3538 172
3538 173
3538 174
3538 175
3538 176
3539 139
3539 140
3539 141
3539 142
3539 143
3539 144
3539 145
3539 146
3539 147
3539 183
3539 184
3539 185
3539 186
3539 187
3539 188
3539 189
3539 190
3540 154
3540 155
3540 156
3540 157
3540 158
3540 159
3540 160
3540 161
3540 162
3540 163
3541 128
3541 129
3541 130
3541 131
3541 132
3541 133
3541 169
3541 170
3541 171
3541 172
3541 173
3541 174
3541 175
3541 176
3541 177
3541 178
3542 141
3542 142
3542 143
3542 144
3542 145
3542 146
3542 147
3542 148
3542 149
3542 150
3542 186
3542 187
3542 188
3542 189
3542 190
3542 191
3542 192
3543 156
3543 157
3543 158
3543 159
3543 160
3543 161
3543 162
3543 163
3543 164
3543 165
3544 130
3544 131
3544 132
3544 133
3544 134
3544 135
3544 171
3544 172
3544 173
3544 174
3544 175
3544 176
3544 177
3544 178
3544 179
3544 180
3545 143
3545 144
3545 145
3545 146
3545 147
3545 148
3545 149
3545 150
3545 151
3545 152
3545 188
3545 189
3545 190
3545 191
3545 192
3545 193
3545 194
3546 158
3546 159
3546 160
3546 161
3546 162
3546 163
3546 164
3546 165
3546 166
3546 167
3547 132
3547 133
3547 134
3547 135
3547 136
3547 137
3547 174
3547 175
3547 176
3547 177
3547 178
3547 179
3547 180
3547 181
3547 182
3548 145
3548 146
3548 147
3548 148
3548 149
3548 150
3548 151
3548 152
3548 153
3548 154
3548 190
3548 191
3548 192
3548 193
3548 194
3548 195
3548 196
3549 160
3549 161
3549 162
3549 163
3549 164
3549 165
3549 166
3549 167
3549 168
3549 169
3550 133
3550 134
3550 135
3550 136
3550 137
3550 138
3550 139
3550 140
3550 176
3550 177
3550 178
3550 179
3550 180
3550 181
3550 182
3550 183
3550 184
3551 147
3551 148
3551 149
3551 150
3551 151
3551 152
3551 153
3551 154
3551 155
3551 156
3551 193
3551 194
3551 195
3551 196
3551 197
3552 162
3552 163
3552 164
3552 165
3552 166
3552 167
3552 168
3552 169
3552 170
3552 171
3553 135
3553 136
3553 137
3553 138
3553 139
3553 140
3553 141
3553 142
3553 178
3553 179
3553 180
3553 181
3553 182
3553 183
3553 184
3553 185
3553 186
3554 149
3554 150
3554 151
3554 152
3554 153
3554 154
3554 155
3554 156
3554 157
3554 158
3554 196
3554 197
3554 198
3554 199
3555 164
3555 165
3555 166
3555 167
3555 168
3555 169
3555 170
3555 171
3555 172
3555 173
3556 137
3556 138
3556 139
3556 140
3556 141
3556 142
3556 143
3556 144
3556 180
3556 181
3556 182
3556 183
3556 184
3556 185
3556 186
3556 187
3556 188
3557 151
3557 152
3557 153
3557 154
3557 155
3557 156
3557 157
3557 158
3557 159
3557 160
3557 199
3557 200
3558 127
3558 128
3558 167
3558 168
3558 169
3558 170
3558 171
3558 172
3558 173
3558 174
3558 175
3559 139
3559 140
3559 141
3559 142
3559 143
3559 144
3559 145
3559 146
3559 183
3559 184
3559 185
3559 186
3559 187
3559 188
3559 189
3560 153
3560 154
3560 155
3560 156
3560 157
3560 158
3560 159
3560 160
3560 161
3560 162
3561 128
3561 129
3561 130
3561 131
3561 169
3561 170
3561 171
3561 172
3561 173
3561 174
3561 175
3561 176
3561 177
3562 141
3562 142
3562 143
3562 144
3562 145
3562 146
3562 147
3562 148
3562 149
3562 185
3562 186
3562 187
3562 188
3562 189
3562 190
3562 191
3563 155
3563 156
3563 157
3563 158
3563 159
3563 160
3563 161
3563 162
3563 163
3563 164
3564 130
3564 131
3564 132
3564 133
3564 134
3564 171
3564 172
3564 173
3564 174
3564 175
3564 176
3564 177
3564 178
3564 179
3565 143
3565 144
3565 145
3565 146
3565 147
3565 148
3565 149
3565 150
3565 151
3565 187
3565 188
3565 189
3565 190
3565 191
3565 192
3565 193
3566 157
3566 158
3566 159
3566 160
3566 161
3566 162
3566 163
3566 164
3566 165
3566 166
3567 131
3567 132
3567 133
3567 134
3567 135
3567 136
3567 173
3567 174
3567 175
3567 176
3567 177
3567 178
3567 179
3567 180
3567 181
3568 145
3568 146
3568 147
3568 148
3568 149
3568 150
3568 151
3568 152
3568 153
3568 190
3568 191
3568 192
3568 193
3568 194
3568 195
3569 160
3569 161
3569 162
3569 163
3569 164
3569 165
3569 166
3569 167
3569 168
3570 133
3570 134
3570 135
3570 136
3570 137
3570 138
3570 139
3570 175
3570 176
3570 177
3570 178
3570 179
3570 180
3570 181
3570 182
3570 183
3571 147
3571 148
3571 149
3571 150
3571 151
3571 152
3571 153
3571 154
3571 155
3571 192
3571 193
3571 194
3571 195
3571 196
3572 162
3572 163
3572 164
3572 165
3572 166
3572 167
3572 168
3572 169
3572 170
3573 135
3573 136
3573 137
3573 138
3573 139
3573 140
3573 141
3573 177
3573 178
3573 179
3573 180
3573 181
3573 182
3573 183
3573 184
3573 185
3574 149
3574 150
3574 151
3574 152
3574 153
3574 154
3574 155
3574 156
3574 157
3574 195
3574 196
3574 197
3574 198
3575 164
3575 165
3575 166
3575 167
3575 168
3575 169
3575 170
3575 171
3575 172
3576 137
3576 138
3576 139
3576 140
3576 141
3576 142
3576 143
3576 180
3576 181
3576 182
3576 183
3576 184
3576 185
3576 186
3576 187
3577 151
3577 152
3577 153
3577 154
3577 155
3577 156
3577 157
3577 158
3577 159
3577 198
3578 166
3578 167
3578 168
3578 169
3578 170
3578 171
3578 172
3578 173
3578 174
3579 139
3579 140
3579 141
3579 142
3579 143
3579 144
3579 145
3579 182
3579 183
3579 184
3579 185
3579 186
3579 187
3579 188
3580 153
3580 154
3580 155
3580 156
3580 157
3580 158
3580 159
3580 160
3580 161
3581 129
3581 168
3581 169
3581 170
3581 171
3581 172
3581 173
3581 174
3581 175
3581 176
3582 141
3582 142
3582 143
3582 144
3582 145
3582 146
3582 147
3582 148
3582 184
3582 185
3582 186
3582 187
3582 188
3582 189
3582 190
3583 155
3583 156
3583 157
3583 158
3583 159
3583 160
3583 161
3583 162
3583 163
3584 130
3584 131
3584 132
3584 170
3584 171
3584 172
3584 173
3584 174
3584 175
3584 176
3584 177
3584 178
3585 142
3585 143
3585 144
3585 145
3585 146
3585 147
3585 148
3585 149
3585 150
3585 187
3585 188
3585 189
3585 190
3585 191
3585 192
3586 157
3586 158
3586 159
3586 160
3586 161
3586 162
3586 163
3586 164
3586 165
3587 131
3587 132
3587 133
3587 134
3587 135
3587 172
3587 173
3587 174
3587 175
3587 176
3587 177
3587 178
3587 179
3587 180
3588 144
3588 145
3588 146
3588 147
3588 148
3588 149
3588 150
3588 151
3588 152
3588 189
3588 190
3588 191
3588 192
3588 193
3589 159
3589 160
3589 161
3589 162
3589 163
3589 164
3589 165
3589 166
3589 167
3590 133
3590 134
3590 135
3590 136
3590 137
3590 175
3590 176
3590 177
3590 178
3590 179
3590 180
3590 181
3590 182
3591 146
3591 147
3591 148
3591 149
3591 150
3591 151
3591 152
3591 153
3591 154
3591 192
3591 193
3591 194
3591 195
3592 161
3592 162
3592 163
3592 164
3592 165
3592 166
3592 167
3592 168
3592 169
3593 135
3593 136
3593 137
3593 138
3593 139
3593 140
3593 177
3593 178
3593 179
3593 180
3593 181
3593 182
3593 183
3593 184
3594 148
3594 149
3594 150
3594 151
3594 152
3594 153
3594 154
3594 155
3594 156
3594 195
3594 196
3595 163
3595 164
3595 165
3595 166
3595 167
3595 168
3595 169
3595 170
3595 171
3596 137
3596 138
3596 139
3596 140
3596 141
3596 142
3596 179
3596 180
3596 181
3596 182
3596 183
3596 184
3596 185
3597 150
3597 151
3597 152
3597 153
3597 154
3597 155
3597 156
3597 157
3597 158
3598 165
3598 166
3598 167
3598 168
3598 169
3598 170
3598 171
3598 172
3598 173
3599 138
3599 139
3599 140
3599 141
3599 142
3599 143
3599 144
3599 181
3599 182
3599 183
3599 184
3599 185
3599 186
3599 187
3600 152
3600 153
3600 154
3600 155
3600 156
3600 157
3600 158
3600 159
3600 160
3601 168
3601 169
3601 170
3601 171
3601 172
3601 173
3601 174
3601 175
3602 140
3602 141
3602 142
3602 143
3602 144
3602 145
3602 146
3602 184
3602 185
3602 186
3602 187
3602 188
3602 189
3603 154
3603 155
3603 156
3603 157
3603 158
3603 159
3603 160
3603 161
3603 162
3604 170
3604 171
3604 172
3604 173
3604 174
3604 175
3604 176
3604 177
3605 142
3605 143
3605 144
3605 145
3605 146
3605 147
3605 148
3605 149
3605 186
3605 187
3605 188
3605 189
3605 190
3605 191
3606 157
3606 158
3606 159
3606 160
3606 161
3606 162
3606 163
3606 164
3607 132
3607 133
3607 172
3607 173
3607 174
3607 175
3607 176
3607 177
3607 178
3607 179
3608 144
3608 145
3608 146
3608 147
3608 148
3608 149
3608 150
3608 151
3608 189
3608 190
3608 191
3608 192
3609 159
3609 160
3609 161
3609 162
3609 163
3609 164
3609 165
3609 166
3610 133
3610 134
3610 135
3610 136
3610 174
3610 175
3610 176
3610 177
3610 178
3610 179
3610 180
3610 181
3611 146
3611 147
3611 148
3611 149
3611 150
3611 151
3611 152
3611 153
3611 192
3611 193
3612 161
3612 162
3612 163
3612 164
3612 165
3612 166
3612 167
3612 168
3613 135
3613 136
3613 137
3613 138
3613 176
3613 177
3613 178
3613 179
3613 180
3613 181
3613 182
3614 148
3614 149
3614 150
3614 151
3614 152
3614 153
3614 154
3614 155
3615 163
3615 164
3615 165
3615 166
3615 167
3615 168
3615 169
3615 170
3616 137
3616 138
3616 139
3616 140
3616 141
3616 179
3616 180
3616 181
3616 182
3616 183
3616 184
3617 150
3617 151
3617 152
3617 153
3617 154
3617 155
3617 156
3617 157
3618 165
3618 166
3618 167
3618 168
3618 169
3618 170
3618 171
3618 172
3619 138
3619 139
3619 140
3619 141
3619 142
3619 143
3619 181
3619 182
3619 183
3619 184
3619 185
3619 186
3620 152
3620 153
3620 154
3620 155
3620 156
3620 157
3620 158
3620 159
3621 167
3621 168
3621 169
3621 170
3621 171
3621 172
3621 173
3621 174
3622 140
3622 141
3622 142
3622 143
3622 144
3622 145
3622 183
3622 184
3622 185
3622 186
3622 187
3622 188
3623 154
3623 155
3623 156
3623 157
3623 158
3623 159
3623 160
3623 161
3624 169
3624 170
3624 171
3624 172
3624 173
3624 174
3624 175
3624 176
3625 142
3625 143
3625 144
3625 145
3625 146
3625 147
3625 186
3625 187
3625 188
3625 189
3626 156
3626 157
3626 158
3626 159
3626 160
3626 161
3626 162
3626 163
3627 172
3627 173
3627 174
3627 175
3627 176
3627 177
3628 144
3628 145
3628 146
3628 147
3628 148
3628 149
3628 189
3628 190
3629 158
3629 159
3629 160
3629 161
3629 162
3629 163
3629 164
3629 165
3630 174
3630 175
3630 176
3630 177
3630 178
3630 179
3631 146
3631 147
3631 148
3631 149
3631 150
3631 151
3632 160
3632 161
3632 162
3632 163
3632 164
3632 165
3632 166
3632 167
3633 136
3633 176
3633 177
3633 178
3633 179
3633 180
3633 181
3634 148
3634 149
3634 150
3634 151
3634 152
3634 153
3634 154
3635 163
3635 164
3635 165
3635 166
3635 167
3635 168
3635 169
3636 137
3636 138
3636 139
3636 178
3636 179
3636 180
3636 181
3636 182
3636 183
3637 150
3637 151
3637 152
3637 153
3637 154
3637 155
3637 156
3638 165
3638 166
3638 167
3638 168
3638 169
3638 170
3638 171
3639 139
3639 140
3639 141
3639 181
3639 182
3639 183
3639 184
3640 152
3640 153
3640 154
3640 155
3640 156
3640 157
3640 158
3641 167
3641 168
3641 169
3641 170
3641 171
3641 172
3642 140
3642 141
3642 142
3642 143
3642 144
3642 183
3642 184
3642 185
3642 186
3643 154
3643 155
3643 156
3643 157
3643 158
3643 159
3643 160
3644 169
3644 170
3644 171
3644 172
3644 173
3644 174
3645 142
3645 143
3645 144
3645 145
3645 146
3645 186
3645 187
3646 156
3646 157
3646 158
3646 159
3646 160
3646 161
3646 162
3647 171
3647 172
3647 173
3647 174
3647 175
3647 176
3648 144
3648 145
3648 146
3648 147
3648 148
3649 158
3649 159
3649 160
3649 161
3649 162
3649 163
3650 174
3650 175
3650 176
3650 177
3650 178
3651 146
3651 147
3651 148
3651 149
3651 150
3652 160
3652 161
3652 162
3652 163
3652 164
3652 165
3653 176
3653 177
3653 178
3653 179
3654 148
3654 149
3654 150
3654 151
3654 152
3655 162
3655 163
3655 164
3655 165
3655 166
3655 167
3656 179
3656 180
3656 181
3657 150
3657 151
3657 152
3657 153
3657 154
3658 165
3658 166
3658 167
3658 168
3658 169
3659 181
3659 182
3660 152
3660 153
3660 154
3660 155
3660 156
3661 167
3661 168
3661 169
3661 170
3661 171
3663 154
3663 155
3663 156
3663 157
3663 158
3664 169
3664 170
3664 171
3664 172
3664 173
3666 156
3666 157
3666 158
3666 159
3666 160
3667 171
3667 172
3667 173
3667 174
3668 145
3668 146
3669 158
3669 159
3669 160
3669 161
3669 162
3670 174
3670 175
3670 176
3671 147
3671 148
3672 160
3672 161
3672 162
3672 163
3672 164
3673 177
3674 149
3674 150
3675 163
3675 164
3675 165
3677 151
3677 152
3678 165
3678 166
3678 167
3680 153
3680 154
3681 167
3681 168
3681 169
3683 155
3683 156
3686 157
