184 1
187 2
1802 100
1803 100
1803 101
1804 100
1804 101
1805 100
1805 101
1805 102
1806 101
1806 102
1807 101
1807 102
1807 103
1808 101
1808 102
1808 103
1809 101
1809 102
1809 103
1809 104
1810 101
1810 102
1810 103
1810 104
1811 102
1811 103
1811 104
1811 105
1812 102
1812 103
1812 104
1812 105
1813 102
1813 103
1813 104
1813 105
1814 102
1814 103
1814 104
1814 105
1814 106
1815 103
1815 104
1815 105
1815 106
1816 103
1816 104
1816 105
1816 106
1816 107
1817 103
1817 104
1817 105
1817 106
1817 107
1818 103
1818 104
1818 105
1818 106
1818 107
1819 103
1819 104
1819 105
1819 106
1819 107
1819 108
1820 104
1820 105
1820 106
1820 107
1820 108
1821 104
1821 105
1821 106
1821 107
1821 108
1821 109
1822 104
1822 105
1822 106
1822 107
1822 108
1822 109
1823 105
1823 106
1823 107
1823 108
1823 109
1824 105
1824 106
1824 107
1824 108
1824 109
1824 110
1825 105
1825 106
1825 107
1825 108
1825 109
1825 110
1826 105
1826 106
1826 107
1826 108
1826 109
1826 110
1826 111
1827 106
1827 107
1827 108
1827 109
1827 110
1827 111
1828 106
1828 107
1828 108
1828 109
1828 110
1828 111
1829 106
1829 107
1829 108
1829 109
1829 110
1829 111
1829 112
1830 106
1830 107
1830 108
1830 109
1830 110
1830 111
1830 112
1831 107
1831 108
1831 109
1831 110
1831 111
1831 112
1832 107
1832 108
1832 109
1832 110
1832 111
1832 112
1832 113
1833 107
1833 108
1833 109
1833 110
1833 111
1833 112
1833 113
1834 108
1834 109
1834 110
1834 111
1834 112
1834 113
1834 114
1835 108
1835 109
1835 110
1835 111
1835 112
1835 113
1835 114
1836 108
1836 109
1836 110
1836 111
1836 112
1836 113
1836 114
1837 108
1837 109
1837 110
1837 111
1837 112
1837 113
1837 114
1837 115
1838 109
1838 110
1838 111
1838 112
1838 113
1838 114
1838 115
1839 109
1839 110
1839 111
1839 112
1839 113
1839 114
1839 115
1840 109
1840 110
1840 111
1840 112
1840 113
1840 114
1840 115
1840 116
1841 110
1841 111
1841 112
1841 113
1841 114
1841 115
1841 116
1842 110
1842 111
1842 112
1842 113
1842 114
1842 115
1842 116
1843 110
1843 111
1843 112
1843 113
1843 114
1843 115
1843 116
1843 117
1844 110
1844 111
1844 112
1844 113
1844 114
1844 115
1844 116
1844 117
1845 111
1845 112
1845 113
1845 114
1845 115
1845 116
1845 117
1846 111
1846 112
1846 113
1846 114
1846 115
1846 116
1846 117
1846 118
1847 111
1847 112
1847 113
1847 114
1847 115
1847 116
1847 117
1847 118
1848 112
1848 113
1848 114
1848 115
1848 116
1848 117
1848 118
1848 119
1849 112
1849 113
1849 114
1849 115
1849 116
1849 117
1849 118
1849 119
1850 112
1850 113
1850 114
1850 115
1850 116
1850 117
1850 118
1850 119
1851 113
1851 114
1851 115
1851 116
1851 117
1851 118
1851 119
1851 120
1852 113
1852 114
1852 115
1852 116
1852 117
1852 118
1852 119
1852 120
1853 113
1853 114
1853 115
1853 116
1853 117
1853 118
1853 119
1853 120
1854 113
1854 114
1854 115
1854 116
1854 117
1854 118
1854 119
1854 120
1854 121
1855 114
1855 115
1855 116
1855 117
1855 118
1855 119
1855 120
1855 121
1856 114
1856 115
1856 116
1856 117
1856 118
1856 119
1856 120
1856 121
1857 114
1857 115
1857 116
1857 117
1857 118
1857 119
1857 120
1857 121
1857 122
1858 115
1858 116
1858 117
1858 118
1858 119
1858 120
1858 121
1858 122
1859 115
1859 116
1859 117
1859 118
1859 119
1859 120
1859 121
1859 122
1860 115
1860 116
1860 117
1860 118
1860 119
1860 120
1860 121
1860 122
1860 123
1861 116
1861 117
1861 118
1861 119
1861 120
1861 121
1861 122
1861 123
1862 116
1862 117
1862 118
1862 119
1862 120
1862 121
1862 122
1862 123
1863 116
1863 117
1863 118
1863 119
1863 120
1863 121
1863 122
1863 123
1863 124
1864 117
1864 118
1864 119
1864 120
1864 121
1864 122
1864 123
1864 124
1865 117
1865 118
1865 119
1865 120
1865 121
1865 122
1865 123
1865 124
1866 117
1866 118
1866 119
1866 120
1866 121
1866 122
1866 123
1866 124
1866 125
1867 118
1867 119
1867 120
1867 121
1867 122
1867 123
1867 124
1867 125
1868 118
1868 119
1868 120
1868 121
1868 122
1868 123
1868 124
1868 125
1868 126
1869 118
1869 119
1869 120
1869 121
1869 122
1869 123
1869 124
1869 125
1869 126
1870 119
1870 120
1870 121
1870 122
1870 123
1870 124
1870 125
1870 126
1871 119
1871 120
1871 121
1871 122
1871 123
1871 124
1871 125
1871 126
1871 127
1872 119
1872 120
1872 121
1872 122
1872 123
1872 124
1872 125
1872 126
1872 127
1873 75
1873 119
1873 120
1873 121
1873 122
1873 123
1873 124
1873 125
1873 126
1873 127
1874 75
1874 76
1874 120
1874 121
1874 122
1874 123
1874 124
1874 125
1874 126
1874 127
1874 128
1875 75
1875 76
1875 120
1875 121
1875 122
1875 123
1875 124
1875 125
1875 126
1875 127
1875 128
1876 75
1876 76
1876 77
1876 120
1876 121
1876 122
1876 123
1876 124
1876 125
1876 126
1876 127
1876 128
1877 75
1877 76
1877 77
1877 121
1877 122
1877 123
1877 124
1877 125
1877 126
1877 127
1877 128
1877 129
1878 75
1878 76
1878 77
1878 78
1878 121
1878 122
1878 123
1878 124
1878 125
1878 126
1878 127
1878 128
1878 129
1879 75
1879 76
1879 77
1879 78
1879 121
1879 122
1879 123
1879 124
1879 125
1879 126
1879 127
1879 128
1879 129
1880 76
1880 77
1880 78
1880 79
1880 122
1880 123
1880 124
1880 125
1880 126
1880 127
1880 128
1880 129
1880 130
1881 76
1881 77
1881 78
1881 79
1881 122
1881 123
1881 124
1881 125
1881 126
1881 127
1881 128
1881 129
1881 130
1882 76
1882 77
1882 78
1882 79
1882 80
1882 122
1882 123
1882 124
1882 125
1882 126
1882 127
1882 128
1882 129
1882 130
1883 76
1883 77
1883 78
1883 79
1883 80
1883 123
1883 124
1883 125
1883 126
1883 127
1883 128
1883 129
1883 130
1883 131
1884 76
1884 77
1884 78
1884 79
1884 80
1884 81
1884 123
1884 124
1884 125
1884 126
1884 127
1884 128
1884 129
1884 130
1884 131
1885 77
1885 78
1885 79
1885 80
1885 81
1885 123
1885 124
1885 125
1885 126
1885 127
1885 128
1885 129
1885 130
1885 131
1886 77
1886 78
1886 79
1886 80
1886 81
1886 124
1886 125
1886 126
1886 127
1886 128
1886 129
1886 130
1886 131
1886 132
1887 77
1887 78
1887 79
1887 80
1887 81
1887 82
1887 124
1887 125
1887 126
1887 127
1887 128
1887 129
1887 130
1887 131
1887 132
1888 77
1888 78
1888 79
1888 80
1888 81
1888 82
1888 124
1888 125
1888 126
1888 127
1888 128
1888 129
1888 130
1888 131
1888 132
1889 78
1889 79
1889 80
1889 81
1889 82
1889 83
1889 125
1889 126
1889 127
1889 128
1889 129
1889 130
1889 131
1889 132
1889 133
1890 78
1890 79
1890 80
1890 81
1890 82
1890 83
1890 125
1890 126
1890 127
1890 128
1890 129
1890 130
1890 131
1890 132
1890 133
1891 78
1891 79
1891 80
1891 81
1891 82
1891 83
1891 125
1891 126
1891 127
1891 128
1891 129
1891 130
1891 131
1891 132
1891 133
1892 78
1892 79
1892 80
1892 81
1892 82
1892 83
1892 84
1892 126
1892 127
1892 128
1892 129
1892 130
1892 131
1892 132
1892 133
1892 134
1893 78
1893 79
1893 80
1893 81
1893 82
1893 83
1893 84
1893 126
1893 127
1893 128
1893 129
1893 130
1893 131
1893 132
1893 133
1893 134
1894 79
1894 80
1894 81
1894 82
1894 83
1894 84
1894 85
1894 126
1894 127
1894 128
1894 129
1894 130
1894 131
1894 132
1894 133
1894 134
1895 79
1895 80
1895 81
1895 82
1895 83
1895 84
1895 85
1895 127
1895 128
1895 129
1895 130
1895 131
1895 132
1895 133
1895 134
1895 135
1896 79
1896 80
1896 81
1896 82
1896 83
1896 84
1896 85
1896 127
1896 128
1896 129
1896 130
1896 131
1896 132
1896 133
1896 134
1896 135
1897 79
1897 80
1897 81
1897 82
1897 83
1897 84
1897 85
1897 86
1897 127
1897 128
1897 129
1897 130
1897 131
1897 132
1897 133
1897 134
1897 135
1898 80
1898 81
1898 82
1898 83
1898 84
1898 85
1898 86
1898 128
1898 129
1898 130
1898 131
1898 132
1898 133
1898 134
1898 135
1898 136
1899 80
1899 81
1899 82
1899 83
1899 84
1899 85
1899 86
1899 87
1899 128
1899 129
1899 130
1899 131
1899 132
1899 133
1899 134
1899 135
1899 136
1900 80
1900 81
1900 82
1900 83
1900 84
1900 85
1900 86
1900 87
1900 128
1900 129
1900 130
1900 131
1900 132
1900 133
1900 134
1900 135
1900 136
1901 81
1901 82
1901 83
1901 84
1901 85
1901 86
1901 87
1901 129
1901 130
1901 131
1901 132
1901 133
1901 134
1901 135
1901 136
1901 137
1902 81
1902 82
1902 83
1902 84
1902 85
1902 86
1902 87
1902 88
1902 129
1902 130
1902 131
1902 132
1902 133
1902 134
1902 135
1902 136
1902 137
1903 81
1903 82
1903 83
1903 84
1903 85
1903 86
1903 87
1903 88
1903 129
1903 130
1903 131
1903 132
1903 133
1903 134
1903 135
1903 136
1903 137
1904 81
1904 82
1904 83
1904 84
1904 85
1904 86
1904 87
1904 88
1904 130
1904 131
1904 132
1904 133
1904 134
1904 135
1904 136
1904 137
1904 138
1905 82
1905 83
1905 84
1905 85
1905 86
1905 87
1905 88
1905 89
1905 130
1905 131
1905 132
1905 133
1905 134
1905 135
1905 136
1905 137
1905 138
1906 82
1906 83
1906 84
1906 85
1906 86
1906 87
1906 88
1906 89
1906 130
1906 131
1906 132
1906 133
1906 134
1906 135
1906 136
1906 137
1906 138
1907 82
1907 83
1907 84
1907 85
1907 86
1907 87
1907 88
1907 89
1907 131
1907 132
1907 133
1907 134
1907 135
1907 136
1907 137
1907 138
1907 139
1908 82
1908 83
1908 84
1908 85
1908 86
1908 87
1908 88
1908 89
1908 90
1908 131
1908 132
1908 133
1908 134
1908 135
1908 136
1908 137
1908 138
1908 139
1909 83
1909 84
1909 85
1909 86
1909 87
1909 88
1909 89
1909 90
1909 132
1909 133
1909 134
1909 135
1909 136
1909 137
1909 138
1909 139
1910 83
1910 84
1910 85
1910 86
1910 87
1910 88
1910 89
1910 90
1910 91
1910 132
1910 133
1910 134
1910 135
1910 136
1910 137
1910 138
1910 139
1910 140
1911 83
1911 84
1911 85
1911 86
1911 87
1911 88
1911 89
1911 90
1911 91
1911 132
1911 133
1911 134
1911 135
1911 136
1911 137
1911 138
1911 139
1911 140
1912 84
1912 85
1912 86
1912 87
1912 88
1912 89
1912 90
1912 91
1912 133
1912 134
1912 135
1912 136
1912 137
1912 138
1912 139
1912 140
1913 84
1913 85
1913 86
1913 87
1913 88
1913 89
1913 90
1913 91
1913 92
1913 133
1913 134
1913 135
1913 136
1913 137
1913 138
1913 139
1913 140
1913 141
1914 84
1914 85
1914 86
1914 87
1914 88
1914 89
1914 90
1914 91
1914 92
1914 133
1914 134
1914 135
1914 136
1914 137
1914 138
1914 139
1914 140
1914 141
1915 84
1915 85
1915 86
1915 87
1915 88
1915 89
1915 90
1915 91
1915 92
1915 134
1915 135
1915 136
1915 137
1915 138
1915 139
1915 140
1915 141
1916 85
1916 86
1916 87
1916 88
1916 89
1916 90
1916 91
1916 92
1916 93
1916 134
1916 135
1916 136
1916 137
1916 138
1916 139
1916 140
1916 141
1916 142
1917 85
1917 86
1917 87
1917 88
1917 89
1917 90
1917 91
1917 92
1917 93
1917 134
1917 135
1917 136
1917 137
1917 138
1917 139
1917 140
1917 141
1917 142
1918 85
1918 86
1918 87
1918 88
1918 89
1918 90
1918 91
1918 92
1918 93
1918 135
1918 136
1918 137
1918 138
1918 139
1918 140
1918 141
1918 142
1919 86
1919 87
1919 88
1919 89
1919 90
1919 91
1919 92
1919 93
1919 94
1919 135
1919 136
1919 137
1919 138
1919 139
1919 140
1919 141
1919 142
1919 143
1920 86
1920 87
1920 88
1920 89
1920 90
1920 91
1920 92
1920 93
1920 94
1920 135
1920 136
1920 137
1920 138
1920 139
1920 140
1920 141
1920 142
1920 143
1921 86
1921 87
1921 88
1921 89
1921 90
1921 91
1921 92
1921 93
1921 94
1921 95
1921 136
1921 137
1921 138
1921 139
1921 140
1921 141
1921 142
1921 143
1922 86
1922 87
1922 88
1922 89
1922 90
1922 91
1922 92
1922 93
1922 94
1922 95
1922 136
1922 137
1922 138
1922 139
1922 140
1922 141
1922 142
1922 143
1922 144
1923 87
1923 88
1923 89
1923 90
1923 91
1923 92
1923 93
1923 94
1923 95
1923 136
1923 137
1923 138
1923 139
1923 140
1923 141
1923 142
1923 143
1923 144
1924 87
1924 88
1924 89
1924 90
1924 91
1924 92
1924 93
1924 94
1924 95
1924 96
1924 137
1924 138
1924 139
1924 140
1924 141
1924 142
1924 143
1924 144
1925 87
1925 88
1925 89
1925 90
1925 91
1925 92
1925 93
1925 94
1925 95
1925 96
1925 137
1925 138
1925 139
1925 140
1925 141
1925 142
1925 143
1925 144
1925 145
1926 88
1926 89
1926 90
1926 91
1926 92
1926 93
1926 94
1926 95
1926 96
1926 138
1926 139
1926 140
1926 141
1926 142
1926 143
1926 144
1926 145
1927 88
1927 89
1927 90
1927 91
1927 92
1927 93
1927 94
1927 95
1927 96
1927 97
1927 138
1927 139
1927 140
1927 141
1927 142
1927 143
1927 144
1927 145
1928 88
1928 89
1928 90
1928 91
1928 92
1928 93
1928 94
1928 95
1928 96
1928 97
1928 138
1928 139
1928 140
1928 141
1928 142
1928 143
1928 144
1928 145
1928 146
1929 88
1929 89
1929 90
1929 91
1929 92
1929 93
1929 94
1929 95
1929 96
1929 97
1929 139
1929 140
1929 141
1929 142
1929 143
1929 144
1929 145
1929 146
1930 89
1930 90
1930 91
1930 92
1930 93
1930 94
1930 95
1930 96
1930 97
1930 98
1930 139
1930 140
1930 141
1930 142
1930 143
1930 144
1930 145
1930 146
1931 89
1931 90
1931 91
1931 92
1931 93
1931 94
1931 95
1931 96
1931 97
1931 98
1931 139
1931 140
1931 141
1931 142
1931 143
1931 144
1931 145
1931 146
1931 147
1932 89
1932 90
1932 91
1932 92
1932 93
1932 94
1932 95
1932 96
1932 97
1932 98
1932 140
1932 141
1932 142
1932 143
1932 144
1932 145
1932 146
1932 147
1933 90
1933 91
1933 92
1933 93
1933 94
1933 95
1933 96
1933 97
1933 98
1933 99
1933 140
1933 141
1933 142
1933 143
1933 144
1933 145
1933 146
1933 147
1934 90
1934 91
1934 92
1934 93
1934 94
1934 95
1934 96
1934 97
1934 98
1934 99
1934 140
1934 141
1934 142
1934 143
1934 144
1934 145
1934 146
1934 147
1934 148
1935 90
1935 91
1935 92
1935 93
1935 94
1935 95
1935 96
1935 97
1935 98
1935 99
1935 141
1935 142
1935 143
1935 144
1935 145
1935 146
1935 147
1935 148
1936 91
1936 92
1936 93
1936 94
1936 95
1936 96
1936 97
1936 98
1936 99
1936 100
1936 141
1936 142
1936 143
1936 144
1936 145
1936 146
1936 147
1936 148
1937 91
1937 92
1937 93
1937 94
1937 95
1937 96
1937 97
1937 98
1937 99
1937 100
1937 142
1937 143
1937 144
1937 145
1937 146
1937 147
1937 148
1937 149
1938 91
1938 92
1938 93
1938 94
1938 95
1938 96
1938 97
1938 98
1938 99
1938 100
1938 101
1938 142
1938 143
1938 144
1938 145
1938 146
1938 147
1938 148
1938 149
1939 91
1939 92
1939 93
1939 94
1939 95
1939 96
1939 97
1939 98
1939 99
1939 100
1939 101
1939 142
1939 143
1939 144
1939 145
1939 146
1939 147
1939 148
1939 149
1940 92
1940 93
1940 94
1940 95
1940 96
1940 97
1940 98
1940 99
1940 100
1940 101
1940 143
1940 144
1940 145
1940 146
1940 147
1940 148
1940 149
1940 150
1941 92
1941 93
1941 94
1941 95
1941 96
1941 97
1941 98
1941 99
1941 100
1941 101
1941 102
1941 143
1941 144
1941 145
1941 146
1941 147
1941 148
1941 149
1941 150
1942 92
1942 93
1942 94
1942 95
1942 96
1942 97
1942 98
1942 99
1942 100
1942 101
1942 102
1942 143
1942 144
1942 145
1942 146
1942 147
1942 148
1942 149
1942 150
1943 93
1943 94
1943 95
1943 96
1943 97
1943 98
1943 99
1943 100
1943 101
1943 102
1943 144
1943 145
1943 146
1943 147
1943 148
1943 149
1943 150
1943 151
1944 93
1944 94
1944 95
1944 96
1944 97
1944 98
1944 99
1944 100
1944 101
1944 102
1944 103
1944 144
1944 145
1944 146
1944 147
1944 148
1944 149
1944 150
1944 151
1945 93
1945 94
1945 95
1945 96
1945 97
1945 98
1945 99
1945 100
1945 101
1945 102
1945 103
1945 145
1945 146
1945 147
1945 148
1945 149
1945 150
1945 151
1946 94
1946 95
1946 96
1946 97
1946 98
1946 99
1946 100
1946 101
1946 102
1946 103
1946 145
1946 146
1946 147
1946 148
1946 149
1946 150
1946 151
1947 94
1947 95
1947 96
1947 97
1947 98
1947 99
1947 100
1947 101
1947 102
1947 103
1947 104
1947 145
1947 146
1947 147
1947 148
1947 149
1947 150
1947 151
1947 152
1948 94
1948 95
1948 96
1948 97
1948 98
1948 99
1948 100
1948 101
1948 102
1948 103
1948 104
1948 146
1948 147
1948 148
1948 149
1948 150
1948 151
1948 152
1949 95
1949 96
1949 97
1949 98
1949 99
1949 100
1949 101
1949 102
1949 103
1949 104
1949 146
1949 147
1949 148
1949 149
1949 150
1949 151
1949 152
1950 95
1950 96
1950 97
1950 98
1950 99
1950 100
1950 101
1950 102
1950 103
1950 104
1950 105
1950 146
1950 147
1950 148
1950 149
1950 150
1950 151
1950 152
1950 153
1951 95
1951 96
1951 97
1951 98
1951 99
1951 100
1951 101
1951 102
1951 103
1951 104
1951 105
1951 147
1951 148
1951 149
1951 150
1951 151
1951 152
1951 153
1952 95
1952 96
1952 97
1952 98
1952 99
1952 100
1952 101
1952 102
1952 103
1952 104
1952 105
1952 147
1952 148
1952 149
1952 150
1952 151
1952 152
1952 153
1953 96
1953 97
1953 98
1953 99
1953 100
1953 101
1953 102
1953 103
1953 104
1953 105
1953 106
1953 148
1953 149
1953 150
1953 151
1953 152
1953 153
1953 154
1954 96
1954 97
1954 98
1954 99
1954 100
1954 101
1954 102
1954 103
1954 104
1954 105
1954 106
1954 148
1954 149
1954 150
1954 151
1954 152
1954 153
1954 154
1955 96
1955 97
1955 98
1955 99
1955 100
1955 101
1955 102
1955 103
1955 104
1955 105
1955 106
1955 148
1955 149
1955 150
1955 151
1955 152
1955 153
1955 154
1956 97
1956 98
1956 99
1956 100
1956 101
1956 102
1956 103
1956 104
1956 105
1956 106
1956 107
1956 149
1956 150
1956 151
1956 152
1956 153
1956 154
1956 155
1957 97
1957 98
1957 99
1957 100
1957 101
1957 102
1957 103
1957 104
1957 105
1957 106
1957 107
1957 149
1957 150
1957 151
1957 152
1957 153
1957 154
1957 155
1958 97
1958 98
1958 99
1958 100
1958 101
1958 102
1958 103
1958 104
1958 105
1958 106
1958 107
1958 150
1958 151
1958 152
1958 153
1958 154
1958 155
1959 98
1959 99
1959 100
1959 101
1959 102
1959 103
1959 104
1959 105
1959 106
1959 107
1959 108
1959 150
1959 151
1959 152
1959 153
1959 154
1959 155
1959 156
1960 98
1960 99
1960 100
1960 101
1960 102
1960 103
1960 104
1960 105
1960 106
1960 107
1960 108
1960 150
1960 151
1960 152
1960 153
1960 154
1960 155
1960 156
1961 98
1961 99
1961 100
1961 101
1961 102
1961 103
1961 104
1961 105
1961 106
1961 107
1961 108
1961 151
1961 152
1961 153
1961 154
1961 155
1961 156
1962 99
1962 100
1962 101
1962 102
1962 103
1962 104
1962 105
1962 106
1962 107
1962 108
1962 109
1962 151
1962 152
1962 153
1962 154
1962 155
1962 156
1962 157
1963 99
1963 100
1963 101
1963 102
1963 103
1963 104
1963 105
1963 106
1963 107
1963 108
1963 109
1963 151
1963 152
1963 153
1963 154
1963 155
1963 156
1963 157
1964 99
1964 100
1964 101
1964 102
1964 103
1964 104
1964 105
1964 106
1964 107
1964 108
1964 109
1964 152
1964 153
1964 154
1964 155
1964 156
1964 157
1965 100
1965 101
1965 102
1965 103
1965 104
1965 105
1965 106
1965 107
1965 108
1965 109
1965 110
1965 152
1965 153
1965 154
1965 155
1965 156
1965 157
1966 100
1966 101
1966 102
1966 103
1966 104
1966 105
1966 106
1966 107
1966 108
1966 109
1966 110
1966 153
1966 154
1966 155
1966 156
1966 157
1966 158
1967 100
1967 101
1967 102
1967 103
1967 104
1967 105
1967 106
1967 107
1967 108
1967 109
1967 110
1967 153
1967 154
1967 155
1967 156
1967 157
1967 158
1968 101
1968 102
1968 103
1968 104
1968 105
1968 106
1968 107
1968 108
1968 109
1968 110
1968 111
1968 154
1968 155
1968 156
1968 157
1968 158
1969 101
1969 102
1969 103
1969 104
1969 105
1969 106
1969 107
1969 108
1969 109
1969 110
1969 111
1969 154
1969 155
1969 156
1969 157
1969 158
1969 159
1970 101
1970 102
1970 103
1970 104
1970 105
1970 106
1970 107
1970 108
1970 109
1970 110
1970 111
1970 154
1970 155
1970 156
1970 157
1970 158
1970 159
1971 102
1971 103
1971 104
1971 105
1971 106
1971 107
1971 108
1971 109
1971 110
1971 111
1971 112
1971 155
1971 156
1971 157
1971 158
1971 159
1972 102
1972 103
1972 104
1972 105
1972 106
1972 107
1972 108
1972 109
1972 110
1972 111
1972 112
1972 155
1972 156
1972 157
1972 158
1972 159
1972 160
1973 102
1973 103
1973 104
1973 105
1973 106
1973 107
1973 108
1973 109
1973 110
1973 111
1973 112
1973 156
1973 157
1973 158
1973 159
1973 160
1974 103
1974 104
1974 105
1974 106
1974 107
1974 108
1974 109
1974 110
1974 111
1974 112
1974 113
1974 156
1974 157
1974 158
1974 159
1974 160
1975 103
1975 104
1975 105
1975 106
1975 107
1975 108
1975 109
1975 110
1975 111
1975 112
1975 113
1975 156
1975 157
1975 158
1975 159
1975 160
1976 103
1976 104
1976 105
1976 106
1976 107
1976 108
1976 109
1976 110
1976 111
1976 112
1976 113
1976 157
1976 158
1976 159
1976 160
1976 161
1977 104
1977 105
1977 106
1977 107
1977 108
1977 109
1977 110
1977 111
1977 112
1977 113
1977 114
1977 157
1977 158
1977 159
1977 160
1977 161
1978 104
1978 105
1978 106
1978 107
1978 108
1978 109
1978 110
1978 111
1978 112
1978 113
1978 114
1978 158
1978 159
1978 160
1978 161
1979 104
1979 105
1979 106
1979 107
1979 108
1979 109
1979 110
1979 111
1979 112
1979 113
1979 114
1979 158
1979 159
1979 160
1979 161
1979 162
1980 105
1980 106
1980 107
1980 108
1980 109
1980 110
1980 111
1980 112
1980 113
1980 114
1980 115
1980 159
1980 160
1980 161
1980 162
1981 105
1981 106
1981 107
1981 108
1981 109
1981 110
1981 111
1981 112
1981 113
1981 114
1981 115
1981 159
1981 160
1981 161
1981 162
1982 105
1982 106
1982 107
1982 108
1982 109
1982 110
1982 111
1982 112
1982 113
1982 114
1982 115
1982 160
1982 161
1982 162
1983 106
1983 107
1983 108
1983 109
1983 110
1983 111
1983 112
1983 113
1983 114
1983 115
1983 116
1983 160
1983 161
1983 162
1983 163
1984 106
1984 107
1984 108
1984 109
1984 110
1984 111
1984 112
1984 113
1984 114
1984 115
1984 116
1984 160
1984 161
1984 162
1984 163
1985 106
1985 107
1985 108
1985 109
1985 110
1985 111
1985 112
1985 113
1985 114
1985 115
1985 116
1985 161
1985 162
1985 163
1986 107
1986 108
1986 109
1986 110
1986 111
1986 112
1986 113
1986 114
1986 115
1986 116
1986 117
1986 161
1986 162
1986 163
1987 63
1987 107
1987 108
1987 109
1987 110
1987 111
1987 112
1987 113
1987 114
1987 115
1987 116
1987 117
1987 162
1987 163
1987 164
1988 63
1988 107
1988 108
1988 109
1988 110
1988 111
1988 112
1988 113
1988 114
1988 115
1988 116
1988 117
1988 162
1988 163
1988 164
1989 63
1989 64
1989 108
1989 109
1989 110
1989 111
1989 112
1989 113
1989 114
1989 115
1989 116
1989 117
1989 118
1989 163
1989 164
1990 63
1990 64
1990 65
1990 108
1990 109
1990 110
1990 111
1990 112
1990 113
1990 114
1990 115
1990 116
1990 117
1990 118
1990 164
1991 63
1991 64
1991 65
1991 108
1991 109
1991 110
1991 111
1991 112
1991 113
1991 114
1991 115
1991 116
1991 117
1991 118
1991 164
1992 63
1992 64
1992 65
1992 66
1992 109
1992 110
1992 111
1992 112
1992 113
1992 114
1992 115
1992 116
1992 117
1992 118
1992 119
1993 63
1993 64
1993 65
1993 66
1993 109
1993 110
1993 111
1993 112
1993 113
1993 114
1993 115
1993 116
1993 117
1993 118
1993 119
1994 63
1994 64
1994 65
1994 66
1994 109
1994 110
1994 111
1994 112
1994 113
1994 114
1994 115
1994 116
1994 117
1994 118
1994 119
1995 64
1995 65
1995 66
1995 67
1995 110
1995 111
1995 112
1995 113
1995 114
1995 115
1995 116
1995 117
1995 118
1995 119
1995 120
1996 64
1996 65
1996 66
1996 67
1996 110
1996 111
1996 112
1996 113
1996 114
1996 115
1996 116
1996 117
1996 118
1996 119
1996 120
1997 64
1997 65
1997 66
1997 67
1997 68
1997 110
1997 111
1997 112
1997 113
1997 114
1997 115
1997 116
1997 117
1997 118
1997 119
1997 120
1998 64
1998 65
1998 66
1998 67
1998 68
1998 111
1998 112
1998 113
1998 114
1998 115
1998 116
1998 117
1998 118
1998 119
1998 120
1998 121
1999 65
1999 66
1999 67
1999 68
1999 69
1999 111
1999 112
1999 113
1999 114
1999 115
1999 116
1999 117
1999 118
1999 119
1999 120
1999 121
2000 65
2000 66
2000 67
2000 68
2000 69
2000 111
2000 112
2000 113
2000 114
2000 115
2000 116
2000 117
2000 118
2000 119
2000 120
2000 121
2001 65
2001 66
2001 67
2001 68
2001 69
2001 112
2001 113
2001 114
2001 115
2001 116
2001 117
2001 118
2001 119
2001 120
2001 121
2001 122
2002 65
2002 66
2002 67
2002 68
2002 69
2002 70
2002 112
2002 113
2002 114
2002 115
2002 116
2002 117
2002 118
2002 119
2002 120
2002 121
2002 122
2003 65
2003 66
2003 67
2003 68
2003 69
2003 70
2003 112
2003 113
2003 114
2003 115
2003 116
2003 117
2003 118
2003 119
2003 120
2003 121
2003 122
2004 66
2004 67
2004 68
2004 69
2004 70
2004 71
2004 113
2004 114
2004 115
2004 116
2004 117
2004 118
2004 119
2004 120
2004 121
2004 122
2004 123
2005 66
2005 67
2005 68
2005 69
2005 70
2005 71
2005 113
2005 114
2005 115
2005 116
2005 117
2005 118
2005 119
2005 120
2005 121
2005 122
2005 123
2006 66
2006 67
2006 68
2006 69
2006 70
2006 71
2006 113
2006 114
2006 115
2006 116
2006 117
2006 118
2006 119
2006 120
2006 121
2006 122
2006 123
2007 66
2007 67
2007 68
2007 69
2007 70
2007 71
2007 72
2007 114
2007 115
2007 116
2007 117
2007 118
2007 119
2007 120
2007 121
2007 122
2007 123
2007 124
2008 67
2008 68
2008 69
2008 70
2008 71
2008 72
2008 114
2008 115
2008 116
2008 117
2008 118
2008 119
2008 120
2008 121
2008 122
2008 123
2008 124
2009 67
2009 68
2009 69
2009 70
2009 71
2009 72
2009 73
2009 114
2009 115
2009 116
2009 117
2009 118
2009 119
2009 120
2009 121
2009 122
2009 123
2009 124
2010 67
2010 68
2010 69
2010 70
2010 71
2010 72
2010 73
2010 115
2010 116
2010 117
2010 118
2010 119
2010 120
2010 121
2010 122
2010 123
2010 124
2010 125
2011 68
2011 69
2011 70
2011 71
2011 72
2011 73
2011 115
2011 116
2011 117
2011 118
2011 119
2011 120
2011 121
2011 122
2011 123
2011 124
2011 125
2012 68
2012 69
2012 70
2012 71
2012 72
2012 73
2012 74
2012 115
2012 116
2012 117
2012 118
2012 119
2012 120
2012 121
2012 122
2012 123
2012 124
2012 125
2013 68
2013 69
2013 70
2013 71
2013 72
2013 73
2013 74
2013 116
2013 117
2013 118
2013 119
2013 120
2013 121
2013 122
2013 123
2013 124
2013 125
2013 126
2014 68
2014 69
2014 70
2014 71
2014 72
2014 73
2014 74
2014 116
2014 117
2014 118
2014 119
2014 120
2014 121
2014 122
2014 123
2014 124
2014 125
2014 126
2015 69
2015 70
2015 71
2015 72
2015 73
2015 74
2015 75
2015 116
2015 117
2015 118
2015 119
2015 120
2015 121
2015 122
2015 123
2015 124
2015 125
2015 126
2016 69
2016 70
2016 71
2016 72
2016 73
2016 74
2016 75
2016 117
2016 118
2016 119
2016 120
2016 121
2016 122
2016 123
2016 124
2016 125
2016 126
2016 127
2017 69
2017 70
2017 71
2017 72
2017 73
2017 74
2017 75
2017 117
2017 118
2017 119
2017 120
2017 121
2017 122
2017 123
2017 124
2017 125
2017 126
2017 127
2018 69
2018 70
2018 71
2018 72
2018 73
2018 74
2018 75
2018 76
2018 117
2018 118
2018 119
2018 120
2018 121
2018 122
2018 123
2018 124
2018 125
2018 126
2018 127
2019 70
2019 71
2019 72
2019 73
2019 74
2019 75
2019 76
2019 118
2019 119
2019 120
2019 121
2019 122
2019 123
2019 124
2019 125
2019 126
2019 127
2019 128
2020 70
2020 71
2020 72
2020 73
2020 74
2020 75
2020 76
2020 77
2020 118
2020 119
2020 120
2020 121
2020 122
2020 123
2020 124
2020 125
2020 126
2020 127
2020 128
2021 70
2021 71
2021 72
2021 73
2021 74
2021 75
2021 76
2021 77
2021 118
2021 119
2021 120
2021 121
2021 122
2021 123
2021 124
2021 125
2021 126
2021 127
2021 128
2022 71
2022 72
2022 73
2022 74
2022 75
2022 76
2022 77
2022 119
2022 120
2022 121
2022 122
2022 123
2022 124
2022 125
2022 126
2022 127
2022 128
2022 129
2023 71
2023 72
2023 73
2023 74
2023 75
2023 76
2023 77
2023 78
2023 119
2023 120
2023 121
2023 122
2023 123
2023 124
2023 125
2023 126
2023 127
2023 128
2023 129
2024 71
2024 72
2024 73
2024 74
2024 75
2024 76
2024 77
2024 78
2024 120
2024 121
2024 122
2024 123
2024 124
2024 125
2024 126
2024 127
2024 128
2024 129
2025 72
2025 73
2025 74
2025 75
2025 76
2025 77
2025 78
2025 120
2025 121
2025 122
2025 123
2025 124
2025 125
2025 126
2025 127
2025 128
2025 129
2026 72
2026 73
2026 74
2026 75
2026 76
2026 77
2026 78
2026 79
2026 120
2026 121
2026 122
2026 123
2026 124
2026 125
2026 126
2026 127
2026 128
2026 129
2026 130
2027 72
2027 73
2027 74
2027 75
2027 76
2027 77
2027 78
2027 79
2027 121
2027 122
2027 123
2027 124
2027 125
2027 126
2027 127
2027 128
2027 129
2027 130
2028 72
2028 73
2028 74
2028 75
2028 76
2028 77
2028 78
2028 79
2028 121
2028 122
2028 123
2028 124
2028 125
2028 126
2028 127
2028 128
2028 129
2028 130
2029 73
2029 74
2029 75
2029 76
2029 77
2029 78
2029 79
2029 80
2029 121
2029 122
2029 123
2029 124
2029 125
2029 126
2029 127
2029 128
2029 129
2029 130
2029 131
2030 73
2030 74
2030 75
2030 76
2030 77
2030 78
2030 79
2030 80
2030 122
2030 123
2030 124
2030 125
2030 126
2030 127
2030 128
2030 129
2030 130
2030 131
2031 73
2031 74
2031 75
2031 76
2031 77
2031 78
2031 79
2031 80
2031 81
2031 122
2031 123
2031 124
2031 125
2031 126
2031 127
2031 128
2031 129
2031 130
2031 131
2032 74
2032 75
2032 76
2032 77
2032 78
2032 79
2032 80
2032 81
2032 122
2032 123
2032 124
2032 125
2032 126
2032 127
2032 128
2032 129
2032 130
2032 131
2032 132
2033 74
2033 75
2033 76
2033 77
2033 78
2033 79
2033 80
2033 81
2033 123
2033 124
2033 125
2033 126
2033 127
2033 128
2033 129
2033 130
2033 131
2033 132
2034 74
2034 75
2034 76
2034 77
2034 78
2034 79
2034 80
2034 81
2034 82
2034 123
2034 124
2034 125
2034 126
2034 127
2034 128
2034 129
2034 130
2034 131
2034 132
2035 74
2035 75
2035 76
2035 77
2035 78
2035 79
2035 80
2035 81
2035 82
2035 123
2035 124
2035 125
2035 126
2035 127
2035 128
2035 129
2035 130
2035 131
2035 132
2035 133
2036 75
2036 76
2036 77
2036 78
2036 79
2036 80
2036 81
2036 82
2036 124
2036 125
2036 126
2036 127
2036 128
2036 129
2036 130
2036 131
2036 132
2036 133
2037 75
2037 76
2037 77
2037 78
2037 79
2037 80
2037 81
2037 82
2037 83
2037 124
2037 125
2037 126
2037 127
2037 128
2037 129
2037 130
2037 131
2037 132
2037 133
2038 75
2038 76
2038 77
2038 78
2038 79
2038 80
2038 81
2038 82
2038 83
2038 125
2038 126
2038 127
2038 128
2038 129
2038 130
2038 131
2038 132
2038 133
2038 134
2039 76
2039 77
2039 78
2039 79
2039 80
2039 81
2039 82
2039 83
2039 125
2039 126
2039 127
2039 128
2039 129
2039 130
2039 131
2039 132
2039 133
2039 134
2040 76
2040 77
2040 78
2040 79
2040 80
2040 81
2040 82
2040 83
2040 84
2040 125
2040 126
2040 127
2040 128
2040 129
2040 130
2040 131
2040 132
2040 133
2040 134
2041 76
2041 77
2041 78
2041 79
2041 80
2041 81
2041 82
2041 83
2041 84
2041 126
2041 127
2041 128
2041 129
2041 130
2041 131
2041 132
2041 133
2041 134
2041 135
2042 77
2042 78
2042 79
2042 80
2042 81
2042 82
2042 83
2042 84
2042 126
2042 127
2042 128
2042 129
2042 130
2042 131
2042 132
2042 133
2042 134
2042 135
2043 77
2043 78
2043 79
2043 80
2043 81
2043 82
2043 83
2043 84
2043 85
2043 126
2043 127
2043 128
2043 129
2043 130
2043 131
2043 132
2043 133
2043 134
2043 135
2044 77
2044 78
2044 79
2044 80
2044 81
2044 82
2044 83
2044 84
2044 85
2044 127
2044 128
2044 129
2044 130
2044 131
2044 132
2044 133
2044 134
2044 135
2045 78
2045 79
2045 80
2045 81
2045 82
2045 83
2045 84
2045 85
2045 127
2045 128
2045 129
2045 130
2045 131
2045 132
2045 133
2045 134
2045 135
2045 136
2046 78
2046 79
2046 80
2046 81
2046 82
2046 83
2046 84
2046 85
2046 86
2046 127
2046 128
2046 129
2046 130
2046 131
2046 132
2046 133
2046 134
2046 135
2046 136
2047 78
2047 79
2047 80
2047 81
2047 82
2047 83
2047 84
2047 85
2047 86
2047 128
2047 129
2047 130
2047 131
2047 132
2047 133
2047 134
2047 135
2047 136
2048 78
2048 79
2048 80
2048 81
2048 82
2048 83
2048 84
2048 85
2048 86
2048 128
2048 129
2048 130
2048 131
2048 132
2048 133
2048 134
2048 135
2048 136
2048 137
2049 79
2049 80
2049 81
2049 82
2049 83
2049 84
2049 85
2049 86
2049 87
2049 129
2049 130
2049 131
2049 132
2049 133
2049 134
2049 135
2049 136
2049 137
2050 79
2050 80
2050 81
2050 82
2050 83
2050 84
2050 85
2050 86
2050 87
2050 129
2050 130
2050 131
2050 132
2050 133
2050 134
2050 135
2050 136
2050 137
2051 79
2051 80
2051 81
2051 82
2051 83
2051 84
2051 85
2051 86
2051 87
2051 129
2051 130
2051 131
2051 132
2051 133
2051 134
2051 135
2051 136
2051 137
2051 138
2052 80
2052 81
2052 82
2052 83
2052 84
2052 85
2052 86
2052 87
2052 88
2052 130
2052 131
2052 132
2052 133
2052 134
2052 135
2052 136
2052 137
2052 138
2053 80
2053 81
2053 82
2053 83
2053 84
2053 85
2053 86
2053 87
2053 88
2053 130
2053 131
2053 132
2053 133
2053 134
2053 135
2053 136
2053 137
2053 138
2054 80
2054 81
2054 82
2054 83
2054 84
2054 85
2054 86
2054 87
2054 88
2054 130
2054 131
2054 132
2054 133
2054 134
2054 135
2054 136
2054 137
2054 138
2054 139
2055 81
2055 82
2055 83
2055 84
2055 85
2055 86
2055 87
2055 88
2055 89
2055 131
2055 132
2055 133
2055 134
2055 135
2055 136
2055 137
2055 138
2055 139
2056 81
2056 82
2056 83
2056 84
2056 85
2056 86
2056 87
2056 88
2056 89
2056 131
2056 132
2056 133
2056 134
2056 135
2056 136
2056 137
2056 138
2056 139
2057 81
2057 82
2057 83
2057 84
2057 85
2057 86
2057 87
2057 88
2057 89
2057 132
2057 133
2057 134
2057 135
2057 136
2057 137
2057 138
2057 139
2058 82
2058 83
2058 84
2058 85
2058 86
2058 87
2058 88
2058 89
2058 90
2058 132
2058 133
2058 134
2058 135
2058 136
2058 137
2058 138
2058 139
2058 140
2059 82
2059 83
2059 84
2059 85
2059 86
2059 87
2059 88
2059 89
2059 90
2059 132
2059 133
2059 134
2059 135
2059 136
2059 137
2059 138
2059 139
2059 140
2060 82
2060 83
2060 84
2060 85
2060 86
2060 87
2060 88
2060 89
2060 90
2060 91
2060 133
2060 134
2060 135
2060 136
2060 137
2060 138
2060 139
2060 140
2061 83
2061 84
2061 85
2061 86
2061 87
2061 88
2061 89
2061 90
2061 91
2061 133
2061 134
2061 135
2061 136
2061 137
2061 138
2061 139
2061 140
2061 141
2062 83
2062 84
2062 85
2062 86
2062 87
2062 88
2062 89
2062 90
2062 91
2062 133
2062 134
2062 135
2062 136
2062 137
2062 138
2062 139
2062 140
2062 141
2063 83
2063 84
2063 85
2063 86
2063 87
2063 88
2063 89
2063 90
2063 91
2063 92
2063 134
2063 135
2063 136
2063 137
2063 138
2063 139
2063 140
2063 141
2064 84
2064 85
2064 86
2064 87
2064 88
2064 89
2064 90
2064 91
2064 92
2064 134
2064 135
2064 136
2064 137
2064 138
2064 139
2064 140
2064 141
2064 142
2065 84
2065 85
2065 86
2065 87
2065 88
2065 89
2065 90
2065 91
2065 92
2065 135
2065 136
2065 137
2065 138
2065 139
2065 140
2065 141
2065 142
2066 84
2066 85
2066 86
2066 87
2066 88
2066 89
2066 90
2066 91
2066 92
2066 93
2066 135
2066 136
2066 137
2066 138
2066 139
2066 140
2066 141
2066 142
2067 85
2067 86
2067 87
2067 88
2067 89
2067 90
2067 91
2067 92
2067 93
2067 135
2067 136
2067 137
2067 138
2067 139
2067 140
2067 141
2067 142
2068 85
2068 86
2068 87
2068 88
2068 89
2068 90
2068 91
2068 92
2068 93
2068 136
2068 137
2068 138
2068 139
2068 140
2068 141
2068 142
2068 143
2069 85
2069 86
2069 87
2069 88
2069 89
2069 90
2069 91
2069 92
2069 93
2069 94
2069 136
2069 137
2069 138
2069 139
2069 140
2069 141
2069 142
2069 143
2070 86
2070 87
2070 88
2070 89
2070 90
2070 91
2070 92
2070 93
2070 94
2070 137
2070 138
2070 139
2070 140
2070 141
2070 142
2070 143
2071 86
2071 87
2071 88
2071 89
2071 90
2071 91
2071 92
2071 93
2071 94
2071 137
2071 138
2071 139
2071 140
2071 141
2071 142
2071 143
2071 144
2072 86
2072 87
2072 88
2072 89
2072 90
2072 91
2072 92
2072 93
2072 94
2072 95
2072 137
2072 138
2072 139
2072 140
2072 141
2072 142
2072 143
2072 144
2073 87
2073 88
2073 89
2073 90
2073 91
2073 92
2073 93
2073 94
2073 95
2073 138
2073 139
2073 140
2073 141
2073 142
2073 143
2073 144
2074 87
2074 88
2074 89
2074 90
2074 91
2074 92
2074 93
2074 94
2074 95
2074 138
2074 139
2074 140
2074 141
2074 142
2074 143
2074 144
2075 87
2075 88
2075 89
2075 90
2075 91
2075 92
2075 93
2075 94
2075 95
2075 139
2075 140
2075 141
2075 142
2075 143
2075 144
2075 145
2076 88
2076 89
2076 90
2076 91
2076 92
2076 93
2076 94
2076 95
2076 96
2076 139
2076 140
2076 141
2076 142
2076 143
2076 144
2076 145
2077 88
2077 89
2077 90
2077 91
2077 92
2077 93
2077 94
2077 95
2077 96
2077 139
2077 140
2077 141
2077 142
2077 143
2077 144
2077 145
2078 88
2078 89
2078 90
2078 91
2078 92
2078 93
2078 94
2078 95
2078 96
2078 140
2078 141
2078 142
2078 143
2078 144
2078 145
2078 146
2079 89
2079 90
2079 91
2079 92
2079 93
2079 94
2079 95
2079 96
2079 97
2079 140
2079 141
2079 142
2079 143
2079 144
2079 145
2079 146
2080 89
2080 90
2080 91
2080 92
2080 93
2080 94
2080 95
2080 96
2080 97
2080 141
2080 142
2080 143
2080 144
2080 145
2080 146
2081 89
2081 90
2081 91
2081 92
2081 93
2081 94
2081 95
2081 96
2081 97
2081 141
2081 142
2081 143
2081 144
2081 145
2081 146
2082 90
2082 91
2082 92
2082 93
2082 94
2082 95
2082 96
2082 97
2082 98
2082 142
2082 143
2082 144
2082 145
2082 146
2082 147
2083 90
2083 91
2083 92
2083 93
2083 94
2083 95
2083 96
2083 97
2083 98
2083 142
2083 143
2083 144
2083 145
2083 146
2083 147
2084 90
2084 91
2084 92
2084 93
2084 94
2084 95
2084 96
2084 97
2084 98
2084 142
2084 143
2084 144
2084 145
2084 146
2084 147
2085 91
2085 92
2085 93
2085 94
2085 95
2085 96
2085 97
2085 98
2085 99
2085 143
2085 144
2085 145
2085 146
2085 147
2086 91
2086 92
2086 93
2086 94
2086 95
2086 96
2086 97
2086 98
2086 99
2086 143
2086 144
2086 145
2086 146
2086 147
2086 148
2087 91
2087 92
2087 93
2087 94
2087 95
2087 96
2087 97
2087 98
2087 99
2087 144
2087 145
2087 146
2087 147
2087 148
2088 92
2088 93
2088 94
2088 95
2088 96
2088 97
2088 98
2088 99
2088 100
2088 144
2088 145
2088 146
2088 147
2088 148
2089 92
2089 93
2089 94
2089 95
2089 96
2089 97
2089 98
2089 99
2089 100
2089 145
2089 146
2089 147
2089 148
2090 92
2090 93
2090 94
2090 95
2090 96
2090 97
2090 98
2090 99
2090 100
2090 145
2090 146
2090 147
2090 148
2090 149
2091 93
2091 94
2091 95
2091 96
2091 97
2091 98
2091 99
2091 100
2091 101
2091 146
2091 147
2091 148
2091 149
2092 93
2092 94
2092 95
2092 96
2092 97
2092 98
2092 99
2092 100
2092 101
2092 146
2092 147
2092 148
2092 149
2093 93
2093 94
2093 95
2093 96
2093 97
2093 98
2093 99
2093 100
2093 101
2093 147
2093 148
2093 149
2094 94
2094 95
2094 96
2094 97
2094 98
2094 99
2094 100
2094 101
2094 102
2094 147
2094 148
2094 149
2095 94
2095 95
2095 96
2095 97
2095 98
2095 99
2095 100
2095 101
2095 102
2095 148
2095 149
2095 150
2096 94
2096 95
2096 96
2096 97
2096 98
2096 99
2096 100
2096 101
2096 102
2096 148
2096 149
2096 150
2097 95
2097 96
2097 97
2097 98
2097 99
2097 100
2097 101
2097 102
2097 103
2097 149
2097 150
2098 95
2098 96
2098 97
2098 98
2098 99
2098 100
2098 101
2098 102
2098 103
2098 150
2099 95
2099 96
2099 97
2099 98
2099 99
2099 100
2099 101
2099 102
2099 103
2100 96
2100 97
2100 98
2100 99
2100 100
2100 101
2100 102
2100 103
2100 104
2101 96
2101 97
2101 98
2101 99
2101 100
2101 101
2101 102
2101 103
2101 104
2102 96
2102 97
2102 98
2102 99
2102 100
2102 101
2102 102
2102 103
2102 104
2103 97
2103 98
2103 99
2103 100
2103 101
2103 102
2103 103
2103 104
2103 105
2104 97
2104 98
2104 99
2104 100
2104 101
2104 102
2104 103
2104 104
2104 105
2105 98
2105 99
2105 100
2105 101
2105 102
2105 103
2105 104
2105 105
2106 98
2106 99
2106 100
2106 101
2106 102
2106 103
2106 104
2106 105
2107 98
2107 99
2107 100
2107 101
2107 102
2107 103
2107 104
2107 105
2107 106
2108 99
2108 100
2108 101
2108 102
2108 103
2108 104
2108 105
2108 106
2109 99
2109 100
2109 101
2109 102
2109 103
2109 104
2109 105
2109 106
2110 99
2110 100
2110 101
2110 102
2110 103
2110 104
2110 105
2110 106
2110 107
2111 100
2111 101
2111 102
2111 103
2111 104
2111 105
2111 106
2111 107
2112 100
2112 101
2112 102
2112 103
2112 104
2112 105
2112 106
2112 107
2113 100
2113 101
2113 102
2113 103
2113 104
2113 105
2113 106
2113 107
2113 108
2114 101
2114 102
2114 103
2114 104
2114 105
2114 106
2114 107
2114 108
2115 101
2115 102
2115 103
2115 104
2115 105
2115 106
2115 107
2115 108
2116 101
2116 102
2116 103
2116 104
2116 105
2116 106
2116 107
2116 108
2116 109
2117 102
2117 103
2117 104
2117 105
2117 106
2117 107
2117 108
2117 109
2118 102
2118 103
2118 104
2118 105
2118 106
2118 107
2118 108
2118 109
2119 103
2119 104
2119 105
2119 106
2119 107
2119 108
2119 109
2120 103
2120 104
2120 105
2120 106
2120 107
2120 108
2120 109
2120 110
2121 103
2121 104
2121 105
2121 106
2121 107
2121 108
2121 109
2121 110
2122 104
2122 105
2122 106
2122 107
2122 108
2122 109
2122 110
2123 104
2123 105
2123 106
2123 107
2123 108
2123 109
2123 110
2123 111
2124 104
2124 105
2124 106
2124 107
2124 108
2124 109
2124 110
2124 111
2125 105
2125 106
2125 107
2125 108
2125 109
2125 110
2125 111
2126 105
2126 106
2126 107
2126 108
2126 109
2126 110
2126 111
2126 112
2127 106
2127 107
2127 108
2127 109
2127 110
2127 111
2127 112
2128 106
2128 107
2128 108
2128 109
2128 110
2128 111
2128 112
2129 106
2129 107
2129 108
2129 109
2129 110
2129 111
2129 112
2130 107
2130 108
2130 109
2130 110
2130 111
2130 112
2130 113
2131 107
2131 108
2131 109
2131 110
2131 111
2131 112
2131 113
2132 107
2132 108
2132 109
2132 110
2132 111
2132 112
2132 113
2133 108
2133 109
2133 110
2133 111
2133 112
2133 113
2133 114
2134 108
2134 109
2134 110
2134 111
2134 112
2134 113
2134 114
2135 109
2135 110
2135 111
2135 112
2135 113
2135 114
2136 109
2136 110
2136 111
2136 112
2136 113
2136 114
2137 109
2137 110
2137 111
2137 112
2137 113
2137 114
2137 115
2138 110
2138 111
2138 112
2138 113
2138 114
2138 115
2139 110
2139 111
2139 112
2139 113
2139 114
2139 115
2140 111
2140 112
2140 113
2140 114
2140 115
2140 116
2141 111
2141 112
2141 113
2141 114
2141 115
2141 116
2142 111
2142 112
2142 113
2142 114
2142 115
2142 116
2143 112
2143 113
2143 114
2143 115
2143 116
2144 112
2144 113
2144 114
2144 115
2144 116
2144 117
2145 113
2145 114
2145 115
2145 116
2145 117
2146 113
2146 114
2146 115
2146 116
2146 117
2147 113
2147 114
2147 115
2147 116
2147 117
2148 114
2148 115
2148 116
2148 117
2148 118
2149 114
2149 115
2149 116
2149 117
2149 118
2150 115
2150 116
2150 117
2150 118
2151 115
2151 116
2151 117
2151 118
2152 115
2152 116
2152 117
2152 118
2152 119
2153 116
2153 117
2153 118
2153 119
2154 116
2154 117
2154 118
2154 119
2155 117
2155 118
2155 119
2156 117
2156 118
2156 119
2157 118
2157 119
2157 120
2158 118
2158 119
2158 120
2159 119
2159 120
2160 120
