494 215
496 208
496 209
498 201
499 215
499 216
501 207
501 208
501 209
502 222
503 200
503 201
503 202
504 214
504 215
504 216
505 194
506 207
506 208
506 209
507 222
507 223
508 200
508 201
508 202
509 214
509 215
509 216
510 193
510 194
511 206
511 207
511 208
511 209
512 221
512 222
512 223
513 199
513 200
513 201
513 202
514 213
514 214
514 215
514 216
515 192
515 193
515 194
515 195
516 206
516 207
516 208
516 209
517 186
517 187
517 221
517 222
517 223
518 199
518 200
518 201
518 202
519 213
519 214
519 215
519 216
520 192
520 193
520 194
520 195
520 229
521 206
521 207
521 208
521 209
522 185
522 186
522 187
522 221
522 222
522 223
523 199
523 200
523 201
523 202
524 213
524 214
524 215
524 216
525 192
525 193
525 194
525 195
525 229
526 205
526 206
526 207
526 208
526 209
527 185
527 186
527 187
527 220
527 221
527 222
527 223
528 198
528 199
528 200
528 201
528 202
529 213
529 214
529 215
529 216
530 191
530 192
530 193
530 194
530 195
530 228
530 229
531 205
531 206
531 207
531 208
531 209
532 184
532 185
532 186
532 187
532 220
532 221
532 222
532 223
533 198
533 199
533 200
533 201
533 202
534 178
534 179
534 212
534 213
534 214
534 215
534 216
535 191
535 192
535 193
535 194
535 195
535 228
535 229
535 230
536 205
536 206
536 207
536 208
536 209
537 184
537 185
537 186
537 187
537 220
537 221
537 222
537 223
538 198
538 199
538 200
538 201
538 202
539 178
539 179
539 212
539 213
539 214
539 215
539 216
540 191
540 192
540 193
540 194
540 195
540 227
540 228
540 229
540 230
541 205
541 206
541 207
541 208
541 209
542 184
542 185
542 186
542 187
542 219
542 220
542 221
542 222
542 223
543 197
543 198
543 199
543 200
543 201
543 202
544 177
544 178
544 179
544 212
544 213
544 214
544 215
544 216
545 190
545 191
545 192
545 193
545 194
545 195
545 227
545 228
545 229
545 230
546 204
546 205
546 206
546 207
546 208
546 209
547 183
547 184
547 185
547 186
547 187
547 219
547 220
547 221
547 222
547 223
548 197
548 198
548 199
548 200
548 201
548 202
549 177
549 178
549 179
549 212
549 213
549 214
549 215
549 216
550 190
550 191
550 192
550 193
550 194
550 195
550 227
550 228
550 229
550 230
551 204
551 205
551 206
551 207
551 208
551 209
552 183
552 184
552 185
552 186
552 187
552 219
552 220
552 221
552 222
552 223
553 197
553 198
553 199
553 200
553 201
553 202
554 176
554 177
554 178
554 179
554 211
554 212
554 213
554 214
554 215
554 216
555 190
555 191
555 192
555 193
555 194
555 195
555 227
555 228
555 229
555 230
556 171
556 204
556 205
556 206
556 207
556 208
556 209
557 183
557 184
557 185
557 186
557 187
557 219
557 220
557 221
557 222
557 223
558 197
558 198
558 199
558 200
558 201
558 202
559 176
559 177
559 178
559 179
559 211
559 212
559 213
559 214
559 215
559 216
560 189
560 190
560 191
560 192
560 193
560 194
560 195
560 226
560 227
560 228
560 229
560 230
561 170
561 171
561 204
561 205
561 206
561 207
561 208
561 209
562 182
562 183
562 184
562 185
562 186
562 187
562 219
562 220
562 221
562 222
562 223
563 196
563 197
563 198
563 199
563 200
563 201
563 202
563 235
564 176
564 177
564 178
564 179
564 211
564 212
564 213
564 214
564 215
564 216
565 189
565 190
565 191
565 192
565 193
565 194
565 195
565 226
565 227
565 228
565 229
565 230
566 170
566 171
566 203
566 204
566 205
566 206
566 207
566 208
566 209
567 182
567 183
567 184
567 185
567 186
567 187
567 218
567 219
567 220
567 221
567 222
567 223
568 196
568 197
568 198
568 199
568 200
568 201
568 202
568 235
569 175
569 176
569 177
569 178
569 179
569 211
569 212
569 213
569 214
569 215
569 216
570 189
570 190
570 191
570 192
570 193
570 194
570 195
570 226
570 227
570 228
570 229
570 230
571 169
571 170
571 171
571 203
571 204
571 205
571 206
571 207
571 208
571 209
572 182
572 183
572 184
572 185
572 186
572 187
572 218
572 219
572 220
572 221
572 222
572 223
573 196
573 197
573 198
573 199
573 200
573 201
573 202
573 234
573 235
574 175
574 176
574 177
574 178
574 179
574 210
574 211
574 212
574 213
574 214
574 215
574 216
575 189
575 190
575 191
575 192
575 193
575 194
575 195
575 226
575 227
575 228
575 229
575 230
576 169
576 170
576 171
576 203
576 204
576 205
576 206
576 207
576 208
576 209
577 182
577 183
577 184
577 185
577 186
577 187
577 218
577 219
577 220
577 221
577 222
577 223
578 196
578 197
578 198
578 199
578 200
578 201
578 202
578 234
578 235
579 175
579 176
579 177
579 178
579 179
579 210
579 211
579 212
579 213
579 214
579 215
579 216
580 188
580 189
580 190
580 191
580 192
580 193
580 194
580 195
580 226
580 227
580 228
580 229
580 230
581 168
581 169
581 170
581 171
581 203
581 204
581 205
581 206
581 207
581 208
581 209
582 181
582 182
582 183
582 184
582 185
582 186
582 187
582 218
582 219
582 220
582 221
582 222
582 223
583 195
583 196
583 197
583 198
583 199
583 200
583 201
583 202
583 234
583 235
584 174
584 175
584 176
584 177
584 178
584 179
584 210
584 211
584 212
584 213
584 214
584 215
584 216
585 188
585 189
585 190
585 191
585 192
585 193
585 194
585 225
585 226
585 227
585 228
585 229
585 230
586 168
586 169
586 170
586 171
586 203
586 204
586 205
586 206
586 207
586 208
586 209
587 181
587 182
587 183
587 184
587 185
587 186
587 187
587 218
587 219
587 220
587 221
587 222
587 223
588 195
588 196
588 197
588 198
588 199
588 200
588 201
588 202
588 234
588 235
589 174
589 175
589 176
589 177
589 178
589 179
589 210
589 211
589 212
589 213
589 214
589 215
589 216
590 188
590 189
590 190
590 191
590 192
590 193
590 194
590 225
590 226
590 227
590 228
590 229
591 168
591 169
591 170
591 171
591 202
591 203
591 204
591 205
591 206
591 207
591 208
591 209
592 181
592 182
592 183
592 184
592 185
592 186
592 187
592 217
592 218
592 219
592 220
592 221
592 222
592 223
593 195
593 196
593 197
593 198
593 199
593 200
593 201
593 202
593 234
593 235
594 174
594 175
594 176
594 177
594 178
594 179
594 210
594 211
594 212
594 213
594 214
594 215
594 216
595 188
595 189
595 190
595 191
595 192
595 193
595 194
595 225
595 226
595 227
595 228
595 229
596 167
596 168
596 169
596 170
596 171
596 202
596 203
596 204
596 205
596 206
596 207
596 208
596 209
597 181
597 182
597 183
597 184
597 185
597 186
597 187
597 217
597 218
597 219
597 220
597 221
597 222
597 223
598 195
598 196
598 197
598 198
598 199
598 200
598 201
598 202
598 233
598 234
598 235
599 174
599 175
599 176
599 177
599 178
599 179
599 209
599 210
599 211
599 212
599 213
599 214
599 215
599 216
600 187
600 188
600 189
600 190
600 191
600 192
600 193
600 194
600 225
600 226
600 227
600 228
600 229
601 167
601 168
601 169
601 170
601 171
601 202
601 203
601 204
601 205
601 206
601 207
601 208
601 209
602 180
602 181
602 182
602 183
602 184
602 185
602 186
602 187
602 217
602 218
602 219
602 220
602 221
602 222
602 223
603 162
603 194
603 195
603 196
603 197
603 198
603 199
603 200
603 201
603 233
603 234
603 235
604 173
604 174
604 175
604 176
604 177
604 178
604 179
604 209
604 210
604 211
604 212
604 213
604 214
604 215
604 216
605 187
605 188
605 189
605 190
605 191
605 192
605 193
605 194
605 225
605 226
605 227
605 228
605 229
606 167
606 168
606 169
606 170
606 171
606 202
606 203
606 204
606 205
606 206
606 207
606 208
606 209
607 180
607 181
607 182
607 183
607 184
607 185
607 186
607 187
607 217
607 218
607 219
607 220
607 221
607 222
607 223
608 161
608 162
608 194
608 195
608 196
608 197
608 198
608 199
608 200
608 201
608 233
608 234
608 235
609 173
609 174
609 175
609 176
609 177
609 178
609 179
609 209
609 210
609 211
609 212
609 213
609 214
609 215
609 216
610 187
610 188
610 189
610 190
610 191
610 192
610 193
610 194
610 225
610 226
610 227
610 228
610 229
611 167
611 168
611 169
611 170
611 171
611 201
611 202
611 203
611 204
611 205
611 206
611 207
611 208
611 209
612 180
612 181
612 182
612 183
612 184
612 185
612 186
612 217
612 218
612 219
612 220
612 221
612 222
613 161
613 162
613 194
613 195
613 196
613 197
613 198
613 199
613 200
613 201
613 233
613 234
613 235
614 173
614 174
614 175
614 176
614 177
614 178
614 179
614 209
614 210
614 211
614 212
614 213
614 214
614 215
614 216
615 187
615 188
615 189
615 190
615 191
615 192
615 193
615 194
615 224
615 225
615 226
615 227
615 228
615 229
616 166
616 167
616 168
616 169
616 170
616 171
616 201
616 202
616 203
616 204
616 205
616 206
616 207
616 208
617 180
617 181
617 182
617 183
617 184
617 185
617 186
617 216
617 217
617 218
617 219
617 220
617 221
617 222
618 160
618 161
618 162
618 194
618 195
618 196
618 197
618 198
618 199
618 200
618 201
618 233
618 234
618 235
619 173
619 174
619 175
619 176
619 177
619 178
619 179
619 209
619 210
619 211
619 212
619 213
619 214
619 215
620 187
620 188
620 189
620 190
620 191
620 192
620 193
620 194
620 224
620 225
620 226
620 227
620 228
620 229
621 166
621 167
621 168
621 169
621 170
621 171
621 201
621 202
621 203
621 204
621 205
621 206
621 207
621 208
622 179
622 180
622 181
622 182
622 183
622 184
622 185
622 186
622 216
622 217
622 218
622 219
622 220
622 221
622 222
623 160
623 161
623 162
623 194
623 195
623 196
623 197
623 198
623 199
623 200
623 201
623 232
623 233
623 234
623 235
624 172
624 173
624 174
624 175
624 176
624 177
624 178
624 208
624 209
624 210
624 211
624 212
624 213
624 214
624 215
625 186
625 187
625 188
625 189
625 190
625 191
625 192
625 193
625 194
625 224
625 225
625 226
625 227
625 228
625 229
626 166
626 167
626 168
626 169
626 170
626 171
626 201
626 202
626 203
626 204
626 205
626 206
626 207
626 208
627 179
627 180
627 181
627 182
627 183
627 184
627 185
627 186
627 216
627 217
627 218
627 219
627 220
627 221
627 222
628 160
628 161
628 162
628 193
628 194
628 195
628 196
628 197
628 198
628 199
628 200
628 201
628 232
628 233
628 234
628 235
629 172
629 173
629 174
629 175
629 176
629 177
629 178
629 208
629 209
629 210
629 211
629 212
629 213
629 214
629 215
630 186
630 187
630 188
630 189
630 190
630 191
630 192
630 193
630 194
630 224
630 225
630 226
630 227
630 228
630 229
631 166
631 167
631 168
631 169
631 170
631 201
631 202
631 203
631 204
631 205
631 206
631 207
631 208
632 179
632 180
632 181
632 182
632 183
632 184
632 185
632 186
632 216
632 217
632 218
632 219
632 220
632 221
632 222
633 160
633 161
633 162
633 193
633 194
633 195
633 196
633 197
633 198
633 199
633 200
633 201
633 232
633 233
633 234
633 235
634 172
634 173
634 174
634 175
634 176
634 177
634 178
634 208
634 209
634 210
634 211
634 212
634 213
634 214
634 215
635 186
635 187
635 188
635 189
635 190
635 191
635 192
635 193
635 224
635 225
635 226
635 227
635 228
635 229
636 165
636 166
636 167
636 168
636 169
636 170
636 201
636 202
636 203
636 204
636 205
636 206
636 207
636 208
637 179
637 180
637 181
637 182
637 183
637 184
637 185
637 186
637 216
637 217
637 218
637 219
637 220
637 221
637 222
638 159
638 160
638 161
638 162
638 193
638 194
638 195
638 196
638 197
638 198
638 199
638 200
638 201
638 232
638 233
638 234
638 235
639 172
639 173
639 174
639 175
639 176
639 177
639 178
639 208
639 209
639 210
639 211
639 212
639 213
639 214
639 215
640 186
640 187
640 188
640 189
640 190
640 191
640 192
640 193
640 224
640 225
640 226
640 227
640 228
640 229
641 165
641 166
641 167
641 168
641 169
641 170
641 200
641 201
641 202
641 203
641 204
641 205
641 206
641 207
641 208
642 179
642 180
642 181
642 182
642 183
642 184
642 185
642 186
642 216
642 217
642 218
642 219
642 220
642 221
642 222
643 159
643 160
643 161
643 162
643 193
643 194
643 195
643 196
643 197
643 198
643 199
643 200
643 201
643 232
643 233
643 234
643 235
644 172
644 173
644 174
644 175
644 176
644 177
644 178
644 208
644 209
644 210
644 211
644 212
644 213
644 214
644 215
645 186
645 187
645 188
645 189
645 190
645 191
645 192
645 193
645 223
645 224
645 225
645 226
645 227
645 228
646 165
646 166
646 167
646 168
646 169
646 170
646 200
646 201
646 202
646 203
646 204
646 205
646 206
646 207
646 208
647 178
647 179
647 180
647 181
647 182
647 183
647 184
647 185
647 186
647 215
647 216
647 217
647 218
647 219
647 220
647 221
647 222
648 159
648 160
648 161
648 162
648 193
648 194
648 195
648 196
648 197
648 198
648 199
648 200
648 232
648 233
648 234
649 171
649 172
649 173
649 174
649 175
649 176
649 177
649 178
649 208
649 209
649 210
649 211
649 212
649 213
649 214
649 215
650 185
650 186
650 187
650 188
650 189
650 190
650 191
650 192
650 193
650 223
650 224
650 225
650 226
650 227
650 228
651 165
651 166
651 167
651 168
651 169
651 170
651 200
651 201
651 202
651 203
651 204
651 205
651 206
651 207
651 208
652 178
652 179
652 180
652 181
652 182
652 183
652 184
652 185
652 215
652 216
652 217
652 218
652 219
652 220
652 221
652 222
653 158
653 159
653 160
653 161
653 193
653 194
653 195
653 196
653 197
653 198
653 199
653 200
653 232
653 233
653 234
654 171
654 172
654 173
654 174
654 175
654 176
654 177
654 178
654 207
654 208
654 209
654 210
654 211
654 212
654 213
654 214
654 215
655 185
655 186
655 187
655 188
655 189
655 190
655 191
655 192
655 193
655 223
655 224
655 225
655 226
655 227
655 228
656 164
656 165
656 166
656 167
656 168
656 169
656 170
656 200
656 201
656 202
656 203
656 204
656 205
656 206
656 207
657 178
657 179
657 180
657 181
657 182
657 183
657 184
657 185
657 215
657 216
657 217
657 218
657 219
657 220
657 221
658 158
658 159
658 160
658 161
658 192
658 193
658 194
658 195
658 196
658 197
658 198
658 199
658 200
658 231
658 232
658 233
658 234
659 171
659 172
659 173
659 174
659 175
659 176
659 177
659 178
659 207
659 208
659 209
659 210
659 211
659 212
659 213
659 214
659 215
660 185
660 186
660 187
660 188
660 189
660 190
660 191
660 192
660 193
660 223
660 224
660 225
660 226
660 227
660 228
661 164
661 165
661 166
661 167
661 168
661 169
661 170
661 200
661 201
661 202
661 203
661 204
661 205
661 206
661 207
662 178
662 179
662 180
662 181
662 182
662 183
662 184
662 185
662 215
662 216
662 217
662 218
662 219
662 220
662 221
663 158
663 159
663 160
663 161
663 192
663 193
663 194
663 195
663 196
663 197
663 198
663 199
663 200
663 231
663 232
663 233
663 234
664 171
664 172
664 173
664 174
664 175
664 176
664 177
664 207
664 208
664 209
664 210
664 211
664 212
664 213
664 214
665 185
665 186
665 187
665 188
665 189
665 190
665 191
665 192
665 193
665 223
665 224
665 225
665 226
665 227
665 228
666 164
666 165
666 166
666 167
666 168
666 169
666 199
666 200
666 201
666 202
666 203
666 204
666 205
666 206
666 207
667 178
667 179
667 180
667 181
667 182
667 183
667 184
667 185
667 215
667 216
667 217
667 218
667 219
667 220
667 221
668 158
668 159
668 160
668 161
668 192
668 193
668 194
668 195
668 196
668 197
668 198
668 199
668 200
668 231
668 232
668 233
668 234
669 170
669 171
669 172
669 173
669 174
669 175
669 176
669 177
669 207
669 208
669 209
669 210
669 211
669 212
669 213
669 214
670 185
670 186
670 187
670 188
670 189
670 190
670 191
670 192
670 223
670 224
670 225
670 226
670 227
670 228
671 164
671 165
671 166
671 167
671 168
671 169
671 199
671 200
671 201
671 202
671 203
671 204
671 205
671 206
671 207
672 177
672 178
672 179
672 180
672 181
672 182
672 183
672 184
672 185
672 215
672 216
672 217
672 218
672 219
672 220
672 221
673 157
673 158
673 159
673 160
673 161
673 192
673 193
673 194
673 195
673 196
673 197
673 198
673 199
673 200
673 231
673 232
673 233
673 234
674 170
674 171
674 172
674 173
674 174
674 175
674 176
674 177
674 207
674 208
674 209
674 210
674 211
674 212
674 213
674 214
675 184
675 185
675 186
675 187
675 188
675 189
675 190
675 191
675 192
675 222
675 223
675 224
675 225
675 226
675 227
675 228
676 163
676 164
676 165
676 166
676 167
676 168
676 169
676 199
676 200
676 201
676 202
676 203
676 204
676 205
676 206
676 207
677 177
677 178
677 179
677 180
677 181
677 182
677 183
677 184
677 185
677 214
677 215
677 216
677 217
677 218
677 219
677 220
677 221
678 157
678 158
678 159
678 160
678 161
678 192
678 193
678 194
678 195
678 196
678 197
678 198
678 199
678 200
678 231
678 232
678 233
678 234
679 170
679 171
679 172
679 173
679 174
679 175
679 176
679 177
679 207
679 208
679 209
679 210
679 211
679 212
679 213
679 214
680 184
680 185
680 186
680 187
680 188
680 189
680 190
680 191
680 192
680 222
680 223
680 224
680 225
680 226
680 227
681 163
681 164
681 165
681 166
681 167
681 168
681 169
681 199
681 200
681 201
681 202
681 203
681 204
681 205
681 206
681 207
682 177
682 178
682 179
682 180
682 181
682 182
682 183
682 184
682 185
682 214
682 215
682 216
682 217
682 218
682 219
682 220
682 221
683 157
683 158
683 159
683 160
683 161
683 191
683 192
683 193
683 194
683 195
683 196
683 197
683 198
683 199
683 231
683 232
683 233
684 170
684 171
684 172
684 173
684 174
684 175
684 176
684 177
684 206
684 207
684 208
684 209
684 210
684 211
684 212
684 213
684 214
685 184
685 185
685 186
685 187
685 188
685 189
685 190
685 191
685 192
685 222
685 223
685 224
685 225
685 226
685 227
686 163
686 164
686 165
686 166
686 167
686 168
686 169
686 199
686 200
686 201
686 202
686 203
686 204
686 205
686 206
686 207
687 177
687 178
687 179
687 180
687 181
687 182
687 183
687 184
687 214
687 215
687 216
687 217
687 218
687 219
687 220
687 221
688 157
688 158
688 159
688 160
688 191
688 192
688 193
688 194
688 195
688 196
688 197
688 198
688 199
688 231
688 232
688 233
689 170
689 171
689 172
689 173
689 174
689 175
689 176
689 177
689 206
689 207
689 208
689 209
689 210
689 211
689 212
689 213
689 214
690 184
690 185
690 186
690 187
690 188
690 189
690 190
690 191
690 192
690 222
690 223
690 224
690 225
690 226
690 227
691 163
691 164
691 165
691 166
691 167
691 168
691 169
691 199
691 200
691 201
691 202
691 203
691 204
691 205
691 206
692 177
692 178
692 179
692 180
692 181
692 182
692 183
692 184
692 214
692 215
692 216
692 217
692 218
692 219
692 220
693 157
693 158
693 159
693 160
693 191
693 192
693 193
693 194
693 195
693 196
693 197
693 198
693 199
693 231
693 232
693 233
694 169
694 170
694 171
694 172
694 173
694 174
694 175
694 176
694 206
694 207
694 208
694 209
694 210
694 211
694 212
694 213
695 184
695 185
695 186
695 187
695 188
695 189
695 190
695 191
695 192
695 222
695 223
695 224
695 225
695 226
695 227
696 163
696 164
696 165
696 166
696 167
696 168
696 198
696 199
696 200
696 201
696 202
696 203
696 204
696 205
696 206
697 176
697 177
697 178
697 179
697 180
697 181
697 182
697 183
697 184
697 214
697 215
697 216
697 217
697 218
697 219
697 220
698 156
698 157
698 158
698 159
698 160
698 191
698 192
698 193
698 194
698 195
698 196
698 197
698 198
698 199
698 231
698 232
698 233
699 169
699 170
699 171
699 172
699 173
699 174
699 175
699 176
699 206
699 207
699 208
699 209
699 210
699 211
699 212
699 213
700 183
700 184
700 185
700 186
700 187
700 188
700 189
700 190
700 191
700 222
700 223
700 224
700 225
700 226
700 227
701 162
701 163
701 164
701 165
701 166
701 167
701 168
701 198
701 199
701 200
701 201
701 202
701 203
701 204
701 205
701 206
702 176
702 177
702 178
702 179
702 180
702 181
702 182
702 183
702 184
702 214
702 215
702 216
702 217
702 218
702 219
702 220
703 156
703 157
703 158
703 159
703 160
703 191
703 192
703 193
703 194
703 195
703 196
703 197
703 198
703 199
703 230
703 231
703 232
703 233
704 169
704 170
704 171
704 172
704 173
704 174
704 175
704 176
704 206
704 207
704 208
704 209
704 210
704 211
704 212
704 213
705 183
705 184
705 185
705 186
705 187
705 188
705 189
705 190
705 191
705 222
705 223
705 224
705 225
705 226
705 227
706 162
706 163
706 164
706 165
706 166
706 167
706 168
706 198
706 199
706 200
706 201
706 202
706 203
706 204
706 205
706 206
707 176
707 177
707 178
707 179
707 180
707 181
707 182
707 183
707 184
707 214
707 215
707 216
707 217
707 218
707 219
707 220
708 156
708 157
708 158
708 159
708 160
708 191
708 192
708 193
708 194
708 195
708 196
708 197
708 198
708 199
708 230
708 231
708 232
709 169
709 170
709 171
709 172
709 173
709 174
709 175
709 176
709 206
709 207
709 208
709 209
709 210
709 211
709 212
709 213
710 183
710 184
710 185
710 186
710 187
710 188
710 189
710 190
710 191
710 222
710 223
710 224
710 225
710 226
711 162
711 163
711 164
711 165
711 166
711 167
711 168
711 198
711 199
711 200
711 201
711 202
711 203
711 204
711 205
711 206
712 176
712 177
712 178
712 179
712 180
712 181
712 182
712 183
712 213
712 214
712 215
712 216
712 217
712 218
712 219
712 220
713 156
713 157
713 158
713 159
713 190
713 191
713 192
713 193
713 194
713 195
713 196
713 197
713 198
713 230
713 231
713 232
714 169
714 170
714 171
714 172
714 173
714 174
714 175
714 176
714 206
714 207
714 208
714 209
714 210
714 211
714 212
714 213
715 183
715 184
715 185
715 186
715 187
715 188
715 189
715 190
715 191
715 221
715 222
715 223
715 224
715 225
715 226
716 162
716 163
716 164
716 165
716 166
716 167
716 168
716 198
716 199
716 200
716 201
716 202
716 203
716 204
716 205
716 206
717 176
717 177
717 178
717 179
717 180
717 181
717 182
717 183
717 213
717 214
717 215
717 216
717 217
717 218
717 219
717 220
718 156
718 157
718 158
718 159
718 190
718 191
718 192
718 193
718 194
718 195
718 196
718 197
718 198
718 230
718 231
718 232
719 169
719 170
719 171
719 172
719 173
719 174
719 175
719 205
719 206
719 207
719 208
719 209
719 210
719 211
719 212
719 213
720 183
720 184
720 185
720 186
720 187
720 188
720 189
720 190
720 191
720 221
720 222
720 223
720 224
720 225
720 226
721 162
721 163
721 164
721 165
721 166
721 167
721 198
721 199
721 200
721 201
721 202
721 203
721 204
721 205
722 175
722 176
722 177
722 178
722 179
722 180
722 181
722 182
722 183
722 213
722 214
722 215
722 216
722 217
722 218
722 219
723 155
723 156
723 157
723 158
723 159
723 190
723 191
723 192
723 193
723 194
723 195
723 196
723 197
723 198
723 230
723 231
723 232
724 168
724 169
724 170
724 171
724 172
724 173
724 174
724 175
724 205
724 206
724 207
724 208
724 209
724 210
724 211
724 212
725 183
725 184
725 185
725 186
725 187
725 188
725 189
725 190
725 191
725 221
725 222
725 223
725 224
725 225
725 226
726 162
726 163
726 164
726 165
726 166
726 167
726 198
726 199
726 200
726 201
726 202
726 203
726 204
726 205
727 175
727 176
727 177
727 178
727 179
727 180
727 181
727 182
727 183
727 213
727 214
727 215
727 216
727 217
727 218
727 219
728 155
728 156
728 157
728 158
728 159
728 190
728 191
728 192
728 193
728 194
728 195
728 196
728 197
728 198
728 230
728 231
729 168
729 169
729 170
729 171
729 172
729 173
729 174
729 175
729 205
729 206
729 207
729 208
729 209
729 210
729 211
729 212
730 182
730 183
730 184
730 185
730 186
730 187
730 188
730 189
730 190
730 221
730 222
730 223
730 224
730 225
730 226
731 161
731 162
731 163
731 164
731 165
731 166
731 167
731 197
731 198
731 199
731 200
731 201
731 202
731 203
731 204
731 205
732 175
732 176
732 177
732 178
732 179
732 180
732 181
732 182
732 183
732 213
732 214
732 215
732 216
732 217
732 218
732 219
733 155
733 156
733 157
733 158
733 190
733 191
733 192
733 193
733 194
733 195
733 196
733 197
733 198
733 230
733 231
734 168
734 169
734 170
734 171
734 172
734 173
734 174
734 175
734 205
734 206
734 207
734 208
734 209
734 210
734 211
734 212
735 182
735 183
735 184
735 185
735 186
735 187
735 188
735 189
735 190
735 221
735 222
735 223
735 224
735 225
736 161
736 162
736 163
736 164
736 165
736 166
736 167
736 197
736 198
736 199
736 200
736 201
736 202
736 203
736 204
736 205
737 175
737 176
737 177
737 178
737 179
737 180
737 181
737 182
737 183
737 213
737 214
737 215
737 216
737 217
737 218
737 219
738 155
738 156
738 157
738 158
738 190
738 191
738 192
738 193
738 194
738 195
738 196
738 197
738 198
739 168
739 169
739 170
739 171
739 172
739 173
739 174
739 175
739 205
739 206
739 207
739 208
739 209
739 210
739 211
739 212
740 182
740 183
740 184
740 185
740 186
740 187
740 188
740 189
740 190
740 221
740 222
740 223
740 224
740 225
741 161
741 162
741 163
741 164
741 165
741 166
741 167
741 197
741 198
741 199
741 200
741 201
741 202
741 203
741 204
741 205
742 175
742 176
742 177
742 178
742 179
742 180
742 181
742 182
742 213
742 214
742 215
742 216
742 217
742 218
742 219
743 155
743 156
743 157
743 158
743 189
743 190
743 191
743 192
743 193
743 194
743 195
743 196
743 197
744 168
744 169
744 170
744 171
744 172
744 173
744 174
744 175
744 205
744 206
744 207
744 208
744 209
744 210
744 211
744 212
745 182
745 183
745 184
745 185
745 186
745 187
745 188
745 189
745 190
745 221
745 222
745 223
745 224
745 225
746 161
746 162
746 163
746 164
746 165
746 166
746 197
746 198
746 199
746 200
746 201
746 202
746 203
746 204
747 175
747 176
747 177
747 178
747 179
747 180
747 181
747 182
747 213
747 214
747 215
747 216
747 217
747 218
748 155
748 156
748 157
748 158
748 189
748 190
748 191
748 192
748 193
748 194
748 195
748 196
748 197
749 167
749 168
749 169
749 170
749 171
749 172
749 173
749 174
749 205
749 206
749 207
749 208
749 209
749 210
749 211
750 182
750 183
750 184
750 185
750 186
750 187
750 188
750 189
750 190
750 221
750 222
750 223
750 224
750 225
751 161
751 162
751 163
751 164
751 165
751 166
751 197
751 198
751 199
751 200
751 201
751 202
751 203
751 204
752 174
752 175
752 176
752 177
752 178
752 179
752 180
752 181
752 182
752 212
752 213
752 214
752 215
752 216
752 217
752 218
753 155
753 156
753 157
753 158
753 189
753 190
753 191
753 192
753 193
753 194
753 195
753 196
753 197
754 167
754 168
754 169
754 170
754 171
754 172
754 173
754 174
754 204
754 205
754 206
754 207
754 208
754 209
754 210
754 211
755 182
755 183
755 184
755 185
755 186
755 187
755 188
755 189
755 221
755 222
755 223
755 224
756 161
756 162
756 163
756 164
756 165
756 166
756 197
756 198
756 199
756 200
756 201
756 202
756 203
756 204
757 174
757 175
757 176
757 177
757 178
757 179
757 180
757 181
757 182
757 212
757 213
757 214
757 215
757 216
757 217
757 218
758 154
758 155
758 156
758 157
758 189
758 190
758 191
758 192
758 193
758 194
758 195
758 196
758 197
759 167
759 168
759 169
759 170
759 171
759 172
759 173
759 174
759 204
759 205
759 206
759 207
759 208
759 209
759 210
759 211
760 181
760 182
760 183
760 184
760 185
760 186
760 187
760 188
760 189
760 221
760 222
760 223
760 224
761 160
761 161
761 162
761 163
761 164
761 165
761 166
761 196
761 197
761 198
761 199
761 200
761 201
761 202
761 203
761 204
762 174
762 175
762 176
762 177
762 178
762 179
762 180
762 181
762 182
762 212
762 213
762 214
762 215
762 216
762 217
762 218
763 154
763 155
763 156
763 157
763 189
763 190
763 191
763 192
763 193
763 194
763 195
763 196
763 197
764 167
764 168
764 169
764 170
764 171
764 172
764 173
764 174
764 204
764 205
764 206
764 207
764 208
764 209
764 210
764 211
765 181
765 182
765 183
765 184
765 185
765 186
765 187
765 188
765 189
765 221
765 222
765 223
765 224
766 160
766 161
766 162
766 163
766 164
766 165
766 166
766 196
766 197
766 198
766 199
766 200
766 201
766 202
766 203
766 204
767 174
767 175
767 176
767 177
767 178
767 179
767 180
767 181
767 212
767 213
767 214
767 215
767 216
767 217
767 218
768 154
768 155
768 156
768 157
768 189
768 190
768 191
768 192
768 193
768 194
768 195
768 196
769 167
769 168
769 169
769 170
769 171
769 172
769 173
769 204
769 205
769 206
769 207
769 208
769 209
769 210
769 211
770 181
770 182
770 183
770 184
770 185
770 186
770 187
770 188
770 189
770 220
770 221
770 222
770 223
770 224
771 160
771 161
771 162
771 163
771 164
771 165
771 196
771 197
771 198
771 199
771 200
771 201
771 202
771 203
772 174
772 175
772 176
772 177
772 178
772 179
772 180
772 181
772 212
772 213
772 214
772 215
772 216
772 217
773 154
773 155
773 156
773 189
773 190
773 191
773 192
773 193
773 194
773 195
773 196
774 167
774 168
774 169
774 170
774 171
774 172
774 173
774 204
774 205
774 206
774 207
774 208
774 209
774 210
775 181
775 182
775 183
775 184
775 185
775 186
775 187
775 188
775 189
775 220
775 221
775 222
775 223
776 160
776 161
776 162
776 163
776 164
776 165
776 196
776 197
776 198
776 199
776 200
776 201
776 202
776 203
777 174
777 175
777 176
777 177
777 178
777 179
777 180
777 181
777 212
777 213
777 214
777 215
777 216
777 217
778 154
778 155
778 156
778 188
778 189
778 190
778 191
778 192
778 193
778 194
778 195
778 196
779 167
779 168
779 169
779 170
779 171
779 172
779 173
779 204
779 205
779 206
779 207
779 208
779 209
779 210
780 181
780 182
780 183
780 184
780 185
780 186
780 187
780 188
780 220
780 221
780 222
780 223
781 160
781 161
781 162
781 163
781 164
781 165
781 196
781 197
781 198
781 199
781 200
781 201
781 202
781 203
782 174
782 175
782 176
782 177
782 178
782 179
782 180
782 181
782 212
782 213
782 214
782 215
782 216
782 217
783 154
783 155
783 156
783 188
783 189
783 190
783 191
783 192
783 193
783 194
783 195
783 196
784 166
784 167
784 168
784 169
784 170
784 171
784 172
784 173
784 204
784 205
784 206
784 207
784 208
784 209
784 210
785 181
785 182
785 183
785 184
785 185
785 186
785 187
785 188
785 220
785 221
785 222
785 223
786 160
786 161
786 162
786 163
786 164
786 165
786 196
786 197
786 198
786 199
786 200
786 201
786 202
786 203
787 173
787 174
787 175
787 176
787 177
787 178
787 179
787 180
787 212
787 213
787 214
787 215
787 216
787 217
788 154
788 155
788 188
788 189
788 190
788 191
788 192
788 193
788 194
788 195
789 166
789 167
789 168
789 169
789 170
789 171
789 172
789 204
789 205
789 206
789 207
789 208
789 209
789 210
790 181
790 182
790 183
790 184
790 185
790 186
790 187
790 188
790 220
790 221
790 222
791 159
791 160
791 161
791 162
791 163
791 164
791 196
791 197
791 198
791 199
791 200
791 201
791 202
791 203
792 173
792 174
792 175
792 176
792 177
792 178
792 179
792 180
792 212
792 213
792 214
792 215
792 216
793 154
793 155
793 188
793 189
793 190
793 191
793 192
793 193
793 194
793 195
794 166
794 167
794 168
794 169
794 170
794 171
794 172
794 203
794 204
794 205
794 206
794 207
794 208
794 209
795 180
795 181
795 182
795 183
795 184
795 185
795 186
795 187
795 188
795 220
795 221
795 222
796 159
796 160
796 161
796 162
796 163
796 164
796 196
796 197
796 198
796 199
796 200
796 201
796 202
797 173
797 174
797 175
797 176
797 177
797 178
797 179
797 180
797 212
797 213
797 214
797 215
797 216
798 154
798 155
798 188
798 189
798 190
798 191
798 192
798 193
798 194
798 195
799 166
799 167
799 168
799 169
799 170
799 171
799 172
799 203
799 204
799 205
799 206
799 207
799 208
799 209
800 180
800 181
800 182
800 183
800 184
800 185
800 186
800 187
800 221
801 159
801 160
801 161
801 162
801 163
801 164
801 195
801 196
801 197
801 198
801 199
801 200
801 201
801 202
802 173
802 174
802 175
802 176
802 177
802 178
802 179
802 180
802 211
802 212
802 213
802 214
802 215
802 216
803 154
803 188
803 189
803 190
803 191
803 192
803 193
803 194
803 195
804 166
804 167
804 168
804 169
804 170
804 171
804 172
804 203
804 204
804 205
804 206
804 207
804 208
804 209
805 180
805 181
805 182
805 183
805 184
805 185
805 186
805 187
806 159
806 160
806 161
806 162
806 163
806 195
806 196
806 197
806 198
806 199
806 200
806 201
806 202
807 173
807 174
807 175
807 176
807 177
807 178
807 179
807 211
807 212
807 213
807 214
807 215
808 188
808 189
808 190
808 191
808 192
808 193
808 194
809 166
809 167
809 168
809 169
809 170
809 171
809 203
809 204
809 205
809 206
809 207
809 208
809 209
810 180
810 181
810 182
810 183
810 184
810 185
810 186
810 187
811 159
811 160
811 161
811 162
811 163
811 195
811 196
811 197
811 198
811 199
811 200
811 201
811 202
812 173
812 174
812 175
812 176
812 177
812 178
812 179
812 211
812 212
812 213
812 214
812 215
813 187
813 188
813 189
813 190
813 191
813 192
813 193
813 194
814 166
814 167
814 168
814 169
814 170
814 171
814 203
814 204
814 205
814 206
814 207
814 208
815 180
815 181
815 182
815 183
815 184
815 185
815 186
815 187
816 159
816 160
816 161
816 162
816 163
816 195
816 196
816 197
816 198
816 199
816 200
816 201
817 173
817 174
817 175
817 176
817 177
817 178
817 179
817 211
817 212
817 213
817 214
817 215
818 187
818 188
818 189
818 190
818 191
818 192
818 193
818 194
819 165
819 166
819 167
819 168
819 169
819 170
819 171
819 203
819 204
819 205
819 206
819 207
819 208
820 180
820 181
820 182
820 183
820 184
820 185
820 186
821 159
821 160
821 161
821 162
821 163
821 195
821 196
821 197
821 198
821 199
821 200
821 201
822 172
822 173
822 174
822 175
822 176
822 177
822 178
822 179
822 211
822 212
822 213
822 214
823 187
823 188
823 189
823 190
823 191
823 192
823 193
823 194
824 165
824 166
824 167
824 168
824 169
824 170
824 171
824 203
824 204
824 205
824 206
824 207
824 208
825 180
825 181
825 182
825 183
825 184
825 185
825 186
826 159
826 160
826 161
826 162
826 195
826 196
826 197
826 198
826 199
826 200
826 201
827 172
827 173
827 174
827 175
827 176
827 177
827 178
827 211
827 212
827 213
827 214
828 187
828 188
828 189
828 190
828 191
828 192
828 193
829 165
829 166
829 167
829 168
829 169
829 170
829 203
829 204
829 205
829 206
829 207
830 180
830 181
830 182
830 183
830 184
830 185
830 186
831 159
831 160
831 161
831 162
831 195
831 196
831 197
831 198
831 199
831 200
832 172
832 173
832 174
832 175
832 176
832 177
832 178
832 211
832 212
832 213
833 187
833 188
833 189
833 190
833 191
833 192
833 193
834 165
834 166
834 167
834 168
834 169
834 170
834 203
834 204
834 205
834 206
834 207
835 179
835 180
835 181
835 182
835 183
835 184
835 185
835 186
836 159
836 160
836 161
836 195
836 196
836 197
836 198
836 199
836 200
837 172
837 173
837 174
837 175
837 176
837 177
837 178
837 211
837 212
837 213
838 187
838 188
838 189
838 190
838 191
838 192
838 193
839 165
839 166
839 167
839 168
839 169
839 170
839 203
839 204
839 205
839 206
839 207
840 179
840 180
840 181
840 182
840 183
840 184
840 185
841 159
841 160
841 161
841 195
841 196
841 197
841 198
841 199
841 200
842 172
842 173
842 174
842 175
842 176
842 177
842 178
842 212
843 187
843 188
843 189
843 190
843 191
843 192
843 193
844 165
844 166
844 167
844 168
844 169
844 203
844 204
844 205
844 206
845 179
845 180
845 181
845 182
845 183
845 184
845 185
846 159
846 160
846 161
846 194
846 195
846 196
846 197
846 198
846 199
846 200
847 172
847 173
847 174
847 175
847 176
847 177
848 187
848 188
848 189
848 190
848 191
848 192
849 165
849 166
849 167
849 168
849 169
849 203
849 204
849 205
849 206
850 179
850 180
850 181
850 182
850 183
850 184
850 185
851 159
851 160
851 194
851 195
851 196
851 197
851 198
851 199
852 172
852 173
852 174
852 175
852 176
852 177
853 187
853 188
853 189
853 190
853 191
853 192
854 165
854 166
854 167
854 168
854 169
854 203
854 204
854 205
854 206
855 179
855 180
855 181
855 182
855 183
855 184
856 159
856 160
856 194
856 195
856 196
856 197
856 198
856 199
857 172
857 173
857 174
857 175
857 176
857 177
858 186
858 187
858 188
858 189
858 190
858 191
858 192
859 165
859 166
859 167
859 168
859 203
859 204
859 205
860 179
860 180
860 181
860 182
860 183
860 184
861 159
861 194
861 195
861 196
861 197
861 198
862 172
862 173
862 174
862 175
862 176
863 186
863 187
863 188
863 189
863 190
863 191
864 165
864 166
864 167
864 168
864 203
864 204
864 205
865 179
865 180
865 181
865 182
865 183
865 184
866 194
866 195
866 196
866 197
866 198
867 171
867 172
867 173
867 174
867 175
867 176
868 186
868 187
868 188
868 189
868 190
868 191
869 165
869 166
869 167
869 168
869 203
869 204
870 179
870 180
870 181
870 182
870 183
871 194
871 195
871 196
871 197
871 198
872 171
872 172
872 173
872 174
872 175
872 176
873 186
873 187
873 188
873 189
873 190
873 191
874 165
874 166
874 167
874 203
875 179
875 180
875 181
875 182
875 183
876 194
876 195
876 196
876 197
877 171
877 172
877 173
877 174
877 175
878 186
878 187
878 188
878 189
878 190
879 165
879 166
879 167
880 179
880 180
880 181
880 182
880 183
881 194
881 195
881 196
881 197
882 171
882 172
882 173
882 174
882 175
883 186
883 187
883 188
883 189
883 190
884 165
884 166
885 179
885 180
885 181
885 182
886 194
886 195
886 196
887 171
887 172
887 173
887 174
888 186
888 187
888 188
888 189
889 165
889 166
890 179
890 180
890 181
890 182
891 195
891 196
892 171
892 172
892 173
892 174
893 186
893 187
893 188
893 189
895 179
895 180
895 181
897 171
897 172
897 173
898 186
898 187
898 188
900 179
900 180
900 181
902 172
902 173
903 187
903 188
905 179
905 180
907 172
908 187
910 179
910 180
2838 241
2843 241
2845 233
2848 240
2848 241
2848 242
2850 233
2851 249
2853 240
2853 241
2853 242
2855 232
2855 233
2856 248
2856 249
2858 240
2858 241
2858 242
2860 232
2860 233
2860 234
2861 248
2861 249
2863 240
2863 241
2863 242
2865 232
2865 233
2865 234
2866 248
2866 249
2868 239
2868 240
2868 241
2868 242
2870 232
2870 233
2870 234
2871 248
2871 249
2871 250
2873 239
2873 240
2873 241
2873 242
2875 231
2875 232
2875 233
2875 234
2876 247
2876 248
2876 249
2876 250
2877 224
2877 225
2878 239
2878 240
2878 241
2878 242
2879 256
2880 231
2880 232
2880 233
2880 234
2881 247
2881 248
2881 249
2881 250
2882 224
2882 225
2883 239
2883 240
2883 241
2883 242
2884 256
2884 257
2885 231
2885 232
2885 233
2885 234
2886 247
2886 248
2886 249
2886 250
2887 224
2887 225
2888 239
2888 240
2888 241
2888 242
2889 256
2889 257
2890 231
2890 232
2890 233
2890 234
2891 247
2891 248
2891 249
2891 250
2892 223
2892 224
2892 225
2893 238
2893 239
2893 240
2893 241
2893 242
2894 255
2894 256
2894 257
2895 231
2895 232
2895 233
2895 234
2896 247
2896 248
2896 249
2896 250
2897 223
2897 224
2897 225
2898 238
2898 239
2898 240
2898 241
2898 242
2899 255
2899 256
2899 257
2900 230
2900 231
2900 232
2900 233
2900 234
2901 246
2901 247
2901 248
2901 249
2901 250
2902 223
2902 224
2902 225
2903 238
2903 239
2903 240
2903 241
2903 242
2904 255
2904 256
2904 257
2905 230
2905 231
2905 232
2905 233
2905 234
2906 246
2906 247
2906 248
2906 249
2906 250
2907 223
2907 224
2907 225
2908 238
2908 239
2908 240
2908 241
2908 242
2909 255
2909 256
2909 257
2910 230
2910 231
2910 232
2910 233
2910 234
2911 246
2911 247
2911 248
2911 249
2912 223
2912 224
2912 225
2913 238
2913 239
2913 240
2913 241
2913 242
2914 255
2914 256
2914 257
2915 230
2915 231
2915 232
2915 233
2916 246
2916 247
2916 248
2916 249
2917 222
2917 223
2917 224
2917 225
2918 238
2918 239
2918 240
2918 241
2918 242
2919 254
2919 255
2919 256
2919 257
2920 230
2920 231
2920 232
2920 233
2921 246
2921 247
2921 248
2921 249
2922 222
2922 223
2922 224
2922 225
2923 238
2923 239
2923 240
2923 241
2923 242
2924 254
2924 255
2924 256
2924 257
2925 230
2925 231
2925 232
2925 233
2926 246
2926 247
2926 248
2926 249
2927 222
2927 223
2927 224
2927 225
2928 237
2928 238
2928 239
2928 240
2928 241
2929 254
2929 255
2929 256
2929 257
2930 230
2930 231
2930 232
2930 233
2931 246
2931 247
2931 248
2931 249
2932 222
2932 223
2932 224
2932 225
2933 237
2933 238
2933 239
2933 240
2933 241
2934 254
2934 255
2934 256
2934 257
2935 229
2935 230
2935 231
2935 232
2935 233
2936 245
2936 246
2936 247
2936 248
2936 249
2937 222
2937 223
2937 224
2937 225
2938 237
2938 238
2938 239
2938 240
2938 241
2939 254
2939 255
2939 256
2939 257
2940 229
2940 230
2940 231
2940 232
2940 233
2941 245
2941 246
2941 247
2941 248
2941 249
2942 222
2942 223
2942 224
2943 237
2943 238
2943 239
2943 240
2943 241
2944 254
2944 255
2944 256
2945 229
2945 230
2945 231
2945 232
2945 233
2946 245
2946 246
2946 247
2946 248
2946 249
2947 222
2947 223
2947 224
2948 237
2948 238
2948 239
2948 240
2948 241
2949 254
2949 255
2949 256
2950 229
2950 230
2950 231
2950 232
2950 233
2951 245
2951 246
2951 247
2951 248
2951 249
2952 221
2952 222
2952 223
2952 224
2953 237
2953 238
2953 239
2953 240
2953 241
2954 253
2954 254
2954 255
2954 256
2955 229
2955 230
2955 231
2955 232
2955 233
2956 245
2956 246
2956 247
2956 248
2956 249
2957 221
2957 222
2957 223
2957 224
2958 237
2958 238
2958 239
2958 240
2958 241
2959 253
2959 254
2959 255
2959 256
2960 229
2960 230
2960 231
2960 232
2960 233
2961 245
2961 246
2961 247
2961 248
2961 249
2962 221
2962 222
2962 223
2962 224
2963 237
2963 238
2963 239
2963 240
2963 241
2964 253
2964 254
2964 255
2964 256
2965 229
2965 230
2965 231
2965 232
2965 233
2966 245
2966 246
2966 247
2966 248
2966 249
2967 221
2967 222
2967 223
2967 224
2968 236
2968 237
2968 238
2968 239
2968 240
2968 241
2969 253
2969 254
2969 255
2969 256
2970 229
2970 230
2970 231
2970 232
2971 245
2971 246
2971 247
2971 248
2972 221
2972 222
2972 223
2972 224
2973 236
2973 237
2973 238
2973 239
2973 240
2973 241
2974 253
2974 254
2974 255
2974 256
2975 228
2975 229
2975 230
2975 231
2975 232
2976 244
2976 245
2976 246
2976 247
2976 248
2977 221
2977 222
2977 223
2977 224
2978 236
2978 237
2978 238
2978 239
2978 240
2979 253
2979 254
2979 255
2979 256
2980 228
2980 229
2980 230
2980 231
2980 232
2981 244
2981 245
2981 246
2981 247
2981 248
2982 221
2982 222
2982 223
2982 224
2983 236
2983 237
2983 238
2983 239
2983 240
2984 253
2984 254
2984 255
2984 256
2985 228
2985 229
2985 230
2985 231
2985 232
2986 244
2986 245
2986 246
2986 247
2986 248
2987 221
2987 222
2987 223
2988 236
2988 237
2988 238
2988 239
2988 240
2989 253
2989 254
2989 255
2990 228
2990 229
2990 230
2990 231
2990 232
2991 244
2991 245
2991 246
2991 247
2991 248
2992 221
2992 222
2992 223
2993 236
2993 237
2993 238
2993 239
2993 240
2994 253
2994 254
2994 255
2995 228
2995 229
2995 230
2995 231
2995 232
2996 244
2996 245
2996 246
2996 247
2996 248
2997 221
2997 222
2997 223
2998 236
2998 237
2998 238
2998 239
2998 240
2999 253
2999 254
2999 255
3000 228
3000 229
3000 230
3000 231
3000 232
3001 244
3001 245
3001 246
3001 247
3001 248
3002 221
3002 222
3002 223
3003 236
3003 237
3003 238
3003 239
3003 240
3004 253
3004 254
3004 255
3005 228
3005 229
3005 230
3005 231
3006 244
3006 245
3006 246
3006 247
3007 221
3007 222
3007 223
3008 236
3008 237
3008 238
3008 239
3008 240
3009 252
3009 253
3009 254
3009 255
3010 228
3010 229
3010 230
3010 231
3011 244
3011 245
3011 246
3011 247
3012 221
3012 222
3013 236
3013 237
3013 238
3013 239
3014 252
3014 253
3014 254
3014 255
3015 228
3015 229
3015 230
3015 231
3016 244
3016 245
3016 246
3016 247
3017 221
3017 222
3018 236
3018 237
3018 238
3018 239
3019 252
3019 253
3019 254
3020 228
3020 229
3020 230
3020 231
3021 244
3021 245
3021 246
3021 247
3022 221
3022 222
3023 236
3023 237
3023 238
3023 239
3024 252
3024 253
3024 254
3025 228
3025 229
3025 230
3025 231
3026 244
3026 245
3026 246
3026 247
3027 221
3027 222
3028 236
3028 237
3028 238
3028 239
3029 252
3029 253
3029 254
3030 228
3030 229
3030 230
3031 244
3031 245
3031 246
3031 247
3032 221
3033 236
3033 237
3033 238
3033 239
3034 252
3034 253
3034 254
3035 228
3035 229
3035 230
3036 244
3036 245
3036 246
3038 236
3038 237
3038 238
3039 253
3040 228
3040 229
3040 230
3041 244
3041 245
3041 246
3043 236
3043 237
3043 238
3044 253
3045 228
3045 229
3045 230
3046 244
3046 245
3046 246
3048 236
3048 237
3048 238
3050 228
3050 229
3051 244
3051 245
3051 246
3053 236
3053 237
3053 238
3055 228
3055 229
3056 244
3056 245
3058 236
3058 237
3061 244
3061 245
3063 236
3063 237
3068 236
