190 251
190 252
193 253
193 254
196 256
199 258
201 246
204 248
204 249
207 250
207 251
210 252
210 253
213 254
213 255
216 256
216 257
218 245
219 258
219 259
221 247
221 248
222 261
224 249
224 250
227 251
227 252
230 253
230 254
233 255
233 256
235 244
236 257
236 258
238 246
238 247
239 259
239 260
241 248
241 249
242 262
244 250
244 251
247 252
247 253
250 254
250 255
252 243
253 256
253 257
255 245
255 246
256 258
256 259
258 247
258 248
259 260
259 261
261 248
261 249
261 250
262 263
264 250
264 251
264 252
267 252
267 253
267 254
270 255
270 256
272 244
273 257
273 258
275 246
275 247
276 259
276 260
278 247
278 248
278 249
278 504
278 505
279 261
279 262
281 249
281 250
281 251
281 506
281 507
284 251
284 252
284 253
284 508
284 509
286 497
287 254
287 255
287 510
287 511
287 512
289 499
289 500
290 256
290 257
290 512
290 513
290 514
292 245
292 500
292 501
292 502
293 258
293 259
293 514
293 515
293 516
295 247
295 248
295 502
295 503
295 504
295 505
296 260
296 261
296 516
296 517
296 518
297 492
298 249
298 250
298 504
298 505
298 506
298 507
299 263
299 519
299 520
300 493
300 494
300 495
301 251
301 252
301 506
301 507
301 508
301 509
302 521
302 522
303 495
303 496
303 497
304 253
304 254
304 508
304 509
304 510
304 511
306 497
306 498
306 499
306 500
307 255
307 256
307 511
307 512
307 513
309 499
309 500
309 501
309 502
310 257
310 258
310 513
310 514
310 515
311 489
312 246
312 501
312 502
312 503
312 504
313 259
313 260
313 515
313 516
313 517
313 518
314 490
314 491
314 492
315 248
315 249
315 503
315 504
315 505
315 506
316 262
316 517
316 518
316 519
316 520
317 492
317 493
317 494
317 495
318 250
318 251
318 505
318 506
318 507
318 508
318 509
319 519
319 520
319 521
320 494
320 495
320 496
320 497
321 252
321 253
321 507
321 508
321 509
321 510
321 511
322 522
322 523
323 496
323 497
323 498
323 499
324 254
324 255
324 509
324 510
324 511
324 512
324 513
325 486
325 487
325 524
325 525
326 498
326 499
326 500
326 501
327 256
327 257
327 511
327 512
327 513
327 514
327 515
328 487
328 488
328 489
328 527
329 500
329 501
329 502
329 503
329 504
330 258
330 259
330 514
330 515
330 516
330 517
331 489
331 490
331 491
331 492
332 502
332 503
332 504
332 505
332 506
333 516
333 517
333 518
333 519
334 491
334 492
334 493
334 494
335 249
335 504
335 505
335 506
335 507
335 508
336 518
336 519
336 520
336 521
337 493
337 494
337 495
337 496
338 251
338 252
338 506
338 507
338 508
338 509
338 510
339 483
339 520
339 521
339 522
339 523
340 495
340 496
340 497
340 498
340 499
341 253
341 254
341 508
341 509
341 510
341 511
341 512
342 484
342 485
342 486
342 522
342 523
342 524
342 525
343 497
343 498
343 499
343 500
343 501
344 255
344 256
344 510
344 511
344 512
344 513
344 514
345 486
345 487
345 488
345 489
345 525
345 526
345 527
346 499
346 500
346 501
346 502
346 503
347 512
347 513
347 514
347 515
347 516
348 488
348 489
348 490
348 491
348 527
348 528
349 501
349 502
349 503
349 504
349 505
350 514
350 515
350 516
350 517
350 518
351 490
351 491
351 492
351 493
352 503
352 504
352 505
352 506
352 507
353 480
353 517
353 518
353 519
353 520
354 492
354 493
354 494
354 495
354 496
355 505
355 506
355 507
355 508
355 509
356 481
356 482
356 483
356 519
356 520
356 521
356 522
357 494
357 495
357 496
357 497
357 498
358 507
358 508
358 509
358 510
358 511
358 512
359 483
359 484
359 485
359 486
359 521
359 522
359 523
359 524
360 496
360 497
360 498
360 499
360 500
361 509
361 510
361 511
361 512
361 513
361 514
362 485
362 486
362 487
362 488
362 523
362 524
362 525
362 526
363 498
363 499
363 500
363 501
363 502
364 511
364 512
364 513
364 514
364 515
364 516
365 487
365 488
365 489
365 490
365 526
365 527
365 528
366 500
366 501
366 502
366 503
366 504
367 513
367 514
367 515
367 516
367 517
367 518
368 488
368 489
368 490
368 491
368 492
368 493
368 528
368 529
368 530
369 502
369 503
369 504
369 505
369 506
369 507
370 478
370 479
370 480
370 515
370 516
370 517
370 518
370 519
370 520
371 490
371 491
371 492
371 493
371 494
371 495
371 531
372 504
372 505
372 506
372 507
372 508
372 509
373 480
373 481
373 482
373 518
373 519
373 520
373 521
373 522
374 492
374 493
374 494
374 495
374 496
374 497
375 506
375 507
375 508
375 509
375 510
375 511
376 482
376 483
376 484
376 485
376 520
376 521
376 522
376 523
376 524
377 494
377 495
377 496
377 497
377 498
377 499
378 508
378 509
378 510
378 511
378 512
378 513
379 484
379 485
379 486
379 487
379 522
379 523
379 524
379 525
379 526
380 496
380 497
380 498
380 499
380 500
380 501
380 502
381 510
381 511
381 512
381 513
381 514
381 515
382 485
382 486
382 487
382 488
382 489
382 490
382 525
382 526
382 527
383 498
383 499
383 500
383 501
383 502
383 503
383 504
384 476
384 512
384 513
384 514
384 515
384 516
384 517
385 487
385 488
385 489
385 490
385 491
385 492
385 527
385 528
385 529
386 501
386 502
386 503
386 504
386 505
386 506
387 477
387 478
387 479
387 514
387 515
387 516
387 517
387 518
387 519
388 489
388 490
388 491
388 492
388 493
388 494
388 529
388 530
388 531
389 503
389 504
389 505
389 506
389 507
389 508
390 479
390 480
390 481
390 482
390 517
390 518
390 519
390 520
390 521
391 491
391 492
391 493
391 494
391 495
391 496
391 532
392 505
392 506
392 507
392 508
392 509
392 510
393 481
393 482
393 483
393 484
393 519
393 520
393 521
393 522
393 523
394 493
394 494
394 495
394 496
394 497
394 498
395 507
395 508
395 509
395 510
395 511
395 512
396 483
396 484
396 485
396 486
396 521
396 522
396 523
396 524
396 525
397 495
397 496
397 497
397 498
397 499
397 500
397 501
398 509
398 510
398 511
398 512
398 513
398 514
399 484
399 485
399 486
399 487
399 488
399 489
399 523
399 524
399 525
399 526
399 527
400 497
400 498
400 499
400 500
400 501
400 502
400 503
401 475
401 511
401 512
401 513
401 514
401 515
401 516
402 486
402 487
402 488
402 489
402 490
402 491
402 526
402 527
402 528
402 529
403 500
403 501
403 502
403 503
403 504
403 505
404 476
404 477
404 478
404 513
404 514
404 515
404 516
404 517
404 518
405 488
405 489
405 490
405 491
405 492
405 493
405 528
405 529
405 530
406 502
406 503
406 504
406 505
406 506
406 507
407 478
407 479
407 480
407 481
407 515
407 516
407 517
407 518
407 519
407 520
408 490
408 491
408 492
408 493
408 494
408 495
408 531
408 532
409 504
409 505
409 506
409 507
409 508
409 509
410 480
410 481
410 482
410 483
410 518
410 519
410 520
410 521
410 522
411 492
411 493
411 494
411 495
411 496
411 497
411 498
412 506
412 507
412 508
412 509
412 510
412 511
413 482
413 483
413 484
413 485
413 520
413 521
413 522
413 523
413 524
414 494
414 495
414 496
414 497
414 498
414 499
414 500
415 508
415 509
415 510
415 511
415 512
415 513
416 483
416 484
416 485
416 486
416 487
416 488
416 522
416 523
416 524
416 525
416 526
417 496
417 497
417 498
417 499
417 500
417 501
417 502
418 474
418 510
418 511
418 512
418 513
418 514
418 515
419 485
419 486
419 487
419 488
419 489
419 490
419 525
419 526
419 527
419 528
420 498
420 499
420 500
420 501
420 502
420 503
420 504
421 475
421 476
421 477
421 512
421 513
421 514
421 515
421 516
421 517
422 487
422 488
422 489
422 490
422 491
422 492
422 527
422 528
422 529
422 530
423 501
423 502
423 503
423 504
423 505
423 506
424 477
424 478
424 479
424 480
424 514
424 515
424 516
424 517
424 518
424 519
425 489
425 490
425 491
425 492
425 493
425 494
425 529
425 530
425 531
426 503
426 504
426 505
426 506
426 507
426 508
427 479
427 480
427 481
427 482
427 517
427 518
427 519
427 520
427 521
428 491
428 492
428 493
428 494
428 495
428 496
428 497
428 532
428 533
429 505
429 506
429 507
429 508
429 509
429 510
430 481
430 482
430 483
430 484
430 485
430 519
430 520
430 521
430 522
430 523
431 493
431 494
431 495
431 496
431 497
431 498
431 499
432 507
432 508
432 509
432 510
432 511
432 512
433 482
433 483
433 484
433 485
433 486
433 487
433 521
433 522
433 523
433 524
433 525
434 495
434 496
434 497
434 498
434 499
434 500
434 501
435 473
435 509
435 510
435 511
435 512
435 513
435 514
436 484
436 485
436 486
436 487
436 488
436 489
436 523
436 524
436 525
436 526
436 527
437 497
437 498
437 499
437 500
437 501
437 502
437 503
438 474
438 475
438 476
438 511
438 512
438 513
438 514
438 515
438 516
439 486
439 487
439 488
439 489
439 490
439 491
439 526
439 527
439 528
439 529
440 500
440 501
440 502
440 503
440 504
440 505
441 476
441 477
441 478
441 479
441 513
441 514
441 515
441 516
441 517
441 518
442 488
442 489
442 490
442 491
442 492
442 493
442 494
442 528
442 529
442 530
443 502
443 503
443 504
443 505
443 506
443 507
444 478
444 479
444 480
444 481
444 516
444 517
444 518
444 519
444 520
445 490
445 491
445 492
445 493
445 494
445 495
445 496
445 531
445 532
446 504
446 505
446 506
446 507
446 508
446 509
447 480
447 481
447 482
447 483
447 518
447 519
447 520
447 521
447 522
448 492
448 493
448 494
448 495
448 496
448 497
448 498
449 506
449 507
449 508
449 509
449 510
449 511
450 482
450 483
450 484
450 485
450 486
450 520
450 521
450 522
450 523
450 524
451 494
451 495
451 496
451 497
451 498
451 499
451 500
452 472
452 508
452 509
452 510
452 511
452 512
452 513
453 483
453 484
453 485
453 486
453 487
453 488
453 522
453 523
453 524
453 525
453 526
454 497
454 498
454 499
454 500
454 501
454 502
455 473
455 474
455 475
455 510
455 511
455 512
455 513
455 514
455 515
456 485
456 486
456 487
456 488
456 489
456 490
456 525
456 526
456 527
456 528
457 499
457 500
457 501
457 502
457 503
457 504
458 475
458 476
458 477
458 478
458 512
458 513
458 514
458 515
458 516
458 517
459 487
459 488
459 489
459 490
459 491
459 492
459 527
459 528
459 529
459 530
460 501
460 502
460 503
460 504
460 505
460 506
461 477
461 478
461 479
461 480
461 515
461 516
461 517
461 518
461 519
462 489
462 490
462 491
462 492
462 493
462 494
462 495
462 530
462 531
463 503
463 504
463 505
463 506
463 507
463 508
464 479
464 480
464 481
464 482
464 517
464 518
464 519
464 520
464 521
465 491
465 492
465 493
465 494
465 495
465 496
465 497
466 505
466 506
466 507
466 508
466 509
466 510
467 481
467 482
467 483
467 484
467 485
467 519
467 520
467 521
467 522
467 523
468 494
468 495
468 496
468 497
468 498
468 499
469 507
469 508
469 509
469 510
469 511
469 512
470 483
470 484
470 485
470 486
470 487
470 521
470 522
470 523
470 524
470 525
471 496
471 497
471 498
471 499
471 500
471 501
472 473
472 474
472 509
472 510
472 511
472 512
472 513
472 514
473 485
473 486
473 487
473 488
473 489
473 524
473 525
473 526
473 527
474 498
474 499
474 500
474 501
474 502
474 503
475 474
475 475
475 476
475 511
475 512
475 513
475 514
475 515
475 516
476 487
476 488
476 489
476 490
476 491
476 526
476 527
476 528
476 529
477 500
477 501
477 502
477 503
477 504
477 505
478 476
478 477
478 478
478 479
478 514
478 515
478 516
478 517
478 518
479 489
479 490
479 491
479 492
479 493
479 494
479 529
479 530
480 502
480 503
480 504
480 505
480 506
480 507
481 478
481 479
481 480
481 481
481 516
481 517
481 518
481 519
481 520
482 491
482 492
482 493
482 494
482 495
482 496
483 504
483 505
483 506
483 507
483 508
483 509
484 480
484 481
484 482
484 483
484 484
484 518
484 519
484 520
484 521
484 522
485 493
485 494
485 495
485 496
485 497
485 498
486 506
486 507
486 508
486 509
486 510
486 511
487 482
487 483
487 484
487 485
487 486
487 520
487 521
487 522
487 523
487 524
488 495
488 496
488 497
488 498
488 499
488 500
489 508
489 509
489 510
489 511
489 512
489 513
490 484
490 485
490 486
490 487
490 488
490 523
490 524
490 525
490 526
491 497
491 498
491 499
491 500
491 501
491 502
492 474
492 475
492 510
492 511
492 512
492 513
492 514
492 515
493 486
493 487
493 488
493 489
493 490
493 525
493 526
493 527
493 528
494 499
494 500
494 501
494 502
494 503
494 504
495 475
495 476
495 477
495 478
495 513
495 514
495 515
495 516
495 517
496 488
496 489
496 490
496 491
496 492
496 528
496 529
497 501
497 502
497 503
497 504
497 505
497 506
498 477
498 478
498 479
498 480
498 515
498 516
498 517
498 518
498 519
499 490
499 491
499 492
499 493
499 494
499 495
500 503
500 504
500 505
500 506
500 507
500 508
501 479
501 480
501 481
501 482
501 517
501 518
501 519
501 520
501 521
502 492
502 493
502 494
502 495
502 496
502 497
503 505
503 506
503 507
503 508
503 509
503 510
504 481
504 482
504 483
504 484
504 485
504 520
504 521
504 522
504 523
505 494
505 495
505 496
505 497
505 498
505 499
506 507
506 508
506 509
506 510
506 511
506 512
507 483
507 484
507 485
507 486
507 487
507 522
507 523
507 524
507 525
508 496
508 497
508 498
508 499
508 500
508 501
509 510
509 511
509 512
509 513
509 514
510 485
510 486
510 487
510 488
510 489
510 524
510 525
510 526
511 498
511 499
511 500
511 501
511 502
511 503
512 475
512 476
512 512
512 513
512 514
512 515
512 516
513 487
513 488
513 489
513 490
513 491
513 527
513 528
514 500
514 501
514 502
514 503
514 504
514 505
515 476
515 477
515 478
515 479
515 514
515 515
515 516
515 517
515 518
516 489
516 490
516 491
516 492
516 493
517 502
517 503
517 504
517 505
517 506
517 507
518 478
518 479
518 480
518 481
518 516
518 517
518 518
518 519
518 520
519 491
519 492
519 493
519 494
519 495
519 496
520 504
520 505
520 506
520 507
520 508
520 509
521 480
521 481
521 482
521 483
521 519
521 520
521 521
521 522
522 493
522 494
522 495
522 496
522 497
522 498
523 507
523 508
523 509
523 510
523 511
524 482
524 483
524 484
524 485
524 486
524 521
524 522
524 523
524 524
525 495
525 496
525 497
525 498
525 499
525 500
526 509
526 510
526 511
526 512
526 513
527 484
527 485
527 486
527 487
527 488
527 524
527 525
528 497
528 498
528 499
528 500
528 501
528 502
529 511
529 512
529 513
529 514
529 515
530 486
530 487
530 488
530 489
530 490
531 499
531 500
531 501
531 502
531 503
531 504
532 476
532 477
532 513
532 514
532 515
532 516
532 517
533 488
533 489
533 490
533 491
533 492
534 501
534 502
534 503
534 504
534 505
534 506
535 478
535 479
535 516
535 517
535 518
535 519
536 490
536 491
536 492
536 493
536 494
537 504
537 505
537 506
537 507
537 508
538 480
538 481
538 482
538 518
538 519
538 520
539 492
539 493
539 494
539 495
539 496
540 506
540 507
540 508
540 509
540 510
541 481
541 482
541 483
541 484
541 520
541 521
541 522
542 494
542 495
542 496
542 497
542 498
543 508
543 509
543 510
543 511
543 512
544 483
544 484
544 485
544 486
544 523
545 496
545 497
545 498
545 499
545 500
546 510
546 511
546 512
546 513
546 514
547 485
547 486
547 487
547 488
547 489
548 498
548 499
548 500
548 501
548 502
548 503
549 512
549 513
549 514
549 515
549 516
550 487
550 488
550 489
550 490
550 491
551 501
551 502
551 503
551 504
551 505
552 515
552 516
552 517
553 489
553 490
553 491
553 492
553 493
554 503
554 504
554 505
554 506
554 507
555 479
555 480
555 517
555 518
555 519
556 491
556 492
556 493
556 494
556 495
557 505
557 506
557 507
557 508
558 481
558 482
558 520
559 494
559 495
559 496
559 497
560 507
560 508
560 509
560 510
561 483
561 484
561 485
562 496
562 497
562 498
562 499
563 509
563 510
563 511
563 512
564 485
564 486
564 487
565 498
565 499
565 500
565 501
566 512
566 513
566 514
567 487
567 488
567 489
568 500
568 501
568 502
568 503
569 514
569 515
569 516
570 489
570 490
570 491
571 502
571 503
571 504
571 505
572 517
573 491
573 492
573 493
574 504
574 505
574 506
574 507
576 493
576 494
576 495
577 507
577 508
577 509
579 495
579 496
579 497
580 509
580 510
580 511
581 485
582 497
582 498
582 499
582 500
583 511
583 512
584 487
585 499
585 500
585 501
587 489
588 502
588 503
590 491
591 504
591 505
593 493
593 494
594 506
594 507
596 495
596 496
599 497
602 499
