3948 101
3949 108
3954 101
3954 102
3955 107
3955 108
3960 101
3960 102
3961 107
3961 108
3961 109
3962 114
3962 115
3966 101
3966 102
3967 107
3967 108
3967 109
3968 114
3968 115
3971 95
3972 100
3972 101
3972 102
3973 107
3973 108
3973 109
3974 114
3974 115
3977 94
3977 95
3978 100
3978 101
3978 102
3979 107
3979 108
3979 109
3980 114
3980 115
3983 94
3983 95
3984 100
3984 101
3984 102
3984 103
3985 107
3985 108
3985 109
3986 113
3986 114
3986 115
3986 116
3987 121
3989 94
3989 95
3989 96
3990 100
3990 101
3990 102
3990 103
3991 107
3991 108
3991 109
3992 113
3992 114
3992 115
3992 116
3993 121
3993 122
3995 94
3995 95
3995 96
3996 100
3996 101
3996 102
3996 103
3997 107
3997 108
3997 109
3997 110
3998 113
3998 114
3998 115
3998 116
3999 121
3999 122
4001 94
4001 95
4001 96
4002 100
4002 101
4002 102
4002 103
4003 106
4003 107
4003 108
4003 109
4003 110
4004 113
4004 114
4004 115
4004 116
4005 120
4005 121
4005 122
4007 94
4007 95
4007 96
4008 100
4008 101
4008 102
4008 103
4009 106
4009 107
4009 108
4009 109
4009 110
4010 113
4010 114
4010 115
4010 116
4011 120
4011 121
4011 122
4013 94
4013 95
4013 96
4014 100
4014 101
4014 102
4014 103
4015 106
4015 107
4015 108
4015 109
4015 110
4016 113
4016 114
4016 115
4016 116
4017 120
4017 121
4017 122
4019 94
4019 95
4019 96
4020 100
4020 101
4020 102
4020 103
4021 106
4021 107
4021 108
4021 109
4021 110
4022 113
4022 114
4022 115
4022 116
4023 120
4023 121
4023 122
4025 94
4025 95
4025 96
4026 100
4026 101
4026 102
4026 103
4027 106
4027 107
4027 108
4027 109
4027 110
4028 113
4028 114
4028 115
4028 116
4029 120
4029 121
4029 122
4029 123
4031 94
4031 95
4031 96
4032 100
4032 101
4032 102
4032 103
4033 106
4033 107
4033 108
4033 109
4033 110
4034 113
4034 114
4034 115
4034 116
4034 117
4035 120
4035 121
4035 122
4035 123
4037 94
4037 95
4037 96
4038 100
4038 101
4038 102
4038 103
4038 104
4039 106
4039 107
4039 108
4039 109
4039 110
4040 113
4040 114
4040 115
4040 116
4040 117
4041 120
4041 121
4041 122
4041 123
4042 128
4043 94
4043 95
4043 96
4044 100
4044 101
4044 102
4044 103
4044 104
4045 106
4045 107
4045 108
4045 109
4045 110
4046 113
4046 114
4046 115
4046 116
4046 117
4047 120
4047 121
4047 122
4047 123
4048 128
4049 94
4049 95
4049 96
4049 97
4050 100
4050 101
4050 102
4050 103
4050 104
4051 106
4051 107
4051 108
4051 109
4051 110
4052 113
4052 114
4052 115
4052 116
4052 117
4053 120
4053 121
4053 122
4053 123
4054 128
4055 94
4055 95
4055 96
4055 97
4056 100
4056 101
4056 102
4056 103
4056 104
4057 106
4057 107
4057 108
4057 109
4057 110
4058 113
4058 114
4058 115
4058 116
4058 117
4059 120
4059 121
4059 122
4059 123
4060 128
4061 94
4061 95
4061 96
4061 97
4062 100
4062 101
4062 102
4062 103
4062 104
4063 106
4063 107
4063 108
4063 109
4063 110
4064 113
4064 114
4064 115
4064 116
4064 117
4065 120
4065 121
4065 122
4065 123
4066 128
4067 94
4067 95
4067 96
4067 97
4068 100
4068 101
4068 102
4068 103
4068 104
4069 106
4069 107
4069 108
4069 109
4069 110
4070 113
4070 114
4070 115
4070 116
4070 117
4071 120
4071 121
4071 122
4071 123
4072 127
4072 128
4072 129
4073 94
4073 95
4073 96
4073 97
4074 100
4074 101
4074 102
4074 103
4074 104
4075 106
4075 107
4075 108
4075 109
4075 110
4075 111
4076 113
4076 114
4076 115
4076 116
4076 117
4077 120
4077 121
4077 122
4077 123
4078 127
4078 128
4078 129
4079 94
4079 95
4079 96
4079 97
4080 100
4080 101
4080 102
4080 103
4080 104
4081 106
4081 107
4081 108
4081 109
4081 110
4081 111
4082 113
4082 114
4082 115
4082 116
4082 117
4083 120
4083 121
4083 122
4083 123
4084 127
4084 128
4084 129
4085 94
4085 95
4085 96
4085 97
4086 100
4086 101
4086 102
4086 103
4086 104
4087 106
4087 107
4087 108
4087 109
4087 110
4087 111
4088 113
4088 114
4088 115
4088 116
4088 117
4089 120
4089 121
4089 122
4089 123
4090 127
4090 128
4090 129
4091 94
4091 95
4091 96
4091 97
4092 100
4092 101
4092 102
4092 103
4092 104
4093 107
4093 108
4093 109
4093 110
4093 111
4094 113
4094 114
4094 115
4094 116
4094 117
4095 120
4095 121
4095 122
4095 123
4096 127
4096 128
4096 129
4097 94
4097 95
4097 96
4097 97
4098 100
4098 101
4098 102
4098 103
4098 104
4099 107
4099 108
4099 109
4099 110
4099 111
4100 113
4100 114
4100 115
4100 116
4100 117
4101 120
4101 121
4101 122
4101 123
4102 127
4102 128
4102 129
4103 94
4103 95
4103 96
4103 97
4104 100
4104 101
4104 102
4104 103
4104 104
4105 107
4105 108
4105 109
4105 110
4105 111
4106 113
4106 114
4106 115
4106 116
4106 117
4107 120
4107 121
4107 122
4107 123
4108 127
4108 128
4108 129
4109 94
4109 95
4109 96
4109 97
4110 100
4110 101
4110 102
4110 103
4110 104
4111 107
4111 108
4111 109
4111 110
4111 111
4112 113
4112 114
4112 115
4112 116
4112 117
4113 120
4113 121
4113 122
4113 123
4114 127
4114 128
4114 129
4115 94
4115 95
4115 96
4115 97
4116 100
4116 101
4116 102
4116 103
4116 104
4117 107
4117 108
4117 109
4117 110
4117 111
4118 113
4118 114
4118 115
4118 116
4118 117
4119 120
4119 121
4119 122
4119 123
4120 128
4120 129
4121 95
4121 96
4121 97
4122 100
4122 101
4122 102
4122 103
4122 104
4123 107
4123 108
4123 109
4123 110
4123 111
4124 113
4124 114
4124 115
4124 116
4124 117
4125 120
4125 121
4125 122
4125 123
4126 128
4126 129
4127 95
4127 96
4127 97
4128 101
4128 102
4128 103
4128 104
4129 107
4129 108
4129 109
4129 110
4129 111
4130 113
4130 114
4130 115
4130 116
4130 117
4131 120
4131 121
4131 122
4131 123
4132 128
4132 129
4133 95
4133 96
4133 97
4134 101
4134 102
4134 103
4134 104
4135 107
4135 108
4135 109
4135 110
4135 111
4136 113
4136 114
4136 115
4136 116
4136 117
4137 120
4137 121
4137 122
4137 123
4138 128
4138 129
4139 95
4139 96
4140 101
4140 102
4140 103
4140 104
4141 107
4141 108
4141 109
4141 110
4141 111
4142 114
4142 115
4142 116
4142 117
4143 120
4143 121
4143 122
4143 123
4144 128
4144 129
4145 95
4145 96
4146 101
4146 102
4146 103
4146 104
4147 107
4147 108
4147 109
4147 110
4147 111
4148 114
4148 115
4148 116
4148 117
4149 120
4149 121
4149 122
4149 123
4150 128
4150 129
4151 95
4151 96
4152 101
4152 102
4152 103
4152 104
4153 107
4153 108
4153 109
4153 110
4153 111
4154 114
4154 115
4154 116
4154 117
4155 121
4155 122
4155 123
4156 128
4156 129
4157 96
4158 101
4158 102
4158 103
4158 104
4159 107
4159 108
4159 109
4159 110
4159 111
4160 114
4160 115
4160 116
4160 117
4161 121
4161 122
4161 123
4162 128
4162 129
4163 96
4164 101
4164 102
4164 103
4164 104
4165 107
4165 108
4165 109
4165 110
4165 111
4166 114
4166 115
4166 116
4166 117
4167 121
4167 122
4167 123
4168 128
4168 129
4170 101
4170 102
4170 103
4170 104
4171 107
4171 108
4171 109
4171 110
4171 111
4172 114
4172 115
4172 116
4172 117
4173 121
4173 122
4173 123
4174 128
4174 129
4176 102
4176 103
4176 104
4177 108
4177 109
4177 110
4177 111
4178 114
4178 115
4178 116
4178 117
4179 121
4179 122
4179 123
4180 128
4180 129
4182 102
4182 103
4183 108
4183 109
4183 110
4183 111
4184 114
4184 115
4184 116
4184 117
4185 121
4185 122
4185 123
4186 129
4188 102
4188 103
4189 108
4189 109
4189 110
4190 114
4190 115
4190 116
4190 117
4191 121
4191 122
4191 123
4192 129
4194 102
4194 103
4195 108
4195 109
4195 110
4196 114
4196 115
4196 116
4196 117
4197 121
4197 122
4197 123
4198 129
4200 102
4200 103
4201 108
4201 109
4201 110
4202 115
4202 116
4202 117
4203 121
4203 122
4203 123
4206 103
4207 108
4207 109
4207 110
4208 115
4208 116
4208 117
4209 122
4209 123
4213 109
4213 110
4214 115
4214 116
4214 117
4215 122
4215 123
4219 109
4219 110
4220 115
4220 116
4220 117
4221 122
4221 123
4225 109
4225 110
4226 115
4226 116
4226 117
4227 122
4227 123
4231 109
4231 110
4232 116
4232 117
4233 122
4233 123
4238 116
4244 116
