3233 168
3235 166
3237 165
3239 163
3241 162
3243 160
3244 178
3245 158
3246 176
3247 157
3248 174
3248 175
3250 173
3252 171
3252 172
3254 169
3254 170
3256 168
3256 169
3258 166
3258 167
3260 165
3260 166
3262 163
3262 164
3263 181
3264 161
3264 162
3264 163
3265 180
3266 160
3266 161
3267 178
3268 158
3268 159
3268 160
3269 176
3269 177
3270 157
3270 158
3271 175
3271 176
3272 155
3272 156
3273 173
3273 174
3274 154
3274 155
3275 171
3275 172
3275 173
3276 152
3276 153
3277 170
3277 171
3278 151
3279 168
3279 169
3279 170
3281 166
3281 167
3281 168
3283 165
3283 166
3283 167
3285 163
3285 164
3285 165
3286 182
3287 162
3287 163
3288 180
3289 160
3289 161
3289 162
3290 178
3290 179
3291 159
3291 160
3292 177
3292 178
3293 157
3293 158
3293 159
3294 175
3294 176
3295 156
3295 157
3296 173
3296 174
3296 175
3297 154
3297 155
3298 172
3298 173
3299 153
3299 154
3300 170
3300 171
3300 172
3301 151
3301 152
3302 169
3302 170
3303 150
3304 167
3304 168
3304 169
3306 165
3306 166
3306 167
3308 164
3308 165
3308 166
3310 162
3310 163
3310 164
3312 161
3312 162
3313 179
3314 159
3314 160
3314 161
3315 178
3316 158
3316 159
3317 176
3318 156
3318 157
3318 158
3319 174
3319 175
3320 155
3320 156
3321 173
3321 174
3322 153
3322 154
3323 171
3323 172
3324 152
3324 153
3325 169
3325 170
3325 171
3326 150
3326 151
3327 168
3327 169
3328 149
3329 166
3329 167
3329 168
3331 165
3331 166
3333 163
3333 164
3335 161
3335 162
3335 163
3337 160
3337 161
3339 158
3339 159
3339 160
3341 157
3341 158
3343 155
3343 156
3345 154
3345 155
3346 172
3347 153
3348 170
3348 171
3349 151
3350 169
3352 167
3352 168
3354 165
3354 166
3356 164
3356 165
3358 162
3358 163
3360 161
3360 162
3362 159
3362 160
3364 158
3366 156
3366 157
3368 155
