745 106
752 100
753 105
754 110
760 99
761 103
761 104
762 108
762 109
769 102
769 103
770 107
770 108
771 112
777 101
777 102
778 105
778 106
778 107
779 111
779 112
785 99
785 100
785 101
786 104
786 105
786 106
787 109
787 110
787 111
788 115
793 98
793 99
794 103
794 104
794 105
795 108
795 109
796 113
796 114
801 97
801 98
802 102
802 103
803 106
803 107
803 108
804 112
804 113
809 96
809 97
810 100
810 101
810 102
811 105
811 106
811 107
812 110
812 111
812 112
813 116
817 95
818 99
818 100
818 101
819 104
819 105
819 106
820 109
820 110
820 111
821 114
821 115
825 94
826 98
826 99
826 100
827 103
827 104
827 105
828 108
828 109
828 110
829 113
829 114
834 97
834 98
835 101
835 102
835 103
835 104
836 106
836 107
836 108
837 111
837 112
837 113
838 117
842 96
842 97
843 100
843 101
843 102
844 105
844 106
844 107
845 110
845 111
845 112
846 116
850 95
851 99
851 100
851 101
852 104
852 105
852 106
853 109
853 110
853 111
854 114
854 115
859 98
859 99
859 100
860 103
860 104
860 105
861 108
861 109
861 110
862 113
862 114
867 97
867 98
868 101
868 102
868 103
869 106
869 107
869 108
870 111
870 112
870 113
871 117
875 96
875 97
876 100
876 101
876 102
877 105
877 106
877 107
878 110
878 111
878 112
879 116
884 99
884 100
884 101
885 104
885 105
885 106
886 109
886 110
886 111
887 114
887 115
892 98
892 99
893 103
893 104
894 108
894 109
895 113
895 114
901 102
901 103
902 107
902 108
903 112
903 113
909 101
910 106
910 107
911 111
918 105
919 110
3402 276
3403 280
3403 281
3404 285
3410 275
3411 279
3411 280
3412 284
3418 273
3418 274
3419 277
3419 278
3419 279
3420 282
3420 283
3421 287
3421 288
3426 272
3426 273
3427 276
3427 277
3427 278
3428 281
3428 282
3429 285
3429 286
3429 287
3430 291
3434 271
3434 272
3435 275
3435 276
3435 277
3436 279
3436 280
3436 281
3437 284
3437 285
3437 286
3438 289
3438 290
3442 269
3442 270
3443 273
3443 274
3443 275
3444 278
3444 279
3444 280
3445 283
3445 284
3445 285
3446 287
3446 288
3446 289
3450 268
3450 269
3451 272
3451 273
3451 274
3452 277
3452 278
3452 279
3453 281
3453 282
3453 283
3453 284
3454 286
3454 287
3454 288
3455 291
3455 292
3458 267
3458 268
3459 271
3459 272
3459 273
3460 275
3460 276
3460 277
3460 278
3461 280
3461 281
3461 282
3461 283
3462 285
3462 286
3462 287
3463 290
3463 291
3466 266
3466 267
3467 270
3467 271
3467 272
3468 274
3468 275
3468 276
3468 277
3469 279
3469 280
3469 281
3470 283
3470 284
3470 285
3470 286
3471 288
3471 289
3471 290
3472 294
3474 265
3475 268
3475 269
3475 270
3475 271
3476 273
3476 274
3476 275
3476 276
3477 277
3477 278
3477 279
3477 280
3478 282
3478 283
3478 284
3478 285
3479 287
3479 288
3479 289
3480 292
3480 293
3482 264
3483 267
3483 268
3483 269
3484 272
3484 273
3484 274
3485 276
3485 277
3485 278
3485 279
3486 281
3486 282
3486 283
3486 284
3487 285
3487 286
3487 287
3487 288
3488 290
3488 291
3488 292
3491 266
3491 267
3491 268
3492 270
3492 271
3492 272
3492 273
3493 275
3493 276
3493 277
3493 278
3494 279
3494 280
3494 281
3494 282
3495 284
3495 285
3495 286
3495 287
3496 289
3496 290
3496 291
3497 294
3497 295
3499 265
3499 266
3499 267
3500 269
3500 270
3500 271
3500 272
3501 273
3501 274
3501 275
3501 276
3501 277
3502 278
3502 279
3502 280
3502 281
3503 283
3503 284
3503 285
3503 286
3504 288
3504 289
3504 290
3505 293
3505 294
3507 264
3507 265
3508 268
3508 269
3508 270
3508 271
3509 272
3509 273
3509 274
3509 275
3510 277
3510 278
3510 279
3510 280
3511 281
3511 282
3511 283
3511 284
3511 285
3512 286
3512 287
3512 288
3512 289
3513 291
3513 292
3513 293
3515 263
3515 264
3516 267
3516 268
3516 269
3517 271
3517 272
3517 273
3517 274
3518 276
3518 277
3518 278
3518 279
3519 280
3519 281
3519 282
3519 283
3520 285
3520 286
3520 287
3520 288
3521 290
3521 291
3521 292
3523 262
3523 263
3524 266
3524 267
3524 268
3525 270
3525 271
3525 272
3525 273
3526 274
3526 275
3526 276
3526 277
3526 278
3527 279
3527 280
3527 281
3527 282
3528 284
3528 285
3528 286
3528 287
3529 289
3529 290
3529 291
3530 294
3531 261
3532 264
3532 265
3532 266
3532 267
3533 269
3533 270
3533 271
3533 272
3534 273
3534 274
3534 275
3534 276
3535 278
3535 279
3535 280
3535 281
3536 282
3536 283
3536 284
3536 285
3537 287
3537 288
3537 289
3537 290
3538 292
3538 293
3538 294
3540 263
3540 264
3540 265
3541 267
3541 268
3541 269
3541 270
3542 272
3542 273
3542 274
3542 275
3543 276
3543 277
3543 278
3543 279
3543 280
3544 281
3544 282
3544 283
3544 284
3545 286
3545 287
3545 288
3545 289
3546 291
3546 292
3546 293
3548 262
3548 263
3548 264
3549 266
3549 267
3549 268
3549 269
3550 271
3550 272
3550 273
3550 274
3551 275
3551 276
3551 277
3551 278
3551 279
3552 280
3552 281
3552 282
3552 283
3553 285
3553 286
3553 287
3554 290
3554 291
3556 261
3556 262
3557 265
3557 266
3557 267
3557 268
3558 269
3558 270
3558 271
3558 272
3558 273
3559 274
3559 275
3559 276
3559 277
3560 279
3560 280
3560 281
3560 282
3561 283
3561 284
3561 285
3561 286
3562 288
3562 289
3562 290
3563 294
3564 260
3564 261
3565 264
3565 265
3565 266
3566 268
3566 269
3566 270
3566 271
3567 273
3567 274
3567 275
3567 276
3568 277
3568 278
3568 279
3568 280
3568 281
3569 282
3569 283
3569 284
3569 285
3570 287
3570 288
3570 289
3571 292
3571 293
3573 263
3573 264
3573 265
3574 267
3574 268
3574 269
3574 270
3575 272
3575 273
3575 274
3575 275
3576 276
3576 277
3576 278
3576 279
3577 281
3577 282
3577 283
3577 284
3578 286
3578 287
3578 288
3579 291
3579 292
3581 262
3581 263
3582 266
3582 267
3582 268
3582 269
3583 270
3583 271
3583 272
3583 273
3584 275
3584 276
3584 277
3584 278
3585 280
3585 281
3585 282
3585 283
3586 284
3586 285
3586 286
3586 287
3587 290
3587 291
3589 261
3589 262
3590 265
3590 266
3590 267
3591 269
3591 270
3591 271
3591 272
3592 274
3592 275
3592 276
3592 277
3593 278
3593 279
3593 280
3593 281
3594 283
3594 284
3594 285
3594 286
3595 288
3595 289
3595 290
3597 260
3598 264
3598 265
3598 266
3599 268
3599 269
3599 270
3599 271
3600 273
3600 274
3600 275
3600 276
3601 277
3601 278
3601 279
3601 280
3602 282
3602 283
3602 284
3603 287
3603 288
3603 289
3606 263
3606 264
3607 267
3607 268
3607 269
3608 271
3608 272
3608 273
3608 274
3609 276
3609 277
3609 278
3609 279
3610 281
3610 282
3610 283
3611 286
3611 287
3614 262
3614 263
3615 266
3615 267
3615 268
3616 270
3616 271
3616 272
3616 273
3617 275
3617 276
3617 277
3617 278
3618 279
3618 280
3618 281
3618 282
3619 284
3619 285
3619 286
3620 290
3623 265
3623 266
3624 269
3624 270
3624 271
3625 274
3625 275
3625 276
3626 278
3626 279
3626 280
3626 281
3627 283
3627 284
3627 285
3628 289
3631 264
3631 265
3632 268
3632 269
3632 270
3633 272
3633 273
3633 274
3633 275
3634 277
3634 278
3634 279
3635 282
3635 283
3635 284
3636 287
3639 263
3640 267
3640 268
3640 269
3641 271
3641 272
3641 273
3642 276
3642 277
3642 278
3643 281
3643 282
3644 286
3648 266
3648 267
3649 270
3649 271
3649 272
3650 275
3650 276
3650 277
3651 280
3651 281
3652 285
3656 265
3657 269
3657 270
3658 274
3658 275
3659 279
3659 280
3665 268
3665 269
3666 273
3666 274
3667 278
3674 272
3675 277
