1 213
1 214
2 217
2 218
2 219
3 222
3 223
3 224
4 228
4 229
5 233
8 208
9 212
9 213
9 214
10 217
10 218
10 219
11 222
11 223
11 224
12 227
12 228
12 229
13 232
13 233
16 207
16 208
17 211
17 212
17 213
17 214
18 216
18 217
18 218
18 219
19 221
19 222
19 223
19 224
20 226
20 227
20 228
21 231
21 232
21 233
22 237
24 206
24 207
25 211
25 212
25 213
26 215
26 216
26 217
26 218
27 220
27 221
27 222
27 223
28 225
28 226
28 227
28 228
29 230
29 231
29 232
29 233
30 235
30 236
30 237
32 206
32 207
33 210
33 211
33 212
33 213
34 214
34 215
34 216
34 217
34 218
35 219
35 220
35 221
35 222
35 223
36 224
36 225
36 226
36 227
36 228
37 229
37 230
37 231
37 232
38 234
38 235
38 236
38 237
39 240
39 241
40 205
40 206
41 209
41 210
41 211
41 212
42 214
42 215
42 216
42 217
43 218
43 219
43 220
43 221
43 222
44 223
44 224
44 225
44 226
44 227
45 228
45 229
45 230
45 231
45 232
46 234
46 235
46 236
46 237
47 239
47 240
47 241
48 205
48 206
49 209
49 210
49 211
50 213
50 214
50 215
50 216
50 217
51 218
51 219
51 220
51 221
51 222
52 223
52 224
52 225
52 226
52 227
53 228
53 229
53 230
53 231
53 232
54 233
54 234
54 235
54 236
55 238
55 239
55 240
55 241
56 204
56 205
56 244
57 208
57 209
57 210
57 211
58 212
58 213
58 214
58 215
58 216
59 217
59 218
59 219
59 220
59 221
60 222
60 223
60 224
60 225
60 226
61 227
61 228
61 229
61 230
61 231
62 232
62 233
62 234
62 235
62 236
63 237
63 238
63 239
63 240
64 204
64 243
64 244
65 207
65 208
65 209
65 210
66 212
66 213
66 214
66 215
66 216
67 216
67 217
67 218
67 219
67 220
67 221
68 221
68 222
68 223
68 224
68 225
68 226
69 226
69 227
69 228
69 229
69 230
69 231
70 231
70 232
70 233
70 234
70 235
71 236
71 237
71 238
71 239
71 240
72 203
72 204
72 242
72 243
72 244
73 207
73 208
73 209
73 210
74 211
74 212
74 213
74 214
74 215
75 216
75 217
75 218
75 219
75 220
76 221
76 222
76 223
76 224
76 225
77 226
77 227
77 228
77 229
77 230
78 231
78 232
78 233
78 234
78 235
79 236
79 237
79 238
79 239
79 240
80 203
80 241
80 242
80 243
80 244
81 206
81 207
81 208
81 209
81 247
81 248
82 211
82 212
82 213
82 214
82 215
83 215
83 216
83 217
83 218
83 219
83 220
84 220
84 221
84 222
84 223
84 224
84 225
85 225
85 226
85 227
85 228
85 229
85 230
86 230
86 231
86 232
86 233
86 234
87 235
87 236
87 237
87 238
87 239
88 240
88 241
88 242
88 243
89 206
89 207
89 208
89 246
89 247
90 210
90 211
90 212
90 213
90 214
91 215
91 216
91 217
91 218
91 219
92 219
92 220
92 221
92 222
92 223
92 224
93 224
93 225
93 226
93 227
93 228
93 229
94 229
94 230
94 231
94 232
94 233
94 234
95 234
95 235
95 236
95 237
95 238
95 239
96 240
96 241
96 242
96 243
97 205
97 206
97 207
97 208
97 245
97 246
97 247
98 209
98 210
98 211
98 212
98 213
99 214
99 215
99 216
99 217
99 218
99 219
100 219
100 220
100 221
100 222
100 223
100 224
101 224
101 225
101 226
101 227
101 228
101 229
102 229
102 230
102 231
102 232
102 233
103 234
103 235
103 236
103 237
103 238
104 239
104 240
104 241
104 242
104 243
105 205
105 206
105 207
105 244
105 245
105 246
105 247
106 209
106 210
106 211
106 212
106 213
107 213
107 214
107 215
107 216
107 217
107 218
108 218
108 219
108 220
108 221
108 222
108 223
109 223
109 224
109 225
109 226
109 227
109 228
110 228
110 229
110 230
110 231
110 232
110 233
111 233
111 234
111 235
111 236
111 237
111 238
112 238
112 239
112 240
112 241
112 242
113 204
113 205
113 206
113 244
113 245
113 246
113 247
114 208
114 209
114 210
114 211
114 212
114 249
114 250
115 213
115 214
115 215
115 216
115 217
116 218
116 219
116 220
116 221
116 222
116 223
117 222
117 223
117 224
117 225
117 226
117 227
117 228
118 227
118 228
118 229
118 230
118 231
118 232
119 232
119 233
119 234
119 235
119 236
119 237
120 237
120 238
120 239
120 240
120 241
120 242
121 204
121 205
121 243
121 244
121 245
121 246
122 208
122 209
122 210
122 211
122 249
122 250
123 212
123 213
123 214
123 215
123 216
123 217
124 217
124 218
124 219
124 220
124 221
124 222
125 222
125 223
125 224
125 225
125 226
125 227
126 227
126 228
126 229
126 230
126 231
126 232
127 232
127 233
127 234
127 235
127 236
127 237
128 237
128 238
128 239
128 240
128 241
129 204
129 205
129 242
129 243
129 244
129 245
129 246
130 207
130 208
130 209
130 210
130 211
130 248
130 249
130 250
131 212
131 213
131 214
131 215
131 216
132 216
132 217
132 218
132 219
132 220
132 221
133 221
133 222
133 223
133 224
133 225
133 226
134 226
134 227
134 228
134 229
134 230
134 231
135 231
135 232
135 233
135 234
135 235
135 236
136 236
136 237
136 238
136 239
136 240
136 241
137 241
137 242
137 243
137 244
137 245
138 207
138 208
138 209
138 210
138 247
138 248
138 249
139 211
139 212
139 213
139 214
139 215
139 216
140 216
140 217
140 218
140 219
140 220
140 221
141 221
141 222
141 223
141 224
141 225
141 226
142 225
142 226
142 227
142 228
142 229
142 230
142 231
143 230
143 231
143 232
143 233
143 234
143 235
143 236
144 236
144 237
144 238
144 239
144 240
145 241
145 242
145 243
145 244
145 245
146 207
146 208
146 209
146 246
146 247
146 248
146 249
147 211
147 212
147 213
147 214
147 215
147 252
147 253
148 215
148 216
148 217
148 218
148 219
148 220
149 220
149 221
149 222
149 223
149 224
149 225
150 225
150 226
150 227
150 228
150 229
150 230
151 230
151 231
151 232
151 233
151 234
151 235
152 235
152 236
152 237
152 238
152 239
152 240
153 240
153 241
153 242
153 243
153 244
154 206
154 207
154 208
154 209
154 245
154 246
154 247
154 248
154 249
155 210
155 211
155 212
155 213
155 214
155 251
155 252
156 215
156 216
156 217
156 218
156 219
156 220
157 220
157 221
157 222
157 223
157 224
157 225
158 224
158 225
158 226
158 227
158 228
158 229
158 230
159 229
159 230
159 231
159 232
159 233
159 234
159 235
160 234
160 235
160 236
160 237
160 238
160 239
161 239
161 240
161 241
161 242
161 243
161 244
162 206
162 207
162 208
162 245
162 246
162 247
162 248
163 210
163 211
163 212
163 213
163 214
163 251
163 252
164 214
164 215
164 216
164 217
164 218
164 219
165 219
165 220
165 221
165 222
165 223
165 224
166 224
166 225
166 226
166 227
166 228
166 229
167 229
167 230
167 231
167 232
167 233
167 234
168 234
168 235
168 236
168 237
168 238
168 239
169 239
169 240
169 241
169 242
169 243
170 206
170 207
170 244
170 245
170 246
170 247
170 248
171 210
171 211
171 212
171 213
171 250
171 251
171 252
172 214
172 215
172 216
172 217
172 218
173 219
173 220
173 221
173 222
173 223
173 224
174 223
174 224
174 225
174 226
174 227
174 228
174 229
175 228
175 229
175 230
175 231
175 232
175 233
176 233
176 234
176 235
176 236
176 237
176 238
177 238
177 239
177 240
177 241
177 242
177 243
178 244
178 245
178 246
178 247
179 209
179 210
179 211
179 212
179 249
179 250
179 251
180 213
180 214
180 215
180 216
180 217
180 218
181 218
181 219
181 220
181 221
181 222
181 223
182 223
182 224
182 225
182 226
182 227
182 228
183 228
183 229
183 230
183 231
183 232
183 233
184 233
184 234
184 235
184 236
184 237
184 238
185 238
185 239
185 240
185 241
185 242
186 243
186 244
186 245
186 246
186 247
187 209
187 210
187 211
187 248
187 249
187 250
187 251
188 213
188 214
188 215
188 216
188 217
189 218
189 219
189 220
189 221
189 222
190 222
190 223
190 224
190 225
190 226
190 227
191 227
191 228
191 229
191 230
191 231
191 232
192 232
192 233
192 234
192 235
192 236
192 237
193 237
193 238
193 239
193 240
193 241
193 242
194 242
194 243
194 244
194 245
194 246
195 209
195 210
195 248
195 249
195 250
196 213
196 214
196 215
196 216
197 217
197 218
197 219
197 220
197 221
197 222
198 222
198 223
198 224
198 225
198 226
198 227
199 227
199 228
199 229
199 230
199 231
199 232
200 231
200 232
200 233
200 234
200 235
200 236
201 237
201 238
201 239
201 240
201 241
202 242
202 243
202 244
202 245
202 246
203 208
203 209
203 247
203 248
203 249
203 250
204 212
204 213
204 214
204 215
205 217
205 218
205 219
205 220
205 221
206 221
206 222
206 223
206 224
206 225
206 226
207 226
207 227
207 228
207 229
207 230
207 231
208 231
208 232
208 233
208 234
208 235
208 236
209 236
209 237
209 238
209 239
209 240
209 241
210 241
210 242
210 243
210 244
210 245
211 247
211 248
211 249
212 212
212 213
212 214
212 215
212 253
213 216
213 217
213 218
213 219
213 220
214 221
214 222
214 223
214 224
214 225
215 226
215 227
215 228
215 229
215 230
216 230
216 231
216 232
216 233
216 234
216 235
217 235
217 236
217 237
217 238
217 239
217 240
218 241
218 242
218 243
218 244
218 245
219 246
219 247
219 248
219 249
220 212
220 213
220 214
220 252
221 216
221 217
221 218
221 219
222 220
222 221
222 222
222 223
222 224
222 225
223 225
223 226
223 227
223 228
223 229
223 230
224 230
224 231
224 232
224 233
224 234
224 235
225 235
225 236
225 237
225 238
225 239
226 240
226 241
226 242
226 243
226 244
227 245
227 246
227 247
227 248
228 211
228 212
228 213
228 251
228 252
229 215
229 216
229 217
229 218
229 219
230 220
230 221
230 222
230 223
230 224
231 225
231 226
231 227
231 228
231 229
232 229
232 230
232 231
232 232
232 233
232 234
233 234
233 235
233 236
233 237
233 238
233 239
234 240
234 241
234 242
234 243
235 245
235 246
235 247
235 248
236 212
236 251
237 215
237 216
237 217
237 218
238 220
238 221
238 222
238 223
239 224
239 225
239 226
239 227
239 228
240 229
240 230
240 231
240 232
240 233
241 234
241 235
241 236
241 237
241 238
242 239
242 240
242 241
242 242
242 243
243 244
243 245
243 246
243 247
244 250
244 251
245 215
245 216
245 217
246 219
246 220
246 221
246 222
246 223
247 224
247 225
247 226
247 227
247 228
248 229
248 230
248 231
248 232
248 233
249 233
249 234
249 235
249 236
249 237
250 239
250 240
250 241
250 242
251 244
251 245
251 246
252 250
253 215
253 216
254 219
254 220
254 221
254 222
255 223
255 224
255 225
255 226
255 227
256 228
256 229
256 230
256 231
256 232
257 233
257 234
257 235
257 236
257 237
258 238
258 239
258 240
258 241
259 243
259 244
259 245
259 246
260 249
260 250
261 215
262 219
262 220
262 221
263 223
263 224
263 225
263 226
264 228
264 229
264 230
264 231
265 233
265 234
265 235
265 236
266 238
266 239
266 240
266 241
267 243
267 244
267 245
268 249
270 218
270 219
270 220
271 223
271 224
271 225
272 227
272 228
272 229
272 230
272 231
273 232
273 233
273 234
273 235
274 237
274 238
274 239
274 240
275 243
275 244
278 218
278 219
279 222
279 223
279 224
279 225
280 227
280 228
280 229
280 230
281 232
281 233
281 234
281 235
282 237
282 238
282 239
283 242
283 243
283 244
287 222
287 223
287 224
288 227
288 228
288 229
289 231
289 232
289 233
289 234
290 237
290 238
290 239
291 242
291 243
295 222
295 223
296 227
296 228
297 231
297 232
297 233
298 236
298 237
298 238
299 242
304 226
304 227
305 231
305 232
306 236
306 237
313 231
2487 241
2488 245
2488 246
2489 250
2495 240
2495 241
2496 244
2496 245
2496 246
2497 249
2497 250
2502 235
2503 239
2503 240
2504 244
2504 245
2505 248
2505 249
2505 250
2506 254
2510 234
2510 235
2511 238
2511 239
2511 240
2512 243
2512 244
2512 245
2513 248
2513 249
2513 250
2514 253
2514 254
2518 233
2518 234
2518 235
2519 237
2519 238
2519 239
2519 240
2520 242
2520 243
2520 244
2520 245
2521 247
2521 248
2521 249
2522 252
2522 253
2522 254
2526 232
2526 233
2526 234
2527 237
2527 238
2527 239
2528 241
2528 242
2528 243
2528 244
2529 246
2529 247
2529 248
2529 249
2530 251
2530 252
2530 253
2531 257
2533 228
2534 232
2534 233
2534 234
2535 236
2535 237
2535 238
2535 239
2536 241
2536 242
2536 243
2536 244
2537 246
2537 247
2537 248
2538 251
2538 252
2538 253
2539 256
2539 257
2541 227
2541 228
2542 231
2542 232
2542 233
2543 235
2543 236
2543 237
2543 238
2544 240
2544 241
2544 242
2544 243
2545 245
2545 246
2545 247
2545 248
2546 250
2546 251
2546 252
2547 255
2547 256
2549 227
2550 231
2550 232
2550 233
2551 235
2551 236
2551 237
2551 238
2552 239
2552 240
2552 241
2552 242
2552 243
2553 244
2553 245
2553 246
2553 247
2554 249
2554 250
2554 251
2554 252
2555 255
2555 256
2557 226
2557 227
2558 230
2558 231
2558 232
2559 234
2559 235
2559 236
2559 237
2560 239
2560 240
2560 241
2560 242
2561 244
2561 245
2561 246
2561 247
2562 249
2562 250
2562 251
2563 254
2563 255
2563 256
2565 225
2565 226
2566 229
2566 230
2566 231
2566 232
2567 234
2567 235
2567 236
2567 237
2568 238
2568 239
2568 240
2568 241
2568 242
2569 243
2569 244
2569 245
2569 246
2570 248
2570 249
2570 250
2570 251
2571 253
2571 254
2571 255
2573 225
2573 226
2574 229
2574 230
2574 231
2575 233
2575 234
2575 235
2575 236
2576 238
2576 239
2576 240
2576 241
2577 242
2577 243
2577 244
2577 245
2577 246
2578 247
2578 248
2578 249
2578 250
2579 253
2579 254
2579 255
2581 224
2581 225
2582 228
2582 229
2582 230
2582 231
2583 233
2583 234
2583 235
2583 236
2584 237
2584 238
2584 239
2584 240
2584 241
2585 242
2585 243
2585 244
2585 245
2586 247
2586 248
2586 249
2586 250
2587 252
2587 253
2587 254
2589 224
2589 225
2590 228
2590 229
2590 230
2591 232
2591 233
2591 234
2591 235
2592 237
2592 238
2592 239
2592 240
2593 241
2593 242
2593 243
2593 244
2593 245
2594 246
2594 247
2594 248
2594 249
2595 251
2595 252
2595 253
2595 254
2596 257
2597 223
2597 224
2598 227
2598 228
2598 229
2598 230
2599 231
2599 232
2599 233
2599 234
2599 235
2600 236
2600 237
2600 238
2600 239
2600 240
2601 241
2601 242
2601 243
2601 244
2602 246
2602 247
2602 248
2602 249
2603 251
2603 252
2603 253
2605 223
2605 224
2606 227
2606 228
2606 229
2607 231
2607 232
2607 233
2607 234
2608 236
2608 237
2608 238
2608 239
2609 240
2609 241
2609 242
2609 243
2609 244
2610 245
2610 246
2610 247
2610 248
2611 250
2611 251
2611 252
2612 256
2613 222
2613 223
2614 226
2614 227
2614 228
2615 230
2615 231
2615 232
2615 233
2616 235
2616 236
2616 237
2616 238
2617 240
2617 241
2617 242
2617 243
2618 245
2618 246
2618 247
2618 248
2619 250
2619 251
2619 252
2621 222
2622 226
2622 227
2622 228
2623 230
2623 231
2623 232
2623 233
2624 235
2624 236
2624 237
2624 238
2625 239
2625 240
2625 241
2625 242
2626 244
2626 245
2626 246
2626 247
2627 249
2627 250
2627 251
2630 225
2630 226
2630 227
2631 230
2631 231
2631 232
2632 234
2632 235
2632 236
2632 237
2633 239
2633 240
2633 241
2633 242
2634 244
2634 245
2634 246
2635 249
2635 250
2635 251
2638 225
2638 226
2639 229
2639 230
2639 231
2639 232
2640 234
2640 235
2640 236
2641 238
2641 239
2641 240
2641 241
2642 243
2642 244
2642 245
2642 246
2643 248
2643 249
2643 250
2646 224
2646 225
2646 226
2647 229
2647 230
2647 231
2648 233
2648 234
2648 235
2648 236
2649 238
2649 239
2649 240
2649 241
2650 243
2650 244
2650 245
2651 248
2651 249
2654 224
2654 225
2655 228
2655 229
2655 230
2656 233
2656 234
2656 235
2657 237
2657 238
2657 239
2657 240
2658 242
2658 243
2658 244
2659 248
2662 224
2663 228
2663 229
2664 232
2664 233
2664 234
2665 237
2665 238
2665 239
2666 242
2666 243
2666 244
2667 247
2667 248
2671 228
2671 229
2672 232
2672 233
2672 234
2673 237
2673 238
2674 242
2674 243
2679 228
2680 232
2680 233
2681 236
2681 237
2681 238
2682 241
2682 242
2688 232
2689 236
2689 237
2690 241
4369 220
4376 214
4376 215
4377 218
4377 219
4377 220
4378 223
4378 224
4378 225
4379 229
