1270 275
1270 276
1272 274
1272 275
1274 273
1274 274
1276 272
1276 273
1276 274
1278 271
1278 272
1278 273
1280 270
1280 271
1280 272
1282 269
1282 270
1282 271
1284 269
1284 270
1286 268
1286 269
1286 270
1288 267
1288 268
1288 269
1289 286
1290 266
1290 267
1290 268
1291 285
1292 265
1292 266
1292 267
1293 284
1293 285
1294 264
1294 265
1294 266
1295 282
1295 283
1295 284
1296 263
1296 264
1296 265
1297 281
1297 282
1297 283
1298 262
1298 263
1298 264
1299 280
1299 281
1299 282
1300 261
1300 262
1300 263
1300 264
1301 279
1301 280
1301 281
1301 282
1302 261
1302 262
1302 263
1303 278
1303 279
1303 280
1303 281
1304 260
1304 261
1304 262
1305 277
1305 278
1305 279
1305 280
1306 259
1306 260
1306 261
1307 277
1307 278
1307 279
1308 258
1308 259
1308 260
1309 276
1309 277
1309 278
1310 257
1310 258
1310 259
1311 275
1311 276
1311 277
1311 278
1312 256
1312 257
1312 258
1313 274
1313 275
1313 276
1313 277
1314 256
1314 257
1315 273
1315 274
1315 275
1315 276
1316 255
1316 256
1317 272
1317 273
1317 274
1317 275
1318 254
1318 255
1318 291
1318 292
1319 271
1319 272
1319 273
1319 274
1320 253
1320 254
1320 290
1320 291
1321 270
1321 271
1321 272
1321 273
1322 253
1322 289
1322 290
1322 291
1323 269
1323 270
1323 271
1323 272
1323 273
1324 252
1324 288
1324 289
1324 290
1325 268
1325 269
1325 270
1325 271
1325 272
1326 251
1326 287
1326 288
1326 289
1327 267
1327 268
1327 269
1327 270
1327 271
1328 286
1328 287
1328 288
1329 267
1329 268
1329 269
1329 270
1330 285
1330 286
1330 287
1330 288
1331 266
1331 267
1331 268
1331 269
1332 284
1332 285
1332 286
1332 287
1333 265
1333 266
1333 267
1333 268
1334 283
1334 284
1334 285
1334 286
1335 264
1335 265
1335 266
1335 267
1336 282
1336 283
1336 284
1336 285
1337 263
1337 264
1337 265
1337 266
1338 281
1338 282
1338 283
1338 284
1339 262
1339 263
1339 264
1339 265
1340 280
1340 281
1340 282
1340 283
1340 284
1341 261
1341 262
1341 263
1341 264
1341 265
1342 279
1342 280
1342 281
1342 282
1342 283
1343 261
1343 262
1343 263
1343 264
1344 278
1344 279
1344 280
1344 281
1344 282
1345 260
1345 261
1345 262
1345 263
1346 277
1346 278
1346 279
1346 280
1346 281
1347 259
1347 260
1347 261
1347 262
1348 277
1348 278
1348 279
1348 280
1349 258
1349 259
1349 260
1349 261
1349 296
1349 297
1350 276
1350 277
1350 278
1350 279
1351 257
1351 258
1351 259
1351 260
1351 295
1351 296
1352 275
1352 276
1352 277
1352 278
1352 279
1353 257
1353 258
1353 259
1353 294
1353 295
1354 274
1354 275
1354 276
1354 277
1354 278
1355 256
1355 257
1355 258
1355 293
1355 294
1355 295
1356 273
1356 274
1356 275
1356 276
1356 277
1357 255
1357 256
1357 257
1357 292
1357 293
1357 294
1358 272
1358 273
1358 274
1358 275
1358 276
1359 254
1359 255
1359 256
1359 291
1359 292
1359 293
1360 271
1360 272
1360 273
1360 274
1360 275
1361 254
1361 255
1361 290
1361 291
1361 292
1362 270
1362 271
1362 272
1362 273
1362 274
1363 253
1363 254
1363 289
1363 290
1363 291
1363 292
1364 269
1364 270
1364 271
1364 272
1364 273
1365 252
1365 253
1365 288
1365 289
1365 290
1365 291
1366 269
1366 270
1366 271
1366 272
1367 252
1367 287
1367 288
1367 289
1367 290
1368 268
1368 269
1368 270
1368 271
1368 272
1369 286
1369 287
1369 288
1369 289
1370 267
1370 268
1370 269
1370 270
1370 271
1371 285
1371 286
1371 287
1371 288
1371 289
1372 266
1372 267
1372 268
1372 269
1372 270
1373 284
1373 285
1373 286
1373 287
1373 288
1374 265
1374 266
1374 267
1374 268
1374 269
1375 283
1375 284
1375 285
1375 286
1375 287
1376 264
1376 265
1376 266
1376 267
1376 268
1377 282
1377 283
1377 284
1377 285
1377 286
1378 264
1378 265
1378 266
1378 267
1379 281
1379 282
1379 283
1379 284
1379 285
1380 263
1380 264
1380 265
1380 266
1381 280
1381 281
1381 282
1381 283
1381 284
1382 262
1382 263
1382 264
1382 265
1383 280
1383 281
1383 282
1383 283
1383 284
1384 261
1384 262
1384 263
1384 264
1384 299
1384 300
1385 279
1385 280
1385 281
1385 282
1385 283
1386 260
1386 261
1386 262
1386 263
1386 298
1386 299
1387 278
1387 279
1387 280
1387 281
1387 282
1388 260
1388 261
1388 262
1388 297
1388 298
1388 299
1389 277
1389 278
1389 279
1389 280
1389 281
1390 259
1390 260
1390 261
1390 296
1390 297
1390 298
1391 276
1391 277
1391 278
1391 279
1391 280
1392 258
1392 259
1392 260
1392 295
1392 296
1392 297
1393 275
1393 276
1393 277
1393 278
1393 279
1394 257
1394 258
1394 259
1394 260
1394 294
1394 295
1394 296
1395 274
1395 275
1395 276
1395 277
1395 278
1396 257
1396 258
1396 259
1396 293
1396 294
1396 295
1396 296
1397 273
1397 274
1397 275
1397 276
1397 277
1398 256
1398 257
1398 292
1398 293
1398 294
1398 295
1399 272
1399 273
1399 274
1399 275
1399 276
1399 277
1400 255
1400 256
1400 291
1400 292
1400 293
1400 294
1401 272
1401 273
1401 274
1401 275
1401 276
1402 255
1402 290
1402 291
1402 292
1402 293
1403 271
1403 272
1403 273
1403 274
1403 275
1404 254
1404 289
1404 290
1404 291
1404 292
1405 270
1405 271
1405 272
1405 273
1405 274
1406 288
1406 289
1406 290
1406 291
1406 292
1407 269
1407 270
1407 271
1407 272
1407 273
1408 287
1408 288
1408 289
1408 290
1408 291
1409 268
1409 269
1409 270
1409 271
1409 272
1410 286
1410 287
1410 288
1410 289
1410 290
1411 267
1411 268
1411 269
1411 270
1411 271
1412 285
1412 286
1412 287
1412 288
1412 289
1413 267
1413 268
1413 269
1413 270
1414 284
1414 285
1414 286
1414 287
1414 288
1415 266
1415 267
1415 268
1415 269
1416 284
1416 285
1416 286
1416 287
1417 265
1417 266
1417 267
1417 268
1418 283
1418 284
1418 285
1418 286
1418 287
1419 264
1419 265
1419 266
1419 267
1420 282
1420 283
1420 284
1420 285
1420 286
1421 263
1421 264
1421 265
1421 266
1421 267
1422 281
1422 282
1422 283
1422 284
1422 285
1423 263
1423 264
1423 265
1423 266
1423 301
1424 280
1424 281
1424 282
1424 283
1424 284
1425 262
1425 263
1425 264
1425 265
1425 300
1426 279
1426 280
1426 281
1426 282
1426 283
1427 261
1427 262
1427 263
1427 264
1427 298
1427 299
1427 300
1428 278
1428 279
1428 280
1428 281
1428 282
1429 260
1429 261
1429 262
1429 263
1429 297
1429 298
1429 299
1430 277
1430 278
1430 279
1430 280
1430 281
1431 260
1431 261
1431 262
1431 296
1431 297
1431 298
1432 277
1432 278
1432 279
1432 280
1432 281
1433 259
1433 260
1433 261
1433 295
1433 296
1433 297
1433 298
1434 276
1434 277
1434 278
1434 279
1434 280
1435 258
1435 259
1435 294
1435 295
1435 296
1435 297
1436 275
1436 276
1436 277
1436 278
1436 279
1437 258
1437 293
1437 294
1437 295
1437 296
1438 274
1438 275
1438 276
1438 277
1438 278
1439 292
1439 293
1439 294
1439 295
1440 273
1440 274
1440 275
1440 276
1440 277
1441 292
1441 293
1441 294
1442 272
1442 273
1442 274
1442 275
1442 276
1443 291
1443 292
1443 293
1443 294
1444 272
1444 273
1444 274
1444 275
1445 290
1445 291
1445 292
1445 293
1446 271
1446 272
1446 273
1446 274
1447 289
1447 290
1447 291
1447 292
1448 270
1448 271
1448 272
1448 273
1449 288
1449 289
1449 290
1449 291
1450 269
1450 270
1450 271
1450 272
1451 287
1451 288
1451 289
1451 290
1452 268
1452 269
1452 270
1452 271
1453 286
1453 287
1453 288
1453 289
1454 268
1454 269
1454 270
1455 285
1455 286
1455 287
1455 288
1455 289
1456 267
1456 268
1456 269
1457 284
1457 285
1457 286
1457 287
1457 288
1458 266
1458 267
1458 268
1459 283
1459 284
1459 285
1459 286
1459 287
1460 265
1460 266
1460 267
1461 283
1461 284
1461 285
1461 286
1462 265
1462 266
1463 282
1463 283
1463 284
1463 285
1464 264
1464 265
1465 281
1465 282
1465 283
1465 284
1466 263
1466 264
1467 280
1467 281
1467 282
1467 283
1468 263
1468 299
1468 300
1469 279
1469 280
1469 281
1469 282
1470 298
1470 299
1471 278
1471 279
1471 280
1471 281
1471 282
1472 297
1472 298
1472 299
1473 277
1473 278
1473 279
1473 280
1473 281
1474 296
1474 297
1474 298
1475 277
1475 278
1475 279
1475 280
1476 295
1476 296
1476 297
1477 276
1477 277
1477 278
1477 279
1478 294
1478 295
1478 296
1479 275
1479 276
1479 277
1479 278
1480 293
1480 294
1480 295
1481 274
1481 275
1481 276
1481 277
1482 292
1482 293
1482 294
1482 295
1483 273
1483 274
1483 275
1483 276
1484 291
1484 292
1484 293
1484 294
1485 273
1485 274
1485 275
1486 291
1486 292
1486 293
1487 272
1487 273
1487 274
1488 290
1488 291
1488 292
1489 271
1489 272
1489 273
1490 289
1490 290
1490 291
1491 270
1491 271
1491 272
1492 288
1492 289
1492 290
1493 270
1493 271
1494 287
1494 288
1494 289
1495 269
1495 270
1496 286
1496 287
1496 288
1496 289
1497 269
1498 285
1498 286
1498 287
1498 288
1500 284
1500 285
1500 286
1500 287
1502 284
1502 285
1502 286
1504 283
1504 284
1504 285
1506 282
1506 283
1506 284
1508 281
1508 282
1508 283
1510 280
1510 281
1510 282
1512 280
1512 281
1514 279
1514 280
1516 278
1516 279
1518 277
1518 278
1520 277
1522 276
