1546 168
1546 169
1549 171
1549 172
1552 175
1552 176
1554 163
1554 164
1555 178
1555 179
1557 166
1557 167
1557 168
1558 182
1560 169
1560 170
1560 171
1562 158
1562 159
1563 172
1563 173
1563 174
1563 175
1565 161
1565 162
1565 163
1566 176
1566 177
1566 178
1568 164
1568 165
1568 166
1568 167
1569 179
1569 180
1569 181
1569 182
1571 167
1571 168
1571 169
1571 170
1572 183
1572 184
1572 185
1573 157
1573 158
1574 170
1574 171
1574 172
1574 173
1574 174
1575 186
1575 187
1575 188
1576 159
1576 160
1576 161
1576 162
1577 174
1577 175
1577 176
1577 177
1579 162
1579 163
1579 164
1579 165
1579 166
1580 177
1580 178
1580 179
1580 180
1580 181
1581 152
1581 153
1582 165
1582 166
1582 167
1582 168
1582 169
1583 181
1583 182
1583 183
1583 184
1584 155
1584 156
1584 157
1585 169
1585 170
1585 171
1585 172
1585 173
1586 184
1586 185
1586 186
1586 187
1587 158
1587 159
1587 160
1587 161
1588 172
1588 173
1588 174
1588 175
1588 176
1589 188
1589 189
1589 190
1590 161
1590 162
1590 163
1590 164
1591 175
1591 176
1591 177
1591 178
1591 179
1592 151
1592 152
1592 192
1592 193
1593 164
1593 165
1593 166
1593 167
1593 168
1594 179
1594 180
1594 181
1594 182
1594 183
1595 153
1595 154
1595 155
1595 156
1596 167
1596 168
1596 169
1596 170
1596 171
1597 182
1597 183
1597 184
1597 185
1597 186
1598 156
1598 157
1598 158
1598 159
1598 160
1599 170
1599 171
1599 172
1599 173
1599 174
1599 175
1600 186
1600 187
1600 188
1600 189
1601 159
1601 160
1601 161
1601 162
1601 163
1602 173
1602 174
1602 175
1602 176
1602 177
1602 178
1603 149
1603 150
1603 190
1603 191
1603 192
1604 162
1604 163
1604 164
1604 165
1604 166
1604 167
1605 177
1605 178
1605 179
1605 180
1605 181
1605 182
1606 152
1606 153
1606 154
1606 194
1606 195
1607 165
1607 166
1607 167
1607 168
1607 169
1607 170
1608 180
1608 181
1608 182
1608 183
1608 184
1608 185
1609 154
1609 155
1609 156
1609 157
1609 158
1610 168
1610 169
1610 170
1610 171
1610 172
1610 173
1610 174
1611 184
1611 185
1611 186
1611 187
1611 188
1612 157
1612 158
1612 159
1612 160
1612 161
1612 162
1613 172
1613 173
1613 174
1613 175
1613 176
1613 177
1614 148
1614 149
1614 188
1614 189
1614 190
1614 191
1615 160
1615 161
1615 162
1615 163
1615 164
1615 165
1616 175
1616 176
1616 177
1616 178
1616 179
1616 180
1617 150
1617 151
1617 152
1617 153
1617 191
1617 192
1617 193
1617 194
1618 164
1618 165
1618 166
1618 167
1618 168
1618 169
1619 179
1619 180
1619 181
1619 182
1619 183
1619 184
1620 153
1620 154
1620 155
1620 156
1620 157
1620 195
1620 196
1620 197
1621 167
1621 168
1621 169
1621 170
1621 171
1621 172
1622 182
1622 183
1622 184
1622 185
1622 186
1622 187
1623 156
1623 157
1623 158
1623 159
1623 160
1623 200
1624 170
1624 171
1624 172
1624 173
1624 174
1624 175
1624 176
1625 146
1625 147
1625 186
1625 187
1625 188
1625 189
1625 190
1626 159
1626 160
1626 161
1626 162
1626 163
1626 164
1627 173
1627 174
1627 175
1627 176
1627 177
1627 178
1627 179
1628 148
1628 149
1628 150
1628 151
1628 189
1628 190
1628 191
1628 192
1628 193
1629 162
1629 163
1629 164
1629 165
1629 166
1629 167
1630 177
1630 178
1630 179
1630 180
1630 181
1630 182
1631 151
1631 152
1631 153
1631 154
1631 155
1631 193
1631 194
1631 195
1631 196
1631 197
1632 165
1632 166
1632 167
1632 168
1632 169
1632 170
1632 171
1633 180
1633 181
1633 182
1633 183
1633 184
1633 185
1633 186
1634 154
1634 155
1634 156
1634 157
1634 158
1634 159
1634 197
1634 198
1634 199
1635 168
1635 169
1635 170
1635 171
1635 172
1635 173
1635 174
1636 145
1636 146
1636 184
1636 185
1636 186
1636 187
1636 188
1636 189
1637 157
1637 158
1637 159
1637 160
1637 161
1637 162
1637 163
1637 202
1638 172
1638 173
1638 174
1638 175
1638 176
1638 177
1638 178
1639 147
1639 148
1639 149
1639 150
1639 187
1639 188
1639 189
1639 190
1639 191
1639 192
1640 160
1640 161
1640 162
1640 163
1640 164
1640 165
1640 166
1641 175
1641 176
1641 177
1641 178
1641 179
1641 180
1641 181
1642 150
1642 151
1642 152
1642 153
1642 154
1642 191
1642 192
1642 193
1642 194
1642 195
1643 164
1643 165
1643 166
1643 167
1643 168
1643 169
1643 170
1644 179
1644 180
1644 181
1644 182
1644 183
1644 184
1645 153
1645 154
1645 155
1645 156
1645 157
1645 158
1645 195
1645 196
1645 197
1645 198
1646 167
1646 168
1646 169
1646 170
1646 171
1646 172
1646 173
1647 144
1647 182
1647 183
1647 184
1647 185
1647 186
1647 187
1647 188
1648 156
1648 157
1648 158
1648 159
1648 160
1648 161
1648 199
1648 200
1648 201
1649 170
1649 171
1649 172
1649 173
1649 174
1649 175
1649 176
1650 146
1650 147
1650 148
1650 186
1650 187
1650 188
1650 189
1650 190
1650 191
1651 159
1651 160
1651 161
1651 162
1651 163
1651 164
1651 165
1652 174
1652 175
1652 176
1652 177
1652 178
1652 179
1652 180
1653 148
1653 149
1653 150
1653 151
1653 152
1653 189
1653 190
1653 191
1653 192
1653 193
1653 194
1654 162
1654 163
1654 164
1654 165
1654 166
1654 167
1654 168
1655 177
1655 178
1655 179
1655 180
1655 181
1655 182
1655 183
1656 151
1656 152
1656 153
1656 154
1656 155
1656 156
1656 193
1656 194
1656 195
1656 196
1656 197
1657 165
1657 166
1657 167
1657 168
1657 169
1657 170
1657 171
1657 172
1658 180
1658 181
1658 182
1658 183
1658 184
1658 185
1658 186
1659 154
1659 155
1659 156
1659 157
1659 158
1659 159
1659 160
1659 197
1659 198
1659 199
1659 200
1660 169
1660 170
1660 171
1660 172
1660 173
1660 174
1660 175
1661 144
1661 145
1661 146
1661 147
1661 184
1661 185
1661 186
1661 187
1661 188
1661 189
1661 190
1662 157
1662 158
1662 159
1662 160
1662 161
1662 162
1662 163
1662 201
1662 202
1662 203
1663 172
1663 173
1663 174
1663 175
1663 176
1663 177
1663 178
1664 147
1664 148
1664 149
1664 150
1664 151
1664 188
1664 189
1664 190
1664 191
1664 192
1664 193
1665 161
1665 162
1665 163
1665 164
1665 165
1665 166
1665 167
1666 175
1666 176
1666 177
1666 178
1666 179
1666 180
1666 181
1666 182
1667 150
1667 151
1667 152
1667 153
1667 154
1667 155
1667 191
1667 192
1667 193
1667 194
1667 195
1667 196
1668 164
1668 165
1668 166
1668 167
1668 168
1668 169
1668 170
1669 179
1669 180
1669 181
1669 182
1669 183
1669 184
1669 185
1670 153
1670 154
1670 155
1670 156
1670 157
1670 158
1670 195
1670 196
1670 197
1670 198
1670 199
1671 167
1671 168
1671 169
1671 170
1671 171
1671 172
1671 173
1671 174
1672 143
1672 144
1672 145
1672 182
1672 183
1672 184
1672 185
1672 186
1672 187
1672 188
1673 156
1673 157
1673 158
1673 159
1673 160
1673 161
1673 162
1673 199
1673 200
1673 201
1673 202
1674 170
1674 171
1674 172
1674 173
1674 174
1674 175
1674 176
1674 177
1675 146
1675 147
1675 148
1675 149
1675 186
1675 187
1675 188
1675 189
1675 190
1675 191
1675 192
1676 159
1676 160
1676 161
1676 162
1676 163
1676 164
1676 165
1676 204
1676 205
1677 174
1677 175
1677 176
1677 177
1677 178
1677 179
1677 180
1678 148
1678 149
1678 150
1678 151
1678 152
1678 153
1678 190
1678 191
1678 192
1678 193
1678 194
1678 195
1679 162
1679 163
1679 164
1679 165
1679 166
1679 167
1679 168
1679 169
1680 177
1680 178
1680 179
1680 180
1680 181
1680 182
1680 183
1680 184
1681 151
1681 152
1681 153
1681 154
1681 155
1681 156
1681 157
1681 193
1681 194
1681 195
1681 196
1681 197
1681 198
1682 166
1682 167
1682 168
1682 169
1682 170
1682 171
1682 172
1683 142
1683 143
1683 181
1683 182
1683 183
1683 184
1683 185
1683 186
1683 187
1684 154
1684 155
1684 156
1684 157
1684 158
1684 159
1684 160
1684 197
1684 198
1684 199
1684 200
1684 201
1685 169
1685 170
1685 171
1685 172
1685 173
1685 174
1685 175
1685 176
1686 144
1686 145
1686 146
1686 147
1686 184
1686 185
1686 186
1686 187
1686 188
1686 189
1686 190
1687 158
1687 159
1687 160
1687 161
1687 162
1687 163
1687 164
1687 201
1687 202
1687 203
1687 204
1688 172
1688 173
1688 174
1688 175
1688 176
1688 177
1688 178
1688 179
1689 147
1689 148
1689 149
1689 150
1689 151
1689 188
1689 189
1689 190
1689 191
1689 192
1689 193
1689 194
1690 161
1690 162
1690 163
1690 164
1690 165
1690 166
1690 167
1690 206
1690 207
1691 176
1691 177
1691 178
1691 179
1691 180
1691 181
1691 182
1692 150
1692 151
1692 152
1692 153
1692 154
1692 155
1692 192
1692 193
1692 194
1692 195
1692 196
1692 197
1693 164
1693 165
1693 166
1693 167
1693 168
1693 169
1693 170
1693 171
1694 141
1694 179
1694 180
1694 181
1694 182
1694 183
1694 184
1694 185
1694 186
1695 153
1695 154
1695 155
1695 156
1695 157
1695 158
1695 159
1695 196
1695 197
1695 198
1695 199
1695 200
1696 167
1696 168
1696 169
1696 170
1696 171
1696 172
1696 173
1696 174
1697 143
1697 144
1697 145
1697 146
1697 183
1697 184
1697 185
1697 186
1697 187
1697 188
1697 189
1698 156
1698 157
1698 158
1698 159
1698 160
1698 161
1698 162
1698 199
1698 200
1698 201
1698 202
1698 203
1699 171
1699 172
1699 173
1699 174
1699 175
1699 176
1699 177
1699 178
1700 146
1700 147
1700 148
1700 149
1700 150
1700 186
1700 187
1700 188
1700 189
1700 190
1700 191
1700 192
1701 159
1701 160
1701 161
1701 162
1701 163
1701 164
1701 165
1701 166
1701 204
1701 205
1701 206
1702 174
1702 175
1702 176
1702 177
1702 178
1702 179
1702 180
1702 181
1703 149
1703 150
1703 151
1703 152
1703 153
1703 154
1703 190
1703 191
1703 192
1703 193
1703 194
1703 195
1704 163
1704 164
1704 165
1704 166
1704 167
1704 168
1704 169
1705 178
1705 179
1705 180
1705 181
1705 182
1705 183
1705 184
1706 152
1706 153
1706 154
1706 155
1706 156
1706 157
1706 194
1706 195
1706 196
1706 197
1706 198
1706 199
1707 166
1707 167
1707 168
1707 169
1707 170
1707 171
1707 172
1707 173
1708 142
1708 143
1708 144
1708 181
1708 182
1708 183
1708 184
1708 185
1708 186
1708 187
1708 188
1709 155
1709 156
1709 157
1709 158
1709 159
1709 160
1709 161
1709 198
1709 199
1709 200
1709 201
1709 202
1710 169
1710 170
1710 171
1710 172
1710 173
1710 174
1710 175
1710 176
1711 144
1711 145
1711 146
1711 147
1711 148
1711 185
1711 186
1711 187
1711 188
1711 189
1711 190
1711 191
1712 158
1712 159
1712 160
1712 161
1712 162
1712 163
1712 164
1712 202
1712 203
1712 204
1712 205
1713 173
1713 174
1713 175
1713 176
1713 177
1713 178
1713 179
1714 147
1714 148
1714 149
1714 150
1714 151
1714 152
1714 188
1714 189
1714 190
1714 191
1714 192
1714 193
1714 194
1715 161
1715 162
1715 163
1715 164
1715 165
1715 166
1715 167
1715 168
1715 206
1715 207
1715 208
1716 176
1716 177
1716 178
1716 179
1716 180
1716 181
1716 182
1716 183
1717 150
1717 151
1717 152
1717 153
1717 154
1717 155
1717 156
1717 192
1717 193
1717 194
1717 195
1717 196
1717 197
1718 164
1718 165
1718 166
1718 167
1718 168
1718 169
1718 170
1718 171
1719 141
1719 142
1719 180
1719 181
1719 182
1719 183
1719 184
1719 185
1719 186
1720 153
1720 154
1720 155
1720 156
1720 157
1720 158
1720 159
1720 196
1720 197
1720 198
1720 199
1720 200
1720 201
1721 168
1721 169
1721 170
1721 171
1721 172
1721 173
1721 174
1721 175
1722 143
1722 144
1722 145
1722 146
1722 183
1722 184
1722 185
1722 186
1722 187
1722 188
1722 189
1723 157
1723 158
1723 159
1723 160
1723 161
1723 162
1723 163
1723 200
1723 201
1723 202
1723 203
1723 204
1724 171
1724 172
1724 173
1724 174
1724 175
1724 176
1724 177
1724 178
1725 146
1725 147
1725 148
1725 149
1725 150
1725 187
1725 188
1725 189
1725 190
1725 191
1725 192
1725 193
1726 160
1726 161
1726 162
1726 163
1726 164
1726 165
1726 166
1726 204
1726 205
1726 206
1726 207
1727 175
1727 176
1727 177
1727 178
1727 179
1727 180
1727 181
1728 149
1728 150
1728 151
1728 152
1728 153
1728 154
1728 190
1728 191
1728 192
1728 193
1728 194
1728 195
1728 196
1729 163
1729 164
1729 165
1729 166
1729 167
1729 168
1729 169
1729 170
1729 209
1730 178
1730 179
1730 180
1730 181
1730 182
1730 183
1730 184
1730 185
1731 152
1731 153
1731 154
1731 155
1731 156
1731 157
1731 158
1731 194
1731 195
1731 196
1731 197
1731 198
1731 199
1732 166
1732 167
1732 168
1732 169
1732 170
1732 171
1732 172
1732 173
1733 142
1733 143
1733 144
1733 182
1733 183
1733 184
1733 185
1733 186
1733 187
1733 188
1734 155
1734 156
1734 157
1734 158
1734 159
1734 160
1734 161
1734 198
1734 199
1734 200
1734 201
1734 202
1735 170
1735 171
1735 172
1735 173
1735 174
1735 175
1735 176
1735 177
1736 145
1736 146
1736 147
1736 148
1736 149
1736 185
1736 186
1736 187
1736 188
1736 189
1736 190
1736 191
1737 158
1737 159
1737 160
1737 161
1737 162
1737 163
1737 164
1737 165
1737 202
1737 203
1737 204
1737 205
1738 173
1738 174
1738 175
1738 176
1738 177
1738 178
1738 179
1738 180
1739 148
1739 149
1739 150
1739 151
1739 152
1739 189
1739 190
1739 191
1739 192
1739 193
1739 194
1739 195
1740 162
1740 163
1740 164
1740 165
1740 166
1740 167
1740 168
1740 207
1740 208
1741 177
1741 178
1741 179
1741 180
1741 181
1741 182
1741 183
1742 151
1742 152
1742 153
1742 154
1742 155
1742 156
1742 193
1742 194
1742 195
1742 196
1742 197
1742 198
1743 165
1743 166
1743 167
1743 168
1743 169
1743 170
1743 171
1743 172
1744 141
1744 142
1744 143
1744 180
1744 181
1744 182
1744 183
1744 184
1744 185
1744 186
1744 187
1745 154
1745 155
1745 156
1745 157
1745 158
1745 159
1745 160
1745 197
1745 198
1745 199
1745 200
1745 201
1746 168
1746 169
1746 170
1746 171
1746 172
1746 173
1746 174
1746 175
1747 144
1747 145
1747 146
1747 147
1747 184
1747 185
1747 186
1747 187
1747 188
1747 189
1747 190
1748 157
1748 158
1748 159
1748 160
1748 161
1748 162
1748 163
1748 201
1748 202
1748 203
1748 204
1749 172
1749 173
1749 174
1749 175
1749 176
1749 177
1749 178
1750 146
1750 147
1750 148
1750 149
1750 150
1750 151
1750 187
1750 188
1750 189
1750 190
1750 191
1750 192
1750 193
1751 160
1751 161
1751 162
1751 163
1751 164
1751 165
1751 166
1751 167
1751 205
1751 206
1751 207
1752 175
1752 176
1752 177
1752 178
1752 179
1752 180
1752 181
1752 182
1753 149
1753 150
1753 151
1753 152
1753 153
1753 154
1753 191
1753 192
1753 193
1753 194
1753 195
1753 196
1754 164
1754 165
1754 166
1754 167
1754 168
1754 169
1754 170
1754 210
1755 179
1755 180
1755 181
1755 182
1755 183
1755 184
1755 185
1756 153
1756 154
1756 155
1756 156
1756 157
1756 158
1756 195
1756 196
1756 197
1756 198
1756 199
1756 200
1757 167
1757 168
1757 169
1757 170
1757 171
1757 172
1757 173
1758 142
1758 143
1758 144
1758 145
1758 182
1758 183
1758 184
1758 185
1758 186
1758 187
1758 188
1759 156
1759 157
1759 158
1759 159
1759 160
1759 161
1759 162
1759 199
1759 200
1759 201
1759 202
1759 203
1760 170
1760 171
1760 172
1760 173
1760 174
1760 175
1760 176
1760 177
1761 145
1761 146
1761 147
1761 148
1761 149
1761 186
1761 187
1761 188
1761 189
1761 190
1761 191
1761 192
1762 159
1762 160
1762 161
1762 162
1762 163
1762 164
1762 165
1762 203
1762 204
1762 205
1762 206
1763 174
1763 175
1763 176
1763 177
1763 178
1763 179
1763 180
1764 148
1764 149
1764 150
1764 151
1764 152
1764 153
1764 190
1764 191
1764 192
1764 193
1764 194
1764 195
1765 162
1765 163
1765 164
1765 165
1765 166
1765 167
1765 168
1765 169
1765 207
1765 208
1765 209
1766 177
1766 178
1766 179
1766 180
1766 181
1766 182
1766 183
1766 184
1767 151
1767 152
1767 153
1767 154
1767 155
1767 156
1767 193
1767 194
1767 195
1767 196
1767 197
1767 198
1768 166
1768 167
1768 168
1768 169
1768 170
1768 171
1768 172
1769 142
1769 143
1769 181
1769 182
1769 183
1769 184
1769 185
1769 186
1769 187
1770 154
1770 155
1770 156
1770 157
1770 158
1770 159
1770 160
1770 197
1770 198
1770 199
1770 200
1770 201
1771 169
1771 170
1771 171
1771 172
1771 173
1771 174
1771 175
1772 144
1772 145
1772 146
1772 147
1772 184
1772 185
1772 186
1772 187
1772 188
1772 189
1772 190
1773 158
1773 159
1773 160
1773 161
1773 162
1773 163
1773 201
1773 202
1773 203
1773 204
1774 172
1774 173
1774 174
1774 175
1774 176
1774 177
1774 178
1774 179
1775 147
1775 148
1775 149
1775 150
1775 151
1775 188
1775 189
1775 190
1775 191
1775 192
1775 193
1775 194
1776 161
1776 162
1776 163
1776 164
1776 165
1776 166
1776 167
1776 206
1776 207
1777 176
1777 177
1777 178
1777 179
1777 180
1777 181
1777 182
1778 150
1778 151
1778 152
1778 153
1778 154
1778 155
1778 192
1778 193
1778 194
1778 195
1778 196
1778 197
1779 164
1779 165
1779 166
1779 167
1779 168
1779 169
1779 170
1780 179
1780 180
1780 181
1780 182
1780 183
1780 184
1780 185
1781 153
1781 154
1781 155
1781 156
1781 157
1781 158
1781 196
1781 197
1781 198
1781 199
1781 200
1782 168
1782 169
1782 170
1782 171
1782 172
1782 173
1782 174
1783 143
1783 144
1783 145
1783 183
1783 184
1783 185
1783 186
1783 187
1783 188
1783 189
1784 156
1784 157
1784 158
1784 159
1784 160
1784 161
1784 162
1784 200
1784 201
1784 202
1784 203
1785 171
1785 172
1785 173
1785 174
1785 175
1785 176
1785 177
1786 146
1786 147
1786 148
1786 149
1786 187
1786 188
1786 189
1786 190
1786 191
1786 192
1787 160
1787 161
1787 162
1787 163
1787 164
1787 165
1787 204
1787 205
1787 206
1788 175
1788 176
1788 177
1788 178
1788 179
1788 180
1788 181
1789 149
1789 150
1789 151
1789 152
1789 153
1789 190
1789 191
1789 192
1789 193
1789 194
1789 195
1790 163
1790 164
1790 165
1790 166
1790 167
1790 168
1790 169
1791 178
1791 179
1791 180
1791 181
1791 182
1791 183
1791 184
1792 152
1792 153
1792 154
1792 155
1792 156
1792 157
1792 194
1792 195
1792 196
1792 197
1792 198
1793 166
1793 167
1793 168
1793 169
1793 170
1793 171
1793 172
1794 182
1794 183
1794 184
1794 185
1794 186
1794 187
1795 155
1795 156
1795 157
1795 158
1795 159
1795 160
1795 198
1795 199
1795 200
1795 201
1795 202
1796 170
1796 171
1796 172
1796 173
1796 174
1796 175
1796 176
1797 145
1797 146
1797 147
1797 185
1797 186
1797 187
1797 188
1797 189
1797 190
1798 158
1798 159
1798 160
1798 161
1798 162
1798 163
1798 164
1798 202
1798 203
1798 204
1798 205
1799 173
1799 174
1799 175
1799 176
1799 177
1799 178
1799 179
1800 148
1800 149
1800 150
1800 151
1800 189
1800 190
1800 191
1800 192
1800 193
1800 194
1801 162
1801 163
1801 164
1801 165
1801 166
1801 167
1801 207
1802 177
1802 178
1802 179
1802 180
1802 181
1802 182
1803 151
1803 152
1803 153
1803 154
1803 155
1803 193
1803 194
1803 195
1803 196
1803 197
1804 165
1804 166
1804 167
1804 168
1804 169
1804 170
1804 171
1805 180
1805 181
1805 182
1805 183
1805 184
1805 185
1805 186
1806 154
1806 155
1806 156
1806 157
1806 158
1806 197
1806 198
1806 199
1806 200
1807 168
1807 169
1807 170
1807 171
1807 172
1807 173
1807 174
1808 144
1808 145
1808 184
1808 185
1808 186
1808 187
1808 188
1808 189
1809 157
1809 158
1809 159
1809 160
1809 161
1809 162
1809 201
1809 202
1809 203
1810 172
1810 173
1810 174
1810 175
1810 176
1810 177
1811 147
1811 148
1811 149
1811 188
1811 189
1811 190
1811 191
1811 192
1812 160
1812 161
1812 162
1812 163
1812 164
1812 165
1812 206
1813 175
1813 176
1813 177
1813 178
1813 179
1813 180
1813 181
1814 150
1814 151
1814 152
1814 153
1814 192
1814 193
1814 194
1814 195
1815 164
1815 165
1815 166
1815 167
1815 168
1815 169
1816 179
1816 180
1816 181
1816 182
1816 183
1816 184
1817 153
1817 154
1817 155
1817 156
1817 157
1817 196
1817 197
1817 198
1817 199
1818 167
1818 168
1818 169
1818 170
1818 171
1818 172
1819 183
1819 184
1819 185
1819 186
1819 187
1820 156
1820 157
1820 158
1820 159
1820 160
1820 200
1820 201
1820 202
1821 171
1821 172
1821 173
1821 174
1821 175
1821 176
1822 146
1822 147
1822 186
1822 187
1822 188
1822 189
1822 190
1822 191
1823 159
1823 160
1823 161
1823 162
1823 163
1823 164
1823 204
1824 174
1824 175
1824 176
1824 177
1824 178
1824 179
1825 149
1825 150
1825 151
1825 190
1825 191
1825 192
1825 193
1825 194
1826 163
1826 164
1826 165
1826 166
1826 167
1827 178
1827 179
1827 180
1827 181
1827 182
1828 152
1828 153
1828 154
1828 155
1828 194
1828 195
1828 196
1828 197
1829 166
1829 167
1829 168
1829 169
1829 170
1829 171
1830 181
1830 182
1830 183
1830 184
1830 185
1830 186
1831 155
1831 156
1831 157
1831 158
1831 198
1831 199
1831 200
1832 169
1832 170
1832 171
1832 172
1832 173
1832 174
1833 185
1833 186
1833 187
1833 188
1833 189
1834 158
1834 159
1834 160
1834 161
1834 162
1835 173
1835 174
1835 175
1835 176
1835 177
1836 148
1836 189
1836 190
1836 191
1836 192
1837 161
1837 162
1837 163
1837 164
1837 165
1838 177
1838 178
1838 179
1838 180
1838 181
1839 151
1839 152
1839 153
1839 193
1839 194
1839 195
1840 165
1840 166
1840 167
1840 168
1840 169
1841 180
1841 181
1841 182
1841 183
1841 184
1842 154
1842 155
1842 156
1842 197
1842 198
1843 168
1843 169
1843 170
1843 171
1843 172
1844 184
1844 185
1844 186
1844 187
1845 157
1845 158
1845 159
1845 160
1846 172
1846 173
1846 174
1846 175
1846 176
1847 188
1847 189
1847 190
1848 160
1848 161
1848 162
1848 163
1848 164
1849 175
1849 176
1849 177
1849 178
1849 179
1850 192
1850 193
1851 164
1851 165
1851 166
1851 167
1852 179
1852 180
1852 181
1852 182
1853 153
1853 154
1854 167
1854 168
1854 169
1854 170
1855 183
1855 184
1855 185
1856 156
1856 157
1856 158
1857 171
1857 172
1857 173
1857 174
1858 187
1858 188
1858 189
1859 160
1859 161
1859 162
1860 174
1860 175
1860 176
1860 177
1861 191
1862 163
1862 164
1862 165
1863 178
1863 179
1863 180
1865 166
1865 167
1865 168
1866 182
1866 183
1868 170
1868 171
1868 172
1871 174
1871 175
1874 178
1876 166
2508 217
2519 216
2522 219
2527 211
2530 214
2530 215
2533 217
2533 218
2536 221
2536 222
2538 210
2541 213
2541 214
2544 216
2544 217
2547 219
2547 220
2549 209
2550 223
2552 211
2552 212
2552 213
2555 215
2555 216
2558 218
2558 219
2560 207
2561 222
2563 210
2563 211
2566 213
2566 214
2566 215
2569 217
2569 218
2572 220
2572 221
2574 209
2574 210
2575 224
2577 212
2577 213
2580 215
2580 216
2580 217
2583 219
2583 220
2585 208
2586 222
2586 223
2588 211
2588 212
2591 214
2591 215
2594 217
2594 218
2594 219
2596 207
2597 221
2597 222
2599 210
2599 211
2602 213
2602 214
2605 216
2605 217
2608 220
2608 221
2610 208
2610 209
2613 211
2613 212
2613 213
2616 215
2616 216
2619 218
2619 219
2621 207
2622 222
2624 210
2624 211
2627 214
2627 215
2630 217
2630 218
2633 221
2635 209
2638 212
2638 213
2641 216
2649 211
2652 215
