3777 255
3781 258
3784 251
3788 254
3788 255
3791 247
3792 257
3792 258
3795 249
3795 250
3795 251
3796 260
3796 261
3796 262
3799 253
3799 254
3799 255
3800 264
3802 246
3802 247
3803 256
3803 257
3803 258
3806 249
3806 250
3806 251
3807 259
3807 260
3807 261
3809 242
3809 243
3810 252
3810 253
3810 254
3810 255
3811 263
3811 264
3811 265
3813 245
3813 246
3813 247
3814 255
3814 256
3814 257
3814 258
3815 267
3817 248
3817 249
3817 250
3817 251
3818 258
3818 259
3818 260
3818 261
3820 241
3820 242
3821 251
3821 252
3821 253
3821 254
3822 262
3822 263
3822 264
3824 244
3824 245
3824 246
3824 247
3825 254
3825 255
3825 256
3825 257
3825 258
3826 266
3826 267
3828 247
3828 248
3828 249
3828 250
3829 258
3829 259
3829 260
3829 261
3831 240
3831 241
3831 242
3832 250
3832 251
3832 252
3832 253
3832 254
3833 261
3833 262
3833 263
3833 264
3835 243
3835 244
3835 245
3835 246
3836 253
3836 254
3836 255
3836 256
3836 257
3837 265
3837 266
3837 267
3839 246
3839 247
3839 248
3839 249
3839 250
3840 257
3840 258
3840 259
3840 260
3841 269
3841 270
3842 240
3842 241
3842 242
3843 249
3843 250
3843 251
3843 252
3843 253
3844 260
3844 261
3844 262
3844 263
3844 264
3846 242
3846 243
3846 244
3846 245
3846 246
3847 253
3847 254
3847 255
3847 256
3847 257
3848 264
3848 265
3848 266
3848 267
3849 237
3850 245
3850 246
3850 247
3850 248
3850 249
3851 256
3851 257
3851 258
3851 259
3851 260
3852 268
3852 269
3852 270
3853 239
3853 240
3853 241
3854 249
3854 250
3854 251
3854 252
3854 253
3855 260
3855 261
3855 262
3855 263
3857 242
3857 243
3857 244
3857 245
3858 252
3858 253
3858 254
3858 255
3858 256
3859 263
3859 264
3859 265
3859 266
3860 236
3860 237
3861 245
3861 246
3861 247
3861 248
3861 249
3862 255
3862 256
3862 257
3862 258
3862 259
3862 260
3863 267
3863 268
3863 269
3864 238
3864 239
3864 240
3864 241
3865 248
3865 249
3865 250
3865 251
3865 252
3866 259
3866 260
3866 261
3866 262
3866 263
3867 271
3867 272
3868 241
3868 242
3868 243
3868 244
3868 245
3869 251
3869 252
3869 253
3869 254
3869 255
3869 256
3870 262
3870 263
3870 264
3870 265
3870 266
3871 235
3871 236
3872 244
3872 245
3872 246
3872 247
3872 248
3873 255
3873 256
3873 257
3873 258
3873 259
3874 266
3874 267
3874 268
3874 269
3875 238
3875 239
3875 240
3876 247
3876 248
3876 249
3876 250
3876 251
3876 252
3877 258
3877 259
3877 260
3877 261
3877 262
3878 270
3878 271
3878 272
3879 240
3879 241
3879 242
3879 243
3879 244
3880 251
3880 252
3880 253
3880 254
3880 255
3881 262
3881 263
3881 264
3881 265
3881 266
3882 234
3882 235
3882 236
3883 244
3883 245
3883 246
3883 247
3883 248
3884 254
3884 255
3884 256
3884 257
3884 258
3884 259
3885 265
3885 266
3885 267
3885 268
3885 269
3886 237
3886 238
3886 239
3886 240
3887 247
3887 248
3887 249
3887 250
3887 251
3888 257
3888 258
3888 259
3888 260
3888 261
3888 262
3889 269
3889 270
3889 271
3890 240
3890 241
3890 242
3890 243
3890 244
3891 250
3891 251
3891 252
3891 253
3891 254
3891 255
3892 261
3892 262
3892 263
3892 264
3892 265
3893 234
3893 235
3894 243
3894 244
3894 245
3894 246
3894 247
3895 253
3895 254
3895 255
3895 256
3895 257
3895 258
3896 265
3896 266
3896 267
3896 268
3897 236
3897 237
3897 238
3897 239
3898 246
3898 247
3898 248
3898 249
3898 250
3898 251
3899 257
3899 258
3899 259
3899 260
3899 261
3900 268
3900 269
3900 270
3900 271
3901 239
3901 240
3901 241
3901 242
3901 243
3902 249
3902 250
3902 251
3902 252
3902 253
3902 254
3903 260
3903 261
3903 262
3903 263
3903 264
3903 265
3904 233
3904 234
3904 235
3904 273
3905 242
3905 243
3905 244
3905 245
3905 246
3905 247
3906 253
3906 254
3906 255
3906 256
3906 257
3906 258
3907 264
3907 265
3907 266
3907 267
3907 268
3908 236
3908 237
3908 238
3908 239
3909 246
3909 247
3909 248
3909 249
3909 250
3910 256
3910 257
3910 258
3910 259
3910 260
3910 261
3911 268
3911 269
3911 270
3911 271
3912 239
3912 240
3912 241
3912 242
3912 243
3913 249
3913 250
3913 251
3913 252
3913 253
3913 254
3914 260
3914 261
3914 262
3914 263
3914 264
3915 233
3915 234
3915 272
3915 273
3916 242
3916 243
3916 244
3916 245
3916 246
3917 252
3917 253
3917 254
3917 255
3917 256
3917 257
3918 263
3918 264
3918 265
3918 266
3918 267
3919 235
3919 236
3919 237
3919 238
3920 245
3920 246
3920 247
3920 248
3920 249
3920 250
3921 256
3921 257
3921 258
3921 259
3921 260
3922 267
3922 268
3922 269
3922 270
3923 238
3923 239
3923 240
3923 241
3923 242
3924 248
3924 249
3924 250
3924 251
3924 252
3924 253
3925 259
3925 260
3925 261
3925 262
3925 263
3925 264
3926 232
3926 233
3926 271
3926 272
3926 273
3927 241
3927 242
3927 243
3927 244
3927 245
3927 246
3928 252
3928 253
3928 254
3928 255
3928 256
3928 257
3929 263
3929 264
3929 265
3929 266
3929 267
3930 235
3930 236
3930 237
3930 238
3931 244
3931 245
3931 246
3931 247
3931 248
3931 249
3932 255
3932 256
3932 257
3932 258
3932 259
3932 260
3933 266
3933 267
3933 268
3933 269
3933 270
3934 238
3934 239
3934 240
3934 241
3935 248
3935 249
3935 250
3935 251
3935 252
3935 253
3936 259
3936 260
3936 261
3936 262
3936 263
3937 232
3937 233
3937 270
3937 271
3937 272
3938 241
3938 242
3938 243
3938 244
3938 245
3939 251
3939 252
3939 253
3939 254
3939 255
3939 256
3940 262
3940 263
3940 264
3940 265
3940 266
3941 234
3941 235
3941 236
3941 237
3942 244
3942 245
3942 246
3942 247
3942 248
3942 249
3943 254
3943 255
3943 256
3943 257
3943 258
3943 259
3944 266
3944 267
3944 268
3944 269
3945 237
3945 238
3945 239
3945 240
3945 241
3946 247
3946 248
3946 249
3946 250
3946 251
3946 252
3947 258
3947 259
3947 260
3947 261
3947 262
3947 263
3948 232
3948 270
3948 271
3948 272
3949 240
3949 241
3949 242
3949 243
3949 244
3949 245
3950 251
3950 252
3950 253
3950 254
3950 255
3951 262
3951 263
3951 264
3951 265
3951 266
3952 234
3952 235
3952 236
3953 243
3953 244
3953 245
3953 246
3953 247
3953 248
3954 254
3954 255
3954 256
3954 257
3954 258
3954 259
3955 265
3955 266
3955 267
3955 268
3955 269
3956 237
3956 238
3956 239
3956 240
3957 247
3957 248
3957 249
3957 250
3957 251
3957 252
3958 257
3958 258
3958 259
3958 260
3958 261
3958 262
3959 269
3959 270
3959 271
3960 240
3960 241
3960 242
3960 243
3960 244
3961 250
3961 251
3961 252
3961 253
3961 254
3961 255
3962 261
3962 262
3962 263
3962 264
3962 265
3963 234
3963 235
3963 236
3964 243
3964 244
3964 245
3964 246
3964 247
3965 253
3965 254
3965 255
3965 256
3965 257
3965 258
3966 265
3966 266
3966 267
3966 268
3967 236
3967 237
3967 238
3967 239
3967 240
3968 246
3968 247
3968 248
3968 249
3968 250
3968 251
3969 257
3969 258
3969 259
3969 260
3969 261
3970 269
3970 270
3970 271
3971 239
3971 240
3971 241
3971 242
3971 243
3972 250
3972 251
3972 252
3972 253
3972 254
3973 261
3973 262
3973 263
3973 264
3973 265
3974 233
3974 234
3974 235
3975 243
3975 244
3975 245
3975 246
3975 247
3976 253
3976 254
3976 255
3976 256
3976 257
3976 258
3977 264
3977 265
3977 266
3977 267
3978 236
3978 237
3978 238
3978 239
3979 246
3979 247
3979 248
3979 249
3979 250
3980 256
3980 257
3980 258
3980 259
3980 260
3980 261
3981 268
3981 269
3981 270
3982 239
3982 240
3982 241
3982 242
3982 243
3983 249
3983 250
3983 251
3983 252
3983 253
3983 254
3984 260
3984 261
3984 262
3984 263
3984 264
3985 233
3985 234
3986 242
3986 243
3986 244
3986 245
3986 246
3987 253
3987 254
3987 255
3987 256
3987 257
3988 264
3988 265
3988 266
3988 267
3989 236
3989 237
3989 238
3990 245
3990 246
3990 247
3990 248
3990 249
3990 250
3991 256
3991 257
3991 258
3991 259
3991 260
3992 268
3992 269
3992 270
3993 239
3993 240
3993 241
3993 242
3994 249
3994 250
3994 251
3994 252
3994 253
3995 260
3995 261
3995 262
3995 263
3997 242
3997 243
3997 244
3997 245
3997 246
3998 252
3998 253
3998 254
3998 255
3998 256
3999 263
3999 264
3999 265
3999 266
4000 235
4000 236
4000 237
4001 245
4001 246
4001 247
4001 248
4001 249
4002 256
4002 257
4002 258
4002 259
4002 260
4003 267
4003 268
4003 269
4004 238
4004 239
4004 240
4004 241
4005 248
4005 249
4005 250
4005 251
4005 252
4006 259
4006 260
4006 261
4006 262
4006 263
4008 241
4008 242
4008 243
4008 244
4008 245
4009 252
4009 253
4009 254
4009 255
4009 256
4010 263
4010 264
4010 265
4010 266
4011 235
4011 236
4012 245
4012 246
4012 247
4012 248
4013 255
4013 256
4013 257
4013 258
4013 259
4014 267
4014 268
4015 238
4015 239
4015 240
4016 248
4016 249
4016 250
4016 251
4016 252
4017 259
4017 260
4017 261
4017 262
4019 241
4019 242
4019 243
4019 244
4020 251
4020 252
4020 253
4020 254
4020 255
4021 263
4021 264
4021 265
4023 244
4023 245
4023 246
4023 247
4023 248
4024 255
4024 256
4024 257
4024 258
4025 267
4026 238
4026 239
4027 248
4027 249
4027 250
4027 251
4028 259
4028 260
4028 261
4030 241
4030 242
4030 243
4031 251
4031 252
4031 253
4031 254
4032 263
4032 264
4034 244
4034 245
4034 246
4034 247
4035 255
4035 256
4035 257
4037 238
4038 248
4038 249
4038 250
4039 258
4039 259
4039 260
4041 241
4041 242
4042 251
4042 252
4042 253
4043 263
4045 244
4045 245
4045 246
4046 255
4046 256
4046 257
4049 247
4049 248
4049 249
4050 258
4050 259
4053 251
4053 252
4053 253
4056 244
4056 245
4057 255
4057 256
4060 248
4064 251
