0 140
0 141
0 142
0 143
0 144
0 145
0 146
0 147
0 148
0 149
0 150
0 151
0 152
0 153
0 154
0 155
0 156
0 157
0 158
0 159
0 160
0 161
0 162
0 163
0 164
0 165
0 166
0 167
0 168
0 169
0 170
0 171
0 172
0 173
0 174
0 175
0 176
0 177
0 178
0 179
1 147
1 148
1 149
1 150
1 151
1 152
1 153
1 154
1 155
1 156
1 157
1 158
1 159
1 160
1 161
1 162
1 163
1 164
1 165
1 166
1 167
1 168
1 169
1 170
1 171
1 172
1 173
1 174
1 175
1 176
1 177
1 178
1 179
1 180
1 181
1 182
1 183
2 156
2 157
2 158
2 159
2 160
2 161
2 162
2 163
2 164
2 165
2 166
2 167
2 168
2 169
2 170
2 171
2 172
2 173
2 174
2 175
2 176
2 177
2 178
2 179
2 180
2 181
2 182
2 183
2 184
2 185
2 186
2 187
3 165
3 166
3 167
3 168
3 169
3 170
3 171
3 172
3 173
3 174
3 175
3 176
3 177
3 178
3 179
3 180
3 181
3 182
3 183
3 184
3 185
3 186
3 187
3 188
3 189
4 177
4 178
4 179
4 180
4 181
4 182
4 183
4 184
4 185
4 186
4 187
4 188
4 189
20 109
20 110
20 111
20 112
20 113
20 114
20 115
20 116
20 117
20 118
20 119
21 105
21 106
21 107
21 108
21 109
21 110
21 111
21 112
21 113
21 114
21 115
21 116
21 117
21 118
21 119
21 120
21 121
21 122
21 123
21 124
21 125
21 126
21 127
21 128
21 129
21 130
21 131
21 132
21 133
22 107
22 108
22 109
22 110
22 111
22 112
22 113
22 114
22 115
22 116
22 117
22 118
22 119
22 120
22 121
22 122
22 123
22 124
22 125
22 126
22 127
22 128
22 129
22 130
22 131
22 132
22 133
22 134
22 135
22 136
22 137
22 138
22 139
22 140
22 141
22 142
22 143
23 110
23 111
23 112
23 113
23 114
23 115
23 116
23 117
23 118
23 119
23 120
23 121
23 122
23 123
23 124
23 125
23 126
23 127
23 128
23 129
23 130
23 131
23 132
23 133
23 134
23 135
23 136
23 137
23 138
23 139
23 140
23 141
23 142
23 143
23 144
23 145
23 146
23 147
23 148
23 149
23 150
23 151
23 152
24 114
24 115
24 116
24 117
24 118
24 119
24 120
24 121
24 122
24 123
24 124
24 125
24 126
24 127
24 128
24 129
24 130
24 131
24 132
24 133
24 134
24 135
24 136
24 137
24 138
24 139
24 140
24 141
24 142
24 143
24 144
24 145
24 146
24 147
24 148
24 149
24 150
24 151
24 152
24 153
24 154
24 155
24 156
24 157
24 158
24 159
25 120
25 121
25 122
25 123
25 124
25 125
25 126
25 127
25 128
25 129
25 130
25 131
25 132
25 133
25 134
25 135
25 136
25 137
25 138
25 139
25 140
25 141
25 142
25 143
25 144
25 145
25 146
25 147
25 148
25 149
25 150
25 151
25 152
25 153
25 154
25 155
25 156
25 157
25 158
25 159
25 160
25 161
25 162
25 163
25 164
25 165
25 166
26 126
26 127
26 128
26 129
26 130
26 131
26 132
26 133
26 134
26 135
26 136
26 137
26 138
26 139
26 140
26 141
26 142
26 143
26 144
26 145
26 146
26 147
26 148
26 149
26 150
26 151
26 152
26 153
26 154
26 155
26 156
26 157
26 158
26 159
26 160
26 161
26 162
26 163
26 164
26 165
26 166
26 167
26 168
26 169
26 170
26 171
26 172
27 133
27 134
27 135
27 136
27 137
27 138
27 139
27 140
27 141
27 142
27 143
27 144
27 145
27 146
27 147
27 148
27 149
27 150
27 151
27 152
27 153
27 154
27 155
27 156
27 157
27 158
27 159
27 160
27 161
27 162
27 163
27 164
27 165
27 166
27 167
27 168
27 169
27 170
27 171
27 172
27 173
27 174
27 175
27 176
27 177
27 178
28 140
28 141
28 142
28 143
28 144
28 145
28 146
28 147
28 148
28 149
28 150
28 151
28 152
28 153
28 154
28 155
28 156
28 157
28 158
28 159
28 160
28 161
28 162
28 163
28 164
28 165
28 166
28 167
28 168
28 169
28 170
28 171
28 172
28 173
28 174
28 175
28 176
28 177
28 178
28 179
28 180
28 181
28 182
28 183
29 148
29 149
29 150
29 151
29 152
29 153
29 154
29 155
29 156
29 157
29 158
29 159
29 160
29 161
29 162
29 163
29 164
29 165
29 166
29 167
29 168
29 169
29 170
29 171
29 172
29 173
29 174
29 175
29 176
29 177
29 178
29 179
29 180
29 181
29 182
29 183
29 184
29 185
29 186
29 187
30 156
30 157
30 158
30 159
30 160
30 161
30 162
30 163
30 164
30 165
30 166
30 167
30 168
30 169
30 170
30 171
30 172
30 173
30 174
30 175
30 176
30 177
30 178
30 179
30 180
30 181
30 182
30 183
30 184
30 185
30 186
30 187
30 188
30 189
30 190
30 191
31 165
31 166
31 167
31 168
31 169
31 170
31 171
31 172
31 173
31 174
31 175
31 176
31 177
31 178
31 179
31 180
31 181
31 182
31 183
31 184
31 185
31 186
31 187
31 188
31 189
31 190
31 191
31 192
31 193
31 194
32 176
32 177
32 178
32 179
32 180
32 181
32 182
32 183
32 184
32 185
32 186
32 187
32 188
32 189
32 190
32 191
32 192
32 193
32 194
32 195
48 103
48 104
48 105
48 106
48 107
48 108
48 109
48 110
48 111
48 112
48 113
48 114
48 115
48 116
48 117
48 118
48 119
48 120
48 121
48 122
48 123
48 124
48 125
48 126
48 127
48 128
49 103
49 104
49 105
49 106
49 107
49 108
49 109
49 110
49 111
49 112
49 113
49 114
49 115
49 116
49 117
49 118
49 119
49 120
49 121
49 122
49 123
49 124
49 125
49 126
49 127
49 128
49 129
49 130
49 131
49 132
49 133
49 134
49 135
49 136
49 137
49 138
49 139
50 106
50 107
50 108
50 109
50 110
50 111
50 112
50 113
50 114
50 115
50 116
50 117
50 118
50 119
50 120
50 121
50 122
50 123
50 124
50 125
50 126
50 127
50 128
50 129
50 130
50 131
50 132
50 133
50 134
50 135
50 136
50 137
50 138
50 139
50 140
50 141
50 142
50 143
50 144
50 145
50 146
50 147
50 148
51 110
51 111
51 112
51 113
51 114
51 115
51 116
51 117
51 118
51 119
51 120
51 121
51 122
51 123
51 124
51 125
51 126
51 127
51 128
51 129
51 130
51 131
51 132
51 133
51 134
51 135
51 136
51 137
51 138
51 139
51 140
51 141
51 142
51 143
51 144
51 145
51 146
51 147
51 148
51 149
51 150
51 151
51 152
51 153
51 154
51 155
51 156
52 115
52 116
52 117
52 118
52 119
52 120
52 121
52 122
52 123
52 124
52 125
52 126
52 127
52 128
52 129
52 130
52 131
52 132
52 133
52 134
52 135
52 136
52 137
52 138
52 139
52 140
52 141
52 142
52 143
52 144
52 145
52 146
52 147
52 148
52 149
52 150
52 151
52 152
52 153
52 154
52 155
52 156
52 157
52 158
52 159
52 160
52 161
52 162
52 163
53 120
53 121
53 122
53 123
53 124
53 125
53 126
53 127
53 128
53 129
53 130
53 131
53 132
53 133
53 134
53 135
53 136
53 137
53 138
53 139
53 140
53 141
53 142
53 143
53 144
53 145
53 146
53 147
53 148
53 149
53 150
53 151
53 152
53 153
53 154
53 155
53 156
53 157
53 158
53 159
53 160
53 161
53 162
53 163
53 164
53 165
53 166
53 167
53 168
53 169
53 170
54 127
54 128
54 129
54 130
54 131
54 132
54 133
54 134
54 135
54 136
54 137
54 138
54 139
54 140
54 141
54 142
54 143
54 144
54 145
54 146
54 147
54 148
54 149
54 150
54 151
54 152
54 153
54 154
54 155
54 156
54 157
54 158
54 159
54 160
54 161
54 162
54 163
54 164
54 165
54 166
54 167
54 168
54 169
54 170
54 171
54 172
54 173
54 174
54 175
54 176
55 134
55 135
55 136
55 137
55 138
55 139
55 140
55 141
55 142
55 143
55 144
55 145
55 146
55 147
55 148
55 149
55 150
55 151
55 152
55 153
55 154
55 155
55 156
55 157
55 158
55 159
55 160
55 161
55 162
55 163
55 164
55 165
55 166
55 167
55 168
55 169
55 170
55 171
55 172
55 173
55 174
55 175
55 176
55 177
55 178
55 179
55 180
55 181
55 182
56 141
56 142
56 143
56 144
56 145
56 146
56 147
56 148
56 149
56 150
56 151
56 152
56 153
56 154
56 155
56 156
56 157
56 158
56 159
56 160
56 161
56 162
56 163
56 164
56 165
56 166
56 167
56 168
56 169
56 170
56 171
56 172
56 173
56 174
56 175
56 176
56 177
56 178
56 179
56 180
56 181
56 182
56 183
56 184
56 185
56 186
56 187
57 149
57 150
57 151
57 152
57 153
57 154
57 155
57 156
57 157
57 158
57 159
57 160
57 161
57 162
57 163
57 164
57 165
57 166
57 167
57 168
57 169
57 170
57 171
57 172
57 173
57 174
57 175
57 176
57 177
57 178
57 179
57 180
57 181
57 182
57 183
57 184
57 185
57 186
57 187
57 188
57 189
57 190
57 191
58 158
58 159
58 160
58 161
58 162
58 163
58 164
58 165
58 166
58 167
58 168
58 169
58 170
58 171
58 172
58 173
58 174
58 175
58 176
58 177
58 178
58 179
58 180
58 181
58 182
58 183
58 184
58 185
58 186
58 187
58 188
58 189
58 190
58 191
58 192
58 193
58 194
58 195
59 167
59 168
59 169
59 170
59 171
59 172
59 173
59 174
59 175
59 176
59 177
59 178
59 179
59 180
59 181
59 182
59 183
59 184
59 185
59 186
59 187
59 188
59 189
59 190
59 191
59 192
59 193
59 194
59 195
59 196
59 197
60 178
60 179
60 180
60 181
60 182
60 183
60 184
60 185
60 186
60 187
60 188
60 189
60 190
60 191
60 192
60 193
60 194
60 195
60 196
60 197
60 198
75 101
75 102
75 103
75 104
75 105
75 106
75 107
75 108
75 109
75 110
75 111
75 112
75 113
75 114
75 115
75 116
75 117
75 118
75 119
75 120
75 121
75 122
75 123
76 101
76 102
76 103
76 104
76 105
76 106
76 107
76 108
76 109
76 110
76 111
76 112
76 113
76 114
76 115
76 116
76 117
76 118
76 119
76 120
76 121
76 122
76 123
76 124
76 125
76 126
76 127
76 128
76 129
76 130
76 131
76 132
76 133
76 134
77 102
77 103
77 104
77 105
77 106
77 107
77 108
77 109
77 110
77 111
77 112
77 113
77 114
77 115
77 116
77 117
77 118
77 119
77 120
77 121
77 122
77 123
77 124
77 125
77 126
77 127
77 128
77 129
77 130
77 131
77 132
77 133
77 134
77 135
77 136
77 137
77 138
77 139
77 140
77 141
77 142
77 143
77 144
78 106
78 107
78 108
78 109
78 110
78 111
78 112
78 113
78 114
78 115
78 116
78 117
78 118
78 119
78 120
78 121
78 122
78 123
78 124
78 125
78 126
78 127
78 128
78 129
78 130
78 131
78 132
78 133
78 134
78 135
78 136
78 137
78 138
78 139
78 140
78 141
78 142
78 143
78 144
78 145
78 146
78 147
78 148
78 149
78 150
78 151
78 152
79 110
79 111
79 112
79 113
79 114
79 115
79 116
79 117
79 118
79 119
79 120
79 121
79 122
79 123
79 124
79 125
79 126
79 127
79 128
79 129
79 130
79 131
79 132
79 133
79 134
79 135
79 136
79 137
79 138
79 139
79 140
79 141
79 142
79 143
79 144
79 145
79 146
79 147
79 148
79 149
79 150
79 151
79 152
79 153
79 154
79 155
79 156
79 157
79 158
79 159
79 160
80 116
80 117
80 118
80 119
80 120
80 121
80 122
80 123
80 124
80 125
80 126
80 127
80 128
80 129
80 130
80 131
80 132
80 133
80 134
80 135
80 136
80 137
80 138
80 139
80 140
80 141
80 142
80 143
80 144
80 145
80 146
80 147
80 148
80 149
80 150
80 151
80 152
80 153
80 154
80 155
80 156
80 157
80 158
80 159
80 160
80 161
80 162
80 163
80 164
80 165
80 166
80 167
81 122
81 123
81 124
81 125
81 126
81 127
81 128
81 129
81 130
81 131
81 132
81 133
81 134
81 135
81 136
81 137
81 138
81 139
81 140
81 141
81 142
81 143
81 144
81 145
81 146
81 147
81 148
81 149
81 150
81 151
81 152
81 153
81 154
81 155
81 156
81 157
81 158
81 159
81 160
81 161
81 162
81 163
81 164
81 165
81 166
81 167
81 168
81 169
81 170
81 171
81 172
81 173
81 174
82 128
82 129
82 130
82 131
82 132
82 133
82 134
82 135
82 136
82 137
82 138
82 139
82 140
82 141
82 142
82 143
82 144
82 145
82 146
82 147
82 148
82 149
82 150
82 151
82 152
82 153
82 154
82 155
82 156
82 157
82 158
82 159
82 160
82 161
82 162
82 163
82 164
82 165
82 166
82 167
82 168
82 169
82 170
82 171
82 172
82 173
82 174
82 175
82 176
82 177
82 178
82 179
82 180
83 135
83 136
83 137
83 138
83 139
83 140
83 141
83 142
83 143
83 144
83 145
83 146
83 147
83 148
83 149
83 150
83 151
83 152
83 153
83 154
83 155
83 156
83 157
83 158
83 159
83 160
83 161
83 162
83 163
83 164
83 165
83 166
83 167
83 168
83 169
83 170
83 171
83 172
83 173
83 174
83 175
83 176
83 177
83 178
83 179
83 180
83 181
83 182
83 183
83 184
83 185
84 143
84 144
84 145
84 146
84 147
84 148
84 149
84 150
84 151
84 152
84 153
84 154
84 155
84 156
84 157
84 158
84 159
84 160
84 161
84 162
84 163
84 164
84 165
84 166
84 167
84 168
84 169
84 170
84 171
84 172
84 173
84 174
84 175
84 176
84 177
84 178
84 179
84 180
84 181
84 182
84 183
84 184
84 185
84 186
84 187
84 188
84 189
84 190
85 151
85 152
85 153
85 154
85 155
85 156
85 157
85 158
85 159
85 160
85 161
85 162
85 163
85 164
85 165
85 166
85 167
85 168
85 169
85 170
85 171
85 172
85 173
85 174
85 175
85 176
85 177
85 178
85 179
85 180
85 181
85 182
85 183
85 184
85 185
85 186
85 187
85 188
85 189
85 190
85 191
85 192
85 193
85 194
86 160
86 161
86 162
86 163
86 164
86 165
86 166
86 167
86 168
86 169
86 170
86 171
86 172
86 173
86 174
86 175
86 176
86 177
86 178
86 179
86 180
86 181
86 182
86 183
86 184
86 185
86 186
86 187
86 188
86 189
86 190
86 191
86 192
86 193
86 194
86 195
86 196
86 197
86 198
87 169
87 170
87 171
87 172
87 173
87 174
87 175
87 176
87 177
87 178
87 179
87 180
87 181
87 182
87 183
87 184
87 185
87 186
87 187
87 188
87 189
87 190
87 191
87 192
87 193
87 194
87 195
87 196
87 197
87 198
87 199
87 200
87 201
88 180
88 181
88 182
88 183
88 184
88 185
88 186
88 187
88 188
88 189
88 190
88 191
88 192
88 193
88 194
88 195
88 196
88 197
88 198
88 199
88 200
88 201
102 103
102 104
102 105
102 106
102 107
102 108
102 109
102 110
102 111
102 112
102 113
102 114
102 115
103 99
103 100
103 101
103 102
103 103
103 104
103 105
103 106
103 107
103 108
103 109
103 110
103 111
103 112
103 113
103 114
103 115
103 116
103 117
103 118
103 119
103 120
103 121
103 122
103 123
103 124
103 125
103 126
103 127
103 128
103 129
104 100
104 101
104 102
104 103
104 104
104 105
104 106
104 107
104 108
104 109
104 110
104 111
104 112
104 113
104 114
104 115
104 116
104 117
104 118
104 119
104 120
104 121
104 122
104 123
104 124
104 125
104 126
104 127
104 128
104 129
104 130
104 131
104 132
104 133
104 134
104 135
104 136
104 137
104 138
104 139
105 103
105 104
105 105
105 106
105 107
105 108
105 109
105 110
105 111
105 112
105 113
105 114
105 115
105 116
105 117
105 118
105 119
105 120
105 121
105 122
105 123
105 124
105 125
105 126
105 127
105 128
105 129
105 130
105 131
105 132
105 133
105 134
105 135
105 136
105 137
105 138
105 139
105 140
105 141
105 142
105 143
105 144
105 145
105 146
105 147
105 148
106 107
106 108
106 109
106 110
106 111
106 112
106 113
106 114
106 115
106 116
106 117
106 118
106 119
106 120
106 121
106 122
106 123
106 124
106 125
106 126
106 127
106 128
106 129
106 130
106 131
106 132
106 133
106 134
106 135
106 136
106 137
106 138
106 139
106 140
106 141
106 142
106 143
106 144
106 145
106 146
106 147
106 148
106 149
106 150
106 151
106 152
106 153
106 154
106 155
106 156
107 112
107 113
107 114
107 115
107 116
107 117
107 118
107 119
107 120
107 121
107 122
107 123
107 124
107 125
107 126
107 127
107 128
107 129
107 130
107 131
107 132
107 133
107 134
107 135
107 136
107 137
107 138
107 139
107 140
107 141
107 142
107 143
107 144
107 145
107 146
107 147
107 148
107 149
107 150
107 151
107 152
107 153
107 154
107 155
107 156
107 157
107 158
107 159
107 160
107 161
107 162
107 163
107 164
108 117
108 118
108 119
108 120
108 121
108 122
108 123
108 124
108 125
108 126
108 127
108 128
108 129
108 130
108 131
108 132
108 133
108 134
108 135
108 136
108 137
108 138
108 139
108 140
108 141
108 142
108 143
108 144
108 145
108 146
108 147
108 148
108 149
108 150
108 151
108 152
108 153
108 154
108 155
108 156
108 157
108 158
108 159
108 160
108 161
108 162
108 163
108 164
108 165
108 166
108 167
108 168
108 169
108 170
108 171
109 124
109 125
109 126
109 127
109 128
109 129
109 130
109 131
109 132
109 133
109 134
109 135
109 136
109 137
109 138
109 139
109 140
109 141
109 142
109 143
109 144
109 145
109 146
109 147
109 148
109 149
109 150
109 151
109 152
109 153
109 154
109 155
109 156
109 157
109 158
109 159
109 160
109 161
109 162
109 163
109 164
109 165
109 166
109 167
109 168
109 169
109 170
109 171
109 172
109 173
109 174
109 175
109 176
109 177
110 131
110 132
110 133
110 134
110 135
110 136
110 137
110 138
110 139
110 140
110 141
110 142
110 143
110 144
110 145
110 146
110 147
110 148
110 149
110 150
110 151
110 152
110 153
110 154
110 155
110 156
110 157
110 158
110 159
110 160
110 161
110 162
110 163
110 164
110 165
110 166
110 167
110 168
110 169
110 170
110 171
110 172
110 173
110 174
110 175
110 176
110 177
110 178
110 179
110 180
110 181
110 182
110 183
111 138
111 139
111 140
111 141
111 142
111 143
111 144
111 145
111 146
111 147
111 148
111 149
111 150
111 151
111 152
111 153
111 154
111 155
111 156
111 157
111 158
111 159
111 160
111 161
111 162
111 163
111 164
111 165
111 166
111 167
111 168
111 169
111 170
111 171
111 172
111 173
111 174
111 175
111 176
111 177
111 178
111 179
111 180
111 181
111 182
111 183
111 184
111 185
111 186
111 187
111 188
112 146
112 147
112 148
112 149
112 150
112 151
112 152
112 153
112 154
112 155
112 156
112 157
112 158
112 159
112 160
112 161
112 162
112 163
112 164
112 165
112 166
112 167
112 168
112 169
112 170
112 171
112 172
112 173
112 174
112 175
112 176
112 177
112 178
112 179
112 180
112 181
112 182
112 183
112 184
112 185
112 186
112 187
112 188
112 189
112 190
112 191
112 192
112 193
113 154
113 155
113 156
113 157
113 158
113 159
113 160
113 161
113 162
113 163
113 164
113 165
113 166
113 167
113 168
113 169
113 170
113 171
113 172
113 173
113 174
113 175
113 176
113 177
113 178
113 179
113 180
113 181
113 182
113 183
113 184
113 185
113 186
113 187
113 188
113 189
113 190
113 191
113 192
113 193
113 194
113 195
113 196
113 197
114 163
114 164
114 165
114 166
114 167
114 168
114 169
114 170
114 171
114 172
114 173
114 174
114 175
114 176
114 177
114 178
114 179
114 180
114 181
114 182
114 183
114 184
114 185
114 186
114 187
114 188
114 189
114 190
114 191
114 192
114 193
114 194
114 195
114 196
114 197
114 198
114 199
114 200
114 201
115 173
115 174
115 175
115 176
115 177
115 178
115 179
115 180
115 181
115 182
115 183
115 184
115 185
115 186
115 187
115 188
115 189
115 190
115 191
115 192
115 193
115 194
115 195
115 196
115 197
115 198
115 199
115 200
115 201
115 202
115 203
116 185
116 186
116 187
116 188
116 189
116 190
116 191
116 192
116 193
116 194
116 195
116 196
116 197
116 198
116 199
116 200
116 201
116 202
116 203
130 99
130 100
130 101
130 102
130 103
130 104
130 105
130 106
130 107
130 108
130 109
130 110
130 111
130 112
130 113
130 114
130 115
130 116
130 117
130 118
130 119
130 120
130 121
130 122
130 123
131 99
131 100
131 101
131 102
131 103
131 104
131 105
131 106
131 107
131 108
131 109
131 110
131 111
131 112
131 113
131 114
131 115
131 116
131 117
131 118
131 119
131 120
131 121
131 122
131 123
131 124
131 125
131 126
131 127
131 128
131 129
131 130
131 131
131 132
131 133
131 134
132 101
132 102
132 103
132 104
132 105
132 106
132 107
132 108
132 109
132 110
132 111
132 112
132 113
132 114
132 115
132 116
132 117
132 118
132 119
132 120
132 121
132 122
132 123
132 124
132 125
132 126
132 127
132 128
132 129
132 130
132 131
132 132
132 133
132 134
132 135
132 136
132 137
132 138
132 139
132 140
132 141
132 142
132 143
132 144
133 104
133 105
133 106
133 107
133 108
133 109
133 110
133 111
133 112
133 113
133 114
133 115
133 116
133 117
133 118
133 119
133 120
133 121
133 122
133 123
133 124
133 125
133 126
133 127
133 128
133 129
133 130
133 131
133 132
133 133
133 134
133 135
133 136
133 137
133 138
133 139
133 140
133 141
133 142
133 143
133 144
133 145
133 146
133 147
133 148
133 149
133 150
133 151
133 152
134 109
134 110
134 111
134 112
134 113
134 114
134 115
134 116
134 117
134 118
134 119
134 120
134 121
134 122
134 123
134 124
134 125
134 126
134 127
134 128
134 129
134 130
134 131
134 132
134 133
134 134
134 135
134 136
134 137
134 138
134 139
134 140
134 141
134 142
134 143
134 144
134 145
134 146
134 147
134 148
134 149
134 150
134 151
134 152
134 153
134 154
134 155
134 156
134 157
134 158
134 159
134 160
135 114
135 115
135 116
135 117
135 118
135 119
135 120
135 121
135 122
135 123
135 124
135 125
135 126
135 127
135 128
135 129
135 130
135 131
135 132
135 133
135 134
135 135
135 136
135 137
135 138
135 139
135 140
135 141
135 142
135 143
135 144
135 145
135 146
135 147
135 148
135 149
135 150
135 151
135 152
135 153
135 154
135 155
135 156
135 157
135 158
135 159
135 160
135 161
135 162
135 163
135 164
135 165
135 166
135 167
136 120
136 121
136 122
136 123
136 124
136 125
136 126
136 127
136 128
136 129
136 130
136 131
136 132
136 133
136 134
136 135
136 136
136 137
136 138
136 139
136 140
136 141
136 142
136 143
136 144
136 145
136 146
136 147
136 148
136 149
136 150
136 151
136 152
136 153
136 154
136 155
136 156
136 157
136 158
136 159
136 160
136 161
136 162
136 163
136 164
136 165
136 166
136 167
136 168
136 169
136 170
136 171
136 172
136 173
136 174
137 126
137 127
137 128
137 129
137 130
137 131
137 132
137 133
137 134
137 135
137 136
137 137
137 138
137 139
137 140
137 141
137 142
137 143
137 144
137 145
137 146
137 147
137 148
137 149
137 150
137 151
137 152
137 153
137 154
137 155
137 156
137 157
137 158
137 159
137 160
137 161
137 162
137 163
137 164
137 165
137 166
137 167
137 168
137 169
137 170
137 171
137 172
137 173
137 174
137 175
137 176
137 177
137 178
137 179
137 180
137 181
138 134
138 135
138 136
138 137
138 138
138 139
138 140
138 141
138 142
138 143
138 144
138 145
138 146
138 147
138 148
138 149
138 150
138 151
138 152
138 153
138 154
138 155
138 156
138 157
138 158
138 159
138 160
138 161
138 162
138 163
138 164
138 165
138 166
138 167
138 168
138 169
138 170
138 171
138 172
138 173
138 174
138 175
138 176
138 177
138 178
138 179
138 180
138 181
138 182
138 183
138 184
138 185
138 186
139 141
139 142
139 143
139 144
139 145
139 146
139 147
139 148
139 149
139 150
139 151
139 152
139 153
139 154
139 155
139 156
139 157
139 158
139 159
139 160
139 161
139 162
139 163
139 164
139 165
139 166
139 167
139 168
139 169
139 170
139 171
139 172
139 173
139 174
139 175
139 176
139 177
139 178
139 179
139 180
139 181
139 182
139 183
139 184
139 185
139 186
139 187
139 188
139 189
139 190
139 191
139 192
140 149
140 150
140 151
140 152
140 153
140 154
140 155
140 156
140 157
140 158
140 159
140 160
140 161
140 162
140 163
140 164
140 165
140 166
140 167
140 168
140 169
140 170
140 171
140 172
140 173
140 174
140 175
140 176
140 177
140 178
140 179
140 180
140 181
140 182
140 183
140 184
140 185
140 186
140 187
140 188
140 189
140 190
140 191
140 192
140 193
140 194
140 195
140 196
141 158
141 159
141 160
141 161
141 162
141 163
141 164
141 165
141 166
141 167
141 168
141 169
141 170
141 171
141 172
141 173
141 174
141 175
141 176
141 177
141 178
141 179
141 180
141 181
141 182
141 183
141 184
141 185
141 186
141 187
141 188
141 189
141 190
141 191
141 192
141 193
141 194
141 195
141 196
141 197
141 198
141 199
141 200
142 167
142 168
142 169
142 170
142 171
142 172
142 173
142 174
142 175
142 176
142 177
142 178
142 179
142 180
142 181
142 182
142 183
142 184
142 185
142 186
142 187
142 188
142 189
142 190
142 191
142 192
142 193
142 194
142 195
142 196
142 197
142 198
142 199
142 200
142 201
142 202
142 203
143 178
143 179
143 180
143 181
143 182
143 183
143 184
143 185
143 186
143 187
143 188
143 189
143 190
143 191
143 192
143 193
143 194
143 195
143 196
143 197
143 198
143 199
143 200
143 201
143 202
143 203
143 204
143 205
144 192
144 193
144 194
144 195
144 196
144 197
144 198
144 199
144 200
144 201
144 202
144 203
157 102
157 103
157 104
157 105
157 106
157 107
157 108
157 109
157 110
157 111
157 112
157 113
157 114
157 115
158 99
158 100
158 101
158 102
158 103
158 104
158 105
158 106
158 107
158 108
158 109
158 110
158 111
158 112
158 113
158 114
158 115
158 116
158 117
158 118
158 119
158 120
158 121
158 122
158 123
158 124
158 125
158 126
158 127
158 128
158 129
159 100
159 101
159 102
159 103
159 104
159 105
159 106
159 107
159 108
159 109
159 110
159 111
159 112
159 113
159 114
159 115
159 116
159 117
159 118
159 119
159 120
159 121
159 122
159 123
159 124
159 125
159 126
159 127
159 128
159 129
159 130
159 131
159 132
159 133
159 134
159 135
159 136
159 137
159 138
159 139
160 102
160 103
160 104
160 105
160 106
160 107
160 108
160 109
160 110
160 111
160 112
160 113
160 114
160 115
160 116
160 117
160 118
160 119
160 120
160 121
160 122
160 123
160 124
160 125
160 126
160 127
160 128
160 129
160 130
160 131
160 132
160 133
160 134
160 135
160 136
160 137
160 138
160 139
160 140
160 141
160 142
160 143
160 144
160 145
160 146
160 147
160 148
161 106
161 107
161 108
161 109
161 110
161 111
161 112
161 113
161 114
161 115
161 116
161 117
161 118
161 119
161 120
161 121
161 122
161 123
161 124
161 125
161 126
161 127
161 128
161 129
161 130
161 131
161 132
161 133
161 134
161 135
161 136
161 137
161 138
161 139
161 140
161 141
161 142
161 143
161 144
161 145
161 146
161 147
161 148
161 149
161 150
161 151
161 152
161 153
161 154
161 155
161 156
162 111
162 112
162 113
162 114
162 115
162 116
162 117
162 118
162 119
162 120
162 121
162 122
162 123
162 124
162 125
162 126
162 127
162 128
162 129
162 130
162 131
162 132
162 133
162 134
162 135
162 136
162 137
162 138
162 139
162 140
162 141
162 142
162 143
162 144
162 145
162 146
162 147
162 148
162 149
162 150
162 151
162 152
162 153
162 154
162 155
162 156
162 157
162 158
162 159
162 160
162 161
162 162
162 163
162 164
163 117
163 118
163 119
163 120
163 121
163 122
163 123
163 124
163 125
163 126
163 127
163 128
163 129
163 130
163 131
163 132
163 133
163 134
163 135
163 136
163 137
163 138
163 139
163 140
163 141
163 142
163 143
163 144
163 145
163 146
163 147
163 148
163 149
163 150
163 151
163 152
163 153
163 154
163 155
163 156
163 157
163 158
163 159
163 160
163 161
163 162
163 163
163 164
163 165
163 166
163 167
163 168
163 169
163 170
163 171
164 123
164 124
164 125
164 126
164 127
164 128
164 129
164 130
164 131
164 132
164 133
164 134
164 135
164 136
164 137
164 138
164 139
164 140
164 141
164 142
164 143
164 144
164 145
164 146
164 147
164 148
164 149
164 150
164 151
164 152
164 153
164 154
164 155
164 156
164 157
164 158
164 159
164 160
164 161
164 162
164 163
164 164
164 165
164 166
164 167
164 168
164 169
164 170
164 171
164 172
164 173
164 174
164 175
164 176
164 177
164 178
165 130
165 131
165 132
165 133
165 134
165 135
165 136
165 137
165 138
165 139
165 140
165 141
165 142
165 143
165 144
165 145
165 146
165 147
165 148
165 149
165 150
165 151
165 152
165 153
165 154
165 155
165 156
165 157
165 158
165 159
165 160
165 161
165 162
165 163
165 164
165 165
165 166
165 167
165 168
165 169
165 170
165 171
165 172
165 173
165 174
165 175
165 176
165 177
165 178
165 179
165 180
165 181
165 182
165 183
165 184
166 137
166 138
166 139
166 140
166 141
166 142
166 143
166 144
166 145
166 146
166 147
166 148
166 149
166 150
166 151
166 152
166 153
166 154
166 155
166 156
166 157
166 158
166 159
166 160
166 161
166 162
166 163
166 164
166 165
166 166
166 167
166 168
166 169
166 170
166 171
166 172
166 173
166 174
166 175
166 176
166 177
166 178
166 179
166 180
166 181
166 182
166 183
166 184
166 185
166 186
166 187
166 188
166 189
167 145
167 146
167 147
167 148
167 149
167 150
167 151
167 152
167 153
167 154
167 155
167 156
167 157
167 158
167 159
167 160
167 161
167 162
167 163
167 164
167 165
167 166
167 167
167 168
167 169
167 170
167 171
167 172
167 173
167 174
167 175
167 176
167 177
167 178
167 179
167 180
167 181
167 182
167 183
167 184
167 185
167 186
167 187
167 188
167 189
167 190
167 191
167 192
167 193
167 194
168 153
168 154
168 155
168 156
168 157
168 158
168 159
168 160
168 161
168 162
168 163
168 164
168 165
168 166
168 167
168 168
168 169
168 170
168 171
168 172
168 173
168 174
168 175
168 176
168 177
168 178
168 179
168 180
168 181
168 182
168 183
168 184
168 185
168 186
168 187
168 188
168 189
168 190
168 191
168 192
168 193
168 194
168 195
168 196
168 197
168 198
168 199
169 162
169 163
169 164
169 165
169 166
169 167
169 168
169 169
169 170
169 171
169 172
169 173
169 174
169 175
169 176
169 177
169 178
169 179
169 180
169 181
169 182
169 183
169 184
169 185
169 186
169 187
169 188
169 189
169 190
169 191
169 192
169 193
169 194
169 195
169 196
169 197
169 198
169 199
169 200
169 201
169 202
170 173
170 174
170 175
170 176
170 177
170 178
170 179
170 180
170 181
170 182
170 183
170 184
170 185
170 186
170 187
170 188
170 189
170 190
170 191
170 192
170 193
170 194
170 195
170 196
170 197
170 198
170 199
170 200
170 201
170 202
170 203
170 204
170 205
171 184
171 185
171 186
171 187
171 188
171 189
171 190
171 191
171 192
171 193
171 194
171 195
171 196
171 197
171 198
171 199
171 200
171 201
171 202
171 203
171 204
171 205
185 101
185 102
185 103
185 104
185 105
185 106
185 107
185 108
185 109
185 110
185 111
185 112
185 113
185 114
185 115
185 116
185 117
185 118
185 119
185 120
185 121
185 122
186 100
186 101
186 102
186 103
186 104
186 105
186 106
186 107
186 108
186 109
186 110
186 111
186 112
186 113
186 114
186 115
186 116
186 117
186 118
186 119
186 120
186 121
186 122
186 123
186 124
186 125
186 126
186 127
186 128
186 129
186 130
186 131
186 132
186 133
187 102
187 103
187 104
187 105
187 106
187 107
187 108
187 109
187 110
187 111
187 112
187 113
187 114
187 115
187 116
187 117
187 118
187 119
187 120
187 121
187 122
187 123
187 124
187 125
187 126
187 127
187 128
187 129
187 130
187 131
187 132
187 133
187 134
187 135
187 136
187 137
187 138
187 139
187 140
187 141
187 142
187 143
188 105
188 106
188 107
188 108
188 109
188 110
188 111
188 112
188 113
188 114
188 115
188 116
188 117
188 118
188 119
188 120
188 121
188 122
188 123
188 124
188 125
188 126
188 127
188 128
188 129
188 130
188 131
188 132
188 133
188 134
188 135
188 136
188 137
188 138
188 139
188 140
188 141
188 142
188 143
188 144
188 145
188 146
188 147
188 148
188 149
188 150
188 151
188 152
189 109
189 110
189 111
189 112
189 113
189 114
189 115
189 116
189 117
189 118
189 119
189 120
189 121
189 122
189 123
189 124
189 125
189 126
189 127
189 128
189 129
189 130
189 131
189 132
189 133
189 134
189 135
189 136
189 137
189 138
189 139
189 140
189 141
189 142
189 143
189 144
189 145
189 146
189 147
189 148
189 149
189 150
189 151
189 152
189 153
189 154
189 155
189 156
189 157
189 158
189 159
189 160
190 114
190 115
190 116
190 117
190 118
190 119
190 120
190 121
190 122
190 123
190 124
190 125
190 126
190 127
190 128
190 129
190 130
190 131
190 132
190 133
190 134
190 135
190 136
190 137
190 138
190 139
190 140
190 141
190 142
190 143
190 144
190 145
190 146
190 147
190 148
190 149
190 150
190 151
190 152
190 153
190 154
190 155
190 156
190 157
190 158
190 159
190 160
190 161
190 162
190 163
190 164
190 165
190 166
190 167
191 120
191 121
191 122
191 123
191 124
191 125
191 126
191 127
191 128
191 129
191 130
191 131
191 132
191 133
191 134
191 135
191 136
191 137
191 138
191 139
191 140
191 141
191 142
191 143
191 144
191 145
191 146
191 147
191 148
191 149
191 150
191 151
191 152
191 153
191 154
191 155
191 156
191 157
191 158
191 159
191 160
191 161
191 162
191 163
191 164
191 165
191 166
191 167
191 168
191 169
191 170
191 171
191 172
191 173
191 174
192 127
192 128
192 129
192 130
192 131
192 132
192 133
192 134
192 135
192 136
192 137
192 138
192 139
192 140
192 141
192 142
192 143
192 144
192 145
192 146
192 147
192 148
192 149
192 150
192 151
192 152
192 153
192 154
192 155
192 156
192 157
192 158
192 159
192 160
192 161
192 162
192 163
192 164
192 165
192 166
192 167
192 168
192 169
192 170
192 171
192 172
192 173
192 174
192 175
192 176
192 177
192 178
192 179
192 180
192 181
193 134
193 135
193 136
193 137
193 138
193 139
193 140
193 141
193 142
193 143
193 144
193 145
193 146
193 147
193 148
193 149
193 150
193 151
193 152
193 153
193 154
193 155
193 156
193 157
193 158
193 159
193 160
193 161
193 162
193 163
193 164
193 165
193 166
193 167
193 168
193 169
193 170
193 171
193 172
193 173
193 174
193 175
193 176
193 177
193 178
193 179
193 180
193 181
193 182
193 183
193 184
193 185
193 186
193 187
194 141
194 142
194 143
194 144
194 145
194 146
194 147
194 148
194 149
194 150
194 151
194 152
194 153
194 154
194 155
194 156
194 157
194 158
194 159
194 160
194 161
194 162
194 163
194 164
194 165
194 166
194 167
194 168
194 169
194 170
194 171
194 172
194 173
194 174
194 175
194 176
194 177
194 178
194 179
194 180
194 181
194 182
194 183
194 184
194 185
194 186
194 187
194 188
194 189
194 190
194 191
194 192
195 150
195 151
195 152
195 153
195 154
195 155
195 156
195 157
195 158
195 159
195 160
195 161
195 162
195 163
195 164
195 165
195 166
195 167
195 168
195 169
195 170
195 171
195 172
195 173
195 174
195 175
195 176
195 177
195 178
195 179
195 180
195 181
195 182
195 183
195 184
195 185
195 186
195 187
195 188
195 189
195 190
195 191
195 192
195 193
195 194
195 195
195 196
195 197
196 159
196 160
196 161
196 162
196 163
196 164
196 165
196 166
196 167
196 168
196 169
196 170
196 171
196 172
196 173
196 174
196 175
196 176
196 177
196 178
196 179
196 180
196 181
196 182
196 183
196 184
196 185
196 186
196 187
196 188
196 189
196 190
196 191
196 192
196 193
196 194
196 195
196 196
196 197
196 198
196 199
196 200
196 201
197 168
197 169
197 170
197 171
197 172
197 173
197 174
197 175
197 176
197 177
197 178
197 179
197 180
197 181
197 182
197 183
197 184
197 185
197 186
197 187
197 188
197 189
197 190
197 191
197 192
197 193
197 194
197 195
197 196
197 197
197 198
197 199
197 200
197 201
197 202
197 203
197 204
198 180
198 181
198 182
198 183
198 184
198 185
198 186
198 187
198 188
198 189
198 190
198 191
198 192
198 193
198 194
198 195
198 196
198 197
198 198
198 199
198 200
198 201
198 202
198 203
198 204
198 205
199 197
199 198
199 199
199 200
213 102
213 103
213 104
213 105
213 106
213 107
213 108
213 109
213 110
213 111
213 112
213 113
213 114
213 115
213 116
213 117
213 118
213 119
213 120
213 121
213 122
213 123
213 124
213 125
213 126
213 127
214 102
214 103
214 104
214 105
214 106
214 107
214 108
214 109
214 110
214 111
214 112
214 113
214 114
214 115
214 116
214 117
214 118
214 119
214 120
214 121
214 122
214 123
214 124
214 125
214 126
214 127
214 128
214 129
214 130
214 131
214 132
214 133
214 134
214 135
214 136
214 137
215 104
215 105
215 106
215 107
215 108
215 109
215 110
215 111
215 112
215 113
215 114
215 115
215 116
215 117
215 118
215 119
215 120
215 121
215 122
215 123
215 124
215 125
215 126
215 127
215 128
215 129
215 130
215 131
215 132
215 133
215 134
215 135
215 136
215 137
215 138
215 139
215 140
215 141
215 142
215 143
215 144
215 145
215 146
215 147
216 108
216 109
216 110
216 111
216 112
216 113
216 114
216 115
216 116
216 117
216 118
216 119
216 120
216 121
216 122
216 123
216 124
216 125
216 126
216 127
216 128
216 129
216 130
216 131
216 132
216 133
216 134
216 135
216 136
216 137
216 138
216 139
216 140
216 141
216 142
216 143
216 144
216 145
216 146
216 147
216 148
216 149
216 150
216 151
216 152
216 153
216 154
216 155
217 113
217 114
217 115
217 116
217 117
217 118
217 119
217 120
217 121
217 122
217 123
217 124
217 125
217 126
217 127
217 128
217 129
217 130
217 131
217 132
217 133
217 134
217 135
217 136
217 137
217 138
217 139
217 140
217 141
217 142
217 143
217 144
217 145
217 146
217 147
217 148
217 149
217 150
217 151
217 152
217 153
217 154
217 155
217 156
217 157
217 158
217 159
217 160
217 161
217 162
217 163
218 118
218 119
218 120
218 121
218 122
218 123
218 124
218 125
218 126
218 127
218 128
218 129
218 130
218 131
218 132
218 133
218 134
218 135
218 136
218 137
218 138
218 139
218 140
218 141
218 142
218 143
218 144
218 145
218 146
218 147
218 148
218 149
218 150
218 151
218 152
218 153
218 154
218 155
218 156
218 157
218 158
218 159
218 160
218 161
218 162
218 163
218 164
218 165
218 166
218 167
218 168
218 169
218 170
219 124
219 125
219 126
219 127
219 128
219 129
219 130
219 131
219 132
219 133
219 134
219 135
219 136
219 137
219 138
219 139
219 140
219 141
219 142
219 143
219 144
219 145
219 146
219 147
219 148
219 149
219 150
219 151
219 152
219 153
219 154
219 155
219 156
219 157
219 158
219 159
219 160
219 161
219 162
219 163
219 164
219 165
219 166
219 167
219 168
219 169
219 170
219 171
219 172
219 173
219 174
219 175
219 176
219 177
220 131
220 132
220 133
220 134
220 135
220 136
220 137
220 138
220 139
220 140
220 141
220 142
220 143
220 144
220 145
220 146
220 147
220 148
220 149
220 150
220 151
220 152
220 153
220 154
220 155
220 156
220 157
220 158
220 159
220 160
220 161
220 162
220 163
220 164
220 165
220 166
220 167
220 168
220 169
220 170
220 171
220 172
220 173
220 174
220 175
220 176
220 177
220 178
220 179
220 180
220 181
220 182
220 183
220 184
221 139
221 140
221 141
221 142
221 143
221 144
221 145
221 146
221 147
221 148
221 149
221 150
221 151
221 152
221 153
221 154
221 155
221 156
221 157
221 158
221 159
221 160
221 161
221 162
221 163
221 164
221 165
221 166
221 167
221 168
221 169
221 170
221 171
221 172
221 173
221 174
221 175
221 176
221 177
221 178
221 179
221 180
221 181
221 182
221 183
221 184
221 185
221 186
221 187
221 188
221 189
222 147
222 148
222 149
222 150
222 151
222 152
222 153
222 154
222 155
222 156
222 157
222 158
222 159
222 160
222 161
222 162
222 163
222 164
222 165
222 166
222 167
222 168
222 169
222 170
222 171
222 172
222 173
222 174
222 175
222 176
222 177
222 178
222 179
222 180
222 181
222 182
222 183
222 184
222 185
222 186
222 187
222 188
222 189
222 190
222 191
222 192
222 193
222 194
223 155
223 156
223 157
223 158
223 159
223 160
223 161
223 162
223 163
223 164
223 165
223 166
223 167
223 168
223 169
223 170
223 171
223 172
223 173
223 174
223 175
223 176
223 177
223 178
223 179
223 180
223 181
223 182
223 183
223 184
223 185
223 186
223 187
223 188
223 189
223 190
223 191
223 192
223 193
223 194
223 195
223 196
223 197
223 198
223 199
224 165
224 166
224 167
224 168
224 169
224 170
224 171
224 172
224 173
224 174
224 175
224 176
224 177
224 178
224 179
224 180
224 181
224 182
224 183
224 184
224 185
224 186
224 187
224 188
224 189
224 190
224 191
224 192
224 193
224 194
224 195
224 196
224 197
224 198
224 199
224 200
224 201
224 202
225 176
225 177
225 178
225 179
225 180
225 181
225 182
225 183
225 184
225 185
225 186
225 187
225 188
225 189
225 190
225 191
225 192
225 193
225 194
225 195
225 196
225 197
225 198
225 199
225 200
225 201
225 202
225 203
225 204
226 191
226 192
226 193
226 194
226 195
226 196
226 197
226 198
226 199
226 200
226 201
226 202
240 109
240 110
240 111
240 112
240 113
240 114
240 115
241 104
241 105
241 106
241 107
241 108
241 109
241 110
241 111
241 112
241 113
241 114
241 115
241 116
241 117
241 118
241 119
241 120
241 121
241 122
241 123
241 124
241 125
241 126
241 127
241 128
241 129
241 130
241 131
242 105
242 106
242 107
242 108
242 109
242 110
242 111
242 112
242 113
242 114
242 115
242 116
242 117
242 118
242 119
242 120
242 121
242 122
242 123
242 124
242 125
242 126
242 127
242 128
242 129
242 130
242 131
242 132
242 133
242 134
242 135
242 136
242 137
242 138
242 139
242 140
242 141
243 108
243 109
243 110
243 111
243 112
243 113
243 114
243 115
243 116
243 117
243 118
243 119
243 120
243 121
243 122
243 123
243 124
243 125
243 126
243 127
243 128
243 129
243 130
243 131
243 132
243 133
243 134
243 135
243 136
243 137
243 138
243 139
243 140
243 141
243 142
243 143
243 144
243 145
243 146
243 147
243 148
243 149
243 150
244 112
244 113
244 114
244 115
244 116
244 117
244 118
244 119
244 120
244 121
244 122
244 123
244 124
244 125
244 126
244 127
244 128
244 129
244 130
244 131
244 132
244 133
244 134
244 135
244 136
244 137
244 138
244 139
244 140
244 141
244 142
244 143
244 144
244 145
244 146
244 147
244 148
244 149
244 150
244 151
244 152
244 153
244 154
244 155
244 156
244 157
244 158
245 117
245 118
245 119
245 120
245 121
245 122
245 123
245 124
245 125
245 126
245 127
245 128
245 129
245 130
245 131
245 132
245 133
245 134
245 135
245 136
245 137
245 138
245 139
245 140
245 141
245 142
245 143
245 144
245 145
245 146
245 147
245 148
245 149
245 150
245 151
245 152
245 153
245 154
245 155
245 156
245 157
245 158
245 159
245 160
245 161
245 162
245 163
245 164
245 165
245 166
246 123
246 124
246 125
246 126
246 127
246 128
246 129
246 130
246 131
246 132
246 133
246 134
246 135
246 136
246 137
246 138
246 139
246 140
246 141
246 142
246 143
246 144
246 145
246 146
246 147
246 148
246 149
246 150
246 151
246 152
246 153
246 154
246 155
246 156
246 157
246 158
246 159
246 160
246 161
246 162
246 163
246 164
246 165
246 166
246 167
246 168
246 169
246 170
246 171
246 172
246 173
247 129
247 130
247 131
247 132
247 133
247 134
247 135
247 136
247 137
247 138
247 139
247 140
247 141
247 142
247 143
247 144
247 145
247 146
247 147
247 148
247 149
247 150
247 151
247 152
247 153
247 154
247 155
247 156
247 157
247 158
247 159
247 160
247 161
247 162
247 163
247 164
247 165
247 166
247 167
247 168
247 169
247 170
247 171
247 172
247 173
247 174
247 175
247 176
247 177
247 178
247 179
247 180
248 136
248 137
248 138
248 139
248 140
248 141
248 142
248 143
248 144
248 145
248 146
248 147
248 148
248 149
248 150
248 151
248 152
248 153
248 154
248 155
248 156
248 157
248 158
248 159
248 160
248 161
248 162
248 163
248 164
248 165
248 166
248 167
248 168
248 169
248 170
248 171
248 172
248 173
248 174
248 175
248 176
248 177
248 178
248 179
248 180
248 181
248 182
248 183
248 184
248 185
248 186
249 144
249 145
249 146
249 147
249 148
249 149
249 150
249 151
249 152
249 153
249 154
249 155
249 156
249 157
249 158
249 159
249 160
249 161
249 162
249 163
249 164
249 165
249 166
249 167
249 168
249 169
249 170
249 171
249 172
249 173
249 174
249 175
249 176
249 177
249 178
249 179
249 180
249 181
249 182
249 183
249 184
249 185
249 186
249 187
249 188
249 189
249 190
249 191
250 153
250 154
250 155
250 156
250 157
250 158
250 159
250 160
250 161
250 162
250 163
250 164
250 165
250 166
250 167
250 168
250 169
250 170
250 171
250 172
250 173
250 174
250 175
250 176
250 177
250 178
250 179
250 180
250 181
250 182
250 183
250 184
250 185
250 186
250 187
250 188
250 189
250 190
250 191
250 192
250 193
250 194
250 195
250 196
251 162
251 163
251 164
251 165
251 166
251 167
251 168
251 169
251 170
251 171
251 172
251 173
251 174
251 175
251 176
251 177
251 178
251 179
251 180
251 181
251 182
251 183
251 184
251 185
251 186
251 187
251 188
251 189
251 190
251 191
251 192
251 193
251 194
251 195
251 196
251 197
251 198
251 199
251 200
252 173
252 174
252 175
252 176
252 177
252 178
252 179
252 180
252 181
252 182
252 183
252 184
252 185
252 186
252 187
252 188
252 189
252 190
252 191
252 192
252 193
252 194
252 195
252 196
252 197
252 198
252 199
252 200
252 201
252 202
253 188
253 189
253 190
253 191
253 192
253 193
253 194
253 195
253 196
253 197
253 198
253 199
253 200
268 112
268 113
268 114
268 115
268 116
268 117
268 118
268 119
269 108
269 109
269 110
269 111
269 112
269 113
269 114
269 115
269 116
269 117
269 118
269 119
269 120
269 121
269 122
269 123
269 124
269 125
269 126
269 127
269 128
269 129
269 130
269 131
269 132
269 133
269 134
270 109
270 110
270 111
270 112
270 113
270 114
270 115
270 116
270 117
270 118
270 119
270 120
270 121
270 122
270 123
270 124
270 125
270 126
270 127
270 128
270 129
270 130
270 131
270 132
270 133
270 134
270 135
270 136
270 137
270 138
270 139
270 140
270 141
270 142
270 143
270 144
271 113
271 114
271 115
271 116
271 117
271 118
271 119
271 120
271 121
271 122
271 123
271 124
271 125
271 126
271 127
271 128
271 129
271 130
271 131
271 132
271 133
271 134
271 135
271 136
271 137
271 138
271 139
271 140
271 141
271 142
271 143
271 144
271 145
271 146
271 147
271 148
271 149
271 150
271 151
271 152
271 153
272 117
272 118
272 119
272 120
272 121
272 122
272 123
272 124
272 125
272 126
272 127
272 128
272 129
272 130
272 131
272 132
272 133
272 134
272 135
272 136
272 137
272 138
272 139
272 140
272 141
272 142
272 143
272 144
272 145
272 146
272 147
272 148
272 149
272 150
272 151
272 152
272 153
272 154
272 155
272 156
272 157
272 158
272 159
272 160
272 161
273 122
273 123
273 124
273 125
273 126
273 127
273 128
273 129
273 130
273 131
273 132
273 133
273 134
273 135
273 136
273 137
273 138
273 139
273 140
273 141
273 142
273 143
273 144
273 145
273 146
273 147
273 148
273 149
273 150
273 151
273 152
273 153
273 154
273 155
273 156
273 157
273 158
273 159
273 160
273 161
273 162
273 163
273 164
273 165
273 166
273 167
273 168
273 169
274 128
274 129
274 130
274 131
274 132
274 133
274 134
274 135
274 136
274 137
274 138
274 139
274 140
274 141
274 142
274 143
274 144
274 145
274 146
274 147
274 148
274 149
274 150
274 151
274 152
274 153
274 154
274 155
274 156
274 157
274 158
274 159
274 160
274 161
274 162
274 163
274 164
274 165
274 166
274 167
274 168
274 169
274 170
274 171
274 172
274 173
274 174
274 175
274 176
275 135
275 136
275 137
275 138
275 139
275 140
275 141
275 142
275 143
275 144
275 145
275 146
275 147
275 148
275 149
275 150
275 151
275 152
275 153
275 154
275 155
275 156
275 157
275 158
275 159
275 160
275 161
275 162
275 163
275 164
275 165
275 166
275 167
275 168
275 169
275 170
275 171
275 172
275 173
275 174
275 175
275 176
275 177
275 178
275 179
275 180
275 181
275 182
276 143
276 144
276 145
276 146
276 147
276 148
276 149
276 150
276 151
276 152
276 153
276 154
276 155
276 156
276 157
276 158
276 159
276 160
276 161
276 162
276 163
276 164
276 165
276 166
276 167
276 168
276 169
276 170
276 171
276 172
276 173
276 174
276 175
276 176
276 177
276 178
276 179
276 180
276 181
276 182
276 183
276 184
276 185
276 186
276 187
276 188
277 151
277 152
277 153
277 154
277 155
277 156
277 157
277 158
277 159
277 160
277 161
277 162
277 163
277 164
277 165
277 166
277 167
277 168
277 169
277 170
277 171
277 172
277 173
277 174
277 175
277 176
277 177
277 178
277 179
277 180
277 181
277 182
277 183
277 184
277 185
277 186
277 187
277 188
277 189
277 190
277 191
277 192
277 193
278 161
278 162
278 163
278 164
278 165
278 166
278 167
278 168
278 169
278 170
278 171
278 172
278 173
278 174
278 175
278 176
278 177
278 178
278 179
278 180
278 181
278 182
278 183
278 184
278 185
278 186
278 187
278 188
278 189
278 190
278 191
278 192
278 193
278 194
278 195
278 196
279 172
279 173
279 174
279 175
279 176
279 177
279 178
279 179
279 180
279 181
279 182
279 183
279 184
279 185
279 186
279 187
279 188
279 189
279 190
279 191
279 192
279 193
279 194
279 195
279 196
279 197
279 198
279 199
280 189
280 190
280 191
280 192
280 193
280 194
280 195
297 114
297 115
297 116
297 117
297 118
297 119
297 120
297 121
297 122
297 123
297 124
297 125
297 126
297 127
297 128
297 129
297 130
297 131
297 132
297 133
297 134
297 135
297 136
298 115
298 116
298 117
298 118
298 119
298 120
298 121
298 122
298 123
298 124
298 125
298 126
298 127
298 128
298 129
298 130
298 131
298 132
298 133
298 134
298 135
298 136
298 137
298 138
298 139
298 140
298 141
298 142
298 143
298 144
298 145
298 146
299 119
299 120
299 121
299 122
299 123
299 124
299 125
299 126
299 127
299 128
299 129
299 130
299 131
299 132
299 133
299 134
299 135
299 136
299 137
299 138
299 139
299 140
299 141
299 142
299 143
299 144
299 145
299 146
299 147
299 148
299 149
299 150
299 151
299 152
299 153
299 154
299 155
300 123
300 124
300 125
300 126
300 127
300 128
300 129
300 130
300 131
300 132
300 133
300 134
300 135
300 136
300 137
300 138
300 139
300 140
300 141
300 142
300 143
300 144
300 145
300 146
300 147
300 148
300 149
300 150
300 151
300 152
300 153
300 154
300 155
300 156
300 157
300 158
300 159
300 160
300 161
300 162
300 163
301 129
301 130
301 131
301 132
301 133
301 134
301 135
301 136
301 137
301 138
301 139
301 140
301 141
301 142
301 143
301 144
301 145
301 146
301 147
301 148
301 149
301 150
301 151
301 152
301 153
301 154
301 155
301 156
301 157
301 158
301 159
301 160
301 161
301 162
301 163
301 164
301 165
301 166
301 167
301 168
301 169
301 170
302 136
302 137
302 138
302 139
302 140
302 141
302 142
302 143
302 144
302 145
302 146
302 147
302 148
302 149
302 150
302 151
302 152
302 153
302 154
302 155
302 156
302 157
302 158
302 159
302 160
302 161
302 162
302 163
302 164
302 165
302 166
302 167
302 168
302 169
302 170
302 171
302 172
302 173
302 174
302 175
302 176
302 177
303 143
303 144
303 145
303 146
303 147
303 148
303 149
303 150
303 151
303 152
303 153
303 154
303 155
303 156
303 157
303 158
303 159
303 160
303 161
303 162
303 163
303 164
303 165
303 166
303 167
303 168
303 169
303 170
303 171
303 172
303 173
303 174
303 175
303 176
303 177
303 178
303 179
303 180
303 181
303 182
303 183
304 151
304 152
304 153
304 154
304 155
304 156
304 157
304 158
304 159
304 160
304 161
304 162
304 163
304 164
304 165
304 166
304 167
304 168
304 169
304 170
304 171
304 172
304 173
304 174
304 175
304 176
304 177
304 178
304 179
304 180
304 181
304 182
304 183
304 184
304 185
304 186
304 187
304 188
305 161
305 162
305 163
305 164
305 165
305 166
305 167
305 168
305 169
305 170
305 171
305 172
305 173
305 174
305 175
305 176
305 177
305 178
305 179
305 180
305 181
305 182
305 183
305 184
305 185
305 186
305 187
305 188
305 189
305 190
305 191
305 192
306 173
306 174
306 175
306 176
306 177
306 178
306 179
306 180
306 181
306 182
306 183
306 184
306 185
306 186
306 187
306 188
306 189
306 190
306 191
306 192
306 193
325 123
325 124
325 125
325 126
325 127
325 128
325 129
325 130
325 131
325 132
325 133
325 134
326 123
326 124
326 125
326 126
326 127
326 128
326 129
326 130
326 131
326 132
326 133
326 134
326 135
326 136
326 137
326 138
326 139
326 140
326 141
326 142
326 143
326 144
326 145
326 146
327 127
327 128
327 129
327 130
327 131
327 132
327 133
327 134
327 135
327 136
327 137
327 138
327 139
327 140
327 141
327 142
327 143
327 144
327 145
327 146
327 147
327 148
327 149
327 150
327 151
327 152
327 153
327 154
327 155
327 156
328 132
328 133
328 134
328 135
328 136
328 137
328 138
328 139
328 140
328 141
328 142
328 143
328 144
328 145
328 146
328 147
328 148
328 149
328 150
328 151
328 152
328 153
328 154
328 155
328 156
328 157
328 158
328 159
328 160
328 161
328 162
328 163
328 164
329 138
329 139
329 140
329 141
329 142
329 143
329 144
329 145
329 146
329 147
329 148
329 149
329 150
329 151
329 152
329 153
329 154
329 155
329 156
329 157
329 158
329 159
329 160
329 161
329 162
329 163
329 164
329 165
329 166
329 167
329 168
329 169
329 170
329 171
330 145
330 146
330 147
330 148
330 149
330 150
330 151
330 152
330 153
330 154
330 155
330 156
330 157
330 158
330 159
330 160
330 161
330 162
330 163
330 164
330 165
330 166
330 167
330 168
330 169
330 170
330 171
330 172
330 173
330 174
330 175
330 176
330 177
331 154
331 155
331 156
331 157
331 158
331 159
331 160
331 161
331 162
331 163
331 164
331 165
331 166
331 167
331 168
331 169
331 170
331 171
331 172
331 173
331 174
331 175
331 176
331 177
331 178
331 179
331 180
331 181
331 182
332 164
332 165
332 166
332 167
332 168
332 169
332 170
332 171
332 172
332 173
332 174
332 175
332 176
332 177
332 178
332 179
332 180
332 181
332 182
332 183
332 184
332 185
355 140
355 141
355 142
355 143
355 144
355 145
355 146
355 147
355 148
355 149
355 150
355 151
355 152
356 145
356 146
356 147
356 148
356 149
356 150
356 151
356 152
356 153
356 154
356 155
356 156
356 157
356 158
356 159
356 160
357 152
357 153
357 154
357 155
357 156
357 157
357 158
357 159
357 160
357 161
357 162
357 163
357 164
357 165
357 166
358 164
358 165
358 166
358 167
358 168
1210 121
1210 122
1236 109
1236 110
1236 111
1236 112
1236 113
1236 114
1236 115
1236 116
1236 117
1236 118
1236 119
1236 120
1237 113
1237 114
1237 115
1237 116
1237 117
1237 118
1237 119
1237 120
1237 121
1237 122
1237 123
1237 124
1237 125
1237 126
1237 127
1237 128
1238 119
1238 120
1238 121
1238 122
1238 123
1238 124
1238 125
1238 126
1238 127
1238 128
1238 129
1238 130
1238 131
1238 132
1238 133
1238 134
1239 126
1239 127
1239 128
1239 129
1239 130
1239 131
1239 132
1239 133
1239 134
1239 135
1239 136
1239 137
1239 138
1239 139
1239 140
1240 135
1240 136
1240 137
1240 138
1240 139
1240 140
1240 141
1240 142
1240 143
1262 104
1262 105
1262 106
1262 107
1262 108
1262 109
1262 110
1262 111
1262 112
1263 105
1263 106
1263 107
1263 108
1263 109
1263 110
1263 111
1263 112
1263 113
1263 114
1263 115
1263 116
1263 117
1263 118
1263 119
1263 120
1263 121
1264 109
1264 110
1264 111
1264 112
1264 113
1264 114
1264 115
1264 116
1264 117
1264 118
1264 119
1264 120
1264 121
1264 122
1264 123
1264 124
1264 125
1264 126
1264 127
1264 128
1264 129
1265 115
1265 116
1265 117
1265 118
1265 119
1265 120
1265 121
1265 122
1265 123
1265 124
1265 125
1265 126
1265 127
1265 128
1265 129
1265 130
1265 131
1265 132
1265 133
1265 134
1265 135
1265 136
1266 121
1266 122
1266 123
1266 124
1266 125
1266 126
1266 127
1266 128
1266 129
1266 130
1266 131
1266 132
1266 133
1266 134
1266 135
1266 136
1266 137
1266 138
1266 139
1266 140
1266 141
1266 142
1267 128
1267 129
1267 130
1267 131
1267 132
1267 133
1267 134
1267 135
1267 136
1267 137
1267 138
1267 139
1267 140
1267 141
1267 142
1267 143
1267 144
1267 145
1267 146
1267 147
1268 137
1268 138
1268 139
1268 140
1268 141
1268 142
1268 143
1268 144
1268 145
1268 146
1268 147
1268 148
1268 149
1268 150
1268 151
1289 101
1289 102
1289 103
1289 104
1289 105
1289 106
1289 107
1289 108
1289 109
1289 110
1289 111
1289 112
1290 103
1290 104
1290 105
1290 106
1290 107
1290 108
1290 109
1290 110
1290 111
1290 112
1290 113
1290 114
1290 115
1290 116
1290 117
1290 118
1290 119
1290 120
1290 121
1291 107
1291 108
1291 109
1291 110
1291 111
1291 112
1291 113
1291 114
1291 115
1291 116
1291 117
1291 118
1291 119
1291 120
1291 121
1291 122
1291 123
1291 124
1291 125
1291 126
1291 127
1291 128
1291 129
1292 112
1292 113
1292 114
1292 115
1292 116
1292 117
1292 118
1292 119
1292 120
1292 121
1292 122
1292 123
1292 124
1292 125
1292 126
1292 127
1292 128
1292 129
1292 130
1292 131
1292 132
1292 133
1292 134
1292 135
1292 136
1293 118
1293 119
1293 120
1293 121
1293 122
1293 123
1293 124
1293 125
1293 126
1293 127
1293 128
1293 129
1293 130
1293 131
1293 132
1293 133
1293 134
1293 135
1293 136
1293 137
1293 138
1293 139
1293 140
1293 141
1293 142
1294 124
1294 125
1294 126
1294 127
1294 128
1294 129
1294 130
1294 131
1294 132
1294 133
1294 134
1294 135
1294 136
1294 137
1294 138
1294 139
1294 140
1294 141
1294 142
1294 143
1294 144
1294 145
1294 146
1294 147
1294 148
1295 132
1295 133
1295 134
1295 135
1295 136
1295 137
1295 138
1295 139
1295 140
1295 141
1295 142
1295 143
1295 144
1295 145
1295 146
1295 147
1295 148
1295 149
1295 150
1295 151
1295 152
1295 153
1296 141
1296 142
1296 143
1296 144
1296 145
1296 146
1296 147
1296 148
1296 149
1296 150
1296 151
1296 152
1296 153
1296 154
1296 155
1296 156
1316 100
1316 101
1316 102
1316 103
1316 104
1316 105
1316 106
1316 107
1316 108
1316 109
1316 110
1317 101
1317 102
1317 103
1317 104
1317 105
1317 106
1317 107
1317 108
1317 109
1317 110
1317 111
1317 112
1317 113
1317 114
1317 115
1317 116
1317 117
1317 118
1317 119
1317 120
1318 105
1318 106
1318 107
1318 108
1318 109
1318 110
1318 111
1318 112
1318 113
1318 114
1318 115
1318 116
1318 117
1318 118
1318 119
1318 120
1318 121
1318 122
1318 123
1318 124
1318 125
1318 126
1318 127
1318 128
1319 109
1319 110
1319 111
1319 112
1319 113
1319 114
1319 115
1319 116
1319 117
1319 118
1319 119
1319 120
1319 121
1319 122
1319 123
1319 124
1319 125
1319 126
1319 127
1319 128
1319 129
1319 130
1319 131
1319 132
1319 133
1319 134
1319 135
1320 115
1320 116
1320 117
1320 118
1320 119
1320 120
1320 121
1320 122
1320 123
1320 124
1320 125
1320 126
1320 127
1320 128
1320 129
1320 130
1320 131
1320 132
1320 133
1320 134
1320 135
1320 136
1320 137
1320 138
1320 139
1320 140
1320 141
1320 142
1321 121
1321 122
1321 123
1321 124
1321 125
1321 126
1321 127
1321 128
1321 129
1321 130
1321 131
1321 132
1321 133
1321 134
1321 135
1321 136
1321 137
1321 138
1321 139
1321 140
1321 141
1321 142
1321 143
1321 144
1321 145
1321 146
1321 147
1321 148
1322 129
1322 130
1322 131
1322 132
1322 133
1322 134
1322 135
1322 136
1322 137
1322 138
1322 139
1322 140
1322 141
1322 142
1322 143
1322 144
1322 145
1322 146
1322 147
1322 148
1322 149
1322 150
1322 151
1322 152
1322 153
1323 137
1323 138
1323 139
1323 140
1323 141
1323 142
1323 143
1323 144
1323 145
1323 146
1323 147
1323 148
1323 149
1323 150
1323 151
1323 152
1323 153
1323 154
1323 155
1323 156
1323 157
1324 147
1324 148
1324 149
1324 150
1324 151
1324 152
1324 153
1324 154
1324 155
1324 156
1324 157
1324 158
1324 159
1324 160
1324 161
1343 102
1343 103
1343 104
1343 105
1343 106
1344 101
1344 102
1344 103
1344 104
1344 105
1344 106
1344 107
1344 108
1344 109
1344 110
1344 111
1344 112
1344 113
1344 114
1344 115
1344 116
1344 117
1344 118
1345 104
1345 105
1345 106
1345 107
1345 108
1345 109
1345 110
1345 111
1345 112
1345 113
1345 114
1345 115
1345 116
1345 117
1345 118
1345 119
1345 120
1345 121
1345 122
1345 123
1345 124
1345 125
1345 126
1346 108
1346 109
1346 110
1346 111
1346 112
1346 113
1346 114
1346 115
1346 116
1346 117
1346 118
1346 119
1346 120
1346 121
1346 122
1346 123
1346 124
1346 125
1346 126
1346 127
1346 128
1346 129
1346 130
1346 131
1346 132
1346 133
1346 134
1347 113
1347 114
1347 115
1347 116
1347 117
1347 118
1347 119
1347 120
1347 121
1347 122
1347 123
1347 124
1347 125
1347 126
1347 127
1347 128
1347 129
1347 130
1347 131
1347 132
1347 133
1347 134
1347 135
1347 136
1347 137
1347 138
1347 139
1347 140
1348 119
1348 120
1348 121
1348 122
1348 123
1348 124
1348 125
1348 126
1348 127
1348 128
1348 129
1348 130
1348 131
1348 132
1348 133
1348 134
1348 135
1348 136
1348 137
1348 138
1348 139
1348 140
1348 141
1348 142
1348 143
1348 144
1348 145
1348 146
1349 126
1349 127
1349 128
1349 129
1349 130
1349 131
1349 132
1349 133
1349 134
1349 135
1349 136
1349 137
1349 138
1349 139
1349 140
1349 141
1349 142
1349 143
1349 144
1349 145
1349 146
1349 147
1349 148
1349 149
1349 150
1349 151
1349 152
1350 134
1350 135
1350 136
1350 137
1350 138
1350 139
1350 140
1350 141
1350 142
1350 143
1350 144
1350 145
1350 146
1350 147
1350 148
1350 149
1350 150
1350 151
1350 152
1350 153
1350 154
1350 155
1350 156
1350 157
1351 143
1351 144
1351 145
1351 146
1351 147
1351 148
1351 149
1351 150
1351 151
1351 152
1351 153
1351 154
1351 155
1351 156
1351 157
1351 158
1351 159
1351 160
1351 161
1352 154
1352 155
1352 156
1352 157
1352 158
1352 159
1352 160
1352 161
1352 162
1352 163
1371 101
1371 102
1371 103
1371 104
1371 105
1371 106
1371 107
1371 108
1371 109
1371 110
1371 111
1371 112
1371 113
1371 114
1372 103
1372 104
1372 105
1372 106
1372 107
1372 108
1372 109
1372 110
1372 111
1372 112
1372 113
1372 114
1372 115
1372 116
1372 117
1372 118
1372 119
1372 120
1372 121
1372 122
1372 123
1372 124
1373 107
1373 108
1373 109
1373 110
1373 111
1373 112
1373 113
1373 114
1373 115
1373 116
1373 117
1373 118
1373 119
1373 120
1373 121
1373 122
1373 123
1373 124
1373 125
1373 126
1373 127
1373 128
1373 129
1373 130
1373 131
1374 112
1374 113
1374 114
1374 115
1374 116
1374 117
1374 118
1374 119
1374 120
1374 121
1374 122
1374 123
1374 124
1374 125
1374 126
1374 127
1374 128
1374 129
1374 130
1374 131
1374 132
1374 133
1374 134
1374 135
1374 136
1374 137
1374 138
1375 117
1375 118
1375 119
1375 120
1375 121
1375 122
1375 123
1375 124
1375 125
1375 126
1375 127
1375 128
1375 129
1375 130
1375 131
1375 132
1375 133
1375 134
1375 135
1375 136
1375 137
1375 138
1375 139
1375 140
1375 141
1375 142
1375 143
1375 144
1375 145
1376 124
1376 125
1376 126
1376 127
1376 128
1376 129
1376 130
1376 131
1376 132
1376 133
1376 134
1376 135
1376 136
1376 137
1376 138
1376 139
1376 140
1376 141
1376 142
1376 143
1376 144
1376 145
1376 146
1376 147
1376 148
1376 149
1376 150
1376 151
1377 131
1377 132
1377 133
1377 134
1377 135
1377 136
1377 137
1377 138
1377 139
1377 140
1377 141
1377 142
1377 143
1377 144
1377 145
1377 146
1377 147
1377 148
1377 149
1377 150
1377 151
1377 152
1377 153
1377 154
1377 155
1377 156
1378 140
1378 141
1378 142
1378 143
1378 144
1378 145
1378 146
1378 147
1378 148
1378 149
1378 150
1378 151
1378 152
1378 153
1378 154
1378 155
1378 156
1378 157
1378 158
1378 159
1378 160
1379 150
1379 151
1379 152
1379 153
1379 154
1379 155
1379 156
1379 157
1379 158
1379 159
1379 160
1379 161
1379 162
1379 163
1398 103
1398 104
1398 105
1398 106
1398 107
1398 108
1398 109
1399 103
1399 104
1399 105
1399 106
1399 107
1399 108
1399 109
1399 110
1399 111
1399 112
1399 113
1399 114
1399 115
1399 116
1399 117
1399 118
1399 119
1399 120
1400 106
1400 107
1400 108
1400 109
1400 110
1400 111
1400 112
1400 113
1400 114
1400 115
1400 116
1400 117
1400 118
1400 119
1400 120
1400 121
1400 122
1400 123
1400 124
1400 125
1400 126
1400 127
1400 128
1401 111
1401 112
1401 113
1401 114
1401 115
1401 116
1401 117
1401 118
1401 119
1401 120
1401 121
1401 122
1401 123
1401 124
1401 125
1401 126
1401 127
1401 128
1401 129
1401 130
1401 131
1401 132
1401 133
1401 134
1401 135
1401 136
1402 116
1402 117
1402 118
1402 119
1402 120
1402 121
1402 122
1402 123
1402 124
1402 125
1402 126
1402 127
1402 128
1402 129
1402 130
1402 131
1402 132
1402 133
1402 134
1402 135
1402 136
1402 137
1402 138
1402 139
1402 140
1402 141
1402 142
1403 122
1403 123
1403 124
1403 125
1403 126
1403 127
1403 128
1403 129
1403 130
1403 131
1403 132
1403 133
1403 134
1403 135
1403 136
1403 137
1403 138
1403 139
1403 140
1403 141
1403 142
1403 143
1403 144
1403 145
1403 146
1403 147
1403 148
1404 129
1404 130
1404 131
1404 132
1404 133
1404 134
1404 135
1404 136
1404 137
1404 138
1404 139
1404 140
1404 141
1404 142
1404 143
1404 144
1404 145
1404 146
1404 147
1404 148
1404 149
1404 150
1404 151
1404 152
1404 153
1404 154
1405 138
1405 139
1405 140
1405 141
1405 142
1405 143
1405 144
1405 145
1405 146
1405 147
1405 148
1405 149
1405 150
1405 151
1405 152
1405 153
1405 154
1405 155
1405 156
1405 157
1405 158
1406 147
1406 148
1406 149
1406 150
1406 151
1406 152
1406 153
1406 154
1406 155
1406 156
1406 157
1406 158
1406 159
1406 160
1406 161
1406 162
1426 105
1426 106
1426 107
1426 108
1426 109
1426 110
1426 111
1426 112
1426 113
1426 114
1426 115
1427 107
1427 108
1427 109
1427 110
1427 111
1427 112
1427 113
1427 114
1427 115
1427 116
1427 117
1427 118
1427 119
1427 120
1427 121
1427 122
1427 123
1427 124
1428 111
1428 112
1428 113
1428 114
1428 115
1428 116
1428 117
1428 118
1428 119
1428 120
1428 121
1428 122
1428 123
1428 124
1428 125
1428 126
1428 127
1428 128
1428 129
1428 130
1428 131
1428 132
1429 116
1429 117
1429 118
1429 119
1429 120
1429 121
1429 122
1429 123
1429 124
1429 125
1429 126
1429 127
1429 128
1429 129
1429 130
1429 131
1429 132
1429 133
1429 134
1429 135
1429 136
1429 137
1429 138
1429 139
1430 122
1430 123
1430 124
1430 125
1430 126
1430 127
1430 128
1430 129
1430 130
1430 131
1430 132
1430 133
1430 134
1430 135
1430 136
1430 137
1430 138
1430 139
1430 140
1430 141
1430 142
1430 143
1430 144
1430 145
1431 128
1431 129
1431 130
1431 131
1431 132
1431 133
1431 134
1431 135
1431 136
1431 137
1431 138
1431 139
1431 140
1431 141
1431 142
1431 143
1431 144
1431 145
1431 146
1431 147
1431 148
1431 149
1431 150
1431 151
1432 136
1432 137
1432 138
1432 139
1432 140
1432 141
1432 142
1432 143
1432 144
1432 145
1432 146
1432 147
1432 148
1432 149
1432 150
1432 151
1432 152
1432 153
1432 154
1432 155
1432 156
1433 146
1433 147
1433 148
1433 149
1433 150
1433 151
1433 152
1433 153
1433 154
1433 155
1433 156
1433 157
1433 158
1433 159
1454 110
1454 111
1454 112
1454 113
1454 114
1454 115
1454 116
1454 117
1454 118
1455 112
1455 113
1455 114
1455 115
1455 116
1455 117
1455 118
1455 119
1455 120
1455 121
1455 122
1455 123
1455 124
1455 125
1455 126
1455 127
1455 128
1456 116
1456 117
1456 118
1456 119
1456 120
1456 121
1456 122
1456 123
1456 124
1456 125
1456 126
1456 127
1456 128
1456 129
1456 130
1456 131
1456 132
1456 133
1456 134
1456 135
1457 122
1457 123
1457 124
1457 125
1457 126
1457 127
1457 128
1457 129
1457 130
1457 131
1457 132
1457 133
1457 134
1457 135
1457 136
1457 137
1457 138
1457 139
1457 140
1457 141
1457 142
1458 129
1458 130
1458 131
1458 132
1458 133
1458 134
1458 135
1458 136
1458 137
1458 138
1458 139
1458 140
1458 141
1458 142
1458 143
1458 144
1458 145
1458 146
1458 147
1459 137
1459 138
1459 139
1459 140
1459 141
1459 142
1459 143
1459 144
1459 145
1459 146
1459 147
1459 148
1459 149
1459 150
1459 151
1459 152
1460 147
1460 148
1460 149
1460 150
1460 151
1460 152
1460 153
1460 154
1483 120
1483 121
1483 122
1483 123
1483 124
1483 125
1483 126
1483 127
1483 128
1484 124
1484 125
1484 126
1484 127
1484 128
1484 129
1484 130
1484 131
1484 132
1484 133
1484 134
1484 135
1484 136
1485 131
1485 132
1485 133
1485 134
1485 135
1485 136
1485 137
1485 138
1485 139
1485 140
1485 141
1486 140
1486 141
1486 142
1486 143
1486 144
1486 145
3690 158
3690 159
3690 160
3690 161
3690 162
3690 163
3690 164
3691 163
3691 164
3691 165
3691 166
3691 167
3691 168
3691 169
3691 170
3691 171
3692 168
3692 169
3692 170
3692 171
3692 172
3692 173
3692 174
3692 175
3692 176
3692 177
3693 175
3693 176
3693 177
3693 178
3693 179
3693 180
3693 181
3693 182
3716 150
3716 151
3716 152
3716 153
3716 154
3716 155
3716 156
3716 157
3716 158
3716 159
3717 153
3717 154
3717 155
3717 156
3717 157
3717 158
3717 159
3717 160
3717 161
3717 162
3717 163
3717 164
3717 165
3717 166
3717 167
3718 158
3718 159
3718 160
3718 161
3718 162
3718 163
3718 164
3718 165
3718 166
3718 167
3718 168
3718 169
3718 170
3718 171
3718 172
3718 173
3719 164
3719 165
3719 166
3719 167
3719 168
3719 169
3719 170
3719 171
3719 172
3719 173
3719 174
3719 175
3719 176
3719 177
3719 178
3719 179
3720 170
3720 171
3720 172
3720 173
3720 174
3720 175
3720 176
3720 177
3720 178
3720 179
3720 180
3720 181
3720 182
3720 183
3720 184
3721 178
3721 179
3721 180
3721 181
3721 182
3721 183
3721 184
3721 185
3721 186
3721 187
3721 188
3742 144
3742 145
3742 146
3742 147
3742 148
3742 149
3742 150
3743 145
3743 146
3743 147
3743 148
3743 149
3743 150
3743 151
3743 152
3743 153
3743 154
3743 155
3743 156
3743 157
3743 158
3743 159
3743 160
3744 149
3744 150
3744 151
3744 152
3744 153
3744 154
3744 155
3744 156
3744 157
3744 158
3744 159
3744 160
3744 161
3744 162
3744 163
3744 164
3744 165
3744 166
3744 167
3745 154
3745 155
3745 156
3745 157
3745 158
3745 159
3745 160
3745 161
3745 162
3745 163
3745 164
3745 165
3745 166
3745 167
3745 168
3745 169
3745 170
3745 171
3745 172
3745 173
3745 174
3746 160
3746 161
3746 162
3746 163
3746 164
3746 165
3746 166
3746 167
3746 168
3746 169
3746 170
3746 171
3746 172
3746 173
3746 174
3746 175
3746 176
3746 177
3746 178
3746 179
3746 180
3747 166
3747 167
3747 168
3747 169
3747 170
3747 171
3747 172
3747 173
3747 174
3747 175
3747 176
3747 177
3747 178
3747 179
3747 180
3747 181
3747 182
3747 183
3747 184
3747 185
3748 173
3748 174
3748 175
3748 176
3748 177
3748 178
3748 179
3748 180
3748 181
3748 182
3748 183
3748 184
3748 185
3748 186
3748 187
3748 188
3748 189
3749 182
3749 183
3749 184
3749 185
3749 186
3749 187
3749 188
3749 189
3749 190
3749 191
3749 192
3769 140
3769 141
3769 142
3769 143
3769 144
3769 145
3769 146
3769 147
3769 148
3769 149
3769 150
3769 151
3770 142
3770 143
3770 144
3770 145
3770 146
3770 147
3770 148
3770 149
3770 150
3770 151
3770 152
3770 153
3770 154
3770 155
3770 156
3770 157
3770 158
3770 159
3770 160
3771 146
3771 147
3771 148
3771 149
3771 150
3771 151
3771 152
3771 153
3771 154
3771 155
3771 156
3771 157
3771 158
3771 159
3771 160
3771 161
3771 162
3771 163
3771 164
3771 165
3771 166
3771 167
3772 151
3772 152
3772 153
3772 154
3772 155
3772 156
3772 157
3772 158
3772 159
3772 160
3772 161
3772 162
3772 163
3772 164
3772 165
3772 166
3772 167
3772 168
3772 169
3772 170
3772 171
3772 172
3772 173
3772 174
3773 156
3773 157
3773 158
3773 159
3773 160
3773 161
3773 162
3773 163
3773 164
3773 165
3773 166
3773 167
3773 168
3773 169
3773 170
3773 171
3773 172
3773 173
3773 174
3773 175
3773 176
3773 177
3773 178
3773 179
3773 180
3774 162
3774 163
3774 164
3774 165
3774 166
3774 167
3774 168
3774 169
3774 170
3774 171
3774 172
3774 173
3774 174
3774 175
3774 176
3774 177
3774 178
3774 179
3774 180
3774 181
3774 182
3774 183
3774 184
3774 185
3775 169
3775 170
3775 171
3775 172
3775 173
3775 174
3775 175
3775 176
3775 177
3775 178
3775 179
3775 180
3775 181
3775 182
3775 183
3775 184
3775 185
3775 186
3775 187
3775 188
3775 189
3775 190
3776 178
3776 179
3776 180
3776 181
3776 182
3776 183
3776 184
3776 185
3776 186
3776 187
3776 188
3776 189
3776 190
3776 191
3776 192
3776 193
3777 190
3777 191
3777 192
3777 193
3796 137
3796 138
3796 139
3796 140
3796 141
3796 142
3796 143
3796 144
3796 145
3796 146
3796 147
3796 148
3796 149
3796 150
3797 139
3797 140
3797 141
3797 142
3797 143
3797 144
3797 145
3797 146
3797 147
3797 148
3797 149
3797 150
3797 151
3797 152
3797 153
3797 154
3797 155
3797 156
3797 157
3797 158
3797 159
3798 143
3798 144
3798 145
3798 146
3798 147
3798 148
3798 149
3798 150
3798 151
3798 152
3798 153
3798 154
3798 155
3798 156
3798 157
3798 158
3798 159
3798 160
3798 161
3798 162
3798 163
3798 164
3798 165
3798 166
3799 147
3799 148
3799 149
3799 150
3799 151
3799 152
3799 153
3799 154
3799 155
3799 156
3799 157
3799 158
3799 159
3799 160
3799 161
3799 162
3799 163
3799 164
3799 165
3799 166
3799 167
3799 168
3799 169
3799 170
3799 171
3799 172
3799 173
3800 153
3800 154
3800 155
3800 156
3800 157
3800 158
3800 159
3800 160
3800 161
3800 162
3800 163
3800 164
3800 165
3800 166
3800 167
3800 168
3800 169
3800 170
3800 171
3800 172
3800 173
3800 174
3800 175
3800 176
3800 177
3800 178
3800 179
3801 159
3801 160
3801 161
3801 162
3801 163
3801 164
3801 165
3801 166
3801 167
3801 168
3801 169
3801 170
3801 171
3801 172
3801 173
3801 174
3801 175
3801 176
3801 177
3801 178
3801 179
3801 180
3801 181
3801 182
3801 183
3801 184
3801 185
3802 166
3802 167
3802 168
3802 169
3802 170
3802 171
3802 172
3802 173
3802 174
3802 175
3802 176
3802 177
3802 178
3802 179
3802 180
3802 181
3802 182
3802 183
3802 184
3802 185
3802 186
3802 187
3802 188
3802 189
3802 190
3803 174
3803 175
3803 176
3803 177
3803 178
3803 179
3803 180
3803 181
3803 182
3803 183
3803 184
3803 185
3803 186
3803 187
3803 188
3803 189
3803 190
3803 191
3803 192
3803 193
3804 184
3804 185
3804 186
3804 187
3804 188
3804 189
3804 190
3804 191
3804 192
3804 193
3804 194
3804 195
3823 135
3823 136
3823 137
3823 138
3823 139
3823 140
3823 141
3823 142
3823 143
3823 144
3823 145
3823 146
3823 147
3823 148
3824 137
3824 138
3824 139
3824 140
3824 141
3824 142
3824 143
3824 144
3824 145
3824 146
3824 147
3824 148
3824 149
3824 150
3824 151
3824 152
3824 153
3824 154
3824 155
3824 156
3824 157
3825 140
3825 141
3825 142
3825 143
3825 144
3825 145
3825 146
3825 147
3825 148
3825 149
3825 150
3825 151
3825 152
3825 153
3825 154
3825 155
3825 156
3825 157
3825 158
3825 159
3825 160
3825 161
3825 162
3825 163
3825 164
3825 165
3826 144
3826 145
3826 146
3826 147
3826 148
3826 149
3826 150
3826 151
3826 152
3826 153
3826 154
3826 155
3826 156
3826 157
3826 158
3826 159
3826 160
3826 161
3826 162
3826 163
3826 164
3826 165
3826 166
3826 167
3826 168
3826 169
3826 170
3826 171
3826 172
3827 150
3827 151
3827 152
3827 153
3827 154
3827 155
3827 156
3827 157
3827 158
3827 159
3827 160
3827 161
3827 162
3827 163
3827 164
3827 165
3827 166
3827 167
3827 168
3827 169
3827 170
3827 171
3827 172
3827 173
3827 174
3827 175
3827 176
3827 177
3827 178
3828 156
3828 157
3828 158
3828 159
3828 160
3828 161
3828 162
3828 163
3828 164
3828 165
3828 166
3828 167
3828 168
3828 169
3828 170
3828 171
3828 172
3828 173
3828 174
3828 175
3828 176
3828 177
3828 178
3828 179
3828 180
3828 181
3828 182
3828 183
3828 184
3829 162
3829 163
3829 164
3829 165
3829 166
3829 167
3829 168
3829 169
3829 170
3829 171
3829 172
3829 173
3829 174
3829 175
3829 176
3829 177
3829 178
3829 179
3829 180
3829 181
3829 182
3829 183
3829 184
3829 185
3829 186
3829 187
3829 188
3829 189
3830 170
3830 171
3830 172
3830 173
3830 174
3830 175
3830 176
3830 177
3830 178
3830 179
3830 180
3830 181
3830 182
3830 183
3830 184
3830 185
3830 186
3830 187
3830 188
3830 189
3830 190
3830 191
3830 192
3830 193
3831 179
3831 180
3831 181
3831 182
3831 183
3831 184
3831 185
3831 186
3831 187
3831 188
3831 189
3831 190
3831 191
3831 192
3831 193
3831 194
3831 195
3831 196
3850 134
3850 135
3850 136
3850 137
3850 138
3850 139
3850 140
3850 141
3850 142
3850 143
3850 144
3851 135
3851 136
3851 137
3851 138
3851 139
3851 140
3851 141
3851 142
3851 143
3851 144
3851 145
3851 146
3851 147
3851 148
3851 149
3851 150
3851 151
3851 152
3851 153
3851 154
3851 155
3852 138
3852 139
3852 140
3852 141
3852 142
3852 143
3852 144
3852 145
3852 146
3852 147
3852 148
3852 149
3852 150
3852 151
3852 152
3852 153
3852 154
3852 155
3852 156
3852 157
3852 158
3852 159
3852 160
3852 161
3852 162
3852 163
3853 142
3853 143
3853 144
3853 145
3853 146
3853 147
3853 148
3853 149
3853 150
3853 151
3853 152
3853 153
3853 154
3853 155
3853 156
3853 157
3853 158
3853 159
3853 160
3853 161
3853 162
3853 163
3853 164
3853 165
3853 166
3853 167
3853 168
3853 169
3853 170
3854 147
3854 148
3854 149
3854 150
3854 151
3854 152
3854 153
3854 154
3854 155
3854 156
3854 157
3854 158
3854 159
3854 160
3854 161
3854 162
3854 163
3854 164
3854 165
3854 166
3854 167
3854 168
3854 169
3854 170
3854 171
3854 172
3854 173
3854 174
3854 175
3854 176
3855 152
3855 153
3855 154
3855 155
3855 156
3855 157
3855 158
3855 159
3855 160
3855 161
3855 162
3855 163
3855 164
3855 165
3855 166
3855 167
3855 168
3855 169
3855 170
3855 171
3855 172
3855 173
3855 174
3855 175
3855 176
3855 177
3855 178
3855 179
3855 180
3855 181
3855 182
3856 159
3856 160
3856 161
3856 162
3856 163
3856 164
3856 165
3856 166
3856 167
3856 168
3856 169
3856 170
3856 171
3856 172
3856 173
3856 174
3856 175
3856 176
3856 177
3856 178
3856 179
3856 180
3856 181
3856 182
3856 183
3856 184
3856 185
3856 186
3856 187
3856 188
3857 166
3857 167
3857 168
3857 169
3857 170
3857 171
3857 172
3857 173
3857 174
3857 175
3857 176
3857 177
3857 178
3857 179
3857 180
3857 181
3857 182
3857 183
3857 184
3857 185
3857 186
3857 187
3857 188
3857 189
3857 190
3857 191
3857 192
3858 175
3858 176
3858 177
3858 178
3858 179
3858 180
3858 181
3858 182
3858 183
3858 184
3858 185
3858 186
3858 187
3858 188
3858 189
3858 190
3858 191
3858 192
3858 193
3858 194
3858 195
3859 187
3859 188
3859 189
3859 190
3859 191
3859 192
3859 193
3859 194
3878 133
3878 134
3878 135
3878 136
3878 137
3878 138
3878 139
3878 140
3878 141
3878 142
3878 143
3878 144
3878 145
3878 146
3878 147
3878 148
3878 149
3878 150
3878 151
3879 136
3879 137
3879 138
3879 139
3879 140
3879 141
3879 142
3879 143
3879 144
3879 145
3879 146
3879 147
3879 148
3879 149
3879 150
3879 151
3879 152
3879 153
3879 154
3879 155
3879 156
3879 157
3879 158
3879 159
3879 160
3880 139
3880 140
3880 141
3880 142
3880 143
3880 144
3880 145
3880 146
3880 147
3880 148
3880 149
3880 150
3880 151
3880 152
3880 153
3880 154
3880 155
3880 156
3880 157
3880 158
3880 159
3880 160
3880 161
3880 162
3880 163
3880 164
3880 165
3880 166
3880 167
3881 144
3881 145
3881 146
3881 147
3881 148
3881 149
3881 150
3881 151
3881 152
3881 153
3881 154
3881 155
3881 156
3881 157
3881 158
3881 159
3881 160
3881 161
3881 162
3881 163
3881 164
3881 165
3881 166
3881 167
3881 168
3881 169
3881 170
3881 171
3881 172
3881 173
3881 174
3882 149
3882 150
3882 151
3882 152
3882 153
3882 154
3882 155
3882 156
3882 157
3882 158
3882 159
3882 160
3882 161
3882 162
3882 163
3882 164
3882 165
3882 166
3882 167
3882 168
3882 169
3882 170
3882 171
3882 172
3882 173
3882 174
3882 175
3882 176
3882 177
3882 178
3882 179
3882 180
3883 156
3883 157
3883 158
3883 159
3883 160
3883 161
3883 162
3883 163
3883 164
3883 165
3883 166
3883 167
3883 168
3883 169
3883 170
3883 171
3883 172
3883 173
3883 174
3883 175
3883 176
3883 177
3883 178
3883 179
3883 180
3883 181
3883 182
3883 183
3883 184
3883 185
3883 186
3884 163
3884 164
3884 165
3884 166
3884 167
3884 168
3884 169
3884 170
3884 171
3884 172
3884 173
3884 174
3884 175
3884 176
3884 177
3884 178
3884 179
3884 180
3884 181
3884 182
3884 183
3884 184
3884 185
3884 186
3884 187
3884 188
3884 189
3884 190
3885 171
3885 172
3885 173
3885 174
3885 175
3885 176
3885 177
3885 178
3885 179
3885 180
3885 181
3885 182
3885 183
3885 184
3885 185
3885 186
3885 187
3885 188
3885 189
3885 190
3885 191
3885 192
3885 193
3885 194
3886 182
3886 183
3886 184
3886 185
3886 186
3886 187
3886 188
3886 189
3886 190
3886 191
3886 192
3886 193
3886 194
3905 133
3905 134
3905 135
3905 136
3905 137
3905 138
3905 139
3905 140
3905 141
3905 142
3905 143
3905 144
3905 145
3905 146
3906 134
3906 135
3906 136
3906 137
3906 138
3906 139
3906 140
3906 141
3906 142
3906 143
3906 144
3906 145
3906 146
3906 147
3906 148
3906 149
3906 150
3906 151
3906 152
3906 153
3906 154
3906 155
3906 156
3907 137
3907 138
3907 139
3907 140
3907 141
3907 142
3907 143
3907 144
3907 145
3907 146
3907 147
3907 148
3907 149
3907 150
3907 151
3907 152
3907 153
3907 154
3907 155
3907 156
3907 157
3907 158
3907 159
3907 160
3907 161
3907 162
3907 163
3907 164
3908 141
3908 142
3908 143
3908 144
3908 145
3908 146
3908 147
3908 148
3908 149
3908 150
3908 151
3908 152
3908 153
3908 154
3908 155
3908 156
3908 157
3908 158
3908 159
3908 160
3908 161
3908 162
3908 163
3908 164
3908 165
3908 166
3908 167
3908 168
3908 169
3908 170
3908 171
3909 147
3909 148
3909 149
3909 150
3909 151
3909 152
3909 153
3909 154
3909 155
3909 156
3909 157
3909 158
3909 159
3909 160
3909 161
3909 162
3909 163
3909 164
3909 165
3909 166
3909 167
3909 168
3909 169
3909 170
3909 171
3909 172
3909 173
3909 174
3909 175
3909 176
3909 177
3910 153
3910 154
3910 155
3910 156
3910 157
3910 158
3910 159
3910 160
3910 161
3910 162
3910 163
3910 164
3910 165
3910 166
3910 167
3910 168
3910 169
3910 170
3910 171
3910 172
3910 173
3910 174
3910 175
3910 176
3910 177
3910 178
3910 179
3910 180
3910 181
3910 182
3910 183
3911 159
3911 160
3911 161
3911 162
3911 163
3911 164
3911 165
3911 166
3911 167
3911 168
3911 169
3911 170
3911 171
3911 172
3911 173
3911 174
3911 175
3911 176
3911 177
3911 178
3911 179
3911 180
3911 181
3911 182
3911 183
3911 184
3911 185
3911 186
3911 187
3911 188
3912 167
3912 168
3912 169
3912 170
3912 171
3912 172
3912 173
3912 174
3912 175
3912 176
3912 177
3912 178
3912 179
3912 180
3912 181
3912 182
3912 183
3912 184
3912 185
3912 186
3912 187
3912 188
3912 189
3912 190
3912 191
3913 178
3913 179
3913 180
3913 181
3913 182
3913 183
3913 184
3913 185
3913 186
3913 187
3913 188
3913 189
3913 190
3913 191
3913 192
3913 193
3933 134
3933 135
3933 136
3933 137
3933 138
3933 139
3933 140
3933 141
3933 142
3933 143
3933 144
3933 145
3933 146
3933 147
3933 148
3933 149
3933 150
3934 136
3934 137
3934 138
3934 139
3934 140
3934 141
3934 142
3934 143
3934 144
3934 145
3934 146
3934 147
3934 148
3934 149
3934 150
3934 151
3934 152
3934 153
3934 154
3934 155
3934 156
3934 157
3934 158
3934 159
3935 139
3935 140
3935 141
3935 142
3935 143
3935 144
3935 145
3935 146
3935 147
3935 148
3935 149
3935 150
3935 151
3935 152
3935 153
3935 154
3935 155
3935 156
3935 157
3935 158
3935 159
3935 160
3935 161
3935 162
3935 163
3935 164
3935 165
3935 166
3935 167
3936 144
3936 145
3936 146
3936 147
3936 148
3936 149
3936 150
3936 151
3936 152
3936 153
3936 154
3936 155
3936 156
3936 157
3936 158
3936 159
3936 160
3936 161
3936 162
3936 163
3936 164
3936 165
3936 166
3936 167
3936 168
3936 169
3936 170
3936 171
3936 172
3936 173
3936 174
3937 150
3937 151
3937 152
3937 153
3937 154
3937 155
3937 156
3937 157
3937 158
3937 159
3937 160
3937 161
3937 162
3937 163
3937 164
3937 165
3937 166
3937 167
3937 168
3937 169
3937 170
3937 171
3937 172
3937 173
3937 174
3937 175
3937 176
3937 177
3937 178
3937 179
3937 180
3938 156
3938 157
3938 158
3938 159
3938 160
3938 161
3938 162
3938 163
3938 164
3938 165
3938 166
3938 167
3938 168
3938 169
3938 170
3938 171
3938 172
3938 173
3938 174
3938 175
3938 176
3938 177
3938 178
3938 179
3938 180
3938 181
3938 182
3938 183
3938 184
3938 185
3939 164
3939 165
3939 166
3939 167
3939 168
3939 169
3939 170
3939 171
3939 172
3939 173
3939 174
3939 175
3939 176
3939 177
3939 178
3939 179
3939 180
3939 181
3939 182
3939 183
3939 184
3939 185
3939 186
3939 187
3939 188
3939 189
3940 174
3940 175
3940 176
3940 177
3940 178
3940 179
3940 180
3940 181
3940 182
3940 183
3940 184
3940 185
3940 186
3940 187
3940 188
3940 189
3940 190
3960 138
3960 139
3960 140
3961 135
3961 136
3961 137
3961 138
3961 139
3961 140
3961 141
3961 142
3961 143
3961 144
3961 145
3961 146
3961 147
3961 148
3961 149
3961 150
3961 151
3961 152
3961 153
3962 138
3962 139
3962 140
3962 141
3962 142
3962 143
3962 144
3962 145
3962 146
3962 147
3962 148
3962 149
3962 150
3962 151
3962 152
3962 153
3962 154
3962 155
3962 156
3962 157
3962 158
3962 159
3962 160
3962 161
3962 162
3963 142
3963 143
3963 144
3963 145
3963 146
3963 147
3963 148
3963 149
3963 150
3963 151
3963 152
3963 153
3963 154
3963 155
3963 156
3963 157
3963 158
3963 159
3963 160
3963 161
3963 162
3963 163
3963 164
3963 165
3963 166
3963 167
3963 168
3963 169
3964 147
3964 148
3964 149
3964 150
3964 151
3964 152
3964 153
3964 154
3964 155
3964 156
3964 157
3964 158
3964 159
3964 160
3964 161
3964 162
3964 163
3964 164
3964 165
3964 166
3964 167
3964 168
3964 169
3964 170
3964 171
3964 172
3964 173
3964 174
3964 175
3965 153
3965 154
3965 155
3965 156
3965 157
3965 158
3965 159
3965 160
3965 161
3965 162
3965 163
3965 164
3965 165
3965 166
3965 167
3965 168
3965 169
3965 170
3965 171
3965 172
3965 173
3965 174
3965 175
3965 176
3965 177
3965 178
3965 179
3965 180
3965 181
3966 161
3966 162
3966 163
3966 164
3966 165
3966 166
3966 167
3966 168
3966 169
3966 170
3966 171
3966 172
3966 173
3966 174
3966 175
3966 176
3966 177
3966 178
3966 179
3966 180
3966 181
3966 182
3966 183
3966 184
3966 185
3967 170
3967 171
3967 172
3967 173
3967 174
3967 175
3967 176
3967 177
3967 178
3967 179
3967 180
3967 181
3967 182
3967 183
3967 184
3967 185
3967 186
3967 187
3988 139
3988 140
3988 141
3988 142
3988 143
3989 138
3989 139
3989 140
3989 141
3989 142
3989 143
3989 144
3989 145
3989 146
3989 147
3989 148
3989 149
3989 150
3989 151
3989 152
3989 153
3989 154
3989 155
3990 141
3990 142
3990 143
3990 144
3990 145
3990 146
3990 147
3990 148
3990 149
3990 150
3990 151
3990 152
3990 153
3990 154
3990 155
3990 156
3990 157
3990 158
3990 159
3990 160
3990 161
3990 162
3990 163
3991 145
3991 146
3991 147
3991 148
3991 149
3991 150
3991 151
3991 152
3991 153
3991 154
3991 155
3991 156
3991 157
3991 158
3991 159
3991 160
3991 161
3991 162
3991 163
3991 164
3991 165
3991 166
3991 167
3991 168
3991 169
3991 170
3992 151
3992 152
3992 153
3992 154
3992 155
3992 156
3992 157
3992 158
3992 159
3992 160
3992 161
3992 162
3992 163
3992 164
3992 165
3992 166
3992 167
3992 168
3992 169
3992 170
3992 171
3992 172
3992 173
3992 174
3992 175
3992 176
3993 158
3993 159
3993 160
3993 161
3993 162
3993 163
3993 164
3993 165
3993 166
3993 167
3993 168
3993 169
3993 170
3993 171
3993 172
3993 173
3993 174
3993 175
3993 176
3993 177
3993 178
3993 179
3993 180
3994 166
3994 167
3994 168
3994 169
3994 170
3994 171
3994 172
3994 173
3994 174
3994 175
3994 176
3994 177
3994 178
3994 179
3994 180
3994 181
3994 182
4017 141
4017 142
4017 143
4017 144
4017 145
4017 146
4017 147
4017 148
4017 149
4017 150
4017 151
4017 152
4017 153
4017 154
4017 155
4018 144
4018 145
4018 146
4018 147
4018 148
4018 149
4018 150
4018 151
4018 152
4018 153
4018 154
4018 155
4018 156
4018 157
4018 158
4018 159
4018 160
4018 161
4018 162
4018 163
4019 149
4019 150
4019 151
4019 152
4019 153
4019 154
4019 155
4019 156
4019 157
4019 158
4019 159
4019 160
4019 161
4019 162
4019 163
4019 164
4019 165
4019 166
4019 167
4019 168
4019 169
4020 155
4020 156
4020 157
4020 158
4020 159
4020 160
4020 161
4020 162
4020 163
4020 164
4020 165
4020 166
4020 167
4020 168
4020 169
4020 170
4020 171
4020 172
4020 173
4020 174
4021 164
4021 165
4021 166
4021 167
4021 168
4021 169
4021 170
4021 171
4021 172
4021 173
4021 174
4021 175
4021 176
4021 177
4045 146
4045 147
4045 148
4045 149
4045 150
4045 151
4045 152
4046 148
4046 149
4046 150
4046 151
4046 152
4046 153
4046 154
4046 155
4046 156
4046 157
4046 158
4046 159
4046 160
4046 161
4047 154
4047 155
4047 156
4047 157
4047 158
4047 159
4047 160
4047 161
4047 162
4047 163
4047 164
4047 165
4047 166
4048 162
4048 163
4048 164
4048 165
4048 166
4048 167
4048 168
4048 169
4270 150
4270 151
4296 131
4296 132
4296 133
4296 134
4296 135
4296 136
4296 137
4296 138
4296 139
4296 140
4296 141
4296 142
4296 143
4296 144
4296 145
4296 146
4296 147
4297 135
4297 136
4297 137
4297 138
4297 139
4297 140
4297 141
4297 142
4297 143
4297 144
4297 145
4297 146
4297 147
4297 148
4297 149
4297 150
4297 151
4297 152
4297 153
4297 154
4297 155
4298 140
4298 141
4298 142
4298 143
4298 144
4298 145
4298 146
4298 147
4298 148
4298 149
4298 150
4298 151
4298 152
4298 153
4298 154
4298 155
4298 156
4298 157
4298 158
4298 159
4298 160
4298 161
4299 147
4299 148
4299 149
4299 150
4299 151
4299 152
4299 153
4299 154
4299 155
4299 156
4299 157
4299 158
4299 159
4299 160
4299 161
4299 162
4299 163
4299 164
4299 165
4300 155
4300 156
4300 157
4300 158
4300 159
4300 160
4300 161
4300 162
4300 163
4300 164
4300 165
4300 166
4300 167
4300 168
4322 122
4322 123
4322 124
4322 125
4322 126
4322 127
4322 128
4322 129
4322 130
4322 131
4322 132
4322 133
4322 134
4323 122
4323 123
4323 124
4323 125
4323 126
4323 127
4323 128
4323 129
4323 130
4323 131
4323 132
4323 133
4323 134
4323 135
4323 136
4323 137
4323 138
4323 139
4323 140
4323 141
4323 142
4323 143
4323 144
4323 145
4324 125
4324 126
4324 127
4324 128
4324 129
4324 130
4324 131
4324 132
4324 133
4324 134
4324 135
4324 136
4324 137
4324 138
4324 139
4324 140
4324 141
4324 142
4324 143
4324 144
4324 145
4324 146
4324 147
4324 148
4324 149
4324 150
4324 151
4324 152
4324 153
4325 130
4325 131
4325 132
4325 133
4325 134
4325 135
4325 136
4325 137
4325 138
4325 139
4325 140
4325 141
4325 142
4325 143
4325 144
4325 145
4325 146
4325 147
4325 148
4325 149
4325 150
4325 151
4325 152
4325 153
4325 154
4325 155
4325 156
4325 157
4325 158
4325 159
4325 160
4326 136
4326 137
4326 138
4326 139
4326 140
4326 141
4326 142
4326 143
4326 144
4326 145
4326 146
4326 147
4326 148
4326 149
4326 150
4326 151
4326 152
4326 153
4326 154
4326 155
4326 156
4326 157
4326 158
4326 159
4326 160
4326 161
4326 162
4326 163
4326 164
4326 165
4326 166
4327 143
4327 144
4327 145
4327 146
4327 147
4327 148
4327 149
4327 150
4327 151
4327 152
4327 153
4327 154
4327 155
4327 156
4327 157
4327 158
4327 159
4327 160
4327 161
4327 162
4327 163
4327 164
4327 165
4327 166
4327 167
4327 168
4327 169
4327 170
4327 171
4328 150
4328 151
4328 152
4328 153
4328 154
4328 155
4328 156
4328 157
4328 158
4328 159
4328 160
4328 161
4328 162
4328 163
4328 164
4328 165
4328 166
4328 167
4328 168
4328 169
4328 170
4328 171
4328 172
4328 173
4328 174
4329 160
4329 161
4329 162
4329 163
4329 164
4329 165
4329 166
4329 167
4329 168
4329 169
4329 170
4329 171
4329 172
4329 173
4329 174
4329 175
4329 176
4329 177
4349 116
4349 117
4349 118
4349 119
4349 120
4349 121
4349 122
4349 123
4349 124
4349 125
4349 126
4349 127
4349 128
4349 129
4349 130
4350 115
4350 116
4350 117
4350 118
4350 119
4350 120
4350 121
4350 122
4350 123
4350 124
4350 125
4350 126
4350 127
4350 128
4350 129
4350 130
4350 131
4350 132
4350 133
4350 134
4350 135
4350 136
4350 137
4350 138
4350 139
4350 140
4350 141
4350 142
4351 118
4351 119
4351 120
4351 121
4351 122
4351 123
4351 124
4351 125
4351 126
4351 127
4351 128
4351 129
4351 130
4351 131
4351 132
4351 133
4351 134
4351 135
4351 136
4351 137
4351 138
4351 139
4351 140
4351 141
4351 142
4351 143
4351 144
4351 145
4351 146
4351 147
4351 148
4351 149
4351 150
4352 122
4352 123
4352 124
4352 125
4352 126
4352 127
4352 128
4352 129
4352 130
4352 131
4352 132
4352 133
4352 134
4352 135
4352 136
4352 137
4352 138
4352 139
4352 140
4352 141
4352 142
4352 143
4352 144
4352 145
4352 146
4352 147
4352 148
4352 149
4352 150
4352 151
4352 152
4352 153
4352 154
4352 155
4352 156
4352 157
4352 158
4353 127
4353 128
4353 129
4353 130
4353 131
4353 132
4353 133
4353 134
4353 135
4353 136
4353 137
4353 138
4353 139
4353 140
4353 141
4353 142
4353 143
4353 144
4353 145
4353 146
4353 147
4353 148
4353 149
4353 150
4353 151
4353 152
4353 153
4353 154
4353 155
4353 156
4353 157
4353 158
4353 159
4353 160
4353 161
4353 162
4353 163
4353 164
4354 134
4354 135
4354 136
4354 137
4354 138
4354 139
4354 140
4354 141
4354 142
4354 143
4354 144
4354 145
4354 146
4354 147
4354 148
4354 149
4354 150
4354 151
4354 152
4354 153
4354 154
4354 155
4354 156
4354 157
4354 158
4354 159
4354 160
4354 161
4354 162
4354 163
4354 164
4354 165
4354 166
4354 167
4354 168
4354 169
4354 170
4355 140
4355 141
4355 142
4355 143
4355 144
4355 145
4355 146
4355 147
4355 148
4355 149
4355 150
4355 151
4355 152
4355 153
4355 154
4355 155
4355 156
4355 157
4355 158
4355 159
4355 160
4355 161
4355 162
4355 163
4355 164
4355 165
4355 166
4355 167
4355 168
4355 169
4355 170
4355 171
4355 172
4355 173
4355 174
4355 175
4356 148
4356 149
4356 150
4356 151
4356 152
4356 153
4356 154
4356 155
4356 156
4356 157
4356 158
4356 159
4356 160
4356 161
4356 162
4356 163
4356 164
4356 165
4356 166
4356 167
4356 168
4356 169
4356 170
4356 171
4356 172
4356 173
4356 174
4356 175
4356 176
4356 177
4356 178
4356 179
4357 157
4357 158
4357 159
4357 160
4357 161
4357 162
4357 163
4357 164
4357 165
4357 166
4357 167
4357 168
4357 169
4357 170
4357 171
4357 172
4357 173
4357 174
4357 175
4357 176
4357 177
4357 178
4357 179
4357 180
4357 181
4357 182
4358 167
4358 168
4358 169
4358 170
4358 171
4358 172
4358 173
4358 174
4358 175
4358 176
4358 177
4358 178
4358 179
4358 180
4358 181
4358 182
4358 183
4358 184
4376 111
4376 112
4376 113
4376 114
4376 115
4376 116
4376 117
4376 118
4376 119
4376 120
4376 121
4376 122
4376 123
4376 124
4376 125
4377 110
4377 111
4377 112
4377 113
4377 114
4377 115
4377 116
4377 117
4377 118
4377 119
4377 120
4377 121
4377 122
4377 123
4377 124
4377 125
4377 126
4377 127
4377 128
4377 129
4377 130
4377 131
4377 132
4377 133
4377 134
4377 135
4377 136
4377 137
4377 138
4378 112
4378 113
4378 114
4378 115
4378 116
4378 117
4378 118
4378 119
4378 120
4378 121
4378 122
4378 123
4378 124
4378 125
4378 126
4378 127
4378 128
4378 129
4378 130
4378 131
4378 132
4378 133
4378 134
4378 135
4378 136
4378 137
4378 138
4378 139
4378 140
4378 141
4378 142
4378 143
4378 144
4378 145
4378 146
4378 147
4379 115
4379 116
4379 117
4379 118
4379 119
4379 120
4379 121
4379 122
4379 123
4379 124
4379 125
4379 126
4379 127
4379 128
4379 129
4379 130
4379 131
4379 132
4379 133
4379 134
4379 135
4379 136
4379 137
4379 138
4379 139
4379 140
4379 141
4379 142
4379 143
4379 144
4379 145
4379 146
4379 147
4379 148
4379 149
4379 150
4379 151
4379 152
4379 153
4379 154
4379 155
4380 120
4380 121
4380 122
4380 123
4380 124
4380 125
4380 126
4380 127
4380 128
4380 129
4380 130
4380 131
4380 132
4380 133
4380 134
4380 135
4380 136
4380 137
4380 138
4380 139
4380 140
4380 141
4380 142
4380 143
4380 144
4380 145
4380 146
4380 147
4380 148
4380 149
4380 150
4380 151
4380 152
4380 153
4380 154
4380 155
4380 156
4380 157
4380 158
4380 159
4380 160
4380 161
4380 162
4381 126
4381 127
4381 128
4381 129
4381 130
4381 131
4381 132
4381 133
4381 134
4381 135
4381 136
4381 137
4381 138
4381 139
4381 140
4381 141
4381 142
4381 143
4381 144
4381 145
4381 146
4381 147
4381 148
4381 149
4381 150
4381 151
4381 152
4381 153
4381 154
4381 155
4381 156
4381 157
4381 158
4381 159
4381 160
4381 161
4381 162
4381 163
4381 164
4381 165
4381 166
4381 167
4381 168
4382 133
4382 134
4382 135
4382 136
4382 137
4382 138
4382 139
4382 140
4382 141
4382 142
4382 143
4382 144
4382 145
4382 146
4382 147
4382 148
4382 149
4382 150
4382 151
4382 152
4382 153
4382 154
4382 155
4382 156
4382 157
4382 158
4382 159
4382 160
4382 161
4382 162
4382 163
4382 164
4382 165
4382 166
4382 167
4382 168
4382 169
4382 170
4382 171
4382 172
4382 173
4382 174
