1557 19
1557 20
1557 21
1557 22
1557 23
1557 24
1557 25
1565 28
1565 29
1565 30
1565 31
1565 32
1565 33
1565 34
1565 35
1565 36
1570 15
1570 16
1570 17
1570 18
1570 19
1570 20
1570 21
1570 22
1570 23
1570 24
1570 25
1578 23
1578 24
1578 25
1578 26
1578 27
1578 28
1578 29
1578 30
1578 31
1578 32
1578 33
1578 34
1578 35
1578 36
1578 37
1583 12
1583 13
1583 14
1583 15
1583 16
1583 17
1583 18
1583 19
1583 20
1583 21
1583 22
1583 23
1583 24
1583 25
1586 36
1586 37
1586 38
1586 39
1586 40
1586 41
1586 42
1586 43
1591 19
1591 20
1591 21
1591 22
1591 23
1591 24
1591 25
1591 26
1591 27
1591 28
1591 29
1591 30
1591 31
1591 32
1591 33
1591 34
1591 35
1591 36
1591 37
1596 9
1596 10
1596 11
1596 12
1596 13
1596 14
1596 15
1596 16
1596 17
1596 18
1596 19
1596 20
1596 21
1596 22
1596 23
1599 30
1599 31
1599 32
1599 33
1599 34
1599 35
1599 36
1599 37
1599 38
1599 39
1599 40
1599 41
1599 42
1599 43
1599 44
1599 45
1604 16
1604 17
1604 18
1604 19
1604 20
1604 21
1604 22
1604 23
1604 24
1604 25
1604 26
1604 27
1604 28
1604 29
1604 30
1604 31
1604 32
1604 33
1604 34
1604 35
1604 36
1609 8
1609 9
1609 10
1609 11
1609 12
1609 13
1609 14
1609 15
1609 16
1609 17
1609 18
1609 19
1609 20
1609 21
1609 22
1612 26
1612 27
1612 28
1612 29
1612 30
1612 31
1612 32
1612 33
1612 34
1612 35
1612 36
1612 37
1612 38
1612 39
1612 40
1612 41
1612 42
1612 43
1612 44
1612 45
1617 13
1617 14
1617 15
1617 16
1617 17
1617 18
1617 19
1617 20
1617 21
1617 22
1617 23
1617 24
1617 25
1617 26
1617 27
1617 28
1617 29
1617 30
1617 31
1617 32
1617 33
1617 34
1617 35
1620 41
1620 42
1620 43
1620 44
1620 45
1620 46
1620 47
1620 48
1620 49
1622 6
1622 7
1622 8
1622 9
1622 10
1622 11
1622 12
1622 13
1622 14
1622 15
1622 16
1622 17
1622 18
1622 19
1625 23
1625 24
1625 25
1625 26
1625 27
1625 28
1625 29
1625 30
1625 31
1625 32
1625 33
1625 34
1625 35
1625 36
1625 37
1625 38
1625 39
1625 40
1625 41
1625 42
1625 43
1625 44
1625 45
1630 11
1630 12
1630 13
1630 14
1630 15
1630 16
1630 17
1630 18
1630 19
1630 20
1630 21
1630 22
1630 23
1630 24
1630 25
1630 26
1630 27
1630 28
1630 29
1630 30
1630 31
1630 32
1630 33
1630 34
1633 36
1633 37
1633 38
1633 39
1633 40
1633 41
1633 42
1633 43
1633 44
1633 45
1633 46
1633 47
1633 48
1633 49
1633 50
1633 51
1635 5
1635 6
1635 7
1635 8
1635 9
1635 10
1635 11
1635 12
1635 13
1635 14
1635 15
1635 16
1635 17
1638 20
1638 21
1638 22
1638 23
1638 24
1638 25
1638 26
1638 27
1638 28
1638 29
1638 30
1638 31
1638 32
1638 33
1638 34
1638 35
1638 36
1638 37
1638 38
1638 39
1638 40
1638 41
1638 42
1638 43
1638 44
1643 9
1643 10
1643 11
1643 12
1643 13
1643 14
1643 15
1643 16
1643 17
1643 18
1643 19
1643 20
1643 21
1643 22
1643 23
1643 24
1643 25
1643 26
1643 27
1643 28
1643 29
1643 30
1643 31
1643 32
1646 32
1646 33
1646 34
1646 35
1646 36
1646 37
1646 38
1646 39
1646 40
1646 41
1646 42
1646 43
1646 44
1646 45
1646 46
1646 47
1646 48
1646 49
1646 50
1646 51
1648 5
1648 6
1648 7
1648 8
1648 9
1648 10
1648 11
1648 12
1648 13
1651 18
1651 19
1651 20
1651 21
1651 22
1651 23
1651 24
1651 25
1651 26
1651 27
1651 28
1651 29
1651 30
1651 31
1651 32
1651 33
1651 34
1651 35
1651 36
1651 37
1651 38
1651 39
1651 40
1651 41
1651 42
1651 43
1656 7
1656 8
1656 9
1656 10
1656 11
1656 12
1656 13
1656 14
1656 15
1656 16
1656 17
1656 18
1656 19
1656 20
1656 21
1656 22
1656 23
1656 24
1656 25
1656 26
1656 27
1656 28
1656 29
1656 30
1659 29
1659 30
1659 31
1659 32
1659 33
1659 34
1659 35
1659 36
1659 37
1659 38
1659 39
1659 40
1659 41
1659 42
1659 43
1659 44
1659 45
1659 46
1659 47
1659 48
1659 49
1659 50
1659 51
1664 15
1664 16
1664 17
1664 18
1664 19
1664 20
1664 21
1664 22
1664 23
1664 24
1664 25
1664 26
1664 27
1664 28
1664 29
1664 30
1664 31
1664 32
1664 33
1664 34
1664 35
1664 36
1664 37
1664 38
1664 39
1664 40
1664 41
1667 44
1667 45
1667 46
1667 47
1667 48
1667 49
1667 50
1667 51
1667 52
1667 53
1667 54
1669 6
1669 7
1669 8
1669 9
1669 10
1669 11
1669 12
1669 13
1669 14
1669 15
1669 16
1669 17
1669 18
1669 19
1669 20
1669 21
1669 22
1669 23
1669 24
1669 25
1669 26
1669 27
1672 26
1672 27
1672 28
1672 29
1672 30
1672 31
1672 32
1672 33
1672 34
1672 35
1672 36
1672 37
1672 38
1672 39
1672 40
1672 41
1672 42
1672 43
1672 44
1672 45
1672 46
1672 47
1672 48
1672 49
1672 50
1677 13
1677 14
1677 15
1677 16
1677 17
1677 18
1677 19
1677 20
1677 21
1677 22
1677 23
1677 24
1677 25
1677 26
1677 27
1677 28
1677 29
1677 30
1677 31
1677 32
1677 33
1677 34
1677 35
1677 36
1677 37
1677 38
1677 39
1680 39
1680 40
1680 41
1680 42
1680 43
1680 44
1680 45
1680 46
1680 47
1680 48
1680 49
1680 50
1680 51
1680 52
1680 53
1680 54
1680 55
1682 5
1682 6
1682 7
1682 8
1682 9
1682 10
1682 11
1682 12
1682 13
1682 14
1682 15
1682 16
1682 17
1682 18
1682 19
1682 20
1682 21
1682 22
1682 23
1682 24
1682 25
1685 23
1685 24
1685 25
1685 26
1685 27
1685 28
1685 29
1685 30
1685 31
1685 32
1685 33
1685 34
1685 35
1685 36
1685 37
1685 38
1685 39
1685 40
1685 41
1685 42
1685 43
1685 44
1685 45
1685 46
1685 47
1685 48
1685 49
1690 11
1690 12
1690 13
1690 14
1690 15
1690 16
1690 17
1690 18
1690 19
1690 20
1690 21
1690 22
1690 23
1690 24
1690 25
1690 26
1690 27
1690 28
1690 29
1690 30
1690 31
1690 32
1690 33
1690 34
1690 35
1690 36
1690 37
1693 36
1693 37
1693 38
1693 39
1693 40
1693 41
1693 42
1693 43
1693 44
1693 45
1693 46
1693 47
1693 48
1693 49
1693 50
1693 51
1693 52
1693 53
1693 54
1693 55
1695 4
1695 5
1695 6
1695 7
1695 8
1695 9
1695 10
1695 11
1695 12
1695 13
1695 14
1695 15
1695 16
1695 17
1695 18
1695 19
1695 20
1695 21
1695 22
1698 21
1698 22
1698 23
1698 24
1698 25
1698 26
1698 27
1698 28
1698 29
1698 30
1698 31
1698 32
1698 33
1698 34
1698 35
1698 36
1698 37
1698 38
1698 39
1698 40
1698 41
1698 42
1698 43
1698 44
1698 45
1698 46
1698 47
1703 10
1703 11
1703 12
1703 13
1703 14
1703 15
1703 16
1703 17
1703 18
1703 19
1703 20
1703 21
1703 22
1703 23
1703 24
1703 25
1703 26
1703 27
1703 28
1703 29
1703 30
1703 31
1703 32
1703 33
1703 34
1703 35
1706 33
1706 34
1706 35
1706 36
1706 37
1706 38
1706 39
1706 40
1706 41
1706 42
1706 43
1706 44
1706 45
1706 46
1706 47
1706 48
1706 49
1706 50
1706 51
1706 52
1706 53
1706 54
1708 4
1708 5
1708 6
1708 7
1708 8
1708 9
1708 10
1708 11
1708 12
1708 13
1708 14
1708 15
1708 16
1708 17
1708 18
1711 18
1711 19
1711 20
1711 21
1711 22
1711 23
1711 24
1711 25
1711 26
1711 27
1711 28
1711 29
1711 30
1711 31
1711 32
1711 33
1711 34
1711 35
1711 36
1711 37
1711 38
1711 39
1711 40
1711 41
1711 42
1711 43
1711 44
1711 45
1711 46
1714 50
1714 51
1714 52
1714 53
1714 54
1714 55
1714 56
1716 8
1716 9
1716 10
1716 11
1716 12
1716 13
1716 14
1716 15
1716 16
1716 17
1716 18
1716 19
1716 20
1716 21
1716 22
1716 23
1716 24
1716 25
1716 26
1716 27
1716 28
1716 29
1716 30
1716 31
1716 32
1716 33
1719 30
1719 31
1719 32
1719 33
1719 34
1719 35
1719 36
1719 37
1719 38
1719 39
1719 40
1719 41
1719 42
1719 43
1719 44
1719 45
1719 46
1719 47
1719 48
1719 49
1719 50
1719 51
1719 52
1719 53
1721 5
1721 6
1721 7
1721 8
1721 9
1721 10
1721 11
1721 12
1721 13
1721 14
1724 16
1724 17
1724 18
1724 19
1724 20
1724 21
1724 22
1724 23
1724 24
1724 25
1724 26
1724 27
1724 28
1724 29
1724 30
1724 31
1724 32
1724 33
1724 34
1724 35
1724 36
1724 37
1724 38
1724 39
1724 40
1724 41
1724 42
1724 43
1724 44
1727 45
1727 46
1727 47
1727 48
1727 49
1727 50
1727 51
1727 52
1727 53
1727 54
1727 55
1727 56
1727 57
1729 7
1729 8
1729 9
1729 10
1729 11
1729 12
1729 13
1729 14
1729 15
1729 16
1729 17
1729 18
1729 19
1729 20
1729 21
1729 22
1729 23
1729 24
1729 25
1729 26
1729 27
1729 28
1729 29
1729 30
1732 27
1732 28
1732 29
1732 30
1732 31
1732 32
1732 33
1732 34
1732 35
1732 36
1732 37
1732 38
1732 39
1732 40
1732 41
1732 42
1732 43
1732 44
1732 45
1732 46
1732 47
1732 48
1732 49
1732 50
1732 51
1732 52
1737 15
1737 16
1737 17
1737 18
1737 19
1737 20
1737 21
1737 22
1737 23
1737 24
1737 25
1737 26
1737 27
1737 28
1737 29
1737 30
1737 31
1737 32
1737 33
1737 34
1737 35
1737 36
1737 37
1737 38
1737 39
1737 40
1737 41
1737 42
1740 41
1740 42
1740 43
1740 44
1740 45
1740 46
1740 47
1740 48
1740 49
1740 50
1740 51
1740 52
1740 53
1740 54
1740 55
1740 56
1740 57
1742 6
1742 7
1742 8
1742 9
1742 10
1742 11
1742 12
1742 13
1742 14
1742 15
1742 16
1742 17
1742 18
1742 19
1742 20
1742 21
1742 22
1742 23
1742 24
1742 25
1742 26
1742 27
1745 25
1745 26
1745 27
1745 28
1745 29
1745 30
1745 31
1745 32
1745 33
1745 34
1745 35
1745 36
1745 37
1745 38
1745 39
1745 40
1745 41
1745 42
1745 43
1745 44
1745 45
1745 46
1745 47
1745 48
1745 49
1745 50
1745 51
1750 13
1750 14
1750 15
1750 16
1750 17
1750 18
1750 19
1750 20
1750 21
1750 22
1750 23
1750 24
1750 25
1750 26
1750 27
1750 28
1750 29
1750 30
1750 31
1750 32
1750 33
1750 34
1750 35
1750 36
1750 37
1750 38
1750 39
1753 38
1753 39
1753 40
1753 41
1753 42
1753 43
1753 44
1753 45
1753 46
1753 47
1753 48
1753 49
1753 50
1753 51
1753 52
1753 53
1753 54
1753 55
1753 56
1753 57
1755 6
1755 7
1755 8
1755 9
1755 10
1755 11
1755 12
1755 13
1755 14
1755 15
1755 16
1755 17
1755 18
1755 19
1755 20
1755 21
1755 22
1755 23
1755 24
1758 23
1758 24
1758 25
1758 26
1758 27
1758 28
1758 29
1758 30
1758 31
1758 32
1758 33
1758 34
1758 35
1758 36
1758 37
1758 38
1758 39
1758 40
1758 41
1758 42
1758 43
1758 44
1758 45
1758 46
1758 47
1758 48
1758 49
1763 12
1763 13
1763 14
1763 15
1763 16
1763 17
1763 18
1763 19
1763 20
1763 21
1763 22
1763 23
1763 24
1763 25
1763 26
1763 27
1763 28
1763 29
1763 30
1763 31
1763 32
1763 33
1763 34
1763 35
1763 36
1763 37
1766 36
1766 37
1766 38
1766 39
1766 40
1766 41
1766 42
1766 43
1766 44
1766 45
1766 46
1766 47
1766 48
1766 49
1766 50
1766 51
1766 52
1766 53
1766 54
1766 55
1768 7
1768 8
1768 9
1768 10
1768 11
1768 12
1768 13
1768 14
1768 15
1768 16
1768 17
1768 18
1768 19
1768 20
1771 21
1771 22
1771 23
1771 24
1771 25
1771 26
1771 27
1771 28
1771 29
1771 30
1771 31
1771 32
1771 33
1771 34
1771 35
1771 36
1771 37
1771 38
1771 39
1771 40
1771 41
1771 42
1771 43
1771 44
1771 45
1771 46
1771 47
1776 11
1776 12
1776 13
1776 14
1776 15
1776 16
1776 17
1776 18
1776 19
1776 20
1776 21
1776 22
1776 23
1776 24
1776 25
1776 26
1776 27
1776 28
1776 29
1776 30
1776 31
1776 32
1776 33
1776 34
1779 33
1779 34
1779 35
1779 36
1779 37
1779 38
1779 39
1779 40
1779 41
1779 42
1779 43
1779 44
1779 45
1779 46
1779 47
1779 48
1779 49
1779 50
1779 51
1779 52
1779 53
1779 54
1781 10
1781 11
1781 12
1781 13
1784 20
1784 21
1784 22
1784 23
1784 24
1784 25
1784 26
1784 27
1784 28
1784 29
1784 30
1784 31
1784 32
1784 33
1784 34
1784 35
1784 36
1784 37
1784 38
1784 39
1784 40
1784 41
1784 42
1784 43
1784 44
1784 45
1787 51
1787 52
1787 53
1787 54
1787 55
1787 56
1789 10
1789 11
1789 12
1789 13
1789 14
1789 15
1789 16
1789 17
1789 18
1789 19
1789 20
1789 21
1789 22
1789 23
1789 24
1789 25
1789 26
1789 27
1789 28
1789 29
1789 30
1789 31
1792 31
1792 32
1792 33
1792 34
1792 35
1792 36
1792 37
1792 38
1792 39
1792 40
1792 41
1792 42
1792 43
1792 44
1792 45
1792 46
1792 47
1792 48
1792 49
1792 50
1792 51
1792 52
1797 18
1797 19
1797 20
1797 21
1797 22
1797 23
1797 24
1797 25
1797 26
1797 27
1797 28
1797 29
1797 30
1797 31
1797 32
1797 33
1797 34
1797 35
1797 36
1797 37
1797 38
1797 39
1797 40
1797 41
1797 42
1800 47
1800 48
1800 49
1800 50
1800 51
1800 52
1800 53
1800 54
1800 55
1800 56
1802 10
1802 11
1802 12
1802 13
1802 14
1802 15
1802 16
1802 17
1802 18
1802 19
1802 20
1802 21
1802 22
1802 23
1802 24
1802 25
1802 26
1802 27
1805 29
1805 30
1805 31
1805 32
1805 33
1805 34
1805 35
1805 36
1805 37
1805 38
1805 39
1805 40
1805 41
1805 42
1805 43
1805 44
1805 45
1805 46
1805 47
1805 48
1805 49
1805 50
1810 17
1810 18
1810 19
1810 20
1810 21
1810 22
1810 23
1810 24
1810 25
1810 26
1810 27
1810 28
1810 29
1810 30
1810 31
1810 32
1810 33
1810 34
1810 35
1810 36
1810 37
1810 38
1810 39
1813 44
1813 45
1813 46
1813 47
1813 48
1813 49
1813 50
1813 51
1813 52
1813 53
1813 54
1813 55
1815 11
1815 12
1815 13
1815 14
1815 15
1815 16
1815 17
1815 18
1815 19
1815 20
1815 21
1815 22
1815 23
1818 27
1818 28
1818 29
1818 30
1818 31
1818 32
1818 33
1818 34
1818 35
1818 36
1818 37
1818 38
1818 39
1818 40
1818 41
1818 42
1818 43
1818 44
1818 45
1818 46
1818 47
1818 48
1823 16
1823 17
1823 18
1823 19
1823 20
1823 21
1823 22
1823 23
1823 24
1823 25
1823 26
1823 27
1823 28
1823 29
1823 30
1823 31
1823 32
1823 33
1823 34
1823 35
1823 36
1826 41
1826 42
1826 43
1826 44
1826 45
1826 46
1826 47
1826 48
1826 49
1826 50
1826 51
1826 52
1826 53
1826 54
1831 26
1831 27
1831 28
1831 29
1831 30
1831 31
1831 32
1831 33
1831 34
1831 35
1831 36
1831 37
1831 38
1831 39
1831 40
1831 41
1831 42
1831 43
1831 44
1831 45
1831 46
1836 16
1836 17
1836 18
1836 19
1836 20
1836 21
1836 22
1836 23
1836 24
1836 25
1836 26
1836 27
1836 28
1836 29
1836 30
1836 31
1836 32
1836 33
1839 39
1839 40
1839 41
1839 42
1839 43
1839 44
1839 45
1839 46
1839 47
1839 48
1839 49
1839 50
1839 51
1839 52
1844 25
1844 26
1844 27
1844 28
1844 29
1844 30
1844 31
1844 32
1844 33
1844 34
1844 35
1844 36
1844 37
1844 38
1844 39
1844 40
1844 41
1844 42
1844 43
1849 17
1849 18
1849 19
1849 20
1849 21
1849 22
1849 23
1849 24
1849 25
1849 26
1849 27
1849 28
1849 29
1852 38
1852 39
1852 40
1852 41
1852 42
1852 43
1852 44
1852 45
1852 46
1852 47
1852 48
1852 49
1857 24
1857 25
1857 26
1857 27
1857 28
1857 29
1857 30
1857 31
1857 32
1857 33
1857 34
1857 35
1857 36
1857 37
1857 38
1857 39
1857 40
1865 37
1865 38
1865 39
1865 40
1865 41
1865 42
1865 43
1865 44
1865 45
1865 46
1865 47
1870 25
1870 26
1870 27
1870 28
1870 29
1870 30
1870 31
1870 32
1870 33
1870 34
1870 35
1870 36
1878 37
1878 38
1878 39
1878 40
1878 41
1878 42
1878 43
1883 27
1883 28
1883 29
1883 30
