3810 59
3810 60
3817 55
3817 56
3817 57
3817 58
3817 59
3817 60
3817 61
3824 53
3824 54
3824 55
3824 56
3824 57
3824 58
3824 59
3824 60
3824 61
3830 34
3830 35
3830 36
3830 37
3830 38
3831 51
3831 52
3831 53
3831 54
3831 55
3831 56
3831 57
3831 58
3831 59
3831 60
3831 61
3832 75
3832 76
3832 77
3837 32
3837 33
3837 34
3837 35
3837 36
3837 37
3837 38
3838 49
3838 50
3838 51
3838 52
3838 53
3838 54
3838 55
3838 56
3838 57
3838 58
3838 59
3838 60
3839 71
3839 72
3839 73
3839 74
3839 75
3839 76
3839 77
3839 78
3844 30
3844 31
3844 32
3844 33
3844 34
3844 35
3844 36
3844 37
3844 38
3845 48
3845 49
3845 50
3845 51
3845 52
3845 53
3845 54
3845 55
3845 56
3845 57
3845 58
3845 59
3845 60
3846 69
3846 70
3846 71
3846 72
3846 73
3846 74
3846 75
3846 76
3846 77
3846 78
3851 28
3851 29
3851 30
3851 31
3851 32
3851 33
3851 34
3851 35
3851 36
3851 37
3852 46
3852 47
3852 48
3852 49
3852 50
3852 51
3852 52
3852 53
3852 54
3852 55
3852 56
3852 57
3852 58
3852 59
3853 67
3853 68
3853 69
3853 70
3853 71
3853 72
3853 73
3853 74
3853 75
3853 76
3853 77
3853 78
3858 26
3858 27
3858 28
3858 29
3858 30
3858 31
3858 32
3858 33
3858 34
3858 35
3858 36
3858 37
3859 44
3859 45
3859 46
3859 47
3859 48
3859 49
3859 50
3859 51
3859 52
3859 53
3859 54
3859 55
3859 56
3859 57
3859 58
3859 59
3860 65
3860 66
3860 67
3860 68
3860 69
3860 70
3860 71
3860 72
3860 73
3860 74
3860 75
3860 76
3860 77
3865 25
3865 26
3865 27
3865 28
3865 29
3865 30
3865 31
3865 32
3865 33
3865 34
3865 35
3865 36
3866 43
3866 44
3866 45
3866 46
3866 47
3866 48
3866 49
3866 50
3866 51
3866 52
3866 53
3866 54
3866 55
3866 56
3866 57
3866 58
3867 64
3867 65
3867 66
3867 67
3867 68
3867 69
3867 70
3867 71
3867 72
3867 73
3867 74
3867 75
3867 76
3867 77
3868 89
3868 90
3868 91
3872 23
3872 24
3872 25
3872 26
3872 27
3872 28
3872 29
3872 30
3872 31
3872 32
3872 33
3872 34
3872 35
3873 41
3873 42
3873 43
3873 44
3873 45
3873 46
3873 47
3873 48
3873 49
3873 50
3873 51
3873 52
3873 53
3873 54
3873 55
3873 56
3873 57
3874 62
3874 63
3874 64
3874 65
3874 66
3874 67
3874 68
3874 69
3874 70
3874 71
3874 72
3874 73
3874 74
3874 75
3874 76
3875 85
3875 86
3875 87
3875 88
3875 89
3875 90
3875 91
3875 92
3879 22
3879 23
3879 24
3879 25
3879 26
3879 27
3879 28
3879 29
3879 30
3879 31
3879 32
3879 33
3879 34
3880 40
3880 41
3880 42
3880 43
3880 44
3880 45
3880 46
3880 47
3880 48
3880 49
3880 50
3880 51
3880 52
3880 53
3880 54
3880 55
3880 56
3881 60
3881 61
3881 62
3881 63
3881 64
3881 65
3881 66
3881 67
3881 68
3881 69
3881 70
3881 71
3881 72
3881 73
3881 74
3881 75
3882 83
3882 84
3882 85
3882 86
3882 87
3882 88
3882 89
3882 90
3882 91
3882 92
3886 20
3886 21
3886 22
3886 23
3886 24
3886 25
3886 26
3886 27
3886 28
3886 29
3886 30
3886 31
3886 32
3886 33
3886 34
3887 38
3887 39
3887 40
3887 41
3887 42
3887 43
3887 44
3887 45
3887 46
3887 47
3887 48
3887 49
3887 50
3887 51
3887 52
3887 53
3887 54
3887 55
3888 59
3888 60
3888 61
3888 62
3888 63
3888 64
3888 65
3888 66
3888 67
3888 68
3888 69
3888 70
3888 71
3888 72
3888 73
3888 74
3888 75
3889 81
3889 82
3889 83
3889 84
3889 85
3889 86
3889 87
3889 88
3889 89
3889 90
3889 91
3889 92
3893 19
3893 20
3893 21
3893 22
3893 23
3893 24
3893 25
3893 26
3893 27
3893 28
3893 29
3893 30
3893 31
3893 32
3893 33
3894 37
3894 38
3894 39
3894 40
3894 41
3894 42
3894 43
3894 44
3894 45
3894 46
3894 47
3894 48
3894 49
3894 50
3894 51
3894 52
3894 53
3894 54
3894 55
3895 57
3895 58
3895 59
3895 60
3895 61
3895 62
3895 63
3895 64
3895 65
3895 66
3895 67
3895 68
3895 69
3895 70
3895 71
3895 72
3895 73
3895 74
3896 79
3896 80
3896 81
3896 82
3896 83
3896 84
3896 85
3896 86
3896 87
3896 88
3896 89
3896 90
3896 91
3900 17
3900 18
3900 19
3900 20
3900 21
3900 22
3900 23
3900 24
3900 25
3900 26
3900 27
3900 28
3900 29
3900 30
3900 31
3900 32
3901 36
3901 37
3901 38
3901 39
3901 40
3901 41
3901 42
3901 43
3901 44
3901 45
3901 46
3901 47
3901 48
3901 49
3901 50
3901 51
3901 52
3901 53
3901 54
3902 56
3902 57
3902 58
3902 59
3902 60
3902 61
3902 62
3902 63
3902 64
3902 65
3902 66
3902 67
3902 68
3902 69
3902 70
3902 71
3902 72
3902 73
3903 77
3903 78
3903 79
3903 80
3903 81
3903 82
3903 83
3903 84
3903 85
3903 86
3903 87
3903 88
3903 89
3903 90
3903 91
3907 16
3907 17
3907 18
3907 19
3907 20
3907 21
3907 22
3907 23
3907 24
3907 25
3907 26
3907 27
3907 28
3907 29
3907 30
3907 31
3908 34
3908 35
3908 36
3908 37
3908 38
3908 39
3908 40
3908 41
3908 42
3908 43
3908 44
3908 45
3908 46
3908 47
3908 48
3908 49
3908 50
3908 51
3908 52
3908 53
3909 55
3909 56
3909 57
3909 58
3909 59
3909 60
3909 61
3909 62
3909 63
3909 64
3909 65
3909 66
3909 67
3909 68
3909 69
3909 70
3909 71
3909 72
3910 76
3910 77
3910 78
3910 79
3910 80
3910 81
3910 82
3910 83
3910 84
3910 85
3910 86
3910 87
3910 88
3910 89
3910 90
3914 14
3914 15
3914 16
3914 17
3914 18
3914 19
3914 20
3914 21
3914 22
3914 23
3914 24
3914 25
3914 26
3914 27
3914 28
3914 29
3914 30
3915 33
3915 34
3915 35
3915 36
3915 37
3915 38
3915 39
3915 40
3915 41
3915 42
3915 43
3915 44
3915 45
3915 46
3915 47
3915 48
3915 49
3915 50
3915 51
3915 52
3916 53
3916 54
3916 55
3916 56
3916 57
3916 58
3916 59
3916 60
3916 61
3916 62
3916 63
3916 64
3916 65
3916 66
3916 67
3916 68
3916 69
3916 70
3916 71
3917 74
3917 75
3917 76
3917 77
3917 78
3917 79
3917 80
3917 81
3917 82
3917 83
3917 84
3917 85
3917 86
3917 87
3917 88
3917 89
3918 99
3918 100
3918 101
3918 102
3918 103
3921 13
3921 14
3921 15
3921 16
3921 17
3921 18
3921 19
3921 20
3921 21
3921 22
3921 23
3921 24
3921 25
3921 26
3921 27
3921 28
3921 29
3922 31
3922 32
3922 33
3922 34
3922 35
3922 36
3922 37
3922 38
3922 39
3922 40
3922 41
3922 42
3922 43
3922 44
3922 45
3922 46
3922 47
3922 48
3922 49
3922 50
3922 51
3923 52
3923 53
3923 54
3923 55
3923 56
3923 57
3923 58
3923 59
3923 60
3923 61
3923 62
3923 63
3923 64
3923 65
3923 66
3923 67
3923 68
3923 69
3923 70
3924 73
3924 74
3924 75
3924 76
3924 77
3924 78
3924 79
3924 80
3924 81
3924 82
3924 83
3924 84
3924 85
3924 86
3924 87
3924 88
3925 96
3925 97
3925 98
3925 99
3925 100
3925 101
3925 102
3925 103
3928 11
3928 12
3928 13
3928 14
3928 15
3928 16
3928 17
3928 18
3928 19
3928 20
3928 21
3928 22
3928 23
3928 24
3928 25
3928 26
3928 27
3928 28
3929 30
3929 31
3929 32
3929 33
3929 34
3929 35
3929 36
3929 37
3929 38
3929 39
3929 40
3929 41
3929 42
3929 43
3929 44
3929 45
3929 46
3929 47
3929 48
3929 49
3929 50
3930 50
3930 51
3930 52
3930 53
3930 54
3930 55
3930 56
3930 57
3930 58
3930 59
3930 60
3930 61
3930 62
3930 63
3930 64
3930 65
3930 66
3930 67
3930 68
3930 69
3931 71
3931 72
3931 73
3931 74
3931 75
3931 76
3931 77
3931 78
3931 79
3931 80
3931 81
3931 82
3931 83
3931 84
3931 85
3931 86
3931 87
3932 94
3932 95
3932 96
3932 97
3932 98
3932 99
3932 100
3932 101
3932 102
3932 103
3935 10
3935 11
3935 12
3935 13
3935 14
3935 15
3935 16
3935 17
3935 18
3935 19
3935 20
3935 21
3935 22
3935 23
3935 24
3935 25
3935 26
3935 27
3936 28
3936 29
3936 30
3936 31
3936 32
3936 33
3936 34
3936 35
3936 36
3936 37
3936 38
3936 39
3936 40
3936 41
3936 42
3936 43
3936 44
3936 45
3936 46
3936 47
3936 48
3936 49
3937 49
3937 50
3937 51
3937 52
3937 53
3937 54
3937 55
3937 56
3937 57
3937 58
3937 59
3937 60
3937 61
3937 62
3937 63
3937 64
3937 65
3937 66
3937 67
3937 68
3938 70
3938 71
3938 72
3938 73
3938 74
3938 75
3938 76
3938 77
3938 78
3938 79
3938 80
3938 81
3938 82
3938 83
3938 84
3938 85
3938 86
3939 92
3939 93
3939 94
3939 95
3939 96
3939 97
3939 98
3939 99
3939 100
3939 101
3939 102
3939 103
3942 8
3942 9
3942 10
3942 11
3942 12
3942 13
3942 14
3942 15
3942 16
3942 17
3942 18
3942 19
3942 20
3942 21
3942 22
3942 23
3942 24
3942 25
3942 26
3943 27
3943 28
3943 29
3943 30
3943 31
3943 32
3943 33
3943 34
3943 35
3943 36
3943 37
3943 38
3943 39
3943 40
3943 41
3943 42
3943 43
3943 44
3943 45
3943 46
3943 47
3943 48
3944 48
3944 49
3944 50
3944 51
3944 52
3944 53
3944 54
3944 55
3944 56
3944 57
3944 58
3944 59
3944 60
3944 61
3944 62
3944 63
3944 64
3944 65
3944 66
3944 67
3945 69
3945 70
3945 71
3945 72
3945 73
3945 74
3945 75
3945 76
3945 77
3945 78
3945 79
3945 80
3945 81
3945 82
3945 83
3945 84
3945 85
3946 91
3946 92
3946 93
3946 94
3946 95
3946 96
3946 97
3946 98
3946 99
3946 100
3946 101
3946 102
3949 7
3949 8
3949 9
3949 10
3949 11
3949 12
3949 13
3949 14
3949 15
3949 16
3949 17
3949 18
3949 19
3949 20
3949 21
3949 22
3949 23
3949 24
3949 25
3950 26
3950 27
3950 28
3950 29
3950 30
3950 31
3950 32
3950 33
3950 34
3950 35
3950 36
3950 37
3950 38
3950 39
3950 40
3950 41
3950 42
3950 43
3950 44
3950 45
3950 46
3950 47
3951 46
3951 47
3951 48
3951 49
3951 50
3951 51
3951 52
3951 53
3951 54
3951 55
3951 56
3951 57
3951 58
3951 59
3951 60
3951 61
3951 62
3951 63
3951 64
3951 65
3951 66
3952 67
3952 68
3952 69
3952 70
3952 71
3952 72
3952 73
3952 74
3952 75
3952 76
3952 77
3952 78
3952 79
3952 80
3952 81
3952 82
3952 83
3952 84
3953 89
3953 90
3953 91
3953 92
3953 93
3953 94
3953 95
3953 96
3953 97
3953 98
3953 99
3953 100
3953 101
3956 6
3956 7
3956 8
3956 9
3956 10
3956 11
3956 12
3956 13
3956 14
3956 15
3956 16
3956 17
3956 18
3956 19
3956 20
3956 21
3956 22
3956 23
3956 24
3957 24
3957 25
3957 26
3957 27
3957 28
3957 29
3957 30
3957 31
3957 32
3957 33
3957 34
3957 35
3957 36
3957 37
3957 38
3957 39
3957 40
3957 41
3957 42
3957 43
3957 44
3957 45
3957 46
3958 45
3958 46
3958 47
3958 48
3958 49
3958 50
3958 51
3958 52
3958 53
3958 54
3958 55
3958 56
3958 57
3958 58
3958 59
3958 60
3958 61
3958 62
3958 63
3958 64
3958 65
3959 66
3959 67
3959 68
3959 69
3959 70
3959 71
3959 72
3959 73
3959 74
3959 75
3959 76
3959 77
3959 78
3959 79
3959 80
3959 81
3959 82
3959 83
3960 87
3960 88
3960 89
3960 90
3960 91
3960 92
3960 93
3960 94
3960 95
3960 96
3960 97
3960 98
3960 99
3960 100
3963 4
3963 5
3963 6
3963 7
3963 8
3963 9
3963 10
3963 11
3963 12
3963 13
3963 14
3963 15
3963 16
3963 17
3963 18
3963 19
3963 20
3963 21
3963 22
3963 23
3964 23
3964 24
3964 25
3964 26
3964 27
3964 28
3964 29
3964 30
3964 31
3964 32
3964 33
3964 34
3964 35
3964 36
3964 37
3964 38
3964 39
3964 40
3964 41
3964 42
3964 43
3964 44
3964 45
3965 44
3965 45
3965 46
3965 47
3965 48
3965 49
3965 50
3965 51
3965 52
3965 53
3965 54
3965 55
3965 56
3965 57
3965 58
3965 59
3965 60
3965 61
3965 62
3965 63
3965 64
3966 65
3966 66
3966 67
3966 68
3966 69
3966 70
3966 71
3966 72
3966 73
3966 74
3966 75
3966 76
3966 77
3966 78
3966 79
3966 80
3966 81
3966 82
3967 86
3967 87
3967 88
3967 89
3967 90
3967 91
3967 92
3967 93
3967 94
3967 95
3967 96
3967 97
3967 98
3967 99
3970 3
3970 4
3970 5
3970 6
3970 7
3970 8
3970 9
3970 10
3970 11
3970 12
3970 13
3970 14
3970 15
3970 16
3970 17
3970 18
3970 19
3970 20
3970 21
3971 21
3971 22
3971 23
3971 24
3971 25
3971 26
3971 27
3971 28
3971 29
3971 30
3971 31
3971 32
3971 33
3971 34
3971 35
3971 36
3971 37
3971 38
3971 39
3971 40
3971 41
3971 42
3971 43
3971 44
3972 42
3972 43
3972 44
3972 45
3972 46
3972 47
3972 48
3972 49
3972 50
3972 51
3972 52
3972 53
3972 54
3972 55
3972 56
3972 57
3972 58
3972 59
3972 60
3972 61
3972 62
3972 63
3973 63
3973 64
3973 65
3973 66
3973 67
3973 68
3973 69
3973 70
3973 71
3973 72
3973 73
3973 74
3973 75
3973 76
3973 77
3973 78
3973 79
3973 80
3973 81
3974 85
3974 86
3974 87
3974 88
3974 89
3974 90
3974 91
3974 92
3974 93
3974 94
3974 95
3974 96
3974 97
3974 98
3977 2
3977 3
3977 4
3977 5
3977 6
3977 7
3977 8
3977 9
3977 10
3977 11
3977 12
3977 13
3977 14
3977 15
3977 16
3977 17
3977 18
3977 19
3977 20
3978 20
3978 21
3978 22
3978 23
3978 24
3978 25
3978 26
3978 27
3978 28
3978 29
3978 30
3978 31
3978 32
3978 33
3978 34
3978 35
3978 36
3978 37
3978 38
3978 39
3978 40
3978 41
3978 42
3978 43
3979 41
3979 42
3979 43
3979 44
3979 45
3979 46
3979 47
3979 48
3979 49
3979 50
3979 51
3979 52
3979 53
3979 54
3979 55
3979 56
3979 57
3979 58
3979 59
3979 60
3979 61
3979 62
3980 62
3980 63
3980 64
3980 65
3980 66
3980 67
3980 68
3980 69
3980 70
3980 71
3980 72
3980 73
3980 74
3980 75
3980 76
3980 77
3980 78
3980 79
3980 80
3981 83
3981 84
3981 85
3981 86
3981 87
3981 88
3981 89
3981 90
3981 91
3981 92
3981 93
3981 94
3981 95
3981 96
3981 97
3982 108
3982 109
3982 110
3984 1
3984 2
3984 3
3984 4
3984 5
3984 6
3984 7
3984 8
3984 9
3984 10
3984 11
3984 12
3984 13
3984 14
3984 15
3984 16
3984 17
3984 18
3984 19
3985 19
3985 20
3985 21
3985 22
3985 23
3985 24
3985 25
3985 26
3985 27
3985 28
3985 29
3985 30
3985 31
3985 32
3985 33
3985 34
3985 35
3985 36
3985 37
3985 38
3985 39
3985 40
3985 41
3985 42
3986 40
3986 41
3986 42
3986 43
3986 44
3986 45
3986 46
3986 47
3986 48
3986 49
3986 50
3986 51
3986 52
3986 53
3986 54
3986 55
3986 56
3986 57
3986 58
3986 59
3986 60
3986 61
3987 61
3987 62
3987 63
3987 64
3987 65
3987 66
3987 67
3987 68
3987 69
3987 70
3987 71
3987 72
3987 73
3987 74
3987 75
3987 76
3987 77
3987 78
3987 79
3988 82
3988 83
3988 84
3988 85
3988 86
3988 87
3988 88
3988 89
3988 90
3988 91
3988 92
3988 93
3988 94
3988 95
3988 96
3989 106
3989 107
3989 108
3989 109
3989 110
3991 0
3991 1
3991 2
3991 3
3991 4
3991 5
3991 6
3991 7
3991 8
3991 9
3991 10
3991 11
3991 12
3991 13
3991 14
3991 15
3991 16
3991 17
3991 575
3992 17
3992 18
3992 19
3992 20
3992 21
3992 22
3992 23
3992 24
3992 25
3992 26
3992 27
3992 28
3992 29
3992 30
3992 31
3992 32
3992 33
3992 34
3992 35
3992 36
3992 37
3992 38
3992 39
3992 40
3992 41
3993 38
3993 39
3993 40
3993 41
3993 42
3993 43
3993 44
3993 45
3993 46
3993 47
3993 48
3993 49
3993 50
3993 51
3993 52
3993 53
3993 54
3993 55
3993 56
3993 57
3993 58
3993 59
3993 60
3994 60
3994 61
3994 62
3994 63
3994 64
3994 65
3994 66
3994 67
3994 68
3994 69
3994 70
3994 71
3994 72
3994 73
3994 74
3994 75
3994 76
3994 77
3994 78
3995 81
3995 82
3995 83
3995 84
3995 85
3995 86
3995 87
3995 88
3995 89
3995 90
3995 91
3995 92
3995 93
3995 94
3995 95
3996 104
3996 105
3996 106
3996 107
3996 108
3996 109
3996 110
3998 0
3998 1
3998 2
3998 3
3998 4
3998 5
3998 6
3998 7
3998 8
3998 9
3998 10
3998 11
3998 12
3998 13
3998 14
3998 15
3998 16
3998 574
3998 575
3999 16
3999 17
3999 18
3999 19
3999 20
3999 21
3999 22
3999 23
3999 24
3999 25
3999 26
3999 27
3999 28
3999 29
3999 30
3999 31
3999 32
3999 33
3999 34
3999 35
3999 36
3999 37
3999 38
3999 39
3999 40
4000 37
4000 38
4000 39
4000 40
4000 41
4000 42
4000 43
4000 44
4000 45
4000 46
4000 47
4000 48
4000 49
4000 50
4000 51
4000 52
4000 53
4000 54
4000 55
4000 56
4000 57
4000 58
4000 59
4001 58
4001 59
4001 60
4001 61
4001 62
4001 63
4001 64
4001 65
4001 66
4001 67
4001 68
4001 69
4001 70
4001 71
4001 72
4001 73
4001 74
4001 75
4001 76
4001 77
4002 80
4002 81
4002 82
4002 83
4002 84
4002 85
4002 86
4002 87
4002 88
4002 89
4002 90
4002 91
4002 92
4002 93
4002 94
4003 102
4003 103
4003 104
4003 105
4003 106
4003 107
4003 108
4003 109
4005 0
4005 1
4005 2
4005 3
4005 4
4005 5
4005 6
4005 7
4005 8
4005 9
4005 10
4005 11
4005 12
4005 13
4005 14
4005 573
4005 574
4005 575
4006 14
4006 15
4006 16
4006 17
4006 18
4006 19
4006 20
4006 21
4006 22
4006 23
4006 24
4006 25
4006 26
4006 27
4006 28
4006 29
4006 30
4006 31
4006 32
4006 33
4006 34
4006 35
4006 36
4006 37
4006 38
4007 36
4007 37
4007 38
4007 39
4007 40
4007 41
4007 42
4007 43
4007 44
4007 45
4007 46
4007 47
4007 48
4007 49
4007 50
4007 51
4007 52
4007 53
4007 54
4007 55
4007 56
4007 57
4007 58
4008 57
4008 58
4008 59
4008 60
4008 61
4008 62
4008 63
4008 64
4008 65
4008 66
4008 67
4008 68
4008 69
4008 70
4008 71
4008 72
4008 73
4008 74
4008 75
4008 76
4009 79
4009 80
4009 81
4009 82
4009 83
4009 84
4009 85
4009 86
4009 87
4009 88
4009 89
4009 90
4009 91
4009 92
4009 93
4010 101
4010 102
4010 103
4010 104
4010 105
4010 106
4010 107
4010 108
4012 0
4012 1
4012 2
4012 3
4012 4
4012 5
4012 6
4012 7
4012 8
4012 9
4012 10
4012 11
4012 12
4012 13
4012 572
4012 573
4012 574
4012 575
4013 13
4013 14
4013 15
4013 16
4013 17
4013 18
4013 19
4013 20
4013 21
4013 22
4013 23
4013 24
4013 25
4013 26
4013 27
4013 28
4013 29
4013 30
4013 31
4013 32
4013 33
4013 34
4013 35
4013 36
4013 37
4014 34
4014 35
4014 36
4014 37
4014 38
4014 39
4014 40
4014 41
4014 42
4014 43
4014 44
4014 45
4014 46
4014 47
4014 48
4014 49
4014 50
4014 51
4014 52
4014 53
4014 54
4014 55
4014 56
4014 57
4015 56
4015 57
4015 58
4015 59
4015 60
4015 61
4015 62
4015 63
4015 64
4015 65
4015 66
4015 67
4015 68
4015 69
4015 70
4015 71
4015 72
4015 73
4015 74
4015 75
4016 77
4016 78
4016 79
4016 80
4016 81
4016 82
4016 83
4016 84
4016 85
4016 86
4016 87
4016 88
4016 89
4016 90
4016 91
4016 92
4017 100
4017 101
4017 102
4017 103
4017 104
4017 105
4017 106
4017 107
4019 0
4019 1
4019 2
4019 3
4019 4
4019 5
4019 6
4019 7
4019 8
4019 9
4019 10
4019 11
4019 571
4019 572
4019 573
4019 574
4019 575
4020 12
4020 13
4020 14
4020 15
4020 16
4020 17
4020 18
4020 19
4020 20
4020 21
4020 22
4020 23
4020 24
4020 25
4020 26
4020 27
4020 28
4020 29
4020 30
4020 31
4020 32
4020 33
4020 34
4020 35
4020 36
4021 33
4021 34
4021 35
4021 36
4021 37
4021 38
4021 39
4021 40
4021 41
4021 42
4021 43
4021 44
4021 45
4021 46
4021 47
4021 48
4021 49
4021 50
4021 51
4021 52
4021 53
4021 54
4021 55
4021 56
4022 55
4022 56
4022 57
4022 58
4022 59
4022 60
4022 61
4022 62
4022 63
4022 64
4022 65
4022 66
4022 67
4022 68
4022 69
4022 70
4022 71
4022 72
4022 73
4023 76
4023 77
4023 78
4023 79
4023 80
4023 81
4023 82
4023 83
4023 84
4023 85
4023 86
4023 87
4023 88
4023 89
4023 90
4023 91
4024 98
4024 99
4024 100
4024 101
4024 102
4024 103
4024 104
4024 105
4024 106
4026 0
4026 1
4026 2
4026 3
4026 4
4026 5
4026 6
4026 7
4026 8
4026 9
4026 571
4026 572
4026 573
4026 574
4026 575
4027 10
4027 11
4027 12
4027 13
4027 14
4027 15
4027 16
4027 17
4027 18
4027 19
4027 20
4027 21
4027 22
4027 23
4027 24
4027 25
4027 26
4027 27
4027 28
4027 29
4027 30
4027 31
4027 32
4027 33
4027 34
4027 35
4028 31
4028 32
4028 33
4028 34
4028 35
4028 36
4028 37
4028 38
4028 39
4028 40
4028 41
4028 42
4028 43
4028 44
4028 45
4028 46
4028 47
4028 48
4028 49
4028 50
4028 51
4028 52
4028 53
4028 54
4028 55
4029 53
4029 54
4029 55
4029 56
4029 57
4029 58
4029 59
4029 60
4029 61
4029 62
4029 63
4029 64
4029 65
4029 66
4029 67
4029 68
4029 69
4029 70
4029 71
4029 72
4030 75
4030 76
4030 77
4030 78
4030 79
4030 80
4030 81
4030 82
4030 83
4030 84
4030 85
4030 86
4030 87
4030 88
4030 89
4031 97
4031 98
4031 99
4031 100
4031 101
4031 102
4031 103
4031 104
4031 105
4033 0
4033 1
4033 2
4033 3
4033 4
4033 5
4033 6
4033 7
4033 570
4033 571
4033 572
4033 573
4033 574
4033 575
4034 9
4034 10
4034 11
4034 12
4034 13
4034 14
4034 15
4034 16
4034 17
4034 18
4034 19
4034 20
4034 21
4034 22
4034 23
4034 24
4034 25
4034 26
4034 27
4034 28
4034 29
4034 30
4034 31
4034 32
4034 33
4034 34
4035 30
4035 31
4035 32
4035 33
4035 34
4035 35
4035 36
4035 37
4035 38
4035 39
4035 40
4035 41
4035 42
4035 43
4035 44
4035 45
4035 46
4035 47
4035 48
4035 49
4035 50
4035 51
4035 52
4035 53
4036 52
4036 53
4036 54
4036 55
4036 56
4036 57
4036 58
4036 59
4036 60
4036 61
4036 62
4036 63
4036 64
4036 65
4036 66
4036 67
4036 68
4036 69
4036 70
4036 71
4037 74
4037 75
4037 76
4037 77
4037 78
4037 79
4037 80
4037 81
4037 82
4037 83
4037 84
4037 85
4037 86
4037 87
4037 88
4038 96
4038 97
4038 98
4038 99
4038 100
4038 101
4038 102
4038 103
4038 104
4040 0
4040 1
4040 2
4040 3
4040 4
4040 5
4040 570
4040 571
4040 572
4040 573
4040 574
4040 575
4041 7
4041 8
4041 9
4041 10
4041 11
4041 12
4041 13
4041 14
4041 15
4041 16
4041 17
4041 18
4041 19
4041 20
4041 21
4041 22
4041 23
4041 24
4041 25
4041 26
4041 27
4041 28
4041 29
4041 30
4041 31
4041 32
4042 29
4042 30
4042 31
4042 32
4042 33
4042 34
4042 35
4042 36
4042 37
4042 38
4042 39
4042 40
4042 41
4042 42
4042 43
4042 44
4042 45
4042 46
4042 47
4042 48
4042 49
4042 50
4042 51
4042 52
4043 51
4043 52
4043 53
4043 54
4043 55
4043 56
4043 57
4043 58
4043 59
4043 60
4043 61
4043 62
4043 63
4043 64
4043 65
4043 66
4043 67
4043 68
4043 69
4043 70
4044 73
4044 74
4044 75
4044 76
4044 77
4044 78
4044 79
4044 80
4044 81
4044 82
4044 83
4044 84
4044 85
4044 86
4044 87
4045 95
4045 96
4045 97
4045 98
4045 99
4045 100
4045 101
4045 102
4047 0
4047 1
4047 2
4047 569
4047 570
4047 571
4047 572
4047 573
4047 574
4047 575
4048 6
4048 7
4048 8
4048 9
4048 10
4048 11
4048 12
4048 13
4048 14
4048 15
4048 16
4048 17
4048 18
4048 19
4048 20
4048 21
4048 22
4048 23
4048 24
4048 25
4048 26
4048 27
4048 28
4048 29
4048 30
4048 31
4049 27
4049 28
4049 29
4049 30
4049 31
4049 32
4049 33
4049 34
4049 35
4049 36
4049 37
4049 38
4049 39
4049 40
4049 41
4049 42
4049 43
4049 44
4049 45
4049 46
4049 47
4049 48
4049 49
4049 50
4049 51
4050 50
4050 51
4050 52
4050 53
4050 54
4050 55
4050 56
4050 57
4050 58
4050 59
4050 60
4050 61
4050 62
4050 63
4050 64
4050 65
4050 66
4050 67
4050 68
4050 69
4051 72
4051 73
4051 74
4051 75
4051 76
4051 77
4051 78
4051 79
4051 80
4051 81
4051 82
4051 83
4051 84
4051 85
4051 86
4052 94
4052 95
4052 96
4052 97
4052 98
4052 99
4052 100
4052 101
4054 570
4054 571
4054 572
4054 573
4054 574
4054 575
4055 5
4055 6
4055 7
4055 8
4055 9
4055 10
4055 11
4055 12
4055 13
4055 14
4055 15
4055 16
4055 17
4055 18
4055 19
4055 20
4055 21
4055 22
4055 23
4055 24
4055 25
4055 26
4055 27
4055 28
4055 29
4055 30
4056 26
4056 27
4056 28
4056 29
4056 30
4056 31
4056 32
4056 33
4056 34
4056 35
4056 36
4056 37
4056 38
4056 39
4056 40
4056 41
4056 42
4056 43
4056 44
4056 45
4056 46
4056 47
4056 48
4056 49
4056 50
4057 48
4057 49
4057 50
4057 51
4057 52
4057 53
4057 54
4057 55
4057 56
4057 57
4057 58
4057 59
4057 60
4057 61
4057 62
4057 63
4057 64
4057 65
4057 66
4057 67
4057 68
4058 71
4058 72
4058 73
4058 74
4058 75
4058 76
4058 77
4058 78
4058 79
4058 80
4058 81
4058 82
4058 83
4058 84
4059 93
4059 94
4059 95
4059 96
4059 97
4059 98
4059 99
4059 100
4062 3
4062 4
4062 5
4062 6
4062 7
4062 8
4062 9
4062 10
4062 11
4062 12
4062 13
4062 14
4062 15
4062 16
4062 17
4062 18
4062 19
4062 20
4062 21
4062 22
4062 23
4062 24
4062 25
4062 26
4062 27
4062 28
4063 25
4063 26
4063 27
4063 28
4063 29
4063 30
4063 31
4063 32
4063 33
4063 34
4063 35
4063 36
4063 37
4063 38
4063 39
4063 40
4063 41
4063 42
4063 43
4063 44
4063 45
4063 46
4063 47
4063 48
4063 49
4064 47
4064 48
4064 49
4064 50
4064 51
4064 52
4064 53
4064 54
4064 55
4064 56
4064 57
4064 58
4064 59
4064 60
4064 61
4064 62
4064 63
4064 64
4064 65
4064 66
4064 67
4065 70
4065 71
4065 72
4065 73
4065 74
4065 75
4065 76
4065 77
4065 78
4065 79
4065 80
4065 81
4065 82
4065 83
4066 93
4066 94
4066 95
4066 96
4066 97
4066 98
4069 2
4069 3
4069 4
4069 5
4069 6
4069 7
4069 8
4069 9
4069 10
4069 11
4069 12
4069 13
4069 14
4069 15
4069 16
4069 17
4069 18
4069 19
4069 20
4069 21
4069 22
4069 23
4069 24
4069 25
4069 26
4069 27
4070 23
4070 24
4070 25
4070 26
4070 27
4070 28
4070 29
4070 30
4070 31
4070 32
4070 33
4070 34
4070 35
4070 36
4070 37
4070 38
4070 39
4070 40
4070 41
4070 42
4070 43
4070 44
4070 45
4070 46
4070 47
4070 48
4071 46
4071 47
4071 48
4071 49
4071 50
4071 51
4071 52
4071 53
4071 54
4071 55
4071 56
4071 57
4071 58
4071 59
4071 60
4071 61
4071 62
4071 63
4071 64
4071 65
4072 69
4072 70
4072 71
4072 72
4072 73
4072 74
4072 75
4072 76
4072 77
4072 78
4072 79
4072 80
4072 81
4072 82
4073 92
4073 93
4073 94
4073 95
4073 96
4076 1
4076 2
4076 3
4076 4
4076 5
4076 6
4076 7
4076 8
4076 9
4076 10
4076 11
4076 12
4076 13
4076 14
4076 15
4076 16
4076 17
4076 18
4076 19
4076 20
4076 21
4076 22
4076 23
4076 24
4076 25
4077 22
4077 23
4077 24
4077 25
4077 26
4077 27
4077 28
4077 29
4077 30
4077 31
4077 32
4077 33
4077 34
4077 35
4077 36
4077 37
4077 38
4077 39
4077 40
4077 41
4077 42
4077 43
4077 44
4077 45
4077 46
4078 45
4078 46
4078 47
4078 48
4078 49
4078 50
4078 51
4078 52
4078 53
4078 54
4078 55
4078 56
4078 57
4078 58
4078 59
4078 60
4078 61
4078 62
4078 63
4078 64
4079 68
4079 69
4079 70
4079 71
4079 72
4079 73
4079 74
4079 75
4079 76
4079 77
4079 78
4079 79
4079 80
4080 92
4080 93
4080 94
4083 0
4083 1
4083 2
4083 3
4083 4
4083 5
4083 6
4083 7
4083 8
4083 9
4083 10
4083 11
4083 12
4083 13
4083 14
4083 15
4083 16
4083 17
4083 18
4083 19
4083 20
4083 21
4083 22
4083 23
4083 24
4084 20
4084 21
4084 22
4084 23
4084 24
4084 25
4084 26
4084 27
4084 28
4084 29
4084 30
4084 31
4084 32
4084 33
4084 34
4084 35
4084 36
4084 37
4084 38
4084 39
4084 40
4084 41
4084 42
4084 43
4084 44
4084 45
4085 43
4085 44
4085 45
4085 46
4085 47
4085 48
4085 49
4085 50
4085 51
4085 52
4085 53
4085 54
4085 55
4085 56
4085 57
4085 58
4085 59
4085 60
4085 61
4085 62
4085 63
4086 67
4086 68
4086 69
4086 70
4086 71
4086 72
4086 73
4086 74
4086 75
4086 76
4086 77
4086 78
4086 79
4090 0
4090 1
4090 2
4090 3
4090 4
4090 5
4090 6
4090 7
4090 8
4090 9
4090 10
4090 11
4090 12
4090 13
4090 14
4090 15
4090 16
4090 17
4090 18
4090 19
4090 20
4090 21
4090 22
4090 575
4091 19
4091 20
4091 21
4091 22
4091 23
4091 24
4091 25
4091 26
4091 27
4091 28
4091 29
4091 30
4091 31
4091 32
4091 33
4091 34
4091 35
4091 36
4091 37
4091 38
4091 39
4091 40
4091 41
4091 42
4091 43
4091 44
4092 42
4092 43
4092 44
4092 45
4092 46
4092 47
4092 48
4092 49
4092 50
4092 51
4092 52
4092 53
4092 54
4092 55
4092 56
4092 57
4092 58
4092 59
4092 60
4092 61
4092 62
4093 66
4093 67
4093 68
4093 69
4093 70
4093 71
4093 72
4093 73
4093 74
4093 75
4093 76
4093 77
4093 78
4097 0
4097 1
4097 2
4097 3
4097 4
4097 5
4097 6
4097 7
4097 8
4097 9
4097 10
4097 11
4097 12
4097 13
4097 14
4097 15
4097 16
4097 17
4097 18
4097 19
4097 20
4097 21
4097 573
4097 574
4097 575
4098 18
4098 19
4098 20
4098 21
4098 22
4098 23
4098 24
4098 25
4098 26
4098 27
4098 28
4098 29
4098 30
4098 31
4098 32
4098 33
4098 34
4098 35
4098 36
4098 37
4098 38
4098 39
4098 40
4098 41
4098 42
4098 43
4099 41
4099 42
4099 43
4099 44
4099 45
4099 46
4099 47
4099 48
4099 49
4099 50
4099 51
4099 52
4099 53
4099 54
4099 55
4099 56
4099 57
4099 58
4099 59
4099 60
4099 61
4100 64
4100 65
4100 66
4100 67
4100 68
4100 69
4100 70
4100 71
4100 72
4100 73
4100 74
4100 75
4100 76
4104 0
4104 1
4104 2
4104 3
4104 4
4104 5
4104 6
4104 7
4104 8
4104 9
4104 10
4104 11
4104 12
4104 13
4104 14
4104 15
4104 16
4104 17
4104 18
4104 19
4104 572
4104 573
4104 574
4104 575
4105 16
4105 17
4105 18
4105 19
4105 20
4105 21
4105 22
4105 23
4105 24
4105 25
4105 26
4105 27
4105 28
4105 29
4105 30
4105 31
4105 32
4105 33
4105 34
4105 35
4105 36
4105 37
4105 38
4105 39
4105 40
4105 41
4106 39
4106 40
4106 41
4106 42
4106 43
4106 44
4106 45
4106 46
4106 47
4106 48
4106 49
4106 50
4106 51
4106 52
4106 53
4106 54
4106 55
4106 56
4106 57
4106 58
4106 59
4106 60
4107 63
4107 64
4107 65
4107 66
4107 67
4107 68
4107 69
4107 70
4107 71
4107 72
4107 73
4107 74
4107 75
4111 0
4111 1
4111 2
4111 3
4111 4
4111 5
4111 6
4111 7
4111 8
4111 9
4111 10
4111 11
4111 12
4111 13
4111 14
4111 15
4111 16
4111 17
4111 571
4111 572
4111 573
4111 574
4111 575
4112 15
4112 16
4112 17
4112 18
4112 19
4112 20
4112 21
4112 22
4112 23
4112 24
4112 25
4112 26
4112 27
4112 28
4112 29
4112 30
4112 31
4112 32
4112 33
4112 34
4112 35
4112 36
4112 37
4112 38
4112 39
4112 40
4113 38
4113 39
4113 40
4113 41
4113 42
4113 43
4113 44
4113 45
4113 46
4113 47
4113 48
4113 49
4113 50
4113 51
4113 52
4113 53
4113 54
4113 55
4113 56
4113 57
4113 58
4114 62
4114 63
4114 64
4114 65
4114 66
4114 67
4114 68
4114 69
4114 70
4114 71
4114 72
4114 73
4114 74
4118 0
4118 1
4118 2
4118 3
4118 4
4118 5
4118 6
4118 7
4118 8
4118 9
4118 10
4118 11
4118 12
4118 13
4118 14
4118 15
4118 570
4118 571
4118 572
4118 573
4118 574
4118 575
4119 13
4119 14
4119 15
4119 16
4119 17
4119 18
4119 19
4119 20
4119 21
4119 22
4119 23
4119 24
4119 25
4119 26
4119 27
4119 28
4119 29
4119 30
4119 31
4119 32
4119 33
4119 34
4119 35
4119 36
4119 37
4119 38
4119 39
4120 37
4120 38
4120 39
4120 40
4120 41
4120 42
4120 43
4120 44
4120 45
4120 46
4120 47
4120 48
4120 49
4120 50
4120 51
4120 52
4120 53
4120 54
4120 55
4120 56
4120 57
4121 61
4121 62
4121 63
4121 64
4121 65
4121 66
4121 67
4121 68
4121 69
4121 70
4121 71
4121 72
4125 0
4125 1
4125 2
4125 3
4125 4
4125 5
4125 6
4125 7
4125 8
4125 9
4125 10
4125 11
4125 12
4125 13
4125 570
4125 571
4125 572
4125 573
4125 574
4125 575
4126 12
4126 13
4126 14
4126 15
4126 16
4126 17
4126 18
4126 19
4126 20
4126 21
4126 22
4126 23
4126 24
4126 25
4126 26
4126 27
4126 28
4126 29
4126 30
4126 31
4126 32
4126 33
4126 34
4126 35
4126 36
4126 37
4127 35
4127 36
4127 37
4127 38
4127 39
4127 40
4127 41
4127 42
4127 43
4127 44
4127 45
4127 46
4127 47
4127 48
4127 49
4127 50
4127 51
4127 52
4127 53
4127 54
4127 55
4127 56
4128 60
4128 61
4128 62
4128 63
4128 64
4128 65
4128 66
4128 67
4128 68
4128 69
4128 70
4128 71
4132 0
4132 1
4132 2
4132 3
4132 4
4132 5
4132 6
4132 7
4132 8
4132 9
4132 10
4132 11
4132 569
4132 570
4132 571
4132 572
4132 573
4132 574
4132 575
4133 11
4133 12
4133 13
4133 14
4133 15
4133 16
4133 17
4133 18
4133 19
4133 20
4133 21
4133 22
4133 23
4133 24
4133 25
4133 26
4133 27
4133 28
4133 29
4133 30
4133 31
4133 32
4133 33
4133 34
4133 35
4133 36
4134 34
4134 35
4134 36
4134 37
4134 38
4134 39
4134 40
4134 41
4134 42
4134 43
4134 44
4134 45
4134 46
4134 47
4134 48
4134 49
4134 50
4134 51
4134 52
4134 53
4134 54
4134 55
4135 59
4135 60
4135 61
4135 62
4135 63
4135 64
4135 65
4135 66
4135 67
4135 68
4135 69
4135 70
4139 0
4139 1
4139 2
4139 3
4139 4
4139 5
4139 6
4139 7
4139 8
4139 569
4139 570
4139 571
4139 572
4139 573
4139 574
4139 575
4140 9
4140 10
4140 11
4140 12
4140 13
4140 14
4140 15
4140 16
4140 17
4140 18
4140 19
4140 20
4140 21
4140 22
4140 23
4140 24
4140 25
4140 26
4140 27
4140 28
4140 29
4140 30
4140 31
4140 32
4140 33
4140 34
4141 33
4141 34
4141 35
4141 36
4141 37
4141 38
4141 39
4141 40
4141 41
4141 42
4141 43
4141 44
4141 45
4141 46
4141 47
4141 48
4141 49
4141 50
4141 51
4141 52
4141 53
4142 58
4142 59
4142 60
4142 61
4142 62
4142 63
4142 64
4142 65
4142 66
4142 67
4142 68
4146 0
4146 1
4146 2
4146 3
4146 4
4146 5
4146 569
4146 570
4146 571
4146 572
4146 573
4146 574
4146 575
4147 8
4147 9
4147 10
4147 11
4147 12
4147 13
4147 14
4147 15
4147 16
4147 17
4147 18
4147 19
4147 20
4147 21
4147 22
4147 23
4147 24
4147 25
4147 26
4147 27
4147 28
4147 29
4147 30
4147 31
4147 32
4147 33
4148 31
4148 32
4148 33
4148 34
4148 35
4148 36
4148 37
4148 38
4148 39
4148 40
4148 41
4148 42
4148 43
4148 44
4148 45
4148 46
4148 47
4148 48
4148 49
4148 50
4148 51
4148 52
4149 57
4149 58
4149 59
4149 60
4149 61
4149 62
4149 63
4149 64
4149 65
4149 66
4149 67
4153 0
4153 1
4153 2
4153 569
4153 570
4153 571
4153 572
4153 573
4153 574
4153 575
4154 7
4154 8
4154 9
4154 10
4154 11
4154 12
4154 13
4154 14
4154 15
4154 16
4154 17
4154 18
4154 19
4154 20
4154 21
4154 22
4154 23
4154 24
4154 25
4154 26
4154 27
4154 28
4154 29
4154 30
4154 31
4155 30
4155 31
4155 32
4155 33
4155 34
4155 35
4155 36
4155 37
4155 38
4155 39
4155 40
4155 41
4155 42
4155 43
4155 44
4155 45
4155 46
4155 47
4155 48
4155 49
4155 50
4155 51
4156 56
4156 57
4156 58
4156 59
4156 60
4156 61
4156 62
4156 63
4156 64
4156 65
4156 66
4161 6
4161 7
4161 8
4161 9
4161 10
4161 11
4161 12
4161 13
4161 14
4161 15
4161 16
4161 17
4161 18
4161 19
4161 20
4161 21
4161 22
4161 23
4161 24
4161 25
4161 26
4161 27
4161 28
4161 29
4162 28
4162 29
4162 30
4162 31
4162 32
4162 33
4162 34
4162 35
4162 36
4162 37
4162 38
4162 39
4162 40
4162 41
4162 42
4162 43
4162 44
4162 45
4162 46
4162 47
4162 48
4162 49
4163 55
4163 56
4163 57
4163 58
4163 59
4163 60
4163 61
4163 62
4163 63
4163 64
4168 4
4168 5
4168 6
4168 7
4168 8
4168 9
4168 10
4168 11
4168 12
4168 13
4168 14
4168 15
4168 16
4168 17
4168 18
4168 19
4168 20
4168 21
4168 22
4168 23
4168 24
4168 25
4168 26
4168 27
4168 28
4169 27
4169 28
4169 29
4169 30
4169 31
4169 32
4169 33
4169 34
4169 35
4169 36
4169 37
4169 38
4169 39
4169 40
4169 41
4169 42
4169 43
4169 44
4169 45
4169 46
4169 47
4169 48
4170 53
4170 54
4170 55
4170 56
4170 57
4170 58
4170 59
4170 60
4170 61
4170 62
4170 63
4175 3
4175 4
4175 5
4175 6
4175 7
4175 8
4175 9
4175 10
4175 11
4175 12
4175 13
4175 14
4175 15
4175 16
4175 17
4175 18
4175 19
4175 20
4175 21
4175 22
4175 23
4175 24
4175 25
4175 26
4176 26
4176 27
4176 28
4176 29
4176 30
4176 31
4176 32
4176 33
4176 34
4176 35
4176 36
4176 37
4176 38
4176 39
4176 40
4176 41
4176 42
4176 43
4176 44
4176 45
4176 46
4176 47
4177 52
4177 53
4177 54
4177 55
4177 56
4177 57
4177 58
4177 59
4177 60
4177 61
4177 62
4182 2
4182 3
4182 4
4182 5
4182 6
4182 7
4182 8
4182 9
4182 10
4182 11
4182 12
4182 13
4182 14
4182 15
4182 16
4182 17
4182 18
4182 19
4182 20
4182 21
4182 22
4182 23
4182 24
4183 24
4183 25
4183 26
4183 27
4183 28
4183 29
4183 30
4183 31
4183 32
4183 33
4183 34
4183 35
4183 36
4183 37
4183 38
4183 39
4183 40
4183 41
4183 42
4183 43
4183 44
4183 45
4184 51
4184 52
4184 53
4184 54
4184 55
4184 56
4184 57
4184 58
4184 59
4184 60
4189 1
4189 2
4189 3
4189 4
4189 5
4189 6
4189 7
4189 8
4189 9
4189 10
4189 11
4189 12
4189 13
4189 14
4189 15
4189 16
4189 17
4189 18
4189 19
4189 20
4189 21
4189 22
4190 23
4190 24
4190 25
4190 26
4190 27
4190 28
4190 29
4190 30
4190 31
4190 32
4190 33
4190 34
4190 35
4190 36
4190 37
4190 38
4190 39
4190 40
4190 41
4190 42
4190 43
4190 44
4191 50
4191 51
4191 52
4191 53
4191 54
4191 55
4191 56
4191 57
4191 58
4191 59
4196 0
4196 1
4196 2
4196 3
4196 4
4196 5
4196 6
4196 7
4196 8
4196 9
4196 10
4196 11
4196 12
4196 13
4196 14
4196 15
4196 16
4196 17
4196 18
4196 19
4196 20
4197 22
4197 23
4197 24
4197 25
4197 26
4197 27
4197 28
4197 29
4197 30
4197 31
4197 32
4197 33
4197 34
4197 35
4197 36
4197 37
4197 38
4197 39
4197 40
4197 41
4197 42
4198 49
4198 50
4198 51
4198 52
4198 53
4198 54
4198 55
4198 56
4198 57
4203 0
4203 1
4203 2
4203 3
4203 4
4203 5
4203 6
4203 7
4203 8
4203 9
4203 10
4203 11
4203 12
4203 13
4203 14
4203 15
4203 16
4203 17
4204 21
4204 22
4204 23
4204 24
4204 25
4204 26
4204 27
4204 28
4204 29
4204 30
4204 31
4204 32
4204 33
4204 34
4204 35
4204 36
4204 37
4204 38
4204 39
4204 40
4204 41
4205 48
4205 49
4205 50
4205 51
4205 52
4205 53
4205 54
4205 55
4205 56
4210 0
4210 1
4210 2
4210 3
4210 4
4210 5
4210 6
4210 7
4210 8
4210 9
4210 10
4210 11
4210 12
4210 13
4210 14
4210 15
4210 575
4211 19
4211 20
4211 21
4211 22
4211 23
4211 24
4211 25
4211 26
4211 27
4211 28
4211 29
4211 30
4211 31
4211 32
4211 33
4211 34
4211 35
4211 36
4211 37
4211 38
4211 39
4212 47
4212 48
4212 49
4212 50
4212 51
4212 52
4212 53
4212 54
4217 0
4217 1
4217 2
4217 3
4217 4
4217 5
4217 6
4217 7
4217 8
4217 9
4217 10
4217 11
4217 12
4217 575
4218 18
4218 19
4218 20
4218 21
4218 22
4218 23
4218 24
4218 25
4218 26
4218 27
4218 28
4218 29
4218 30
4218 31
4218 32
4218 33
4218 34
4218 35
4218 36
4218 37
4219 46
4219 47
4219 48
4219 49
4219 50
4219 51
4219 52
4219 53
4224 0
4224 1
4224 2
4224 3
4224 4
4224 5
4224 6
4224 7
4224 8
4224 575
4225 17
4225 18
4225 19
4225 20
4225 21
4225 22
4225 23
4225 24
4225 25
4225 26
4225 27
4225 28
4225 29
4225 30
4225 31
4225 32
4225 33
4225 34
4225 35
4226 45
4226 46
4226 47
4226 48
4226 49
4226 50
4226 51
4231 1
4231 2
4231 3
4232 16
4232 17
4232 18
4232 19
4232 20
4232 21
4232 22
4232 23
4232 24
4232 25
4232 26
4232 27
4232 28
4232 29
4232 30
4232 31
4232 32
4232 33
4233 44
4233 45
4233 46
4233 47
4233 48
4233 49
4239 15
4239 16
4239 17
4239 18
4239 19
4239 20
4239 21
4239 22
4239 23
4239 24
4239 25
4239 26
4239 27
4239 28
4239 29
4239 30
4239 31
4240 43
4240 44
4240 45
4240 46
4240 47
4246 14
4246 15
4246 16
4246 17
4246 18
4246 19
4246 20
4246 21
4246 22
4246 23
4246 24
4246 25
4246 26
4246 27
4246 28
4246 29
4247 43
4247 44
4247 45
4253 13
4253 14
4253 15
4253 16
4253 17
4253 18
4253 19
4253 20
4253 21
4253 22
4253 23
4253 24
4253 25
4253 26
4253 27
4260 12
4260 13
4260 14
4260 15
4260 16
4260 17
4260 18
4260 19
4260 20
4260 21
4260 22
4260 23
4260 24
4267 12
4267 13
4267 14
4267 15
4267 16
4267 17
4267 18
4267 19
4267 20
4267 21
4274 13
4274 14
4274 15
4274 16
4274 17
