2104 117
2104 118
2104 119
2104 120
2104 121
2104 122
2109 115
2109 116
2109 117
2109 118
2109 119
2109 120
2109 121
2109 122
2114 113
2114 114
2114 115
2114 116
2114 117
2114 118
2114 119
2114 120
2114 121
2114 122
2119 112
2119 113
2119 114
2119 115
2119 116
2119 117
2119 118
2119 119
2119 120
2119 121
2119 122
2124 110
2124 111
2124 112
2124 113
2124 114
2124 115
2124 116
2124 117
2124 118
2124 119
2124 120
2124 121
2125 136
2125 137
2125 138
2125 139
2125 140
2125 141
2125 142
2129 109
2129 110
2129 111
2129 112
2129 113
2129 114
2129 115
2129 116
2129 117
2129 118
2129 119
2129 120
2129 121
2130 133
2130 134
2130 135
2130 136
2130 137
2130 138
2130 139
2130 140
2130 141
2130 142
2130 143
2134 107
2134 108
2134 109
2134 110
2134 111
2134 112
2134 113
2134 114
2134 115
2134 116
2134 117
2134 118
2134 119
2134 120
2135 131
2135 132
2135 133
2135 134
2135 135
2135 136
2135 137
2135 138
2135 139
2135 140
2135 141
2135 142
2135 143
2139 106
2139 107
2139 108
2139 109
2139 110
2139 111
2139 112
2139 113
2139 114
2139 115
2139 116
2139 117
2139 118
2139 119
2140 129
2140 130
2140 131
2140 132
2140 133
2140 134
2140 135
2140 136
2140 137
2140 138
2140 139
2140 140
2140 141
2140 142
2140 143
2144 104
2144 105
2144 106
2144 107
2144 108
2144 109
2144 110
2144 111
2144 112
2144 113
2144 114
2144 115
2144 116
2144 117
2144 118
2144 119
2145 128
2145 129
2145 130
2145 131
2145 132
2145 133
2145 134
2145 135
2145 136
2145 137
2145 138
2145 139
2145 140
2145 141
2145 142
2145 143
2149 103
2149 104
2149 105
2149 106
2149 107
2149 108
2149 109
2149 110
2149 111
2149 112
2149 113
2149 114
2149 115
2149 116
2149 117
2149 118
2150 126
2150 127
2150 128
2150 129
2150 130
2150 131
2150 132
2150 133
2150 134
2150 135
2150 136
2150 137
2150 138
2150 139
2150 140
2150 141
2150 142
2150 143
2154 102
2154 103
2154 104
2154 105
2154 106
2154 107
2154 108
2154 109
2154 110
2154 111
2154 112
2154 113
2154 114
2154 115
2154 116
2154 117
2155 125
2155 126
2155 127
2155 128
2155 129
2155 130
2155 131
2155 132
2155 133
2155 134
2155 135
2155 136
2155 137
2155 138
2155 139
2155 140
2155 141
2155 142
2159 101
2159 102
2159 103
2159 104
2159 105
2159 106
2159 107
2159 108
2159 109
2159 110
2159 111
2159 112
2159 113
2159 114
2159 115
2159 116
2160 123
2160 124
2160 125
2160 126
2160 127
2160 128
2160 129
2160 130
2160 131
2160 132
2160 133
2160 134
2160 135
2160 136
2160 137
2160 138
2160 139
2160 140
2160 141
2160 142
2164 99
2164 100
2164 101
2164 102
2164 103
2164 104
2164 105
2164 106
2164 107
2164 108
2164 109
2164 110
2164 111
2164 112
2164 113
2164 114
2164 115
2165 122
2165 123
2165 124
2165 125
2165 126
2165 127
2165 128
2165 129
2165 130
2165 131
2165 132
2165 133
2165 134
2165 135
2165 136
2165 137
2165 138
2165 139
2165 140
2165 141
2169 98
2169 99
2169 100
2169 101
2169 102
2169 103
2169 104
2169 105
2169 106
2169 107
2169 108
2169 109
2169 110
2169 111
2169 112
2169 113
2169 114
2169 115
2170 120
2170 121
2170 122
2170 123
2170 124
2170 125
2170 126
2170 127
2170 128
2170 129
2170 130
2170 131
2170 132
2170 133
2170 134
2170 135
2170 136
2170 137
2170 138
2170 139
2170 140
2170 141
2174 97
2174 98
2174 99
2174 100
2174 101
2174 102
2174 103
2174 104
2174 105
2174 106
2174 107
2174 108
2174 109
2174 110
2174 111
2174 112
2174 113
2174 114
2175 119
2175 120
2175 121
2175 122
2175 123
2175 124
2175 125
2175 126
2175 127
2175 128
2175 129
2175 130
2175 131
2175 132
2175 133
2175 134
2175 135
2175 136
2175 137
2175 138
2175 139
2175 140
2179 96
2179 97
2179 98
2179 99
2179 100
2179 101
2179 102
2179 103
2179 104
2179 105
2179 106
2179 107
2179 108
2179 109
2179 110
2179 111
2179 112
2179 113
2180 117
2180 118
2180 119
2180 120
2180 121
2180 122
2180 123
2180 124
2180 125
2180 126
2180 127
2180 128
2180 129
2180 130
2180 131
2180 132
2180 133
2180 134
2180 135
2180 136
2180 137
2180 138
2180 139
2180 140
2184 95
2184 96
2184 97
2184 98
2184 99
2184 100
2184 101
2184 102
2184 103
2184 104
2184 105
2184 106
2184 107
2184 108
2184 109
2184 110
2184 111
2184 112
2185 116
2185 117
2185 118
2185 119
2185 120
2185 121
2185 122
2185 123
2185 124
2185 125
2185 126
2185 127
2185 128
2185 129
2185 130
2185 131
2185 132
2185 133
2185 134
2185 135
2185 136
2185 137
2185 138
2185 139
2189 94
2189 95
2189 96
2189 97
2189 98
2189 99
2189 100
2189 101
2189 102
2189 103
2189 104
2189 105
2189 106
2189 107
2189 108
2189 109
2189 110
2189 111
2190 115
2190 116
2190 117
2190 118
2190 119
2190 120
2190 121
2190 122
2190 123
2190 124
2190 125
2190 126
2190 127
2190 128
2190 129
2190 130
2190 131
2190 132
2190 133
2190 134
2190 135
2190 136
2190 137
2190 138
2191 148
2191 149
2191 150
2191 151
2191 152
2194 93
2194 94
2194 95
2194 96
2194 97
2194 98
2194 99
2194 100
2194 101
2194 102
2194 103
2194 104
2194 105
2194 106
2194 107
2194 108
2194 109
2194 110
2195 114
2195 115
2195 116
2195 117
2195 118
2195 119
2195 120
2195 121
2195 122
2195 123
2195 124
2195 125
2195 126
2195 127
2195 128
2195 129
2195 130
2195 131
2195 132
2195 133
2195 134
2195 135
2195 136
2195 137
2195 138
2196 145
2196 146
2196 147
2196 148
2196 149
2196 150
2196 151
2196 152
2196 153
2199 91
2199 92
2199 93
2199 94
2199 95
2199 96
2199 97
2199 98
2199 99
2199 100
2199 101
2199 102
2199 103
2199 104
2199 105
2199 106
2199 107
2199 108
2200 112
2200 113
2200 114
2200 115
2200 116
2200 117
2200 118
2200 119
2200 120
2200 121
2200 122
2200 123
2200 124
2200 125
2200 126
2200 127
2200 128
2200 129
2200 130
2200 131
2200 132
2200 133
2200 134
2200 135
2200 136
2200 137
2201 143
2201 144
2201 145
2201 146
2201 147
2201 148
2201 149
2201 150
2201 151
2201 152
2201 153
2201 154
2204 90
2204 91
2204 92
2204 93
2204 94
2204 95
2204 96
2204 97
2204 98
2204 99
2204 100
2204 101
2204 102
2204 103
2204 104
2204 105
2204 106
2204 107
2205 111
2205 112
2205 113
2205 114
2205 115
2205 116
2205 117
2205 118
2205 119
2205 120
2205 121
2205 122
2205 123
2205 124
2205 125
2205 126
2205 127
2205 128
2205 129
2205 130
2205 131
2205 132
2205 133
2205 134
2205 135
2205 136
2206 141
2206 142
2206 143
2206 144
2206 145
2206 146
2206 147
2206 148
2206 149
2206 150
2206 151
2206 152
2206 153
2206 154
2209 89
2209 90
2209 91
2209 92
2209 93
2209 94
2209 95
2209 96
2209 97
2209 98
2209 99
2209 100
2209 101
2209 102
2209 103
2209 104
2209 105
2209 106
2210 110
2210 111
2210 112
2210 113
2210 114
2210 115
2210 116
2210 117
2210 118
2210 119
2210 120
2210 121
2210 122
2210 123
2210 124
2210 125
2210 126
2210 127
2210 128
2210 129
2210 130
2210 131
2210 132
2210 133
2210 134
2210 135
2211 139
2211 140
2211 141
2211 142
2211 143
2211 144
2211 145
2211 146
2211 147
2211 148
2211 149
2211 150
2211 151
2211 152
2211 153
2211 154
2214 88
2214 89
2214 90
2214 91
2214 92
2214 93
2214 94
2214 95
2214 96
2214 97
2214 98
2214 99
2214 100
2214 101
2214 102
2214 103
2214 104
2214 105
2215 109
2215 110
2215 111
2215 112
2215 113
2215 114
2215 115
2215 116
2215 117
2215 118
2215 119
2215 120
2215 121
2215 122
2215 123
2215 124
2215 125
2215 126
2215 127
2215 128
2215 129
2215 130
2215 131
2215 132
2215 133
2215 134
2216 137
2216 138
2216 139
2216 140
2216 141
2216 142
2216 143
2216 144
2216 145
2216 146
2216 147
2216 148
2216 149
2216 150
2216 151
2216 152
2216 153
2216 154
2219 87
2219 88
2219 89
2219 90
2219 91
2219 92
2219 93
2219 94
2219 95
2219 96
2219 97
2219 98
2219 99
2219 100
2219 101
2219 102
2219 103
2219 104
2220 108
2220 109
2220 110
2220 111
2220 112
2220 113
2220 114
2220 115
2220 116
2220 117
2220 118
2220 119
2220 120
2220 121
2220 122
2220 123
2220 124
2220 125
2220 126
2220 127
2220 128
2220 129
2220 130
2220 131
2220 132
2220 133
2221 136
2221 137
2221 138
2221 139
2221 140
2221 141
2221 142
2221 143
2221 144
2221 145
2221 146
2221 147
2221 148
2221 149
2221 150
2221 151
2221 152
2221 153
2221 154
2224 86
2224 87
2224 88
2224 89
2224 90
2224 91
2224 92
2224 93
2224 94
2224 95
2224 96
2224 97
2224 98
2224 99
2224 100
2224 101
2224 102
2224 103
2225 106
2225 107
2225 108
2225 109
2225 110
2225 111
2225 112
2225 113
2225 114
2225 115
2225 116
2225 117
2225 118
2225 119
2225 120
2225 121
2225 122
2225 123
2225 124
2225 125
2225 126
2225 127
2225 128
2225 129
2225 130
2225 131
2225 132
2225 133
2226 134
2226 135
2226 136
2226 137
2226 138
2226 139
2226 140
2226 141
2226 142
2226 143
2226 144
2226 145
2226 146
2226 147
2226 148
2226 149
2226 150
2226 151
2226 152
2226 153
2229 85
2229 86
2229 87
2229 88
2229 89
2229 90
2229 91
2229 92
2229 93
2229 94
2229 95
2229 96
2229 97
2229 98
2229 99
2229 100
2229 101
2229 102
2230 105
2230 106
2230 107
2230 108
2230 109
2230 110
2230 111
2230 112
2230 113
2230 114
2230 115
2230 116
2230 117
2230 118
2230 119
2230 120
2230 121
2230 122
2230 123
2230 124
2230 125
2230 126
2230 127
2230 128
2230 129
2230 130
2230 131
2230 132
2231 133
2231 134
2231 135
2231 136
2231 137
2231 138
2231 139
2231 140
2231 141
2231 142
2231 143
2231 144
2231 145
2231 146
2231 147
2231 148
2231 149
2231 150
2231 151
2231 152
2231 153
2234 84
2234 85
2234 86
2234 87
2234 88
2234 89
2234 90
2234 91
2234 92
2234 93
2234 94
2234 95
2234 96
2234 97
2234 98
2234 99
2234 100
2235 104
2235 105
2235 106
2235 107
2235 108
2235 109
2235 110
2235 111
2235 112
2235 113
2235 114
2235 115
2235 116
2235 117
2235 118
2235 119
2235 120
2235 121
2235 122
2235 123
2235 124
2235 125
2235 126
2235 127
2235 128
2235 129
2235 130
2235 131
2236 131
2236 132
2236 133
2236 134
2236 135
2236 136
2236 137
2236 138
2236 139
2236 140
2236 141
2236 142
2236 143
2236 144
2236 145
2236 146
2236 147
2236 148
2236 149
2236 150
2236 151
2236 152
2236 153
2239 83
2239 84
2239 85
2239 86
2239 87
2239 88
2239 89
2239 90
2239 91
2239 92
2239 93
2239 94
2239 95
2239 96
2239 97
2239 98
2239 99
2240 103
2240 104
2240 105
2240 106
2240 107
2240 108
2240 109
2240 110
2240 111
2240 112
2240 113
2240 114
2240 115
2240 116
2240 117
2240 118
2240 119
2240 120
2240 121
2240 122
2240 123
2240 124
2240 125
2240 126
2240 127
2240 128
2240 129
2240 130
2241 130
2241 131
2241 132
2241 133
2241 134
2241 135
2241 136
2241 137
2241 138
2241 139
2241 140
2241 141
2241 142
2241 143
2241 144
2241 145
2241 146
2241 147
2241 148
2241 149
2241 150
2241 151
2241 152
2244 82
2244 83
2244 84
2244 85
2244 86
2244 87
2244 88
2244 89
2244 90
2244 91
2244 92
2244 93
2244 94
2244 95
2244 96
2244 97
2244 98
2245 102
2245 103
2245 104
2245 105
2245 106
2245 107
2245 108
2245 109
2245 110
2245 111
2245 112
2245 113
2245 114
2245 115
2245 116
2245 117
2245 118
2245 119
2245 120
2245 121
2245 122
2245 123
2245 124
2245 125
2245 126
2245 127
2245 128
2245 129
2246 128
2246 129
2246 130
2246 131
2246 132
2246 133
2246 134
2246 135
2246 136
2246 137
2246 138
2246 139
2246 140
2246 141
2246 142
2246 143
2246 144
2246 145
2246 146
2246 147
2246 148
2246 149
2246 150
2246 151
2246 152
2249 81
2249 82
2249 83
2249 84
2249 85
2249 86
2249 87
2249 88
2249 89
2249 90
2249 91
2249 92
2249 93
2249 94
2249 95
2249 96
2249 97
2250 101
2250 102
2250 103
2250 104
2250 105
2250 106
2250 107
2250 108
2250 109
2250 110
2250 111
2250 112
2250 113
2250 114
2250 115
2250 116
2250 117
2250 118
2250 119
2250 120
2250 121
2250 122
2250 123
2250 124
2250 125
2250 126
2250 127
2250 128
2251 127
2251 128
2251 129
2251 130
2251 131
2251 132
2251 133
2251 134
2251 135
2251 136
2251 137
2251 138
2251 139
2251 140
2251 141
2251 142
2251 143
2251 144
2251 145
2251 146
2251 147
2251 148
2251 149
2251 150
2251 151
2254 80
2254 81
2254 82
2254 83
2254 84
2254 85
2254 86
2254 87
2254 88
2254 89
2254 90
2254 91
2254 92
2254 93
2254 94
2254 95
2254 96
2255 100
2255 101
2255 102
2255 103
2255 104
2255 105
2255 106
2255 107
2255 108
2255 109
2255 110
2255 111
2255 112
2255 113
2255 114
2255 115
2255 116
2255 117
2255 118
2255 119
2255 120
2255 121
2255 122
2255 123
2255 124
2255 125
2255 126
2255 127
2256 126
2256 127
2256 128
2256 129
2256 130
2256 131
2256 132
2256 133
2256 134
2256 135
2256 136
2256 137
2256 138
2256 139
2256 140
2256 141
2256 142
2256 143
2256 144
2256 145
2256 146
2256 147
2256 148
2256 149
2256 150
2259 79
2259 80
2259 81
2259 82
2259 83
2259 84
2259 85
2259 86
2259 87
2259 88
2259 89
2259 90
2259 91
2259 92
2259 93
2259 94
2260 99
2260 100
2260 101
2260 102
2260 103
2260 104
2260 105
2260 106
2260 107
2260 108
2260 109
2260 110
2260 111
2260 112
2260 113
2260 114
2260 115
2260 116
2260 117
2260 118
2260 119
2260 120
2260 121
2260 122
2260 123
2260 124
2260 125
2261 124
2261 125
2261 126
2261 127
2261 128
2261 129
2261 130
2261 131
2261 132
2261 133
2261 134
2261 135
2261 136
2261 137
2261 138
2261 139
2261 140
2261 141
2261 142
2261 143
2261 144
2261 145
2261 146
2261 147
2261 148
2261 149
2261 150
2264 78
2264 79
2264 80
2264 81
2264 82
2264 83
2264 84
2264 85
2264 86
2264 87
2264 88
2264 89
2264 90
2264 91
2264 92
2264 93
2265 97
2265 98
2265 99
2265 100
2265 101
2265 102
2265 103
2265 104
2265 105
2265 106
2265 107
2265 108
2265 109
2265 110
2265 111
2265 112
2265 113
2265 114
2265 115
2265 116
2265 117
2265 118
2265 119
2265 120
2265 121
2265 122
2265 123
2265 124
2266 123
2266 124
2266 125
2266 126
2266 127
2266 128
2266 129
2266 130
2266 131
2266 132
2266 133
2266 134
2266 135
2266 136
2266 137
2266 138
2266 139
2266 140
2266 141
2266 142
2266 143
2266 144
2266 145
2266 146
2266 147
2266 148
2266 149
2269 77
2269 78
2269 79
2269 80
2269 81
2269 82
2269 83
2269 84
2269 85
2269 86
2269 87
2269 88
2269 89
2269 90
2269 91
2269 92
2270 96
2270 97
2270 98
2270 99
2270 100
2270 101
2270 102
2270 103
2270 104
2270 105
2270 106
2270 107
2270 108
2270 109
2270 110
2270 111
2270 112
2270 113
2270 114
2270 115
2270 116
2270 117
2270 118
2270 119
2270 120
2270 121
2270 122
2270 123
2271 122
2271 123
2271 124
2271 125
2271 126
2271 127
2271 128
2271 129
2271 130
2271 131
2271 132
2271 133
2271 134
2271 135
2271 136
2271 137
2271 138
2271 139
2271 140
2271 141
2271 142
2271 143
2271 144
2271 145
2271 146
2271 147
2271 148
2274 76
2274 77
2274 78
2274 79
2274 80
2274 81
2274 82
2274 83
2274 84
2274 85
2274 86
2274 87
2274 88
2274 89
2274 90
2274 91
2275 95
2275 96
2275 97
2275 98
2275 99
2275 100
2275 101
2275 102
2275 103
2275 104
2275 105
2275 106
2275 107
2275 108
2275 109
2275 110
2275 111
2275 112
2275 113
2275 114
2275 115
2275 116
2275 117
2275 118
2275 119
2275 120
2275 121
2275 122
2276 121
2276 122
2276 123
2276 124
2276 125
2276 126
2276 127
2276 128
2276 129
2276 130
2276 131
2276 132
2276 133
2276 134
2276 135
2276 136
2276 137
2276 138
2276 139
2276 140
2276 141
2276 142
2276 143
2276 144
2276 145
2276 146
2276 147
2279 74
2279 75
2279 76
2279 77
2279 78
2279 79
2279 80
2279 81
2279 82
2279 83
2279 84
2279 85
2279 86
2279 87
2279 88
2279 89
2280 94
2280 95
2280 96
2280 97
2280 98
2280 99
2280 100
2280 101
2280 102
2280 103
2280 104
2280 105
2280 106
2280 107
2280 108
2280 109
2280 110
2280 111
2280 112
2280 113
2280 114
2280 115
2280 116
2280 117
2280 118
2280 119
2280 120
2280 121
2281 119
2281 120
2281 121
2281 122
2281 123
2281 124
2281 125
2281 126
2281 127
2281 128
2281 129
2281 130
2281 131
2281 132
2281 133
2281 134
2281 135
2281 136
2281 137
2281 138
2281 139
2281 140
2281 141
2281 142
2281 143
2281 144
2281 145
2281 146
2281 147
2284 73
2284 74
2284 75
2284 76
2284 77
2284 78
2284 79
2284 80
2284 81
2284 82
2284 83
2284 84
2284 85
2284 86
2284 87
2284 88
2285 93
2285 94
2285 95
2285 96
2285 97
2285 98
2285 99
2285 100
2285 101
2285 102
2285 103
2285 104
2285 105
2285 106
2285 107
2285 108
2285 109
2285 110
2285 111
2285 112
2285 113
2285 114
2285 115
2285 116
2285 117
2285 118
2285 119
2285 120
2286 118
2286 119
2286 120
2286 121
2286 122
2286 123
2286 124
2286 125
2286 126
2286 127
2286 128
2286 129
2286 130
2286 131
2286 132
2286 133
2286 134
2286 135
2286 136
2286 137
2286 138
2286 139
2286 140
2286 141
2286 142
2286 143
2286 144
2286 145
2286 146
2289 72
2289 73
2289 74
2289 75
2289 76
2289 77
2289 78
2289 79
2289 80
2289 81
2289 82
2289 83
2289 84
2289 85
2289 86
2289 87
2290 92
2290 93
2290 94
2290 95
2290 96
2290 97
2290 98
2290 99
2290 100
2290 101
2290 102
2290 103
2290 104
2290 105
2290 106
2290 107
2290 108
2290 109
2290 110
2290 111
2290 112
2290 113
2290 114
2290 115
2290 116
2290 117
2290 118
2290 119
2291 117
2291 118
2291 119
2291 120
2291 121
2291 122
2291 123
2291 124
2291 125
2291 126
2291 127
2291 128
2291 129
2291 130
2291 131
2291 132
2291 133
2291 134
2291 135
2291 136
2291 137
2291 138
2291 139
2291 140
2291 141
2291 142
2291 143
2291 144
2291 145
2294 71
2294 72
2294 73
2294 74
2294 75
2294 76
2294 77
2294 78
2294 79
2294 80
2294 81
2294 82
2294 83
2294 84
2294 85
2295 91
2295 92
2295 93
2295 94
2295 95
2295 96
2295 97
2295 98
2295 99
2295 100
2295 101
2295 102
2295 103
2295 104
2295 105
2295 106
2295 107
2295 108
2295 109
2295 110
2295 111
2295 112
2295 113
2295 114
2295 115
2295 116
2295 117
2296 116
2296 117
2296 118
2296 119
2296 120
2296 121
2296 122
2296 123
2296 124
2296 125
2296 126
2296 127
2296 128
2296 129
2296 130
2296 131
2296 132
2296 133
2296 134
2296 135
2296 136
2296 137
2296 138
2296 139
2296 140
2296 141
2296 142
2296 143
2296 144
2299 70
2299 71
2299 72
2299 73
2299 74
2299 75
2299 76
2299 77
2299 78
2299 79
2299 80
2299 81
2299 82
2299 83
2299 84
2300 90
2300 91
2300 92
2300 93
2300 94
2300 95
2300 96
2300 97
2300 98
2300 99
2300 100
2300 101
2300 102
2300 103
2300 104
2300 105
2300 106
2300 107
2300 108
2300 109
2300 110
2300 111
2300 112
2300 113
2300 114
2300 115
2300 116
2301 115
2301 116
2301 117
2301 118
2301 119
2301 120
2301 121
2301 122
2301 123
2301 124
2301 125
2301 126
2301 127
2301 128
2301 129
2301 130
2301 131
2301 132
2301 133
2301 134
2301 135
2301 136
2301 137
2301 138
2301 139
2301 140
2301 141
2301 142
2301 143
2302 151
2302 152
2302 153
2302 154
2302 155
2304 69
2304 70
2304 71
2304 72
2304 73
2304 74
2304 75
2304 76
2304 77
2304 78
2304 79
2304 80
2304 81
2304 82
2304 83
2305 89
2305 90
2305 91
2305 92
2305 93
2305 94
2305 95
2305 96
2305 97
2305 98
2305 99
2305 100
2305 101
2305 102
2305 103
2305 104
2305 105
2305 106
2305 107
2305 108
2305 109
2305 110
2305 111
2305 112
2305 113
2305 114
2305 115
2306 114
2306 115
2306 116
2306 117
2306 118
2306 119
2306 120
2306 121
2306 122
2306 123
2306 124
2306 125
2306 126
2306 127
2306 128
2306 129
2306 130
2306 131
2306 132
2306 133
2306 134
2306 135
2306 136
2306 137
2306 138
2306 139
2306 140
2306 141
2306 142
2307 148
2307 149
2307 150
2307 151
2307 152
2307 153
2307 154
2307 155
2307 156
2309 68
2309 69
2309 70
2309 71
2309 72
2309 73
2309 74
2309 75
2309 76
2309 77
2309 78
2309 79
2309 80
2309 81
2309 82
2310 88
2310 89
2310 90
2310 91
2310 92
2310 93
2310 94
2310 95
2310 96
2310 97
2310 98
2310 99
2310 100
2310 101
2310 102
2310 103
2310 104
2310 105
2310 106
2310 107
2310 108
2310 109
2310 110
2310 111
2310 112
2310 113
2310 114
2311 112
2311 113
2311 114
2311 115
2311 116
2311 117
2311 118
2311 119
2311 120
2311 121
2311 122
2311 123
2311 124
2311 125
2311 126
2311 127
2311 128
2311 129
2311 130
2311 131
2311 132
2311 133
2311 134
2311 135
2311 136
2311 137
2311 138
2311 139
2311 140
2311 141
2312 146
2312 147
2312 148
2312 149
2312 150
2312 151
2312 152
2312 153
2312 154
2312 155
2312 156
2314 67
2314 68
2314 69
2314 70
2314 71
2314 72
2314 73
2314 74
2314 75
2314 76
2314 77
2314 78
2314 79
2314 80
2315 87
2315 88
2315 89
2315 90
2315 91
2315 92
2315 93
2315 94
2315 95
2315 96
2315 97
2315 98
2315 99
2315 100
2315 101
2315 102
2315 103
2315 104
2315 105
2315 106
2315 107
2315 108
2315 109
2315 110
2315 111
2315 112
2316 111
2316 112
2316 113
2316 114
2316 115
2316 116
2316 117
2316 118
2316 119
2316 120
2316 121
2316 122
2316 123
2316 124
2316 125
2316 126
2316 127
2316 128
2316 129
2316 130
2316 131
2316 132
2316 133
2316 134
2316 135
2316 136
2316 137
2316 138
2316 139
2316 140
2317 144
2317 145
2317 146
2317 147
2317 148
2317 149
2317 150
2317 151
2317 152
2317 153
2317 154
2317 155
2317 156
2319 66
2319 67
2319 68
2319 69
2319 70
2319 71
2319 72
2319 73
2319 74
2319 75
2319 76
2319 77
2319 78
2319 79
2320 86
2320 87
2320 88
2320 89
2320 90
2320 91
2320 92
2320 93
2320 94
2320 95
2320 96
2320 97
2320 98
2320 99
2320 100
2320 101
2320 102
2320 103
2320 104
2320 105
2320 106
2320 107
2320 108
2320 109
2320 110
2320 111
2321 110
2321 111
2321 112
2321 113
2321 114
2321 115
2321 116
2321 117
2321 118
2321 119
2321 120
2321 121
2321 122
2321 123
2321 124
2321 125
2321 126
2321 127
2321 128
2321 129
2321 130
2321 131
2321 132
2321 133
2321 134
2321 135
2321 136
2321 137
2321 138
2321 139
2322 143
2322 144
2322 145
2322 146
2322 147
2322 148
2322 149
2322 150
2322 151
2322 152
2322 153
2322 154
2322 155
2322 156
2324 65
2324 66
2324 67
2324 68
2324 69
2324 70
2324 71
2324 72
2324 73
2324 74
2324 75
2324 76
2324 77
2324 78
2325 85
2325 86
2325 87
2325 88
2325 89
2325 90
2325 91
2325 92
2325 93
2325 94
2325 95
2325 96
2325 97
2325 98
2325 99
2325 100
2325 101
2325 102
2325 103
2325 104
2325 105
2325 106
2325 107
2325 108
2325 109
2325 110
2326 109
2326 110
2326 111
2326 112
2326 113
2326 114
2326 115
2326 116
2326 117
2326 118
2326 119
2326 120
2326 121
2326 122
2326 123
2326 124
2326 125
2326 126
2326 127
2326 128
2326 129
2326 130
2326 131
2326 132
2326 133
2326 134
2326 135
2326 136
2326 137
2326 138
2327 141
2327 142
2327 143
2327 144
2327 145
2327 146
2327 147
2327 148
2327 149
2327 150
2327 151
2327 152
2327 153
2327 154
2327 155
2327 156
2329 64
2329 65
2329 66
2329 67
2329 68
2329 69
2329 70
2329 71
2329 72
2329 73
2329 74
2329 75
2329 76
2329 77
2330 84
2330 85
2330 86
2330 87
2330 88
2330 89
2330 90
2330 91
2330 92
2330 93
2330 94
2330 95
2330 96
2330 97
2330 98
2330 99
2330 100
2330 101
2330 102
2330 103
2330 104
2330 105
2330 106
2330 107
2330 108
2330 109
2331 108
2331 109
2331 110
2331 111
2331 112
2331 113
2331 114
2331 115
2331 116
2331 117
2331 118
2331 119
2331 120
2331 121
2331 122
2331 123
2331 124
2331 125
2331 126
2331 127
2331 128
2331 129
2331 130
2331 131
2331 132
2331 133
2331 134
2331 135
2331 136
2331 137
2332 139
2332 140
2332 141
2332 142
2332 143
2332 144
2332 145
2332 146
2332 147
2332 148
2332 149
2332 150
2332 151
2332 152
2332 153
2332 154
2332 155
2332 156
2334 63
2334 64
2334 65
2334 66
2334 67
2334 68
2334 69
2334 70
2334 71
2334 72
2334 73
2334 74
2334 75
2335 83
2335 84
2335 85
2335 86
2335 87
2335 88
2335 89
2335 90
2335 91
2335 92
2335 93
2335 94
2335 95
2335 96
2335 97
2335 98
2335 99
2335 100
2335 101
2335 102
2335 103
2335 104
2335 105
2335 106
2335 107
2336 107
2336 108
2336 109
2336 110
2336 111
2336 112
2336 113
2336 114
2336 115
2336 116
2336 117
2336 118
2336 119
2336 120
2336 121
2336 122
2336 123
2336 124
2336 125
2336 126
2336 127
2336 128
2336 129
2336 130
2336 131
2336 132
2336 133
2336 134
2336 135
2336 136
2337 138
2337 139
2337 140
2337 141
2337 142
2337 143
2337 144
2337 145
2337 146
2337 147
2337 148
2337 149
2337 150
2337 151
2337 152
2337 153
2337 154
2337 155
2339 62
2339 63
2339 64
2339 65
2339 66
2339 67
2339 68
2339 69
2339 70
2339 71
2339 72
2339 73
2339 74
2340 82
2340 83
2340 84
2340 85
2340 86
2340 87
2340 88
2340 89
2340 90
2340 91
2340 92
2340 93
2340 94
2340 95
2340 96
2340 97
2340 98
2340 99
2340 100
2340 101
2340 102
2340 103
2340 104
2340 105
2340 106
2341 106
2341 107
2341 108
2341 109
2341 110
2341 111
2341 112
2341 113
2341 114
2341 115
2341 116
2341 117
2341 118
2341 119
2341 120
2341 121
2341 122
2341 123
2341 124
2341 125
2341 126
2341 127
2341 128
2341 129
2341 130
2341 131
2341 132
2341 133
2341 134
2341 135
2342 136
2342 137
2342 138
2342 139
2342 140
2342 141
2342 142
2342 143
2342 144
2342 145
2342 146
2342 147
2342 148
2342 149
2342 150
2342 151
2342 152
2342 153
2342 154
2342 155
2344 61
2344 62
2344 63
2344 64
2344 65
2344 66
2344 67
2344 68
2344 69
2344 70
2344 71
2344 72
2344 73
2345 81
2345 82
2345 83
2345 84
2345 85
2345 86
2345 87
2345 88
2345 89
2345 90
2345 91
2345 92
2345 93
2345 94
2345 95
2345 96
2345 97
2345 98
2345 99
2345 100
2345 101
2345 102
2345 103
2345 104
2345 105
2346 105
2346 106
2346 107
2346 108
2346 109
2346 110
2346 111
2346 112
2346 113
2346 114
2346 115
2346 116
2346 117
2346 118
2346 119
2346 120
2346 121
2346 122
2346 123
2346 124
2346 125
2346 126
2346 127
2346 128
2346 129
2346 130
2346 131
2346 132
2346 133
2346 134
2347 135
2347 136
2347 137
2347 138
2347 139
2347 140
2347 141
2347 142
2347 143
2347 144
2347 145
2347 146
2347 147
2347 148
2347 149
2347 150
2347 151
2347 152
2347 153
2347 154
2349 59
2349 60
2349 61
2349 62
2349 63
2349 64
2349 65
2349 66
2349 67
2349 68
2349 69
2349 70
2349 71
2349 72
2350 80
2350 81
2350 82
2350 83
2350 84
2350 85
2350 86
2350 87
2350 88
2350 89
2350 90
2350 91
2350 92
2350 93
2350 94
2350 95
2350 96
2350 97
2350 98
2350 99
2350 100
2350 101
2350 102
2350 103
2351 104
2351 105
2351 106
2351 107
2351 108
2351 109
2351 110
2351 111
2351 112
2351 113
2351 114
2351 115
2351 116
2351 117
2351 118
2351 119
2351 120
2351 121
2351 122
2351 123
2351 124
2351 125
2351 126
2351 127
2351 128
2351 129
2351 130
2351 131
2351 132
2351 133
2352 134
2352 135
2352 136
2352 137
2352 138
2352 139
2352 140
2352 141
2352 142
2352 143
2352 144
2352 145
2352 146
2352 147
2352 148
2352 149
2352 150
2352 151
2352 152
2352 153
2352 154
2354 58
2354 59
2354 60
2354 61
2354 62
2354 63
2354 64
2354 65
2354 66
2354 67
2354 68
2354 69
2354 70
2355 79
2355 80
2355 81
2355 82
2355 83
2355 84
2355 85
2355 86
2355 87
2355 88
2355 89
2355 90
2355 91
2355 92
2355 93
2355 94
2355 95
2355 96
2355 97
2355 98
2355 99
2355 100
2355 101
2355 102
2356 103
2356 104
2356 105
2356 106
2356 107
2356 108
2356 109
2356 110
2356 111
2356 112
2356 113
2356 114
2356 115
2356 116
2356 117
2356 118
2356 119
2356 120
2356 121
2356 122
2356 123
2356 124
2356 125
2356 126
2356 127
2356 128
2356 129
2356 130
2356 131
2356 132
2357 132
2357 133
2357 134
2357 135
2357 136
2357 137
2357 138
2357 139
2357 140
2357 141
2357 142
2357 143
2357 144
2357 145
2357 146
2357 147
2357 148
2357 149
2357 150
2357 151
2357 152
2357 153
2359 57
2359 58
2359 59
2359 60
2359 61
2359 62
2359 63
2359 64
2359 65
2359 66
2359 67
2359 68
2359 69
2360 78
2360 79
2360 80
2360 81
2360 82
2360 83
2360 84
2360 85
2360 86
2360 87
2360 88
2360 89
2360 90
2360 91
2360 92
2360 93
2360 94
2360 95
2360 96
2360 97
2360 98
2360 99
2360 100
2360 101
2361 102
2361 103
2361 104
2361 105
2361 106
2361 107
2361 108
2361 109
2361 110
2361 111
2361 112
2361 113
2361 114
2361 115
2361 116
2361 117
2361 118
2361 119
2361 120
2361 121
2361 122
2361 123
2361 124
2361 125
2361 126
2361 127
2361 128
2361 129
2361 130
2362 131
2362 132
2362 133
2362 134
2362 135
2362 136
2362 137
2362 138
2362 139
2362 140
2362 141
2362 142
2362 143
2362 144
2362 145
2362 146
2362 147
2362 148
2362 149
2362 150
2362 151
2362 152
2364 56
2364 57
2364 58
2364 59
2364 60
2364 61
2364 62
2364 63
2364 64
2364 65
2364 66
2364 67
2364 68
2365 77
2365 78
2365 79
2365 80
2365 81
2365 82
2365 83
2365 84
2365 85
2365 86
2365 87
2365 88
2365 89
2365 90
2365 91
2365 92
2365 93
2365 94
2365 95
2365 96
2365 97
2365 98
2365 99
2366 101
2366 102
2366 103
2366 104
2366 105
2366 106
2366 107
2366 108
2366 109
2366 110
2366 111
2366 112
2366 113
2366 114
2366 115
2366 116
2366 117
2366 118
2366 119
2366 120
2366 121
2366 122
2366 123
2366 124
2366 125
2366 126
2366 127
2366 128
2366 129
2367 130
2367 131
2367 132
2367 133
2367 134
2367 135
2367 136
2367 137
2367 138
2367 139
2367 140
2367 141
2367 142
2367 143
2367 144
2367 145
2367 146
2367 147
2367 148
2367 149
2367 150
2367 151
2367 152
2369 55
2369 56
2369 57
2369 58
2369 59
2369 60
2369 61
2369 62
2369 63
2369 64
2369 65
2369 66
2369 67
2370 76
2370 77
2370 78
2370 79
2370 80
2370 81
2370 82
2370 83
2370 84
2370 85
2370 86
2370 87
2370 88
2370 89
2370 90
2370 91
2370 92
2370 93
2370 94
2370 95
2370 96
2370 97
2370 98
2371 100
2371 101
2371 102
2371 103
2371 104
2371 105
2371 106
2371 107
2371 108
2371 109
2371 110
2371 111
2371 112
2371 113
2371 114
2371 115
2371 116
2371 117
2371 118
2371 119
2371 120
2371 121
2371 122
2371 123
2371 124
2371 125
2371 126
2371 127
2371 128
2372 129
2372 130
2372 131
2372 132
2372 133
2372 134
2372 135
2372 136
2372 137
2372 138
2372 139
2372 140
2372 141
2372 142
2372 143
2372 144
2372 145
2372 146
2372 147
2372 148
2372 149
2372 150
2372 151
2374 54
2374 55
2374 56
2374 57
2374 58
2374 59
2374 60
2374 61
2374 62
2374 63
2374 64
2374 65
2374 66
2375 75
2375 76
2375 77
2375 78
2375 79
2375 80
2375 81
2375 82
2375 83
2375 84
2375 85
2375 86
2375 87
2375 88
2375 89
2375 90
2375 91
2375 92
2375 93
2375 94
2375 95
2375 96
2375 97
2376 99
2376 100
2376 101
2376 102
2376 103
2376 104
2376 105
2376 106
2376 107
2376 108
2376 109
2376 110
2376 111
2376 112
2376 113
2376 114
2376 115
2376 116
2376 117
2376 118
2376 119
2376 120
2376 121
2376 122
2376 123
2376 124
2376 125
2376 126
2376 127
2377 127
2377 128
2377 129
2377 130
2377 131
2377 132
2377 133
2377 134
2377 135
2377 136
2377 137
2377 138
2377 139
2377 140
2377 141
2377 142
2377 143
2377 144
2377 145
2377 146
2377 147
2377 148
2377 149
2377 150
2379 53
2379 54
2379 55
2379 56
2379 57
2379 58
2379 59
2379 60
2379 61
2379 62
2379 63
2379 64
2380 74
2380 75
2380 76
2380 77
2380 78
2380 79
2380 80
2380 81
2380 82
2380 83
2380 84
2380 85
2380 86
2380 87
2380 88
2380 89
2380 90
2380 91
2380 92
2380 93
2380 94
2380 95
2381 98
2381 99
2381 100
2381 101
2381 102
2381 103
2381 104
2381 105
2381 106
2381 107
2381 108
2381 109
2381 110
2381 111
2381 112
2381 113
2381 114
2381 115
2381 116
2381 117
2381 118
2381 119
2381 120
2381 121
2381 122
2381 123
2381 124
2381 125
2382 126
2382 127
2382 128
2382 129
2382 130
2382 131
2382 132
2382 133
2382 134
2382 135
2382 136
2382 137
2382 138
2382 139
2382 140
2382 141
2382 142
2382 143
2382 144
2382 145
2382 146
2382 147
2382 148
2382 149
2384 52
2384 53
2384 54
2384 55
2384 56
2384 57
2384 58
2384 59
2384 60
2384 61
2384 62
2384 63
2385 73
2385 74
2385 75
2385 76
2385 77
2385 78
2385 79
2385 80
2385 81
2385 82
2385 83
2385 84
2385 85
2385 86
2385 87
2385 88
2385 89
2385 90
2385 91
2385 92
2385 93
2385 94
2386 97
2386 98
2386 99
2386 100
2386 101
2386 102
2386 103
2386 104
2386 105
2386 106
2386 107
2386 108
2386 109
2386 110
2386 111
2386 112
2386 113
2386 114
2386 115
2386 116
2386 117
2386 118
2386 119
2386 120
2386 121
2386 122
2386 123
2386 124
2387 125
2387 126
2387 127
2387 128
2387 129
2387 130
2387 131
2387 132
2387 133
2387 134
2387 135
2387 136
2387 137
2387 138
2387 139
2387 140
2387 141
2387 142
2387 143
2387 144
2387 145
2387 146
2387 147
2387 148
2389 51
2389 52
2389 53
2389 54
2389 55
2389 56
2389 57
2389 58
2389 59
2389 60
2389 61
2389 62
2390 72
2390 73
2390 74
2390 75
2390 76
2390 77
2390 78
2390 79
2390 80
2390 81
2390 82
2390 83
2390 84
2390 85
2390 86
2390 87
2390 88
2390 89
2390 90
2390 91
2390 92
2390 93
2391 96
2391 97
2391 98
2391 99
2391 100
2391 101
2391 102
2391 103
2391 104
2391 105
2391 106
2391 107
2391 108
2391 109
2391 110
2391 111
2391 112
2391 113
2391 114
2391 115
2391 116
2391 117
2391 118
2391 119
2391 120
2391 121
2391 122
2391 123
2392 124
2392 125
2392 126
2392 127
2392 128
2392 129
2392 130
2392 131
2392 132
2392 133
2392 134
2392 135
2392 136
2392 137
2392 138
2392 139
2392 140
2392 141
2392 142
2392 143
2392 144
2392 145
2392 146
2392 147
2394 50
2394 51
2394 52
2394 53
2394 54
2394 55
2394 56
2394 57
2394 58
2394 59
2394 60
2394 61
2395 71
2395 72
2395 73
2395 74
2395 75
2395 76
2395 77
2395 78
2395 79
2395 80
2395 81
2395 82
2395 83
2395 84
2395 85
2395 86
2395 87
2395 88
2395 89
2395 90
2395 91
2396 95
2396 96
2396 97
2396 98
2396 99
2396 100
2396 101
2396 102
2396 103
2396 104
2396 105
2396 106
2396 107
2396 108
2396 109
2396 110
2396 111
2396 112
2396 113
2396 114
2396 115
2396 116
2396 117
2396 118
2396 119
2396 120
2396 121
2397 123
2397 124
2397 125
2397 126
2397 127
2397 128
2397 129
2397 130
2397 131
2397 132
2397 133
2397 134
2397 135
2397 136
2397 137
2397 138
2397 139
2397 140
2397 141
2397 142
2397 143
2397 144
2397 145
2397 146
2399 49
2399 50
2399 51
2399 52
2399 53
2399 54
2399 55
2399 56
2399 57
2399 58
2399 59
2399 60
2400 71
2400 72
2400 73
2400 74
2400 75
2400 76
2400 77
2400 78
2400 79
2400 80
2400 81
2400 82
2400 83
2400 84
2400 85
2400 86
2400 87
2400 88
2400 89
2400 90
2401 94
2401 95
2401 96
2401 97
2401 98
2401 99
2401 100
2401 101
2401 102
2401 103
2401 104
2401 105
2401 106
2401 107
2401 108
2401 109
2401 110
2401 111
2401 112
2401 113
2401 114
2401 115
2401 116
2401 117
2401 118
2401 119
2401 120
2402 122
2402 123
2402 124
2402 125
2402 126
2402 127
2402 128
2402 129
2402 130
2402 131
2402 132
2402 133
2402 134
2402 135
2402 136
2402 137
2402 138
2402 139
2402 140
2402 141
2402 142
2402 143
2402 144
2402 145
2404 48
2404 49
2404 50
2404 51
2404 52
2404 53
2404 54
2404 55
2404 56
2404 57
2404 58
2405 70
2405 71
2405 72
2405 73
2405 74
2405 75
2405 76
2405 77
2405 78
2405 79
2405 80
2405 81
2405 82
2405 83
2405 84
2405 85
2405 86
2405 87
2405 88
2405 89
2406 93
2406 94
2406 95
2406 96
2406 97
2406 98
2406 99
2406 100
2406 101
2406 102
2406 103
2406 104
2406 105
2406 106
2406 107
2406 108
2406 109
2406 110
2406 111
2406 112
2406 113
2406 114
2406 115
2406 116
2406 117
2406 118
2406 119
2407 120
2407 121
2407 122
2407 123
2407 124
2407 125
2407 126
2407 127
2407 128
2407 129
2407 130
2407 131
2407 132
2407 133
2407 134
2407 135
2407 136
2407 137
2407 138
2407 139
2407 140
2407 141
2407 142
2407 143
2407 144
2409 47
2409 48
2409 49
2409 50
2409 51
2409 52
2409 53
2409 54
2409 55
2409 56
2409 57
2410 69
2410 70
2410 71
2410 72
2410 73
2410 74
2410 75
2410 76
2410 77
2410 78
2410 79
2410 80
2410 81
2410 82
2410 83
2410 84
2410 85
2410 86
2410 87
2411 92
2411 93
2411 94
2411 95
2411 96
2411 97
2411 98
2411 99
2411 100
2411 101
2411 102
2411 103
2411 104
2411 105
2411 106
2411 107
2411 108
2411 109
2411 110
2411 111
2411 112
2411 113
2411 114
2411 115
2411 116
2411 117
2412 119
2412 120
2412 121
2412 122
2412 123
2412 124
2412 125
2412 126
2412 127
2412 128
2412 129
2412 130
2412 131
2412 132
2412 133
2412 134
2412 135
2412 136
2412 137
2412 138
2412 139
2412 140
2412 141
2412 142
2412 143
2414 45
2414 46
2414 47
2414 48
2414 49
2414 50
2414 51
2414 52
2414 53
2414 54
2414 55
2414 56
2415 68
2415 69
2415 70
2415 71
2415 72
2415 73
2415 74
2415 75
2415 76
2415 77
2415 78
2415 79
2415 80
2415 81
2415 82
2415 83
2415 84
2415 85
2415 86
2416 91
2416 92
2416 93
2416 94
2416 95
2416 96
2416 97
2416 98
2416 99
2416 100
2416 101
2416 102
2416 103
2416 104
2416 105
2416 106
2416 107
2416 108
2416 109
2416 110
2416 111
2416 112
2416 113
2416 114
2416 115
2416 116
2417 118
2417 119
2417 120
2417 121
2417 122
2417 123
2417 124
2417 125
2417 126
2417 127
2417 128
2417 129
2417 130
2417 131
2417 132
2417 133
2417 134
2417 135
2417 136
2417 137
2417 138
2417 139
2417 140
2417 141
2417 142
2419 44
2419 45
2419 46
2419 47
2419 48
2419 49
2419 50
2419 51
2419 52
2419 53
2419 54
2419 55
2420 67
2420 68
2420 69
2420 70
2420 71
2420 72
2420 73
2420 74
2420 75
2420 76
2420 77
2420 78
2420 79
2420 80
2420 81
2420 82
2420 83
2420 84
2420 85
2421 91
2421 92
2421 93
2421 94
2421 95
2421 96
2421 97
2421 98
2421 99
2421 100
2421 101
2421 102
2421 103
2421 104
2421 105
2421 106
2421 107
2421 108
2421 109
2421 110
2421 111
2421 112
2421 113
2421 114
2421 115
2422 117
2422 118
2422 119
2422 120
2422 121
2422 122
2422 123
2422 124
2422 125
2422 126
2422 127
2422 128
2422 129
2422 130
2422 131
2422 132
2422 133
2422 134
2422 135
2422 136
2422 137
2422 138
2422 139
2422 140
2422 141
2424 43
2424 44
2424 45
2424 46
2424 47
2424 48
2424 49
2424 50
2424 51
2424 52
2424 53
2424 54
2425 66
2425 67
2425 68
2425 69
2425 70
2425 71
2425 72
2425 73
2425 74
2425 75
2425 76
2425 77
2425 78
2425 79
2425 80
2425 81
2425 82
2425 83
2426 90
2426 91
2426 92
2426 93
2426 94
2426 95
2426 96
2426 97
2426 98
2426 99
2426 100
2426 101
2426 102
2426 103
2426 104
2426 105
2426 106
2426 107
2426 108
2426 109
2426 110
2426 111
2426 112
2426 113
2427 116
2427 117
2427 118
2427 119
2427 120
2427 121
2427 122
2427 123
2427 124
2427 125
2427 126
2427 127
2427 128
2427 129
2427 130
2427 131
2427 132
2427 133
2427 134
2427 135
2427 136
2427 137
2427 138
2427 139
2427 140
2429 43
2429 44
2429 45
2429 46
2429 47
2429 48
2429 49
2429 50
2429 51
2429 52
2429 53
2430 65
2430 66
2430 67
2430 68
2430 69
2430 70
2430 71
2430 72
2430 73
2430 74
2430 75
2430 76
2430 77
2430 78
2430 79
2430 80
2430 81
2430 82
2431 89
2431 90
2431 91
2431 92
2431 93
2431 94
2431 95
2431 96
2431 97
2431 98
2431 99
2431 100
2431 101
2431 102
2431 103
2431 104
2431 105
2431 106
2431 107
2431 108
2431 109
2431 110
2431 111
2431 112
2432 115
2432 116
2432 117
2432 118
2432 119
2432 120
2432 121
2432 122
2432 123
2432 124
2432 125
2432 126
2432 127
2432 128
2432 129
2432 130
2432 131
2432 132
2432 133
2432 134
2432 135
2432 136
2432 137
2432 138
2432 139
2434 42
2434 43
2434 44
2434 45
2434 46
2434 47
2434 48
2434 49
2434 50
2434 51
2435 64
2435 65
2435 66
2435 67
2435 68
2435 69
2435 70
2435 71
2435 72
2435 73
2435 74
2435 75
2435 76
2435 77
2435 78
2435 79
2435 80
2435 81
2436 88
2436 89
2436 90
2436 91
2436 92
2436 93
2436 94
2436 95
2436 96
2436 97
2436 98
2436 99
2436 100
2436 101
2436 102
2436 103
2436 104
2436 105
2436 106
2436 107
2436 108
2436 109
2436 110
2437 114
2437 115
2437 116
2437 117
2437 118
2437 119
2437 120
2437 121
2437 122
2437 123
2437 124
2437 125
2437 126
2437 127
2437 128
2437 129
2437 130
2437 131
2437 132
2437 133
2437 134
2437 135
2437 136
2437 137
2437 138
2439 41
2439 42
2439 43
2439 44
2439 45
2439 46
2439 47
2439 48
2439 49
2439 50
2440 63
2440 64
2440 65
2440 66
2440 67
2440 68
2440 69
2440 70
2440 71
2440 72
2440 73
2440 74
2440 75
2440 76
2440 77
2440 78
2440 79
2441 87
2441 88
2441 89
2441 90
2441 91
2441 92
2441 93
2441 94
2441 95
2441 96
2441 97
2441 98
2441 99
2441 100
2441 101
2441 102
2441 103
2441 104
2441 105
2441 106
2441 107
2441 108
2441 109
2442 113
2442 114
2442 115
2442 116
2442 117
2442 118
2442 119
2442 120
2442 121
2442 122
2442 123
2442 124
2442 125
2442 126
2442 127
2442 128
2442 129
2442 130
2442 131
2442 132
2442 133
2442 134
2442 135
2442 136
2442 137
2444 40
2444 41
2444 42
2444 43
2444 44
2444 45
2444 46
2444 47
2444 48
2444 49
2445 62
2445 63
2445 64
2445 65
2445 66
2445 67
2445 68
2445 69
2445 70
2445 71
2445 72
2445 73
2445 74
2445 75
2445 76
2445 77
2445 78
2446 86
2446 87
2446 88
2446 89
2446 90
2446 91
2446 92
2446 93
2446 94
2446 95
2446 96
2446 97
2446 98
2446 99
2446 100
2446 101
2446 102
2446 103
2446 104
2446 105
2446 106
2446 107
2447 112
2447 113
2447 114
2447 115
2447 116
2447 117
2447 118
2447 119
2447 120
2447 121
2447 122
2447 123
2447 124
2447 125
2447 126
2447 127
2447 128
2447 129
2447 130
2447 131
2447 132
2447 133
2447 134
2447 135
2449 39
2449 40
2449 41
2449 42
2449 43
2449 44
2449 45
2449 46
2449 47
2449 48
2450 61
2450 62
2450 63
2450 64
2450 65
2450 66
2450 67
2450 68
2450 69
2450 70
2450 71
2450 72
2450 73
2450 74
2450 75
2450 76
2450 77
2451 86
2451 87
2451 88
2451 89
2451 90
2451 91
2451 92
2451 93
2451 94
2451 95
2451 96
2451 97
2451 98
2451 99
2451 100
2451 101
2451 102
2451 103
2451 104
2451 105
2451 106
2452 112
2452 113
2452 114
2452 115
2452 116
2452 117
2452 118
2452 119
2452 120
2452 121
2452 122
2452 123
2452 124
2452 125
2452 126
2452 127
2452 128
2452 129
2452 130
2452 131
2452 132
2452 133
2452 134
2454 38
2454 39
2454 40
2454 41
2454 42
2454 43
2454 44
2454 45
2454 46
2454 47
2455 61
2455 62
2455 63
2455 64
2455 65
2455 66
2455 67
2455 68
2455 69
2455 70
2455 71
2455 72
2455 73
2455 74
2455 75
2456 85
2456 86
2456 87
2456 88
2456 89
2456 90
2456 91
2456 92
2456 93
2456 94
2456 95
2456 96
2456 97
2456 98
2456 99
2456 100
2456 101
2456 102
2456 103
2456 104
2457 111
2457 112
2457 113
2457 114
2457 115
2457 116
2457 117
2457 118
2457 119
2457 120
2457 121
2457 122
2457 123
2457 124
2457 125
2457 126
2457 127
2457 128
2457 129
2457 130
2457 131
2457 132
2457 133
2459 37
2459 38
2459 39
2459 40
2459 41
2459 42
2459 43
2459 44
2459 45
2460 60
2460 61
2460 62
2460 63
2460 64
2460 65
2460 66
2460 67
2460 68
2460 69
2460 70
2460 71
2460 72
2460 73
2460 74
2461 84
2461 85
2461 86
2461 87
2461 88
2461 89
2461 90
2461 91
2461 92
2461 93
2461 94
2461 95
2461 96
2461 97
2461 98
2461 99
2461 100
2461 101
2461 102
2461 103
2462 110
2462 111
2462 112
2462 113
2462 114
2462 115
2462 116
2462 117
2462 118
2462 119
2462 120
2462 121
2462 122
2462 123
2462 124
2462 125
2462 126
2462 127
2462 128
2462 129
2462 130
2462 131
2464 37
2464 38
2464 39
2464 40
2464 41
2464 42
2464 43
2464 44
2465 59
2465 60
2465 61
2465 62
2465 63
2465 64
2465 65
2465 66
2465 67
2465 68
2465 69
2465 70
2465 71
2465 72
2465 73
2466 83
2466 84
2466 85
2466 86
2466 87
2466 88
2466 89
2466 90
2466 91
2466 92
2466 93
2466 94
2466 95
2466 96
2466 97
2466 98
2466 99
2466 100
2466 101
2467 109
2467 110
2467 111
2467 112
2467 113
2467 114
2467 115
2467 116
2467 117
2467 118
2467 119
2467 120
2467 121
2467 122
2467 123
2467 124
2467 125
2467 126
2467 127
2467 128
2467 129
2467 130
2469 36
2469 37
2469 38
2469 39
2469 40
2469 41
2469 42
2469 43
2470 58
2470 59
2470 60
2470 61
2470 62
2470 63
2470 64
2470 65
2470 66
2470 67
2470 68
2470 69
2470 70
2470 71
2471 83
2471 84
2471 85
2471 86
2471 87
2471 88
2471 89
2471 90
2471 91
2471 92
2471 93
2471 94
2471 95
2471 96
2471 97
2471 98
2471 99
2471 100
2472 108
2472 109
2472 110
2472 111
2472 112
2472 113
2472 114
2472 115
2472 116
2472 117
2472 118
2472 119
2472 120
2472 121
2472 122
2472 123
2472 124
2472 125
2472 126
2472 127
2472 128
2472 129
2474 36
2474 37
2474 38
2474 39
2474 40
2474 41
2475 57
2475 58
2475 59
2475 60
2475 61
2475 62
2475 63
2475 64
2475 65
2475 66
2475 67
2475 68
2475 69
2475 70
2476 82
2476 83
2476 84
2476 85
2476 86
2476 87
2476 88
2476 89
2476 90
2476 91
2476 92
2476 93
2476 94
2476 95
2476 96
2476 97
2476 98
2477 107
2477 108
2477 109
2477 110
2477 111
2477 112
2477 113
2477 114
2477 115
2477 116
2477 117
2477 118
2477 119
2477 120
2477 121
2477 122
2477 123
2477 124
2477 125
2477 126
2477 127
2479 35
2479 36
2479 37
2479 38
2479 39
2480 57
2480 58
2480 59
2480 60
2480 61
2480 62
2480 63
2480 64
2480 65
2480 66
2480 67
2480 68
2480 69
2481 81
2481 82
2481 83
2481 84
2481 85
2481 86
2481 87
2481 88
2481 89
2481 90
2481 91
2481 92
2481 93
2481 94
2481 95
2481 96
2481 97
2482 107
2482 108
2482 109
2482 110
2482 111
2482 112
2482 113
2482 114
2482 115
2482 116
2482 117
2482 118
2482 119
2482 120
2482 121
2482 122
2482 123
2482 124
2482 125
2482 126
2484 35
2484 36
2484 37
2484 38
2485 56
2485 57
2485 58
2485 59
2485 60
2485 61
2485 62
2485 63
2485 64
2485 65
2485 66
2485 67
2486 81
2486 82
2486 83
2486 84
2486 85
2486 86
2486 87
2486 88
2486 89
2486 90
2486 91
2486 92
2486 93
2486 94
2486 95
2487 106
2487 107
2487 108
2487 109
2487 110
2487 111
2487 112
2487 113
2487 114
2487 115
2487 116
2487 117
2487 118
2487 119
2487 120
2487 121
2487 122
2487 123
2487 124
2490 55
2490 56
2490 57
2490 58
2490 59
2490 60
2490 61
2490 62
2490 63
2490 64
2490 65
2490 66
2491 80
2491 81
2491 82
2491 83
2491 84
2491 85
2491 86
2491 87
2491 88
2491 89
2491 90
2491 91
2491 92
2491 93
2491 94
2492 105
2492 106
2492 107
2492 108
2492 109
2492 110
2492 111
2492 112
2492 113
2492 114
2492 115
2492 116
2492 117
2492 118
2492 119
2492 120
2492 121
2492 122
2492 123
2495 54
2495 55
2495 56
2495 57
2495 58
2495 59
2495 60
2495 61
2495 62
2495 63
2495 64
2495 65
2496 80
2496 81
2496 82
2496 83
2496 84
2496 85
2496 86
2496 87
2496 88
2496 89
2496 90
2496 91
2496 92
2497 105
2497 106
2497 107
2497 108
2497 109
2497 110
2497 111
2497 112
2497 113
2497 114
2497 115
2497 116
2497 117
2497 118
2497 119
2497 120
2497 121
2500 54
2500 55
2500 56
2500 57
2500 58
2500 59
2500 60
2500 61
2500 62
2500 63
2501 79
2501 80
2501 81
2501 82
2501 83
2501 84
2501 85
2501 86
2501 87
2501 88
2501 89
2501 90
2502 104
2502 105
2502 106
2502 107
2502 108
2502 109
2502 110
2502 111
2502 112
2502 113
2502 114
2502 115
2502 116
2502 117
2502 118
2502 119
2505 53
2505 54
2505 55
2505 56
2505 57
2505 58
2505 59
2505 60
2505 61
2505 62
2506 79
2506 80
2506 81
2506 82
2506 83
2506 84
2506 85
2506 86
2506 87
2506 88
2507 104
2507 105
2507 106
2507 107
2507 108
2507 109
2507 110
2507 111
2507 112
2507 113
2507 114
2507 115
2507 116
2507 117
2507 118
2510 53
2510 54
2510 55
2510 56
2510 57
2510 58
2510 59
2510 60
2511 79
2511 80
2511 81
2511 82
2511 83
2511 84
2511 85
2511 86
2512 103
2512 104
2512 105
2512 106
2512 107
2512 108
2512 109
2512 110
2512 111
2512 112
2512 113
2512 114
2512 115
2512 116
2515 52
2515 53
2515 54
2515 55
2515 56
2515 57
2515 58
2515 59
2516 79
2516 80
2516 81
2516 82
2516 83
2516 84
2517 103
2517 104
2517 105
2517 106
2517 107
2517 108
2517 109
2517 110
2517 111
2517 112
2517 113
2517 114
2520 52
2520 53
2520 54
2520 55
2520 56
2520 57
2521 79
2521 80
2521 81
2521 82
2522 103
2522 104
2522 105
2522 106
2522 107
2522 108
2522 109
2522 110
2522 111
2522 112
2525 52
2525 53
2525 54
2525 55
2527 103
2527 104
2527 105
2527 106
2527 107
2527 108
2527 109
2532 104
2532 105
2532 106
