2365 35
2365 36
2365 37
2380 24
2380 25
2380 26
2380 27
2380 28
2380 29
2380 30
2380 31
2380 32
2384 28
2384 29
2384 30
2384 31
2384 32
2384 33
2384 34
2384 35
2384 36
2384 37
2384 38
2384 39
2384 40
2388 34
2388 35
2388 36
2388 37
2388 38
2388 39
2388 40
2388 41
2388 42
2388 43
2388 44
2388 45
2388 46
2392 41
2392 42
2392 43
2392 44
2392 45
2392 46
2392 47
2392 48
2392 49
2392 50
2395 18
2395 19
2395 20
2395 21
2395 22
2399 20
2399 21
2399 22
2399 23
2399 24
2399 25
2399 26
2399 27
2399 28
2399 29
2399 30
2399 31
2399 32
2403 24
2403 25
2403 26
2403 27
2403 28
2403 29
2403 30
2403 31
2403 32
2403 33
2403 34
2403 35
2403 36
2403 37
2403 38
2403 39
2407 29
2407 30
2407 31
2407 32
2407 33
2407 34
2407 35
2407 36
2407 37
2407 38
2407 39
2407 40
2407 41
2407 42
2407 43
2407 44
2407 45
2407 46
2411 36
2411 37
2411 38
2411 39
2411 40
2411 41
2411 42
2411 43
2411 44
2411 45
2411 46
2411 47
2411 48
2411 49
2411 50
2411 51
2414 14
2414 15
2414 16
2414 17
2414 18
2414 19
2414 20
2414 21
2414 22
2415 43
2415 44
2415 45
2415 46
2415 47
2415 48
2415 49
2415 50
2415 51
2415 52
2415 53
2415 54
2415 55
2415 56
2418 16
2418 17
2418 18
2418 19
2418 20
2418 21
2418 22
2418 23
2418 24
2418 25
2418 26
2418 27
2418 28
2418 29
2418 30
2418 31
2419 53
2419 54
2419 55
2419 56
2419 57
2422 21
2422 22
2422 23
2422 24
2422 25
2422 26
2422 27
2422 28
2422 29
2422 30
2422 31
2422 32
2422 33
2422 34
2422 35
2422 36
2422 37
2422 38
2422 39
2426 26
2426 27
2426 28
2426 29
2426 30
2426 31
2426 32
2426 33
2426 34
2426 35
2426 36
2426 37
2426 38
2426 39
2426 40
2426 41
2426 42
2426 43
2426 44
2426 45
2430 32
2430 33
2430 34
2430 35
2430 36
2430 37
2430 38
2430 39
2430 40
2430 41
2430 42
2430 43
2430 44
2430 45
2430 46
2430 47
2430 48
2430 49
2430 50
2430 51
2433 12
2433 13
2433 14
2433 15
2433 16
2433 17
2433 18
2433 19
2433 20
2434 38
2434 39
2434 40
2434 41
2434 42
2434 43
2434 44
2434 45
2434 46
2434 47
2434 48
2434 49
2434 50
2434 51
2434 52
2434 53
2434 54
2434 55
2434 56
2437 14
2437 15
2437 16
2437 17
2437 18
2437 19
2437 20
2437 21
2437 22
2437 23
2437 24
2437 25
2437 26
2437 27
2437 28
2437 29
2438 46
2438 47
2438 48
2438 49
2438 50
2438 51
2438 52
2438 53
2438 54
2438 55
2438 56
2438 57
2438 58
2438 59
2438 60
2441 18
2441 19
2441 20
2441 21
2441 22
2441 23
2441 24
2441 25
2441 26
2441 27
2441 28
2441 29
2441 30
2441 31
2441 32
2441 33
2441 34
2441 35
2441 36
2441 37
2442 57
2442 58
2442 59
2442 60
2442 61
2445 23
2445 24
2445 25
2445 26
2445 27
2445 28
2445 29
2445 30
2445 31
2445 32
2445 33
2445 34
2445 35
2445 36
2445 37
2445 38
2445 39
2445 40
2445 41
2445 42
2445 43
2445 44
2449 28
2449 29
2449 30
2449 31
2449 32
2449 33
2449 34
2449 35
2449 36
2449 37
2449 38
2449 39
2449 40
2449 41
2449 42
2449 43
2449 44
2449 45
2449 46
2449 47
2449 48
2449 49
2449 50
2452 10
2452 11
2452 12
2452 13
2452 14
2452 15
2452 16
2452 17
2453 35
2453 36
2453 37
2453 38
2453 39
2453 40
2453 41
2453 42
2453 43
2453 44
2453 45
2453 46
2453 47
2453 48
2453 49
2453 50
2453 51
2453 52
2453 53
2453 54
2453 55
2453 56
2456 12
2456 13
2456 14
2456 15
2456 16
2456 17
2456 18
2456 19
2456 20
2456 21
2456 22
2456 23
2456 24
2456 25
2456 26
2456 27
2457 42
2457 43
2457 44
2457 45
2457 46
2457 47
2457 48
2457 49
2457 50
2457 51
2457 52
2457 53
2457 54
2457 55
2457 56
2457 57
2457 58
2457 59
2457 60
2460 15
2460 16
2460 17
2460 18
2460 19
2460 20
2460 21
2460 22
2460 23
2460 24
2460 25
2460 26
2460 27
2460 28
2460 29
2460 30
2460 31
2460 32
2460 33
2460 34
2460 35
2461 50
2461 51
2461 52
2461 53
2461 54
2461 55
2461 56
2461 57
2461 58
2461 59
2461 60
2461 61
2461 62
2461 63
2461 64
2464 20
2464 21
2464 22
2464 23
2464 24
2464 25
2464 26
2464 27
2464 28
2464 29
2464 30
2464 31
2464 32
2464 33
2464 34
2464 35
2464 36
2464 37
2464 38
2464 39
2464 40
2464 41
2464 42
2468 25
2468 26
2468 27
2468 28
2468 29
2468 30
2468 31
2468 32
2468 33
2468 34
2468 35
2468 36
2468 37
2468 38
2468 39
2468 40
2468 41
2468 42
2468 43
2468 44
2468 45
2468 46
2468 47
2468 48
2468 49
2471 8
2471 9
2471 10
2471 11
2471 12
2471 13
2471 14
2472 31
2472 32
2472 33
2472 34
2472 35
2472 36
2472 37
2472 38
2472 39
2472 40
2472 41
2472 42
2472 43
2472 44
2472 45
2472 46
2472 47
2472 48
2472 49
2472 50
2472 51
2472 52
2472 53
2472 54
2472 55
2475 10
2475 11
2475 12
2475 13
2475 14
2475 15
2475 16
2475 17
2475 18
2475 19
2475 20
2475 21
2475 22
2475 23
2475 24
2475 25
2476 38
2476 39
2476 40
2476 41
2476 42
2476 43
2476 44
2476 45
2476 46
2476 47
2476 48
2476 49
2476 50
2476 51
2476 52
2476 53
2476 54
2476 55
2476 56
2476 57
2476 58
2476 59
2476 60
2479 13
2479 14
2479 15
2479 16
2479 17
2479 18
2479 19
2479 20
2479 21
2479 22
2479 23
2479 24
2479 25
2479 26
2479 27
2479 28
2479 29
2479 30
2479 31
2479 32
2479 33
2480 46
2480 47
2480 48
2480 49
2480 50
2480 51
2480 52
2480 53
2480 54
2480 55
2480 56
2480 57
2480 58
2480 59
2480 60
2480 61
2480 62
2480 63
2480 64
2483 17
2483 18
2483 19
2483 20
2483 21
2483 22
2483 23
2483 24
2483 25
2483 26
2483 27
2483 28
2483 29
2483 30
2483 31
2483 32
2483 33
2483 34
2483 35
2483 36
2483 37
2483 38
2483 39
2483 40
2484 54
2484 55
2484 56
2484 57
2484 58
2484 59
2484 60
2484 61
2484 62
2484 63
2484 64
2484 65
2484 66
2484 67
2487 23
2487 24
2487 25
2487 26
2487 27
2487 28
2487 29
2487 30
2487 31
2487 32
2487 33
2487 34
2487 35
2487 36
2487 37
2487 38
2487 39
2487 40
2487 41
2487 42
2487 43
2487 44
2487 45
2487 46
2487 47
2490 9
2491 28
2491 29
2491 30
2491 31
2491 32
2491 33
2491 34
2491 35
2491 36
2491 37
2491 38
2491 39
2491 40
2491 41
2491 42
2491 43
2491 44
2491 45
2491 46
2491 47
2491 48
2491 49
2491 50
2491 51
2491 52
2491 53
2494 8
2494 9
2494 10
2494 11
2494 12
2494 13
2494 14
2494 15
2494 16
2494 17
2494 18
2494 19
2494 20
2494 21
2494 22
2495 35
2495 36
2495 37
2495 38
2495 39
2495 40
2495 41
2495 42
2495 43
2495 44
2495 45
2495 46
2495 47
2495 48
2495 49
2495 50
2495 51
2495 52
2495 53
2495 54
2495 55
2495 56
2495 57
2495 58
2495 59
2498 11
2498 12
2498 13
2498 14
2498 15
2498 16
2498 17
2498 18
2498 19
2498 20
2498 21
2498 22
2498 23
2498 24
2498 25
2498 26
2498 27
2498 28
2498 29
2498 30
2498 31
2499 42
2499 43
2499 44
2499 45
2499 46
2499 47
2499 48
2499 49
2499 50
2499 51
2499 52
2499 53
2499 54
2499 55
2499 56
2499 57
2499 58
2499 59
2499 60
2499 61
2499 62
2499 63
2499 64
2502 15
2502 16
2502 17
2502 18
2502 19
2502 20
2502 21
2502 22
2502 23
2502 24
2502 25
2502 26
2502 27
2502 28
2502 29
2502 30
2502 31
2502 32
2502 33
2502 34
2502 35
2502 36
2502 37
2502 38
2503 50
2503 51
2503 52
2503 53
2503 54
2503 55
2503 56
2503 57
2503 58
2503 59
2503 60
2503 61
2503 62
2503 63
2503 64
2503 65
2503 66
2503 67
2506 20
2506 21
2506 22
2506 23
2506 24
2506 25
2506 26
2506 27
2506 28
2506 29
2506 30
2506 31
2506 32
2506 33
2506 34
2506 35
2506 36
2506 37
2506 38
2506 39
2506 40
2506 41
2506 42
2506 43
2506 44
2506 45
2507 60
2507 61
2507 62
2507 63
2507 64
2507 65
2507 66
2507 67
2507 68
2507 69
2510 26
2510 27
2510 28
2510 29
2510 30
2510 31
2510 32
2510 33
2510 34
2510 35
2510 36
2510 37
2510 38
2510 39
2510 40
2510 41
2510 42
2510 43
2510 44
2510 45
2510 46
2510 47
2510 48
2510 49
2510 50
2510 51
2510 52
2513 7
2513 8
2513 9
2513 10
2513 11
2513 12
2513 13
2513 14
2513 15
2513 16
2513 17
2513 18
2513 19
2514 32
2514 33
2514 34
2514 35
2514 36
2514 37
2514 38
2514 39
2514 40
2514 41
2514 42
2514 43
2514 44
2514 45
2514 46
2514 47
2514 48
2514 49
2514 50
2514 51
2514 52
2514 53
2514 54
2514 55
2514 56
2514 57
2514 58
2517 10
2517 11
2517 12
2517 13
2517 14
2517 15
2517 16
2517 17
2517 18
2517 19
2517 20
2517 21
2517 22
2517 23
2517 24
2517 25
2517 26
2517 27
2517 28
2518 38
2518 39
2518 40
2518 41
2518 42
2518 43
2518 44
2518 45
2518 46
2518 47
2518 48
2518 49
2518 50
2518 51
2518 52
2518 53
2518 54
2518 55
2518 56
2518 57
2518 58
2518 59
2518 60
2518 61
2518 62
2518 63
2521 13
2521 14
2521 15
2521 16
2521 17
2521 18
2521 19
2521 20
2521 21
2521 22
2521 23
2521 24
2521 25
2521 26
2521 27
2521 28
2521 29
2521 30
2521 31
2521 32
2521 33
2521 34
2521 35
2521 36
2522 46
2522 47
2522 48
2522 49
2522 50
2522 51
2522 52
2522 53
2522 54
2522 55
2522 56
2522 57
2522 58
2522 59
2522 60
2522 61
2522 62
2522 63
2522 64
2522 65
2522 66
2522 67
2525 18
2525 19
2525 20
2525 21
2525 22
2525 23
2525 24
2525 25
2525 26
2525 27
2525 28
2525 29
2525 30
2525 31
2525 32
2525 33
2525 34
2525 35
2525 36
2525 37
2525 38
2525 39
2525 40
2525 41
2525 42
2525 43
2526 55
2526 56
2526 57
2526 58
2526 59
2526 60
2526 61
2526 62
2526 63
2526 64
2526 65
2526 66
2526 67
2526 68
2526 69
2526 70
2529 23
2529 24
2529 25
2529 26
2529 27
2529 28
2529 29
2529 30
2529 31
2529 32
2529 33
2529 34
2529 35
2529 36
2529 37
2529 38
2529 39
2529 40
2529 41
2529 42
2529 43
2529 44
2529 45
2529 46
2529 47
2529 48
2529 49
2529 50
2532 6
2532 7
2532 8
2532 9
2532 10
2532 11
2532 12
2532 13
2532 14
2532 15
2533 29
2533 30
2533 31
2533 32
2533 33
2533 34
2533 35
2533 36
2533 37
2533 38
2533 39
2533 40
2533 41
2533 42
2533 43
2533 44
2533 45
2533 46
2533 47
2533 48
2533 49
2533 50
2533 51
2533 52
2533 53
2533 54
2533 55
2533 56
2536 8
2536 9
2536 10
2536 11
2536 12
2536 13
2536 14
2536 15
2536 16
2536 17
2536 18
2536 19
2536 20
2536 21
2536 22
2536 23
2536 24
2536 25
2537 35
2537 36
2537 37
2537 38
2537 39
2537 40
2537 41
2537 42
2537 43
2537 44
2537 45
2537 46
2537 47
2537 48
2537 49
2537 50
2537 51
2537 52
2537 53
2537 54
2537 55
2537 56
2537 57
2537 58
2537 59
2537 60
2537 61
2540 12
2540 13
2540 14
2540 15
2540 16
2540 17
2540 18
2540 19
2540 20
2540 21
2540 22
2540 23
2540 24
2540 25
2540 26
2540 27
2540 28
2540 29
2540 30
2540 31
2540 32
2540 33
2541 43
2541 44
2541 45
2541 46
2541 47
2541 48
2541 49
2541 50
2541 51
2541 52
2541 53
2541 54
2541 55
2541 56
2541 57
2541 58
2541 59
2541 60
2541 61
2541 62
2541 63
2541 64
2541 65
2541 66
2544 16
2544 17
2544 18
2544 19
2544 20
2544 21
2544 22
2544 23
2544 24
2544 25
2544 26
2544 27
2544 28
2544 29
2544 30
2544 31
2544 32
2544 33
2544 34
2544 35
2544 36
2544 37
2544 38
2544 39
2544 40
2544 41
2545 51
2545 52
2545 53
2545 54
2545 55
2545 56
2545 57
2545 58
2545 59
2545 60
2545 61
2545 62
2545 63
2545 64
2545 65
2545 66
2545 67
2545 68
2545 69
2545 70
2548 21
2548 22
2548 23
2548 24
2548 25
2548 26
2548 27
2548 28
2548 29
2548 30
2548 31
2548 32
2548 33
2548 34
2548 35
2548 36
2548 37
2548 38
2548 39
2548 40
2548 41
2548 42
2548 43
2548 44
2548 45
2548 46
2548 47
2548 48
2549 60
2549 61
2549 62
2549 63
2549 64
2549 65
2549 66
2549 67
2549 68
2549 69
2549 70
2549 71
2549 72
2551 8
2551 9
2552 27
2552 28
2552 29
2552 30
2552 31
2552 32
2552 33
2552 34
2552 35
2552 36
2552 37
2552 38
2552 39
2552 40
2552 41
2552 42
2552 43
2552 44
2552 45
2552 46
2552 47
2552 48
2552 49
2552 50
2552 51
2552 52
2552 53
2552 54
2555 7
2555 8
2555 9
2555 10
2555 11
2555 12
2555 13
2555 14
2555 15
2555 16
2555 17
2555 18
2555 19
2555 20
2555 21
2556 33
2556 34
2556 35
2556 36
2556 37
2556 38
2556 39
2556 40
2556 41
2556 42
2556 43
2556 44
2556 45
2556 46
2556 47
2556 48
2556 49
2556 50
2556 51
2556 52
2556 53
2556 54
2556 55
2556 56
2556 57
2556 58
2556 59
2556 60
2559 10
2559 11
2559 12
2559 13
2559 14
2559 15
2559 16
2559 17
2559 18
2559 19
2559 20
2559 21
2559 22
2559 23
2559 24
2559 25
2559 26
2559 27
2559 28
2559 29
2559 30
2560 39
2560 40
2560 41
2560 42
2560 43
2560 44
2560 45
2560 46
2560 47
2560 48
2560 49
2560 50
2560 51
2560 52
2560 53
2560 54
2560 55
2560 56
2560 57
2560 58
2560 59
2560 60
2560 61
2560 62
2560 63
2560 64
2560 65
2563 14
2563 15
2563 16
2563 17
2563 18
2563 19
2563 20
2563 21
2563 22
2563 23
2563 24
2563 25
2563 26
2563 27
2563 28
2563 29
2563 30
2563 31
2563 32
2563 33
2563 34
2563 35
2563 36
2563 37
2563 38
2564 47
2564 48
2564 49
2564 50
2564 51
2564 52
2564 53
2564 54
2564 55
2564 56
2564 57
2564 58
2564 59
2564 60
2564 61
2564 62
2564 63
2564 64
2564 65
2564 66
2564 67
2564 68
2564 69
2567 19
2567 20
2567 21
2567 22
2567 23
2567 24
2567 25
2567 26
2567 27
2567 28
2567 29
2567 30
2567 31
2567 32
2567 33
2567 34
2567 35
2567 36
2567 37
2567 38
2567 39
2567 40
2567 41
2567 42
2567 43
2567 44
2567 45
2568 56
2568 57
2568 58
2568 59
2568 60
2568 61
2568 62
2568 63
2568 64
2568 65
2568 66
2568 67
2568 68
2568 69
2568 70
2568 71
2568 72
2571 24
2571 25
2571 26
2571 27
2571 28
2571 29
2571 30
2571 31
2571 32
2571 33
2571 34
2571 35
2571 36
2571 37
2571 38
2571 39
2571 40
2571 41
2571 42
2571 43
2571 44
2571 45
2571 46
2571 47
2571 48
2571 49
2571 50
2571 51
2571 52
2572 68
2572 69
2572 70
2572 71
2574 7
2574 8
2574 9
2574 10
2574 11
2574 12
2574 13
2574 14
2574 15
2574 16
2574 17
2574 18
2575 30
2575 31
2575 32
2575 33
2575 34
2575 35
2575 36
2575 37
2575 38
2575 39
2575 40
2575 41
2575 42
2575 43
2575 44
2575 45
2575 46
2575 47
2575 48
2575 49
2575 50
2575 51
2575 52
2575 53
2575 54
2575 55
2575 56
2575 57
2575 58
2578 9
2578 10
2578 11
2578 12
2578 13
2578 14
2578 15
2578 16
2578 17
2578 18
2578 19
2578 20
2578 21
2578 22
2578 23
2578 24
2578 25
2578 26
2578 27
2579 37
2579 38
2579 39
2579 40
2579 41
2579 42
2579 43
2579 44
2579 45
2579 46
2579 47
2579 48
2579 49
2579 50
2579 51
2579 52
2579 53
2579 54
2579 55
2579 56
2579 57
2579 58
2579 59
2579 60
2579 61
2579 62
2579 63
2582 13
2582 14
2582 15
2582 16
2582 17
2582 18
2582 19
2582 20
2582 21
2582 22
2582 23
2582 24
2582 25
2582 26
2582 27
2582 28
2582 29
2582 30
2582 31
2582 32
2582 33
2582 34
2582 35
2583 44
2583 45
2583 46
2583 47
2583 48
2583 49
2583 50
2583 51
2583 52
2583 53
2583 54
2583 55
2583 56
2583 57
2583 58
2583 59
2583 60
2583 61
2583 62
2583 63
2583 64
2583 65
2583 66
2583 67
2583 68
2586 17
2586 18
2586 19
2586 20
2586 21
2586 22
2586 23
2586 24
2586 25
2586 26
2586 27
2586 28
2586 29
2586 30
2586 31
2586 32
2586 33
2586 34
2586 35
2586 36
2586 37
2586 38
2586 39
2586 40
2586 41
2586 42
2586 43
2587 52
2587 53
2587 54
2587 55
2587 56
2587 57
2587 58
2587 59
2587 60
2587 61
2587 62
2587 63
2587 64
2587 65
2587 66
2587 67
2587 68
2587 69
2587 70
2587 71
2587 72
2590 22
2590 23
2590 24
2590 25
2590 26
2590 27
2590 28
2590 29
2590 30
2590 31
2590 32
2590 33
2590 34
2590 35
2590 36
2590 37
2590 38
2590 39
2590 40
2590 41
2590 42
2590 43
2590 44
2590 45
2590 46
2590 47
2590 48
2590 49
2591 62
2591 63
2591 64
2591 65
2591 66
2591 67
2591 68
2591 69
2591 70
2591 71
2591 72
2591 73
2593 8
2593 9
2593 10
2593 11
2593 12
2594 28
2594 29
2594 30
2594 31
2594 32
2594 33
2594 34
2594 35
2594 36
2594 37
2594 38
2594 39
2594 40
2594 41
2594 42
2594 43
2594 44
2594 45
2594 46
2594 47
2594 48
2594 49
2594 50
2594 51
2594 52
2594 53
2594 54
2594 55
2594 56
2597 8
2597 9
2597 10
2597 11
2597 12
2597 13
2597 14
2597 15
2597 16
2597 17
2597 18
2597 19
2597 20
2597 21
2597 22
2597 23
2598 34
2598 35
2598 36
2598 37
2598 38
2598 39
2598 40
2598 41
2598 42
2598 43
2598 44
2598 45
2598 46
2598 47
2598 48
2598 49
2598 50
2598 51
2598 52
2598 53
2598 54
2598 55
2598 56
2598 57
2598 58
2598 59
2598 60
2598 61
2598 62
2601 11
2601 12
2601 13
2601 14
2601 15
2601 16
2601 17
2601 18
2601 19
2601 20
2601 21
2601 22
2601 23
2601 24
2601 25
2601 26
2601 27
2601 28
2601 29
2601 30
2601 31
2601 32
2602 41
2602 42
2602 43
2602 44
2602 45
2602 46
2602 47
2602 48
2602 49
2602 50
2602 51
2602 52
2602 53
2602 54
2602 55
2602 56
2602 57
2602 58
2602 59
2602 60
2602 61
2602 62
2602 63
2602 64
2602 65
2602 66
2602 67
2605 16
2605 17
2605 18
2605 19
2605 20
2605 21
2605 22
2605 23
2605 24
2605 25
2605 26
2605 27
2605 28
2605 29
2605 30
2605 31
2605 32
2605 33
2605 34
2605 35
2605 36
2605 37
2605 38
2605 39
2605 40
2606 48
2606 49
2606 50
2606 51
2606 52
2606 53
2606 54
2606 55
2606 56
2606 57
2606 58
2606 59
2606 60
2606 61
2606 62
2606 63
2606 64
2606 65
2606 66
2606 67
2606 68
2606 69
2606 70
2606 71
2609 20
2609 21
2609 22
2609 23
2609 24
2609 25
2609 26
2609 27
2609 28
2609 29
2609 30
2609 31
2609 32
2609 33
2609 34
2609 35
2609 36
2609 37
2609 38
2609 39
2609 40
2609 41
2609 42
2609 43
2609 44
2609 45
2609 46
2609 47
2610 57
2610 58
2610 59
2610 60
2610 61
2610 62
2610 63
2610 64
2610 65
2610 66
2610 67
2610 68
2610 69
2610 70
2610 71
2610 72
2610 73
2613 26
2613 27
2613 28
2613 29
2613 30
2613 31
2613 32
2613 33
2613 34
2613 35
2613 36
2613 37
2613 38
2613 39
2613 40
2613 41
2613 42
2613 43
2613 44
2613 45
2613 46
2613 47
2613 48
2613 49
2613 50
2613 51
2613 52
2613 53
2613 54
2616 8
2616 9
2616 10
2616 11
2616 12
2616 13
2616 14
2616 15
2616 16
2616 17
2616 18
2616 19
2617 32
2617 33
2617 34
2617 35
2617 36
2617 37
2617 38
2617 39
2617 40
2617 41
2617 42
2617 43
2617 44
2617 45
2617 46
2617 47
2617 48
2617 49
2617 50
2617 51
2617 52
2617 53
2617 54
2617 55
2617 56
2617 57
2617 58
2617 59
2617 60
2620 11
2620 12
2620 13
2620 14
2620 15
2620 16
2620 17
2620 18
2620 19
2620 20
2620 21
2620 22
2620 23
2620 24
2620 25
2620 26
2620 27
2620 28
2621 38
2621 39
2621 40
2621 41
2621 42
2621 43
2621 44
2621 45
2621 46
2621 47
2621 48
2621 49
2621 50
2621 51
2621 52
2621 53
2621 54
2621 55
2621 56
2621 57
2621 58
2621 59
2621 60
2621 61
2621 62
2621 63
2621 64
2621 65
2624 14
2624 15
2624 16
2624 17
2624 18
2624 19
2624 20
2624 21
2624 22
2624 23
2624 24
2624 25
2624 26
2624 27
2624 28
2624 29
2624 30
2624 31
2624 32
2624 33
2624 34
2624 35
2624 36
2624 37
2625 45
2625 46
2625 47
2625 48
2625 49
2625 50
2625 51
2625 52
2625 53
2625 54
2625 55
2625 56
2625 57
2625 58
2625 59
2625 60
2625 61
2625 62
2625 63
2625 64
2625 65
2625 66
2625 67
2625 68
2625 69
2628 19
2628 20
2628 21
2628 22
2628 23
2628 24
2628 25
2628 26
2628 27
2628 28
2628 29
2628 30
2628 31
2628 32
2628 33
2628 34
2628 35
2628 36
2628 37
2628 38
2628 39
2628 40
2628 41
2628 42
2628 43
2628 44
2629 54
2629 55
2629 56
2629 57
2629 58
2629 59
2629 60
2629 61
2629 62
2629 63
2629 64
2629 65
2629 66
2629 67
2629 68
2629 69
2629 70
2629 71
2629 72
2629 73
2632 24
2632 25
2632 26
2632 27
2632 28
2632 29
2632 30
2632 31
2632 32
2632 33
2632 34
2632 35
2632 36
2632 37
2632 38
2632 39
2632 40
2632 41
2632 42
2632 43
2632 44
2632 45
2632 46
2632 47
2632 48
2632 49
2632 50
2632 51
2633 64
2633 65
2633 66
2633 67
2633 68
2633 69
2633 70
2633 71
2633 72
2633 73
2633 74
2635 10
2635 11
2635 12
2635 13
2636 29
2636 30
2636 31
2636 32
2636 33
2636 34
2636 35
2636 36
2636 37
2636 38
2636 39
2636 40
2636 41
2636 42
2636 43
2636 44
2636 45
2636 46
2636 47
2636 48
2636 49
2636 50
2636 51
2636 52
2636 53
2636 54
2636 55
2636 56
2636 57
2639 10
2639 11
2639 12
2639 13
2639 14
2639 15
2639 16
2639 17
2639 18
2639 19
2639 20
2639 21
2639 22
2639 23
2639 24
2640 36
2640 37
2640 38
2640 39
2640 40
2640 41
2640 42
2640 43
2640 44
2640 45
2640 46
2640 47
2640 48
2640 49
2640 50
2640 51
2640 52
2640 53
2640 54
2640 55
2640 56
2640 57
2640 58
2640 59
2640 60
2640 61
2640 62
2640 63
2643 13
2643 14
2643 15
2643 16
2643 17
2643 18
2643 19
2643 20
2643 21
2643 22
2643 23
2643 24
2643 25
2643 26
2643 27
2643 28
2643 29
2643 30
2643 31
2643 32
2643 33
2644 43
2644 44
2644 45
2644 46
2644 47
2644 48
2644 49
2644 50
2644 51
2644 52
2644 53
2644 54
2644 55
2644 56
2644 57
2644 58
2644 59
2644 60
2644 61
2644 62
2644 63
2644 64
2644 65
2644 66
2644 67
2644 68
2647 17
2647 18
2647 19
2647 20
2647 21
2647 22
2647 23
2647 24
2647 25
2647 26
2647 27
2647 28
2647 29
2647 30
2647 31
2647 32
2647 33
2647 34
2647 35
2647 36
2647 37
2647 38
2647 39
2647 40
2647 41
2648 50
2648 51
2648 52
2648 53
2648 54
2648 55
2648 56
2648 57
2648 58
2648 59
2648 60
2648 61
2648 62
2648 63
2648 64
2648 65
2648 66
2648 67
2648 68
2648 69
2648 70
2648 71
2648 72
2651 22
2651 23
2651 24
2651 25
2651 26
2651 27
2651 28
2651 29
2651 30
2651 31
2651 32
2651 33
2651 34
2651 35
2651 36
2651 37
2651 38
2651 39
2651 40
2651 41
2651 42
2651 43
2651 44
2651 45
2651 46
2651 47
2651 48
2652 60
2652 61
2652 62
2652 63
2652 64
2652 65
2652 66
2652 67
2652 68
2652 69
2652 70
2652 71
2652 72
2652 73
2652 74
2655 27
2655 28
2655 29
2655 30
2655 31
2655 32
2655 33
2655 34
2655 35
2655 36
2655 37
2655 38
2655 39
2655 40
2655 41
2655 42
2655 43
2655 44
2655 45
2655 46
2655 47
2655 48
2655 49
2655 50
2655 51
2655 52
2655 53
2655 54
2655 55
2658 10
2658 11
2658 12
2658 13
2658 14
2658 15
2658 16
2658 17
2658 18
2658 19
2658 20
2659 33
2659 34
2659 35
2659 36
2659 37
2659 38
2659 39
2659 40
2659 41
2659 42
2659 43
2659 44
2659 45
2659 46
2659 47
2659 48
2659 49
2659 50
2659 51
2659 52
2659 53
2659 54
2659 55
2659 56
2659 57
2659 58
2659 59
2659 60
2659 61
2662 12
2662 13
2662 14
2662 15
2662 16
2662 17
2662 18
2662 19
2662 20
2662 21
2662 22
2662 23
2662 24
2662 25
2662 26
2662 27
2662 28
2662 29
2663 40
2663 41
2663 42
2663 43
2663 44
2663 45
2663 46
2663 47
2663 48
2663 49
2663 50
2663 51
2663 52
2663 53
2663 54
2663 55
2663 56
2663 57
2663 58
2663 59
2663 60
2663 61
2663 62
2663 63
2663 64
2663 65
2663 66
2666 16
2666 17
2666 18
2666 19
2666 20
2666 21
2666 22
2666 23
2666 24
2666 25
2666 26
2666 27
2666 28
2666 29
2666 30
2666 31
2666 32
2666 33
2666 34
2666 35
2666 36
2666 37
2666 38
2667 48
2667 49
2667 50
2667 51
2667 52
2667 53
2667 54
2667 55
2667 56
2667 57
2667 58
2667 59
2667 60
2667 61
2667 62
2667 63
2667 64
2667 65
2667 66
2667 67
2667 68
2667 69
2667 70
2670 21
2670 22
2670 23
2670 24
2670 25
2670 26
2670 27
2670 28
2670 29
2670 30
2670 31
2670 32
2670 33
2670 34
2670 35
2670 36
2670 37
2670 38
2670 39
2670 40
2670 41
2670 42
2670 43
2670 44
2670 45
2671 56
2671 57
2671 58
2671 59
2671 60
2671 61
2671 62
2671 63
2671 64
2671 65
2671 66
2671 67
2671 68
2671 69
2671 70
2671 71
2671 72
2671 73
2674 26
2674 27
2674 28
2674 29
2674 30
2674 31
2674 32
2674 33
2674 34
2674 35
2674 36
2674 37
2674 38
2674 39
2674 40
2674 41
2674 42
2674 43
2674 44
2674 45
2674 46
2674 47
2674 48
2674 49
2674 50
2674 51
2674 52
2675 69
2675 70
2675 71
2678 31
2678 32
2678 33
2678 34
2678 35
2678 36
2678 37
2678 38
2678 39
2678 40
2678 41
2678 42
2678 43
2678 44
2678 45
2678 46
2678 47
2678 48
2678 49
2678 50
2678 51
2678 52
2678 53
2678 54
2678 55
2678 56
2678 57
2678 58
2681 12
2681 13
2681 14
2681 15
2681 16
2681 17
2681 18
2681 19
2681 20
2681 21
2681 22
2681 23
2681 24
2681 25
2682 38
2682 39
2682 40
2682 41
2682 42
2682 43
2682 44
2682 45
2682 46
2682 47
2682 48
2682 49
2682 50
2682 51
2682 52
2682 53
2682 54
2682 55
2682 56
2682 57
2682 58
2682 59
2682 60
2682 61
2682 62
2682 63
2682 64
2685 15
2685 16
2685 17
2685 18
2685 19
2685 20
2685 21
2685 22
2685 23
2685 24
2685 25
2685 26
2685 27
2685 28
2685 29
2685 30
2685 31
2685 32
2685 33
2685 34
2686 45
2686 46
2686 47
2686 48
2686 49
2686 50
2686 51
2686 52
2686 53
2686 54
2686 55
2686 56
2686 57
2686 58
2686 59
2686 60
2686 61
2686 62
2686 63
2686 64
2686 65
2686 66
2686 67
2686 68
2686 69
2689 19
2689 20
2689 21
2689 22
2689 23
2689 24
2689 25
2689 26
2689 27
2689 28
2689 29
2689 30
2689 31
2689 32
2689 33
2689 34
2689 35
2689 36
2689 37
2689 38
2689 39
2689 40
2689 41
2689 42
2690 53
2690 54
2690 55
2690 56
2690 57
2690 58
2690 59
2690 60
2690 61
2690 62
2690 63
2690 64
2690 65
2690 66
2690 67
2690 68
2690 69
2690 70
2690 71
2690 72
2693 24
2693 25
2693 26
2693 27
2693 28
2693 29
2693 30
2693 31
2693 32
2693 33
2693 34
2693 35
2693 36
2693 37
2693 38
2693 39
2693 40
2693 41
2693 42
2693 43
2693 44
2693 45
2693 46
2693 47
2693 48
2693 49
2694 63
2694 64
2694 65
2694 66
2694 67
2694 68
2694 69
2694 70
2694 71
2694 72
2694 73
2697 29
2697 30
2697 31
2697 32
2697 33
2697 34
2697 35
2697 36
2697 37
2697 38
2697 39
2697 40
2697 41
2697 42
2697 43
2697 44
2697 45
2697 46
2697 47
2697 48
2697 49
2697 50
2697 51
2697 52
2697 53
2697 54
2697 55
2697 56
2700 14
2700 15
2700 16
2700 17
2700 18
2700 19
2701 36
2701 37
2701 38
2701 39
2701 40
2701 41
2701 42
2701 43
2701 44
2701 45
2701 46
2701 47
2701 48
2701 49
2701 50
2701 51
2701 52
2701 53
2701 54
2701 55
2701 56
2701 57
2701 58
2701 59
2701 60
2701 61
2701 62
2704 15
2704 16
2704 17
2704 18
2704 19
2704 20
2704 21
2704 22
2704 23
2704 24
2704 25
2704 26
2704 27
2704 28
2704 29
2704 30
2705 42
2705 43
2705 44
2705 45
2705 46
2705 47
2705 48
2705 49
2705 50
2705 51
2705 52
2705 53
2705 54
2705 55
2705 56
2705 57
2705 58
2705 59
2705 60
2705 61
2705 62
2705 63
2705 64
2705 65
2705 66
2705 67
2708 18
2708 19
2708 20
2708 21
2708 22
2708 23
2708 24
2708 25
2708 26
2708 27
2708 28
2708 29
2708 30
2708 31
2708 32
2708 33
2708 34
2708 35
2708 36
2708 37
2708 38
2709 50
2709 51
2709 52
2709 53
2709 54
2709 55
2709 56
2709 57
2709 58
2709 59
2709 60
2709 61
2709 62
2709 63
2709 64
2709 65
2709 66
2709 67
2709 68
2709 69
2709 70
2709 71
2712 23
2712 24
2712 25
2712 26
2712 27
2712 28
2712 29
2712 30
2712 31
2712 32
2712 33
2712 34
2712 35
2712 36
2712 37
2712 38
2712 39
2712 40
2712 41
2712 42
2712 43
2712 44
2712 45
2712 46
2713 60
2713 61
2713 62
2713 63
2713 64
2713 65
2713 66
2713 67
2713 68
2713 69
2713 70
2713 71
2713 72
2713 73
2716 28
2716 29
2716 30
2716 31
2716 32
2716 33
2716 34
2716 35
2716 36
2716 37
2716 38
2716 39
2716 40
2716 41
2716 42
2716 43
2716 44
2716 45
2716 46
2716 47
2716 48
2716 49
2716 50
2716 51
2716 52
2716 53
2720 34
2720 35
2720 36
2720 37
2720 38
2720 39
2720 40
2720 41
2720 42
2720 43
2720 44
2720 45
2720 46
2720 47
2720 48
2720 49
2720 50
2720 51
2720 52
2720 53
2720 54
2720 55
2720 56
2720 57
2720 58
2720 59
2723 16
2723 17
2723 18
2723 19
2723 20
2723 21
2723 22
2723 23
2723 24
2724 40
2724 41
2724 42
2724 43
2724 44
2724 45
2724 46
2724 47
2724 48
2724 49
2724 50
2724 51
2724 52
2724 53
2724 54
2724 55
2724 56
2724 57
2724 58
2724 59
2724 60
2724 61
2724 62
2724 63
2724 64
2724 65
2727 18
2727 19
2727 20
2727 21
2727 22
2727 23
2727 24
2727 25
2727 26
2727 27
2727 28
2727 29
2727 30
2727 31
2727 32
2727 33
2727 34
2728 48
2728 49
2728 50
2728 51
2728 52
2728 53
2728 54
2728 55
2728 56
2728 57
2728 58
2728 59
2728 60
2728 61
2728 62
2728 63
2728 64
2728 65
2728 66
2728 67
2728 68
2728 69
2731 22
2731 23
2731 24
2731 25
2731 26
2731 27
2731 28
2731 29
2731 30
2731 31
2731 32
2731 33
2731 34
2731 35
2731 36
2731 37
2731 38
2731 39
2731 40
2731 41
2731 42
2732 56
2732 57
2732 58
2732 59
2732 60
2732 61
2732 62
2732 63
2732 64
2732 65
2732 66
2732 67
2732 68
2732 69
2732 70
2732 71
2732 72
2735 26
2735 27
2735 28
2735 29
2735 30
2735 31
2735 32
2735 33
2735 34
2735 35
2735 36
2735 37
2735 38
2735 39
2735 40
2735 41
2735 42
2735 43
2735 44
2735 45
2735 46
2735 47
2735 48
2735 49
2735 50
2739 32
2739 33
2739 34
2739 35
2739 36
2739 37
2739 38
2739 39
2739 40
2739 41
2739 42
2739 43
2739 44
2739 45
2739 46
2739 47
2739 48
2739 49
2739 50
2739 51
2739 52
2739 53
2739 54
2739 55
2739 56
2743 38
2743 39
2743 40
2743 41
2743 42
2743 43
2743 44
2743 45
2743 46
2743 47
2743 48
2743 49
2743 50
2743 51
2743 52
2743 53
2743 54
2743 55
2743 56
2743 57
2743 58
2743 59
2743 60
2743 61
2743 62
2746 18
2746 19
2746 20
2746 21
2746 22
2746 23
2746 24
2746 25
2746 26
2746 27
2746 28
2746 29
2747 45
2747 46
2747 47
2747 48
2747 49
2747 50
2747 51
2747 52
2747 53
2747 54
2747 55
2747 56
2747 57
2747 58
2747 59
2747 60
2747 61
2747 62
2747 63
2747 64
2747 65
2747 66
2747 67
2750 21
2750 22
2750 23
2750 24
2750 25
2750 26
2750 27
2750 28
2750 29
2750 30
2750 31
2750 32
2750 33
2750 34
2750 35
2750 36
2750 37
2750 38
2751 54
2751 55
2751 56
2751 57
2751 58
2751 59
2751 60
2751 61
2751 62
2751 63
2751 64
2751 65
2751 66
2751 67
2751 68
2751 69
2751 70
2754 25
2754 26
2754 27
2754 28
2754 29
2754 30
2754 31
2754 32
2754 33
2754 34
2754 35
2754 36
2754 37
2754 38
2754 39
2754 40
2754 41
2754 42
2754 43
2754 44
2754 45
2754 46
2755 66
2755 67
2755 68
2755 69
2758 31
2758 32
2758 33
2758 34
2758 35
2758 36
2758 37
2758 38
2758 39
2758 40
2758 41
2758 42
2758 43
2758 44
2758 45
2758 46
2758 47
2758 48
2758 49
2758 50
2758 51
2758 52
2758 53
2762 36
2762 37
2762 38
2762 39
2762 40
2762 41
2762 42
2762 43
2762 44
2762 45
2762 46
2762 47
2762 48
2762 49
2762 50
2762 51
2762 52
2762 53
2762 54
2762 55
2762 56
2762 57
2762 58
2762 59
2766 43
2766 44
2766 45
2766 46
2766 47
2766 48
2766 49
2766 50
2766 51
2766 52
2766 53
2766 54
2766 55
2766 56
2766 57
2766 58
2766 59
2766 60
2766 61
2766 62
2766 63
2766 64
2769 21
2769 22
2769 23
2769 24
2769 25
2769 26
2769 27
2769 28
2769 29
2769 30
2769 31
2769 32
2769 33
2770 51
2770 52
2770 53
2770 54
2770 55
2770 56
2770 57
2770 58
2770 59
2770 60
2770 61
2770 62
2770 63
2770 64
2770 65
2770 66
2770 67
2770 68
2773 25
2773 26
2773 27
2773 28
2773 29
2773 30
2773 31
2773 32
2773 33
2773 34
2773 35
2773 36
2773 37
2773 38
2773 39
2773 40
2773 41
2773 42
2774 62
2774 63
2774 64
2774 65
2774 66
2774 67
2774 68
2774 69
2777 29
2777 30
2777 31
2777 32
2777 33
2777 34
2777 35
2777 36
2777 37
2777 38
2777 39
2777 40
2777 41
2777 42
2777 43
2777 44
2777 45
2777 46
2777 47
2777 48
2777 49
2777 50
2781 35
2781 36
2781 37
2781 38
2781 39
2781 40
2781 41
2781 42
2781 43
2781 44
2781 45
2781 46
2781 47
2781 48
2781 49
2781 50
2781 51
2781 52
2781 53
2781 54
2781 55
2781 56
2785 41
2785 42
2785 43
2785 44
2785 45
2785 46
2785 47
2785 48
2785 49
2785 50
2785 51
2785 52
2785 53
2785 54
2785 55
2785 56
2785 57
2785 58
2785 59
2785 60
2785 61
2785 62
2788 25
2789 49
2789 50
2789 51
2789 52
2789 53
2789 54
2789 55
2789 56
2789 57
2789 58
2789 59
2789 60
2789 61
2789 62
2789 63
2789 64
2789 65
2789 66
2792 25
2792 26
2792 27
2792 28
2792 29
2792 30
2792 31
2792 32
2792 33
2792 34
2792 35
2792 36
2792 37
2793 59
2793 60
2793 61
2793 62
2793 63
2793 64
2793 65
2793 66
2793 67
2793 68
2796 29
2796 30
2796 31
2796 32
2796 33
2796 34
2796 35
2796 36
2796 37
2796 38
2796 39
2796 40
2796 41
2796 42
2796 43
2796 44
2796 45
2796 46
2800 34
2800 35
2800 36
2800 37
2800 38
2800 39
2800 40
2800 41
2800 42
2800 43
2800 44
2800 45
2800 46
2800 47
2800 48
2800 49
2800 50
2800 51
2800 52
2800 53
2804 40
2804 41
2804 42
2804 43
2804 44
2804 45
2804 46
2804 47
2804 48
2804 49
2804 50
2804 51
2804 52
2804 53
2804 54
2804 55
2804 56
2804 57
2804 58
2804 59
2808 47
2808 48
2808 49
2808 50
2808 51
2808 52
2808 53
2808 54
2808 55
2808 56
2808 57
2808 58
2808 59
2808 60
2808 61
2808 62
2808 63
2811 28
2811 29
2811 30
2812 56
2812 57
2812 58
2812 59
2812 60
2812 61
2812 62
2812 63
2812 64
2812 65
2812 66
2815 29
2815 30
2815 31
2815 32
2815 33
2815 34
2815 35
2815 36
2815 37
2815 38
2815 39
2815 40
2815 41
2819 33
2819 34
2819 35
2819 36
2819 37
2819 38
2819 39
2819 40
2819 41
2819 42
2819 43
2819 44
2819 45
2819 46
2819 47
2819 48
2819 49
2823 39
2823 40
2823 41
2823 42
2823 43
2823 44
2823 45
2823 46
2823 47
2823 48
2823 49
2823 50
2823 51
2823 52
2823 53
2823 54
2823 55
2827 45
2827 46
2827 47
2827 48
2827 49
2827 50
2827 51
2827 52
2827 53
2827 54
2827 55
2827 56
2827 57
2827 58
2827 59
2827 60
2831 54
2831 55
2831 56
2831 57
2831 58
2831 59
2831 60
2831 61
2831 62
2831 63
2838 33
2838 34
2838 35
2838 36
2838 37
2838 38
2838 39
2838 40
2838 41
2838 42
2838 43
2838 44
2842 38
2842 39
2842 40
2842 41
2842 42
2842 43
2842 44
2842 45
2842 46
2842 47
2842 48
2842 49
2842 50
2842 51
2846 45
2846 46
2846 47
2846 48
2846 49
2846 50
2846 51
2846 52
2846 53
2846 54
2846 55
2846 56
2850 53
2850 54
2850 55
2850 56
2850 57
2850 58
2850 59
2850 60
2861 39
2861 40
2861 41
2861 42
2861 43
2861 44
2861 45
2865 45
2865 46
2865 47
2865 48
2865 49
2865 50
2865 51
2865 52
