2141 234
2141 235
2141 236
2141 237
2141 238
2141 239
2143 228
2143 229
2143 230
2143 231
2143 232
2143 233
2143 234
2143 235
2143 236
2145 224
2145 225
2145 226
2145 227
2145 228
2145 229
2145 230
2145 231
2145 232
2145 233
2147 220
2147 221
2147 222
2147 223
2147 224
2147 225
2147 226
2147 227
2147 228
2147 229
2149 217
2149 218
2149 219
2149 220
2149 221
2149 222
2149 223
2149 224
2151 215
2151 216
2151 217
2151 218
2172 243
2172 244
2172 245
2172 246
2172 247
2172 248
2172 249
2174 237
2174 238
2174 239
2174 240
2174 241
2174 242
2174 243
2174 244
2174 245
2174 246
2174 247
2174 248
2176 231
2176 232
2176 233
2176 234
2176 235
2176 236
2176 237
2176 238
2176 239
2176 240
2176 241
2176 242
2176 243
2176 244
2176 245
2178 227
2178 228
2178 229
2178 230
2178 231
2178 232
2178 233
2178 234
2178 235
2178 236
2178 237
2178 238
2178 239
2178 240
2178 241
2180 222
2180 223
2180 224
2180 225
2180 226
2180 227
2180 228
2180 229
2180 230
2180 231
2180 232
2180 233
2180 234
2180 235
2180 236
2180 237
2182 219
2182 220
2182 221
2182 222
2182 223
2182 224
2182 225
2182 226
2182 227
2182 228
2182 229
2182 230
2182 231
2182 232
2182 233
2184 216
2184 217
2184 218
2184 219
2184 220
2184 221
2184 222
2184 223
2184 224
2184 225
2184 226
2184 227
2184 228
2186 213
2186 214
2186 215
2186 216
2186 217
2186 218
2186 219
2186 220
2186 221
2186 222
2186 223
2188 212
2188 213
2188 214
2188 215
2188 216
2188 217
2205 252
2207 242
2207 243
2207 244
2207 245
2207 246
2207 247
2207 248
2207 249
2207 250
2207 251
2207 252
2207 253
2209 236
2209 237
2209 238
2209 239
2209 240
2209 241
2209 242
2209 243
2209 244
2209 245
2209 246
2209 247
2209 248
2209 249
2209 250
2209 251
2211 231
2211 232
2211 233
2211 234
2211 235
2211 236
2211 237
2211 238
2211 239
2211 240
2211 241
2211 242
2211 243
2211 244
2211 245
2211 246
2211 247
2211 248
2213 227
2213 228
2213 229
2213 230
2213 231
2213 232
2213 233
2213 234
2213 235
2213 236
2213 237
2213 238
2213 239
2213 240
2213 241
2213 242
2213 243
2213 244
2215 223
2215 224
2215 225
2215 226
2215 227
2215 228
2215 229
2215 230
2215 231
2215 232
2215 233
2215 234
2215 235
2215 236
2215 237
2215 238
2215 239
2215 240
2217 219
2217 220
2217 221
2217 222
2217 223
2217 224
2217 225
2217 226
2217 227
2217 228
2217 229
2217 230
2217 231
2217 232
2217 233
2217 234
2217 235
2217 236
2219 216
2219 217
2219 218
2219 219
2219 220
2219 221
2219 222
2219 223
2219 224
2219 225
2219 226
2219 227
2219 228
2219 229
2219 230
2219 231
2221 213
2221 214
2221 215
2221 216
2221 217
2221 218
2221 219
2221 220
2221 221
2221 222
2221 223
2221 224
2221 225
2221 226
2223 212
2223 213
2223 214
2223 215
2223 216
2223 217
2223 218
2223 219
2240 252
2240 253
2240 254
2240 255
2242 243
2242 244
2242 245
2242 246
2242 247
2242 248
2242 249
2242 250
2242 251
2242 252
2242 253
2242 254
2242 255
2244 237
2244 238
2244 239
2244 240
2244 241
2244 242
2244 243
2244 244
2244 245
2244 246
2244 247
2244 248
2244 249
2244 250
2244 251
2244 252
2244 253
2246 232
2246 233
2246 234
2246 235
2246 236
2246 237
2246 238
2246 239
2246 240
2246 241
2246 242
2246 243
2246 244
2246 245
2246 246
2246 247
2246 248
2246 249
2246 250
2248 228
2248 229
2248 230
2248 231
2248 232
2248 233
2248 234
2248 235
2248 236
2248 237
2248 238
2248 239
2248 240
2248 241
2248 242
2248 243
2248 244
2248 245
2248 246
2250 224
2250 225
2250 226
2250 227
2250 228
2250 229
2250 230
2250 231
2250 232
2250 233
2250 234
2250 235
2250 236
2250 237
2250 238
2250 239
2250 240
2250 241
2250 242
2252 220
2252 221
2252 222
2252 223
2252 224
2252 225
2252 226
2252 227
2252 228
2252 229
2252 230
2252 231
2252 232
2252 233
2252 234
2252 235
2252 236
2252 237
2254 217
2254 218
2254 219
2254 220
2254 221
2254 222
2254 223
2254 224
2254 225
2254 226
2254 227
2254 228
2254 229
2254 230
2254 231
2254 232
2256 215
2256 216
2256 217
2256 218
2256 219
2256 220
2256 221
2256 222
2256 223
2256 224
2256 225
2256 226
2256 227
2258 213
2258 214
2258 215
2258 216
2258 217
2258 218
2258 219
2258 220
2277 246
2277 247
2277 248
2277 249
2277 250
2277 251
2277 252
2277 253
2277 254
2277 255
2279 239
2279 240
2279 241
2279 242
2279 243
2279 244
2279 245
2279 246
2279 247
2279 248
2279 249
2279 250
2279 251
2279 252
2279 253
2281 234
2281 235
2281 236
2281 237
2281 238
2281 239
2281 240
2281 241
2281 242
2281 243
2281 244
2281 245
2281 246
2281 247
2281 248
2281 249
2281 250
2283 229
2283 230
2283 231
2283 232
2283 233
2283 234
2283 235
2283 236
2283 237
2283 238
2283 239
2283 240
2283 241
2283 242
2283 243
2283 244
2283 245
2283 246
2283 247
2285 225
2285 226
2285 227
2285 228
2285 229
2285 230
2285 231
2285 232
2285 233
2285 234
2285 235
2285 236
2285 237
2285 238
2285 239
2285 240
2285 241
2285 242
2285 243
2287 222
2287 223
2287 224
2287 225
2287 226
2287 227
2287 228
2287 229
2287 230
2287 231
2287 232
2287 233
2287 234
2287 235
2287 236
2287 237
2287 238
2289 219
2289 220
2289 221
2289 222
2289 223
2289 224
2289 225
2289 226
2289 227
2289 228
2289 229
2289 230
2289 231
2289 232
2289 233
2291 217
2291 218
2291 219
2291 220
2291 221
2291 222
2291 223
2291 224
2291 225
2291 226
2291 227
2314 243
2314 244
2314 245
2314 246
2314 247
2314 248
2314 249
2314 250
2314 251
2314 252
2316 237
2316 238
2316 239
2316 240
2316 241
2316 242
2316 243
2316 244
2316 245
2316 246
2316 247
2316 248
2316 249
2318 232
2318 233
2318 234
2318 235
2318 236
2318 237
2318 238
2318 239
2318 240
2318 241
2318 242
2318 243
2318 244
2318 245
2318 246
2320 228
2320 229
2320 230
2320 231
2320 232
2320 233
2320 234
2320 235
2320 236
2320 237
2320 238
2320 239
2320 240
2320 241
2320 242
2322 225
2322 226
2322 227
2322 228
2322 229
2322 230
2322 231
2322 232
2322 233
2322 234
2322 235
2322 236
2322 237
2324 222
2324 223
2324 224
2324 225
2324 226
2324 227
2324 228
2324 229
2324 230
2324 231
2353 238
2353 239
2353 240
2353 241
2353 242
2355 234
2355 235
2355 236
2355 237
2355 238
