3869 292
3869 293
3869 294
3869 295
3869 296
3869 297
3869 298
3869 299
3882 298
3882 299
3882 300
3882 301
3882 302
3882 303
3882 304
3882 305
3882 306
3887 286
3887 287
3887 288
3887 289
3887 290
3887 291
3887 292
3887 293
3887 294
3887 295
3887 296
3887 297
3900 292
3900 293
3900 294
3900 295
3900 296
3900 297
3900 298
3900 299
3900 300
3900 301
3900 302
3900 303
3900 304
3900 305
3905 281
3905 282
3905 283
3905 284
3905 285
3905 286
3905 287
3905 288
3905 289
3905 290
3905 291
3905 292
3905 293
3905 294
3905 295
3918 287
3918 288
3918 289
3918 290
3918 291
3918 292
3918 293
3918 294
3918 295
3918 296
3918 297
3918 298
3918 299
3918 300
3918 301
3918 302
3918 303
3923 277
3923 278
3923 279
3923 280
3923 281
3923 282
3923 283
3923 284
3923 285
3923 286
3923 287
3923 288
3923 289
3923 290
3923 291
3923 292
3931 297
3931 298
3931 299
3931 300
3931 301
3931 302
3931 303
3931 304
3931 305
3931 306
3931 307
3936 282
3936 283
3936 284
3936 285
3936 286
3936 287
3936 288
3936 289
3936 290
3936 291
3936 292
3936 293
3936 294
3936 295
3936 296
3936 297
3936 298
3936 299
3936 300
3936 301
3941 273
3941 274
3941 275
3941 276
3941 277
3941 278
3941 279
3941 280
3941 281
3941 282
3941 283
3941 284
3941 285
3941 286
3941 287
3941 288
3941 289
3949 291
3949 292
3949 293
3949 294
3949 295
3949 296
3949 297
3949 298
3949 299
3949 300
3949 301
3949 302
3949 303
3949 304
3949 305
3949 306
3954 277
3954 278
3954 279
3954 280
3954 281
3954 282
3954 283
3954 284
3954 285
3954 286
3954 287
3954 288
3954 289
3954 290
3954 291
3954 292
3954 293
3954 294
3954 295
3954 296
3954 297
3954 298
3954 299
3959 269
3959 270
3959 271
3959 272
3959 273
3959 274
3959 275
3959 276
3959 277
3959 278
3959 279
3959 280
3959 281
3959 282
3959 283
3959 284
3959 285
3967 286
3967 287
3967 288
3967 289
3967 290
3967 291
3967 292
3967 293
3967 294
3967 295
3967 296
3967 297
3967 298
3967 299
3967 300
3967 301
3967 302
3967 303
3967 304
3972 273
3972 274
3972 275
3972 276
3972 277
3972 278
3972 279
3972 280
3972 281
3972 282
3972 283
3972 284
3972 285
3972 286
3972 287
3972 288
3972 289
3972 290
3972 291
3972 292
3972 293
3972 294
3972 295
3972 296
3977 267
3977 268
3977 269
3977 270
3977 271
3977 272
3977 273
3977 274
3977 275
3977 276
3977 277
3977 278
3977 279
3977 280
3977 281
3985 282
3985 283
3985 284
3985 285
3985 286
3985 287
3985 288
3985 289
3985 290
3985 291
3985 292
3985 293
3985 294
3985 295
3985 296
3985 297
3985 298
3985 299
3985 300
3985 301
3985 302
3990 269
3990 270
3990 271
3990 272
3990 273
3990 274
3990 275
3990 276
3990 277
3990 278
3990 279
3990 280
3990 281
3990 282
3990 283
3990 284
3990 285
3990 286
3990 287
3990 288
3990 289
3990 290
3990 291
3990 292
3990 293
3995 265
3995 266
3995 267
3995 268
3995 269
3995 270
3995 271
3995 272
3995 273
3995 274
3995 275
3995 276
3998 295
3998 296
3998 297
3998 298
3998 299
3998 300
3998 301
3998 302
3998 303
3998 304
4003 277
4003 278
4003 279
4003 280
4003 281
4003 282
4003 283
4003 284
4003 285
4003 286
4003 287
4003 288
4003 289
4003 290
4003 291
4003 292
4003 293
4003 294
4003 295
4003 296
4003 297
4003 298
4003 299
4003 300
4008 266
4008 267
4008 268
4008 269
4008 270
4008 271
4008 272
4008 273
4008 274
4008 275
4008 276
4008 277
4008 278
4008 279
4008 280
4008 281
4008 282
4008 283
4008 284
4008 285
4008 286
4008 287
4008 288
4008 289
4016 289
4016 290
4016 291
4016 292
4016 293
4016 294
4016 295
4016 296
4016 297
4016 298
4016 299
4016 300
4016 301
4016 302
4016 303
4021 273
4021 274
4021 275
4021 276
4021 277
4021 278
4021 279
4021 280
4021 281
4021 282
4021 283
4021 284
4021 285
4021 286
4021 287
4021 288
4021 289
4021 290
4021 291
4021 292
4021 293
4021 294
4021 295
4021 296
4021 297
4026 263
4026 264
4026 265
4026 266
4026 267
4026 268
4026 269
4026 270
4026 271
4026 272
4026 273
4026 274
4026 275
4026 276
4026 277
4026 278
4026 279
4026 280
4026 281
4026 282
4026 283
4026 284
4026 285
4034 284
4034 285
4034 286
4034 287
4034 288
4034 289
4034 290
4034 291
4034 292
4034 293
4034 294
4034 295
4034 296
4034 297
4034 298
4034 299
4034 300
4034 301
4039 269
4039 270
4039 271
4039 272
4039 273
4039 274
4039 275
4039 276
4039 277
4039 278
4039 279
4039 280
4039 281
4039 282
4039 283
4039 284
4039 285
4039 286
4039 287
4039 288
4039 289
4039 290
4039 291
4039 292
4039 293
4039 294
4044 261
4044 262
4044 263
4044 264
4044 265
4044 266
4044 267
4044 268
4044 269
4044 270
4044 271
4044 272
4044 273
4044 274
4044 275
4044 276
4044 277
4044 278
4044 279
4044 280
4044 281
4052 279
4052 280
4052 281
4052 282
4052 283
4052 284
4052 285
4052 286
4052 287
4052 288
4052 289
4052 290
4052 291
4052 292
4052 293
4052 294
4052 295
4052 296
4052 297
4052 298
4052 299
4057 266
4057 267
4057 268
4057 269
4057 270
4057 271
4057 272
4057 273
4057 274
4057 275
4057 276
4057 277
4057 278
4057 279
4057 280
4057 281
4057 282
4057 283
4057 284
4057 285
4057 286
4057 287
4057 288
4057 289
4057 290
4057 291
4062 259
4062 260
4062 261
4062 262
4062 263
4062 264
4062 265
4062 266
4062 267
4062 268
4062 269
4062 270
4062 271
4062 272
4062 273
4062 274
4062 275
4062 276
4070 275
4070 276
4070 277
4070 278
4070 279
4070 280
4070 281
4070 282
4070 283
4070 284
4070 285
4070 286
4070 287
4070 288
4070 289
4070 290
4070 291
4070 292
4070 293
4070 294
4070 295
4070 296
4075 263
4075 264
4075 265
4075 266
4075 267
4075 268
4075 269
4075 270
4075 271
4075 272
4075 273
4075 274
4075 275
4075 276
4075 277
4075 278
4075 279
4075 280
4075 281
4075 282
4075 283
4075 284
4075 285
4075 286
4075 287
4080 259
4080 260
4080 261
4080 262
4080 263
4080 264
4080 265
4080 266
4080 267
4080 268
4080 269
4088 272
4088 273
4088 274
4088 275
4088 276
4088 277
4088 278
4088 279
4088 280
4088 281
4088 282
4088 283
4088 284
4088 285
4088 286
4088 287
4088 288
4088 289
4088 290
4088 291
4088 292
4088 293
4093 260
4093 261
4093 262
4093 263
4093 264
4093 265
4093 266
4093 267
4093 268
4093 269
4093 270
4093 271
4093 272
4093 273
4093 274
4093 275
4093 276
4093 277
4093 278
4093 279
4093 280
4093 281
4093 282
4101 287
4101 288
4101 289
4101 290
4101 291
4101 292
4101 293
4106 268
4106 269
4106 270
4106 271
4106 272
4106 273
4106 274
4106 275
4106 276
4106 277
4106 278
4106 279
4106 280
4106 281
4106 282
4106 283
4106 284
4106 285
4106 286
4106 287
4106 288
4106 289
4106 290
4111 258
4111 259
4111 260
4111 261
4111 262
4111 263
4111 264
4111 265
4111 266
4111 267
4111 268
4111 269
4111 270
4111 271
4111 272
4111 273
4111 274
4111 275
4111 276
4111 277
4119 282
4119 283
4119 284
4119 285
4119 286
4119 287
4119 288
4119 289
4119 290
4119 291
4124 265
4124 266
4124 267
4124 268
4124 269
4124 270
4124 271
4124 272
4124 273
4124 274
4124 275
4124 276
4124 277
4124 278
4124 279
4124 280
4124 281
4124 282
4124 283
4124 284
4124 285
4129 258
4129 259
4129 260
4129 261
4129 262
4129 263
4129 264
4129 265
4129 266
4129 267
4129 268
4129 269
4129 270
4137 278
4137 279
4137 280
4137 281
4137 282
4137 283
4137 284
4137 285
4137 286
4137 287
4137 288
4142 263
4142 264
4142 265
4142 266
4142 267
4142 268
4142 269
4142 270
4142 271
4142 272
4142 273
4142 274
4142 275
4142 276
4142 277
4142 278
4142 279
4142 280
4155 276
4155 277
4155 278
4155 279
4155 280
4155 281
4155 282
4155 283
4160 261
4160 262
4160 263
4160 264
4160 265
4160 266
4160 267
4160 268
4160 269
4160 270
4160 271
4160 272
4160 273
