513 203
513 204
513 205
513 206
513 207
524 198
524 199
524 200
524 201
524 202
524 203
524 204
524 205
524 206
525 211
525 212
525 213
525 214
525 215
525 216
525 217
525 218
535 195
535 196
535 197
535 198
535 199
535 200
535 201
535 202
535 203
535 204
536 206
536 207
536 208
536 209
536 210
536 211
536 212
536 213
536 214
536 215
536 216
536 217
546 192
546 193
546 194
546 195
546 196
546 197
546 198
546 199
546 200
546 201
547 202
547 203
547 204
547 205
547 206
547 207
547 208
547 209
547 210
547 211
547 212
547 213
547 214
547 215
548 219
548 220
548 221
548 222
548 223
548 224
557 190
557 191
557 192
557 193
557 194
557 195
557 196
557 197
558 199
558 200
558 201
558 202
558 203
558 204
558 205
558 206
558 207
558 208
558 209
558 210
558 211
558 212
558 213
559 213
559 214
559 215
559 216
559 217
559 218
559 219
559 220
559 221
559 222
559 223
559 224
568 188
568 189
568 190
568 191
568 192
568 193
568 194
569 196
569 197
569 198
569 199
569 200
569 201
569 202
569 203
569 204
569 205
569 206
569 207
569 208
569 209
569 210
570 208
570 209
570 210
570 211
570 212
570 213
570 214
570 215
570 216
570 217
570 218
570 219
570 220
570 221
570 222
579 187
579 188
579 189
580 193
580 194
580 195
580 196
580 197
580 198
580 199
580 200
580 201
580 202
580 203
580 204
580 205
580 206
580 207
581 204
581 205
581 206
581 207
581 208
581 209
581 210
581 211
581 212
581 213
581 214
581 215
581 216
581 217
581 218
581 219
581 220
582 221
582 222
582 223
582 224
582 225
582 226
582 227
582 228
582 229
591 190
591 191
591 192
591 193
591 194
591 195
591 196
591 197
591 198
591 199
591 200
591 201
591 202
591 203
591 204
592 201
592 202
592 203
592 204
592 205
592 206
592 207
592 208
592 209
592 210
592 211
592 212
592 213
592 214
592 215
592 216
592 217
592 218
593 216
593 217
593 218
593 219
593 220
593 221
593 222
593 223
593 224
593 225
593 226
593 227
593 228
602 188
602 189
602 190
602 191
602 192
602 193
602 194
602 195
602 196
602 197
602 198
602 199
602 200
603 198
603 199
603 200
603 201
603 202
603 203
603 204
603 205
603 206
603 207
603 208
603 209
603 210
603 211
603 212
603 213
603 214
603 215
604 211
604 212
604 213
604 214
604 215
604 216
604 217
604 218
604 219
604 220
604 221
604 222
604 223
604 224
604 225
604 226
604 227
613 186
613 187
613 188
613 189
613 190
613 191
613 192
613 193
613 194
613 195
613 196
614 195
614 196
614 197
614 198
614 199
614 200
614 201
614 202
614 203
614 204
614 205
614 206
614 207
614 208
614 209
614 210
614 211
614 212
615 208
615 209
615 210
615 211
615 212
615 213
615 214
615 215
615 216
615 217
615 218
615 219
615 220
615 221
615 222
615 223
615 224
615 225
616 226
616 227
616 228
616 229
616 230
616 231
624 184
624 185
624 186
624 187
624 188
624 189
624 190
624 191
624 192
625 193
625 194
625 195
625 196
625 197
625 198
625 199
625 200
625 201
625 202
625 203
625 204
625 205
625 206
625 207
625 208
625 209
626 204
626 205
626 206
626 207
626 208
626 209
626 210
626 211
626 212
626 213
626 214
626 215
626 216
626 217
626 218
626 219
626 220
626 221
626 222
627 220
627 221
627 222
627 223
627 224
627 225
627 226
627 227
627 228
627 229
627 230
627 231
635 185
636 190
636 191
636 192
636 193
636 194
636 195
636 196
636 197
636 198
636 199
636 200
636 201
636 202
636 203
636 204
636 205
637 201
637 202
637 203
637 204
637 205
637 206
637 207
637 208
637 209
637 210
637 211
637 212
637 213
637 214
637 215
637 216
637 217
637 218
637 219
638 216
638 217
638 218
638 219
638 220
638 221
638 222
638 223
638 224
638 225
638 226
638 227
638 228
638 229
638 230
647 188
647 189
647 190
647 191
647 192
647 193
647 194
647 195
647 196
647 197
647 198
647 199
647 200
647 201
648 198
648 199
648 200
648 201
648 202
648 203
648 204
648 205
648 206
648 207
648 208
648 209
648 210
648 211
648 212
648 213
648 214
648 215
648 216
649 212
649 213
649 214
649 215
649 216
649 217
649 218
649 219
649 220
649 221
649 222
649 223
649 224
649 225
649 226
649 227
649 228
658 186
658 187
658 188
658 189
658 190
658 191
658 192
658 193
658 194
658 195
658 196
658 197
659 196
659 197
659 198
659 199
659 200
659 201
659 202
659 203
659 204
659 205
659 206
659 207
659 208
659 209
659 210
659 211
659 212
659 213
660 208
660 209
660 210
660 211
660 212
660 213
660 214
660 215
660 216
660 217
660 218
660 219
660 220
660 221
660 222
660 223
660 224
660 225
661 226
661 227
661 228
661 229
661 230
661 231
661 232
661 233
669 186
669 187
669 188
669 189
669 190
669 191
669 192
670 193
670 194
670 195
670 196
670 197
670 198
670 199
670 200
670 201
670 202
670 203
670 204
670 205
670 206
670 207
670 208
670 209
671 205
671 206
671 207
671 208
671 209
671 210
671 211
671 212
671 213
671 214
671 215
671 216
671 217
671 218
671 219
671 220
671 221
671 222
671 223
672 221
672 222
672 223
672 224
672 225
672 226
672 227
672 228
672 229
672 230
672 231
672 232
681 191
681 192
681 193
681 194
681 195
681 196
681 197
681 198
681 199
681 200
681 201
681 202
681 203
681 204
681 205
682 202
682 203
682 204
682 205
682 206
682 207
682 208
682 209
682 210
682 211
682 212
682 213
682 214
682 215
682 216
682 217
682 218
682 219
683 217
683 218
683 219
683 220
683 221
683 222
683 223
683 224
683 225
683 226
683 227
683 228
683 229
683 230
692 190
692 191
692 192
692 193
692 194
692 195
692 196
692 197
692 198
692 199
692 200
693 200
693 201
693 202
693 203
693 204
693 205
693 206
693 207
693 208
693 209
693 210
693 211
693 212
693 213
693 214
693 215
693 216
694 213
694 214
694 215
694 216
694 217
694 218
694 219
694 220
694 221
694 222
694 223
694 224
694 225
694 226
694 227
694 228
703 189
703 190
703 191
703 192
703 193
703 194
703 195
704 197
704 198
704 199
704 200
704 201
704 202
704 203
704 204
704 205
704 206
704 207
704 208
704 209
704 210
704 211
704 212
705 210
705 211
705 212
705 213
705 214
705 215
705 216
705 217
705 218
705 219
705 220
705 221
705 222
705 223
705 224
705 225
706 228
706 229
706 230
706 231
706 232
715 195
715 196
715 197
715 198
715 199
715 200
715 201
715 202
715 203
715 204
715 205
715 206
715 207
715 208
716 207
716 208
716 209
716 210
716 211
716 212
716 213
716 214
716 215
716 216
716 217
716 218
716 219
716 220
716 221
716 222
717 223
717 224
717 225
717 226
717 227
717 228
717 229
717 230
717 231
717 232
726 194
726 195
726 196
726 197
726 198
726 199
726 200
726 201
726 202
726 203
727 204
727 205
727 206
727 207
727 208
727 209
727 210
727 211
727 212
727 213
727 214
727 215
727 216
727 217
727 218
728 219
728 220
728 221
728 222
728 223
728 224
728 225
728 226
728 227
728 228
728 229
728 230
737 194
737 195
737 196
738 202
738 203
738 204
738 205
738 206
738 207
738 208
738 209
738 210
738 211
738 212
738 213
738 214
738 215
739 215
739 216
739 217
739 218
739 219
739 220
739 221
739 222
739 223
739 224
739 225
739 226
739 227
749 200
749 201
749 202
749 203
749 204
749 205
749 206
749 207
749 208
749 209
749 210
750 212
750 213
750 214
750 215
750 216
750 217
750 218
750 219
750 220
750 221
750 222
750 223
750 224
760 200
760 201
760 202
760 203
760 204
761 210
761 211
761 212
761 213
761 214
761 215
761 216
761 217
761 218
761 219
761 220
772 208
772 209
772 210
772 211
772 212
772 213
772 214
772 215
772 216
773 224
773 225
773 226
783 207
783 208
783 209
783 210
784 220
784 221
784 222
784 223
1302 220
1302 221
1302 222
1302 223
1302 224
1302 225
1302 226
1313 216
1313 217
1313 218
1313 219
1313 220
1313 221
1313 222
1313 223
1324 212
1324 213
1324 214
1324 215
1324 216
1324 217
1324 218
1324 219
1324 220
1325 228
1325 229
1325 230
1325 231
1325 232
1325 233
1325 234
1335 210
1335 211
1335 212
1335 213
1335 214
1335 215
1336 222
1336 223
1336 224
1336 225
1336 226
1336 227
1336 228
1336 229
1336 230
1336 231
1336 232
1347 218
1347 219
1347 220
1347 221
1347 222
1347 223
1347 224
1347 225
1347 226
1347 227
1347 228
1347 229
1347 230
1358 214
1358 215
1358 216
1358 217
1358 218
1358 219
1358 220
1358 221
1358 222
1358 223
1358 224
1358 225
1358 226
1359 232
1359 233
1359 234
1359 235
1359 236
1359 237
1359 238
1369 211
1369 212
1369 213
1369 214
1369 215
1369 216
1369 217
1369 218
1369 219
1369 220
1369 221
1369 222
1370 226
1370 227
1370 228
1370 229
1370 230
1370 231
1370 232
1370 233
1370 234
1370 235
1370 236
1370 237
1380 209
1380 210
1380 211
1380 212
1380 213
1380 214
1380 215
1380 216
1380 217
1380 218
1381 222
1381 223
1381 224
1381 225
1381 226
1381 227
1381 228
1381 229
1381 230
1381 231
1381 232
1381 233
1381 234
1391 208
1391 209
1391 210
1391 211
1392 218
1392 219
1392 220
1392 221
1392 222
1392 223
1392 224
1392 225
1392 226
1392 227
1392 228
1392 229
1392 230
1392 231
1393 240
1403 215
1403 216
1403 217
1403 218
1403 219
1403 220
1403 221
1403 222
1403 223
1403 224
1403 225
1403 226
1403 227
1404 232
1404 233
1404 234
1404 235
1404 236
1404 237
1404 238
1404 239
1404 240
1414 212
1414 213
1414 214
1414 215
1414 216
1414 217
1414 218
1414 219
1414 220
1414 221
1414 222
1414 223
1415 227
1415 228
1415 229
1415 230
1415 231
1415 232
1415 233
1415 234
1415 235
1415 236
1415 237
1415 238
1425 210
1425 211
1425 212
1425 213
1425 214
1425 215
1425 216
1425 217
1425 218
1426 223
1426 224
1426 225
1426 226
1426 227
1426 228
1426 229
1426 230
1426 231
1426 232
1426 233
1426 234
1426 235
1437 220
1437 221
1437 222
1437 223
1437 224
1437 225
1437 226
1437 227
1437 228
1437 229
1437 230
1437 231
1448 217
1448 218
1448 219
1448 220
1448 221
1448 222
1448 223
1448 224
1448 225
1448 226
1448 227
1449 236
1449 237
1449 238
1459 215
1459 216
1459 217
1459 218
1459 219
1459 220
1459 221
1459 222
1460 231
1460 232
1460 233
1460 234
1460 235
1460 236
1471 228
1471 229
1471 230
1471 231
1471 232
1471 233
1482 226
1482 227
1482 228
3947 222
3947 223
3947 224
3947 225
3947 226
3947 227
3947 228
3947 229
3947 230
3947 231
3947 232
3958 216
3958 217
3958 218
3958 219
3958 220
3958 221
3958 222
3958 223
3958 224
3958 225
3958 226
3958 227
3958 228
3958 229
3958 230
3958 231
3959 231
3959 232
3959 233
3959 234
3959 235
3959 236
3959 237
3959 238
3959 239
3959 240
3959 241
3959 242
3959 243
3968 206
3968 207
3968 208
3968 209
3969 211
3969 212
3969 213
3969 214
3969 215
3969 216
3969 217
3969 218
3969 219
3969 220
3969 221
3969 222
3969 223
3969 224
3969 225
3969 226
3969 227
3969 228
3969 229
3970 224
3970 225
3970 226
3970 227
3970 228
3970 229
3970 230
3970 231
3970 232
3970 233
3970 234
3970 235
3970 236
3970 237
3970 238
3970 239
3970 240
3970 241
3970 242
3970 243
3979 203
3979 204
3979 205
3980 207
3980 208
3980 209
3980 210
3980 211
3980 212
3980 213
3980 214
3980 215
3980 216
3980 217
3980 218
3980 219
3980 220
3980 221
3980 222
3980 223
3980 224
3980 225
3980 226
3980 227
3981 219
3981 220
3981 221
3981 222
3981 223
3981 224
3981 225
3981 226
3981 227
3981 228
3981 229
3981 230
3981 231
3981 232
3981 233
3981 234
3981 235
3981 236
3981 237
3981 238
3981 239
3981 240
3981 241
3982 236
3982 237
3982 238
3982 239
3982 240
3982 241
3982 242
3982 243
3982 244
3982 245
3982 246
3982 247
3982 248
3982 249
3982 250
3982 251
3991 203
3991 204
3991 205
3991 206
3991 207
3991 208
3991 209
3991 210
3991 211
3991 212
3991 213
3991 214
3991 215
3991 216
3991 217
3991 218
3991 219
3991 220
3991 221
3991 222
3991 223
3991 224
3992 214
3992 215
3992 216
3992 217
3992 218
3992 219
3992 220
3992 221
3992 222
3992 223
3992 224
3992 225
3992 226
3992 227
3992 228
3992 229
3992 230
3992 231
3992 232
3992 233
3992 234
3992 235
3992 236
3992 237
3992 238
3992 239
3993 230
3993 231
3993 232
3993 233
3993 234
3993 235
3993 236
3993 237
3993 238
3993 239
3993 240
3993 241
3993 242
3993 243
3993 244
3993 245
3993 246
3993 247
3993 248
3993 249
3993 250
4002 200
4002 201
4002 202
4002 203
4002 204
4002 205
4002 206
4002 207
4002 208
4002 209
4002 210
4002 211
4002 212
4002 213
4002 214
4002 215
4002 216
4002 217
4002 218
4002 219
4002 220
4002 221
4003 210
4003 211
4003 212
4003 213
4003 214
4003 215
4003 216
4003 217
4003 218
4003 219
4003 220
4003 221
4003 222
4003 223
4003 224
4003 225
4003 226
4003 227
4003 228
4003 229
4003 230
4003 231
4003 232
4003 233
4003 234
4003 235
4003 236
4003 237
4004 224
4004 225
4004 226
4004 227
4004 228
4004 229
4004 230
4004 231
4004 232
4004 233
4004 234
4004 235
4004 236
4004 237
4004 238
4004 239
4004 240
4004 241
4004 242
4004 243
4004 244
4004 245
4004 246
4004 247
4004 248
4004 249
4005 244
4005 245
4005 246
4005 247
4005 248
4005 249
4005 250
4005 251
4005 252
4005 253
4005 254
4005 255
4005 256
4013 197
4013 198
4013 199
4013 200
4013 201
4013 202
4013 203
4013 204
4013 205
4013 206
4013 207
4013 208
4013 209
4013 210
4013 211
4013 212
4013 213
4013 214
4013 215
4013 216
4013 217
4014 206
4014 207
4014 208
4014 209
4014 210
4014 211
4014 212
4014 213
4014 214
4014 215
4014 216
4014 217
4014 218
4014 219
4014 220
4014 221
4014 222
4014 223
4014 224
4014 225
4014 226
4014 227
4014 228
4014 229
4014 230
4014 231
4014 232
4014 233
4014 234
4015 220
4015 221
4015 222
4015 223
4015 224
4015 225
4015 226
4015 227
4015 228
4015 229
4015 230
4015 231
4015 232
4015 233
4015 234
4015 235
4015 236
4015 237
4015 238
4015 239
4015 240
4015 241
4015 242
4015 243
4015 244
4015 245
4015 246
4015 247
4016 237
4016 238
4016 239
4016 240
4016 241
4016 242
4016 243
4016 244
4016 245
4016 246
4016 247
4016 248
4016 249
4016 250
4016 251
4016 252
4016 253
4016 254
4016 255
4016 256
4016 257
4024 194
4024 195
4024 196
4024 197
4024 198
4024 199
4024 200
4024 201
4024 202
4024 203
4024 204
4024 205
4024 206
4024 207
4024 208
4024 209
4024 210
4024 211
4024 212
4024 213
4024 214
4025 203
4025 204
4025 205
4025 206
4025 207
4025 208
4025 209
4025 210
4025 211
4025 212
4025 213
4025 214
4025 215
4025 216
4025 217
4025 218
4025 219
4025 220
4025 221
4025 222
4025 223
4025 224
4025 225
4025 226
4025 227
4025 228
4025 229
4025 230
4025 231
4026 215
4026 216
4026 217
4026 218
4026 219
4026 220
4026 221
4026 222
4026 223
4026 224
4026 225
4026 226
4026 227
4026 228
4026 229
4026 230
4026 231
4026 232
4026 233
4026 234
4026 235
4026 236
4026 237
4026 238
4026 239
4026 240
4026 241
4026 242
4026 243
4026 244
4026 245
4027 231
4027 232
4027 233
4027 234
4027 235
4027 236
4027 237
4027 238
4027 239
4027 240
4027 241
4027 242
4027 243
4027 244
4027 245
4027 246
4027 247
4027 248
4027 249
4027 250
4027 251
4027 252
4027 253
4027 254
4027 255
4027 256
4035 192
4035 193
4035 194
4035 195
4035 196
4035 197
4035 198
4035 199
4035 200
4035 201
4035 202
4035 203
4035 204
4035 205
4035 206
4035 207
4035 208
4035 209
4035 210
4036 199
4036 200
4036 201
4036 202
4036 203
4036 204
4036 205
4036 206
4036 207
4036 208
4036 209
4036 210
4036 211
4036 212
4036 213
4036 214
4036 215
4036 216
4036 217
4036 218
4036 219
4036 220
4036 221
4036 222
4036 223
4036 224
4036 225
4036 226
4036 227
4037 211
4037 212
4037 213
4037 214
4037 215
4037 216
4037 217
4037 218
4037 219
4037 220
4037 221
4037 222
4037 223
4037 224
4037 225
4037 226
4037 227
4037 228
4037 229
4037 230
4037 231
4037 232
4037 233
4037 234
4037 235
4037 236
4037 237
4037 238
4037 239
4037 240
4037 241
4037 242
4038 226
4038 227
4038 228
4038 229
4038 230
4038 231
4038 232
4038 233
4038 234
4038 235
4038 236
4038 237
4038 238
4038 239
4038 240
4038 241
4038 242
4038 243
4038 244
4038 245
4038 246
4038 247
4038 248
4038 249
4038 250
4038 251
4038 252
4038 253
4038 254
4039 246
4039 247
4039 248
4039 249
4039 250
4039 251
4039 252
4039 253
4039 254
4039 255
4039 256
4039 257
4039 258
4039 259
4039 260
4039 261
4046 190
4046 191
4046 192
4046 193
4046 194
4046 195
4046 196
4046 197
4046 198
4046 199
4046 200
4046 201
4046 202
4046 203
4046 204
4046 205
4047 197
4047 198
4047 199
4047 200
4047 201
4047 202
4047 203
4047 204
4047 205
4047 206
4047 207
4047 208
4047 209
4047 210
4047 211
4047 212
4047 213
4047 214
4047 215
4047 216
4047 217
4047 218
4047 219
4047 220
4047 221
4047 222
4047 223
4047 224
4048 208
4048 209
4048 210
4048 211
4048 212
4048 213
4048 214
4048 215
4048 216
4048 217
4048 218
4048 219
4048 220
4048 221
4048 222
4048 223
4048 224
4048 225
4048 226
4048 227
4048 228
4048 229
4048 230
4048 231
4048 232
4048 233
4048 234
4048 235
4048 236
4048 237
4048 238
4048 239
4049 222
4049 223
4049 224
4049 225
4049 226
4049 227
4049 228
4049 229
4049 230
4049 231
4049 232
4049 233
4049 234
4049 235
4049 236
4049 237
4049 238
4049 239
4049 240
4049 241
4049 242
4049 243
4049 244
4049 245
4049 246
4049 247
4049 248
4049 249
4049 250
4049 251
4049 252
4050 240
4050 241
4050 242
4050 243
4050 244
4050 245
4050 246
4050 247
4050 248
4050 249
4050 250
4050 251
4050 252
4050 253
4050 254
4050 255
4050 256
4050 257
4050 258
4050 259
4050 260
4050 261
4057 188
4057 189
4057 190
4057 191
4057 192
4057 193
4057 194
4057 195
4057 196
4057 197
4057 198
4057 199
4057 200
4057 201
4058 194
4058 195
4058 196
4058 197
4058 198
4058 199
4058 200
4058 201
4058 202
4058 203
4058 204
4058 205
4058 206
4058 207
4058 208
4058 209
4058 210
4058 211
4058 212
4058 213
4058 214
4058 215
4058 216
4058 217
4058 218
4058 219
4058 220
4059 204
4059 205
4059 206
4059 207
4059 208
4059 209
4059 210
4059 211
4059 212
4059 213
4059 214
4059 215
4059 216
4059 217
4059 218
4059 219
4059 220
4059 221
4059 222
4059 223
4059 224
4059 225
4059 226
4059 227
4059 228
4059 229
4059 230
4059 231
4059 232
4059 233
4059 234
4059 235
4059 236
4060 218
4060 219
4060 220
4060 221
4060 222
4060 223
4060 224
4060 225
4060 226
4060 227
4060 228
4060 229
4060 230
4060 231
4060 232
4060 233
4060 234
4060 235
4060 236
4060 237
4060 238
4060 239
4060 240
4060 241
4060 242
4060 243
4060 244
4060 245
4060 246
4060 247
4060 248
4060 249
4061 234
4061 235
4061 236
4061 237
4061 238
4061 239
4061 240
4061 241
4061 242
4061 243
4061 244
4061 245
4061 246
4061 247
4061 248
4061 249
4061 250
4061 251
4061 252
4061 253
4061 254
4061 255
4061 256
4061 257
4061 258
4061 259
4068 188
4068 189
4068 190
4068 191
4068 192
4068 193
4068 194
4068 195
4069 191
4069 192
4069 193
4069 194
4069 195
4069 196
4069 197
4069 198
4069 199
4069 200
4069 201
4069 202
4069 203
4069 204
4069 205
4069 206
4069 207
4069 208
4069 209
4069 210
4069 211
4069 212
4069 213
4069 214
4069 215
4069 216
4070 201
4070 202
4070 203
4070 204
4070 205
4070 206
4070 207
4070 208
4070 209
4070 210
4070 211
4070 212
4070 213
4070 214
4070 215
4070 216
4070 217
4070 218
4070 219
4070 220
4070 221
4070 222
4070 223
4070 224
4070 225
4070 226
4070 227
4070 228
4070 229
4070 230
4070 231
4070 232
4071 214
4071 215
4071 216
4071 217
4071 218
4071 219
4071 220
4071 221
4071 222
4071 223
4071 224
4071 225
4071 226
4071 227
4071 228
4071 229
4071 230
4071 231
4071 232
4071 233
4071 234
4071 235
4071 236
4071 237
4071 238
4071 239
4071 240
4071 241
4071 242
4071 243
4071 244
4071 245
4071 246
4072 229
4072 230
4072 231
4072 232
4072 233
4072 234
4072 235
4072 236
4072 237
4072 238
4072 239
4072 240
4072 241
4072 242
4072 243
4072 244
4072 245
4072 246
4072 247
4072 248
4072 249
4072 250
4072 251
4072 252
4072 253
4072 254
4072 255
4072 256
4072 257
4073 250
4073 251
4073 252
4073 253
4073 254
4073 255
4073 256
4073 257
4073 258
4073 259
4073 260
4073 261
4073 262
4073 263
4073 264
4080 189
4080 190
4080 191
4080 192
4080 193
4080 194
4080 195
4080 196
4080 197
4080 198
4080 199
4080 200
4080 201
4080 202
4080 203
4080 204
4080 205
4080 206
4080 207
4080 208
4080 209
4080 210
4080 211
4080 212
4081 198
4081 199
4081 200
4081 201
4081 202
4081 203
4081 204
4081 205
4081 206
4081 207
4081 208
4081 209
4081 210
4081 211
4081 212
4081 213
4081 214
4081 215
4081 216
4081 217
4081 218
4081 219
4081 220
4081 221
4081 222
4081 223
4081 224
4081 225
4081 226
4081 227
4081 228
4081 229
4082 210
4082 211
4082 212
4082 213
4082 214
4082 215
4082 216
4082 217
4082 218
4082 219
4082 220
4082 221
4082 222
4082 223
4082 224
4082 225
4082 226
4082 227
4082 228
4082 229
4082 230
4082 231
4082 232
4082 233
4082 234
4082 235
4082 236
4082 237
4082 238
4082 239
4082 240
4082 241
4082 242
4082 243
4083 225
4083 226
4083 227
4083 228
4083 229
4083 230
4083 231
4083 232
4083 233
4083 234
4083 235
4083 236
4083 237
4083 238
4083 239
4083 240
4083 241
4083 242
4083 243
4083 244
4083 245
4083 246
4083 247
4083 248
4083 249
4083 250
4083 251
4083 252
4083 253
4083 254
4083 255
4084 243
4084 244
4084 245
4084 246
4084 247
4084 248
4084 249
4084 250
4084 251
4084 252
4084 253
4084 254
4084 255
4084 256
4084 257
4084 258
4084 259
4084 260
4084 261
4084 262
4084 263
4084 264
4091 187
4091 188
4091 189
4091 190
4091 191
4091 192
4091 193
4091 194
4091 195
4091 196
4091 197
4091 198
4091 199
4091 200
4091 201
4091 202
4091 203
4091 204
4091 205
4091 206
4091 207
4091 208
4092 195
4092 196
4092 197
4092 198
4092 199
4092 200
4092 201
4092 202
4092 203
4092 204
4092 205
4092 206
4092 207
4092 208
4092 209
4092 210
4092 211
4092 212
4092 213
4092 214
4092 215
4092 216
4092 217
4092 218
4092 219
4092 220
4092 221
4092 222
4092 223
4092 224
4092 225
4093 207
4093 208
4093 209
4093 210
4093 211
4093 212
4093 213
4093 214
4093 215
4093 216
4093 217
4093 218
4093 219
4093 220
4093 221
4093 222
4093 223
4093 224
4093 225
4093 226
4093 227
4093 228
4093 229
4093 230
4093 231
4093 232
4093 233
4093 234
4093 235
4093 236
4093 237
4093 238
4093 239
4093 240
4094 221
4094 222
4094 223
4094 224
4094 225
4094 226
4094 227
4094 228
4094 229
4094 230
4094 231
4094 232
4094 233
4094 234
4094 235
4094 236
4094 237
4094 238
4094 239
4094 240
4094 241
4094 242
4094 243
4094 244
4094 245
4094 246
4094 247
4094 248
4094 249
4094 250
4094 251
4094 252
4094 253
4095 238
4095 239
4095 240
4095 241
4095 242
4095 243
4095 244
4095 245
4095 246
4095 247
4095 248
4095 249
4095 250
4095 251
4095 252
4095 253
4095 254
4095 255
4095 256
4095 257
4095 258
4095 259
4095 260
4095 261
4095 262
4102 186
4102 187
4102 188
4102 189
4102 190
4102 191
4102 192
4102 193
4102 194
4102 195
4102 196
4102 197
4102 198
4102 199
4102 200
4102 201
4102 202
4102 203
4103 193
4103 194
4103 195
4103 196
4103 197
4103 198
4103 199
4103 200
4103 201
4103 202
4103 203
4103 204
4103 205
4103 206
4103 207
4103 208
4103 209
4103 210
4103 211
4103 212
4103 213
4103 214
4103 215
4103 216
4103 217
4103 218
4103 219
4103 220
4103 221
4104 203
4104 204
4104 205
4104 206
4104 207
4104 208
4104 209
4104 210
4104 211
4104 212
4104 213
4104 214
4104 215
4104 216
4104 217
4104 218
4104 219
4104 220
4104 221
4104 222
4104 223
4104 224
4104 225
4104 226
4104 227
4104 228
4104 229
4104 230
4104 231
4104 232
4104 233
4104 234
4104 235
4104 236
4105 217
4105 218
4105 219
4105 220
4105 221
4105 222
4105 223
4105 224
4105 225
4105 226
4105 227
4105 228
4105 229
4105 230
4105 231
4105 232
4105 233
4105 234
4105 235
4105 236
4105 237
4105 238
4105 239
4105 240
4105 241
4105 242
4105 243
4105 244
4105 245
4105 246
4105 247
4105 248
4105 249
4105 250
4106 233
4106 234
4106 235
4106 236
4106 237
4106 238
4106 239
4106 240
4106 241
4106 242
4106 243
4106 244
4106 245
4106 246
4106 247
4106 248
4106 249
4106 250
4106 251
4106 252
4106 253
4106 254
4106 255
4106 256
4106 257
4106 258
4106 259
4106 260
4107 255
4107 256
4107 257
4107 258
4107 259
4107 260
4107 261
4107 262
4107 263
4107 264
4107 265
4113 185
4113 186
4113 187
4113 188
4113 189
4113 190
4113 191
4113 192
4113 193
4113 194
4113 195
4113 196
4113 197
4113 198
4114 190
4114 191
4114 192
4114 193
4114 194
4114 195
4114 196
4114 197
4114 198
4114 199
4114 200
4114 201
4114 202
4114 203
4114 204
4114 205
4114 206
4114 207
4114 208
4114 209
4114 210
4114 211
4114 212
4114 213
4114 214
4114 215
4114 216
4114 217
4115 200
4115 201
4115 202
4115 203
4115 204
4115 205
4115 206
4115 207
4115 208
4115 209
4115 210
4115 211
4115 212
4115 213
4115 214
4115 215
4115 216
4115 217
4115 218
4115 219
4115 220
4115 221
4115 222
4115 223
4115 224
4115 225
4115 226
4115 227
4115 228
4115 229
4115 230
4115 231
4115 232
4115 233
4116 213
4116 214
4116 215
4116 216
4116 217
4116 218
4116 219
4116 220
4116 221
4116 222
4116 223
4116 224
4116 225
4116 226
4116 227
4116 228
4116 229
4116 230
4116 231
4116 232
4116 233
4116 234
4116 235
4116 236
4116 237
4116 238
4116 239
4116 240
4116 241
4116 242
4116 243
4116 244
4116 245
4116 246
4116 247
4117 229
4117 230
4117 231
4117 232
4117 233
4117 234
4117 235
4117 236
4117 237
4117 238
4117 239
4117 240
4117 241
4117 242
4117 243
4117 244
4117 245
4117 246
4117 247
4117 248
4117 249
4117 250
4117 251
4117 252
4117 253
4117 254
4117 255
4117 256
4117 257
4117 258
4118 248
4118 249
4118 250
4118 251
4118 252
4118 253
4118 254
4118 255
4118 256
4118 257
4118 258
4118 259
4118 260
4118 261
4118 262
4118 263
4118 264
4118 265
4118 266
4124 186
4124 187
4124 188
4124 189
4124 190
4124 191
4125 188
4125 189
4125 190
4125 191
4125 192
4125 193
4125 194
4125 195
4125 196
4125 197
4125 198
4125 199
4125 200
4125 201
4125 202
4125 203
4125 204
4125 205
4125 206
4125 207
4125 208
4125 209
4125 210
4125 211
4125 212
4125 213
4126 198
4126 199
4126 200
4126 201
4126 202
4126 203
4126 204
4126 205
4126 206
4126 207
4126 208
4126 209
4126 210
4126 211
4126 212
4126 213
4126 214
4126 215
4126 216
4126 217
4126 218
4126 219
4126 220
4126 221
4126 222
4126 223
4126 224
4126 225
4126 226
4126 227
4126 228
4126 229
4127 210
4127 211
4127 212
4127 213
4127 214
4127 215
4127 216
4127 217
4127 218
4127 219
4127 220
4127 221
4127 222
4127 223
4127 224
4127 225
4127 226
4127 227
4127 228
4127 229
4127 230
4127 231
4127 232
4127 233
4127 234
4127 235
4127 236
4127 237
4127 238
4127 239
4127 240
4127 241
4127 242
4127 243
4128 224
4128 225
4128 226
4128 227
4128 228
4128 229
4128 230
4128 231
4128 232
4128 233
4128 234
4128 235
4128 236
4128 237
4128 238
4128 239
4128 240
4128 241
4128 242
4128 243
4128 244
4128 245
4128 246
4128 247
4128 248
4128 249
4128 250
4128 251
4128 252
4128 253
4128 254
4128 255
4129 242
4129 243
4129 244
4129 245
4129 246
4129 247
4129 248
4129 249
4129 250
4129 251
4129 252
4129 253
4129 254
4129 255
4129 256
4129 257
4129 258
4129 259
4129 260
4129 261
4129 262
4129 263
4129 264
4136 187
4136 188
4136 189
4136 190
4136 191
4136 192
4136 193
4136 194
4136 195
4136 196
4136 197
4136 198
4136 199
4136 200
4136 201
4136 202
4136 203
4136 204
4136 205
4136 206
4136 207
4136 208
4137 195
4137 196
4137 197
4137 198
4137 199
4137 200
4137 201
4137 202
4137 203
4137 204
4137 205
4137 206
4137 207
4137 208
4137 209
4137 210
4137 211
4137 212
4137 213
4137 214
4137 215
4137 216
4137 217
4137 218
4137 219
4137 220
4137 221
4137 222
4137 223
4137 224
4137 225
4138 207
4138 208
4138 209
4138 210
4138 211
4138 212
4138 213
4138 214
4138 215
4138 216
4138 217
4138 218
4138 219
4138 220
4138 221
4138 222
4138 223
4138 224
4138 225
4138 226
4138 227
4138 228
4138 229
4138 230
4138 231
4138 232
4138 233
4138 234
4138 235
4138 236
4138 237
4138 238
4138 239
4138 240
4139 221
4139 222
4139 223
4139 224
4139 225
4139 226
4139 227
4139 228
4139 229
4139 230
4139 231
4139 232
4139 233
4139 234
4139 235
4139 236
4139 237
4139 238
4139 239
4139 240
4139 241
4139 242
4139 243
4139 244
4139 245
4139 246
4139 247
4139 248
4139 249
4139 250
4139 251
4139 252
4140 237
4140 238
4140 239
4140 240
4140 241
4140 242
4140 243
4140 244
4140 245
4140 246
4140 247
4140 248
4140 249
4140 250
4140 251
4140 252
4140 253
4140 254
4140 255
4140 256
4140 257
4140 258
4140 259
4140 260
4140 261
4140 262
4147 186
4147 187
4147 188
4147 189
4147 190
4147 191
4147 192
4147 193
4147 194
4147 195
4147 196
4147 197
4147 198
4147 199
4147 200
4147 201
4147 202
4147 203
4148 193
4148 194
4148 195
4148 196
4148 197
4148 198
4148 199
4148 200
4148 201
4148 202
4148 203
4148 204
4148 205
4148 206
4148 207
4148 208
4148 209
4148 210
4148 211
4148 212
4148 213
4148 214
4148 215
4148 216
4148 217
4148 218
4148 219
4148 220
4148 221
4149 204
4149 205
4149 206
4149 207
4149 208
4149 209
4149 210
4149 211
4149 212
4149 213
4149 214
4149 215
4149 216
4149 217
4149 218
4149 219
4149 220
4149 221
4149 222
4149 223
4149 224
4149 225
4149 226
4149 227
4149 228
4149 229
4149 230
4149 231
4149 232
4149 233
4149 234
4149 235
4149 236
4150 217
4150 218
4150 219
4150 220
4150 221
4150 222
4150 223
4150 224
4150 225
4150 226
4150 227
4150 228
4150 229
4150 230
4150 231
4150 232
4150 233
4150 234
4150 235
4150 236
4150 237
4150 238
4150 239
4150 240
4150 241
4150 242
4150 243
4150 244
4150 245
4150 246
4150 247
4150 248
4150 249
4151 233
4151 234
4151 235
4151 236
4151 237
4151 238
4151 239
4151 240
4151 241
4151 242
4151 243
4151 244
4151 245
4151 246
4151 247
4151 248
4151 249
4151 250
4151 251
4151 252
4151 253
4151 254
4151 255
4151 256
4151 257
4151 258
4151 259
4151 260
4152 254
4152 255
4152 256
4152 257
4152 258
4152 259
4152 260
4152 261
4152 262
4152 263
4152 264
4152 265
4152 266
4158 185
4158 186
4158 187
4158 188
4158 189
4158 190
4158 191
4158 192
4158 193
4158 194
4158 195
4158 196
4158 197
4158 198
4159 191
4159 192
4159 193
4159 194
4159 195
4159 196
4159 197
4159 198
4159 199
4159 200
4159 201
4159 202
4159 203
4159 204
4159 205
4159 206
4159 207
4159 208
4159 209
4159 210
4159 211
4159 212
4159 213
4159 214
4159 215
4159 216
4159 217
4160 201
4160 202
4160 203
4160 204
4160 205
4160 206
4160 207
4160 208
4160 209
4160 210
4160 211
4160 212
4160 213
4160 214
4160 215
4160 216
4160 217
4160 218
4160 219
4160 220
4160 221
4160 222
4160 223
4160 224
4160 225
4160 226
4160 227
4160 228
4160 229
4160 230
4160 231
4160 232
4161 214
4161 215
4161 216
4161 217
4161 218
4161 219
4161 220
4161 221
4161 222
4161 223
4161 224
4161 225
4161 226
4161 227
4161 228
4161 229
4161 230
4161 231
4161 232
4161 233
4161 234
4161 235
4161 236
4161 237
4161 238
4161 239
4161 240
4161 241
4161 242
4161 243
4161 244
4161 245
4161 246
4162 229
4162 230
4162 231
4162 232
4162 233
4162 234
4162 235
4162 236
4162 237
4162 238
4162 239
4162 240
4162 241
4162 242
4162 243
4162 244
4162 245
4162 246
4162 247
4162 248
4162 249
4162 250
4162 251
4162 252
4162 253
4162 254
4162 255
4162 256
4162 257
4162 258
4163 248
4163 249
4163 250
4163 251
4163 252
4163 253
4163 254
4163 255
4163 256
4163 257
4163 258
4163 259
4163 260
4163 261
4163 262
4163 263
4163 264
4163 265
4169 186
4169 187
4169 188
4169 189
4169 190
4169 191
4170 189
4170 190
4170 191
4170 192
4170 193
4170 194
4170 195
4170 196
4170 197
4170 198
4170 199
4170 200
4170 201
4170 202
4170 203
4170 204
4170 205
4170 206
4170 207
4170 208
4170 209
4170 210
4170 211
4170 212
4171 198
4171 199
4171 200
4171 201
4171 202
4171 203
4171 204
4171 205
4171 206
4171 207
4171 208
4171 209
4171 210
4171 211
4171 212
4171 213
4171 214
4171 215
4171 216
4171 217
4171 218
4171 219
4171 220
4171 221
4171 222
4171 223
4171 224
4171 225
4171 226
4171 227
4171 228
4172 211
4172 212
4172 213
4172 214
4172 215
4172 216
4172 217
4172 218
4172 219
4172 220
4172 221
4172 222
4172 223
4172 224
4172 225
4172 226
4172 227
4172 228
4172 229
4172 230
4172 231
4172 232
4172 233
4172 234
4172 235
4172 236
4172 237
4172 238
4172 239
4172 240
4172 241
4172 242
4173 225
4173 226
4173 227
4173 228
4173 229
4173 230
4173 231
4173 232
4173 233
4173 234
4173 235
4173 236
4173 237
4173 238
4173 239
4173 240
4173 241
4173 242
4173 243
4173 244
4173 245
4173 246
4173 247
4173 248
4173 249
4173 250
4173 251
4173 252
4173 253
4173 254
4173 255
4174 243
4174 244
4174 245
4174 246
4174 247
4174 248
4174 249
4174 250
4174 251
4174 252
4174 253
4174 254
4174 255
4174 256
4174 257
4174 258
4174 259
4174 260
4174 261
4174 262
4174 263
4174 264
4181 188
4181 189
4181 190
4181 191
4181 192
4181 193
4181 194
4181 195
4181 196
4181 197
4181 198
4181 199
4181 200
4181 201
4181 202
4181 203
4181 204
4181 205
4181 206
4181 207
4181 208
4182 196
4182 197
4182 198
4182 199
4182 200
4182 201
4182 202
4182 203
4182 204
4182 205
4182 206
4182 207
4182 208
4182 209
4182 210
4182 211
4182 212
4182 213
4182 214
4182 215
4182 216
4182 217
4182 218
4182 219
4182 220
4182 221
4182 222
4182 223
4182 224
4183 208
4183 209
4183 210
4183 211
4183 212
4183 213
4183 214
4183 215
4183 216
4183 217
4183 218
4183 219
4183 220
4183 221
4183 222
4183 223
4183 224
4183 225
4183 226
4183 227
4183 228
4183 229
4183 230
4183 231
4183 232
4183 233
4183 234
4183 235
4183 236
4183 237
4183 238
4183 239
4184 222
4184 223
4184 224
4184 225
4184 226
4184 227
4184 228
4184 229
4184 230
4184 231
4184 232
4184 233
4184 234
4184 235
4184 236
4184 237
4184 238
4184 239
4184 240
4184 241
4184 242
4184 243
4184 244
4184 245
4184 246
4184 247
4184 248
4184 249
4184 250
4184 251
4185 238
4185 239
4185 240
4185 241
4185 242
4185 243
4185 244
4185 245
4185 246
4185 247
4185 248
4185 249
4185 250
4185 251
4185 252
4185 253
4185 254
4185 255
4185 256
4185 257
4185 258
4185 259
4185 260
4185 261
4192 187
4192 188
4192 189
4192 190
4192 191
4192 192
4192 193
4192 194
4192 195
4192 196
4192 197
4192 198
4192 199
4192 200
4192 201
4192 202
4193 194
4193 195
4193 196
4193 197
4193 198
4193 199
4193 200
4193 201
4193 202
4193 203
4193 204
4193 205
4193 206
4193 207
4193 208
4193 209
4193 210
4193 211
4193 212
4193 213
4193 214
4193 215
4193 216
4193 217
4193 218
4193 219
4193 220
4194 205
4194 206
4194 207
4194 208
4194 209
4194 210
4194 211
4194 212
4194 213
4194 214
4194 215
4194 216
4194 217
4194 218
4194 219
4194 220
4194 221
4194 222
4194 223
4194 224
4194 225
4194 226
4194 227
4194 228
4194 229
4194 230
4194 231
4194 232
4194 233
4194 234
4194 235
4195 218
4195 219
4195 220
4195 221
4195 222
4195 223
4195 224
4195 225
4195 226
4195 227
4195 228
4195 229
4195 230
4195 231
4195 232
4195 233
4195 234
4195 235
4195 236
4195 237
4195 238
4195 239
4195 240
4195 241
4195 242
4195 243
4195 244
4195 245
4195 246
4195 247
4195 248
4196 234
4196 235
4196 236
4196 237
4196 238
4196 239
4196 240
4196 241
4196 242
4196 243
4196 244
4196 245
4196 246
4196 247
4196 248
4196 249
4196 250
4196 251
4196 252
4196 253
4196 254
4196 255
4196 256
4196 257
4196 258
4196 259
4197 257
4197 258
4197 259
4197 260
4197 261
4197 262
4197 263
4203 188
4203 189
4203 190
4203 191
4203 192
4203 193
4203 194
4203 195
4203 196
4204 192
4204 193
4204 194
4204 195
4204 196
4204 197
4204 198
4204 199
4204 200
4204 201
4204 202
4204 203
4204 204
4204 205
4204 206
4204 207
4204 208
4204 209
4204 210
4204 211
4204 212
4204 213
4204 214
4204 215
4205 202
4205 203
4205 204
4205 205
4205 206
4205 207
4205 208
4205 209
4205 210
4205 211
4205 212
4205 213
4205 214
4205 215
4205 216
4205 217
4205 218
4205 219
4205 220
4205 221
4205 222
4205 223
4205 224
4205 225
4205 226
4205 227
4205 228
4205 229
4205 230
4205 231
4206 215
4206 216
4206 217
4206 218
4206 219
4206 220
4206 221
4206 222
4206 223
4206 224
4206 225
4206 226
4206 227
4206 228
4206 229
4206 230
4206 231
4206 232
4206 233
4206 234
4206 235
4206 236
4206 237
4206 238
4206 239
4206 240
4206 241
4206 242
4206 243
4206 244
4207 230
4207 231
4207 232
4207 233
4207 234
4207 235
4207 236
4207 237
4207 238
4207 239
4207 240
4207 241
4207 242
4207 243
4207 244
4207 245
4207 246
4207 247
4207 248
4207 249
4207 250
4207 251
4207 252
4207 253
4207 254
4207 255
4207 256
4208 250
4208 251
4208 252
4208 253
4208 254
4208 255
4208 256
4208 257
4208 258
4208 259
4208 260
4208 261
4208 262
4208 263
4215 191
4215 192
4215 193
4215 194
4215 195
4215 196
4215 197
4215 198
4215 199
4215 200
4215 201
4215 202
4215 203
4215 204
4215 205
4215 206
4215 207
4215 208
4215 209
4215 210
4216 200
4216 201
4216 202
4216 203
4216 204
4216 205
4216 206
4216 207
4216 208
4216 209
4216 210
4216 211
4216 212
4216 213
4216 214
4216 215
4216 216
4216 217
4216 218
4216 219
4216 220
4216 221
4216 222
4216 223
4216 224
4216 225
4216 226
4216 227
4217 212
4217 213
4217 214
4217 215
4217 216
4217 217
4217 218
4217 219
4217 220
4217 221
4217 222
4217 223
4217 224
4217 225
4217 226
4217 227
4217 228
4217 229
4217 230
4217 231
4217 232
4217 233
4217 234
4217 235
4217 236
4217 237
4217 238
4217 239
4217 240
4217 241
4218 227
4218 228
4218 229
4218 230
4218 231
4218 232
4218 233
4218 234
4218 235
4218 236
4218 237
4218 238
4218 239
4218 240
4218 241
4218 242
4218 243
4218 244
4218 245
4218 246
4218 247
4218 248
4218 249
4218 250
4218 251
4218 252
4218 253
4219 245
4219 246
4219 247
4219 248
4219 249
4219 250
4219 251
4219 252
4219 253
4219 254
4219 255
4219 256
4219 257
4219 258
4219 259
4219 260
4219 261
4226 191
4226 192
4226 193
4226 194
4226 195
4226 196
4226 197
4226 198
4226 199
4226 200
4226 201
4226 202
4226 203
4226 204
4226 205
4227 198
4227 199
4227 200
4227 201
4227 202
4227 203
4227 204
4227 205
4227 206
4227 207
4227 208
4227 209
4227 210
4227 211
4227 212
4227 213
4227 214
4227 215
4227 216
4227 217
4227 218
4227 219
4227 220
4227 221
4227 222
4228 210
4228 211
4228 212
4228 213
4228 214
4228 215
4228 216
4228 217
4228 218
4228 219
4228 220
4228 221
4228 222
4228 223
4228 224
4228 225
4228 226
4228 227
4228 228
4228 229
4228 230
4228 231
4228 232
4228 233
4228 234
4228 235
4228 236
4228 237
4229 224
4229 225
4229 226
4229 227
4229 228
4229 229
4229 230
4229 231
4229 232
4229 233
4229 234
4229 235
4229 236
4229 237
4229 238
4229 239
4229 240
4229 241
4229 242
4229 243
4229 244
4229 245
4229 246
4229 247
4229 248
4229 249
4230 241
4230 242
4230 243
4230 244
4230 245
4230 246
4230 247
4230 248
4230 249
4230 250
4230 251
4230 252
4230 253
4230 254
4230 255
4230 256
4230 257
4230 258
4237 192
4237 193
4237 194
4237 195
4237 196
4237 197
4238 197
4238 198
4238 199
4238 200
4238 201
4238 202
4238 203
4238 204
4238 205
4238 206
4238 207
4238 208
4238 209
4238 210
4238 211
4238 212
4238 213
4238 214
4238 215
4238 216
4238 217
4239 208
4239 209
4239 210
4239 211
4239 212
4239 213
4239 214
4239 215
4239 216
4239 217
4239 218
4239 219
4239 220
4239 221
4239 222
4239 223
4239 224
4239 225
4239 226
4239 227
4239 228
4239 229
4239 230
4239 231
4239 232
4240 221
4240 222
4240 223
4240 224
4240 225
4240 226
4240 227
4240 228
4240 229
4240 230
4240 231
4240 232
4240 233
4240 234
4240 235
4240 236
4240 237
4240 238
4240 239
4240 240
4240 241
4240 242
4240 243
4240 244
4240 245
4241 237
4241 238
4241 239
4241 240
4241 241
4241 242
4241 243
4241 244
4241 245
4241 246
4241 247
4241 248
4241 249
4241 250
4241 251
4241 252
4241 253
4241 254
4241 255
4241 256
4249 196
4249 197
4249 198
4249 199
4249 200
4249 201
4249 202
4249 203
4249 204
4249 205
4249 206
4249 207
4249 208
4249 209
4249 210
4249 211
4249 212
4250 206
4250 207
4250 208
4250 209
4250 210
4250 211
4250 212
4250 213
4250 214
4250 215
4250 216
4250 217
4250 218
4250 219
4250 220
4250 221
4250 222
4250 223
4250 224
4250 225
4250 226
4250 227
4250 228
4251 218
4251 219
4251 220
4251 221
4251 222
4251 223
4251 224
4251 225
4251 226
4251 227
4251 228
4251 229
4251 230
4251 231
4251 232
4251 233
4251 234
4251 235
4251 236
4251 237
4251 238
4251 239
4251 240
4251 241
4252 234
4252 235
4252 236
4252 237
4252 238
4252 239
4252 240
4252 241
4252 242
4252 243
4252 244
4252 245
4252 246
4252 247
4252 248
4252 249
4252 250
4252 251
4252 252
4260 197
4260 198
4260 199
4260 200
4260 201
4260 202
4260 203
4260 204
4260 205
4261 204
4261 205
4261 206
4261 207
4261 208
4261 209
4261 210
4261 211
4261 212
4261 213
4261 214
4261 215
4261 216
4261 217
4261 218
4261 219
4261 220
4261 221
4261 222
4261 223
4262 216
4262 217
4262 218
4262 219
4262 220
4262 221
4262 222
4262 223
4262 224
4262 225
4262 226
4262 227
4262 228
4262 229
4262 230
4262 231
4262 232
4262 233
4262 234
4262 235
4262 236
4262 237
4263 231
4263 232
4263 233
4263 234
4263 235
4263 236
4263 237
4263 238
4263 239
4263 240
4263 241
4263 242
4263 243
4263 244
4263 245
4263 246
4263 247
4263 248
4272 203
4272 204
4272 205
4272 206
4272 207
4272 208
4272 209
4272 210
4272 211
4272 212
4272 213
4272 214
4272 215
4272 216
4272 217
4273 214
4273 215
4273 216
4273 217
4273 218
4273 219
4273 220
4273 221
4273 222
4273 223
4273 224
4273 225
4273 226
4273 227
4273 228
4273 229
4273 230
4273 231
4273 232
4274 228
4274 229
4274 230
4274 231
4274 232
4274 233
4274 234
4274 235
4274 236
4274 237
4274 238
4274 239
4274 240
4274 241
4274 242
4274 243
4274 244
4283 205
4283 206
4283 207
4283 208
4283 209
4283 210
4284 213
4284 214
4284 215
4284 216
4284 217
4284 218
4284 219
4284 220
4284 221
4284 222
4284 223
4284 224
4284 225
4284 226
4284 227
4285 226
4285 227
4285 228
4285 229
4285 230
4285 231
4285 232
4285 233
4285 234
4285 235
4285 236
4285 237
4285 238
4285 239
4285 240
4295 214
4295 215
4295 216
4295 217
4295 218
4295 219
4295 220
4296 226
4296 227
4296 228
4296 229
4296 230
4296 231
4296 232
4296 233
4296 234
