1144 140
1144 141
1144 142
1144 143
1144 144
1144 145
1158 131
1158 132
1158 133
1161 135
1161 136
1161 137
1161 138
1161 139
1161 140
1161 141
1161 142
1161 143
1161 144
1164 143
1164 144
1164 145
1164 146
1164 147
1164 148
1164 149
1164 150
1175 128
1175 129
1178 131
1178 132
1178 133
1178 134
1178 135
1178 136
1178 137
1178 138
1178 139
1178 140
1178 141
1181 138
1181 139
1181 140
1181 141
1181 142
1181 143
1181 144
1181 145
1181 146
1181 147
1181 148
1181 149
1184 148
1184 149
1184 150
1184 151
1184 152
1184 153
1184 154
1195 127
1195 128
1195 129
1195 130
1195 131
1195 132
1195 133
1195 134
1195 135
1195 136
1195 137
1195 138
1198 134
1198 135
1198 136
1198 137
1198 138
1198 139
1198 140
1198 141
1198 142
1198 143
1198 144
1198 145
1198 146
1201 142
1201 143
1201 144
1201 145
1201 146
1201 147
1201 148
1201 149
1201 150
1201 151
1201 152
1212 123
1212 124
1212 125
1212 126
1212 127
1212 128
1212 129
1212 130
1212 131
1212 132
1212 133
1212 134
1215 130
1215 131
1215 132
1215 133
1215 134
1215 135
1215 136
1215 137
1215 138
1215 139
1215 140
1215 141
1215 142
1215 143
1218 138
1218 139
1218 140
1218 141
1218 142
1218 143
1218 144
1218 145
1218 146
1218 147
1218 148
1218 149
1218 150
1221 147
1221 148
1221 149
1221 150
1221 151
1221 152
1221 153
1221 154
1221 155
1229 120
1229 121
1229 122
1229 123
1229 124
1229 125
1229 126
1229 127
1229 128
1229 129
1229 130
1232 126
1232 127
1232 128
1232 129
1232 130
1232 131
1232 132
1232 133
1232 134
1232 135
1232 136
1232 137
1232 138
1232 139
1235 134
1235 135
1235 136
1235 137
1235 138
1235 139
1235 140
1235 141
1235 142
1235 143
1235 144
1235 145
1235 146
1235 147
1238 143
1238 144
1238 145
1238 146
1238 147
1238 148
1238 149
1238 150
1238 151
1238 152
1238 153
1246 116
1246 117
1246 118
1246 119
1246 120
1246 121
1246 122
1246 123
1246 124
1246 125
1246 126
1249 123
1249 124
1249 125
1249 126
1249 127
1249 128
1249 129
1249 130
1249 131
1249 132
1249 133
1249 134
1249 135
1249 136
1252 130
1252 131
1252 132
1252 133
1252 134
1252 135
1252 136
1252 137
1252 138
1252 139
1252 140
1252 141
1252 142
1252 143
1252 144
1255 139
1255 140
1255 141
1255 142
1255 143
1255 144
1255 145
1255 146
1255 147
1255 148
1255 149
1255 150
1258 149
1258 150
1258 151
1258 152
1258 153
1258 154
1263 113
1263 114
1263 115
1263 116
1263 117
1263 118
1263 119
1263 120
1263 121
1263 122
1266 119
1266 120
1266 121
1266 122
1266 123
1266 124
1266 125
1266 126
1266 127
1266 128
1266 129
1266 130
1266 131
1266 132
1269 126
1269 127
1269 128
1269 129
1269 130
1269 131
1269 132
1269 133
1269 134
1269 135
1269 136
1269 137
1269 138
1269 139
1269 140
1272 135
1272 136
1272 137
1272 138
1272 139
1272 140
1272 141
1272 142
1272 143
1272 144
1272 145
1272 146
1272 147
1275 145
1275 146
1275 147
1275 148
1275 149
1275 150
1275 151
1275 152
1280 110
1280 111
1280 112
1280 113
1280 114
1280 115
1280 116
1280 117
1280 118
1283 116
1283 117
1283 118
1283 119
1283 120
1283 121
1283 122
1283 123
1283 124
1283 125
1283 126
1283 127
1283 128
1286 123
1286 124
1286 125
1286 126
1286 127
1286 128
1286 129
1286 130
1286 131
1286 132
1286 133
1286 134
1286 135
1286 136
1289 131
1289 132
1289 133
1289 134
1289 135
1289 136
1289 137
1289 138
1289 139
1289 140
1289 141
1289 142
1289 143
1292 141
1292 142
1292 143
1292 144
1292 145
1292 146
1292 147
1292 148
1292 149
1297 106
1297 107
1297 108
1297 109
1297 110
1297 111
1297 112
1297 113
1297 114
1300 112
1300 113
1300 114
1300 115
1300 116
1300 117
1300 118
1300 119
1300 120
1300 121
1300 122
1300 123
1300 124
1303 120
1303 121
1303 122
1303 123
1303 124
1303 125
1303 126
1303 127
1303 128
1303 129
1303 130
1303 131
1303 132
1306 128
1306 129
1306 130
1306 131
1306 132
1306 133
1306 134
1306 135
1306 136
1306 137
1306 138
1306 139
1309 137
1309 138
1309 139
1309 140
1309 141
1309 142
1309 143
1309 144
1309 145
1314 102
1314 103
1314 104
1314 105
1314 106
1314 107
1314 108
1314 109
1314 110
1317 109
1317 110
1317 111
1317 112
1317 113
1317 114
1317 115
1317 116
1317 117
1317 118
1317 119
1317 120
1320 116
1320 117
1320 118
1320 119
1320 120
1320 121
1320 122
1320 123
1320 124
1320 125
1320 126
1320 127
1320 128
1323 124
1323 125
1323 126
1323 127
1323 128
1323 129
1323 130
1323 131
1323 132
1323 133
1323 134
1323 135
1326 134
1326 135
1326 136
1326 137
1326 138
1326 139
1326 140
1326 141
1331 99
1331 100
1331 101
1331 102
1331 103
1331 104
1331 105
1334 105
1334 106
1334 107
1334 108
1334 109
1334 110
1334 111
1334 112
1334 113
1334 114
1334 115
1334 116
1337 113
1337 114
1337 115
1337 116
1337 117
1337 118
1337 119
1337 120
1337 121
1337 122
1337 123
1337 124
1340 121
1340 122
1340 123
1340 124
1340 125
1340 126
1340 127
1340 128
1340 129
1340 130
1340 131
1343 131
1343 132
1343 133
1343 134
1343 135
1343 136
1343 137
1348 95
1348 96
1348 97
1348 98
1348 99
1348 100
1348 101
1351 101
1351 102
1351 103
1351 104
1351 105
1351 106
1351 107
1351 108
1351 109
1351 110
1351 111
1354 109
1354 110
1354 111
1354 112
1354 113
1354 114
1354 115
1354 116
1354 117
1354 118
1354 119
1354 120
1357 118
1357 119
1357 120
1357 121
1357 122
1357 123
1357 124
1357 125
1357 126
1357 127
1360 129
1360 130
1360 131
1360 132
1365 92
1365 93
1365 94
1365 95
1365 96
1365 97
1368 98
1368 99
1368 100
1368 101
1368 102
1368 103
1368 104
1368 105
1368 106
1368 107
1371 106
1371 107
1371 108
1371 109
1371 110
1371 111
1371 112
1371 113
1371 114
1371 115
1374 115
1374 116
1374 117
1374 118
1374 119
1374 120
1374 121
1374 122
1382 89
1382 90
1382 91
1382 92
1385 95
1385 96
1385 97
1385 98
1385 99
1385 100
1385 101
1385 102
1385 103
1388 103
1388 104
1388 105
1388 106
1388 107
1388 108
1388 109
1388 110
1388 111
1391 112
1391 113
1391 114
1391 115
1391 116
1391 117
1391 118
1402 91
1402 92
1402 93
1402 94
1402 95
1402 96
1402 97
1402 98
1405 99
1405 100
1405 101
1405 102
1405 103
1405 104
1405 105
1405 106
1408 110
1408 111
1408 112
1419 89
1419 90
1419 91
1419 92
1419 93
1422 97
1422 98
1422 99
1422 100
1422 101
1944 236
1944 237
1944 238
1944 239
1944 240
1944 241
1944 242
1947 243
1947 244
1947 245
1947 246
1947 247
1947 248
1947 249
1947 250
1947 251
1961 234
1961 235
1961 236
1961 237
1961 238
1964 237
1964 238
1964 239
1964 240
1964 241
1964 242
1964 243
1964 244
1964 245
1964 246
1964 247
1964 248
1964 249
1964 250
1967 247
1967 248
1967 249
1967 250
1967 251
1967 252
1967 253
1967 254
1967 255
1967 256
1981 234
1981 235
1981 236
1981 237
1981 238
1981 239
1981 240
1981 241
1981 242
1981 243
1981 244
1981 245
1981 246
1981 247
1981 248
1984 241
1984 242
1984 243
1984 244
1984 245
1984 246
1984 247
1984 248
1984 249
1984 250
1984 251
1984 252
1984 253
1984 254
1984 255
1984 256
1998 232
1998 233
1998 234
1998 235
1998 236
1998 237
1998 238
1998 239
1998 240
1998 241
1998 242
1998 243
1998 244
2001 237
2001 238
2001 239
2001 240
2001 241
2001 242
2001 243
2001 244
2001 245
2001 246
2001 247
2001 248
2001 249
2001 250
2001 251
2001 252
2001 253
2001 254
2001 255
2004 247
2004 248
2004 249
2004 250
2004 251
2004 252
2004 253
2004 254
2004 255
2004 256
2004 257
2004 258
2004 259
2004 260
2015 233
2015 234
2015 235
2015 236
2015 237
2015 238
2018 235
2018 236
2018 237
2018 238
2018 239
2018 240
2018 241
2018 242
2018 243
2018 244
2018 245
2018 246
2018 247
2018 248
2018 249
2018 250
2018 251
2018 252
2021 242
2021 243
2021 244
2021 245
2021 246
2021 247
2021 248
2021 249
2021 250
2021 251
2021 252
2021 253
2021 254
2021 255
2021 256
2021 257
2021 258
2021 259
2021 260
2024 255
2024 256
2024 257
2024 258
2024 259
2024 260
2024 261
2024 262
2035 233
2035 234
2035 235
2035 236
2035 237
2035 238
2035 239
2035 240
2035 241
2035 242
2035 243
2035 244
2035 245
2035 246
2035 247
2038 239
2038 240
2038 241
2038 242
2038 243
2038 244
2038 245
2038 246
2038 247
2038 248
2038 249
2038 250
2038 251
2038 252
2038 253
2038 254
2038 255
2038 256
2038 257
2041 248
2041 249
2041 250
2041 251
2041 252
2041 253
2041 254
2041 255
2041 256
2041 257
2041 258
2041 259
2041 260
2041 261
2041 262
2041 263
2052 233
2052 234
2052 235
2052 236
2052 237
2052 238
2052 239
2052 240
2052 241
2055 236
2055 237
2055 238
2055 239
2055 240
2055 241
2055 242
2055 243
2055 244
2055 245
2055 246
2055 247
2055 248
2055 249
2055 250
2055 251
2055 252
2055 253
2055 254
2058 244
2058 245
2058 246
2058 247
2058 248
2058 249
2058 250
2058 251
2058 252
2058 253
2058 254
2058 255
2058 256
2058 257
2058 258
2058 259
2058 260
2058 261
2058 262
2061 256
2061 257
2061 258
2061 259
2061 260
2061 261
2061 262
2061 263
2061 264
2061 265
2072 235
2072 236
2072 237
2072 238
2072 239
2072 240
2072 241
2072 242
2072 243
2072 244
2072 245
2072 246
2072 247
2072 248
2072 249
2075 241
2075 242
2075 243
2075 244
2075 245
2075 246
2075 247
2075 248
2075 249
2075 250
2075 251
2075 252
2075 253
2075 254
2075 255
2075 256
2075 257
2075 258
2075 259
2078 250
2078 251
2078 252
2078 253
2078 254
2078 255
2078 256
2078 257
2078 258
2078 259
2078 260
2078 261
2078 262
2078 263
2078 264
2078 265
2089 236
2089 237
2089 238
2089 239
2089 240
2089 241
2089 242
2092 239
2092 240
2092 241
2092 242
2092 243
2092 244
2092 245
2092 246
2092 247
2092 248
2092 249
2092 250
2092 251
2092 252
2092 253
2092 254
2092 255
2095 246
2095 247
2095 248
2095 249
2095 250
2095 251
2095 252
2095 253
2095 254
2095 255
2095 256
2095 257
2095 258
2095 259
2095 260
2095 261
2095 262
2098 259
2098 260
2098 261
2098 262
2098 263
2098 264
2109 238
2109 239
2109 240
2109 241
2109 242
2109 243
2109 244
2109 245
2109 246
2109 247
2109 248
2109 249
2112 243
2112 244
2112 245
2112 246
2112 247
2112 248
2112 249
2112 250
2112 251
2112 252
2112 253
2112 254
2112 255
2112 256
2112 257
2112 258
2112 259
2115 253
2115 254
2115 255
2115 256
2115 257
2115 258
2115 259
2115 260
2115 261
2115 262
2115 263
2115 264
2129 242
2129 243
2129 244
2129 245
2129 246
2129 247
2129 248
2129 249
2129 250
2129 251
2129 252
2129 253
2129 254
2132 250
2132 251
2132 252
2132 253
2132 254
2132 255
2132 256
2132 257
2132 258
2132 259
2132 260
2132 261
2149 248
2149 249
2149 250
2149 251
2149 252
2149 253
2149 254
2149 255
2149 256
2149 257
