1992 201
1992 202
1992 203
1992 204
1992 205
1992 206
1992 207
1992 208
1992 209
1992 210
1992 211
1992 212
1992 213
1999 194
1999 195
1999 196
1999 197
1999 198
1999 199
1999 200
1999 201
1999 202
1999 203
1999 204
1999 205
1999 206
1999 207
1999 208
1999 209
1999 210
2006 189
2006 190
2006 191
2006 192
2006 193
2006 194
2006 195
2006 196
2006 197
2006 198
2006 199
2006 200
2006 201
2006 202
2006 203
2006 204
2006 205
2006 206
2013 186
2013 187
2013 188
2013 189
2013 190
2013 191
2013 192
2013 193
2013 194
2013 195
2013 196
2013 197
2013 198
2013 199
2018 204
2018 205
2018 206
2018 207
2018 208
2018 209
2018 210
2018 211
2018 212
2018 213
2018 214
2018 215
2018 216
2018 217
2018 218
2018 219
2018 220
2018 221
2025 196
2025 197
2025 198
2025 199
2025 200
2025 201
2025 202
2025 203
2025 204
2025 205
2025 206
2025 207
2025 208
2025 209
2025 210
2025 211
2025 212
2025 213
2025 214
2025 215
2025 216
2025 217
2025 218
2025 219
2032 190
2032 191
2032 192
2032 193
2032 194
2032 195
2032 196
2032 197
2032 198
2032 199
2032 200
2032 201
2032 202
2032 203
2032 204
2032 205
2032 206
2032 207
2032 208
2032 209
2032 210
2032 211
2032 212
2032 213
2032 214
2032 215
2039 186
2039 187
2039 188
2039 189
2039 190
2039 191
2039 192
2039 193
2039 194
2039 195
2039 196
2039 197
2039 198
2039 199
2039 200
2039 201
2039 202
2039 203
2039 204
2039 205
2039 206
2039 207
2039 208
2039 209
2044 209
2044 210
2044 211
2044 212
2044 213
2044 214
2044 215
2044 216
2044 217
2044 218
2044 219
2044 220
2044 221
2044 222
2044 223
2044 224
2044 225
2046 182
2046 183
2046 184
2046 185
2046 186
2046 187
2046 188
2046 189
2046 190
2046 191
2046 192
2046 193
2046 194
2046 195
2046 196
2046 197
2046 198
2046 199
2046 200
2046 201
2046 202
2046 203
2051 201
2051 202
2051 203
2051 204
2051 205
2051 206
2051 207
2051 208
2051 209
2051 210
2051 211
2051 212
2051 213
2051 214
2051 215
2051 216
2051 217
2051 218
2051 219
2051 220
2051 221
2051 222
2051 223
2051 224
2053 181
2053 182
2053 183
2053 184
2053 185
2053 186
2053 187
2053 188
2053 189
2053 190
2053 191
2053 192
2053 193
2053 194
2058 194
2058 195
2058 196
2058 197
2058 198
2058 199
2058 200
2058 201
2058 202
2058 203
2058 204
2058 205
2058 206
2058 207
2058 208
2058 209
2058 210
2058 211
2058 212
2058 213
2058 214
2058 215
2058 216
2058 217
2058 218
2058 219
2058 220
2058 221
2065 188
2065 189
2065 190
2065 191
2065 192
2065 193
2065 194
2065 195
2065 196
2065 197
2065 198
2065 199
2065 200
2065 201
2065 202
2065 203
2065 204
2065 205
2065 206
2065 207
2065 208
2065 209
2065 210
2065 211
2065 212
2065 213
2065 214
2065 215
2065 216
2065 217
2070 221
2070 222
2070 223
2070 224
2072 184
2072 185
2072 186
2072 187
2072 188
2072 189
2072 190
2072 191
2072 192
2072 193
2072 194
2072 195
2072 196
2072 197
2072 198
2072 199
2072 200
2072 201
2072 202
2072 203
2072 204
2072 205
2072 206
2072 207
2072 208
2072 209
2072 210
2072 211
2077 208
2077 209
2077 210
2077 211
2077 212
2077 213
2077 214
2077 215
2077 216
2077 217
2077 218
2077 219
2077 220
2077 221
2077 222
2077 223
2077 224
2077 225
2077 226
2077 227
2077 228
2079 181
2079 182
2079 183
2079 184
2079 185
2079 186
2079 187
2079 188
2079 189
2079 190
2079 191
2079 192
2079 193
2079 194
2079 195
2079 196
2079 197
2079 198
2079 199
2079 200
2079 201
2079 202
2079 203
2079 204
2084 199
2084 200
2084 201
2084 202
2084 203
2084 204
2084 205
2084 206
2084 207
2084 208
2084 209
2084 210
2084 211
2084 212
2084 213
2084 214
2084 215
2084 216
2084 217
2084 218
2084 219
2084 220
2084 221
2084 222
2084 223
2084 224
2084 225
2084 226
2086 180
2086 181
2086 182
2086 183
2086 184
2086 185
2086 186
2086 187
2086 188
2086 189
2086 190
2086 191
2086 192
2086 193
2086 194
2086 195
2091 193
2091 194
2091 195
2091 196
2091 197
2091 198
2091 199
2091 200
2091 201
2091 202
2091 203
2091 204
2091 205
2091 206
2091 207
2091 208
2091 209
2091 210
2091 211
2091 212
2091 213
2091 214
2091 215
2091 216
2091 217
2091 218
2091 219
2091 220
2091 221
2091 222
2098 188
2098 189
2098 190
2098 191
2098 192
2098 193
2098 194
2098 195
2098 196
2098 197
2098 198
2098 199
2098 200
2098 201
2098 202
2098 203
2098 204
2098 205
2098 206
2098 207
2098 208
2098 209
2098 210
2098 211
2098 212
2098 213
2098 214
2098 215
2098 216
2098 217
2103 220
2103 221
2103 222
2103 223
2103 224
2103 225
2103 226
2105 184
2105 185
2105 186
2105 187
2105 188
2105 189
2105 190
2105 191
2105 192
2105 193
2105 194
2105 195
2105 196
2105 197
2105 198
2105 199
2105 200
2105 201
2105 202
2105 203
2105 204
2105 205
2105 206
2105 207
2105 208
2105 209
2105 210
2105 211
2110 207
2110 208
2110 209
2110 210
2110 211
2110 212
2110 213
2110 214
2110 215
2110 216
2110 217
2110 218
2110 219
2110 220
2110 221
2110 222
2110 223
2110 224
2110 225
2110 226
2110 227
2110 228
2112 181
2112 182
2112 183
2112 184
2112 185
2112 186
2112 187
2112 188
2112 189
2112 190
2112 191
2112 192
2112 193
2112 194
2112 195
2112 196
2112 197
2112 198
2112 199
2112 200
2112 201
2112 202
2112 203
2112 204
2117 200
2117 201
2117 202
2117 203
2117 204
2117 205
2117 206
2117 207
2117 208
2117 209
2117 210
2117 211
2117 212
2117 213
2117 214
2117 215
2117 216
2117 217
2117 218
2117 219
2117 220
2117 221
2117 222
2117 223
2117 224
2117 225
2117 226
2119 182
2119 183
2119 184
2119 185
2119 186
2119 187
2119 188
2119 189
2119 190
2119 191
2119 192
2119 193
2124 193
2124 194
2124 195
2124 196
2124 197
2124 198
2124 199
2124 200
2124 201
2124 202
2124 203
2124 204
2124 205
2124 206
2124 207
2124 208
2124 209
2124 210
2124 211
2124 212
2124 213
2124 214
2124 215
2124 216
2124 217
2124 218
2124 219
2124 220
2124 221
2124 222
2131 188
2131 189
2131 190
2131 191
2131 192
2131 193
2131 194
2131 195
2131 196
2131 197
2131 198
2131 199
2131 200
2131 201
2131 202
2131 203
2131 204
2131 205
2131 206
2131 207
2131 208
2131 209
2131 210
2131 211
2131 212
2131 213
2131 214
2131 215
2131 216
2131 217
2138 185
2138 186
2138 187
2138 188
2138 189
2138 190
2138 191
2138 192
2138 193
2138 194
2138 195
2138 196
2138 197
2138 198
2138 199
2138 200
2138 201
2138 202
2138 203
2138 204
2138 205
2138 206
2138 207
2138 208
2138 209
2138 210
2143 209
2143 210
2143 211
2143 212
2143 213
2143 214
2143 215
2143 216
2143 217
2143 218
2143 219
2143 220
2143 221
2143 222
2143 223
2143 224
2143 225
2143 226
2145 183
2145 184
2145 185
2145 186
2145 187
2145 188
2145 189
2145 190
2145 191
2145 192
2145 193
2145 194
2145 195
2145 196
2145 197
2145 198
2145 199
2145 200
2145 201
2150 201
2150 202
2150 203
2150 204
2150 205
2150 206
2150 207
2150 208
2150 209
2150 210
2150 211
2150 212
2150 213
2150 214
2150 215
2150 216
2150 217
2150 218
2150 219
2150 220
2150 221
2150 222
2150 223
2150 224
2157 195
2157 196
2157 197
2157 198
2157 199
2157 200
2157 201
2157 202
2157 203
2157 204
2157 205
2157 206
2157 207
2157 208
2157 209
2157 210
2157 211
2157 212
2157 213
2157 214
2157 215
2157 216
2157 217
2157 218
2157 219
2157 220
2164 190
2164 191
2164 192
2164 193
2164 194
2164 195
2164 196
2164 197
2164 198
2164 199
2164 200
2164 201
2164 202
2164 203
2164 204
2164 205
2164 206
2164 207
2164 208
2164 209
2164 210
2164 211
2164 212
2164 213
2164 214
2171 188
2171 189
2171 190
2171 191
2171 192
2171 193
2171 194
2171 195
2171 196
2171 197
2171 198
2171 199
2171 200
2171 201
2171 202
2171 203
2171 204
2171 205
2171 206
2178 190
2178 191
2178 192
2178 193
2178 194
2183 206
2183 207
2183 208
2183 209
2183 210
2183 211
2183 212
2183 213
2183 214
2183 215
2183 216
2183 217
2183 218
2183 219
2190 199
2190 200
2190 201
2190 202
2190 203
2190 204
2190 205
2190 206
2190 207
2190 208
2190 209
2190 210
2190 211
2190 212
2190 213
2190 214
2190 215
2197 196
2197 197
2197 198
2197 199
2197 200
2197 201
2197 202
2197 203
2197 204
2197 205
2197 206
2197 207
