1610 13
1610 14
1610 15
1610 16
1610 17
1617 10
1617 11
1617 12
1617 13
1617 14
1617 15
1617 16
1617 17
1617 18
1624 8
1624 9
1624 10
1624 11
1624 12
1624 13
1624 14
1624 15
1624 16
1624 17
1624 18
1624 19
1631 7
1631 8
1631 9
1631 10
1631 11
1631 12
1631 13
1631 14
1631 15
1631 16
1631 17
1631 18
1631 19
1638 5
1638 6
1638 7
1638 8
1638 9
1638 10
1638 11
1638 12
1638 13
1638 14
1638 15
1638 16
1638 17
1638 18
1638 19
1645 4
1645 5
1645 6
1645 7
1645 8
1645 9
1645 10
1645 11
1645 12
1645 13
1645 14
1645 15
1645 16
1645 17
1645 18
1645 19
1652 3
1652 4
1652 5
1652 6
1652 7
1652 8
1652 9
1652 10
1652 11
1652 12
1652 13
1652 14
1652 15
1652 16
1652 17
1652 18
1652 19
1659 2
1659 3
1659 4
1659 5
1659 6
1659 7
1659 8
1659 9
1659 10
1659 11
1659 12
1659 13
1659 14
1659 15
1659 16
1659 17
1659 18
1659 19
1666 1
1666 2
1666 3
1666 4
1666 5
1666 6
1666 7
1666 8
1666 9
1666 10
1666 11
1666 12
1666 13
1666 14
1666 15
1666 16
1666 17
1666 18
1673 1
1673 2
1673 3
1673 4
1673 5
1673 6
1673 7
1673 8
1673 9
1673 10
1673 11
1673 12
1673 13
1673 14
1673 15
1673 16
1673 17
1673 18
1677 28
1680 0
1680 1
1680 2
1680 3
1680 4
1680 5
1680 6
1680 7
1680 8
1680 9
1680 10
1680 11
1680 12
1680 13
1680 14
1680 15
1680 16
1680 17
1684 24
1684 25
1684 26
1684 27
1684 28
1684 29
1684 30
1684 31
1687 0
1687 1
1687 2
1687 3
1687 4
1687 5
1687 6
1687 7
1687 8
1687 9
1687 10
1687 11
1687 12
1687 13
1687 14
1687 15
1687 16
1687 17
1687 575
1691 21
1691 22
1691 23
1691 24
1691 25
1691 26
1691 27
1691 28
1691 29
1691 30
1691 31
1691 32
1694 0
1694 1
1694 2
1694 3
1694 4
1694 5
1694 6
1694 7
1694 8
1694 9
1694 10
1694 11
1694 12
1694 13
1694 14
1694 15
1694 16
1694 575
1698 20
1698 21
1698 22
1698 23
1698 24
1698 25
1698 26
1698 27
1698 28
1698 29
1698 30
1698 31
1698 32
1701 0
1701 1
1701 2
1701 3
1701 4
1701 5
1701 6
1701 7
1701 8
1701 9
1701 10
1701 11
1701 12
1701 13
1701 14
1701 15
1701 574
1701 575
1705 18
1705 19
1705 20
1705 21
1705 22
1705 23
1705 24
1705 25
1705 26
1705 27
1705 28
1705 29
1705 30
1705 31
1705 32
1705 33
1708 0
1708 1
1708 2
1708 3
1708 4
1708 5
1708 6
1708 7
1708 8
1708 9
1708 10
1708 11
1708 12
1708 13
1708 14
1708 574
1708 575
1712 17
1712 18
1712 19
1712 20
1712 21
1712 22
1712 23
1712 24
1712 25
1712 26
1712 27
1712 28
1712 29
1712 30
1712 31
1712 32
1712 33
1715 0
1715 1
1715 2
1715 3
1715 4
1715 5
1715 6
1715 7
1715 8
1715 9
1715 10
1715 11
1715 12
1715 13
1715 574
1715 575
1719 15
1719 16
1719 17
1719 18
1719 19
1719 20
1719 21
1719 22
1719 23
1719 24
1719 25
1719 26
1719 27
1719 28
1719 29
1719 30
1719 31
1719 32
1719 33
1722 0
1722 1
1722 2
1722 3
1722 4
1722 5
1722 6
1722 7
1722 8
1722 9
1722 10
1722 11
1722 12
1722 574
1722 575
1726 14
1726 15
1726 16
1726 17
1726 18
1726 19
1726 20
1726 21
1726 22
1726 23
1726 24
1726 25
1726 26
1726 27
1726 28
1726 29
1726 30
1726 31
1726 32
1726 33
1729 0
1729 1
1729 2
1729 3
1729 4
1729 5
1729 6
1729 7
1729 8
1729 9
1729 10
1729 11
1729 574
1729 575
1733 13
1733 14
1733 15
1733 16
1733 17
1733 18
1733 19
1733 20
1733 21
1733 22
1733 23
1733 24
1733 25
1733 26
1733 27
1733 28
1733 29
1733 30
1733 31
1733 32
1736 0
1736 1
1736 2
1736 3
1736 4
1736 5
1736 6
1736 7
1736 8
1736 9
1736 10
1736 574
1736 575
1740 12
1740 13
1740 14
1740 15
1740 16
1740 17
1740 18
1740 19
1740 20
1740 21
1740 22
1740 23
1740 24
1740 25
1740 26
1740 27
1740 28
1740 29
1740 30
1740 31
1740 32
1743 0
1743 1
1743 2
1743 3
1743 4
1743 5
1743 6
1743 7
1743 8
1743 574
1743 575
1747 12
1747 13
1747 14
1747 15
1747 16
1747 17
1747 18
1747 19
1747 20
1747 21
1747 22
1747 23
1747 24
1747 25
1747 26
1747 27
1747 28
1747 29
1747 30
1747 31
1747 32
1750 0
1750 1
1750 2
1750 3
1750 4
1750 5
1750 6
1750 575
1754 11
1754 12
1754 13
1754 14
1754 15
1754 16
1754 17
1754 18
1754 19
1754 20
1754 21
1754 22
1754 23
1754 24
1754 25
1754 26
1754 27
1754 28
1754 29
1754 30
1754 31
1757 1
1757 2
1757 3
1761 10
1761 11
1761 12
1761 13
1761 14
1761 15
1761 16
1761 17
1761 18
1761 19
1761 20
1761 21
1761 22
1761 23
1761 24
1761 25
1761 26
1761 27
1761 28
1761 29
1761 30
1761 31
1768 9
1768 10
1768 11
1768 12
1768 13
1768 14
1768 15
1768 16
1768 17
1768 18
1768 19
1768 20
1768 21
1768 22
1768 23
1768 24
1768 25
1768 26
1768 27
1768 28
1768 29
1768 30
1768 31
1775 9
1775 10
1775 11
1775 12
1775 13
1775 14
1775 15
1775 16
1775 17
1775 18
1775 19
1775 20
1775 21
1775 22
1775 23
1775 24
1775 25
1775 26
1775 27
1775 28
1775 29
1775 30
1782 8
1782 9
1782 10
1782 11
1782 12
1782 13
1782 14
1782 15
1782 16
1782 17
1782 18
1782 19
1782 20
1782 21
1782 22
1782 23
1782 24
1782 25
1782 26
1782 27
1782 28
1782 29
1789 8
1789 9
1789 10
1789 11
1789 12
1789 13
1789 14
1789 15
1789 16
1789 17
1789 18
1789 19
1789 20
1789 21
1789 22
1789 23
1789 24
1789 25
1789 26
1789 27
1789 28
1789 29
1796 7
1796 8
1796 9
1796 10
1796 11
1796 12
1796 13
1796 14
1796 15
1796 16
1796 17
1796 18
1796 19
1796 20
1796 21
1796 22
1796 23
1796 24
1796 25
1796 26
1796 27
1796 28
1803 7
1803 8
1803 9
1803 10
1803 11
1803 12
1803 13
1803 14
1803 15
1803 16
1803 17
1803 18
1803 19
1803 20
1803 21
1803 22
1803 23
1803 24
1803 25
1803 26
1803 27
1810 6
1810 7
1810 8
1810 9
1810 10
1810 11
1810 12
1810 13
1810 14
1810 15
1810 16
1810 17
1810 18
1810 19
1810 20
1810 21
1810 22
1810 23
1810 24
1810 25
1810 26
1817 6
1817 7
1817 8
1817 9
1817 10
1817 11
1817 12
1817 13
1817 14
1817 15
1817 16
1817 17
1817 18
1817 19
1817 20
1817 21
1817 22
1817 23
1817 24
1817 25
1824 6
1824 7
1824 8
1824 9
1824 10
1824 11
1824 12
1824 13
1824 14
1824 15
1824 16
1824 17
1824 18
1824 19
1824 20
1824 21
1824 22
1824 23
1824 24
1831 6
1831 7
1831 8
1831 9
1831 10
1831 11
1831 12
1831 13
1831 14
1831 15
1831 16
1831 17
1831 18
1831 19
1831 20
1831 21
1831 22
1831 23
1838 6
1838 7
1838 8
1838 9
1838 10
1838 11
1838 12
1838 13
1838 14
1838 15
1838 16
1838 17
1838 18
1838 19
1838 20
1838 21
1838 22
1845 6
1845 7
1845 8
1845 9
1845 10
1845 11
1845 12
1845 13
1845 14
1845 15
1845 16
1845 17
1845 18
1845 19
1845 20
1852 7
1852 8
1852 9
1852 10
1852 11
1852 12
1852 13
1852 14
1852 15
1852 16
1852 17
1852 18
1859 8
1859 9
1859 10
1859 11
1859 12
1859 13
1859 14
1859 15
1859 16
1866 10
1866 11
1866 12
1866 13
