47 500
47 501
47 502
47 503
54 495
54 496
54 497
54 498
58 505
58 506
58 507
58 508
58 509
61 491
61 492
61 493
65 499
65 500
65 501
65 502
65 503
65 504
65 505
69 512
69 513
72 495
72 496
72 497
72 498
72 499
72 500
76 505
76 506
76 507
76 508
76 509
76 510
79 490
79 491
79 492
79 493
79 494
79 495
83 499
83 500
83 501
83 502
83 503
83 504
83 505
83 506
86 487
86 488
86 489
87 511
87 512
87 513
87 514
90 495
90 496
90 497
90 498
90 499
90 500
90 501
94 505
94 506
94 507
94 508
94 509
94 510
94 511
97 490
97 491
97 492
97 493
97 494
97 495
97 496
101 500
101 501
101 502
101 503
101 504
101 505
101 506
101 507
104 486
104 487
104 488
104 489
104 490
104 491
105 512
105 513
105 514
105 515
108 495
108 496
108 497
108 498
108 499
108 500
108 501
108 502
108 503
112 505
112 506
112 507
112 508
112 509
112 510
112 511
112 512
115 490
115 491
115 492
115 493
115 494
115 495
115 496
115 497
115 498
119 500
119 501
119 502
119 503
119 504
119 505
119 506
119 507
119 508
122 486
122 487
122 488
122 489
122 490
122 491
122 492
123 512
123 513
123 514
123 515
123 516
126 495
126 496
126 497
126 498
126 499
126 500
126 501
126 502
126 503
126 504
129 483
129 484
129 485
129 486
130 506
130 507
130 508
130 509
130 510
130 511
130 512
130 513
133 491
133 492
133 493
133 494
133 495
133 496
133 497
133 498
133 499
137 501
137 502
137 503
137 504
137 505
137 506
137 507
137 508
137 509
140 487
140 488
140 489
140 490
140 491
140 492
140 493
141 513
141 514
141 515
141 516
141 517
144 496
144 497
144 498
144 499
144 500
144 501
144 502
144 503
144 504
147 483
147 484
147 485
147 486
147 487
148 507
148 508
148 509
148 510
148 511
148 512
148 513
148 514
151 491
151 492
151 493
151 494
151 495
151 496
151 497
151 498
151 499
155 501
155 502
155 503
155 504
155 505
155 506
155 507
155 508
155 509
155 510
158 487
158 488
158 489
158 490
158 491
158 492
158 493
158 494
159 515
159 516
162 496
162 497
162 498
162 499
162 500
162 501
162 502
162 503
162 504
162 505
165 483
165 484
165 485
165 486
165 487
165 488
165 489
166 508
166 509
166 510
166 511
166 512
166 513
166 514
169 492
169 493
169 494
169 495
169 496
169 497
169 498
169 499
169 500
172 481
173 502
173 503
173 504
173 505
173 506
173 507
173 508
173 509
173 510
176 488
176 489
176 490
176 491
176 492
176 493
176 494
176 495
180 497
180 498
180 499
180 500
180 501
180 502
180 503
180 504
180 505
180 506
183 484
183 485
183 486
183 487
183 488
183 489
184 509
184 510
184 511
184 512
184 513
184 514
187 493
187 494
187 495
187 496
187 497
187 498
187 499
187 500
187 501
190 481
190 482
190 483
191 503
191 504
191 505
191 506
191 507
191 508
191 509
191 510
194 489
194 490
194 491
194 492
194 493
194 494
194 495
194 496
198 498
198 499
198 500
198 501
198 502
198 503
198 504
198 505
198 506
201 485
201 486
201 487
201 488
201 489
201 490
202 511
202 512
202 513
202 514
205 494
205 495
205 496
205 497
205 498
205 499
205 500
205 501
208 482
208 483
209 505
209 506
209 507
209 508
209 509
209 510
209 511
212 489
212 490
212 491
212 492
212 493
212 494
212 495
212 496
216 500
216 501
216 502
216 503
216 504
216 505
216 506
219 486
219 487
219 488
219 489
219 490
219 491
223 495
223 496
223 497
223 498
223 499
223 500
223 501
223 502
227 507
227 508
227 509
227 510
230 491
230 492
230 493
230 494
230 495
230 496
230 497
234 501
234 502
234 503
234 504
234 505
234 506
237 487
237 488
237 489
237 490
237 491
241 496
241 497
241 498
241 499
241 500
241 501
241 502
248 492
248 493
248 494
248 495
248 496
248 497
252 503
252 504
252 505
252 506
255 489
255 490
255 491
259 498
259 499
259 500
259 501
266 494
266 495
266 496
990 499
990 500
990 501
994 510
994 511
997 493
997 494
997 495
997 496
997 497
1001 503
1001 504
1001 505
1001 506
1001 507
1001 508
1001 509
1004 488
1004 489
1004 490
1004 491
1004 492
1004 493
1008 497
1008 498
1008 499
1008 500
1008 501
1008 502
1008 503
1008 504
1008 505
1011 484
1011 485
1011 486
1011 487
1012 509
1012 510
1012 511
1012 512
1012 513
1012 514
1012 515
1015 492
1015 493
1015 494
1015 495
1015 496
1015 497
1015 498
1015 499
1015 500
1019 503
1019 504
1019 505
1019 506
1019 507
1019 508
1019 509
1019 510
1019 511
1022 487
1022 488
1022 489
1022 490
1022 491
1022 492
1022 493
1022 494
1022 495
1023 515
1023 516
1023 517
1023 518
1023 519
1023 520
1026 497
1026 498
1026 499
1026 500
1026 501
1026 502
1026 503
1026 504
1026 505
1026 506
1026 507
1029 483
1029 484
1029 485
1029 486
1029 487
1029 488
1029 489
1029 490
1030 509
1030 510
1030 511
1030 512
1030 513
1030 514
1030 515
1030 516
1030 517
1033 492
1033 493
1033 494
1033 495
1033 496
1033 497
1033 498
1033 499
1033 500
1033 501
1033 502
1036 479
1036 480
1036 481
1036 482
1036 483
1036 484
1036 485
1037 503
1037 504
1037 505
1037 506
1037 507
1037 508
1037 509
1037 510
1037 511
1037 512
1037 513
1040 487
1040 488
1040 489
1040 490
1040 491
1040 492
1040 493
1040 494
1040 495
1040 496
1040 497
1041 515
1041 516
1041 517
1041 518
1041 519
1041 520
1041 521
1041 522
1043 476
1043 477
1043 478
1044 498
1044 499
1044 500
1044 501
1044 502
1044 503
1044 504
1044 505
1044 506
1044 507
1044 508
1044 509
1047 483
1047 484
1047 485
1047 486
1047 487
1047 488
1047 489
1047 490
1047 491
1047 492
1048 509
1048 510
1048 511
1048 512
1048 513
1048 514
1048 515
1048 516
1048 517
1048 518
1051 493
1051 494
1051 495
1051 496
1051 497
1051 498
1051 499
1051 500
1051 501
1051 502
1051 503
1051 504
1054 479
1054 480
1054 481
1054 482
1054 483
1054 484
1054 485
1054 486
1054 487
1055 503
1055 504
1055 505
1055 506
1055 507
1055 508
1055 509
1055 510
1055 511
1055 512
1055 513
1055 514
1055 515
1058 488
1058 489
1058 490
1058 491
1058 492
1058 493
1058 494
1058 495
1058 496
1058 497
1058 498
1058 499
1059 516
1059 517
1059 518
1059 519
1059 520
1059 521
1059 522
1059 523
1061 475
1061 476
1061 477
1061 478
1061 479
1061 480
1061 481
1062 498
1062 499
1062 500
1062 501
1062 502
1062 503
1062 504
1062 505
1062 506
1062 507
1062 508
1062 509
1062 510
1065 483
1065 484
1065 485
1065 486
1065 487
1065 488
1065 489
1065 490
1065 491
1065 492
1065 493
1065 494
1066 510
1066 511
1066 512
1066 513
1066 514
1066 515
1066 516
1066 517
1066 518
1066 519
1066 520
1069 493
1069 494
1069 495
1069 496
1069 497
1069 498
1069 499
1069 500
1069 501
1069 502
1069 503
1069 504
1069 505
1069 506
1072 479
1072 480
1072 481
1072 482
1072 483
1072 484
1072 485
1072 486
1072 487
1072 488
1072 489
1073 504
1073 505
1073 506
1073 507
1073 508
1073 509
1073 510
1073 511
1073 512
1073 513
1073 514
1073 515
1073 516
1076 488
1076 489
1076 490
1076 491
1076 492
1076 493
1076 494
1076 495
1076 496
1076 497
1076 498
1076 499
1076 500
1076 501
1077 517
1077 518
1077 519
1077 520
1077 521
1077 522
1077 523
1077 524
1079 476
1079 477
1079 478
1079 479
1079 480
1079 481
1079 482
1079 483
1080 499
1080 500
1080 501
1080 502
1080 503
1080 504
1080 505
1080 506
1080 507
1080 508
1080 509
1080 510
1080 511
1080 512
1083 484
1083 485
1083 486
1083 487
1083 488
1083 489
1083 490
1083 491
1083 492
1083 493
1083 494
1083 495
1083 496
1084 511
1084 512
1084 513
1084 514
1084 515
1084 516
1084 517
1084 518
1084 519
1084 520
1084 521
1086 473
1086 474
1086 475
1086 476
1087 494
1087 495
1087 496
1087 497
1087 498
1087 499
1087 500
1087 501
1087 502
1087 503
1087 504
1087 505
1087 506
1087 507
1090 480
1090 481
1090 482
1090 483
1090 484
1090 485
1090 486
1090 487
1090 488
1090 489
1090 490
1091 505
1091 506
1091 507
1091 508
1091 509
1091 510
1091 511
1091 512
1091 513
1091 514
1091 515
1091 516
1091 517
1094 489
1094 490
1094 491
1094 492
1094 493
1094 494
1094 495
1094 496
1094 497
1094 498
1094 499
1094 500
1094 501
1094 502
1095 518
1095 519
1095 520
1095 521
1095 522
1095 523
1095 524
1095 525
1097 476
1097 477
1097 478
1097 479
1097 480
1097 481
1097 482
1097 483
1097 484
1098 500
1098 501
1098 502
1098 503
1098 504
1098 505
1098 506
1098 507
1098 508
1098 509
1098 510
1098 511
1098 512
1098 513
1101 485
1101 486
1101 487
1101 488
1101 489
1101 490
1101 491
1101 492
1101 493
1101 494
1101 495
1101 496
1101 497
1102 512
1102 513
1102 514
1102 515
1102 516
1102 517
1102 518
1102 519
1102 520
1102 521
1102 522
1104 473
1104 474
1104 475
1104 476
1104 477
1104 478
1105 495
1105 496
1105 497
1105 498
1105 499
1105 500
1105 501
1105 502
1105 503
1105 504
1105 505
1105 506
1105 507
1105 508
1108 481
1108 482
1108 483
1108 484
1108 485
1108 486
1108 487
1108 488
1108 489
1108 490
1108 491
1109 506
1109 507
1109 508
1109 509
1109 510
1109 511
1109 512
1109 513
1109 514
1109 515
1109 516
1109 517
1109 518
1112 490
1112 491
1112 492
1112 493
1112 494
1112 495
1112 496
1112 497
1112 498
1112 499
1112 500
1112 501
1112 502
1112 503
1113 520
1113 521
1113 522
1113 523
1113 524
1113 525
1113 526
1115 477
1115 478
1115 479
1115 480
1115 481
1115 482
1115 483
1115 484
1115 485
1115 486
1116 501
1116 502
1116 503
1116 504
1116 505
1116 506
1116 507
1116 508
1116 509
1116 510
1116 511
1116 512
1116 513
1116 514
1119 486
1119 487
1119 488
1119 489
1119 490
1119 491
1119 492
1119 493
1119 494
1119 495
1119 496
1119 497
1119 498
1120 513
1120 514
1120 515
1120 516
1120 517
1120 518
1120 519
1120 520
1120 521
1120 522
1120 523
1122 474
1122 475
1122 476
1122 477
1122 478
1122 479
1123 496
1123 497
1123 498
1123 499
1123 500
1123 501
1123 502
1123 503
1123 504
1123 505
1123 506
1123 507
1123 508
1123 509
1126 482
1126 483
1126 484
1126 485
1126 486
1126 487
1126 488
1126 489
1126 490
1126 491
1126 492
1126 493
1127 507
1127 508
1127 509
1127 510
1127 511
1127 512
1127 513
1127 514
1127 515
1127 516
1127 517
1127 518
1127 519
1130 491
1130 492
1130 493
1130 494
1130 495
1130 496
1130 497
1130 498
1130 499
1130 500
1130 501
1130 502
1130 503
1130 504
1131 521
1131 522
1131 523
1131 524
1131 525
1131 526
1133 478
1133 479
1133 480
1133 481
1133 482
1133 483
1133 484
1133 485
1133 486
1133 487
1134 502
1134 503
1134 504
1134 505
1134 506
1134 507
1134 508
1134 509
1134 510
1134 511
1134 512
1134 513
1134 514
1134 515
1137 487
1137 488
1137 489
1137 490
1137 491
1137 492
1137 493
1137 494
1137 495
1137 496
1137 497
1137 498
1137 499
1138 515
1138 516
1138 517
1138 518
1138 519
1138 520
1138 521
1138 522
1138 523
1140 475
1140 476
1140 477
1140 478
1140 479
1140 480
1141 497
1141 498
1141 499
1141 500
1141 501
1141 502
1141 503
1141 504
1141 505
1141 506
1141 507
1141 508
1141 509
1141 510
1144 483
1144 484
1144 485
1144 486
1144 487
1144 488
1144 489
1144 490
1144 491
1144 492
1144 493
1144 494
1145 509
1145 510
1145 511
1145 512
1145 513
1145 514
1145 515
1145 516
1145 517
1145 518
1145 519
1145 520
1148 492
1148 493
1148 494
1148 495
1148 496
1148 497
1148 498
1148 499
1148 500
1148 501
1148 502
1148 503
1148 504
1148 505
1151 479
1151 480
1151 481
1151 482
1151 483
1151 484
1151 485
1151 486
1151 487
1151 488
1152 503
1152 504
1152 505
1152 506
1152 507
1152 508
1152 509
1152 510
1152 511
1152 512
1152 513
1152 514
1152 515
1155 488
1155 489
1155 490
1155 491
1155 492
1155 493
1155 494
1155 495
1155 496
1155 497
1155 498
1155 499
1155 500
1156 516
1156 517
1156 518
1156 519
1156 520
1156 521
1156 522
1156 523
1158 477
1158 478
1158 479
1158 480
1158 481
1159 498
1159 499
1159 500
1159 501
1159 502
1159 503
1159 504
1159 505
1159 506
1159 507
1159 508
1159 509
1159 510
1159 511
1162 484
1162 485
1162 486
1162 487
1162 488
1162 489
1162 490
1162 491
1162 492
1162 493
1162 494
1163 510
1163 511
1163 512
1163 513
1163 514
1163 515
1163 516
1163 517
1163 518
1163 519
1163 520
1166 494
1166 495
1166 496
1166 497
1166 498
1166 499
1166 500
1166 501
1166 502
1166 503
1166 504
1166 505
1166 506
1169 481
1169 482
1169 483
1169 484
1169 485
1169 486
1169 487
1169 488
1170 505
1170 506
1170 507
1170 508
1170 509
1170 510
1170 511
1170 512
1170 513
1170 514
1170 515
1170 516
1173 490
1173 491
1173 492
1173 493
1173 494
1173 495
1173 496
1173 497
1173 498
1173 499
1173 500
1173 501
1174 519
1174 520
1174 521
1174 522
1174 523
1176 479
1176 480
1176 481
1177 500
1177 501
1177 502
1177 503
1177 504
1177 505
1177 506
1177 507
1177 508
1177 509
1177 510
1177 511
1180 486
1180 487
1180 488
1180 489
1180 490
1180 491
1180 492
1180 493
1180 494
1180 495
1181 512
1181 513
1181 514
1181 515
1181 516
1181 517
1181 518
1181 519
1181 520
1184 495
1184 496
1184 497
1184 498
1184 499
1184 500
1184 501
1184 502
1184 503
1184 504
1184 505
1184 506
1187 483
1187 484
1187 485
1187 486
1187 487
1187 488
1187 489
1188 507
1188 508
1188 509
1188 510
1188 511
1188 512
1188 513
1188 514
1188 515
1188 516
1191 491
1191 492
1191 493
1191 494
1191 495
1191 496
1191 497
1191 498
1191 499
1191 500
1191 501
1195 502
1195 503
1195 504
1195 505
1195 506
1195 507
1195 508
1195 509
1195 510
1195 511
1195 512
1198 488
1198 489
1198 490
1198 491
1198 492
1198 493
1198 494
1198 495
1198 496
1199 515
1199 516
1199 517
1199 518
1199 519
1199 520
1202 497
1202 498
1202 499
1202 500
1202 501
1202 502
1202 503
1202 504
1202 505
1202 506
1202 507
1205 485
1205 486
1205 487
1205 488
1205 489
1206 509
1206 510
1206 511
1206 512
1206 513
1206 514
1206 515
1206 516
1209 493
1209 494
1209 495
1209 496
1209 497
1209 498
1209 499
1209 500
1209 501
1213 504
1213 505
1213 506
1213 507
1213 508
1213 509
1213 510
1213 511
1213 512
1216 490
1216 491
1216 492
1216 493
1216 494
1216 495
1220 500
1220 501
1220 502
1220 503
1220 504
1220 505
1220 506
1220 507
1224 513
1224 514
1224 515
1227 496
1227 497
1227 498
1227 499
1227 500
1227 501
1231 507
1231 508
1231 509
1231 510
1231 511
1238 503
1238 504
1238 505
