1 286
1 287
1 288
1 289
1 290
1 291
1 292
1 293
1 294
1 295
1 296
1 297
1 298
1 299
1 300
1 301
3 277
3 278
3 279
3 280
3 281
3 282
3 283
3 284
3 285
3 286
3 287
3 288
3 289
8 304
8 305
8 306
8 307
8 308
8 309
8 310
8 311
8 312
8 313
10 291
10 292
10 293
10 294
10 295
10 296
10 297
10 298
10 299
10 300
10 301
10 302
10 303
10 304
10 305
10 306
12 280
12 281
12 282
12 283
12 284
12 285
12 286
12 287
12 288
12 289
12 290
12 291
12 292
12 293
12 294
12 295
14 274
14 275
14 276
14 277
14 278
14 279
19 296
19 297
19 298
19 299
19 300
19 301
19 302
19 303
19 304
19 305
19 306
19 307
19 308
19 309
19 310
21 284
21 285
21 286
21 287
21 288
21 289
21 290
21 291
21 292
21 293
21 294
21 295
21 296
21 297
21 298
21 299
21 300
23 275
23 276
23 277
23 278
23 279
23 280
23 281
23 282
23 283
23 284
23 285
23 286
23 287
23 288
28 302
28 303
28 304
28 305
28 306
28 307
28 308
28 309
28 310
28 311
28 312
28 313
30 289
30 290
30 291
30 292
30 293
30 294
30 295
30 296
30 297
30 298
30 299
30 300
30 301
30 302
30 303
30 304
30 305
32 278
32 279
32 280
32 281
32 282
32 283
32 284
32 285
32 286
32 287
32 288
32 289
32 290
32 291
32 292
32 293
32 294
34 272
34 273
34 274
34 275
34 276
34 277
34 278
37 309
37 310
37 311
37 312
37 313
37 314
37 315
39 294
39 295
39 296
39 297
39 298
39 299
39 300
39 301
39 302
39 303
39 304
39 305
39 306
39 307
39 308
39 309
41 282
41 283
41 284
41 285
41 286
41 287
41 288
41 289
41 290
41 291
41 292
41 293
41 294
41 295
41 296
41 297
41 298
41 299
43 274
43 275
43 276
43 277
43 278
43 279
43 280
43 281
43 282
43 283
43 284
43 285
43 286
48 300
48 301
48 302
48 303
48 304
48 305
48 306
48 307
48 308
48 309
48 310
48 311
48 312
50 287
50 288
50 289
50 290
50 291
50 292
50 293
50 294
50 295
50 296
50 297
50 298
50 299
50 300
50 301
50 302
50 303
50 304
52 277
52 278
52 279
52 280
52 281
52 282
52 283
52 284
52 285
52 286
52 287
52 288
52 289
52 290
52 291
52 292
54 272
54 273
54 274
54 275
54 276
57 306
57 307
57 308
57 309
57 310
57 311
57 312
57 313
57 314
59 292
59 293
59 294
59 295
59 296
59 297
59 298
59 299
59 300
59 301
59 302
59 303
59 304
59 305
59 306
59 307
59 308
61 281
61 282
61 283
61 284
61 285
61 286
61 287
61 288
61 289
61 290
61 291
61 292
61 293
61 294
61 295
61 296
61 297
61 298
63 273
63 274
63 275
63 276
63 277
63 278
63 279
63 280
63 281
63 282
63 283
63 284
63 285
68 298
68 299
68 300
68 301
68 302
68 303
68 304
68 305
68 306
68 307
68 308
68 309
68 310
68 311
70 286
70 287
70 288
70 289
70 290
70 291
70 292
70 293
70 294
70 295
70 296
70 297
70 298
70 299
70 300
70 301
70 302
72 276
72 277
72 278
72 279
72 280
72 281
72 282
72 283
72 284
72 285
72 286
72 287
72 288
72 289
72 290
72 291
77 304
77 305
77 306
77 307
77 308
77 309
77 310
77 311
77 312
77 313
77 314
79 291
79 292
79 293
79 294
79 295
79 296
79 297
79 298
79 299
79 300
79 301
79 302
79 303
79 304
79 305
79 306
79 307
81 280
81 281
81 282
81 283
81 284
81 285
81 286
81 287
81 288
81 289
81 290
81 291
81 292
81 293
81 294
81 295
81 296
83 272
83 273
83 274
83 275
83 276
83 277
83 278
83 279
83 280
83 281
83 282
83 283
88 296
88 297
88 298
88 299
88 300
88 301
88 302
88 303
88 304
88 305
88 306
88 307
88 308
88 309
88 310
90 284
90 285
90 286
90 287
90 288
90 289
90 290
90 291
90 292
90 293
90 294
90 295
90 296
90 297
90 298
90 299
90 300
90 301
92 275
92 276
92 277
92 278
92 279
92 280
92 281
92 282
92 283
92 284
92 285
92 286
92 287
92 288
92 289
97 303
97 304
97 305
97 306
97 307
97 308
97 309
97 310
97 311
97 312
97 313
99 289
99 290
99 291
99 292
99 293
99 294
99 295
99 296
99 297
99 298
99 299
99 300
99 301
99 302
99 303
99 304
99 305
101 279
101 280
101 281
101 282
101 283
101 284
101 285
101 286
101 287
101 288
101 289
101 290
101 291
101 292
101 293
101 294
101 295
103 272
103 273
103 274
103 275
103 276
103 277
103 278
103 279
103 280
103 281
108 295
108 296
108 297
108 298
108 299
108 300
108 301
108 302
108 303
108 304
108 305
108 306
108 307
108 308
108 309
110 283
110 284
110 285
110 286
110 287
110 288
110 289
110 290
110 291
110 292
110 293
110 294
110 295
110 296
110 297
110 298
110 299
110 300
112 274
112 275
112 276
112 277
112 278
112 279
112 280
112 281
112 282
112 283
112 284
112 285
112 286
112 287
117 302
117 303
117 304
117 305
117 306
117 307
117 308
117 309
117 310
117 311
117 312
119 288
119 289
119 290
119 291
119 292
119 293
119 294
119 295
119 296
119 297
119 298
119 299
119 300
119 301
119 302
119 303
119 304
121 278
121 279
121 280
121 281
121 282
121 283
121 284
121 285
121 286
121 287
121 288
121 289
121 290
121 291
121 292
121 293
123 272
123 273
123 274
123 275
123 276
123 277
123 278
128 294
128 295
128 296
128 297
128 298
128 299
128 300
128 301
128 302
128 303
128 304
128 305
128 306
128 307
128 308
130 283
130 284
130 285
130 286
130 287
130 288
130 289
130 290
130 291
130 292
130 293
130 294
130 295
130 296
130 297
130 298
132 274
132 275
132 276
132 277
132 278
132 279
132 280
132 281
132 282
132 283
132 284
132 285
137 301
137 302
137 303
137 304
137 305
137 306
137 307
137 308
137 309
137 310
139 288
139 289
139 290
139 291
139 292
139 293
139 294
139 295
139 296
139 297
139 298
139 299
139 300
139 301
139 302
141 278
141 279
141 280
141 281
141 282
141 283
141 284
141 285
141 286
141 287
141 288
141 289
141 290
141 291
148 293
148 294
148 295
148 296
148 297
148 298
148 299
148 300
148 301
148 302
148 303
148 304
148 305
148 306
150 282
150 283
150 284
150 285
150 286
150 287
150 288
150 289
150 290
150 291
150 292
150 293
150 294
150 295
150 296
152 275
152 276
152 277
152 278
152 279
152 280
152 281
152 282
152 283
157 300
157 301
157 302
157 303
157 304
157 305
157 306
157 307
157 308
157 309
159 287
159 288
159 289
159 290
159 291
159 292
159 293
159 294
159 295
159 296
159 297
159 298
159 299
159 300
159 301
161 278
161 279
161 280
161 281
161 282
161 283
161 284
161 285
161 286
161 287
161 288
161 289
168 293
168 294
168 295
168 296
168 297
168 298
168 299
168 300
168 301
168 302
168 303
168 304
170 282
170 283
170 284
170 285
170 286
170 287
170 288
170 289
170 290
170 291
170 292
170 293
170 294
177 300
177 301
177 302
177 303
177 304
177 305
177 306
179 287
179 288
179 289
179 290
179 291
179 292
179 293
179 294
179 295
179 296
179 297
179 298
181 279
181 280
181 281
181 282
181 283
181 284
181 285
181 286
188 293
188 294
188 295
188 296
188 297
188 298
188 299
188 300
188 301
188 302
190 283
190 284
190 285
190 286
190 287
190 288
190 289
190 290
190 291
199 288
199 289
199 290
199 291
199 292
199 293
199 294
199 295
199 296
208 295
208 296
208 297
208 298
208 299
210 286
210 287
1896 214
1896 215
1896 216
1905 217
1905 218
1905 219
1905 220
1905 221
1907 208
1907 209
1907 210
1907 211
1907 212
1914 221
1914 222
1914 223
1914 224
1914 225
1916 211
1916 212
1916 213
1916 214
1916 215
1916 216
1916 217
1916 218
1918 203
1918 204
1918 205
1918 206
1918 207
1918 208
1925 214
1925 215
1925 216
1925 217
1925 218
1925 219
1925 220
1925 221
1925 222
1927 205
1927 206
1927 207
1927 208
1927 209
1927 210
1927 211
1927 212
1927 213
1929 198
1929 199
1929 200
1929 201
1929 202
1934 219
1934 220
1934 221
1934 222
1934 223
1934 224
1934 225
1934 226
1936 209
1936 210
1936 211
1936 212
1936 213
1936 214
1936 215
1936 216
1936 217
1936 218
1938 200
1938 201
1938 202
1938 203
1938 204
1938 205
1938 206
1938 207
1938 208
1943 224
1943 225
1943 226
1943 227
1943 228
1943 229
1945 213
1945 214
1945 215
1945 216
1945 217
1945 218
1945 219
1945 220
1945 221
1945 222
1947 204
1947 205
1947 206
1947 207
1947 208
1947 209
1947 210
1947 211
1947 212
1947 213
1949 196
1949 197
1949 198
1949 199
1949 200
1949 201
1949 202
1949 203
1954 217
1954 218
1954 219
1954 220
1954 221
1954 222
1954 223
1954 224
1954 225
1954 226
1956 207
1956 208
1956 209
1956 210
1956 211
1956 212
1956 213
1956 214
1956 215
1956 216
1956 217
1956 218
1958 199
1958 200
1958 201
1958 202
1958 203
1958 204
1958 205
1958 206
1958 207
1958 208
1960 192
1960 193
1960 194
1960 195
1960 196
1960 197
1963 222
1963 223
1963 224
1963 225
1963 226
1963 227
1963 228
1963 229
1965 211
1965 212
1965 213
1965 214
1965 215
1965 216
1965 217
1965 218
1965 219
1965 220
1965 221
1965 222
1967 202
1967 203
1967 204
1967 205
1967 206
1967 207
1967 208
1967 209
1967 210
1967 211
1967 212
1967 213
1969 194
1969 195
1969 196
1969 197
1969 198
1969 199
1969 200
1969 201
1969 202
1969 203
1971 188
1971 189
1971 190
1971 191
1972 228
1972 229
1972 230
1972 231
1972 232
1974 216
1974 217
1974 218
1974 219
1974 220
1974 221
1974 222
1974 223
1974 224
1974 225
1974 226
1976 206
1976 207
1976 208
1976 209
1976 210
1976 211
1976 212
1976 213
1976 214
1976 215
1976 216
1976 217
1976 218
1978 197
1978 198
1978 199
1978 200
1978 201
1978 202
1978 203
1978 204
1978 205
1978 206
1978 207
1978 208
1980 190
1980 191
1980 192
1980 193
1980 194
1980 195
1980 196
1980 197
1980 198
1983 221
1983 222
1983 223
1983 224
1983 225
1983 226
1983 227
1983 228
1983 229
1985 210
1985 211
1985 212
1985 213
1985 214
1985 215
1985 216
1985 217
1985 218
1985 219
1985 220
1985 221
1985 222
1987 201
1987 202
1987 203
1987 204
1987 205
1987 206
1987 207
1987 208
1987 209
1987 210
1987 211
1987 212
1987 213
1989 193
1989 194
1989 195
1989 196
1989 197
1989 198
1989 199
1989 200
1989 201
1989 202
1989 203
1991 186
1991 187
1991 188
1991 189
1991 190
1991 191
1991 192
1992 226
1992 227
1992 228
1992 229
1992 230
1992 231
1992 232
1994 215
1994 216
1994 217
1994 218
1994 219
1994 220
1994 221
1994 222
1994 223
1994 224
1994 225
1996 205
1996 206
1996 207
1996 208
1996 209
1996 210
1996 211
1996 212
1996 213
1996 214
1996 215
1996 216
1996 217
1998 196
1998 197
1998 198
1998 199
1998 200
1998 201
1998 202
1998 203
1998 204
1998 205
1998 206
1998 207
1998 208
2000 188
2000 189
2000 190
2000 191
2000 192
2000 193
2000 194
2000 195
2000 196
2000 197
2000 198
2002 182
2002 183
2002 184
2002 185
2002 186
2003 219
2003 220
2003 221
2003 222
2003 223
2003 224
2003 225
2003 226
2003 227
2003 228
2003 229
2005 209
2005 210
2005 211
2005 212
2005 213
2005 214
2005 215
2005 216
2005 217
2005 218
2005 219
2005 220
2005 221
2007 200
2007 201
2007 202
2007 203
2007 204
2007 205
2007 206
2007 207
2007 208
2007 209
2007 210
2007 211
2007 212
2009 191
2009 192
2009 193
2009 194
2009 195
2009 196
2009 197
2009 198
2009 199
2009 200
2009 201
2009 202
2009 203
2011 184
2011 185
2011 186
2011 187
2011 188
2011 189
2011 190
2011 191
2011 192
2012 225
2012 226
2012 227
2012 228
2012 229
2012 230
2012 231
2014 213
2014 214
2014 215
2014 216
2014 217
2014 218
2014 219
2014 220
2014 221
2014 222
2014 223
2014 224
2014 225
2016 204
2016 205
2016 206
2016 207
2016 208
2016 209
2016 210
2016 211
2016 212
2016 213
2016 214
2016 215
2016 216
2018 195
2018 196
2018 197
2018 198
2018 199
2018 200
2018 201
2018 202
2018 203
2018 204
2018 205
2018 206
2018 207
2020 187
2020 188
2020 189
2020 190
2020 191
2020 192
2020 193
2020 194
2020 195
2020 196
2020 197
2022 180
2022 181
2022 182
2022 183
2022 184
2022 185
2022 186
2023 218
2023 219
2023 220
2023 221
2023 222
2023 223
2023 224
2023 225
2023 226
2023 227
2023 228
2025 208
2025 209
2025 210
2025 211
2025 212
2025 213
2025 214
2025 215
2025 216
2025 217
2025 218
2025 219
2025 220
2027 199
2027 200
2027 201
2027 202
2027 203
2027 204
2027 205
2027 206
2027 207
2027 208
2027 209
2027 210
2027 211
2027 212
2029 190
2029 191
2029 192
2029 193
2029 194
2029 195
2029 196
2029 197
2029 198
2029 199
2029 200
2029 201
2029 202
2031 182
2031 183
2031 184
2031 185
2031 186
2031 187
2031 188
2031 189
2031 190
2031 191
2031 192
2032 224
2032 225
2032 226
2032 227
2032 228
2032 229
2032 230
2032 231
2033 177
2033 178
2033 179
2033 180
2034 213
2034 214
2034 215
2034 216
2034 217
2034 218
2034 219
2034 220
2034 221
2034 222
2034 223
2034 224
2036 203
2036 204
2036 205
2036 206
2036 207
2036 208
2036 209
2036 210
2036 211
2036 212
2036 213
2036 214
2036 215
2036 216
2038 194
2038 195
2038 196
2038 197
2038 198
2038 199
2038 200
2038 201
2038 202
2038 203
2038 204
2038 205
2038 206
2038 207
2040 185
2040 186
2040 187
2040 188
2040 189
2040 190
2040 191
2040 192
2040 193
2040 194
2040 195
2040 196
2040 197
2042 178
2042 179
2042 180
2042 181
2042 182
2042 183
2042 184
2042 185
2042 186
2043 218
2043 219
2043 220
2043 221
2043 222
2043 223
2043 224
2043 225
2043 226
2043 227
2045 207
2045 208
2045 209
2045 210
2045 211
2045 212
2045 213
2045 214
2045 215
2045 216
2045 217
2045 218
2045 219
2045 220
2047 198
2047 199
2047 200
2047 201
2047 202
2047 203
2047 204
2047 205
2047 206
2047 207
2047 208
2047 209
2047 210
2047 211
2049 189
2049 190
2049 191
2049 192
2049 193
2049 194
2049 195
2049 196
2049 197
2049 198
2049 199
2049 200
2049 201
2051 181
2051 182
2051 183
2051 184
2051 185
2051 186
2051 187
2051 188
2051 189
2051 190
2051 191
2052 223
2052 224
2052 225
2052 226
2052 227
2052 228
2052 229
2052 230
2053 174
2053 175
2053 176
2053 177
2053 178
2053 179
2053 180
2054 212
2054 213
2054 214
2054 215
2054 216
2054 217
2054 218
2054 219
2054 220
2054 221
2054 222
2054 223
2056 202
2056 203
2056 204
2056 205
2056 206
2056 207
2056 208
2056 209
2056 210
2056 211
2056 212
2056 213
2056 214
2056 215
2058 193
2058 194
2058 195
2058 196
2058 197
2058 198
2058 199
2058 200
2058 201
2058 202
2058 203
2058 204
2058 205
2058 206
2060 184
2060 185
2060 186
2060 187
2060 188
2060 189
2060 190
2060 191
2060 192
2060 193
2060 194
2060 195
2060 196
2062 177
2062 178
2062 179
2062 180
2062 181
2062 182
2062 183
2062 184
2062 185
2062 186
2063 217
2063 218
2063 219
2063 220
2063 221
2063 222
2063 223
2063 224
2063 225
2063 226
2064 172
2064 173
2065 206
2065 207
2065 208
2065 209
2065 210
2065 211
2065 212
2065 213
2065 214
2065 215
2065 216
2065 217
2065 218
2065 219
2067 197
2067 198
2067 199
2067 200
2067 201
2067 202
2067 203
2067 204
2067 205
2067 206
2067 207
2067 208
2067 209
2067 210
2069 188
2069 189
2069 190
2069 191
2069 192
2069 193
2069 194
2069 195
2069 196
2069 197
2069 198
2069 199
2069 200
2069 201
2071 180
2071 181
2071 182
2071 183
2071 184
2071 185
2071 186
2071 187
2071 188
2071 189
2071 190
2071 191
2072 223
2072 224
2072 225
2072 226
2072 227
2072 228
2073 173
2073 174
2073 175
2073 176
2073 177
2073 178
2073 179
2073 180
2074 211
2074 212
2074 213
2074 214
2074 215
2074 216
2074 217
2074 218
2074 219
2074 220
2074 221
2074 222
2076 201
2076 202
2076 203
2076 204
2076 205
2076 206
2076 207
2076 208
2076 209
2076 210
2076 211
2076 212
2076 213
2076 214
2078 192
2078 193
2078 194
2078 195
2078 196
2078 197
2078 198
2078 199
2078 200
2078 201
2078 202
2078 203
2078 204
2078 205
2080 183
2080 184
2080 185
2080 186
2080 187
2080 188
2080 189
2080 190
2080 191
2080 192
2080 193
2080 194
2080 195
2082 175
2082 176
2082 177
2082 178
2082 179
2082 180
2082 181
2082 182
2082 183
2082 184
2082 185
2083 217
2083 218
2083 219
2083 220
2083 221
2083 222
2083 223
2083 224
2083 225
2084 170
2084 171
2084 172
2084 173
2085 206
2085 207
2085 208
2085 209
2085 210
2085 211
2085 212
2085 213
2085 214
2085 215
2085 216
2085 217
2087 196
2087 197
2087 198
2087 199
2087 200
2087 201
2087 202
2087 203
2087 204
2087 205
2087 206
2087 207
2087 208
2087 209
2089 187
2089 188
2089 189
2089 190
2089 191
2089 192
2089 193
2089 194
2089 195
2089 196
2089 197
2089 198
2089 199
2089 200
2091 179
2091 180
2091 181
2091 182
2091 183
2091 184
2091 185
2091 186
2091 187
2091 188
2091 189
2091 190
2092 223
2092 224
2092 225
2092 226
2093 171
2093 172
2093 173
2093 174
2093 175
2093 176
2093 177
2093 178
2093 179
2094 211
2094 212
2094 213
2094 214
2094 215
2094 216
2094 217
2094 218
2094 219
2094 220
2094 221
2096 200
2096 201
2096 202
2096 203
2096 204
2096 205
2096 206
2096 207
2096 208
2096 209
2096 210
2096 211
2096 212
2096 213
2098 191
2098 192
2098 193
2098 194
2098 195
2098 196
2098 197
2098 198
2098 199
2098 200
2098 201
2098 202
2098 203
2098 204
2100 182
2100 183
2100 184
2100 185
2100 186
2100 187
2100 188
2100 189
2100 190
2100 191
2100 192
2100 193
2100 194
2102 174
2102 175
2102 176
2102 177
2102 178
2102 179
2102 180
2102 181
2102 182
2102 183
2102 184
2103 216
2103 217
2103 218
2103 219
2103 220
2103 221
2103 222
2103 223
2104 168
2104 169
2104 170
2104 171
2104 172
2105 205
2105 206
2105 207
2105 208
2105 209
2105 210
2105 211
2105 212
2105 213
2105 214
2105 215
2105 216
2107 195
2107 196
2107 197
2107 198
2107 199
2107 200
2107 201
2107 202
2107 203
2107 204
2107 205
2107 206
2107 207
2107 208
2109 186
2109 187
2109 188
2109 189
2109 190
2109 191
2109 192
2109 193
2109 194
2109 195
2109 196
2109 197
2109 198
2109 199
2111 177
2111 178
2111 179
2111 180
2111 181
2111 182
2111 183
2111 184
2111 185
2111 186
2111 187
2111 188
2111 189
2113 170
2113 171
2113 172
2113 173
2113 174
2113 175
2113 176
2113 177
2113 178
2114 210
2114 211
2114 212
2114 213
2114 214
2114 215
2114 216
2114 217
2114 218
2114 219
2116 200
2116 201
2116 202
2116 203
2116 204
2116 205
2116 206
2116 207
2116 208
2116 209
2116 210
2116 211
2118 190
2118 191
2118 192
2118 193
2118 194
2118 195
2118 196
2118 197
2118 198
2118 199
2118 200
2118 201
2118 202
2118 203
2120 181
2120 182
2120 183
2120 184
2120 185
2120 186
2120 187
2120 188
2120 189
2120 190
2120 191
2120 192
2120 193
2122 173
2122 174
2122 175
2122 176
2122 177
2122 178
2122 179
2122 180
2122 181
2122 182
2122 183
2123 217
2123 218
2123 219
2123 220
2123 221
2124 167
2124 168
2124 169
2124 170
2124 171
2125 205
2125 206
2125 207
2125 208
2125 209
2125 210
2125 211
2125 212
2125 213
2125 214
2125 215
2127 194
2127 195
2127 196
2127 197
2127 198
2127 199
2127 200
2127 201
2127 202
2127 203
2127 204
2127 205
2127 206
2127 207
2129 185
2129 186
2129 187
2129 188
2129 189
2129 190
2129 191
2129 192
2129 193
2129 194
2129 195
2129 196
2129 197
2129 198
2131 176
2131 177
2131 178
2131 179
2131 180
2131 181
2131 182
2131 183
2131 184
2131 185
2131 186
2131 187
2131 188
2133 169
2133 170
2133 171
2133 172
2133 173
2133 174
2133 175
2133 176
2133 177
2134 210
2134 211
2134 212
2134 213
2134 214
2134 215
2134 216
2134 217
2136 199
2136 200
2136 201
2136 202
2136 203
2136 204
2136 205
2136 206
2136 207
2136 208
2136 209
2136 210
2138 189
2138 190
2138 191
2138 192
2138 193
2138 194
2138 195
2138 196
2138 197
2138 198
2138 199
2138 200
2138 201
2138 202
2140 180
2140 181
2140 182
2140 183
2140 184
2140 185
2140 186
2140 187
2140 188
2140 189
2140 190
2140 191
2140 192
2142 172
2142 173
2142 174
2142 175
2142 176
2142 177
2142 178
2142 179
2142 180
2142 181
2142 182
2144 166
2144 167
2144 168
2144 169
2144 170
2145 204
2145 205
2145 206
2145 207
2145 208
2145 209
2145 210
2145 211
2145 212
2145 213
2147 194
2147 195
2147 196
2147 197
2147 198
2147 199
2147 200
2147 201
2147 202
2147 203
2147 204
2147 205
2149 184
2149 185
2149 186
2149 187
2149 188
2149 189
2149 190
2149 191
2149 192
2149 193
2149 194
2149 195
2149 196
2151 176
2151 177
2151 178
2151 179
2151 180
2151 181
2151 182
2151 183
2151 184
2151 185
2151 186
2151 187
2153 168
2153 169
2153 170
2153 171
2153 172
2153 173
2153 174
2153 175
2154 211
2154 212
2154 213
2154 214
2154 215
2156 199
2156 200
2156 201
2156 202
2156 203
2156 204
2156 205
2156 206
2156 207
2156 208
2156 209
2158 189
2158 190
2158 191
2158 192
2158 193
2158 194
2158 195
2158 196
2158 197
2158 198
2158 199
2158 200
2160 179
2160 180
2160 181
2160 182
2160 183
2160 184
2160 185
2160 186
2160 187
2160 188
2160 189
2160 190
2160 191
2162 171
2162 172
2162 173
2162 174
2162 175
2162 176
2162 177
2162 178
2162 179
2162 180
2164 167
2165 205
2165 206
2165 207
2165 208
2165 209
2165 210
2165 211
2167 193
2167 194
2167 195
2167 196
2167 197
2167 198
2167 199
2167 200
2167 201
2167 202
2167 203
2167 204
2169 184
2169 185
2169 186
2169 187
2169 188
2169 189
2169 190
2169 191
2169 192
2169 193
2169 194
2169 195
2171 175
2171 176
2171 177
2171 178
2171 179
2171 180
2171 181
2171 182
2171 183
2171 184
2171 185
2173 168
2173 169
2173 170
2173 171
2173 172
2173 173
2173 174
2176 199
2176 200
2176 201
2176 202
2176 203
2176 204
2176 205
2176 206
2176 207
2178 188
2178 189
2178 190
2178 191
2178 192
2178 193
2178 194
2178 195
2178 196
2178 197
2178 198
2178 199
2180 179
2180 180
2180 181
2180 182
2180 183
2180 184
2180 185
2180 186
2180 187
2180 188
2180 189
2182 171
2182 172
2182 173
2182 174
2182 175
2182 176
2182 177
2182 178
2182 179
2185 205
2185 206
2185 207
2185 208
2185 209
2187 193
2187 194
2187 195
2187 196
2187 197
2187 198
2187 199
2187 200
2187 201
2187 202
2189 183
2189 184
2189 185
2189 186
2189 187
2189 188
2189 189
2189 190
2189 191
2189 192
2189 193
2191 174
2191 175
2191 176
2191 177
2191 178
2191 179
2191 180
2191 181
2191 182
2191 183
2193 168
2193 169
2193 170
2193 171
2196 199
2196 200
2196 201
2196 202
2196 203
2196 204
2196 205
2198 188
2198 189
2198 190
2198 191
2198 192
2198 193
2198 194
2198 195
2198 196
2198 197
2200 178
2200 179
2200 180
2200 181
2200 182
2200 183
2200 184
2200 185
2200 186
2200 187
2200 188
2202 170
2202 171
2202 172
2202 173
2202 174
2202 175
2202 176
2202 177
2207 193
2207 194
2207 195
2207 196
2207 197
2207 198
2207 199
2207 200
2209 183
2209 184
2209 185
2209 186
2209 187
2209 188
2209 189
2209 190
2209 191
2211 174
2211 175
2211 176
2211 177
2211 178
2211 179
2211 180
2211 181
2218 188
2218 189
2218 190
2218 191
2218 192
2218 193
2218 194
2218 195
2220 178
2220 179
2220 180
2220 181
2220 182
2220 183
2220 184
2220 185
2220 186
2222 171
2222 172
2222 173
2222 174
2227 195
2227 196
2229 183
2229 184
2229 185
2229 186
2229 187
2229 188
2229 189
2231 175
2231 176
2231 177
2231 178
2231 179
2238 189
2238 190
2238 191
2240 179
2240 180
2240 181
2240 182
2240 183
4315 291
4315 292
4315 293
4315 294
4315 295
4315 296
4315 297
4324 294
4324 295
4324 296
4324 297
4324 298
4324 299
4324 300
4324 301
4324 302
4326 285
4326 286
4326 287
4326 288
4326 289
4326 290
4333 299
4333 300
4333 301
4333 302
4333 303
4333 304
4333 305
4333 306
4333 307
4335 287
4335 288
4335 289
4335 290
4335 291
4335 292
4335 293
4335 294
4335 295
4335 296
4335 297
4342 304
4342 305
4342 306
4342 307
4342 308
4342 309
4342 310
4344 291
4344 292
4344 293
4344 294
4344 295
4344 296
4344 297
4344 298
4344 299
4344 300
4344 301
4344 302
4346 282
4346 283
4346 284
4346 285
4346 286
4346 287
4346 288
4346 289
4346 290
4353 296
4353 297
4353 298
4353 299
4353 300
4353 301
4353 302
4353 303
4353 304
4353 305
4353 306
4353 307
4355 284
4355 285
4355 286
4355 287
4355 288
4355 289
4355 290
4355 291
4355 292
4355 293
4355 294
4355 295
4355 296
4355 297
4357 280
4362 301
4362 302
4362 303
4362 304
4362 305
4362 306
4362 307
4362 308
4362 309
4362 310
4362 311
4364 288
4364 289
4364 290
4364 291
4364 292
4364 293
4364 294
4364 295
4364 296
4364 297
4364 298
4364 299
4364 300
4364 301
4364 302
4366 279
4366 280
4366 281
4366 282
4366 283
4366 284
4366 285
4366 286
4366 287
4366 288
4366 289
4366 290
4371 307
4371 308
4371 309
4371 310
4371 311
4371 312
4371 313
4373 293
4373 294
4373 295
4373 296
4373 297
4373 298
4373 299
4373 300
4373 301
4373 302
4373 303
4373 304
4373 305
4373 306
4375 282
4375 283
4375 284
4375 285
4375 286
4375 287
4375 288
4375 289
4375 290
4375 291
4375 292
4375 293
4375 294
4375 295
4375 296
4377 276
4377 277
4377 278
4377 279
4377 280
4382 298
4382 299
4382 300
4382 301
4382 302
4382 303
4382 304
4382 305
4382 306
4382 307
4382 308
4382 309
4382 310
