3155 281
3155 282
3155 283
3155 284
3155 285
3162 278
3162 279
3162 280
3162 281
3162 282
3162 283
3162 284
3162 285
3169 276
3169 277
3169 278
3169 279
3169 280
3169 281
3169 282
3169 283
3169 284
3176 274
3176 275
3176 276
3176 277
3176 278
3176 279
3176 280
3176 281
3176 282
3176 283
3176 284
3181 291
3181 292
3181 293
3181 294
3181 295
3181 296
3183 273
3183 274
3183 275
3183 276
3183 277
3183 278
3183 279
3183 280
3183 281
3183 282
3183 283
3188 288
3188 289
3188 290
3188 291
3188 292
3188 293
3188 294
3188 295
3188 296
3190 271
3190 272
3190 273
3190 274
3190 275
3190 276
3190 277
3190 278
3190 279
3190 280
3190 281
3190 282
3195 285
3195 286
3195 287
3195 288
3195 289
3195 290
3195 291
3195 292
3195 293
3195 294
3195 295
3195 296
3197 270
3197 271
3197 272
3197 273
3197 274
3197 275
3197 276
3197 277
3197 278
3197 279
3197 280
3202 283
3202 284
3202 285
3202 286
3202 287
3202 288
3202 289
3202 290
3202 291
3202 292
3202 293
3202 294
3202 295
3204 268
3204 269
3204 270
3204 271
3204 272
3204 273
3204 274
3204 275
3204 276
3204 277
3204 278
3204 279
3209 281
3209 282
3209 283
3209 284
3209 285
3209 286
3209 287
3209 288
3209 289
3209 290
3209 291
3209 292
3209 293
3209 294
3211 267
3211 268
3211 269
3211 270
3211 271
3211 272
3211 273
3211 274
3211 275
3211 276
3211 277
3211 278
3216 280
3216 281
3216 282
3216 283
3216 284
3216 285
3216 286
3216 287
3216 288
3216 289
3216 290
3216 291
3216 292
3216 293
3216 294
3218 266
3218 267
3218 268
3218 269
3218 270
3218 271
3218 272
3218 273
3218 274
3218 275
3218 276
3221 300
3221 301
3221 302
3223 278
3223 279
3223 280
3223 281
3223 282
3223 283
3223 284
3223 285
3223 286
3223 287
3223 288
3223 289
3223 290
3223 291
3223 292
3223 293
3225 265
3225 266
3225 267
3225 268
3225 269
3225 270
3225 271
3225 272
3225 273
3225 274
3228 296
3228 297
3228 298
3228 299
3228 300
3228 301
3228 302
3228 303
3230 276
3230 277
3230 278
3230 279
3230 280
3230 281
3230 282
3230 283
3230 284
3230 285
3230 286
3230 287
3230 288
3230 289
3230 290
3230 291
3232 264
3232 265
3232 266
3232 267
3232 268
3232 269
3232 270
3232 271
3232 272
3232 273
3235 293
3235 294
3235 295
3235 296
3235 297
3235 298
3235 299
3235 300
3235 301
3235 302
3235 303
3237 275
3237 276
3237 277
3237 278
3237 279
3237 280
3237 281
3237 282
3237 283
3237 284
3237 285
3237 286
3237 287
3237 288
3237 289
3237 290
3239 264
3239 265
3239 266
3239 267
3239 268
3239 269
3239 270
3239 271
3242 291
3242 292
3242 293
3242 294
3242 295
3242 296
3242 297
3242 298
3242 299
3242 300
3242 301
3242 302
3242 303
3244 273
3244 274
3244 275
3244 276
3244 277
3244 278
3244 279
3244 280
3244 281
3244 282
3244 283
3244 284
3244 285
3244 286
3244 287
3244 288
3244 289
3246 263
3246 264
3246 265
3246 266
3246 267
3246 268
3249 289
3249 290
3249 291
3249 292
3249 293
3249 294
3249 295
3249 296
3249 297
3249 298
3249 299
3249 300
3249 301
3249 302
3251 272
3251 273
3251 274
3251 275
3251 276
3251 277
3251 278
3251 279
3251 280
3251 281
3251 282
3251 283
3251 284
3251 285
3251 286
3251 287
3251 288
3253 264
3253 265
3256 287
3256 288
3256 289
3256 290
3256 291
3256 292
3256 293
3256 294
3256 295
3256 296
3256 297
3256 298
3256 299
3256 300
3256 301
3258 271
3258 272
3258 273
3258 274
3258 275
3258 276
3258 277
3258 278
3258 279
3258 280
3258 281
3258 282
3258 283
3258 284
3258 285
3258 286
3263 285
3263 286
3263 287
3263 288
3263 289
3263 290
3263 291
3263 292
3263 293
3263 294
3263 295
3263 296
3263 297
3263 298
3263 299
3263 300
3265 269
3265 270
3265 271
3265 272
3265 273
3265 274
3265 275
3265 276
3265 277
3265 278
3265 279
3265 280
3265 281
3265 282
3265 283
3265 284
3265 285
3270 283
3270 284
3270 285
3270 286
3270 287
3270 288
3270 289
3270 290
3270 291
3270 292
3270 293
3270 294
3270 295
3270 296
3270 297
3270 298
3270 299
3272 268
3272 269
3272 270
3272 271
3272 272
3272 273
3272 274
3272 275
3272 276
3272 277
3272 278
3272 279
3272 280
3272 281
3272 282
3272 283
3277 282
3277 283
3277 284
3277 285
3277 286
3277 287
3277 288
3277 289
3277 290
3277 291
3277 292
3277 293
3277 294
3277 295
3277 296
3277 297
3277 298
3279 267
3279 268
3279 269
3279 270
3279 271
3279 272
3279 273
3279 274
3279 275
3279 276
3279 277
3279 278
3279 279
3279 280
3279 281
3279 282
3282 301
3282 302
3282 303
3282 304
3282 305
3282 306
3282 307
3284 280
3284 281
3284 282
3284 283
3284 284
3284 285
3284 286
3284 287
3284 288
3284 289
3284 290
3284 291
3284 292
3284 293
3284 294
3284 295
3284 296
3284 297
3286 266
3286 267
3286 268
3286 269
3286 270
3286 271
3286 272
3286 273
3286 274
3286 275
3286 276
3286 277
3286 278
3286 279
3286 280
3289 299
3289 300
3289 301
3289 302
3289 303
3289 304
3289 305
3289 306
3289 307
3291 279
3291 280
3291 281
3291 282
3291 283
3291 284
3291 285
3291 286
3291 287
3291 288
3291 289
3291 290
3291 291
3291 292
3291 293
3291 294
3291 295
3291 296
3293 265
3293 266
3293 267
3293 268
3293 269
3293 270
3293 271
3293 272
3293 273
3293 274
3293 275
3293 276
3293 277
3293 278
3296 296
3296 297
3296 298
3296 299
3296 300
3296 301
3296 302
3296 303
3296 304
3296 305
3296 306
3296 307
3298 277
3298 278
3298 279
3298 280
3298 281
3298 282
3298 283
3298 284
3298 285
3298 286
3298 287
3298 288
3298 289
3298 290
3298 291
3298 292
3298 293
3298 294
3300 264
3300 265
3300 266
3300 267
3300 268
3300 269
3300 270
3300 271
3300 272
3300 273
3300 274
3300 275
3300 276
3303 294
3303 295
3303 296
3303 297
3303 298
3303 299
3303 300
3303 301
3303 302
3303 303
3303 304
3303 305
3303 306
3305 276
3305 277
3305 278
3305 279
3305 280
3305 281
3305 282
3305 283
3305 284
3305 285
3305 286
3305 287
3305 288
3305 289
3305 290
3305 291
3305 292
3305 293
3307 264
3307 265
3307 266
3307 267
3307 268
3307 269
3307 270
3307 271
3307 272
3307 273
3307 274
3310 292
3310 293
3310 294
3310 295
3310 296
3310 297
3310 298
3310 299
3310 300
3310 301
3310 302
3310 303
3310 304
3310 305
3312 274
3312 275
3312 276
3312 277
3312 278
3312 279
3312 280
3312 281
3312 282
3312 283
3312 284
3312 285
3312 286
3312 287
3312 288
3312 289
3312 290
3312 291
3312 292
3314 263
3314 264
3314 265
3314 266
3314 267
3314 268
3314 269
3314 270
3314 271
3314 272
3317 290
3317 291
3317 292
3317 293
3317 294
3317 295
3317 296
3317 297
3317 298
3317 299
3317 300
3317 301
3317 302
3317 303
3317 304
3319 273
3319 274
3319 275
3319 276
3319 277
3319 278
3319 279
3319 280
3319 281
3319 282
3319 283
3319 284
3319 285
3319 286
3319 287
3319 288
3319 289
3319 290
3321 263
3321 264
3321 265
3321 266
3321 267
3321 268
3321 269
3321 270
3324 289
3324 290
3324 291
3324 292
3324 293
3324 294
3324 295
3324 296
3324 297
3324 298
3324 299
3324 300
3324 301
3324 302
3324 303
3326 272
3326 273
3326 274
3326 275
3326 276
3326 277
3326 278
3326 279
3326 280
3326 281
3326 282
3326 283
3326 284
3326 285
3326 286
3326 287
3326 288
3326 289
3328 264
3328 265
3328 266
3331 287
3331 288
3331 289
3331 290
3331 291
3331 292
3331 293
3331 294
3331 295
3331 296
3331 297
3331 298
3331 299
3331 300
3331 301
3331 302
3333 271
3333 272
3333 273
3333 274
3333 275
3333 276
3333 277
3333 278
3333 279
3333 280
3333 281
3333 282
3333 283
3333 284
3333 285
3333 286
3333 287
3338 285
3338 286
3338 287
3338 288
3338 289
3338 290
3338 291
3338 292
3338 293
3338 294
3338 295
3338 296
3338 297
3338 298
3338 299
3338 300
3338 301
3340 270
3340 271
3340 272
3340 273
3340 274
3340 275
3340 276
3340 277
3340 278
3340 279
3340 280
3340 281
3340 282
3340 283
3340 284
3340 285
3345 284
3345 285
3345 286
3345 287
3345 288
3345 289
3345 290
3345 291
3345 292
3345 293
3345 294
3345 295
3345 296
3345 297
3345 298
3345 299
3345 300
3347 269
3347 270
3347 271
3347 272
3347 273
3347 274
3347 275
3347 276
3347 277
3347 278
3347 279
3347 280
3347 281
3347 282
3347 283
3352 282
3352 283
3352 284
3352 285
3352 286
3352 287
3352 288
3352 289
3352 290
3352 291
3352 292
3352 293
3352 294
3352 295
3352 296
3352 297
3352 298
3354 268
3354 269
3354 270
3354 271
3354 272
3354 273
3354 274
3354 275
3354 276
3354 277
3354 278
3354 279
3354 280
3354 281
3354 282
3357 303
3357 304
3357 305
3357 306
3359 281
3359 282
3359 283
3359 284
3359 285
3359 286
3359 287
3359 288
3359 289
3359 290
3359 291
3359 292
3359 293
3359 294
3359 295
3359 296
3359 297
3361 267
3361 268
3361 269
3361 270
3361 271
3361 272
3361 273
3361 274
3361 275
3361 276
3361 277
3361 278
3361 279
3361 280
3364 300
3364 301
3364 302
3364 303
3364 304
3364 305
3364 306
3366 280
3366 281
3366 282
3366 283
3366 284
3366 285
3366 286
3366 287
3366 288
3366 289
3366 290
3366 291
3366 292
3366 293
3366 294
3366 295
3368 267
3368 268
3368 269
3368 270
3368 271
3368 272
3368 273
3368 274
3368 275
3368 276
3368 277
3371 298
3371 299
3371 300
3371 301
3371 302
3371 303
3371 304
3371 305
3373 278
3373 279
3373 280
3373 281
3373 282
3373 283
3373 284
3373 285
3373 286
3373 287
3373 288
3373 289
3373 290
3373 291
3373 292
3373 293
3373 294
3375 266
3375 267
3375 268
3375 269
3375 270
3375 271
3375 272
3375 273
3375 274
3375 275
3378 296
3378 297
3378 298
3378 299
3378 300
3378 301
3378 302
3378 303
3378 304
3378 305
3380 277
3380 278
3380 279
3380 280
3380 281
3380 282
3380 283
3380 284
3380 285
3380 286
3380 287
3380 288
3380 289
3380 290
3380 291
3380 292
3382 266
3382 267
3382 268
3382 269
3382 270
3382 271
3382 272
3385 294
3385 295
3385 296
3385 297
3385 298
3385 299
3385 300
3385 301
3385 302
3385 303
3385 304
3387 276
3387 277
3387 278
3387 279
3387 280
3387 281
3387 282
3387 283
3387 284
3387 285
3387 286
3387 287
3387 288
3387 289
3387 290
3392 293
3392 294
3392 295
3392 296
3392 297
3392 298
3392 299
3392 300
3392 301
3392 302
3394 275
3394 276
3394 277
3394 278
3394 279
3394 280
3394 281
3394 282
3394 283
3394 284
3394 285
3394 286
3394 287
3394 288
3394 289
3399 291
3399 292
3399 293
3399 294
3399 295
3399 296
3399 297
3399 298
3399 299
3399 300
3399 301
3401 274
3401 275
3401 276
3401 277
3401 278
3401 279
3401 280
3401 281
3401 282
3401 283
3401 284
3401 285
3401 286
3401 287
3406 290
3406 291
3406 292
3406 293
3406 294
3406 295
3406 296
3406 297
3406 298
3406 299
3406 300
3408 273
3408 274
3408 275
3408 276
3408 277
3408 278
3408 279
3408 280
3408 281
3408 282
3408 283
3408 284
3408 285
3413 288
3413 289
3413 290
3413 291
3413 292
3413 293
3413 294
3413 295
3413 296
3413 297
3413 298
3415 273
3415 274
3415 275
3415 276
3415 277
3415 278
3415 279
3415 280
3415 281
3415 282
3420 287
3420 288
3420 289
3420 290
3420 291
3420 292
3420 293
3420 294
3420 295
3420 296
3422 273
3422 274
3422 275
3422 276
3422 277
3422 278
3422 279
3422 280
3427 286
3427 287
3427 288
3427 289
3427 290
3427 291
3427 292
3427 293
3427 294
3427 295
3429 273
3429 274
3429 275
3429 276
3429 277
3434 285
3434 286
3434 287
3434 288
3434 289
3434 290
3434 291
3434 292
3434 293
3441 284
3441 285
3441 286
3441 287
3441 288
3441 289
3441 290
3441 291
3448 284
3448 285
3448 286
3448 287
3448 288
