108 277
108 278
108 279
114 273
114 274
114 275
127 279
127 280
127 281
127 282
127 283
133 274
133 275
133 276
133 277
133 278
133 279
133 280
139 270
139 271
139 272
139 273
139 274
139 275
146 282
146 283
146 284
146 285
146 286
146 287
152 277
152 278
152 279
152 280
152 281
152 282
152 283
158 272
158 273
158 274
158 275
158 276
158 277
158 278
158 279
164 269
164 270
164 271
164 272
164 273
164 274
165 285
165 286
165 287
165 288
165 289
171 279
171 280
171 281
171 282
171 283
171 284
171 285
171 286
177 275
177 276
177 277
177 278
177 279
177 280
177 281
177 282
183 271
183 272
183 273
183 274
183 275
183 276
183 277
184 289
184 290
184 291
189 268
189 269
189 270
189 271
189 272
190 283
190 284
190 285
190 286
190 287
190 288
190 289
196 278
196 279
196 280
196 281
196 282
196 283
196 284
196 285
202 274
202 275
202 276
202 277
202 278
202 279
202 280
202 281
208 270
208 271
208 272
208 273
208 274
208 275
209 287
209 288
209 289
209 290
209 291
215 281
215 282
215 283
215 284
215 285
215 286
215 287
215 288
221 277
221 278
221 279
221 280
221 281
221 282
221 283
227 273
227 274
227 275
227 276
227 277
227 278
233 271
233 272
234 285
234 286
234 287
234 288
234 289
234 290
240 280
240 281
240 282
240 283
240 284
240 285
240 286
246 276
246 277
246 278
246 279
246 280
246 281
252 274
252 275
259 285
259 286
259 287
265 281
265 282
265 283
