4036 143
4036 144
4039 143
4039 144
4039 145
4039 146
4042 143
4042 144
4042 145
4042 146
4042 147
4045 144
4045 145
4045 146
4045 147
4045 148
4048 144
4048 145
4048 146
4048 147
4048 148
4048 149
4051 144
4051 145
4051 146
4051 147
4051 148
4051 149
4054 145
4054 146
4054 147
4054 148
4054 149
4054 150
4057 145
4057 146
4057 147
4057 148
4057 149
4057 150
4057 151
4060 146
4060 147
4060 148
4060 149
4060 150
4060 151
4060 152
4063 146
4063 147
4063 148
4063 149
4063 150
4063 151
4063 152
4063 153
4066 147
4066 148
4066 149
4066 150
4066 151
4066 152
4066 153
4069 147
4069 148
4069 149
4069 150
4069 151
4069 152
4069 153
4069 154
4072 148
4072 149
4072 150
4072 151
4072 152
4072 153
4072 154
4072 155
4075 148
4075 149
4075 150
4075 151
4075 152
4075 153
4075 154
4075 155
4078 149
4078 150
4078 151
4078 152
4078 153
4078 154
4078 155
4078 156
4081 149
4081 150
4081 151
4081 152
4081 153
4081 154
4081 155
4081 156
4081 157
4084 150
4084 151
4084 152
4084 153
4084 154
4084 155
4084 156
4084 157
4084 158
4087 150
4087 151
4087 152
4087 153
4087 154
4087 155
4087 156
4087 157
4087 158
4090 151
4090 152
4090 153
4090 154
4090 155
4090 156
4090 157
4090 158
4090 159
4093 152
4093 153
4093 154
4093 155
4093 156
4093 157
4093 158
4093 159
4096 152
4096 153
4096 154
4096 155
4096 156
4096 157
4096 158
4096 159
4096 160
4099 153
4099 154
4099 155
4099 156
4099 157
4099 158
4099 159
4099 160
4099 161
4102 153
4102 154
4102 155
4102 156
4102 157
4102 158
4102 159
4102 160
4102 161
4105 154
4105 155
4105 156
4105 157
4105 158
4105 159
4105 160
4105 161
4105 162
4108 155
4108 156
4108 157
4108 158
4108 159
4108 160
4108 161
4108 162
4108 163
4111 155
4111 156
4111 157
4111 158
4111 159
4111 160
4111 161
4111 162
4111 163
4114 156
4114 157
4114 158
4114 159
4114 160
4114 161
4114 162
4114 163
4114 164
4117 157
4117 158
4117 159
4117 160
4117 161
4117 162
4117 163
4117 164
4120 157
4120 158
4120 159
4120 160
4120 161
4120 162
4120 163
4120 164
4120 165
4123 158
4123 159
4123 160
4123 161
4123 162
4123 163
4123 164
4123 165
4126 159
4126 160
4126 161
4126 162
4126 163
4126 164
4126 165
4126 166
4129 160
4129 161
4129 162
4129 163
4129 164
4129 165
4129 166
4132 160
4132 161
4132 162
4132 163
4132 164
4132 165
4132 166
4132 167
4135 161
4135 162
4135 163
4135 164
4135 165
4135 166
4135 167
4138 162
4138 163
4138 164
4138 165
4138 166
4138 167
4138 168
4141 163
4141 164
4141 165
4141 166
4141 167
4141 168
4144 164
4144 165
4144 166
4144 167
4144 168
4144 169
4147 165
4147 166
4147 167
4147 168
4147 169
4150 166
4150 167
4150 168
4150 169
4153 167
4153 168
4153 169
4153 170
4156 168
4156 169
4156 170
