1202 114
1202 115
1203 120
1203 121
1203 122
1203 123
1203 124
1203 125
1203 126
1215 109
1215 110
1215 111
1215 112
1215 113
1215 114
1215 115
1215 116
1216 115
1216 116
1216 117
1216 118
1216 119
1216 120
1216 121
1216 122
1216 123
1216 124
1216 125
1216 126
1217 124
1217 125
1217 126
1217 127
1217 128
1217 129
1217 130
1217 131
1217 132
1217 133
1217 134
1228 106
1228 107
1228 108
1228 109
1228 110
1228 111
1228 112
1228 113
1228 114
1229 111
1229 112
1229 113
1229 114
1229 115
1229 116
1229 117
1229 118
1229 119
1229 120
1229 121
1229 122
1229 123
1229 124
1229 125
1229 126
1230 120
1230 121
1230 122
1230 123
1230 124
1230 125
1230 126
1230 127
1230 128
1230 129
1230 130
1230 131
1230 132
1230 133
1230 134
1231 131
1231 132
1231 133
1231 134
1231 135
1231 136
1231 137
1231 138
1231 139
1241 103
1241 104
1241 105
1241 106
1241 107
1241 108
1241 109
1241 110
1241 111
1241 112
1241 113
1242 108
1242 109
1242 110
1242 111
1242 112
1242 113
1242 114
1242 115
1242 116
1242 117
1242 118
1242 119
1242 120
1242 121
1242 122
1242 123
1242 124
1243 116
1243 117
1243 118
1243 119
1243 120
1243 121
1243 122
1243 123
1243 124
1243 125
1243 126
1243 127
1243 128
1243 129
1243 130
1243 131
1243 132
1243 133
1244 126
1244 127
1244 128
1244 129
1244 130
1244 131
1244 132
1244 133
1244 134
1244 135
1244 136
1244 137
1244 138
1244 139
1244 140
1245 140
1245 141
1245 142
1254 101
1254 102
1254 103
1254 104
1254 105
1254 106
1254 107
1254 108
1254 109
1254 110
1254 111
1255 106
1255 107
1255 108
1255 109
1255 110
1255 111
1255 112
1255 113
1255 114
1255 115
1255 116
1255 117
1255 118
1255 119
1255 120
1255 121
1255 122
1255 123
1256 113
1256 114
1256 115
1256 116
1256 117
1256 118
1256 119
1256 120
1256 121
1256 122
1256 123
1256 124
1256 125
1256 126
1256 127
1256 128
1256 129
1256 130
1256 131
1256 132
1257 122
1257 123
1257 124
1257 125
1257 126
1257 127
1257 128
1257 129
1257 130
1257 131
1257 132
1257 133
1257 134
1257 135
1257 136
1257 137
1257 138
1257 139
1257 140
1258 133
1258 134
1258 135
1258 136
1258 137
1258 138
1258 139
1258 140
1258 141
1258 142
1258 143
1258 144
1258 145
1267 100
1267 101
1267 102
1267 103
1267 104
1267 105
1267 106
1267 107
1267 108
1268 103
1268 104
1268 105
1268 106
1268 107
1268 108
1268 109
1268 110
1268 111
1268 112
1268 113
1268 114
1268 115
1268 116
1268 117
1268 118
1268 119
1268 120
1268 121
1269 110
1269 111
1269 112
1269 113
1269 114
1269 115
1269 116
1269 117
1269 118
1269 119
1269 120
1269 121
1269 122
1269 123
1269 124
1269 125
1269 126
1269 127
1269 128
1269 129
1269 130
1270 119
1270 120
1270 121
1270 122
1270 123
1270 124
1270 125
1270 126
1270 127
1270 128
1270 129
1270 130
1270 131
1270 132
1270 133
1270 134
1270 135
1270 136
1270 137
1270 138
1270 139
1271 128
1271 129
1271 130
1271 131
1271 132
1271 133
1271 134
1271 135
1271 136
1271 137
1271 138
1271 139
1271 140
1271 141
1271 142
1271 143
1271 144
1271 145
1272 141
1272 142
1272 143
1272 144
1272 145
1272 146
1272 147
1272 148
1280 99
1280 100
1280 101
1280 102
1280 103
1280 104
1280 105
1281 101
1281 102
1281 103
1281 104
1281 105
1281 106
1281 107
1281 108
1281 109
1281 110
1281 111
1281 112
1281 113
1281 114
1281 115
1281 116
1281 117
1281 118
1281 119
1282 108
1282 109
1282 110
1282 111
1282 112
1282 113
1282 114
1282 115
1282 116
1282 117
1282 118
1282 119
1282 120
1282 121
1282 122
1282 123
1282 124
1282 125
1282 126
1282 127
1282 128
1282 129
1283 116
1283 117
1283 118
1283 119
1283 120
1283 121
1283 122
1283 123
1283 124
1283 125
1283 126
1283 127
1283 128
1283 129
1283 130
1283 131
1283 132
1283 133
1283 134
1283 135
1283 136
1283 137
1284 125
1284 126
1284 127
1284 128
1284 129
1284 130
1284 131
1284 132
1284 133
1284 134
1284 135
1284 136
1284 137
1284 138
1284 139
1284 140
1284 141
1284 142
1284 143
1284 144
1284 145
1285 136
1285 137
1285 138
1285 139
1285 140
1285 141
1285 142
1285 143
1285 144
1285 145
1285 146
1285 147
1285 148
1285 149
1285 150
1293 99
1293 100
1293 101
1294 100
1294 101
1294 102
1294 103
1294 104
1294 105
1294 106
1294 107
1294 108
1294 109
1294 110
1294 111
1294 112
1294 113
1294 114
1294 115
1294 116
1294 117
1295 105
1295 106
1295 107
1295 108
1295 109
1295 110
1295 111
1295 112
1295 113
1295 114
1295 115
1295 116
1295 117
1295 118
1295 119
1295 120
1295 121
1295 122
1295 123
1295 124
1295 125
1295 126
1295 127
1296 113
1296 114
1296 115
1296 116
1296 117
1296 118
1296 119
1296 120
1296 121
1296 122
1296 123
1296 124
1296 125
1296 126
1296 127
1296 128
1296 129
1296 130
1296 131
1296 132
1296 133
1296 134
1296 135
1296 136
1297 122
1297 123
1297 124
1297 125
1297 126
1297 127
1297 128
1297 129
1297 130
1297 131
1297 132
1297 133
1297 134
1297 135
1297 136
1297 137
1297 138
1297 139
1297 140
1297 141
1297 142
1297 143
1298 132
1298 133
1298 134
1298 135
1298 136
1298 137
1298 138
1298 139
1298 140
1298 141
1298 142
1298 143
1298 144
1298 145
1298 146
1298 147
1298 148
1298 149
1298 150
1299 144
1299 145
1299 146
1299 147
1299 148
1299 149
1299 150
1299 151
1299 152
1307 98
1307 99
1307 100
1307 101
1307 102
1307 103
1307 104
1307 105
1307 106
1307 107
1307 108
1307 109
1307 110
1307 111
1307 112
1307 113
1307 114
1308 103
1308 104
1308 105
1308 106
1308 107
1308 108
1308 109
1308 110
1308 111
1308 112
1308 113
1308 114
1308 115
1308 116
1308 117
1308 118
1308 119
1308 120
1308 121
1308 122
1308 123
1308 124
1308 125
1309 110
1309 111
1309 112
1309 113
1309 114
1309 115
1309 116
1309 117
1309 118
1309 119
1309 120
1309 121
1309 122
1309 123
1309 124
1309 125
1309 126
1309 127
1309 128
1309 129
1309 130
1309 131
1309 132
1309 133
1309 134
1310 119
1310 120
1310 121
1310 122
1310 123
1310 124
1310 125
1310 126
1310 127
1310 128
1310 129
1310 130
1310 131
1310 132
1310 133
1310 134
1310 135
1310 136
1310 137
1310 138
1310 139
1310 140
1310 141
1310 142
1311 128
1311 129
1311 130
1311 131
1311 132
1311 133
1311 134
1311 135
1311 136
1311 137
1311 138
1311 139
1311 140
1311 141
1311 142
1311 143
1311 144
1311 145
1311 146
1311 147
1311 148
1311 149
1312 139
1312 140
1312 141
1312 142
1312 143
1312 144
1312 145
1312 146
1312 147
1312 148
1312 149
1312 150
1312 151
1312 152
1312 153
1320 97
1320 98
1320 99
1320 100
1320 101
1320 102
1320 103
1320 104
1320 105
1320 106
1320 107
1320 108
1320 109
1320 110
1320 111
1320 112
1321 101
1321 102
1321 103
1321 104
1321 105
1321 106
1321 107
1321 108
1321 109
1321 110
1321 111
1321 112
1321 113
1321 114
1321 115
1321 116
1321 117
1321 118
1321 119
1321 120
1321 121
1321 122
1321 123
1322 108
1322 109
1322 110
1322 111
1322 112
1322 113
1322 114
1322 115
1322 116
1322 117
1322 118
1322 119
1322 120
1322 121
1322 122
1322 123
1322 124
1322 125
1322 126
1322 127
1322 128
1322 129
1322 130
1322 131
1322 132
1323 116
1323 117
1323 118
1323 119
1323 120
1323 121
1323 122
1323 123
1323 124
1323 125
1323 126
1323 127
1323 128
1323 129
1323 130
1323 131
1323 132
1323 133
1323 134
1323 135
1323 136
1323 137
1323 138
1323 139
1323 140
1323 141
1324 125
1324 126
1324 127
1324 128
1324 129
1324 130
1324 131
1324 132
1324 133
1324 134
1324 135
1324 136
1324 137
1324 138
1324 139
1324 140
1324 141
1324 142
1324 143
1324 144
1324 145
1324 146
1324 147
1324 148
1325 135
1325 136
1325 137
1325 138
1325 139
1325 140
1325 141
1325 142
1325 143
1325 144
1325 145
1325 146
1325 147
1325 148
1325 149
1325 150
1325 151
1325 152
1325 153
1326 148
1326 149
1326 150
1326 151
1326 152
1326 153
1326 154
1326 155
1333 96
1333 97
1333 98
1333 99
1333 100
1333 101
1333 102
1333 103
1333 104
1333 105
1333 106
1333 107
1333 108
1333 109
1334 100
1334 101
1334 102
1334 103
1334 104
1334 105
1334 106
1334 107
1334 108
1334 109
1334 110
1334 111
1334 112
1334 113
1334 114
1334 115
1334 116
1334 117
1334 118
1334 119
1334 120
1334 121
1335 106
1335 107
1335 108
1335 109
1335 110
1335 111
1335 112
1335 113
1335 114
1335 115
1335 116
1335 117
1335 118
1335 119
1335 120
1335 121
1335 122
1335 123
1335 124
1335 125
1335 126
1335 127
1335 128
1335 129
1335 130
1336 113
1336 114
1336 115
1336 116
1336 117
1336 118
1336 119
1336 120
1336 121
1336 122
1336 123
1336 124
1336 125
1336 126
1336 127
1336 128
1336 129
1336 130
1336 131
1336 132
1336 133
1336 134
1336 135
1336 136
1336 137
1336 138
1336 139
1337 122
1337 123
1337 124
1337 125
1337 126
1337 127
1337 128
1337 129
1337 130
1337 131
1337 132
1337 133
1337 134
1337 135
1337 136
1337 137
1337 138
1337 139
1337 140
1337 141
1337 142
1337 143
1337 144
1337 145
1337 146
1338 132
1338 133
1338 134
1338 135
1338 136
1338 137
1338 138
1338 139
1338 140
1338 141
1338 142
1338 143
1338 144
1338 145
1338 146
1338 147
1338 148
1338 149
1338 150
1338 151
1338 152
1338 153
1339 143
1339 144
1339 145
1339 146
1339 147
1339 148
1339 149
1339 150
1339 151
1339 152
1339 153
1339 154
1339 155
1339 156
1339 157
1346 95
1346 96
1346 97
1346 98
1346 99
1346 100
1346 101
1346 102
1346 103
1346 104
1346 105
1346 106
1347 98
1347 99
1347 100
1347 101
1347 102
1347 103
1347 104
1347 105
1347 106
1347 107
1347 108
1347 109
1347 110
1347 111
1347 112
1347 113
1347 114
1347 115
1347 116
1347 117
1347 118
1348 104
1348 105
1348 106
1348 107
1348 108
1348 109
1348 110
1348 111
1348 112
1348 113
1348 114
1348 115
1348 116
1348 117
1348 118
1348 119
1348 120
1348 121
1348 122
1348 123
1348 124
1348 125
1348 126
1348 127
1348 128
1349 111
1349 112
1349 113
1349 114
1349 115
1349 116
1349 117
1349 118
1349 119
1349 120
1349 121
1349 122
1349 123
1349 124
1349 125
1349 126
1349 127
1349 128
1349 129
1349 130
1349 131
1349 132
1349 133
1349 134
1349 135
1349 136
1349 137
1350 119
1350 120
1350 121
1350 122
1350 123
1350 124
1350 125
1350 126
1350 127
1350 128
1350 129
1350 130
1350 131
1350 132
1350 133
1350 134
1350 135
1350 136
1350 137
1350 138
1350 139
1350 140
1350 141
1350 142
1350 143
1350 144
1350 145
1351 129
1351 130
1351 131
1351 132
1351 133
1351 134
1351 135
1351 136
1351 137
1351 138
1351 139
1351 140
1351 141
1351 142
1351 143
1351 144
1351 145
1351 146
1351 147
1351 148
1351 149
1351 150
1351 151
1351 152
1352 139
1352 140
1352 141
1352 142
1352 143
1352 144
1352 145
1352 146
1352 147
1352 148
1352 149
1352 150
1352 151
1352 152
1352 153
1352 154
1352 155
1352 156
1352 157
1353 153
1353 154
1353 155
1353 156
1353 157
1359 94
1359 95
1359 96
1359 97
1359 98
1359 99
1359 100
1359 101
1359 102
1359 103
1360 96
1360 97
1360 98
1360 99
1360 100
1360 101
1360 102
1360 103
1360 104
1360 105
1360 106
1360 107
1360 108
1360 109
1360 110
1360 111
1360 112
1360 113
1360 114
1360 115
1360 116
1361 102
1361 103
1361 104
1361 105
1361 106
1361 107
1361 108
1361 109
1361 110
1361 111
1361 112
1361 113
1361 114
1361 115
1361 116
1361 117
1361 118
1361 119
1361 120
1361 121
1361 122
1361 123
1361 124
1361 125
1361 126
1362 109
1362 110
1362 111
1362 112
1362 113
1362 114
1362 115
1362 116
1362 117
1362 118
1362 119
1362 120
1362 121
1362 122
1362 123
1362 124
1362 125
1362 126
1362 127
1362 128
1362 129
1362 130
1362 131
1362 132
1362 133
1362 134
1362 135
1363 117
1363 118
1363 119
1363 120
1363 121
1363 122
1363 123
1363 124
1363 125
1363 126
1363 127
1363 128
1363 129
1363 130
1363 131
1363 132
1363 133
1363 134
1363 135
1363 136
1363 137
1363 138
1363 139
1363 140
1363 141
1363 142
1363 143
1364 126
1364 127
1364 128
1364 129
1364 130
1364 131
1364 132
1364 133
1364 134
1364 135
1364 136
1364 137
1364 138
1364 139
1364 140
1364 141
1364 142
1364 143
1364 144
1364 145
1364 146
1364 147
1364 148
1364 149
1364 150
1365 136
1365 137
1365 138
1365 139
1365 140
1365 141
1365 142
1365 143
1365 144
1365 145
1365 146
1365 147
1365 148
1365 149
1365 150
1365 151
1365 152
1365 153
1365 154
1365 155
1365 156
1366 147
1366 148
1366 149
1366 150
1366 151
1366 152
1366 153
1366 154
1366 155
1366 156
1366 157
1366 158
1366 159
1372 95
1372 96
1372 97
1372 98
1372 99
1373 95
1373 96
1373 97
1373 98
1373 99
1373 100
1373 101
1373 102
1373 103
1373 104
1373 105
1373 106
1373 107
1373 108
1373 109
1373 110
1373 111
1373 112
1373 113
1374 100
1374 101
1374 102
1374 103
1374 104
1374 105
1374 106
1374 107
1374 108
1374 109
1374 110
1374 111
1374 112
1374 113
1374 114
1374 115
1374 116
1374 117
1374 118
1374 119
1374 120
1374 121
1374 122
1374 123
1374 124
1375 107
1375 108
1375 109
1375 110
1375 111
1375 112
1375 113
1375 114
1375 115
1375 116
1375 117
1375 118
1375 119
1375 120
1375 121
1375 122
1375 123
1375 124
1375 125
1375 126
1375 127
1375 128
1375 129
1375 130
1375 131
1375 132
1375 133
1376 114
1376 115
1376 116
1376 117
1376 118
1376 119
1376 120
1376 121
1376 122
1376 123
1376 124
1376 125
1376 126
1376 127
1376 128
1376 129
1376 130
1376 131
1376 132
1376 133
1376 134
1376 135
1376 136
1376 137
1376 138
1376 139
1376 140
1376 141
1377 123
1377 124
1377 125
1377 126
1377 127
1377 128
1377 129
1377 130
1377 131
1377 132
1377 133
1377 134
1377 135
1377 136
1377 137
1377 138
1377 139
1377 140
1377 141
1377 142
1377 143
1377 144
1377 145
1377 146
1377 147
1377 148
1377 149
1378 132
1378 133
1378 134
1378 135
1378 136
1378 137
1378 138
1378 139
1378 140
1378 141
1378 142
1378 143
1378 144
1378 145
1378 146
1378 147
1378 148
1378 149
1378 150
1378 151
1378 152
1378 153
1378 154
1378 155
1379 143
1379 144
1379 145
1379 146
1379 147
1379 148
1379 149
1379 150
1379 151
1379 152
1379 153
1379 154
1379 155
1379 156
1379 157
1379 158
1379 159
1379 160
1386 94
1386 95
1386 96
1386 97
1386 98
1386 99
1386 100
1386 101
1386 102
1386 103
1386 104
1386 105
1386 106
1386 107
1386 108
1386 109
1386 110
1386 111
1387 99
1387 100
1387 101
1387 102
1387 103
1387 104
1387 105
1387 106
1387 107
1387 108
1387 109
1387 110
1387 111
1387 112
1387 113
1387 114
1387 115
1387 116
1387 117
1387 118
1387 119
1387 120
1387 121
1388 105
1388 106
1388 107
1388 108
1388 109
1388 110
1388 111
1388 112
1388 113
1388 114
1388 115
1388 116
1388 117
1388 118
1388 119
1388 120
1388 121
1388 122
1388 123
1388 124
1388 125
1388 126
1388 127
1388 128
1388 129
1388 130
1388 131
1389 112
1389 113
1389 114
1389 115
1389 116
1389 117
1389 118
1389 119
1389 120
1389 121
1389 122
1389 123
1389 124
1389 125
1389 126
1389 127
1389 128
1389 129
1389 130
1389 131
1389 132
1389 133
1389 134
1389 135
1389 136
1389 137
1389 138
1389 139
1390 120
1390 121
1390 122
1390 123
1390 124
1390 125
1390 126
1390 127
1390 128
1390 129
1390 130
1390 131
1390 132
1390 133
1390 134
1390 135
1390 136
1390 137
1390 138
1390 139
1390 140
1390 141
1390 142
1390 143
1390 144
1390 145
1390 146
1390 147
1391 130
1391 131
1391 132
1391 133
1391 134
1391 135
1391 136
1391 137
1391 138
1391 139
1391 140
1391 141
1391 142
1391 143
1391 144
1391 145
1391 146
1391 147
1391 148
1391 149
1391 150
1391 151
1391 152
1391 153
1391 154
1392 140
1392 141
1392 142
1392 143
1392 144
1392 145
1392 146
1392 147
1392 148
1392 149
1392 150
1392 151
1392 152
1392 153
1392 154
1392 155
1392 156
1392 157
1392 158
1392 159
1393 152
1393 153
1393 154
1393 155
1393 156
1393 157
1393 158
1393 159
1393 160
1393 161
1399 93
1399 94
1399 95
1399 96
1399 97
1399 98
1399 99
1399 100
1399 101
1399 102
1399 103
1399 104
1399 105
1399 106
1399 107
1399 108
1400 97
1400 98
1400 99
1400 100
1400 101
1400 102
1400 103
1400 104
1400 105
1400 106
1400 107
1400 108
1400 109
1400 110
1400 111
1400 112
1400 113
1400 114
1400 115
1400 116
1400 117
1400 118
1400 119
1401 103
1401 104
1401 105
1401 106
1401 107
1401 108
1401 109
1401 110
1401 111
1401 112
1401 113
1401 114
1401 115
1401 116
1401 117
1401 118
1401 119
1401 120
1401 121
1401 122
1401 123
1401 124
1401 125
1401 126
1401 127
1401 128
1401 129
1402 110
1402 111
1402 112
1402 113
1402 114
1402 115
1402 116
1402 117
1402 118
1402 119
1402 120
1402 121
1402 122
1402 123
1402 124
1402 125
1402 126
1402 127
1402 128
1402 129
1402 130
1402 131
1402 132
1402 133
1402 134
1402 135
1402 136
1402 137
1403 118
1403 119
1403 120
1403 121
1403 122
1403 123
1403 124
1403 125
1403 126
1403 127
1403 128
1403 129
1403 130
1403 131
1403 132
1403 133
1403 134
1403 135
1403 136
1403 137
1403 138
1403 139
1403 140
1403 141
1403 142
1403 143
1403 144
1403 145
1404 127
1404 128
1404 129
1404 130
1404 131
1404 132
1404 133
1404 134
1404 135
1404 136
1404 137
1404 138
1404 139
1404 140
1404 141
1404 142
1404 143
1404 144
1404 145
1404 146
1404 147
1404 148
1404 149
1404 150
1404 151
1404 152
1405 137
1405 138
1405 139
1405 140
1405 141
1405 142
1405 143
1405 144
1405 145
1405 146
1405 147
1405 148
1405 149
1405 150
1405 151
1405 152
1405 153
1405 154
1405 155
1405 156
1405 157
1405 158
1406 148
1406 149
1406 150
1406 151
1406 152
1406 153
1406 154
1406 155
1406 156
1406 157
1406 158
1406 159
1406 160
1406 161
1406 162
1412 93
1412 94
1412 95
1412 96
1412 97
1412 98
1412 99
1412 100
1412 101
1412 102
1412 103
1412 104
1412 105
1413 96
1413 97
1413 98
1413 99
1413 100
1413 101
1413 102
1413 103
1413 104
1413 105
1413 106
1413 107
1413 108
1413 109
1413 110
1413 111
1413 112
1413 113
1413 114
1413 115
1413 116
1413 117
1414 101
1414 102
1414 103
1414 104
1414 105
1414 106
1414 107
1414 108
1414 109
1414 110
1414 111
1414 112
1414 113
1414 114
1414 115
1414 116
1414 117
1414 118
1414 119
1414 120
1414 121
1414 122
1414 123
1414 124
1414 125
1414 126
1415 108
1415 109
1415 110
1415 111
1415 112
1415 113
1415 114
1415 115
1415 116
1415 117
1415 118
1415 119
1415 120
1415 121
1415 122
1415 123
1415 124
1415 125
1415 126
1415 127
1415 128
1415 129
1415 130
1415 131
1415 132
1415 133
1415 134
1415 135
1416 116
1416 117
1416 118
1416 119
1416 120
1416 121
1416 122
1416 123
1416 124
1416 125
1416 126
1416 127
1416 128
1416 129
1416 130
1416 131
1416 132
1416 133
1416 134
1416 135
1416 136
1416 137
1416 138
1416 139
1416 140
1416 141
1416 142
1416 143
1416 144
1417 124
1417 125
1417 126
1417 127
1417 128
1417 129
1417 130
1417 131
1417 132
1417 133
1417 134
1417 135
1417 136
1417 137
1417 138
1417 139
1417 140
1417 141
1417 142
1417 143
1417 144
1417 145
1417 146
1417 147
1417 148
1417 149
1417 150
1417 151
1418 134
1418 135
1418 136
1418 137
1418 138
1418 139
1418 140
1418 141
1418 142
1418 143
1418 144
1418 145
1418 146
1418 147
1418 148
1418 149
1418 150
1418 151
1418 152
1418 153
1418 154
1418 155
1418 156
1418 157
1419 144
1419 145
1419 146
1419 147
1419 148
1419 149
1419 150
1419 151
1419 152
1419 153
1419 154
1419 155
1419 156
1419 157
1419 158
1419 159
1419 160
1419 161
1419 162
1420 159
1420 160
1420 161
1425 93
1425 94
1425 95
1425 96
1425 97
1425 98
1425 99
1425 100
1425 101
1426 95
1426 96
1426 97
1426 98
1426 99
1426 100
1426 101
1426 102
1426 103
1426 104
1426 105
1426 106
1426 107
1426 108
1426 109
1426 110
1426 111
1426 112
1426 113
1426 114
1427 100
1427 101
1427 102
1427 103
1427 104
1427 105
1427 106
1427 107
1427 108
1427 109
1427 110
1427 111
1427 112
1427 113
1427 114
1427 115
1427 116
1427 117
1427 118
1427 119
1427 120
1427 121
1427 122
1427 123
1427 124
1428 106
1428 107
1428 108
1428 109
1428 110
1428 111
1428 112
1428 113
1428 114
1428 115
1428 116
1428 117
1428 118
1428 119
1428 120
1428 121
1428 122
1428 123
1428 124
1428 125
1428 126
1428 127
1428 128
1428 129
1428 130
1428 131
1428 132
1428 133
1429 114
1429 115
1429 116
1429 117
1429 118
1429 119
1429 120
1429 121
1429 122
1429 123
1429 124
1429 125
1429 126
1429 127
1429 128
1429 129
1429 130
1429 131
1429 132
1429 133
1429 134
1429 135
1429 136
1429 137
1429 138
1429 139
1429 140
1429 141
1429 142
1430 122
1430 123
1430 124
1430 125
1430 126
1430 127
1430 128
1430 129
1430 130
1430 131
1430 132
1430 133
1430 134
1430 135
1430 136
1430 137
1430 138
1430 139
1430 140
1430 141
1430 142
1430 143
1430 144
1430 145
1430 146
1430 147
1430 148
1430 149
1431 131
1431 132
1431 133
1431 134
1431 135
1431 136
1431 137
1431 138
1431 139
1431 140
1431 141
1431 142
1431 143
1431 144
1431 145
1431 146
1431 147
1431 148
1431 149
1431 150
1431 151
1431 152
1431 153
1431 154
1431 155
1431 156
1432 141
1432 142
1432 143
1432 144
1432 145
1432 146
1432 147
1432 148
1432 149
1432 150
1432 151
1432 152
1432 153
1432 154
1432 155
1432 156
1432 157
1432 158
1432 159
1432 160
1432 161
1433 153
1433 154
1433 155
1433 156
1433 157
1433 158
1433 159
1433 160
1433 161
1433 162
1433 163
1438 94
1438 95
1438 96
1438 97
1439 94
1439 95
1439 96
1439 97
1439 98
1439 99
1439 100
1439 101
1439 102
1439 103
1439 104
1439 105
1439 106
1439 107
1439 108
1439 109
1439 110
1439 111
1440 98
1440 99
1440 100
1440 101
1440 102
1440 103
1440 104
1440 105
1440 106
1440 107
1440 108
1440 109
1440 110
1440 111
1440 112
1440 113
1440 114
1440 115
1440 116
1440 117
1440 118
1440 119
1440 120
1440 121
1440 122
1441 104
1441 105
1441 106
1441 107
1441 108
1441 109
1441 110
1441 111
1441 112
1441 113
1441 114
1441 115
1441 116
1441 117
1441 118
1441 119
1441 120
1441 121
1441 122
1441 123
1441 124
1441 125
1441 126
1441 127
1441 128
1441 129
1441 130
1441 131
1442 112
1442 113
1442 114
1442 115
1442 116
1442 117
1442 118
1442 119
1442 120
1442 121
1442 122
1442 123
1442 124
1442 125
1442 126
1442 127
1442 128
1442 129
1442 130
1442 131
1442 132
1442 133
1442 134
1442 135
1442 136
1442 137
1442 138
1442 139
1442 140
1443 120
1443 121
1443 122
1443 123
1443 124
1443 125
1443 126
1443 127
1443 128
1443 129
1443 130
1443 131
1443 132
1443 133
1443 134
1443 135
1443 136
1443 137
1443 138
1443 139
1443 140
1443 141
1443 142
1443 143
1443 144
1443 145
1443 146
1443 147
1444 128
1444 129
1444 130
1444 131
1444 132
1444 133
1444 134
1444 135
1444 136
1444 137
1444 138
1444 139
1444 140
1444 141
1444 142
1444 143
1444 144
1444 145
1444 146
1444 147
1444 148
1444 149
1444 150
1444 151
1444 152
1444 153
1444 154
1445 138
1445 139
1445 140
1445 141
1445 142
1445 143
1445 144
1445 145
1445 146
1445 147
1445 148
1445 149
1445 150
1445 151
1445 152
1445 153
1445 154
1445 155
1445 156
1445 157
1445 158
1445 159
1445 160
1446 149
1446 150
1446 151
1446 152
1446 153
1446 154
1446 155
1446 156
1446 157
1446 158
1446 159
1446 160
1446 161
1446 162
1446 163
1446 164
1452 93
1452 94
1452 95
1452 96
1452 97
1452 98
1452 99
1452 100
1452 101
1452 102
1452 103
1452 104
1452 105
1452 106
1452 107
1452 108
1452 109
1453 97
1453 98
1453 99
1453 100
1453 101
1453 102
1453 103
1453 104
1453 105
1453 106
1453 107
1453 108
1453 109
1453 110
1453 111
1453 112
1453 113
1453 114
1453 115
1453 116
1453 117
1453 118
1453 119
1454 103
1454 104
1454 105
1454 106
1454 107
1454 108
1454 109
1454 110
1454 111
1454 112
1454 113
1454 114
1454 115
1454 116
1454 117
1454 118
1454 119
1454 120
1454 121
1454 122
1454 123
1454 124
1454 125
1454 126
1454 127
1454 128
1454 129
1455 110
1455 111
1455 112
1455 113
1455 114
1455 115
1455 116
1455 117
1455 118
1455 119
1455 120
1455 121
1455 122
1455 123
1455 124
1455 125
1455 126
1455 127
1455 128
1455 129
1455 130
1455 131
1455 132
1455 133
1455 134
1455 135
1455 136
1455 137
1456 117
1456 118
1456 119
1456 120
1456 121
1456 122
1456 123
1456 124
1456 125
1456 126
1456 127
1456 128
1456 129
1456 130
1456 131
1456 132
1456 133
1456 134
1456 135
1456 136
1456 137
1456 138
1456 139
1456 140
1456 141
1456 142
1456 143
1456 144
1456 145
1457 126
1457 127
1457 128
1457 129
1457 130
1457 131
1457 132
1457 133
1457 134
1457 135
1457 136
1457 137
1457 138
1457 139
1457 140
1457 141
1457 142
1457 143
1457 144
1457 145
1457 146
1457 147
1457 148
1457 149
1457 150
1457 151
1457 152
1457 153
1458 135
1458 136
1458 137
1458 138
1458 139
1458 140
1458 141
1458 142
1458 143
1458 144
1458 145
1458 146
1458 147
1458 148
1458 149
1458 150
1458 151
1458 152
1458 153
1458 154
1458 155
1458 156
1458 157
1458 158
1458 159
1459 146
1459 147
1459 148
1459 149
1459 150
1459 151
1459 152
1459 153
1459 154
1459 155
1459 156
1459 157
1459 158
1459 159
1459 160
1459 161
1459 162
1459 163
1460 160
1460 161
1460 162
1460 163
1465 92
1465 93
1465 94
1465 95
1465 96
1465 97
1465 98
1465 99
1465 100
1465 101
1465 102
1465 103
1465 104
1465 105
1465 106
1466 96
1466 97
1466 98
1466 99
1466 100
1466 101
1466 102
1466 103
1466 104
1466 105
1466 106
1466 107
1466 108
1466 109
1466 110
1466 111
1466 112
1466 113
1466 114
1466 115
1466 116
1466 117
1467 101
1467 102
1467 103
1467 104
1467 105
1467 106
1467 107
1467 108
1467 109
1467 110
1467 111
1467 112
1467 113
1467 114
1467 115
1467 116
1467 117
1467 118
1467 119
1467 120
1467 121
1467 122
1467 123
1467 124
1467 125
1467 126
1468 108
1468 109
1468 110
1468 111
1468 112
1468 113
1468 114
1468 115
1468 116
1468 117
1468 118
1468 119
1468 120
1468 121
1468 122
1468 123
1468 124
1468 125
1468 126
1468 127
1468 128
1468 129
1468 130
1468 131
1468 132
1468 133
1468 134
1468 135
1469 115
1469 116
1469 117
1469 118
1469 119
1469 120
1469 121
1469 122
1469 123
1469 124
1469 125
1469 126
1469 127
1469 128
1469 129
1469 130
1469 131
1469 132
1469 133
1469 134
1469 135
1469 136
1469 137
1469 138
1469 139
1469 140
1469 141
1469 142
1469 143
1470 124
1470 125
1470 126
1470 127
1470 128
1470 129
1470 130
1470 131
1470 132
1470 133
1470 134
1470 135
1470 136
1470 137
1470 138
1470 139
1470 140
1470 141
1470 142
1470 143
1470 144
1470 145
1470 146
1470 147
1470 148
1470 149
1470 150
1470 151
1471 133
1471 134
1471 135
1471 136
1471 137
1471 138
1471 139
1471 140
1471 141
1471 142
1471 143
1471 144
1471 145
1471 146
1471 147
1471 148
1471 149
1471 150
1471 151
1471 152
1471 153
1471 154
1471 155
1471 156
1471 157
1472 143
1472 144
1472 145
1472 146
1472 147
1472 148
1472 149
1472 150
1472 151
1472 152
1472 153
1472 154
1472 155
1472 156
1472 157
1472 158
1472 159
1472 160
1472 161
1472 162
1473 155
1473 156
1473 157
1473 158
1473 159
1473 160
1473 161
1473 162
1473 163
1473 164
1473 165
1478 92
1478 93
1478 94
1478 95
1478 96
1478 97
1478 98
1478 99
1478 100
1478 101
1478 102
1479 94
1479 95
1479 96
1479 97
1479 98
1479 99
1479 100
1479 101
1479 102
1479 103
1479 104
1479 105
1479 106
1479 107
1479 108
1479 109
1479 110
1479 111
1479 112
1479 113
1479 114
1480 100
1480 101
1480 102
1480 103
1480 104
1480 105
1480 106
1480 107
1480 108
1480 109
1480 110
1480 111
1480 112
1480 113
1480 114
1480 115
1480 116
1480 117
1480 118
1480 119
1480 120
1480 121
1480 122
1480 123
1480 124
1481 106
1481 107
1481 108
1481 109
1481 110
1481 111
1481 112
1481 113
1481 114
1481 115
1481 116
1481 117
1481 118
1481 119
1481 120
1481 121
1481 122
1481 123
1481 124
1481 125
1481 126
1481 127
1481 128
1481 129
1481 130
1481 131
1481 132
1481 133
1482 113
1482 114
1482 115
1482 116
1482 117
1482 118
1482 119
1482 120
1482 121
1482 122
1482 123
1482 124
1482 125
1482 126
1482 127
1482 128
1482 129
1482 130
1482 131
1482 132
1482 133
1482 134
1482 135
1482 136
1482 137
1482 138
1482 139
1482 140
1482 141
1483 121
1483 122
1483 123
1483 124
1483 125
1483 126
1483 127
1483 128
1483 129
1483 130
1483 131
1483 132
1483 133
1483 134
1483 135
1483 136
1483 137
1483 138
1483 139
1483 140
1483 141
1483 142
1483 143
1483 144
1483 145
1483 146
1483 147
1483 148
1483 149
1484 130
1484 131
1484 132
1484 133
1484 134
1484 135
1484 136
1484 137
1484 138
1484 139
1484 140
1484 141
1484 142
1484 143
1484 144
1484 145
1484 146
1484 147
1484 148
1484 149
1484 150
1484 151
1484 152
1484 153
1484 154
1484 155
1484 156
1485 140
1485 141
1485 142
1485 143
1485 144
1485 145
1485 146
1485 147
1485 148
1485 149
1485 150
1485 151
1485 152
1485 153
1485 154
1485 155
1485 156
1485 157
1485 158
1485 159
1485 160
1485 161
1486 151
1486 152
1486 153
1486 154
1486 155
1486 156
1486 157
1486 158
1486 159
1486 160
1486 161
1486 162
1486 163
1486 164
1486 165
1491 92
1491 93
1491 94
1491 95
1491 96
1491 97
1491 98
1491 99
1492 93
1492 94
1492 95
1492 96
1492 97
1492 98
1492 99
1492 100
1492 101
1492 102
1492 103
1492 104
1492 105
1492 106
1492 107
1492 108
1492 109
1492 110
1492 111
1492 112
1493 98
1493 99
1493 100
1493 101
1493 102
1493 103
1493 104
1493 105
1493 106
1493 107
1493 108
1493 109
1493 110
1493 111
1493 112
1493 113
1493 114
1493 115
1493 116
1493 117
1493 118
1493 119
1493 120
1493 121
1493 122
1494 104
1494 105
1494 106
1494 107
1494 108
1494 109
1494 110
1494 111
1494 112
1494 113
1494 114
1494 115
1494 116
1494 117
1494 118
1494 119
1494 120
1494 121
1494 122
1494 123
1494 124
1494 125
1494 126
1494 127
1494 128
1494 129
1494 130
1494 131
1495 111
1495 112
1495 113
1495 114
1495 115
1495 116
1495 117
1495 118
1495 119
1495 120
1495 121
1495 122
1495 123
1495 124
1495 125
1495 126
1495 127
1495 128
1495 129
1495 130
1495 131
1495 132
1495 133
1495 134
1495 135
1495 136
1495 137
1495 138
1495 139
1496 119
1496 120
1496 121
1496 122
1496 123
1496 124
1496 125
1496 126
1496 127
1496 128
1496 129
1496 130
1496 131
1496 132
1496 133
1496 134
1496 135
1496 136
1496 137
1496 138
1496 139
1496 140
1496 141
1496 142
1496 143
1496 144
1496 145
1496 146
1496 147
1497 128
1497 129
1497 130
1497 131
1497 132
1497 133
1497 134
1497 135
1497 136
1497 137
1497 138
1497 139
1497 140
1497 141
1497 142
1497 143
1497 144
1497 145
1497 146
1497 147
1497 148
1497 149
1497 150
1497 151
1497 152
1497 153
1497 154
1498 137
1498 138
1498 139
1498 140
1498 141
1498 142
1498 143
1498 144
1498 145
1498 146
1498 147
1498 148
1498 149
1498 150
1498 151
1498 152
1498 153
1498 154
1498 155
1498 156
1498 157
1498 158
1498 159
1498 160
1499 148
1499 149
1499 150
1499 151
1499 152
1499 153
1499 154
1499 155
1499 156
1499 157
1499 158
1499 159
1499 160
1499 161
1499 162
1499 163
1499 164
1505 93
1505 94
1505 95
1505 96
1505 97
1505 98
1505 99
1505 100
1505 101
1505 102
1505 103
1505 104
1505 105
1505 106
1505 107
1505 108
1505 109
1506 97
1506 98
1506 99
1506 100
1506 101
1506 102
1506 103
1506 104
1506 105
1506 106
1506 107
1506 108
1506 109
1506 110
1506 111
1506 112
1506 113
1506 114
1506 115
1506 116
1506 117
1506 118
1506 119
1507 103
1507 104
1507 105
1507 106
1507 107
1507 108
1507 109
1507 110
1507 111
1507 112
1507 113
1507 114
1507 115
1507 116
1507 117
1507 118
1507 119
1507 120
1507 121
1507 122
1507 123
1507 124
1507 125
1507 126
1507 127
1507 128
1508 110
1508 111
1508 112
1508 113
1508 114
1508 115
1508 116
1508 117
1508 118
1508 119
1508 120
1508 121
1508 122
1508 123
1508 124
1508 125
1508 126
1508 127
1508 128
1508 129
1508 130
1508 131
1508 132
1508 133
1508 134
1508 135
1508 136
1508 137
1509 117
1509 118
1509 119
1509 120
1509 121
1509 122
1509 123
1509 124
1509 125
1509 126
1509 127
1509 128
1509 129
1509 130
1509 131
1509 132
1509 133
1509 134
1509 135
1509 136
1509 137
1509 138
1509 139
1509 140
1509 141
1509 142
1509 143
1509 144
1509 145
1510 126
1510 127
1510 128
1510 129
1510 130
1510 131
1510 132
1510 133
1510 134
1510 135
1510 136
1510 137
1510 138
1510 139
1510 140
1510 141
1510 142
1510 143
1510 144
1510 145
1510 146
1510 147
1510 148
1510 149
1510 150
1510 151
1510 152
1511 135
1511 136
1511 137
1511 138
1511 139
1511 140
1511 141
1511 142
1511 143
1511 144
1511 145
1511 146
1511 147
1511 148
1511 149
1511 150
1511 151
1511 152
1511 153
1511 154
1511 155
1511 156
1511 157
1511 158
1512 145
1512 146
1512 147
1512 148
1512 149
1512 150
1512 151
1512 152
1512 153
1512 154
1512 155
1512 156
1512 157
1512 158
1512 159
1512 160
1512 161
1512 162
1512 163
1513 158
1513 159
1513 160
1513 161
1513 162
1513 163
1513 164
1513 165
1518 92
1518 93
1518 94
1518 95
1518 96
1518 97
1518 98
1518 99
1518 100
1518 101
1518 102
1518 103
1518 104
1518 105
1518 106
1519 96
1519 97
1519 98
1519 99
1519 100
1519 101
1519 102
1519 103
1519 104
1519 105
1519 106
1519 107
1519 108
1519 109
1519 110
1519 111
1519 112
1519 113
1519 114
1519 115
1519 116
1519 117
1520 101
1520 102
1520 103
1520 104
1520 105
1520 106
1520 107
1520 108
1520 109
1520 110
1520 111
1520 112
1520 113
1520 114
1520 115
1520 116
1520 117
1520 118
1520 119
1520 120
1520 121
1520 122
1520 123
1520 124
1520 125
1520 126
1521 108
1521 109
1521 110
1521 111
1521 112
1521 113
1521 114
1521 115
1521 116
1521 117
1521 118
1521 119
1521 120
1521 121
1521 122
1521 123
1521 124
1521 125
1521 126
1521 127
1521 128
1521 129
1521 130
1521 131
1521 132
1521 133
1521 134
1521 135
1522 115
1522 116
1522 117
1522 118
1522 119
1522 120
1522 121
1522 122
1522 123
1522 124
1522 125
1522 126
1522 127
1522 128
1522 129
1522 130
1522 131
1522 132
1522 133
1522 134
1522 135
1522 136
1522 137
1522 138
1522 139
1522 140
1522 141
1522 142
1522 143
1523 124
1523 125
1523 126
1523 127
1523 128
1523 129
1523 130
1523 131
1523 132
1523 133
1523 134
1523 135
1523 136
1523 137
1523 138
1523 139
1523 140
1523 141
1523 142
1523 143
1523 144
1523 145
1523 146
1523 147
1523 148
1523 149
1523 150
1524 133
1524 134
1524 135
1524 136
1524 137
1524 138
1524 139
1524 140
1524 141
1524 142
1524 143
1524 144
1524 145
1524 146
1524 147
1524 148
1524 149
1524 150
1524 151
1524 152
1524 153
1524 154
1524 155
1524 156
1524 157
1525 142
1525 143
1525 144
1525 145
1525 146
1525 147
1525 148
1525 149
1525 150
1525 151
1525 152
1525 153
1525 154
1525 155
1525 156
1525 157
1525 158
1525 159
1525 160
1525 161
1525 162
1526 154
1526 155
1526 156
1526 157
1526 158
1526 159
1526 160
1526 161
1526 162
1526 163
1526 164
1526 165
1531 92
1531 93
1531 94
1531 95
1531 96
1531 97
1531 98
1531 99
1531 100
1531 101
1531 102
1531 103
1532 95
1532 96
1532 97
1532 98
1532 99
1532 100
1532 101
1532 102
1532 103
1532 104
1532 105
1532 106
1532 107
1532 108
1532 109
1532 110
1532 111
1532 112
1532 113
1532 114
1533 100
1533 101
1533 102
1533 103
1533 104
1533 105
1533 106
1533 107
1533 108
1533 109
1533 110
1533 111
1533 112
1533 113
1533 114
1533 115
1533 116
1533 117
1533 118
1533 119
1533 120
1533 121
1533 122
1533 123
1533 124
1534 106
1534 107
1534 108
1534 109
1534 110
1534 111
1534 112
1534 113
1534 114
1534 115
1534 116
1534 117
1534 118
1534 119
1534 120
1534 121
1534 122
1534 123
1534 124
1534 125
1534 126
1534 127
1534 128
1534 129
1534 130
1534 131
1534 132
1534 133
1535 114
1535 115
1535 116
1535 117
1535 118
1535 119
1535 120
1535 121
1535 122
1535 123
1535 124
1535 125
1535 126
1535 127
1535 128
1535 129
1535 130
1535 131
1535 132
1535 133
1535 134
1535 135
1535 136
1535 137
1535 138
1535 139
1535 140
1535 141
1536 122
1536 123
1536 124
1536 125
1536 126
1536 127
1536 128
1536 129
1536 130
1536 131
1536 132
1536 133
1536 134
1536 135
1536 136
1536 137
1536 138
1536 139
1536 140
1536 141
1536 142
1536 143
1536 144
1536 145
1536 146
1536 147
1536 148
1537 130
1537 131
1537 132
1537 133
1537 134
1537 135
1537 136
1537 137
1537 138
1537 139
1537 140
1537 141
1537 142
1537 143
1537 144
1537 145
1537 146
1537 147
1537 148
1537 149
1537 150
1537 151
1537 152
1537 153
1537 154
1537 155
1538 140
1538 141
1538 142
1538 143
1538 144
1538 145
1538 146
1538 147
1538 148
1538 149
1538 150
1538 151
1538 152
1538 153
1538 154
1538 155
1538 156
1538 157
1538 158
1538 159
1538 160
1538 161
1539 151
1539 152
1539 153
1539 154
1539 155
1539 156
1539 157
1539 158
1539 159
1539 160
1539 161
1539 162
1539 163
1539 164
1544 92
1544 93
1544 94
1544 95
1544 96
1544 97
1544 98
1544 99
1545 94
1545 95
1545 96
1545 97
1545 98
1545 99
1545 100
1545 101
1545 102
1545 103
1545 104
1545 105
1545 106
1545 107
1545 108
1545 109
1545 110
1545 111
1546 99
1546 100
1546 101
1546 102
1546 103
1546 104
1546 105
1546 106
1546 107
1546 108
1546 109
1546 110
1546 111
1546 112
1546 113
1546 114
1546 115
1546 116
1546 117
1546 118
1546 119
1546 120
1546 121
1547 105
1547 106
1547 107
1547 108
1547 109
1547 110
1547 111
1547 112
1547 113
1547 114
1547 115
1547 116
1547 117
1547 118
1547 119
1547 120
1547 121
1547 122
1547 123
1547 124
1547 125
1547 126
1547 127
1547 128
1547 129
1547 130
1548 112
1548 113
1548 114
1548 115
1548 116
1548 117
1548 118
1548 119
1548 120
1548 121
1548 122
1548 123
1548 124
1548 125
1548 126
1548 127
1548 128
1548 129
1548 130
1548 131
1548 132
1548 133
1548 134
1548 135
1548 136
1548 137
1548 138
1548 139
1549 120
1549 121
1549 122
1549 123
1549 124
1549 125
1549 126
1549 127
1549 128
1549 129
1549 130
1549 131
1549 132
1549 133
1549 134
1549 135
1549 136
1549 137
1549 138
1549 139
1549 140
1549 141
1549 142
1549 143
1549 144
1549 145
1549 146
1550 128
1550 129
1550 130
1550 131
1550 132
1550 133
1550 134
1550 135
1550 136
1550 137
1550 138
1550 139
1550 140
1550 141
1550 142
1550 143
1550 144
1550 145
1550 146
1550 147
1550 148
1550 149
1550 150
1550 151
1550 152
1550 153
1551 137
1551 138
1551 139
1551 140
1551 141
1551 142
1551 143
1551 144
1551 145
1551 146
1551 147
1551 148
1551 149
1551 150
1551 151
1551 152
1551 153
1551 154
1551 155
1551 156
1551 157
1551 158
1551 159
1552 148
1552 149
1552 150
1552 151
1552 152
1552 153
1552 154
1552 155
1552 156
1552 157
1552 158
1552 159
1552 160
1552 161
1552 162
1552 163
1558 93
1558 94
1558 95
1558 96
1558 97
1558 98
1558 99
1558 100
1558 101
1558 102
1558 103
1558 104
1558 105
1558 106
1558 107
1558 108
1559 97
1559 98
1559 99
1559 100
1559 101
1559 102
1559 103
1559 104
1559 105
1559 106
1559 107
1559 108
1559 109
1559 110
1559 111
1559 112
1559 113
1559 114
1559 115
1559 116
1559 117
1559 118
1559 119
1560 103
1560 104
1560 105
1560 106
1560 107
1560 108
1560 109
1560 110
1560 111
1560 112
1560 113
1560 114
1560 115
1560 116
1560 117
1560 118
1560 119
1560 120
1560 121
1560 122
1560 123
1560 124
1560 125
1560 126
1560 127
1560 128
1561 110
1561 111
1561 112
1561 113
1561 114
1561 115
1561 116
1561 117
1561 118
1561 119
1561 120
1561 121
1561 122
1561 123
1561 124
1561 125
1561 126
1561 127
1561 128
1561 129
1561 130
1561 131
1561 132
1561 133
1561 134
1561 135
1561 136
1562 118
1562 119
1562 120
1562 121
1562 122
1562 123
1562 124
1562 125
1562 126
1562 127
1562 128
1562 129
1562 130
1562 131
1562 132
1562 133
1562 134
1562 135
1562 136
1562 137
1562 138
1562 139
1562 140
1562 141
1562 142
1562 143
1562 144
1563 126
1563 127
1563 128
1563 129
1563 130
1563 131
1563 132
1563 133
1563 134
1563 135
1563 136
1563 137
1563 138
1563 139
1563 140
1563 141
1563 142
1563 143
1563 144
1563 145
1563 146
1563 147
1563 148
1563 149
1563 150
1563 151
1564 135
1564 136
1564 137
1564 138
1564 139
1564 140
1564 141
1564 142
1564 143
1564 144
1564 145
1564 146
1564 147
1564 148
1564 149
1564 150
1564 151
1564 152
1564 153
1564 154
1564 155
1564 156
1564 157
1565 145
1565 146
1565 147
1565 148
1565 149
1565 150
1565 151
1565 152
1565 153
1565 154
1565 155
1565 156
1565 157
1565 158
1565 159
1565 160
1565 161
1565 162
1566 159
1566 160
1566 161
1566 162
1566 163
1571 92
1571 93
1571 94
1571 95
1571 96
1571 97
1571 98
1571 99
1571 100
1571 101
1571 102
1571 103
1571 104
1571 105
1572 96
1572 97
1572 98
1572 99
1572 100
1572 101
1572 102
1572 103
1572 104
1572 105
1572 106
1572 107
1572 108
1572 109
1572 110
1572 111
1572 112
1572 113
1572 114
1572 115
1572 116
1573 102
1573 103
1573 104
1573 105
1573 106
1573 107
1573 108
1573 109
1573 110
1573 111
1573 112
1573 113
1573 114
1573 115
1573 116
1573 117
1573 118
1573 119
1573 120
1573 121
1573 122
1573 123
1573 124
1573 125
1574 108
1574 109
1574 110
1574 111
1574 112
1574 113
1574 114
1574 115
1574 116
1574 117
1574 118
1574 119
1574 120
1574 121
1574 122
1574 123
1574 124
1574 125
1574 126
1574 127
1574 128
1574 129
1574 130
1574 131
1574 132
1574 133
1574 134
1575 116
1575 117
1575 118
1575 119
1575 120
1575 121
1575 122
1575 123
1575 124
1575 125
1575 126
1575 127
1575 128
1575 129
1575 130
1575 131
1575 132
1575 133
1575 134
1575 135
1575 136
1575 137
1575 138
1575 139
1575 140
1575 141
1575 142
1576 124
1576 125
1576 126
1576 127
1576 128
1576 129
1576 130
1576 131
1576 132
1576 133
1576 134
1576 135
1576 136
1576 137
1576 138
1576 139
1576 140
1576 141
1576 142
1576 143
1576 144
1576 145
1576 146
1576 147
1576 148
1576 149
1577 133
1577 134
1577 135
1577 136
1577 137
1577 138
1577 139
1577 140
1577 141
1577 142
1577 143
1577 144
1577 145
1577 146
1577 147
1577 148
1577 149
1577 150
1577 151
1577 152
1577 153
1577 154
1577 155
1577 156
1578 143
1578 144
1578 145
1578 146
1578 147
1578 148
1578 149
1578 150
1578 151
1578 152
1578 153
1578 154
1578 155
1578 156
1578 157
1578 158
1578 159
1578 160
1578 161
1579 155
1579 156
1579 157
1579 158
1579 159
1579 160
1579 161
1579 162
1579 163
1584 92
1584 93
1584 94
1584 95
1584 96
1584 97
1584 98
1584 99
1584 100
1584 101
1584 102
1585 95
1585 96
1585 97
1585 98
1585 99
1585 100
1585 101
1585 102
1585 103
1585 104
1585 105
1585 106
1585 107
1585 108
1585 109
1585 110
1585 111
1585 112
1585 113
1586 101
1586 102
1586 103
1586 104
1586 105
1586 106
1586 107
1586 108
1586 109
1586 110
1586 111
1586 112
1586 113
1586 114
1586 115
1586 116
1586 117
1586 118
1586 119
1586 120
1586 121
1586 122
1586 123
1587 107
1587 108
1587 109
1587 110
1587 111
1587 112
1587 113
1587 114
1587 115
1587 116
1587 117
1587 118
1587 119
1587 120
1587 121
1587 122
1587 123
1587 124
1587 125
1587 126
1587 127
1587 128
1587 129
1587 130
1587 131
1587 132
1588 114
1588 115
1588 116
1588 117
1588 118
1588 119
1588 120
1588 121
1588 122
1588 123
1588 124
1588 125
1588 126
1588 127
1588 128
1588 129
1588 130
1588 131
1588 132
1588 133
1588 134
1588 135
1588 136
1588 137
1588 138
1588 139
1588 140
1589 122
1589 123
1589 124
1589 125
1589 126
1589 127
1589 128
1589 129
1589 130
1589 131
1589 132
1589 133
1589 134
1589 135
1589 136
1589 137
1589 138
1589 139
1589 140
1589 141
1589 142
1589 143
1589 144
1589 145
1589 146
1589 147
1590 131
1590 132
1590 133
1590 134
1590 135
1590 136
1590 137
1590 138
1590 139
1590 140
1590 141
1590 142
1590 143
1590 144
1590 145
1590 146
1590 147
1590 148
1590 149
1590 150
1590 151
1590 152
1590 153
1590 154
1591 141
1591 142
1591 143
1591 144
1591 145
1591 146
1591 147
1591 148
1591 149
1591 150
1591 151
1591 152
1591 153
1591 154
1591 155
1591 156
1591 157
1591 158
1591 159
1592 152
1592 153
1592 154
1592 155
1592 156
1592 157
1592 158
1592 159
1592 160
1592 161
1592 162
1597 93
1597 94
1597 95
1597 96
1597 97
1597 98
1598 94
1598 95
1598 96
1598 97
1598 98
1598 99
1598 100
1598 101
1598 102
1598 103
1598 104
1598 105
1598 106
1598 107
1598 108
1598 109
1598 110
1599 99
1599 100
1599 101
1599 102
1599 103
1599 104
1599 105
1599 106
1599 107
1599 108
1599 109
1599 110
1599 111
1599 112
1599 113
1599 114
1599 115
1599 116
1599 117
1599 118
1599 119
1599 120
1600 106
1600 107
1600 108
1600 109
1600 110
1600 111
1600 112
1600 113
1600 114
1600 115
1600 116
1600 117
1600 118
1600 119
1600 120
1600 121
1600 122
1600 123
1600 124
1600 125
1600 126
1600 127
1600 128
1600 129
1601 113
1601 114
1601 115
1601 116
1601 117
1601 118
1601 119
1601 120
1601 121
1601 122
1601 123
1601 124
1601 125
1601 126
1601 127
1601 128
1601 129
1601 130
1601 131
1601 132
1601 133
1601 134
1601 135
1601 136
1601 137
1601 138
1602 120
1602 121
1602 122
1602 123
1602 124
1602 125
1602 126
1602 127
1602 128
1602 129
1602 130
1602 131
1602 132
1602 133
1602 134
1602 135
1602 136
1602 137
1602 138
1602 139
1602 140
1602 141
1602 142
1602 143
1602 144
1602 145
1603 129
1603 130
1603 131
1603 132
1603 133
1603 134
1603 135
1603 136
1603 137
1603 138
1603 139
1603 140
1603 141
1603 142
1603 143
1603 144
1603 145
1603 146
1603 147
1603 148
1603 149
1603 150
1603 151
1603 152
1604 138
1604 139
1604 140
1604 141
1604 142
1604 143
1604 144
1604 145
1604 146
1604 147
1604 148
1604 149
1604 150
1604 151
1604 152
1604 153
1604 154
1604 155
1604 156
1604 157
1604 158
1605 150
1605 151
1605 152
1605 153
1605 154
1605 155
1605 156
1605 157
1605 158
1605 159
1605 160
1605 161
1611 94
1611 95
1611 96
1611 97
1611 98
1611 99
1611 100
1611 101
1611 102
1611 103
1611 104
1611 105
1611 106
1611 107
1612 98
1612 99
1612 100
1612 101
1612 102
1612 103
1612 104
1612 105
1612 106
1612 107
1612 108
1612 109
1612 110
1612 111
1612 112
1612 113
1612 114
1612 115
1612 116
1612 117
1612 118
1613 104
1613 105
1613 106
1613 107
1613 108
1613 109
1613 110
1613 111
1613 112
1613 113
1613 114
1613 115
1613 116
1613 117
1613 118
1613 119
1613 120
1613 121
1613 122
1613 123
1613 124
1613 125
1613 126
1613 127
1614 111
1614 112
1614 113
1614 114
1614 115
1614 116
1614 117
1614 118
1614 119
1614 120
1614 121
1614 122
1614 123
1614 124
1614 125
1614 126
1614 127
1614 128
1614 129
1614 130
1614 131
1614 132
1614 133
1614 134
1614 135
1615 119
1615 120
1615 121
1615 122
1615 123
1615 124
1615 125
1615 126
1615 127
1615 128
1615 129
1615 130
1615 131
1615 132
1615 133
1615 134
1615 135
1615 136
1615 137
1615 138
1615 139
1615 140
1615 141
1615 142
1615 143
1616 127
1616 128
1616 129
1616 130
1616 131
1616 132
1616 133
1616 134
1616 135
1616 136
1616 137
1616 138
1616 139
1616 140
1616 141
1616 142
1616 143
1616 144
1616 145
1616 146
1616 147
1616 148
1616 149
1616 150
1617 136
1617 137
1617 138
1617 139
1617 140
1617 141
1617 142
1617 143
1617 144
1617 145
1617 146
1617 147
1617 148
1617 149
1617 150
1617 151
1617 152
1617 153
1617 154
1617 155
1617 156
1618 147
1618 148
1618 149
1618 150
1618 151
1618 152
1618 153
1618 154
1618 155
1618 156
1618 157
1618 158
1618 159
1618 160
1624 93
1624 94
1624 95
1624 96
1624 97
1624 98
1624 99
1624 100
1624 101
1624 102
1624 103
1624 104
1625 97
1625 98
1625 99
1625 100
1625 101
1625 102
1625 103
1625 104
1625 105
1625 106
1625 107
1625 108
1625 109
1625 110
1625 111
1625 112
1625 113
1625 114
1625 115
1626 103
1626 104
1626 105
1626 106
1626 107
1626 108
1626 109
1626 110
1626 111
1626 112
1626 113
1626 114
1626 115
1626 116
1626 117
1626 118
1626 119
1626 120
1626 121
1626 122
1626 123
1626 124
1627 110
1627 111
1627 112
1627 113
1627 114
1627 115
1627 116
1627 117
1627 118
1627 119
1627 120
1627 121
1627 122
1627 123
1627 124
1627 125
1627 126
1627 127
1627 128
1627 129
1627 130
1627 131
1627 132
1627 133
1628 117
1628 118
1628 119
1628 120
1628 121
1628 122
1628 123
1628 124
1628 125
1628 126
1628 127
1628 128
1628 129
1628 130
1628 131
1628 132
1628 133
1628 134
1628 135
1628 136
1628 137
1628 138
1628 139
1628 140
1628 141
1629 125
1629 126
1629 127
1629 128
1629 129
1629 130
1629 131
1629 132
1629 133
1629 134
1629 135
1629 136
1629 137
1629 138
1629 139
1629 140
1629 141
1629 142
1629 143
1629 144
1629 145
1629 146
1629 147
1629 148
1630 135
1630 136
1630 137
1630 138
1630 139
1630 140
1630 141
1630 142
1630 143
1630 144
1630 145
1630 146
1630 147
1630 148
1630 149
1630 150
1630 151
1630 152
1630 153
1630 154
1631 145
1631 146
1631 147
1631 148
1631 149
1631 150
1631 151
1631 152
1631 153
1631 154
1631 155
1631 156
1631 157
1631 158
1637 94
1637 95
1637 96
1637 97
1637 98
1637 99
1637 100
1638 96
1638 97
1638 98
1638 99
1638 100
1638 101
1638 102
1638 103
1638 104
1638 105
1638 106
1638 107
1638 108
1638 109
1638 110
1638 111
1638 112
1639 102
1639 103
1639 104
1639 105
1639 106
1639 107
1639 108
1639 109
1639 110
1639 111
1639 112
1639 113
1639 114
1639 115
1639 116
1639 117
1639 118
1639 119
1639 120
1639 121
1639 122
1640 108
1640 109
1640 110
1640 111
1640 112
1640 113
1640 114
1640 115
1640 116
1640 117
1640 118
1640 119
1640 120
1640 121
1640 122
1640 123
1640 124
1640 125
1640 126
1640 127
1640 128
1640 129
1640 130
1641 116
1641 117
1641 118
1641 119
1641 120
1641 121
1641 122
1641 123
1641 124
1641 125
1641 126
1641 127
1641 128
1641 129
1641 130
1641 131
1641 132
1641 133
1641 134
1641 135
1641 136
1641 137
1641 138
1642 124
1642 125
1642 126
1642 127
1642 128
1642 129
1642 130
1642 131
1642 132
1642 133
1642 134
1642 135
1642 136
1642 137
1642 138
1642 139
1642 140
1642 141
1642 142
1642 143
1642 144
1642 145
1642 146
1643 133
1643 134
1643 135
1643 136
1643 137
1643 138
1643 139
1643 140
1643 141
1643 142
1643 143
1643 144
1643 145
1643 146
1643 147
1643 148
1643 149
1643 150
1643 151
1643 152
1644 143
1644 144
1644 145
1644 146
1644 147
1644 148
1644 149
1644 150
1644 151
1644 152
1644 153
1644 154
1644 155
1644 156
1644 157
1651 96
1651 97
1651 98
1651 99
1651 100
1651 101
1651 102
1651 103
1651 104
1651 105
1651 106
1651 107
1651 108
1651 109
1652 101
1652 102
1652 103
1652 104
1652 105
1652 106
1652 107
1652 108
1652 109
1652 110
1652 111
1652 112
1652 113
1652 114
1652 115
1652 116
1652 117
1652 118
1652 119
1653 107
1653 108
1653 109
1653 110
1653 111
1653 112
1653 113
1653 114
1653 115
1653 116
1653 117
1653 118
1653 119
1653 120
1653 121
1653 122
1653 123
1653 124
1653 125
1653 126
1653 127
1653 128
1654 114
1654 115
1654 116
1654 117
1654 118
1654 119
1654 120
1654 121
1654 122
1654 123
1654 124
1654 125
1654 126
1654 127
1654 128
1654 129
1654 130
1654 131
1654 132
1654 133
1654 134
1654 135
1654 136
1655 122
1655 123
1655 124
1655 125
1655 126
1655 127
1655 128
1655 129
1655 130
1655 131
1655 132
1655 133
1655 134
1655 135
1655 136
1655 137
1655 138
1655 139
1655 140
1655 141
1655 142
1655 143
1656 131
1656 132
1656 133
1656 134
1656 135
1656 136
1656 137
1656 138
1656 139
1656 140
1656 141
1656 142
1656 143
1656 144
1656 145
1656 146
1656 147
1656 148
1656 149
1656 150
1657 141
1657 142
1657 143
1657 144
1657 145
1657 146
1657 147
1657 148
1657 149
1657 150
1657 151
1657 152
1657 153
1657 154
1657 155
1664 96
1664 97
1664 98
1664 99
1664 100
1664 101
1664 102
1664 103
1664 104
1664 105
1665 100
1665 101
1665 102
1665 103
1665 104
1665 105
1665 106
1665 107
1665 108
1665 109
1665 110
1665 111
1665 112
1665 113
1665 114
1665 115
1665 116
1666 106
1666 107
1666 108
1666 109
1666 110
1666 111
1666 112
1666 113
1666 114
1666 115
1666 116
1666 117
1666 118
1666 119
1666 120
1666 121
1666 122
1666 123
1666 124
1666 125
1667 113
1667 114
1667 115
1667 116
1667 117
1667 118
1667 119
1667 120
1667 121
1667 122
1667 123
1667 124
1667 125
1667 126
1667 127
1667 128
1667 129
1667 130
1667 131
1667 132
1667 133
1667 134
1668 121
1668 122
1668 123
1668 124
1668 125
1668 126
1668 127
1668 128
1668 129
1668 130
1668 131
1668 132
1668 133
1668 134
1668 135
1668 136
1668 137
1668 138
1668 139
1668 140
1668 141
1669 129
1669 130
1669 131
1669 132
1669 133
1669 134
1669 135
1669 136
1669 137
1669 138
1669 139
1669 140
1669 141
1669 142
1669 143
1669 144
1669 145
1669 146
1669 147
1669 148
1670 139
1670 140
1670 141
1670 142
1670 143
1670 144
1670 145
1670 146
1670 147
1670 148
1670 149
1670 150
1670 151
1670 152
1670 153
1677 96
1677 97
1677 98
1677 99
1677 100
1677 101
1678 99
1678 100
1678 101
1678 102
1678 103
1678 104
1678 105
1678 106
1678 107
1678 108
1678 109
1678 110
1678 111
1678 112
1678 113
1679 105
1679 106
1679 107
1679 108
1679 109
1679 110
1679 111
1679 112
1679 113
1679 114
1679 115
1679 116
1679 117
1679 118
1679 119
1679 120
1679 121
1679 122
1679 123
1680 111
1680 112
1680 113
1680 114
1680 115
1680 116
1680 117
1680 118
1680 119
1680 120
1680 121
1680 122
1680 123
1680 124
1680 125
1680 126
1680 127
1680 128
1680 129
1680 130
1680 131
1681 119
1681 120
1681 121
1681 122
1681 123
1681 124
1681 125
1681 126
1681 127
1681 128
1681 129
1681 130
1681 131
1681 132
1681 133
1681 134
1681 135
1681 136
1681 137
1681 138
1681 139
1682 128
1682 129
1682 130
1682 131
1682 132
1682 133
1682 134
1682 135
1682 136
1682 137
1682 138
1682 139
1682 140
1682 141
1682 142
1682 143
1682 144
1682 145
1683 138
1683 139
1683 140
1683 141
1683 142
1683 143
1683 144
1683 145
1683 146
1683 147
1683 148
1683 149
1683 150
1691 99
1691 100
1691 101
1691 102
1691 103
1691 104
1691 105
1691 106
1691 107
1691 108
1691 109
1691 110
1692 104
1692 105
1692 106
1692 107
1692 108
1692 109
1692 110
1692 111
1692 112
1692 113
1692 114
1692 115
1692 116
1692 117
1692 118
1692 119
1692 120
1693 110
1693 111
1693 112
1693 113
1693 114
1693 115
1693 116
1693 117
1693 118
1693 119
1693 120
1693 121
1693 122
1693 123
1693 124
1693 125
1693 126
1693 127
1693 128
1694 118
1694 119
1694 120
1694 121
1694 122
1694 123
1694 124
1694 125
1694 126
1694 127
1694 128
1694 129
1694 130
1694 131
1694 132
1694 133
1694 134
1694 135
1694 136
1695 127
1695 128
1695 129
1695 130
1695 131
1695 132
1695 133
1695 134
1695 135
1695 136
1695 137
1695 138
1695 139
1695 140
1695 141
1695 142
1695 143
1696 137
1696 138
1696 139
1696 140
1696 141
1696 142
1696 143
1696 144
1696 145
1696 146
1696 147
1696 148
1704 99
1704 100
1704 101
1704 102
1704 103
1704 104
1704 105
1704 106
1705 103
1705 104
1705 105
1705 106
1705 107
1705 108
1705 109
1705 110
1705 111
1705 112
1705 113
1705 114
1705 115
1705 116
1705 117
1706 109
1706 110
1706 111
1706 112
1706 113
1706 114
1706 115
1706 116
1706 117
1706 118
1706 119
1706 120
1706 121
1706 122
1706 123
1706 124
1706 125
1706 126
1707 117
1707 118
1707 119
1707 120
1707 121
1707 122
1707 123
1707 124
1707 125
1707 126
1707 127
1707 128
1707 129
1707 130
1707 131
1707 132
1707 133
1708 125
1708 126
1708 127
1708 128
1708 129
1708 130
1708 131
1708 132
1708 133
1708 134
1708 135
1708 136
1708 137
1708 138
1708 139
1708 140
1709 135
1709 136
1709 137
1709 138
1709 139
1709 140
1709 141
1709 142
1709 143
1709 144
1709 145
1709 146
1718 103
1718 104
1718 105
1718 106
1718 107
1718 108
1718 109
1718 110
1718 111
1718 112
1718 113
1719 109
1719 110
1719 111
1719 112
1719 113
1719 114
1719 115
1719 116
1719 117
1719 118
1719 119
1719 120
1719 121
1719 122
1719 123
1720 116
1720 117
1720 118
1720 119
1720 120
1720 121
1720 122
1720 123
1720 124
1720 125
1720 126
1720 127
1720 128
1720 129
1720 130
1720 131
1721 124
1721 125
1721 126
1721 127
1721 128
1721 129
1721 130
1721 131
1721 132
1721 133
1721 134
1721 135
1721 136
1721 137
1721 138
1722 135
1722 136
1722 137
1722 138
1722 139
1722 140
1722 141
1722 142
1722 143
1731 103
1731 104
1731 105
1731 106
1731 107
1731 108
1731 109
1732 108
1732 109
1732 110
1732 111
1732 112
1732 113
1732 114
1732 115
1732 116
1732 117
1732 118
1732 119
1733 115
1733 116
1733 117
1733 118
1733 119
1733 120
1733 121
1733 122
1733 123
1733 124
1733 125
1733 126
1733 127
1733 128
1734 124
1734 125
1734 126
1734 127
1734 128
1734 129
1734 130
1734 131
1734 132
1734 133
1734 134
1734 135
1735 134
1735 135
1735 136
1735 137
1735 138
1735 139
1745 108
1745 109
1745 110
1745 111
1745 112
1745 113
1745 114
1745 115
1746 115
1746 116
1746 117
1746 118
1746 119
1746 120
1746 121
1746 122
1746 123
1746 124
1747 123
1747 124
1747 125
1747 126
1747 127
1747 128
1747 129
1747 130
1747 131
1759 115
1759 116
1759 117
1759 118
1759 119
1759 120
1760 124
1760 125
1760 126
1760 127
2753 109
2753 110
2753 111
2753 112
2753 113
2754 118
2754 119
2754 120
2754 121
2766 105
2766 106
2766 107
2766 108
2766 109
2766 110
2766 111
2767 113
2767 114
2767 115
2767 116
2767 117
2767 118
2767 119
2767 120
2768 123
2768 124
2768 125
2768 126
2768 127
2779 102
2779 103
2779 104
2779 105
2779 106
2779 107
2779 108
2779 109
2780 109
2780 110
2780 111
2780 112
2780 113
2780 114
2780 115
2780 116
2780 117
2780 118
2780 119
2781 118
2781 119
2781 120
2781 121
2781 122
2781 123
2781 124
2781 125
2781 126
2781 127
2782 130
2782 131
2782 132
2792 99
2792 100
2792 101
2792 102
2792 103
2792 104
2792 105
2792 106
2793 106
2793 107
2793 108
2793 109
2793 110
2793 111
2793 112
2793 113
2793 114
2793 115
2793 116
2793 117
2794 114
2794 115
2794 116
2794 117
2794 118
2794 119
2794 120
2794 121
2794 122
2794 123
2794 124
2794 125
2795 124
2795 125
2795 126
2795 127
2795 128
2795 129
2795 130
2795 131
2795 132
2805 97
2805 98
2805 99
2805 100
2805 101
2805 102
2805 103
2806 103
2806 104
2806 105
2806 106
2806 107
2806 108
2806 109
2806 110
2806 111
2806 112
2806 113
2806 114
2807 110
2807 111
2807 112
2807 113
2807 114
2807 115
2807 116
2807 117
2807 118
2807 119
2807 120
2807 121
2807 122
2807 123
2808 120
2808 121
2808 122
2808 123
2808 124
2808 125
2808 126
2808 127
2808 128
2808 129
2808 130
2808 131
2809 130
2809 131
2809 132
2809 133
2809 134
2809 135
2809 136
2809 137
2818 96
2818 97
2818 98
2819 100
2819 101
2819 102
2819 103
2819 104
2819 105
2819 106
2819 107
2819 108
2819 109
2819 110
2819 111
2820 107
2820 108
2820 109
2820 110
2820 111
2820 112
2820 113
2820 114
2820 115
2820 116
2820 117
2820 118
2820 119
2820 120
2820 121
2821 116
2821 117
2821 118
2821 119
2821 120
2821 121
2821 122
2821 123
2821 124
2821 125
2821 126
2821 127
2821 128
2821 129
2822 126
2822 127
2822 128
2822 129
2822 130
2822 131
2822 132
2822 133
2822 134
2822 135
2822 136
2822 137
2823 139
2823 140
2823 141
2832 98
2832 99
2832 100
2832 101
2832 102
2832 103
2832 104
2832 105
2832 106
2832 107
2832 108
2833 105
2833 106
2833 107
2833 108
2833 109
2833 110
2833 111
2833 112
2833 113
2833 114
2833 115
2833 116
2833 117
2833 118
2834 113
2834 114
2834 115
2834 116
2834 117
2834 118
2834 119
2834 120
2834 121
2834 122
2834 123
2834 124
2834 125
2834 126
2834 127
2835 122
2835 123
2835 124
2835 125
2835 126
2835 127
2835 128
2835 129
2835 130
2835 131
2835 132
2835 133
2835 134
2835 135
2836 133
2836 134
2836 135
2836 136
2836 137
2836 138
2836 139
2836 140
2836 141
2845 96
2845 97
2845 98
2845 99
2845 100
2845 101
2845 102
2845 103
2845 104
2845 105
2846 102
2846 103
2846 104
2846 105
2846 106
2846 107
2846 108
2846 109
2846 110
2846 111
2846 112
2846 113
2846 114
2846 115
2846 116
2847 110
2847 111
2847 112
2847 113
2847 114
2847 115
2847 116
2847 117
2847 118
2847 119
2847 120
2847 121
2847 122
2847 123
2847 124
2847 125
2848 119
2848 120
2848 121
2848 122
2848 123
2848 124
2848 125
2848 126
2848 127
2848 128
2848 129
2848 130
2848 131
2848 132
2848 133
2849 129
2849 130
2849 131
2849 132
2849 133
2849 134
2849 135
2849 136
2849 137
2849 138
2849 139
2849 140
2850 141
2850 142
2850 143
2850 144
2850 145
2858 95
2858 96
2858 97
2858 98
2858 99
2858 100
2859 100
2859 101
2859 102
2859 103
2859 104
2859 105
2859 106
2859 107
2859 108
2859 109
2859 110
2859 111
2859 112
2860 107
2860 108
2860 109
2860 110
2860 111
2860 112
2860 113
2860 114
2860 115
2860 116
2860 117
2860 118
2860 119
2860 120
2860 121
2860 122
2861 115
2861 116
2861 117
2861 118
2861 119
2861 120
2861 121
2861 122
2861 123
2861 124
2861 125
2861 126
2861 127
2861 128
2861 129
2861 130
2861 131
2862 125
2862 126
2862 127
2862 128
2862 129
2862 130
2862 131
2862 132
2862 133
2862 134
2862 135
2862 136
2862 137
2862 138
2862 139
2863 136
2863 137
2863 138
2863 139
2863 140
2863 141
2863 142
2863 143
2863 144
2863 145
2872 98
2872 99
2872 100
2872 101
2872 102
2872 103
2872 104
2872 105
2872 106
2872 107
2872 108
2872 109
2873 104
2873 105
2873 106
2873 107
2873 108
2873 109
2873 110
2873 111
2873 112
2873 113
2873 114
2873 115
2873 116
2873 117
2873 118
2873 119
2874 113
2874 114
2874 115
2874 116
2874 117
2874 118
2874 119
2874 120
2874 121
2874 122
2874 123
2874 124
2874 125
2874 126
2874 127
2874 128
2875 122
2875 123
2875 124
2875 125
2875 126
2875 127
2875 128
2875 129
2875 130
2875 131
2875 132
2875 133
2875 134
2875 135
2875 136
2876 132
2876 133
2876 134
2876 135
2876 136
2876 137
2876 138
2876 139
2876 140
2876 141
2876 142
2876 143
2877 146
2877 147
2885 96
2885 97
2885 98
2885 99
2885 100
2885 101
2885 102
2885 103
2885 104
2885 105
2886 102
2886 103
2886 104
2886 105
2886 106
2886 107
2886 108
2886 109
2886 110
2886 111
2886 112
2886 113
2886 114
2886 115
2886 116
2887 110
2887 111
2887 112
2887 113
2887 114
2887 115
2887 116
2887 117
2887 118
2887 119
2887 120
2887 121
2887 122
2887 123
2887 124
2887 125
2887 126
2888 119
2888 120
2888 121
2888 122
2888 123
2888 124
2888 125
2888 126
2888 127
2888 128
2888 129
2888 130
2888 131
2888 132
2888 133
2888 134
2889 128
2889 129
2889 130
2889 131
2889 132
2889 133
2889 134
2889 135
2889 136
2889 137
2889 138
2889 139
2889 140
2889 141
2890 140
2890 141
2890 142
2890 143
2890 144
2890 145
2890 146
2890 147
2898 96
2898 97
2898 98
2898 99
2898 100
2899 100
2899 101
2899 102
2899 103
2899 104
2899 105
2899 106
2899 107
2899 108
2899 109
2899 110
2899 111
2899 112
2899 113
2900 107
2900 108
2900 109
2900 110
2900 111
2900 112
2900 113
2900 114
2900 115
2900 116
2900 117
2900 118
2900 119
2900 120
2900 121
2900 122
2900 123
2901 116
2901 117
2901 118
2901 119
2901 120
2901 121
2901 122
2901 123
2901 124
2901 125
2901 126
2901 127
2901 128
2901 129
2901 130
2901 131
2901 132
2902 125
2902 126
2902 127
2902 128
2902 129
2902 130
2902 131
2902 132
2902 133
2902 134
2902 135
2902 136
2902 137
2902 138
2902 139
2903 136
2903 137
2903 138
2903 139
2903 140
2903 141
2903 142
2903 143
2903 144
2903 145
2903 146
2912 99
2912 100
2912 101
2912 102
2912 103
2912 104
2912 105
2912 106
2912 107
2912 108
2912 109
2913 105
2913 106
2913 107
2913 108
2913 109
2913 110
2913 111
2913 112
2913 113
2913 114
2913 115
2913 116
2913 117
2913 118
2913 119
2913 120
2914 113
2914 114
2914 115
2914 116
2914 117
2914 118
2914 119
2914 120
2914 121
2914 122
2914 123
2914 124
2914 125
2914 126
2914 127
2914 128
2914 129
2915 122
2915 123
2915 124
2915 125
2915 126
2915 127
2915 128
2915 129
2915 130
2915 131
2915 132
2915 133
2915 134
2915 135
2915 136
2915 137
2916 132
2916 133
2916 134
2916 135
2916 136
2916 137
2916 138
2916 139
2916 140
2916 141
2916 142
2916 143
2916 144
2917 145
2917 146
2917 147
2917 148
2925 98
2925 99
2925 100
2925 101
2925 102
2925 103
2925 104
2926 103
2926 104
2926 105
2926 106
2926 107
2926 108
2926 109
2926 110
2926 111
2926 112
2926 113
2926 114
2926 115
2926 116
2927 111
2927 112
2927 113
2927 114
2927 115
2927 116
2927 117
2927 118
2927 119
2927 120
2927 121
2927 122
2927 123
2927 124
2927 125
2927 126
2928 119
2928 120
2928 121
2928 122
2928 123
2928 124
2928 125
2928 126
2928 127
2928 128
2928 129
2928 130
2928 131
2928 132
2928 133
2928 134
2929 129
2929 130
2929 131
2929 132
2929 133
2929 134
2929 135
2929 136
2929 137
2929 138
2929 139
2929 140
2929 141
2929 142
2930 141
2930 142
2930 143
2930 144
2930 145
2930 146
2930 147
2939 102
2939 103
2939 104
2939 105
2939 106
2939 107
2939 108
2939 109
2939 110
2939 111
2939 112
2940 109
2940 110
2940 111
2940 112
2940 113
2940 114
2940 115
2940 116
2940 117
2940 118
2940 119
2940 120
2940 121
2940 122
2941 117
2941 118
2941 119
2941 120
2941 121
2941 122
2941 123
2941 124
2941 125
2941 126
2941 127
2941 128
2941 129
2941 130
2941 131
2942 126
2942 127
2942 128
2942 129
2942 130
2942 131
2942 132
2942 133
2942 134
2942 135
2942 136
2942 137
2942 138
2942 139
2943 137
2943 138
2943 139
2943 140
2943 141
2943 142
2943 143
2943 144
2943 145
2952 102
2952 103
2952 104
2952 105
2952 106
2952 107
2953 107
2953 108
2953 109
2953 110
2953 111
2953 112
2953 113
2953 114
2953 115
2953 116
2953 117
2953 118
2953 119
2954 115
2954 116
2954 117
2954 118
2954 119
2954 120
2954 121
2954 122
2954 123
2954 124
2954 125
2954 126
2954 127
2954 128
2955 124
2955 125
2955 126
2955 127
2955 128
2955 129
2955 130
2955 131
2955 132
2955 133
2955 134
2955 135
2955 136
2956 134
2956 135
2956 136
2956 137
2956 138
2956 139
2956 140
2956 141
2956 142
2956 143
2966 106
2966 107
2966 108
2966 109
2966 110
2966 111
2966 112
2966 113
2966 114
2966 115
2967 113
2967 114
2967 115
2967 116
2967 117
2967 118
2967 119
2967 120
2967 121
2967 122
2967 123
2967 124
2967 125
2968 121
2968 122
2968 123
2968 124
2968 125
2968 126
2968 127
2968 128
2968 129
2968 130
2968 131
2968 132
2968 133
2969 131
2969 132
2969 133
2969 134
2969 135
2969 136
2969 137
2969 138
2969 139
2969 140
2979 107
2979 108
2980 111
2980 112
2980 113
2980 114
2980 115
2980 116
2980 117
2980 118
2980 119
2980 120
2980 121
2981 119
2981 120
2981 121
2981 122
2981 123
2981 124
2981 125
2981 126
2981 127
2981 128
2981 129
2981 130
2982 129
2982 130
2982 131
2982 132
2982 133
2982 134
2982 135
2982 136
2982 137
2993 111
2993 112
2993 113
2993 114
2993 115
2994 118
2994 119
2994 120
2994 121
2994 122
2994 123
2994 124
2994 125
2994 126
2995 127
2995 128
2995 129
2995 130
2995 131
2995 132
2995 133
2995 134
3007 119
3007 120
3008 127
3008 128
3467 336
3467 337
3467 338
3480 332
3480 333
3480 334
3480 335
3480 336
3480 337
3481 339
3481 340
3481 341
3481 342
3481 343
3481 344
3481 345
3493 328
3493 329
3493 330
3493 331
3493 332
3493 333
3493 334
3493 335
3494 335
3494 336
3494 337
3494 338
3494 339
3494 340
3494 341
3494 342
3494 343
3494 344
3495 345
3495 346
3495 347
3495 348
3495 349
3495 350
3506 326
3506 327
3506 328
3506 329
3506 330
3506 331
3506 332
3507 332
3507 333
3507 334
3507 335
3507 336
3507 337
3507 338
3507 339
3507 340
3507 341
3507 342
3508 340
3508 341
3508 342
3508 343
3508 344
3508 345
3508 346
3508 347
3508 348
3508 349
3508 350
3519 323
3519 324
3519 325
3519 326
3519 327
3519 328
3519 329
3519 330
3520 329
3520 330
3520 331
3520 332
3520 333
3520 334
3520 335
3520 336
3520 337
3520 338
3520 339
3520 340
3521 336
3521 337
3521 338
3521 339
3521 340
3521 341
3521 342
3521 343
3521 344
3521 345
3521 346
3521 347
3521 348
3522 347
3522 348
3522 349
3522 350
3522 351
3522 352
3522 353
3522 354
3532 322
3532 323
3532 324
3532 325
3532 326
3533 326
3533 327
3533 328
3533 329
3533 330
3533 331
3533 332
3533 333
3533 334
3533 335
3533 336
3533 337
3533 338
3534 333
3534 334
3534 335
3534 336
3534 337
3534 338
3534 339
3534 340
3534 341
3534 342
3534 343
3534 344
3534 345
3534 346
3534 347
3535 343
3535 344
3535 345
3535 346
3535 347
3535 348
3535 349
3535 350
3535 351
3535 352
3535 353
3545 321
3545 322
3546 323
3546 324
3546 325
3546 326
3546 327
3546 328
3546 329
3546 330
3546 331
3546 332
3546 333
3546 334
3546 335
3547 330
3547 331
3547 332
3547 333
3547 334
3547 335
3547 336
3547 337
3547 338
3547 339
3547 340
3547 341
3547 342
3547 343
3547 344
3547 345
3548 339
3548 340
3548 341
3548 342
3548 343
3548 344
3548 345
3548 346
3548 347
3548 348
3548 349
3548 350
3548 351
3548 352
3549 351
3549 352
3549 353
3549 354
3549 355
3549 356
3559 321
3559 322
3559 323
3559 324
3559 325
3559 326
3559 327
3559 328
3559 329
3559 330
3559 331
3559 332
3559 333
3560 327
3560 328
3560 329
3560 330
3560 331
3560 332
3560 333
3560 334
3560 335
3560 336
3560 337
3560 338
3560 339
3560 340
3560 341
3560 342
3561 336
3561 337
3561 338
3561 339
3561 340
3561 341
3561 342
3561 343
3561 344
3561 345
3561 346
3561 347
3561 348
3561 349
3561 350
3562 346
3562 347
3562 348
3562 349
3562 350
3562 351
3562 352
3562 353
3562 354
3562 355
3562 356
3572 319
3572 320
3572 321
3572 322
3572 323
3572 324
3572 325
3572 326
3572 327
3572 328
3572 329
3572 330
3573 325
3573 326
3573 327
3573 328
3573 329
3573 330
3573 331
3573 332
3573 333
3573 334
3573 335
3573 336
3573 337
3573 338
3573 339
3573 340
3574 332
3574 333
3574 334
3574 335
3574 336
3574 337
3574 338
3574 339
3574 340
3574 341
3574 342
3574 343
3574 344
3574 345
3574 346
3574 347
3574 348
3575 342
3575 343
3575 344
3575 345
3575 346
3575 347
3575 348
3575 349
3575 350
3575 351
3575 352
3575 353
3575 354
3575 355
3585 317
3585 318
3585 319
3585 320
3585 321
3585 322
3585 323
3585 324
3585 325
3585 326
3585 327
3586 322
3586 323
3586 324
3586 325
3586 326
3586 327
3586 328
3586 329
3586 330
3586 331
3586 332
3586 333
3586 334
3586 335
3586 336
3586 337
3587 330
3587 331
3587 332
3587 333
3587 334
3587 335
3587 336
3587 337
3587 338
3587 339
3587 340
3587 341
3587 342
3587 343
3587 344
3587 345
3587 346
3588 339
3588 340
3588 341
3588 342
3588 343
3588 344
3588 345
3588 346
3588 347
3588 348
3588 349
3588 350
3588 351
3588 352
3588 353
3589 350
3589 351
3589 352
3589 353
3589 354
3589 355
3589 356
3589 357
3589 358
3598 315
3598 316
3598 317
3598 318
3598 319
3598 320
3598 321
3598 322
3598 323
3599 320
3599 321
3599 322
3599 323
3599 324
3599 325
3599 326
3599 327
3599 328
3599 329
3599 330
3599 331
3599 332
3599 333
3599 334
3600 327
3600 328
3600 329
3600 330
3600 331
3600 332
3600 333
3600 334
3600 335
3600 336
3600 337
3600 338
3600 339
3600 340
3600 341
3600 342
3600 343
3600 344
3601 335
3601 336
3601 337
3601 338
3601 339
3601 340
3601 341
3601 342
3601 343
3601 344
3601 345
3601 346
3601 347
3601 348
3601 349
3601 350
3601 351
3602 346
3602 347
3602 348
3602 349
3602 350
3602 351
3602 352
3602 353
3602 354
3602 355
3602 356
3602 357
3611 314
3611 315
3611 316
3611 317
3611 318
3611 319
3612 317
3612 318
3612 319
3612 320
3612 321
3612 322
3612 323
3612 324
3612 325
3612 326
3612 327
3612 328
3612 329
3612 330
3612 331
3613 324
3613 325
3613 326
3613 327
3613 328
3613 329
3613 330
3613 331
3613 332
3613 333
3613 334
3613 335
3613 336
3613 337
3613 338
3613 339
3613 340
3613 341
3614 332
3614 333
3614 334
3614 335
3614 336
3614 337
3614 338
3614 339
3614 340
3614 341
3614 342
3614 343
3614 344
3614 345
3614 346
3614 347
3614 348
3614 349
3615 342
3615 343
3615 344
3615 345
3615 346
3615 347
3615 348
3615 349
3615 350
3615 351
3615 352
3615 353
3615 354
3615 355
3615 356
3625 315
3625 316
3625 317
3625 318
3625 319
3625 320
3625 321
3625 322
3625 323
3625 324
3625 325
3625 326
3625 327
3625 328
3626 321
3626 322
3626 323
3626 324
3626 325
3626 326
3626 327
3626 328
3626 329
3626 330
3626 331
3626 332
3626 333
3626 334
3626 335
3626 336
3626 337
3626 338
3627 329
3627 330
3627 331
3627 332
3627 333
3627 334
3627 335
3627 336
3627 337
3627 338
3627 339
3627 340
3627 341
3627 342
3627 343
3627 344
3627 345
3627 346
3627 347
3628 339
3628 340
3628 341
3628 342
3628 343
3628 344
3628 345
3628 346
3628 347
3628 348
3628 349
3628 350
3628 351
3628 352
3628 353
3628 354
3629 351
3629 352
3629 353
3629 354
3629 355
3629 356
3629 357
3629 358
3638 313
3638 314
3638 315
3638 316
3638 317
3638 318
3638 319
3638 320
3638 321
3638 322
3638 323
3638 324
3638 325
3639 319
3639 320
3639 321
3639 322
3639 323
3639 324
3639 325
3639 326
3639 327
3639 328
3639 329
3639 330
3639 331
3639 332
3639 333
3639 334
3639 335
3639 336
3640 327
3640 328
3640 329
3640 330
3640 331
3640 332
3640 333
3640 334
3640 335
3640 336
3640 337
3640 338
3640 339
3640 340
3640 341
3640 342
3640 343
3640 344
3641 336
3641 337
3641 338
3641 339
3641 340
3641 341
3641 342
3641 343
3641 344
3641 345
3641 346
3641 347
3641 348
3641 349
3641 350
3641 351
3641 352
3642 347
3642 348
3642 349
3642 350
3642 351
3642 352
3642 353
3642 354
3642 355
3642 356
3642 357
3642 358
3651 312
3651 313
3651 314
3651 315
3651 316
3651 317
3651 318
3651 319
3651 320
3651 321
3652 317
3652 318
3652 319
3652 320
3652 321
3652 322
3652 323
3652 324
3652 325
3652 326
3652 327
3652 328
3652 329
3652 330
3652 331
3652 332
3652 333
3653 324
3653 325
3653 326
3653 327
3653 328
3653 329
3653 330
3653 331
3653 332
3653 333
3653 334
3653 335
3653 336
3653 337
3653 338
3653 339
3653 340
3653 341
3653 342
3654 333
3654 334
3654 335
3654 336
3654 337
3654 338
3654 339
3654 340
3654 341
3654 342
3654 343
3654 344
3654 345
3654 346
3654 347
3654 348
3654 349
3654 350
3655 343
3655 344
3655 345
3655 346
3655 347
3655 348
3655 349
3655 350
3655 351
3655 352
3655 353
3655 354
3655 355
3655 356
3664 311
3664 312
3664 313
3664 314
3664 315
3664 316
3664 317
3665 315
3665 316
3665 317
3665 318
3665 319
3665 320
3665 321
3665 322
3665 323
3665 324
3665 325
3665 326
3665 327
3665 328
3665 329
3666 322
3666 323
3666 324
3666 325
3666 326
3666 327
3666 328
3666 329
3666 330
3666 331
3666 332
3666 333
3666 334
3666 335
3666 336
3666 337
3666 338
3666 339
3667 330
3667 331
3667 332
3667 333
3667 334
3667 335
3667 336
3667 337
3667 338
3667 339
3667 340
3667 341
3667 342
3667 343
3667 344
3667 345
3667 346
3667 347
3668 340
3668 341
3668 342
3668 343
3668 344
3668 345
3668 346
3668 347
3668 348
3668 349
3668 350
3668 351
3668 352
3668 353
3668 354
3669 353
3669 354
3669 355
3669 356
3669 357
3669 358
3678 313
3678 314
3678 315
3678 316
3678 317
3678 318
3678 319
3678 320
3678 321
3678 322
3678 323
3678 324
3678 325
3678 326
3679 319
3679 320
3679 321
3679 322
3679 323
3679 324
3679 325
3679 326
3679 327
3679 328
3679 329
3679 330
3679 331
3679 332
3679 333
3679 334
3679 335
3679 336
3680 327
3680 328
3680 329
3680 330
3680 331
3680 332
3680 333
3680 334
3680 335
3680 336
3680 337
3680 338
3680 339
3680 340
3680 341
3680 342
3680 343
3680 344
3680 345
3681 337
3681 338
3681 339
3681 340
3681 341
3681 342
3681 343
3681 344
3681 345
3681 346
3681 347
3681 348
3681 349
3681 350
3681 351
3681 352
3682 348
3682 349
3682 350
3682 351
3682 352
3682 353
3682 354
3682 355
3682 356
3682 357
3691 311
3691 312
3691 313
3691 314
3691 315
3691 316
3691 317
3691 318
3691 319
3691 320
3691 321
3691 322
3692 317
3692 318
3692 319
3692 320
3692 321
3692 322
3692 323
3692 324
3692 325
3692 326
3692 327
3692 328
3692 329
3692 330
3692 331
3692 332
3692 333
3693 325
3693 326
3693 327
3693 328
3693 329
3693 330
3693 331
3693 332
3693 333
3693 334
3693 335
3693 336
3693 337
3693 338
3693 339
3693 340
3693 341
3693 342
3694 334
3694 335
3694 336
3694 337
3694 338
3694 339
3694 340
3694 341
3694 342
3694 343
3694 344
3694 345
3694 346
3694 347
3694 348
3694 349
3694 350
3695 345
3695 346
3695 347
3695 348
3695 349
3695 350
3695 351
3695 352
3695 353
3695 354
3695 355
3695 356
3704 310
3704 311
3704 312
3704 313
3704 314
3704 315
3704 316
3704 317
3704 318
3705 315
3705 316
3705 317
3705 318
3705 319
3705 320
3705 321
3705 322
3705 323
3705 324
3705 325
3705 326
3705 327
3705 328
3705 329
3705 330
3706 322
3706 323
3706 324
3706 325
3706 326
3706 327
3706 328
3706 329
3706 330
3706 331
3706 332
3706 333
3706 334
3706 335
3706 336
3706 337
3706 338
3706 339
3707 331
3707 332
3707 333
3707 334
3707 335
3707 336
3707 337
3707 338
3707 339
3707 340
3707 341
3707 342
3707 343
3707 344
3707 345
3707 346
3707 347
3708 341
3708 342
3708 343
3708 344
3708 345
3708 346
3708 347
3708 348
3708 349
3708 350
3708 351
3708 352
3708 353
3708 354
3717 310
3717 311
3717 312
3717 313
3718 313
3718 314
3718 315
3718 316
3718 317
3718 318
3718 319
3718 320
3718 321
3718 322
3718 323
3718 324
3718 325
3718 326
3719 320
3719 321
3719 322
3719 323
3719 324
3719 325
3719 326
3719 327
3719 328
3719 329
3719 330
3719 331
3719 332
3719 333
3719 334
3719 335
3719 336
3720 328
3720 329
3720 330
3720 331
3720 332
3720 333
3720 334
3720 335
3720 336
3720 337
3720 338
3720 339
3720 340
3720 341
3720 342
3720 343
3720 344
3720 345
3721 338
3721 339
3721 340
3721 341
3721 342
3721 343
3721 344
3721 345
3721 346
3721 347
3721 348
3721 349
3721 350
3721 351
3721 352
3722 353
3722 354
3731 311
3731 312
3731 313
3731 314
3731 315
3731 316
3731 317
3731 318
3731 319
3731 320
3731 321
3731 322
3731 323
3732 317
3732 318
3732 319
3732 320
3732 321
3732 322
3732 323
3732 324
3732 325
3732 326
3732 327
3732 328
3732 329
3732 330
3732 331
3732 332
3732 333
3733 326
3733 327
3733 328
3733 329
3733 330
3733 331
3733 332
3733 333
3733 334
3733 335
3733 336
3733 337
3733 338
3733 339
3733 340
3733 341
3733 342
3734 335
3734 336
3734 337
3734 338
3734 339
3734 340
3734 341
3734 342
3734 343
3734 344
3734 345
3734 346
3734 347
3734 348
3734 349
3735 348
3735 349
3735 350
3735 351
3735 352
3735 353
3735 354
3744 310
3744 311
3744 312
3744 313
3744 314
3744 315
3744 316
3744 317
3744 318
3744 319
3745 315
3745 316
3745 317
3745 318
3745 319
3745 320
3745 321
3745 322
3745 323
3745 324
3745 325
3745 326
3745 327
3745 328
3745 329
3745 330
3746 323
3746 324
3746 325
3746 326
3746 327
3746 328
3746 329
3746 330
3746 331
3746 332
3746 333
3746 334
3746 335
3746 336
3746 337
3746 338
3746 339
3747 333
3747 334
3747 335
3747 336
3747 337
3747 338
3747 339
3747 340
3747 341
3747 342
3747 343
3747 344
3747 345
3747 346
3747 347
3748 344
3748 345
3748 346
3748 347
3748 348
3748 349
3748 350
3748 351
3748 352
3757 310
3757 311
3757 312
3757 313
3758 314
3758 315
3758 316
3758 317
3758 318
3758 319
3758 320
3758 321
3758 322
3758 323
3758 324
3758 325
3758 326
3759 321
3759 322
3759 323
3759 324
3759 325
3759 326
3759 327
3759 328
3759 329
3759 330
3759 331
3759 332
3759 333
3759 334
3759 335
3759 336
3760 330
3760 331
3760 332
3760 333
3760 334
3760 335
3760 336
3760 337
3760 338
3760 339
3760 340
3760 341
3760 342
3760 343
3760 344
3761 341
3761 342
3761 343
3761 344
3761 345
3761 346
3761 347
3761 348
3761 349
3761 350
3771 312
3771 313
3771 314
3771 315
3771 316
3771 317
3771 318
3771 319
3771 320
3771 321
3771 322
3772 319
3772 320
3772 321
3772 322
3772 323
3772 324
3772 325
3772 326
3772 327
3772 328
3772 329
3772 330
3772 331
3772 332
3772 333
3773 328
3773 329
3773 330
3773 331
3773 332
3773 333
3773 334
3773 335
3773 336
3773 337
3773 338
3773 339
3773 340
3773 341
3774 338
3774 339
3774 340
3774 341
3774 342
3774 343
3774 344
3774 345
3774 346
3774 347
3774 348
3784 311
3784 312
3784 313
3784 314
3784 315
3784 316
3784 317
3784 318
3785 317
3785 318
3785 319
3785 320
3785 321
3785 322
3785 323
3785 324
3785 325
3785 326
3785 327
3785 328
3785 329
3786 325
3786 326
3786 327
3786 328
3786 329
3786 330
3786 331
3786 332
3786 333
3786 334
3786 335
3786 336
3786 337
3786 338
3787 336
3787 337
3787 338
3787 339
3787 340
3787 341
3787 342
3787 343
3787 344
3787 345
3798 316
3798 317
3798 318
3798 319
3798 320
3798 321
3798 322
3798 323
3798 324
3798 325
3799 323
3799 324
3799 325
3799 326
3799 327
3799 328
3799 329
3799 330
3799 331
3799 332
3799 333
3799 334
3799 335
3800 333
3800 334
3800 335
3800 336
3800 337
3800 338
3800 339
3800 340
3800 341
3800 342
3811 315
3811 316
3811 317
3811 318
3811 319
3811 320
3812 322
3812 323
3812 324
3812 325
3812 326
3812 327
3812 328
3812 329
3812 330
3812 331
3813 331
3813 332
3813 333
3813 334
3813 335
3813 336
3813 337
3813 338
3813 339
3825 320
3825 321
3825 322
3825 323
3825 324
3825 325
3825 326
3825 327
3826 329
3826 330
3826 331
3826 332
3826 333
3826 334
3826 335
