0 251
0 252
0 253
0 254
0 255
0 256
0 257
0 258
0 259
0 260
0 261
0 262
0 263
0 264
0 265
0 266
0 267
2 250
2 251
2 252
2 253
2 254
2 255
2 256
2 257
2 258
2 259
2 260
2 261
2 262
2 263
2 264
2 265
2 266
4 248
4 249
4 250
4 251
4 252
4 253
4 254
4 255
4 256
4 257
4 258
4 259
4 260
4 261
4 262
4 263
4 264
6 247
6 248
6 249
6 250
6 251
6 252
6 253
6 254
6 255
6 256
6 257
6 258
6 259
6 260
6 261
6 262
6 263
8 245
8 246
8 247
8 248
8 249
8 250
8 251
8 252
8 253
8 254
8 255
8 256
8 257
8 258
8 259
8 260
8 261
8 262
10 243
10 244
10 245
10 246
10 247
10 248
10 249
10 250
10 251
10 252
10 253
10 254
10 255
10 256
10 257
10 258
10 259
10 260
12 242
12 243
12 244
12 245
12 246
12 247
12 248
12 249
12 250
12 251
12 252
12 253
12 254
12 255
12 256
12 257
12 258
12 259
14 240
14 241
14 242
14 243
14 244
14 245
14 246
14 247
14 248
14 249
14 250
14 251
14 252
14 253
14 254
14 255
14 256
14 257
16 239
16 240
16 241
16 242
16 243
16 244
16 245
16 246
16 247
16 248
16 249
16 250
16 251
16 252
16 253
16 254
16 255
16 256
18 237
18 238
18 239
18 240
18 241
18 242
18 243
18 244
18 245
18 246
18 247
18 248
18 249
18 250
18 251
18 252
18 253
18 254
20 236
20 237
20 238
20 239
20 240
20 241
20 242
20 243
20 244
20 245
20 246
20 247
20 248
20 249
20 250
20 251
20 252
20 253
22 234
22 235
22 236
22 237
22 238
22 239
22 240
22 241
22 242
22 243
22 244
22 245
22 246
22 247
22 248
22 249
22 250
22 251
24 233
24 234
24 235
24 236
24 237
24 238
24 239
24 240
24 241
24 242
24 243
24 244
24 245
24 246
24 247
24 248
24 249
24 250
26 232
26 233
26 234
26 235
26 236
26 237
26 238
26 239
26 240
26 241
26 242
26 243
26 244
26 245
26 246
26 247
26 248
28 230
28 231
28 232
28 233
28 234
28 235
28 236
28 237
28 238
28 239
28 240
28 241
28 242
28 243
28 244
28 245
28 246
28 247
30 229
30 230
30 231
30 232
30 233
30 234
30 235
30 236
30 237
30 238
30 239
30 240
30 241
30 242
30 243
30 244
30 245
32 227
32 228
32 229
32 230
32 231
32 232
32 233
32 234
32 235
32 236
32 237
32 238
32 239
32 240
32 241
32 242
32 243
33 283
33 284
33 285
33 286
33 287
34 226
34 227
34 228
34 229
34 230
34 231
34 232
34 233
34 234
34 235
34 236
34 237
34 238
34 239
34 240
34 241
34 242
35 280
35 281
35 282
35 283
35 284
35 285
35 286
35 287
36 224
36 225
36 226
36 227
36 228
36 229
36 230
36 231
36 232
36 233
36 234
36 235
36 236
36 237
36 238
36 239
36 240
37 278
37 279
37 280
37 281
37 282
37 283
37 284
37 285
37 286
38 223
38 224
38 225
38 226
38 227
38 228
38 229
38 230
38 231
38 232
38 233
38 234
38 235
38 236
38 237
38 238
38 239
39 276
39 277
39 278
39 279
39 280
39 281
39 282
39 283
39 284
39 285
40 222
40 223
40 224
40 225
40 226
40 227
40 228
40 229
40 230
40 231
40 232
40 233
40 234
40 235
40 236
40 237
41 274
41 275
41 276
41 277
41 278
41 279
41 280
41 281
41 282
41 283
41 284
42 221
42 222
42 223
42 224
42 225
42 226
42 227
42 228
42 229
42 230
42 231
42 232
42 233
42 234
42 235
43 272
43 273
43 274
43 275
43 276
43 277
43 278
43 279
43 280
43 281
43 282
43 283
44 219
44 220
44 221
44 222
44 223
44 224
44 225
44 226
44 227
44 228
44 229
44 230
44 231
44 232
44 233
44 234
45 270
45 271
45 272
45 273
45 274
45 275
45 276
45 277
45 278
45 279
45 280
45 281
45 282
46 218
46 219
46 220
46 221
46 222
46 223
46 224
46 225
46 226
46 227
46 228
46 229
46 230
46 231
46 232
47 268
47 269
47 270
47 271
47 272
47 273
47 274
47 275
47 276
47 277
47 278
47 279
47 280
47 281
48 217
48 218
48 219
48 220
48 221
48 222
48 223
48 224
48 225
48 226
48 227
48 228
48 229
48 230
49 266
49 267
49 268
49 269
49 270
49 271
49 272
49 273
49 274
49 275
49 276
49 277
49 278
49 279
49 280
50 215
50 216
50 217
50 218
50 219
50 220
50 221
50 222
50 223
50 224
50 225
50 226
50 227
50 228
50 229
51 265
51 266
51 267
51 268
51 269
51 270
51 271
51 272
51 273
51 274
51 275
51 276
51 277
51 278
51 279
52 214
52 215
52 216
52 217
52 218
52 219
52 220
52 221
52 222
52 223
52 224
52 225
52 226
52 227
53 263
53 264
53 265
53 266
53 267
53 268
53 269
53 270
53 271
53 272
53 273
53 274
53 275
53 276
53 277
53 278
54 213
54 214
54 215
54 216
54 217
54 218
54 219
54 220
54 221
54 222
54 223
54 224
54 225
55 261
55 262
55 263
55 264
55 265
55 266
55 267
55 268
55 269
55 270
55 271
55 272
55 273
55 274
55 275
55 276
56 212
56 213
56 214
56 215
56 216
56 217
56 218
56 219
56 220
56 221
56 222
56 223
57 259
57 260
57 261
57 262
57 263
57 264
57 265
57 266
57 267
57 268
57 269
57 270
57 271
57 272
57 273
57 274
57 275
58 211
58 212
58 213
58 214
58 215
58 216
58 217
58 218
58 219
58 220
58 221
58 222
59 258
59 259
59 260
59 261
59 262
59 263
59 264
59 265
59 266
59 267
59 268
59 269
59 270
59 271
59 272
59 273
59 274
60 210
60 211
60 212
60 213
60 214
60 215
60 216
60 217
60 218
60 219
60 220
61 256
61 257
61 258
61 259
61 260
61 261
61 262
61 263
61 264
61 265
61 266
61 267
61 268
61 269
61 270
61 271
61 272
61 273
62 209
62 210
62 211
62 212
62 213
62 214
62 215
62 216
62 217
62 218
63 254
63 255
63 256
63 257
63 258
63 259
63 260
63 261
63 262
63 263
63 264
63 265
63 266
63 267
63 268
63 269
63 270
63 271
64 208
64 209
64 210
64 211
64 212
64 213
64 214
64 215
64 216
65 253
65 254
65 255
65 256
65 257
65 258
65 259
65 260
65 261
65 262
65 263
65 264
65 265
65 266
65 267
65 268
65 269
65 270
66 208
66 209
66 210
66 211
66 212
66 213
66 214
67 251
67 252
67 253
67 254
67 255
67 256
67 257
67 258
67 259
67 260
67 261
67 262
67 263
67 264
67 265
67 266
67 267
67 268
68 207
68 208
68 209
68 210
68 211
69 249
69 250
69 251
69 252
69 253
69 254
69 255
69 256
69 257
69 258
69 259
69 260
69 261
69 262
69 263
69 264
69 265
69 266
69 267
70 208
71 248
71 249
71 250
71 251
71 252
71 253
71 254
71 255
71 256
71 257
71 258
71 259
71 260
71 261
71 262
71 263
71 264
71 265
71 266
73 246
73 247
73 248
73 249
73 250
73 251
73 252
73 253
73 254
73 255
73 256
73 257
73 258
73 259
73 260
73 261
73 262
73 263
73 264
75 245
75 246
75 247
75 248
75 249
75 250
75 251
75 252
75 253
75 254
75 255
75 256
75 257
75 258
75 259
75 260
75 261
75 262
75 263
77 243
77 244
77 245
77 246
77 247
77 248
77 249
77 250
77 251
77 252
77 253
77 254
77 255
77 256
77 257
77 258
77 259
77 260
77 261
79 242
79 243
79 244
79 245
79 246
79 247
79 248
79 249
79 250
79 251
79 252
79 253
79 254
79 255
79 256
79 257
79 258
79 259
79 260
81 240
81 241
81 242
81 243
81 244
81 245
81 246
81 247
81 248
81 249
81 250
81 251
81 252
81 253
81 254
81 255
81 256
81 257
81 258
81 259
83 239
83 240
83 241
83 242
83 243
83 244
83 245
83 246
83 247
83 248
83 249
83 250
83 251
83 252
83 253
83 254
83 255
83 256
83 257
85 237
85 238
85 239
85 240
85 241
85 242
85 243
85 244
85 245
85 246
85 247
85 248
85 249
85 250
85 251
85 252
85 253
85 254
85 255
85 256
87 236
87 237
87 238
87 239
87 240
87 241
87 242
87 243
87 244
87 245
87 246
87 247
87 248
87 249
87 250
87 251
87 252
87 253
87 254
89 234
89 235
89 236
89 237
89 238
89 239
89 240
89 241
89 242
89 243
89 244
89 245
89 246
89 247
89 248
89 249
89 250
89 251
89 252
89 253
91 233
91 234
91 235
91 236
91 237
91 238
91 239
91 240
91 241
91 242
91 243
91 244
91 245
91 246
91 247
91 248
91 249
91 250
91 251
93 231
93 232
93 233
93 234
93 235
93 236
93 237
93 238
93 239
93 240
93 241
93 242
93 243
93 244
93 245
93 246
93 247
93 248
93 249
93 250
95 230
95 231
95 232
95 233
95 234
95 235
95 236
95 237
95 238
95 239
95 240
95 241
95 242
95 243
95 244
95 245
95 246
95 247
95 248
97 228
97 229
97 230
97 231
97 232
97 233
97 234
97 235
97 236
97 237
97 238
97 239
97 240
97 241
97 242
97 243
97 244
97 245
97 246
97 247
99 227
99 228
99 229
99 230
99 231
99 232
99 233
99 234
99 235
99 236
99 237
99 238
99 239
99 240
99 241
99 242
99 243
99 244
99 245
101 226
101 227
101 228
101 229
101 230
101 231
101 232
101 233
101 234
101 235
101 236
101 237
101 238
101 239
101 240
101 241
101 242
101 243
101 244
103 224
103 225
103 226
103 227
103 228
103 229
103 230
103 231
103 232
103 233
103 234
103 235
103 236
103 237
103 238
103 239
103 240
103 241
103 242
104 282
104 283
105 223
105 224
105 225
105 226
105 227
105 228
105 229
105 230
105 231
105 232
105 233
105 234
105 235
105 236
105 237
105 238
105 239
105 240
106 278
106 279
106 280
106 281
106 282
106 283
107 222
107 223
107 224
107 225
107 226
107 227
107 228
107 229
107 230
107 231
107 232
107 233
107 234
107 235
107 236
107 237
107 238
107 239
108 276
108 277
108 278
108 279
108 280
108 281
108 282
108 283
109 221
109 222
109 223
109 224
109 225
109 226
109 227
109 228
109 229
109 230
109 231
109 232
109 233
109 234
109 235
109 236
109 237
110 274
110 275
110 276
110 277
110 278
110 279
110 280
110 281
110 282
111 219
111 220
111 221
111 222
111 223
111 224
111 225
111 226
111 227
111 228
111 229
111 230
111 231
111 232
111 233
111 234
111 235
111 236
112 272
112 273
112 274
112 275
112 276
112 277
112 278
112 279
112 280
112 281
113 218
113 219
113 220
113 221
113 222
113 223
113 224
113 225
113 226
113 227
113 228
113 229
113 230
113 231
113 232
113 233
113 234
114 270
114 271
114 272
114 273
114 274
114 275
114 276
114 277
114 278
114 279
114 280
115 217
115 218
115 219
115 220
115 221
115 222
115 223
115 224
115 225
115 226
115 227
115 228
115 229
115 230
115 231
115 232
116 268
116 269
116 270
116 271
116 272
116 273
116 274
116 275
116 276
116 277
116 278
116 279
117 216
117 217
117 218
117 219
117 220
117 221
117 222
117 223
117 224
117 225
117 226
117 227
117 228
117 229
117 230
117 231
118 266
118 267
118 268
118 269
118 270
118 271
118 272
118 273
118 274
118 275
118 276
118 277
118 278
119 215
119 216
119 217
119 218
119 219
119 220
119 221
119 222
119 223
119 224
119 225
119 226
119 227
119 228
119 229
120 264
120 265
120 266
120 267
120 268
120 269
120 270
120 271
120 272
120 273
120 274
120 275
120 276
120 277
121 213
121 214
121 215
121 216
121 217
121 218
121 219
121 220
121 221
121 222
121 223
121 224
121 225
121 226
121 227
122 262
122 263
122 264
122 265
122 266
122 267
122 268
122 269
122 270
122 271
122 272
122 273
122 274
122 275
122 276
123 212
123 213
123 214
123 215
123 216
123 217
123 218
123 219
123 220
123 221
123 222
123 223
123 224
123 225
124 260
124 261
124 262
124 263
124 264
124 265
124 266
124 267
124 268
124 269
124 270
124 271
124 272
124 273
124 274
124 275
125 211
125 212
125 213
125 214
125 215
125 216
125 217
125 218
125 219
125 220
125 221
125 222
125 223
125 224
126 259
126 260
126 261
126 262
126 263
126 264
126 265
126 266
126 267
126 268
126 269
126 270
126 271
126 272
126 273
127 210
127 211
127 212
127 213
127 214
127 215
127 216
127 217
127 218
127 219
127 220
127 221
127 222
128 257
128 258
128 259
128 260
128 261
128 262
128 263
128 264
128 265
128 266
128 267
128 268
128 269
128 270
128 271
128 272
129 210
129 211
129 212
129 213
129 214
129 215
129 216
129 217
129 218
129 219
129 220
130 255
130 256
130 257
130 258
130 259
130 260
130 261
130 262
130 263
130 264
130 265
130 266
130 267
130 268
130 269
130 270
130 271
131 209
131 210
131 211
131 212
131 213
131 214
131 215
131 216
131 217
131 218
132 254
132 255
132 256
132 257
132 258
132 259
132 260
132 261
132 262
132 263
132 264
132 265
132 266
132 267
132 268
132 269
132 270
133 208
133 209
133 210
133 211
133 212
133 213
133 214
133 215
133 216
134 252
134 253
134 254
134 255
134 256
134 257
134 258
134 259
134 260
134 261
134 262
134 263
134 264
134 265
134 266
134 267
134 268
135 207
135 208
135 209
135 210
135 211
135 212
135 213
135 214
136 250
136 251
136 252
136 253
136 254
136 255
136 256
136 257
136 258
136 259
136 260
136 261
136 262
136 263
136 264
136 265
136 266
136 267
137 207
137 208
137 209
137 210
137 211
137 212
138 249
138 250
138 251
138 252
138 253
138 254
138 255
138 256
138 257
138 258
138 259
138 260
138 261
138 262
138 263
138 264
138 265
138 266
139 207
139 208
140 247
140 248
140 249
140 250
140 251
140 252
140 253
140 254
140 255
140 256
140 257
140 258
140 259
140 260
140 261
140 262
140 263
140 264
142 246
142 247
142 248
142 249
142 250
142 251
142 252
142 253
142 254
142 255
142 256
142 257
142 258
142 259
142 260
142 261
142 262
142 263
144 244
144 245
144 246
144 247
144 248
144 249
144 250
144 251
144 252
144 253
144 254
144 255
144 256
144 257
144 258
144 259
144 260
144 261
146 243
146 244
146 245
146 246
146 247
146 248
146 249
146 250
146 251
146 252
146 253
146 254
146 255
146 256
146 257
146 258
146 259
146 260
148 241
148 242
148 243
148 244
148 245
148 246
148 247
148 248
148 249
148 250
148 251
148 252
148 253
148 254
148 255
148 256
148 257
148 258
148 259
150 240
150 241
150 242
150 243
150 244
150 245
150 246
150 247
150 248
150 249
150 250
150 251
150 252
150 253
150 254
150 255
150 256
150 257
152 238
152 239
152 240
152 241
152 242
152 243
152 244
152 245
152 246
152 247
152 248
152 249
152 250
152 251
152 252
152 253
152 254
152 255
152 256
154 237
154 238
154 239
154 240
154 241
154 242
154 243
154 244
154 245
154 246
154 247
154 248
154 249
154 250
154 251
154 252
154 253
154 254
156 235
156 236
156 237
156 238
156 239
156 240
156 241
156 242
156 243
156 244
156 245
156 246
156 247
156 248
156 249
156 250
156 251
156 252
156 253
158 234
158 235
158 236
158 237
158 238
158 239
158 240
158 241
158 242
158 243
158 244
158 245
158 246
158 247
158 248
158 249
158 250
158 251
160 233
160 234
160 235
160 236
160 237
160 238
160 239
160 240
160 241
160 242
160 243
160 244
160 245
160 246
160 247
160 248
160 249
160 250
162 231
162 232
162 233
162 234
162 235
162 236
162 237
162 238
162 239
162 240
162 241
162 242
162 243
162 244
162 245
162 246
162 247
162 248
164 230
164 231
164 232
164 233
164 234
164 235
164 236
164 237
164 238
164 239
164 240
164 241
164 242
164 243
164 244
164 245
164 246
164 247
166 228
166 229
166 230
166 231
166 232
166 233
166 234
166 235
166 236
166 237
166 238
166 239
166 240
166 241
166 242
166 243
166 244
166 245
168 227
168 228
168 229
168 230
168 231
168 232
168 233
168 234
168 235
168 236
168 237
168 238
168 239
168 240
168 241
168 242
168 243
168 244
170 226
170 227
170 228
170 229
170 230
170 231
170 232
170 233
170 234
170 235
170 236
170 237
170 238
170 239
170 240
170 241
170 242
172 225
172 226
172 227
172 228
172 229
172 230
172 231
172 232
172 233
172 234
172 235
172 236
172 237
172 238
172 239
172 240
172 241
174 223
174 224
174 225
174 226
174 227
174 228
174 229
174 230
174 231
174 232
174 233
174 234
174 235
174 236
174 237
174 238
174 239
176 222
176 223
176 224
176 225
176 226
176 227
176 228
176 229
176 230
176 231
176 232
176 233
176 234
176 235
176 236
176 237
178 221
178 222
178 223
178 224
178 225
178 226
178 227
178 228
178 229
178 230
178 231
178 232
178 233
178 234
178 235
178 236
180 220
180 221
180 222
180 223
180 224
180 225
180 226
180 227
180 228
180 229
180 230
180 231
180 232
180 233
180 234
182 219
182 220
182 221
182 222
182 223
182 224
182 225
182 226
182 227
182 228
182 229
182 230
182 231
182 232
182 233
183 272
183 273
183 274
184 218
184 219
184 220
184 221
184 222
184 223
184 224
184 225
184 226
184 227
184 228
184 229
184 230
184 231
185 270
185 271
185 272
185 273
185 274
186 217
186 218
186 219
186 220
186 221
186 222
186 223
186 224
186 225
186 226
186 227
186 228
186 229
187 267
187 268
187 269
187 270
187 271
187 272
187 273
188 216
188 217
188 218
188 219
188 220
188 221
188 222
188 223
188 224
188 225
188 226
188 227
189 265
189 266
189 267
189 268
189 269
189 270
189 271
189 272
190 215
190 216
190 217
190 218
190 219
190 220
190 221
190 222
190 223
190 224
190 225
190 226
191 263
191 264
191 265
191 266
191 267
191 268
191 269
191 270
191 271
191 272
192 214
192 215
192 216
192 217
192 218
192 219
192 220
192 221
192 222
192 223
192 224
193 261
193 262
193 263
193 264
193 265
193 266
193 267
193 268
193 269
193 270
193 271
194 213
194 214
194 215
194 216
194 217
194 218
194 219
194 220
194 221
194 222
195 260
195 261
195 262
195 263
195 264
195 265
195 266
195 267
195 268
195 269
196 213
196 214
196 215
196 216
196 217
196 218
196 219
196 220
197 258
197 259
197 260
197 261
197 262
197 263
197 264
197 265
197 266
197 267
197 268
198 212
198 213
198 214
198 215
198 216
198 217
198 218
199 256
199 257
199 258
199 259
199 260
199 261
199 262
199 263
199 264
199 265
199 266
199 267
200 212
200 213
200 214
200 215
201 255
201 256
201 257
201 258
201 259
201 260
201 261
201 262
201 263
201 264
201 265
201 266
203 253
203 254
203 255
203 256
203 257
203 258
203 259
203 260
203 261
203 262
203 263
203 264
203 265
205 251
205 252
205 253
205 254
205 255
205 256
205 257
205 258
205 259
205 260
205 261
205 262
205 263
207 250
207 251
207 252
207 253
207 254
207 255
207 256
207 257
207 258
207 259
207 260
207 261
207 262
209 248
209 249
209 250
209 251
209 252
209 253
209 254
209 255
209 256
209 257
209 258
209 259
209 260
209 261
211 247
211 248
211 249
211 250
211 251
211 252
211 253
211 254
211 255
211 256
211 257
211 258
211 259
211 260
213 245
213 246
213 247
213 248
213 249
213 250
213 251
213 252
213 253
213 254
213 255
213 256
213 257
213 258
215 244
215 245
215 246
215 247
215 248
215 249
215 250
215 251
215 252
215 253
215 254
215 255
215 256
215 257
217 242
217 243
217 244
217 245
217 246
217 247
217 248
217 249
217 250
217 251
217 252
217 253
217 254
217 255
219 241
219 242
219 243
219 244
219 245
219 246
219 247
219 248
219 249
219 250
219 251
219 252
219 253
219 254
221 239
221 240
221 241
221 242
221 243
221 244
221 245
221 246
221 247
221 248
221 249
221 250
221 251
221 252
221 253
223 238
223 239
223 240
223 241
223 242
223 243
223 244
223 245
223 246
223 247
223 248
223 249
223 250
223 251
225 237
225 238
225 239
225 240
225 241
225 242
225 243
225 244
225 245
225 246
225 247
225 248
225 249
225 250
227 235
227 236
227 237
227 238
227 239
227 240
227 241
227 242
227 243
227 244
227 245
227 246
227 247
227 248
229 234
229 235
229 236
229 237
229 238
229 239
229 240
229 241
229 242
229 243
229 244
229 245
229 246
229 247
231 233
231 234
231 235
231 236
231 237
231 238
231 239
231 240
231 241
231 242
231 243
231 244
231 245
233 232
233 233
233 234
233 235
233 236
233 237
233 238
233 239
233 240
233 241
233 242
233 243
233 244
235 230
235 231
235 232
235 233
235 234
235 235
235 236
235 237
235 238
235 239
235 240
235 241
235 242
237 229
237 230
237 231
237 232
237 233
237 234
237 235
237 236
237 237
237 238
237 239
237 240
239 228
239 229
239 230
239 231
239 232
239 233
239 234
239 235
239 236
239 237
239 238
239 239
241 227
241 228
241 229
241 230
241 231
241 232
241 233
241 234
241 235
241 236
241 237
243 226
243 227
243 228
243 229
243 230
243 231
243 232
243 233
243 234
243 235
245 225
245 226
245 227
245 228
245 229
245 230
245 231
245 232
245 233
245 234
247 224
247 225
247 226
247 227
247 228
247 229
247 230
247 231
247 232
249 223
249 224
249 225
249 226
249 227
249 228
249 229
249 230
251 223
251 224
251 225
251 226
251 227
251 228
253 222
253 223
253 224
253 225
253 226
4058 119
4058 120
4060 117
4060 118
4060 119
4062 116
4062 117
4062 118
4064 114
4064 115
4064 116
4064 117
4066 113
4066 114
4066 115
4068 112
4068 113
4294 274
4294 275
4294 276
4296 272
4296 273
4296 274
4296 275
4298 270
4298 271
4298 272
4298 273
4298 274
4298 275
4300 268
4300 269
4300 270
4300 271
4300 272
4300 273
4300 274
4302 266
4302 267
4302 268
4302 269
4302 270
4302 271
4302 272
4302 273
4304 264
4304 265
4304 266
4304 267
4304 268
4304 269
4304 270
4304 271
4306 262
4306 263
4306 264
4306 265
4306 266
4306 267
4306 268
4306 269
4306 270
4308 261
4308 262
4308 263
4308 264
4308 265
4308 266
4308 267
4308 268
4308 269
4310 259
4310 260
4310 261
4310 262
4310 263
4310 264
4310 265
4310 266
4310 267
4310 268
4312 257
4312 258
4312 259
4312 260
4312 261
4312 262
4312 263
4312 264
4312 265
4312 266
4314 256
4314 257
4314 258
4314 259
4314 260
4314 261
4314 262
4314 263
4314 264
4314 265
4316 254
4316 255
4316 256
4316 257
4316 258
4316 259
4316 260
4316 261
4316 262
4316 263
4316 264
4318 252
4318 253
4318 254
4318 255
4318 256
4318 257
4318 258
4318 259
4318 260
4318 261
4318 262
4320 251
4320 252
4320 253
4320 254
4320 255
4320 256
4320 257
4320 258
4320 259
4320 260
4320 261
4322 249
4322 250
4322 251
4322 252
4322 253
4322 254
4322 255
4322 256
4322 257
4322 258
4322 259
4322 260
4324 248
4324 249
4324 250
4324 251
4324 252
4324 253
4324 254
4324 255
4324 256
4324 257
4324 258
4326 246
4326 247
4326 248
4326 249
4326 250
4326 251
4326 252
4326 253
4326 254
4326 255
4326 256
4326 257
4328 244
4328 245
4328 246
4328 247
4328 248
4328 249
4328 250
4328 251
4328 252
4328 253
4328 254
4328 255
4330 243
4330 244
4330 245
4330 246
4330 247
4330 248
4330 249
4330 250
4330 251
4330 252
4330 253
4330 254
4332 241
4332 242
4332 243
4332 244
4332 245
4332 246
4332 247
4332 248
4332 249
4332 250
4332 251
4332 252
4334 240
4334 241
4334 242
4334 243
4334 244
4334 245
4334 246
4334 247
4334 248
4334 249
4334 250
4334 251
4336 238
4336 239
4336 240
4336 241
4336 242
4336 243
4336 244
4336 245
4336 246
4336 247
4336 248
4336 249
4338 237
4338 238
4338 239
4338 240
4338 241
4338 242
4338 243
4338 244
4338 245
4338 246
4338 247
4338 248
4340 236
4340 237
4340 238
4340 239
4340 240
4340 241
4340 242
4340 243
4340 244
4340 245
4340 246
4342 234
4342 235
4342 236
4342 237
4342 238
4342 239
4342 240
4342 241
4342 242
4342 243
4342 244
4342 245
4344 233
4344 234
4344 235
4344 236
4344 237
4344 238
4344 239
4344 240
4344 241
4344 242
4344 243
4346 231
4346 232
4346 233
4346 234
4346 235
4346 236
4346 237
4346 238
4346 239
4346 240
4346 241
4348 230
4348 231
4348 232
4348 233
4348 234
4348 235
4348 236
4348 237
4348 238
4348 239
4348 240
4349 283
4349 284
4349 285
4349 286
4350 228
4350 229
4350 230
4350 231
4350 232
4350 233
4350 234
4350 235
4350 236
4350 237
4350 238
4351 281
4351 282
4351 283
4351 284
4351 285
4351 286
4352 227
4352 228
4352 229
4352 230
4352 231
4352 232
4352 233
4352 234
4352 235
4352 236
4352 237
4353 278
4353 279
4353 280
4353 281
4353 282
4353 283
4353 284
4353 285
4354 226
4354 227
4354 228
4354 229
4354 230
4354 231
4354 232
4354 233
4354 234
4354 235
4355 276
4355 277
4355 278
4355 279
4355 280
4355 281
4355 282
4355 283
4355 284
4356 224
4356 225
4356 226
4356 227
4356 228
4356 229
4356 230
4356 231
4356 232
4356 233
4357 274
4357 275
4357 276
4357 277
4357 278
4357 279
4357 280
4357 281
4357 282
4357 283
4358 223
4358 224
4358 225
4358 226
4358 227
4358 228
4358 229
4358 230
4358 231
4359 272
4359 273
4359 274
4359 275
4359 276
4359 277
4359 278
4359 279
4359 280
4359 281
4359 282
4360 222
4360 223
4360 224
4360 225
4360 226
4360 227
4360 228
4360 229
4360 230
4361 270
4361 271
4361 272
4361 273
4361 274
4361 275
4361 276
4361 277
4361 278
4361 279
4361 280
4361 281
4362 221
4362 222
4362 223
4362 224
4362 225
4362 226
4362 227
4362 228
4363 268
4363 269
4363 270
4363 271
4363 272
4363 273
4363 274
4363 275
4363 276
4363 277
4363 278
4363 279
4363 280
4364 220
4364 221
4364 222
4364 223
4364 224
4364 225
4364 226
4365 267
4365 268
4365 269
4365 270
4365 271
4365 272
4365 273
4365 274
4365 275
4365 276
4365 277
4365 278
4365 279
4366 219
4366 220
4366 221
4366 222
4366 223
4366 224
4367 265
4367 266
4367 267
4367 268
4367 269
4367 270
4367 271
4367 272
4367 273
4367 274
4367 275
4367 276
4367 277
4367 278
4368 218
4368 219
4368 220
4368 221
4368 222
4369 263
4369 264
4369 265
4369 266
4369 267
4369 268
4369 269
4369 270
4369 271
4369 272
4369 273
4369 274
4369 275
4369 276
4370 217
4370 218
4370 219
4370 220
4371 261
4371 262
4371 263
4371 264
4371 265
4371 266
4371 267
4371 268
4371 269
4371 270
4371 271
4371 272
4371 273
4371 274
4371 275
4373 260
4373 261
4373 262
4373 263
4373 264
4373 265
4373 266
4373 267
4373 268
4373 269
4373 270
4373 271
4373 272
4373 273
4373 274
4375 258
4375 259
4375 260
4375 261
4375 262
4375 263
4375 264
4375 265
4375 266
4375 267
4375 268
4375 269
4375 270
4375 271
4375 272
4375 273
4377 256
4377 257
4377 258
4377 259
4377 260
4377 261
4377 262
4377 263
4377 264
4377 265
4377 266
4377 267
4377 268
4377 269
4377 270
4377 271
4379 255
4379 256
4379 257
4379 258
4379 259
4379 260
4379 261
4379 262
4379 263
4379 264
4379 265
4379 266
4379 267
4379 268
4379 269
4379 270
4381 253
4381 254
4381 255
4381 256
4381 257
4381 258
4381 259
4381 260
4381 261
4381 262
4381 263
4381 264
4381 265
4381 266
4381 267
4381 268
4381 269
