1746 123
1747 123
1747 124
1748 123
1748 124
1748 125
1749 123
1749 124
1749 125
1749 126
1750 123
1750 124
1750 125
1750 126
1751 123
1751 124
1751 125
1751 126
1751 127
1752 123
1752 124
1752 125
1752 126
1752 127
1753 123
1753 124
1753 125
1753 126
1753 127
1753 128
1754 123
1754 124
1754 125
1754 126
1754 127
1754 128
1755 123
1755 124
1755 125
1755 126
1755 127
1755 128
1755 129
1756 124
1756 125
1756 126
1756 127
1756 128
1756 129
1757 124
1757 125
1757 126
1757 127
1757 128
1757 129
1757 130
1758 124
1758 125
1758 126
1758 127
1758 128
1758 129
1758 130
1759 124
1759 125
1759 126
1759 127
1759 128
1759 129
1759 130
1759 131
1760 124
1760 125
1760 126
1760 127
1760 128
1760 129
1760 130
1760 131
1761 125
1761 126
1761 127
1761 128
1761 129
1761 130
1761 131
1761 132
1762 125
1762 126
1762 127
1762 128
1762 129
1762 130
1762 131
1762 132
1763 125
1763 126
1763 127
1763 128
1763 129
1763 130
1763 131
1763 132
1763 133
1764 125
1764 126
1764 127
1764 128
1764 129
1764 130
1764 131
1764 132
1764 133
1765 126
1765 127
1765 128
1765 129
1765 130
1765 131
1765 132
1765 133
1765 134
1766 126
1766 127
1766 128
1766 129
1766 130
1766 131
1766 132
1766 133
1766 134
1767 126
1767 127
1767 128
1767 129
1767 130
1767 131
1767 132
1767 133
1767 134
1768 126
1768 127
1768 128
1768 129
1768 130
1768 131
1768 132
1768 133
1768 134
1768 135
1769 127
1769 128
1769 129
1769 130
1769 131
1769 132
1769 133
1769 134
1769 135
1770 127
1770 128
1770 129
1770 130
1770 131
1770 132
1770 133
1770 134
1770 135
1770 136
1771 127
1771 128
1771 129
1771 130
1771 131
1771 132
1771 133
1771 134
1771 135
1771 136
1772 127
1772 128
1772 129
1772 130
1772 131
1772 132
1772 133
1772 134
1772 135
1772 136
1773 128
1773 129
1773 130
1773 131
1773 132
1773 133
1773 134
1773 135
1773 136
1773 137
1774 128
1774 129
1774 130
1774 131
1774 132
1774 133
1774 134
1774 135
1774 136
1774 137
1775 128
1775 129
1775 130
1775 131
1775 132
1775 133
1775 134
1775 135
1775 136
1775 137
1775 138
1776 128
1776 129
1776 130
1776 131
1776 132
1776 133
1776 134
1776 135
1776 136
1776 137
1776 138
1777 129
1777 130
1777 131
1777 132
1777 133
1777 134
1777 135
1777 136
1777 137
1777 138
1777 139
1778 129
1778 130
1778 131
1778 132
1778 133
1778 134
1778 135
1778 136
1778 137
1778 138
1778 139
1779 129
1779 130
1779 131
1779 132
1779 133
1779 134
1779 135
1779 136
1779 137
1779 138
1779 139
1780 130
1780 131
1780 132
1780 133
1780 134
1780 135
1780 136
1780 137
1780 138
1780 139
1780 140
1781 130
1781 131
1781 132
1781 133
1781 134
1781 135
1781 136
1781 137
1781 138
1781 139
1781 140
1782 130
1782 131
1782 132
1782 133
1782 134
1782 135
1782 136
1782 137
1782 138
1782 139
1782 140
1783 131
1783 132
1783 133
1783 134
1783 135
1783 136
1783 137
1783 138
1783 139
1783 140
1783 141
1784 131
1784 132
1784 133
1784 134
1784 135
1784 136
1784 137
1784 138
1784 139
1784 140
1784 141
1785 131
1785 132
1785 133
1785 134
1785 135
1785 136
1785 137
1785 138
1785 139
1785 140
1785 141
1785 142
1786 131
1786 132
1786 133
1786 134
1786 135
1786 136
1786 137
1786 138
1786 139
1786 140
1786 141
1786 142
1787 132
1787 133
1787 134
1787 135
1787 136
1787 137
1787 138
1787 139
1787 140
1787 141
1787 142
1788 132
1788 133
1788 134
1788 135
1788 136
1788 137
1788 138
1788 139
1788 140
1788 141
1788 142
1788 143
1789 132
1789 133
1789 134
1789 135
1789 136
1789 137
1789 138
1789 139
1789 140
1789 141
1789 142
1789 143
1790 133
1790 134
1790 135
1790 136
1790 137
1790 138
1790 139
1790 140
1790 141
1790 142
1790 143
1790 144
1791 133
1791 134
1791 135
1791 136
1791 137
1791 138
1791 139
1791 140
1791 141
1791 142
1791 143
1791 144
1792 133
1792 134
1792 135
1792 136
1792 137
1792 138
1792 139
1792 140
1792 141
1792 142
1792 143
1792 144
1793 134
1793 135
1793 136
1793 137
1793 138
1793 139
1793 140
1793 141
1793 142
1793 143
1793 144
1793 145
1794 134
1794 135
1794 136
1794 137
1794 138
1794 139
1794 140
1794 141
1794 142
1794 143
1794 144
1794 145
1795 134
1795 135
1795 136
1795 137
1795 138
1795 139
1795 140
1795 141
1795 142
1795 143
1795 144
1795 145
1796 135
1796 136
1796 137
1796 138
1796 139
1796 140
1796 141
1796 142
1796 143
1796 144
1796 145
1796 146
1797 135
1797 136
1797 137
1797 138
1797 139
1797 140
1797 141
1797 142
1797 143
1797 144
1797 145
1797 146
1798 135
1798 136
1798 137
1798 138
1798 139
1798 140
1798 141
1798 142
1798 143
1798 144
1798 145
1798 146
1798 147
1799 136
1799 137
1799 138
1799 139
1799 140
1799 141
1799 142
1799 143
1799 144
1799 145
1799 146
1799 147
1800 136
1800 137
1800 138
1800 139
1800 140
1800 141
1800 142
1800 143
1800 144
1800 145
1800 146
1800 147
1801 136
1801 137
1801 138
1801 139
1801 140
1801 141
1801 142
1801 143
1801 144
1801 145
1801 146
1801 147
1801 148
1802 137
1802 138
1802 139
1802 140
1802 141
1802 142
1802 143
1802 144
1802 145
1802 146
1802 147
1802 148
1803 137
1803 138
1803 139
1803 140
1803 141
1803 142
1803 143
1803 144
1803 145
1803 146
1803 147
1803 148
1804 137
1804 138
1804 139
1804 140
1804 141
1804 142
1804 143
1804 144
1804 145
1804 146
1804 147
1804 148
1804 149
1805 138
1805 139
1805 140
1805 141
1805 142
1805 143
1805 144
1805 145
1805 146
1805 147
1805 148
1805 149
1806 138
1806 139
1806 140
1806 141
1806 142
1806 143
1806 144
1806 145
1806 146
1806 147
1806 148
1806 149
1807 138
1807 139
1807 140
1807 141
1807 142
1807 143
1807 144
1807 145
1807 146
1807 147
1807 148
1807 149
1807 150
1808 139
1808 140
1808 141
1808 142
1808 143
1808 144
1808 145
1808 146
1808 147
1808 148
1808 149
1808 150
1809 139
1809 140
1809 141
1809 142
1809 143
1809 144
1809 145
1809 146
1809 147
1809 148
1809 149
1809 150
1810 140
1810 141
1810 142
1810 143
1810 144
1810 145
1810 146
1810 147
1810 148
1810 149
1810 150
1810 151
1811 140
1811 141
1811 142
1811 143
1811 144
1811 145
1811 146
1811 147
1811 148
1811 149
1811 150
1811 151
1812 140
1812 141
1812 142
1812 143
1812 144
1812 145
1812 146
1812 147
1812 148
1812 149
1812 150
1812 151
1813 141
1813 142
1813 143
1813 144
1813 145
1813 146
1813 147
1813 148
1813 149
1813 150
1813 151
1813 152
1814 141
1814 142
1814 143
1814 144
1814 145
1814 146
1814 147
1814 148
1814 149
1814 150
1814 151
1814 152
1815 141
1815 142
1815 143
1815 144
1815 145
1815 146
1815 147
1815 148
1815 149
1815 150
1815 151
1815 152
1815 153
1816 142
1816 143
1816 144
1816 145
1816 146
1816 147
1816 148
1816 149
1816 150
1816 151
1816 152
1816 153
1817 142
1817 143
1817 144
1817 145
1817 146
1817 147
1817 148
1817 149
1817 150
1817 151
1817 152
1817 153
1818 142
1818 143
1818 144
1818 145
1818 146
1818 147
1818 148
1818 149
1818 150
1818 151
1818 152
1818 153
1818 154
1819 143
1819 144
1819 145
1819 146
1819 147
1819 148
1819 149
1819 150
1819 151
1819 152
1819 153
1819 154
1820 143
1820 144
1820 145
1820 146
1820 147
1820 148
1820 149
1820 150
1820 151
1820 152
1820 153
1820 154
1821 144
1821 145
1821 146
1821 147
1821 148
1821 149
1821 150
1821 151
1821 152
1821 153
1821 154
1821 155
1822 144
1822 145
1822 146
1822 147
1822 148
1822 149
1822 150
1822 151
1822 152
1822 153
1822 154
1822 155
1823 144
1823 145
1823 146
1823 147
1823 148
1823 149
1823 150
1823 151
1823 152
1823 153
1823 154
1823 155
1824 145
1824 146
1824 147
1824 148
1824 149
1824 150
1824 151
1824 152
1824 153
1824 154
1824 155
1824 156
1825 145
1825 146
1825 147
1825 148
1825 149
1825 150
1825 151
1825 152
1825 153
1825 154
1825 155
1825 156
1826 145
1826 146
1826 147
1826 148
1826 149
1826 150
1826 151
1826 152
1826 153
1826 154
1826 155
1826 156
1827 146
1827 147
1827 148
1827 149
1827 150
1827 151
1827 152
1827 153
1827 154
1827 155
1827 156
1828 146
1828 147
1828 148
1828 149
1828 150
1828 151
1828 152
1828 153
1828 154
1828 155
1828 156
1828 157
1829 147
1829 148
1829 149
1829 150
1829 151
1829 152
1829 153
1829 154
1829 155
1829 156
1829 157
1830 147
1830 148
1830 149
1830 150
1830 151
1830 152
1830 153
1830 154
1830 155
1830 156
1830 157
1831 147
1831 148
1831 149
1831 150
1831 151
1831 152
1831 153
1831 154
1831 155
1831 156
1831 157
1831 158
1832 148
1832 149
1832 150
1832 151
1832 152
1832 153
1832 154
1832 155
1832 156
1832 157
1832 158
1833 148
1833 149
1833 150
1833 151
1833 152
1833 153
1833 154
1833 155
1833 156
1833 157
1833 158
1834 149
1834 150
1834 151
1834 152
1834 153
1834 154
1834 155
1834 156
1834 157
1834 158
1834 159
1835 149
1835 150
1835 151
1835 152
1835 153
1835 154
1835 155
1835 156
1835 157
1835 158
1835 159
1836 150
1836 151
1836 152
1836 153
1836 154
1836 155
1836 156
1836 157
1836 158
1836 159
1837 150
1837 151
1837 152
1837 153
1837 154
1837 155
1837 156
1837 157
1837 158
1837 159
1837 160
1838 150
1838 151
1838 152
1838 153
1838 154
1838 155
1838 156
1838 157
1838 158
1838 159
1838 160
1839 151
1839 152
1839 153
1839 154
1839 155
1839 156
1839 157
1839 158
1839 159
1839 160
1840 151
1840 152
1840 153
1840 154
1840 155
1840 156
1840 157
1840 158
1840 159
1840 160
1841 152
1841 153
1841 154
1841 155
1841 156
1841 157
1841 158
1841 159
1841 160
1841 161
1842 152
1842 153
1842 154
1842 155
1842 156
1842 157
1842 158
1842 159
1842 160
1842 161
1843 152
1843 153
1843 154
1843 155
1843 156
1843 157
1843 158
1843 159
1843 160
1843 161
1844 153
1844 154
1844 155
1844 156
1844 157
1844 158
1844 159
1844 160
1844 161
1845 153
1845 154
1845 155
1845 156
1845 157
1845 158
1845 159
1845 160
1845 161
1845 162
1846 154
1846 155
1846 156
1846 157
1846 158
1846 159
1846 160
1846 161
1846 162
1847 154
1847 155
1847 156
1847 157
1847 158
1847 159
1847 160
1847 161
1847 162
1848 155
1848 156
1848 157
1848 158
1848 159
1848 160
1848 161
1848 162
1848 163
1849 155
1849 156
1849 157
1849 158
1849 159
1849 160
1849 161
1849 162
1849 163
1850 156
1850 157
1850 158
1850 159
1850 160
1850 161
1850 162
1850 163
1851 156
1851 157
1851 158
1851 159
1851 160
1851 161
1851 162
1851 163
1852 157
1852 158
1852 159
1852 160
1852 161
1852 162
1852 163
1853 157
1853 158
1853 159
1853 160
1853 161
1853 162
1853 163
1853 164
1854 158
1854 159
1854 160
1854 161
1854 162
1854 163
1854 164
1855 158
1855 159
1855 160
1855 161
1855 162
1855 163
1855 164
1856 159
1856 160
1856 161
1856 162
1856 163
1856 164
1857 159
1857 160
1857 161
1857 162
1857 163
1857 164
1858 160
1858 161
1858 162
1858 163
1858 164
1858 165
1859 160
1859 161
1859 162
1859 163
1859 164
1859 165
1860 161
1860 162
1860 163
1860 164
1860 165
1861 161
1861 162
1861 163
1861 164
1861 165
1862 162
1862 163
1862 164
1862 165
1863 163
1863 164
1863 165
1864 164
1864 165
3334 267
3335 266
3335 267
3335 268
3336 266
3336 267
3336 268
3336 269
3337 267
3337 268
3337 269
3337 270
3338 267
3338 268
3338 269
3338 270
3338 271
3339 267
3339 268
3339 269
3339 270
3339 271
3340 267
3340 268
3340 269
3340 270
3340 271
3340 272
3341 267
3341 268
3341 269
3341 270
3341 271
3341 272
3342 267
3342 268
3342 269
3342 270
3342 271
3342 272
3342 273
3343 268
3343 269
3343 270
3343 271
3343 272
3343 273
3343 274
3344 268
3344 269
3344 270
3344 271
3344 272
3344 273
3344 274
3345 268
3345 269
3345 270
3345 271
3345 272
3345 273
3345 274
3345 275
3346 268
3346 269
3346 270
3346 271
3346 272
3346 273
3346 274
3346 275
3347 269
3347 270
3347 271
3347 272
3347 273
3347 274
3347 275
3347 276
3348 269
3348 270
3348 271
3348 272
3348 273
3348 274
3348 275
3348 276
3349 269
3349 270
3349 271
3349 272
3349 273
3349 274
3349 275
3349 276
3349 277
3350 270
3350 271
3350 272
3350 273
3350 274
3350 275
3350 276
3350 277
3350 278
3351 270
3351 271
3351 272
3351 273
3351 274
3351 275
3351 276
3351 277
3351 278
3352 270
3352 271
3352 272
3352 273
3352 274
3352 275
3352 276
3352 277
3352 278
3352 279
3353 270
3353 271
3353 272
3353 273
3353 274
3353 275
3353 276
3353 277
3353 278
3353 279
3354 271
3354 272
3354 273
3354 274
3354 275
3354 276
3354 277
3354 278
3354 279
3354 280
3355 271
3355 272
3355 273
3355 274
3355 275
3355 276
3355 277
3355 278
3355 279
3355 280
3356 271
3356 272
3356 273
3356 274
3356 275
3356 276
3356 277
3356 278
3356 279
3356 280
3356 281
3357 272
3357 273
3357 274
3357 275
3357 276
3357 277
3357 278
3357 279
3357 280
3357 281
3358 272
3358 273
3358 274
3358 275
3358 276
3358 277
3358 278
3358 279
3358 280
3358 281
3358 282
3359 272
3359 273
3359 274
3359 275
3359 276
3359 277
3359 278
3359 279
3359 280
3359 281
3359 282
3360 273
3360 274
3360 275
3360 276
3360 277
3360 278
3360 279
3360 280
3360 281
3360 282
3360 283
3361 273
3361 274
3361 275
3361 276
3361 277
3361 278
3361 279
3361 280
3361 281
3361 282
3361 283
3362 273
3362 274
3362 275
3362 276
3362 277
3362 278
3362 279
3362 280
3362 281
3362 282
3362 283
3362 284
3363 274
3363 275
3363 276
3363 277
3363 278
3363 279
3363 280
3363 281
3363 282
3363 283
3363 284
3364 274
3364 275
3364 276
3364 277
3364 278
3364 279
3364 280
3364 281
3364 282
3364 283
3364 284
3365 274
3365 275
3365 276
3365 277
3365 278
3365 279
3365 280
3365 281
3365 282
3365 283
3365 284
3365 285
3366 275
3366 276
3366 277
3366 278
3366 279
3366 280
3366 281
3366 282
3366 283
3366 284
3366 285
3367 275
3367 276
3367 277
3367 278
3367 279
3367 280
3367 281
3367 282
3367 283
3367 284
3367 285
3367 286
3368 275
3368 276
3368 277
3368 278
3368 279
3368 280
3368 281
3368 282
3368 283
3368 284
3368 285
3368 286
3369 276
3369 277
3369 278
3369 279
3369 280
3369 281
3369 282
3369 283
3369 284
3369 285
3369 286
3369 287
3370 276
3370 277
3370 278
3370 279
3370 280
3370 281
3370 282
3370 283
3370 284
3370 285
3370 286
3370 287
3371 277
3371 278
3371 279
3371 280
3371 281
3371 282
3371 283
3371 284
3371 285
3371 286
3371 287
3371 288
3372 277
3372 278
3372 279
3372 280
3372 281
3372 282
3372 283
3372 284
3372 285
3372 286
3372 287
3372 288
3373 277
3373 278
3373 279
3373 280
3373 281
3373 282
3373 283
3373 284
3373 285
3373 286
3373 287
3373 288
3373 289
3374 278
3374 279
3374 280
3374 281
3374 282
3374 283
3374 284
3374 285
3374 286
3374 287
3374 288
3374 289
3375 278
3375 279
3375 280
3375 281
3375 282
3375 283
3375 284
3375 285
3375 286
3375 287
3375 288
3375 289
3375 290
3376 278
3376 279
3376 280
3376 281
3376 282
3376 283
3376 284
3376 285
3376 286
3376 287
3376 288
3376 289
3376 290
3377 279
3377 280
3377 281
3377 282
3377 283
3377 284
3377 285
3377 286
3377 287
3377 288
3377 289
3377 290
3377 291
3378 279
3378 280
3378 281
3378 282
3378 283
3378 284
3378 285
3378 286
3378 287
3378 288
3378 289
3378 290
3378 291
3379 280
3379 281
3379 282
3379 283
3379 284
3379 285
3379 286
3379 287
3379 288
3379 289
3379 290
3379 291
3380 280
3380 281
3380 282
3380 283
3380 284
3380 285
3380 286
3380 287
3380 288
3380 289
3380 290
3380 291
3380 292
3381 280
3381 281
3381 282
3381 283
3381 284
3381 285
3381 286
3381 287
3381 288
3381 289
3381 290
3381 291
3381 292
3382 281
3382 282
3382 283
3382 284
3382 285
3382 286
3382 287
3382 288
3382 289
3382 290
3382 291
3382 292
3382 293
3383 281
3383 282
3383 283
3383 284
3383 285
3383 286
3383 287
3383 288
3383 289
3383 290
3383 291
3383 292
3383 293
3384 281
3384 282
3384 283
3384 284
3384 285
3384 286
3384 287
3384 288
3384 289
3384 290
3384 291
3384 292
3384 293
3384 294
3385 282
3385 283
3385 284
3385 285
3385 286
3385 287
3385 288
3385 289
3385 290
3385 291
3385 292
3385 293
3385 294
3386 282
3386 283
3386 284
3386 285
3386 286
3386 287
3386 288
3386 289
3386 290
3386 291
3386 292
3386 293
3386 294
3386 295
3387 283
3387 284
3387 285
3387 286
3387 287
3387 288
3387 289
3387 290
3387 291
3387 292
3387 293
3387 294
3387 295
3388 283
3388 284
3388 285
3388 286
3388 287
3388 288
3388 289
3388 290
3388 291
3388 292
3388 293
3388 294
3388 295
3389 283
3389 284
3389 285
3389 286
3389 287
3389 288
3389 289
3389 290
3389 291
3389 292
3389 293
3389 294
3389 295
3389 296
3390 284
3390 285
3390 286
3390 287
3390 288
3390 289
3390 290
3390 291
3390 292
3390 293
3390 294
3390 295
3390 296
3391 284
3391 285
3391 286
3391 287
3391 288
3391 289
3391 290
3391 291
3391 292
3391 293
3391 294
3391 295
3391 296
3391 297
3392 285
3392 286
3392 287
3392 288
3392 289
3392 290
3392 291
3392 292
3392 293
3392 294
3392 295
3392 296
3392 297
3393 285
3393 286
3393 287
3393 288
3393 289
3393 290
3393 291
3393 292
3393 293
3393 294
3393 295
3393 296
3393 297
3393 298
3394 286
3394 287
3394 288
3394 289
3394 290
3394 291
3394 292
3394 293
3394 294
3394 295
3394 296
3394 297
3394 298
3395 286
3395 287
3395 288
3395 289
3395 290
3395 291
3395 292
3395 293
3395 294
3395 295
3395 296
3395 297
3395 298
3396 286
3396 287
3396 288
3396 289
3396 290
3396 291
3396 292
3396 293
3396 294
3396 295
3396 296
3396 297
3396 298
3396 299
3397 287
3397 288
3397 289
3397 290
3397 291
3397 292
3397 293
3397 294
3397 295
3397 296
3397 297
3397 298
3397 299
3398 287
3398 288
3398 289
3398 290
3398 291
3398 292
3398 293
3398 294
3398 295
3398 296
3398 297
3398 298
3398 299
3398 300
3399 288
3399 289
3399 290
3399 291
3399 292
3399 293
3399 294
3399 295
3399 296
3399 297
3399 298
3399 299
3399 300
3400 288
3400 289
3400 290
3400 291
3400 292
3400 293
3400 294
3400 295
3400 296
3400 297
3400 298
3400 299
3400 300
3401 288
3401 289
3401 290
3401 291
3401 292
3401 293
3401 294
3401 295
3401 296
3401 297
3401 298
3401 299
3401 300
3401 301
3402 289
3402 290
3402 291
3402 292
3402 293
3402 294
3402 295
3402 296
3402 297
3402 298
3402 299
3402 300
3402 301
3403 289
3403 290
3403 291
3403 292
3403 293
3403 294
3403 295
3403 296
3403 297
3403 298
3403 299
3403 300
3403 301
3403 302
3404 290
3404 291
3404 292
3404 293
3404 294
3404 295
3404 296
3404 297
3404 298
3404 299
3404 300
3404 301
3404 302
3405 290
3405 291
3405 292
3405 293
3405 294
3405 295
3405 296
3405 297
3405 298
3405 299
3405 300
3405 301
3405 302
3406 291
3406 292
3406 293
3406 294
3406 295
3406 296
3406 297
3406 298
3406 299
3406 300
3406 301
3406 302
3406 303
3407 291
3407 292
3407 293
3407 294
3407 295
3407 296
3407 297
3407 298
3407 299
3407 300
3407 301
3407 302
3407 303
3408 291
3408 292
3408 293
3408 294
3408 295
3408 296
3408 297
3408 298
3408 299
3408 300
3408 301
3408 302
3408 303
3408 304
3409 292
3409 293
3409 294
3409 295
3409 296
3409 297
3409 298
3409 299
3409 300
3409 301
3409 302
3409 303
3409 304
3410 292
3410 293
3410 294
3410 295
3410 296
3410 297
3410 298
3410 299
3410 300
3410 301
3410 302
3410 303
3410 304
3411 293
3411 294
3411 295
3411 296
3411 297
3411 298
3411 299
3411 300
3411 301
3411 302
3411 303
3411 304
3411 305
3412 293
3412 294
3412 295
3412 296
3412 297
3412 298
3412 299
3412 300
3412 301
3412 302
3412 303
3412 304
3412 305
3413 294
3413 295
3413 296
3413 297
3413 298
3413 299
3413 300
3413 301
3413 302
3413 303
3413 304
3413 305
3413 306
3414 294
3414 295
3414 296
3414 297
3414 298
3414 299
3414 300
3414 301
3414 302
3414 303
3414 304
3414 305
3414 306
3415 295
3415 296
3415 297
3415 298
3415 299
3415 300
3415 301
3415 302
3415 303
3415 304
3415 305
3415 306
3416 295
3416 296
3416 297
3416 298
3416 299
3416 300
3416 301
3416 302
3416 303
3416 304
3416 305
3416 306
3416 307
3417 296
3417 297
3417 298
3417 299
3417 300
3417 301
3417 302
3417 303
3417 304
3417 305
3417 306
3417 307
3418 296
3418 297
3418 298
3418 299
3418 300
3418 301
3418 302
3418 303
3418 304
3418 305
3418 306
3418 307
3419 296
3419 297
3419 298
3419 299
3419 300
3419 301
3419 302
3419 303
3419 304
3419 305
3419 306
3419 307
3419 308
3420 297
3420 298
3420 299
3420 300
3420 301
3420 302
3420 303
3420 304
3420 305
3420 306
3420 307
3420 308
3421 297
3421 298
3421 299
3421 300
3421 301
3421 302
3421 303
3421 304
3421 305
3421 306
3421 307
3421 308
3421 309
3422 298
3422 299
3422 300
3422 301
3422 302
3422 303
3422 304
3422 305
3422 306
3422 307
3422 308
3422 309
3423 298
3423 299
3423 300
3423 301
3423 302
3423 303
3423 304
3423 305
3423 306
3423 307
3423 308
3423 309
3424 299
3424 300
3424 301
3424 302
3424 303
3424 304
3424 305
3424 306
3424 307
3424 308
3424 309
3424 310
3425 299
3425 300
3425 301
3425 302
3425 303
3425 304
3425 305
3425 306
3425 307
3425 308
3425 309
3425 310
3426 300
3426 301
3426 302
3426 303
3426 304
3426 305
3426 306
3426 307
3426 308
3426 309
3426 310
3427 300
3427 301
3427 302
3427 303
3427 304
3427 305
3427 306
3427 307
3427 308
3427 309
3427 310
3427 311
3428 301
3428 302
3428 303
3428 304
3428 305
3428 306
3428 307
3428 308
3428 309
3428 310
3428 311
3429 301
3429 302
3429 303
3429 304
3429 305
3429 306
3429 307
3429 308
3429 309
3429 310
3429 311
3430 302
3430 303
3430 304
3430 305
3430 306
3430 307
3430 308
3430 309
3430 310
3430 311
3430 312
3431 302
3431 303
3431 304
3431 305
3431 306
3431 307
3431 308
3431 309
3431 310
3431 311
3431 312
3432 303
3432 304
3432 305
3432 306
3432 307
3432 308
3432 309
3432 310
3432 311
3432 312
3433 303
3433 304
3433 305
3433 306
3433 307
3433 308
3433 309
3433 310
3433 311
3433 312
3433 313
3434 304
3434 305
3434 306
3434 307
3434 308
3434 309
3434 310
3434 311
3434 312
3434 313
3435 304
3435 305
3435 306
3435 307
3435 308
3435 309
3435 310
3435 311
3435 312
3435 313
3436 305
3436 306
3436 307
3436 308
3436 309
3436 310
3436 311
3436 312
3436 313
3436 314
3437 305
3437 306
3437 307
3437 308
3437 309
3437 310
3437 311
3437 312
3437 313
3437 314
3438 306
3438 307
3438 308
3438 309
3438 310
3438 311
3438 312
3438 313
3438 314
3439 306
3439 307
3439 308
3439 309
3439 310
3439 311
3439 312
3439 313
3439 314
3440 307
3440 308
3440 309
3440 310
3440 311
3440 312
3440 313
3440 314
3440 315
3441 308
3441 309
3441 310
3441 311
3441 312
3441 313
3441 314
3441 315
3442 308
3442 309
3442 310
3442 311
3442 312
3442 313
3442 314
3442 315
3443 309
3443 310
3443 311
3443 312
3443 313
3443 314
3443 315
3443 316
3444 309
3444 310
3444 311
3444 312
3444 313
3444 314
3444 315
3444 316
3445 310
3445 311
3445 312
3445 313
3445 314
3445 315
3445 316
3446 311
3446 312
3446 313
3446 314
3446 315
3446 316
3447 311
3447 312
3447 313
3447 314
3447 315
3447 316
3448 312
3448 313
3448 314
3448 315
3448 316
3448 317
3449 313
3449 314
3449 315
3449 316
3449 317
3450 313
3450 314
3450 315
3450 316
3450 317
3451 314
3451 315
3451 316
3451 317
3452 315
3452 316
3452 317
3453 316
3475 237
3475 238
3476 237
3476 238
3476 239
3477 237
3477 238
3477 239
3477 240
3478 237
3478 238
3478 239
3478 240
3478 241
3479 237
3479 238
3479 239
3479 240
3479 241
3480 238
3480 239
3480 240
3480 241
3480 242
3481 238
3481 239
3481 240
3481 241
3481 242
3481 243
3482 238
3482 239
3482 240
3482 241
3482 242
3482 243
3483 238
3483 239
3483 240
3483 241
3483 242
3483 243
3483 244
3484 238
3484 239
3484 240
3484 241
3484 242
3484 243
3484 244
3485 239
3485 240
3485 241
3485 242
3485 243
3485 244
3485 245
3486 239
3486 240
3486 241
3486 242
3486 243
3486 244
3486 245
3486 246
3487 239
3487 240
3487 241
3487 242
3487 243
3487 244
3487 245
3487 246
3488 239
3488 240
3488 241
3488 242
3488 243
3488 244
3488 245
3488 246
3488 247
3489 240
3489 241
3489 242
3489 243
3489 244
3489 245
3489 246
3489 247
3490 240
3490 241
3490 242
3490 243
3490 244
3490 245
3490 246
3490 247
3490 248
3491 240
3491 241
3491 242
3491 243
3491 244
3491 245
3491 246
3491 247
3491 248
3492 240
3492 241
3492 242
3492 243
3492 244
3492 245
3492 246
3492 247
3492 248
3492 249
3493 241
3493 242
3493 243
3493 244
3493 245
3493 246
3493 247
3493 248
3493 249
3494 241
3494 242
3494 243
3494 244
3494 245
3494 246
3494 247
3494 248
3494 249
3494 250
3495 241
3495 242
3495 243
3495 244
3495 245
3495 246
3495 247
3495 248
3495 249
3495 250
3496 241
3496 242
3496 243
3496 244
3496 245
3496 246
3496 247
3496 248
3496 249
3496 250
3496 251
3497 242
3497 243
3497 244
3497 245
3497 246
3497 247
3497 248
3497 249
3497 250
3497 251
3498 242
3498 243
3498 244
3498 245
3498 246
3498 247
3498 248
3498 249
3498 250
3498 251
3498 252
3499 242
3499 243
3499 244
3499 245
3499 246
3499 247
3499 248
3499 249
3499 250
3499 251
3499 252
3500 243
3500 244
3500 245
3500 246
3500 247
3500 248
3500 249
3500 250
3500 251
3500 252
3500 253
3501 243
3501 244
3501 245
3501 246
3501 247
3501 248
3501 249
3501 250
3501 251
3501 252
3501 253
3502 243
3502 244
3502 245
3502 246
3502 247
3502 248
3502 249
3502 250
3502 251
3502 252
3502 253
3502 254
3503 244
3503 245
3503 246
3503 247
3503 248
3503 249
3503 250
3503 251
3503 252
3503 253
3503 254
3504 244
3504 245
3504 246
3504 247
3504 248
3504 249
3504 250
3504 251
3504 252
3504 253
3504 254
3504 255
3505 244
3505 245
3505 246
3505 247
3505 248
3505 249
3505 250
3505 251
3505 252
3505 253
3505 254
3505 255
3506 244
3506 245
3506 246
3506 247
3506 248
3506 249
3506 250
3506 251
3506 252
3506 253
3506 254
3506 255
3506 256
3507 245
3507 246
3507 247
3507 248
3507 249
3507 250
3507 251
3507 252
3507 253
3507 254
3507 255
3507 256
3508 245
3508 246
3508 247
3508 248
3508 249
3508 250
3508 251
3508 252
3508 253
3508 254
3508 255
3508 256
3508 257
3509 245
3509 246
3509 247
3509 248
3509 249
3509 250
3509 251
3509 252
3509 253
3509 254
3509 255
3509 256
3509 257
3510 246
3510 247
3510 248
3510 249
3510 250
3510 251
3510 252
3510 253
3510 254
3510 255
3510 256
3510 257
3510 258
3511 246
3511 247
3511 248
3511 249
3511 250
3511 251
3511 252
3511 253
3511 254
3511 255
3511 256
3511 257
3511 258
3512 246
3512 247
3512 248
3512 249
3512 250
3512 251
3512 252
3512 253
3512 254
3512 255
3512 256
3512 257
3512 258
3512 259
3513 247
3513 248
3513 249
3513 250
3513 251
3513 252
3513 253
3513 254
3513 255
3513 256
3513 257
3513 258
3513 259
3514 247
3514 248
3514 249
3514 250
3514 251
3514 252
3514 253
3514 254
3514 255
3514 256
3514 257
3514 258
3514 259
3514 260
3515 247
3515 248
3515 249
3515 250
3515 251
3515 252
3515 253
3515 254
3515 255
3515 256
3515 257
3515 258
3515 259
3515 260
3516 248
3516 249
3516 250
3516 251
3516 252
3516 253
3516 254
3516 255
3516 256
3516 257
3516 258
3516 259
3516 260
3516 261
3517 248
3517 249
3517 250
3517 251
3517 252
3517 253
3517 254
3517 255
3517 256
3517 257
3517 258
3517 259
3517 260
3517 261
3518 248
3518 249
3518 250
3518 251
3518 252
3518 253
3518 254
3518 255
3518 256
3518 257
3518 258
3518 259
3518 260
3518 261
3518 262
3519 249
3519 250
3519 251
3519 252
3519 253
3519 254
3519 255
3519 256
3519 257
3519 258
3519 259
3519 260
3519 261
3519 262
3520 249
3520 250
3520 251
3520 252
3520 253
3520 254
3520 255
3520 256
3520 257
3520 258
3520 259
3520 260
3520 261
3520 262
3521 249
3521 250
3521 251
3521 252
3521 253
3521 254
3521 255
3521 256
3521 257
3521 258
3521 259
3521 260
3521 261
3521 262
3521 263
3522 250
3522 251
3522 252
3522 253
3522 254
3522 255
3522 256
3522 257
3522 258
3522 259
3522 260
3522 261
3522 262
3522 263
3523 250
3523 251
3523 252
3523 253
3523 254
3523 255
3523 256
3523 257
3523 258
3523 259
3523 260
3523 261
3523 262
3523 263
3523 264
3524 251
3524 252
3524 253
3524 254
3524 255
3524 256
3524 257
3524 258
3524 259
3524 260
3524 261
3524 262
3524 263
3524 264
3525 251
3525 252
3525 253
3525 254
3525 255
3525 256
3525 257
3525 258
3525 259
3525 260
3525 261
3525 262
3525 263
3525 264
3525 265
3526 251
3526 252
3526 253
3526 254
3526 255
3526 256
3526 257
3526 258
3526 259
3526 260
3526 261
3526 262
3526 263
3526 264
3526 265
3527 252
3527 253
3527 254
3527 255
3527 256
3527 257
3527 258
3527 259
3527 260
3527 261
3527 262
3527 263
3527 264
3527 265
3527 266
3528 252
3528 253
3528 254
3528 255
3528 256
3528 257
3528 258
3528 259
3528 260
3528 261
3528 262
3528 263
3528 264
3528 265
3528 266
3529 252
3529 253
3529 254
3529 255
3529 256
3529 257
3529 258
3529 259
3529 260
3529 261
3529 262
3529 263
3529 264
3529 265
3529 266
3529 267
3530 253
3530 254
3530 255
3530 256
3530 257
3530 258
3530 259
3530 260
3530 261
3530 262
3530 263
3530 264
3530 265
3530 266
3530 267
3531 253
3531 254
3531 255
3531 256
3531 257
3531 258
3531 259
3531 260
3531 261
3531 262
3531 263
3531 264
3531 265
3531 266
3531 267
3531 268
3532 253
3532 254
3532 255
3532 256
3532 257
3532 258
3532 259
3532 260
3532 261
3532 262
3532 263
3532 264
3532 265
3532 266
3532 267
3532 268
3533 254
3533 255
3533 256
3533 257
3533 258
3533 259
3533 260
3533 261
3533 262
3533 263
3533 264
3533 265
3533 266
3533 267
3533 268
3534 254
3534 255
3534 256
3534 257
3534 258
3534 259
3534 260
3534 261
3534 262
3534 263
3534 264
3534 265
3534 266
3534 267
3534 268
3534 269
3535 255
3535 256
3535 257
3535 258
3535 259
3535 260
3535 261
3535 262
3535 263
3535 264
3535 265
3535 266
3535 267
3535 268
3535 269
3536 255
3536 256
3536 257
3536 258
3536 259
3536 260
3536 261
3536 262
3536 263
3536 264
3536 265
3536 266
3536 267
3536 268
3536 269
3536 270
3537 255
3537 256
3537 257
3537 258
3537 259
3537 260
3537 261
3537 262
3537 263
3537 264
3537 265
3537 266
3537 267
3537 268
3537 269
3537 270
3538 256
3538 257
3538 258
3538 259
3538 260
3538 261
3538 262
3538 263
3538 264
3538 265
3538 266
3538 267
3538 268
3538 269
3538 270
3538 271
3539 256
3539 257
3539 258
3539 259
3539 260
3539 261
3539 262
3539 263
3539 264
3539 265
3539 266
3539 267
3539 268
3539 269
3539 270
3539 271
3540 256
3540 257
3540 258
3540 259
3540 260
3540 261
3540 262
3540 263
3540 264
3540 265
3540 266
3540 267
3540 268
3540 269
3540 270
3540 271
3540 272
3541 257
3541 258
3541 259
3541 260
3541 261
3541 262
3541 263
3541 264
3541 265
3541 266
3541 267
3541 268
3541 269
3541 270
3541 271
3541 272
3542 257
3542 258
3542 259
3542 260
3542 261
3542 262
3542 263
3542 264
3542 265
3542 266
3542 267
3542 268
3542 269
3542 270
3542 271
3542 272
3542 273
3543 258
3543 259
3543 260
3543 261
3543 262
3543 263
3543 264
3543 265
3543 266
3543 267
3543 268
3543 269
3543 270
3543 271
3543 272
3543 273
3544 258
3544 259
3544 260
3544 261
3544 262
3544 263
3544 264
3544 265
3544 266
3544 267
3544 268
3544 269
3544 270
3544 271
3544 272
3544 273
3545 258
3545 259
3545 260
3545 261
3545 262
3545 263
3545 264
3545 265
3545 266
3545 267
3545 268
3545 269
3545 270
3545 271
3545 272
3545 273
3545 274
3546 259
3546 260
3546 261
3546 262
3546 263
3546 264
3546 265
3546 266
3546 267
3546 268
3546 269
3546 270
3546 271
3546 272
3546 273
3546 274
3547 259
3547 260
3547 261
3547 262
3547 263
3547 264
3547 265
3547 266
3547 267
3547 268
3547 269
3547 270
3547 271
3547 272
3547 273
3547 274
3547 275
3548 259
3548 260
3548 261
3548 262
3548 263
3548 264
3548 265
3548 266
3548 267
3548 268
3548 269
3548 270
3548 271
3548 272
3548 273
3548 274
3548 275
3549 260
3549 261
3549 262
3549 263
3549 264
3549 265
3549 266
3549 267
3549 268
3549 269
3549 270
3549 271
3549 272
3549 273
3549 274
3549 275
3549 276
3550 260
3550 261
3550 262
3550 263
3550 264
3550 265
3550 266
3550 267
3550 268
3550 269
3550 270
3550 271
3550 272
3550 273
3550 274
3550 275
3550 276
3551 261
3551 262
3551 263
3551 264
3551 265
3551 266
3551 267
3551 268
3551 269
3551 270
3551 271
3551 272
3551 273
3551 274
3551 275
3551 276
3551 277
3552 261
3552 262
3552 263
3552 264
3552 265
3552 266
3552 267
3552 268
3552 269
3552 270
3552 271
3552 272
3552 273
3552 274
3552 275
3552 276
3552 277
3553 261
3553 262
3553 263
3553 264
3553 265
3553 266
3553 267
3553 268
3553 269
3553 270
3553 271
3553 272
3553 273
3553 274
3553 275
3553 276
3553 277
3554 262
3554 263
3554 264
3554 265
3554 266
3554 267
3554 268
3554 269
3554 270
3554 271
3554 272
3554 273
3554 274
3554 275
3554 276
3554 277
3554 278
3555 262
3555 263
3555 264
3555 265
3555 266
3555 267
3555 268
3555 269
3555 270
3555 271
3555 272
3555 273
3555 274
3555 275
3555 276
3555 277
3555 278
3556 263
3556 264
3556 265
3556 266
3556 267
3556 268
3556 269
3556 270
3556 271
3556 272
3556 273
3556 274
3556 275
3556 276
3556 277
3556 278
3556 279
3557 263
3557 264
3557 265
3557 266
3557 267
3557 268
3557 269
3557 270
3557 271
3557 272
3557 273
3557 274
3557 275
3557 276
3557 277
3557 278
3557 279
3558 263
3558 264
3558 265
3558 266
3558 267
3558 268
3558 269
3558 270
3558 271
3558 272
3558 273
3558 274
3558 275
3558 276
3558 277
3558 278
3558 279
3558 280
3559 264
3559 265
3559 266
3559 267
3559 268
3559 269
3559 270
3559 271
3559 272
3559 273
3559 274
3559 275
3559 276
3559 277
3559 278
3559 279
3559 280
3560 264
3560 265
3560 266
3560 267
3560 268
3560 269
3560 270
3560 271
3560 272
3560 273
3560 274
3560 275
3560 276
3560 277
3560 278
3560 279
3560 280
3561 265
3561 266
3561 267
3561 268
3561 269
3561 270
3561 271
3561 272
3561 273
3561 274
3561 275
3561 276
3561 277
3561 278
3561 279
3561 280
3561 281
3562 265
3562 266
3562 267
3562 268
3562 269
3562 270
3562 271
3562 272
3562 273
3562 274
3562 275
3562 276
3562 277
3562 278
3562 279
3562 280
3562 281
3563 265
3563 266
3563 267
3563 268
3563 269
3563 270
3563 271
3563 272
3563 273
3563 274
3563 275
3563 276
3563 277
3563 278
3563 279
3563 280
3563 281
3563 282
3564 266
3564 267
3564 268
3564 269
3564 270
3564 271
3564 272
3564 273
3564 274
3564 275
3564 276
3564 277
3564 278
3564 279
3564 280
3564 281
3564 282
3565 266
3565 267
3565 268
3565 269
3565 270
3565 271
3565 272
3565 273
3565 274
3565 275
3565 276
3565 277
3565 278
3565 279
3565 280
3565 281
3565 282
3565 283
3566 267
3566 268
3566 269
3566 270
3566 271
3566 272
3566 273
3566 274
3566 275
3566 276
3566 277
3566 278
3566 279
3566 280
3566 281
3566 282
3566 283
3567 267
3567 268
3567 269
3567 270
3567 271
3567 272
3567 273
3567 274
3567 275
3567 276
3567 277
3567 278
3567 279
3567 280
3567 281
3567 282
3567 283
3568 268
3568 269
3568 270
3568 271
3568 272
3568 273
3568 274
3568 275
3568 276
3568 277
3568 278
3568 279
3568 280
3568 281
3568 282
3568 283
3568 284
3569 268
3569 269
3569 270
3569 271
3569 272
3569 273
3569 274
3569 275
3569 276
3569 277
3569 278
3569 279
3569 280
3569 281
3569 282
3569 283
3569 284
3570 268
3570 269
3570 270
3570 271
3570 272
3570 273
3570 274
3570 275
3570 276
3570 277
3570 278
3570 279
3570 280
3570 281
3570 282
3570 283
3570 284
3570 285
3571 269
3571 270
3571 271
3571 272
3571 273
3571 274
3571 275
3571 276
3571 277
3571 278
3571 279
3571 280
3571 281
3571 282
3571 283
3571 284
3571 285
3572 269
3572 270
3572 271
3572 272
3572 273
3572 274
3572 275
3572 276
3572 277
3572 278
3572 279
3572 280
3572 281
3572 282
3572 283
3572 284
3572 285
3572 286
3573 270
3573 271
3573 272
3573 273
3573 274
3573 275
3573 276
3573 277
3573 278
3573 279
3573 280
3573 281
3573 282
3573 283
3573 284
3573 285
3573 286
3574 270
3574 271
3574 272
3574 273
3574 274
3574 275
3574 276
3574 277
3574 278
3574 279
3574 280
3574 281
3574 282
3574 283
3574 284
3574 285
3574 286
3575 271
3575 272
3575 273
3575 274
3575 275
3575 276
3575 277
3575 278
3575 279
3575 280
3575 281
3575 282
3575 283
3575 284
3575 285
3575 286
3575 287
3576 271
3576 272
3576 273
3576 274
3576 275
3576 276
3576 277
3576 278
3576 279
3576 280
3576 281
3576 282
3576 283
3576 284
3576 285
3576 286
3576 287
3577 271
3577 272
3577 273
3577 274
3577 275
3577 276
3577 277
3577 278
3577 279
3577 280
3577 281
3577 282
3577 283
3577 284
3577 285
3577 286
3577 287
3577 288
3578 272
3578 273
3578 274
3578 275
3578 276
3578 277
3578 278
3578 279
3578 280
3578 281
3578 282
3578 283
3578 284
3578 285
3578 286
3578 287
3578 288
3579 272
3579 273
3579 274
3579 275
3579 276
3579 277
3579 278
3579 279
3579 280
3579 281
3579 282
3579 283
3579 284
3579 285
3579 286
3579 287
3579 288
3579 289
3580 273
3580 274
3580 275
3580 276
3580 277
3580 278
3580 279
3580 280
3580 281
3580 282
3580 283
3580 284
3580 285
3580 286
3580 287
3580 288
3580 289
3581 273
3581 274
3581 275
3581 276
3581 277
3581 278
3581 279
3581 280
3581 281
3581 282
3581 283
3581 284
3581 285
3581 286
3581 287
3581 288
3581 289
3582 274
3582 275
3582 276
3582 277
3582 278
3582 279
3582 280
3582 281
3582 282
3582 283
3582 284
3582 285
3582 286
3582 287
3582 288
3582 289
3582 290
3583 274
3583 275
3583 276
3583 277
3583 278
3583 279
3583 280
3583 281
3583 282
3583 283
3583 284
3583 285
3583 286
3583 287
3583 288
3583 289
3583 290
3584 274
3584 275
3584 276
3584 277
3584 278
3584 279
3584 280
3584 281
3584 282
3584 283
3584 284
3584 285
3584 286
3584 287
3584 288
3584 289
3584 290
3584 291
3585 275
3585 276
3585 277
3585 278
3585 279
3585 280
3585 281
3585 282
3585 283
3585 284
3585 285
3585 286
3585 287
3585 288
3585 289
3585 290
3585 291
3586 275
3586 276
3586 277
3586 278
3586 279
3586 280
3586 281
3586 282
3586 283
3586 284
3586 285
3586 286
3586 287
3586 288
3586 289
3586 290
3586 291
3587 276
3587 277
3587 278
3587 279
3587 280
3587 281
3587 282
3587 283
3587 284
3587 285
3587 286
3587 287
3587 288
3587 289
3587 290
3587 291
3587 292
3588 276
3588 277
3588 278
3588 279
3588 280
3588 281
3588 282
3588 283
3588 284
3588 285
3588 286
3588 287
3588 288
3588 289
3588 290
3588 291
3588 292
3589 277
3589 278
3589 279
3589 280
3589 281
3589 282
3589 283
3589 284
3589 285
3589 286
3589 287
3589 288
3589 289
3589 290
3589 291
3589 292
3589 293
3590 277
3590 278
3590 279
3590 280
3590 281
3590 282
3590 283
3590 284
3590 285
3590 286
3590 287
3590 288
3590 289
3590 290
3590 291
3590 292
3590 293
3591 278
3591 279
3591 280
3591 281
3591 282
3591 283
3591 284
3591 285
3591 286
3591 287
3591 288
3591 289
3591 290
3591 291
3591 292
3591 293
3592 278
3592 279
3592 280
3592 281
3592 282
3592 283
3592 284
3592 285
3592 286
3592 287
3592 288
3592 289
3592 290
3592 291
3592 292
3592 293
3592 294
3593 278
3593 279
3593 280
3593 281
3593 282
3593 283
3593 284
3593 285
3593 286
3593 287
3593 288
3593 289
3593 290
3593 291
3593 292
3593 293
3593 294
3594 279
3594 280
3594 281
3594 282
3594 283
3594 284
3594 285
3594 286
3594 287
3594 288
3594 289
3594 290
3594 291
3594 292
3594 293
3594 294
3594 295
3595 279
3595 280
3595 281
3595 282
3595 283
3595 284
3595 285
3595 286
3595 287
3595 288
3595 289
3595 290
3595 291
3595 292
3595 293
3595 294
3595 295
3596 280
3596 281
3596 282
3596 283
3596 284
3596 285
3596 286
3596 287
3596 288
3596 289
3596 290
3596 291
3596 292
3596 293
3596 294
3596 295
3597 280
3597 281
3597 282
3597 283
3597 284
3597 285
3597 286
3597 287
3597 288
3597 289
3597 290
3597 291
3597 292
3597 293
3597 294
3597 295
3597 296
3598 281
3598 282
3598 283
3598 284
3598 285
3598 286
3598 287
3598 288
3598 289
3598 290
3598 291
3598 292
3598 293
3598 294
3598 295
3598 296
3599 281
3599 282
3599 283
3599 284
3599 285
3599 286
3599 287
3599 288
3599 289
3599 290
3599 291
3599 292
3599 293
3599 294
3599 295
3599 296
3599 297
3600 282
3600 283
3600 284
3600 285
3600 286
3600 287
3600 288
3600 289
3600 290
3600 291
3600 292
3600 293
3600 294
3600 295
3600 296
3600 297
3601 282
3601 283
3601 284
3601 285
3601 286
3601 287
3601 288
3601 289
3601 290
3601 291
3601 292
3601 293
3601 294
3601 295
3601 296
3601 297
3602 283
3602 284
3602 285
3602 286
3602 287
3602 288
3602 289
3602 290
3602 291
3602 292
3602 293
3602 294
3602 295
3602 296
3602 297
3602 298
3603 283
3603 284
3603 285
3603 286
3603 287
3603 288
3603 289
3603 290
3603 291
3603 292
3603 293
3603 294
3603 295
3603 296
3603 297
3603 298
3604 283
3604 284
3604 285
3604 286
3604 287
3604 288
3604 289
3604 290
3604 291
3604 292
3604 293
3604 294
3604 295
3604 296
3604 297
3604 298
3604 299
3605 284
3605 285
3605 286
3605 287
3605 288
3605 289
3605 290
3605 291
3605 292
3605 293
3605 294
3605 295
3605 296
3605 297
3605 298
3605 299
3606 284
3606 285
3606 286
3606 287
3606 288
3606 289
3606 290
3606 291
3606 292
3606 293
3606 294
3606 295
3606 296
3606 297
3606 298
3606 299
3607 285
3607 286
3607 287
3607 288
3607 289
3607 290
3607 291
3607 292
3607 293
3607 294
3607 295
3607 296
3607 297
3607 298
3607 299
3607 300
3608 285
3608 286
3608 287
3608 288
3608 289
3608 290
3608 291
3608 292
3608 293
3608 294
3608 295
3608 296
3608 297
3608 298
3608 299
3608 300
3609 286
3609 287
3609 288
3609 289
3609 290
3609 291
3609 292
3609 293
3609 294
3609 295
3609 296
3609 297
3609 298
3609 299
3609 300
3610 286
3610 287
3610 288
3610 289
3610 290
3610 291
3610 292
3610 293
3610 294
3610 295
3610 296
3610 297
3610 298
3610 299
3610 300
3610 301
3611 287
3611 288
3611 289
3611 290
3611 291
3611 292
3611 293
3611 294
3611 295
3611 296
3611 297
3611 298
3611 299
3611 300
3611 301
3612 287
3612 288
3612 289
3612 290
3612 291
3612 292
3612 293
3612 294
3612 295
3612 296
3612 297
3612 298
3612 299
3612 300
3612 301
3612 302
3613 288
3613 289
3613 290
3613 291
3613 292
3613 293
3613 294
3613 295
3613 296
3613 297
3613 298
3613 299
3613 300
3613 301
3613 302
3614 288
3614 289
3614 290
3614 291
3614 292
3614 293
3614 294
3614 295
3614 296
3614 297
3614 298
3614 299
3614 300
3614 301
3614 302
3615 289
3615 290
3615 291
3615 292
3615 293
3615 294
3615 295
3615 296
3615 297
3615 298
3615 299
3615 300
3615 301
3615 302
3615 303
3616 289
3616 290
3616 291
3616 292
3616 293
3616 294
3616 295
3616 296
3616 297
3616 298
3616 299
3616 300
3616 301
3616 302
3616 303
3617 290
3617 291
3617 292
3617 293
3617 294
3617 295
3617 296
3617 297
3617 298
3617 299
3617 300
3617 301
3617 302
3617 303
3618 290
3618 291
3618 292
3618 293
3618 294
3618 295
3618 296
3618 297
3618 298
3618 299
3618 300
3618 301
3618 302
3618 303
3618 304
3619 291
3619 292
3619 293
3619 294
3619 295
3619 296
3619 297
3619 298
3619 299
3619 300
3619 301
3619 302
3619 303
3619 304
3620 291
3620 292
3620 293
3620 294
3620 295
3620 296
3620 297
3620 298
3620 299
3620 300
3620 301
3620 302
3620 303
3620 304
3621 292
3621 293
3621 294
3621 295
3621 296
3621 297
3621 298
3621 299
3621 300
3621 301
3621 302
3621 303
3621 304
3621 305
3622 292
3622 293
3622 294
3622 295
3622 296
3622 297
3622 298
3622 299
3622 300
3622 301
3622 302
3622 303
3622 304
3622 305
3623 293
3623 294
3623 295
3623 296
3623 297
3623 298
3623 299
3623 300
3623 301
3623 302
3623 303
3623 304
3623 305
3624 293
3624 294
3624 295
3624 296
3624 297
3624 298
3624 299
3624 300
3624 301
3624 302
3624 303
3624 304
3624 305
3624 306
3625 294
3625 295
3625 296
3625 297
3625 298
3625 299
3625 300
3625 301
3625 302
3625 303
3625 304
3625 305
3625 306
3626 294
3626 295
3626 296
3626 297
3626 298
3626 299
3626 300
3626 301
3626 302
3626 303
3626 304
3626 305
3626 306
3627 295
3627 296
3627 297
3627 298
3627 299
3627 300
3627 301
3627 302
3627 303
3627 304
3627 305
3627 306
3627 307
3628 295
3628 296
3628 297
3628 298
3628 299
3628 300
3628 301
3628 302
3628 303
3628 304
3628 305
3628 306
3628 307
3629 296
3629 297
3629 298
3629 299
3629 300
3629 301
3629 302
3629 303
3629 304
3629 305
3629 306
3629 307
3630 296
3630 297
3630 298
3630 299
3630 300
3630 301
3630 302
3630 303
3630 304
3630 305
3630 306
3630 307
3630 308
3631 297
3631 298
3631 299
3631 300
3631 301
3631 302
3631 303
3631 304
3631 305
3631 306
3631 307
3631 308
3632 297
3632 298
3632 299
3632 300
3632 301
3632 302
3632 303
3632 304
3632 305
3632 306
3632 307
3632 308
3633 298
3633 299
3633 300
3633 301
3633 302
3633 303
3633 304
3633 305
3633 306
3633 307
3633 308
3633 309
3634 298
3634 299
3634 300
3634 301
3634 302
3634 303
3634 304
3634 305
3634 306
3634 307
3634 308
3634 309
3635 299
3635 300
3635 301
3635 302
3635 303
3635 304
3635 305
3635 306
3635 307
3635 308
3635 309
3636 299
3636 300
3636 301
3636 302
3636 303
3636 304
3636 305
3636 306
3636 307
3636 308
3636 309
3636 310
3637 300
3637 301
3637 302
3637 303
3637 304
3637 305
3637 306
3637 307
3637 308
3637 309
3637 310
3638 301
3638 302
3638 303
3638 304
3638 305
3638 306
3638 307
3638 308
3638 309
3638 310
3639 301
3639 302
3639 303
3639 304
3639 305
3639 306
3639 307
3639 308
3639 309
3639 310
3640 302
3640 303
3640 304
3640 305
3640 306
3640 307
3640 308
3640 309
3640 310
3640 311
3641 302
3641 303
3641 304
3641 305
3641 306
3641 307
3641 308
3641 309
3641 310
3641 311
3642 303
3642 304
3642 305
3642 306
3642 307
3642 308
3642 309
3642 310
3642 311
3643 303
3643 304
3643 305
3643 306
3643 307
3643 308
3643 309
3643 310
3643 311
3643 312
3644 304
3644 305
3644 306
3644 307
3644 308
3644 309
3644 310
3644 311
3644 312
3645 305
3645 306
3645 307
3645 308
3645 309
3645 310
3645 311
3645 312
3646 305
3646 306
3646 307
3646 308
3646 309
3646 310
3646 311
3646 312
3647 306
3647 307
3647 308
3647 309
3647 310
3647 311
3647 312
3648 306
3648 307
3648 308
3648 309
3648 310
3648 311
3648 312
3648 313
3649 307
3649 308
3649 309
3649 310
3649 311
3649 312
3649 313
3650 308
3650 309
3650 310
3650 311
3650 312
3650 313
3651 309
3651 310
3651 311
3651 312
3651 313
3652 309
3652 310
3652 311
3652 312
3652 313
3653 310
3653 311
3653 312
3653 313
3654 311
3654 312
3654 313
3655 312
3655 313
