503 107
503 108
504 108
504 109
504 110
505 109
505 110
505 111
505 112
506 110
506 111
506 112
506 113
507 111
507 112
507 113
507 114
507 115
508 112
508 113
508 114
508 115
508 116
509 113
509 114
509 115
509 116
509 117
509 118
510 114
510 115
510 116
510 117
510 118
510 119
511 115
511 116
511 117
511 118
511 119
511 120
512 116
512 117
512 118
512 119
512 120
512 121
512 122
513 117
513 118
513 119
513 120
513 121
513 122
513 123
514 118
514 119
514 120
514 121
514 122
514 123
514 124
515 120
515 121
515 122
515 123
515 124
515 125
516 121
516 122
516 123
516 124
516 125
516 126
517 122
517 123
517 124
517 125
517 126
517 127
517 128
518 123
518 124
518 125
518 126
518 127
518 128
518 129
519 125
519 126
519 127
519 128
519 129
519 130
520 126
520 127
520 128
520 129
520 130
520 131
521 128
521 129
521 130
521 131
521 132
522 129
522 130
522 131
522 132
523 131
523 132
523 133
524 133
524 134
559 98
559 99
559 100
560 98
560 99
560 100
560 101
560 102
560 103
561 99
561 100
561 101
561 102
561 103
561 104
562 100
562 101
562 102
562 103
562 104
562 105
562 106
563 101
563 102
563 103
563 104
563 105
563 106
563 107
563 108
564 102
564 103
564 104
564 105
564 106
564 107
564 108
564 109
565 102
565 103
565 104
565 105
565 106
565 107
565 108
565 109
565 110
565 111
566 103
566 104
566 105
566 106
566 107
566 108
566 109
566 110
566 111
566 112
566 113
567 104
567 105
567 106
567 107
567 108
567 109
567 110
567 111
567 112
567 113
567 114
568 105
568 106
568 107
568 108
568 109
568 110
568 111
568 112
568 113
568 114
568 115
569 107
569 108
569 109
569 110
569 111
569 112
569 113
569 114
569 115
569 116
569 117
570 108
570 109
570 110
570 111
570 112
570 113
570 114
570 115
570 116
570 117
570 118
571 109
571 110
571 111
571 112
571 113
571 114
571 115
571 116
571 117
571 118
571 119
571 120
572 110
572 111
572 112
572 113
572 114
572 115
572 116
572 117
572 118
572 119
572 120
572 121
573 111
573 112
573 113
573 114
573 115
573 116
573 117
573 118
573 119
573 120
573 121
573 122
574 112
574 113
574 114
574 115
574 116
574 117
574 118
574 119
574 120
574 121
574 122
574 123
574 124
575 113
575 114
575 115
575 116
575 117
575 118
575 119
575 120
575 121
575 122
575 123
575 124
575 125
576 114
576 115
576 116
576 117
576 118
576 119
576 120
576 121
576 122
576 123
576 124
576 125
576 126
577 116
577 117
577 118
577 119
577 120
577 121
577 122
577 123
577 124
577 125
577 126
577 127
578 117
578 118
578 119
578 120
578 121
578 122
578 123
578 124
578 125
578 126
578 127
578 128
578 129
579 118
579 119
579 120
579 121
579 122
579 123
579 124
579 125
579 126
579 127
579 128
579 129
579 130
580 119
580 120
580 121
580 122
580 123
580 124
580 125
580 126
580 127
580 128
580 129
580 130
580 131
581 121
581 122
581 123
581 124
581 125
581 126
581 127
581 128
581 129
581 130
581 131
581 132
582 122
582 123
582 124
582 125
582 126
582 127
582 128
582 129
582 130
582 131
582 132
582 133
583 123
583 124
583 125
583 126
583 127
583 128
583 129
583 130
583 131
583 132
583 133
583 134
583 135
584 124
584 125
584 126
584 127
584 128
584 129
584 130
584 131
584 132
584 133
584 134
584 135
584 136
585 126
585 127
585 128
585 129
585 130
585 131
585 132
585 133
585 134
585 135
585 136
585 137
586 127
586 128
586 129
586 130
586 131
586 132
586 133
586 134
586 135
586 136
586 137
586 138
587 128
587 129
587 130
587 131
587 132
587 133
587 134
587 135
587 136
587 137
587 138
587 139
588 130
588 131
588 132
588 133
588 134
588 135
588 136
588 137
588 138
588 139
588 140
589 131
589 132
589 133
589 134
589 135
589 136
589 137
589 138
589 139
589 140
589 141
590 133
590 134
590 135
590 136
590 137
590 138
590 139
590 140
590 141
590 142
591 134
591 135
591 136
591 137
591 138
591 139
591 140
591 141
591 142
591 143
592 135
592 136
592 137
592 138
592 139
592 140
592 141
592 142
592 143
592 144
593 137
593 138
593 139
593 140
593 141
593 142
593 143
593 144
594 139
594 140
594 141
594 142
594 143
594 144
594 145
595 140
595 141
595 142
595 143
595 144
595 145
595 146
596 142
596 143
596 144
596 145
596 146
597 144
597 145
597 146
597 147
620 96
620 97
620 98
621 96
621 97
621 98
621 99
621 100
621 101
622 97
622 98
622 99
622 100
622 101
622 102
622 103
623 97
623 98
623 99
623 100
623 101
623 102
623 103
623 104
624 98
624 99
624 100
624 101
624 102
624 103
624 104
624 105
624 106
625 99
625 100
625 101
625 102
625 103
625 104
625 105
625 106
625 107
625 108
626 100
626 101
626 102
626 103
626 104
626 105
626 106
626 107
626 108
626 109
627 101
627 102
627 103
627 104
627 105
627 106
627 107
627 108
627 109
627 110
627 111
628 102
628 103
628 104
628 105
628 106
628 107
628 108
628 109
628 110
628 111
628 112
628 113
629 103
629 104
629 105
629 106
629 107
629 108
629 109
629 110
629 111
629 112
629 113
629 114
630 104
630 105
630 106
630 107
630 108
630 109
630 110
630 111
630 112
630 113
630 114
630 115
631 105
631 106
631 107
631 108
631 109
631 110
631 111
631 112
631 113
631 114
631 115
631 116
631 117
632 106
632 107
632 108
632 109
632 110
632 111
632 112
632 113
632 114
632 115
632 116
632 117
632 118
633 107
633 108
633 109
633 110
633 111
633 112
633 113
633 114
633 115
633 116
633 117
633 118
633 119
633 120
634 108
634 109
634 110
634 111
634 112
634 113
634 114
634 115
634 116
634 117
634 118
634 119
634 120
634 121
635 109
635 110
635 111
635 112
635 113
635 114
635 115
635 116
635 117
635 118
635 119
635 120
635 121
635 122
636 110
636 111
636 112
636 113
636 114
636 115
636 116
636 117
636 118
636 119
636 120
636 121
636 122
636 123
636 124
637 112
637 113
637 114
637 115
637 116
637 117
637 118
637 119
637 120
637 121
637 122
637 123
637 124
637 125
638 113
638 114
638 115
638 116
638 117
638 118
638 119
638 120
638 121
638 122
638 123
638 124
638 125
638 126
639 114
639 115
639 116
639 117
639 118
639 119
639 120
639 121
639 122
639 123
639 124
639 125
639 126
639 127
639 128
640 115
640 116
640 117
640 118
640 119
640 120
640 121
640 122
640 123
640 124
640 125
640 126
640 127
640 128
640 129
641 116
641 117
641 118
641 119
641 120
641 121
641 122
641 123
641 124
641 125
641 126
641 127
641 128
641 129
641 130
642 118
642 119
642 120
642 121
642 122
642 123
642 124
642 125
642 126
642 127
642 128
642 129
642 130
642 131
642 132
643 119
643 120
643 121
643 122
643 123
643 124
643 125
643 126
643 127
643 128
643 129
643 130
643 131
643 132
643 133
644 120
644 121
644 122
644 123
644 124
644 125
644 126
644 127
644 128
644 129
644 130
644 131
644 132
644 133
644 134
645 121
645 122
645 123
645 124
645 125
645 126
645 127
645 128
645 129
645 130
645 131
645 132
645 133
645 134
645 135
646 123
646 124
646 125
646 126
646 127
646 128
646 129
646 130
646 131
646 132
646 133
646 134
646 135
646 136
647 124
647 125
647 126
647 127
647 128
647 129
647 130
647 131
647 132
647 133
647 134
647 135
647 136
647 137
648 125
648 126
648 127
648 128
648 129
648 130
648 131
648 132
648 133
648 134
648 135
648 136
648 137
648 138
648 139
649 127
649 128
649 129
649 130
649 131
649 132
649 133
649 134
649 135
649 136
649 137
649 138
649 139
649 140
650 128
650 129
650 130
650 131
650 132
650 133
650 134
650 135
650 136
650 137
650 138
650 139
650 140
650 141
651 129
651 130
651 131
651 132
651 133
651 134
651 135
651 136
651 137
651 138
651 139
651 140
651 141
651 142
652 131
652 132
652 133
652 134
652 135
652 136
652 137
652 138
652 139
652 140
652 141
652 142
652 143
653 132
653 133
653 134
653 135
653 136
653 137
653 138
653 139
653 140
653 141
653 142
653 143
653 144
654 133
654 134
654 135
654 136
654 137
654 138
654 139
654 140
654 141
654 142
654 143
654 144
654 145
655 135
655 136
655 137
655 138
655 139
655 140
655 141
655 142
655 143
655 144
655 145
655 146
656 136
656 137
656 138
656 139
656 140
656 141
656 142
656 143
656 144
656 145
656 146
656 147
657 138
657 139
657 140
657 141
657 142
657 143
657 144
657 145
657 146
657 147
657 148
658 139
658 140
658 141
658 142
658 143
658 144
658 145
658 146
658 147
658 148
659 141
659 142
659 143
659 144
659 145
659 146
659 147
659 148
659 149
660 143
660 144
660 145
660 146
660 147
660 148
660 149
660 150
661 144
661 145
661 146
661 147
661 148
661 149
661 150
662 146
662 147
662 148
662 149
662 150
662 151
663 149
663 150
663 151
683 98
684 98
684 99
684 100
684 101
685 98
685 99
685 100
685 101
685 102
685 103
686 99
686 100
686 101
686 102
686 103
686 104
686 105
687 99
687 100
687 101
687 102
687 103
687 104
687 105
687 106
687 107
688 100
688 101
688 102
688 103
688 104
688 105
688 106
688 107
688 108
688 109
689 101
689 102
689 103
689 104
689 105
689 106
689 107
689 108
689 109
689 110
690 102
690 103
690 104
690 105
690 106
690 107
690 108
690 109
690 110
690 111
690 112
691 103
691 104
691 105
691 106
691 107
691 108
691 109
691 110
691 111
691 112
691 113
692 104
692 105
692 106
692 107
692 108
692 109
692 110
692 111
692 112
692 113
692 114
692 115
693 105
693 106
693 107
693 108
693 109
693 110
693 111
693 112
693 113
693 114
693 115
693 116
694 106
694 107
694 108
694 109
694 110
694 111
694 112
694 113
694 114
694 115
694 116
694 117
694 118
695 107
695 108
695 109
695 110
695 111
695 112
695 113
695 114
695 115
695 116
695 117
695 118
695 119
696 108
696 109
696 110
696 111
696 112
696 113
696 114
696 115
696 116
696 117
696 118
696 119
696 120
696 121
697 109
697 110
697 111
697 112
697 113
697 114
697 115
697 116
697 117
697 118
697 119
697 120
697 121
697 122
698 110
698 111
698 112
698 113
698 114
698 115
698 116
698 117
698 118
698 119
698 120
698 121
698 122
698 123
699 111
699 112
699 113
699 114
699 115
699 116
699 117
699 118
699 119
699 120
699 121
699 122
699 123
699 124
699 125
700 113
700 114
700 115
700 116
700 117
700 118
700 119
700 120
700 121
700 122
700 123
700 124
700 125
700 126
701 114
701 115
701 116
701 117
701 118
701 119
701 120
701 121
701 122
701 123
701 124
701 125
701 126
701 127
702 115
702 116
702 117
702 118
702 119
702 120
702 121
702 122
702 123
702 124
702 125
702 126
702 127
702 128
702 129
703 116
703 117
703 118
703 119
703 120
703 121
703 122
703 123
703 124
703 125
703 126
703 127
703 128
703 129
703 130
704 117
704 118
704 119
704 120
704 121
704 122
704 123
704 124
704 125
704 126
704 127
704 128
704 129
704 130
704 131
705 119
705 120
705 121
705 122
705 123
705 124
705 125
705 126
705 127
705 128
705 129
705 130
705 131
705 132
706 120
706 121
706 122
706 123
706 124
706 125
706 126
706 127
706 128
706 129
706 130
706 131
706 132
706 133
706 134
707 121
707 122
707 123
707 124
707 125
707 126
707 127
707 128
707 129
707 130
707 131
707 132
707 133
707 134
707 135
708 122
708 123
708 124
708 125
708 126
708 127
708 128
708 129
708 130
708 131
708 132
708 133
708 134
708 135
708 136
709 124
709 125
709 126
709 127
709 128
709 129
709 130
709 131
709 132
709 133
709 134
709 135
709 136
709 137
710 125
710 126
710 127
710 128
710 129
710 130
710 131
710 132
710 133
710 134
710 135
710 136
710 137
710 138
711 126
711 127
711 128
711 129
711 130
711 131
711 132
711 133
711 134
711 135
711 136
711 137
711 138
711 139
712 128
712 129
712 130
712 131
712 132
712 133
712 134
712 135
712 136
712 137
712 138
712 139
712 140
712 141
713 129
713 130
713 131
713 132
713 133
713 134
713 135
713 136
713 137
713 138
713 139
713 140
713 141
713 142
714 130
714 131
714 132
714 133
714 134
714 135
714 136
714 137
714 138
714 139
714 140
714 141
714 142
714 143
715 132
715 133
715 134
715 135
715 136
715 137
715 138
715 139
715 140
715 141
715 142
715 143
715 144
716 133
716 134
716 135
716 136
716 137
716 138
716 139
716 140
716 141
716 142
716 143
716 144
716 145
717 135
717 136
717 137
717 138
717 139
717 140
717 141
717 142
717 143
717 144
717 145
717 146
718 136
718 137
718 138
718 139
718 140
718 141
718 142
718 143
718 144
718 145
718 146
718 147
719 138
719 139
719 140
719 141
719 142
719 143
719 144
719 145
719 146
719 147
720 139
720 140
720 141
720 142
720 143
720 144
720 145
720 146
720 147
720 148
721 141
721 142
721 143
721 144
721 145
721 146
721 147
721 148
721 149
722 143
722 144
722 145
722 146
722 147
722 148
722 149
722 150
723 144
723 145
723 146
723 147
723 148
723 149
723 150
724 146
724 147
724 148
724 149
724 150
724 151
725 149
725 150
725 151
749 102
749 103
749 104
750 102
750 103
750 104
750 105
750 106
751 103
751 104
751 105
751 106
751 107
751 108
752 104
752 105
752 106
752 107
752 108
752 109
752 110
753 104
753 105
753 106
753 107
753 108
753 109
753 110
753 111
753 112
754 105
754 106
754 107
754 108
754 109
754 110
754 111
754 112
754 113
755 106
755 107
755 108
755 109
755 110
755 111
755 112
755 113
755 114
755 115
756 107
756 108
756 109
756 110
756 111
756 112
756 113
756 114
756 115
756 116
757 108
757 109
757 110
757 111
757 112
757 113
757 114
757 115
757 116
757 117
757 118
758 109
758 110
758 111
758 112
758 113
758 114
758 115
758 116
758 117
758 118
758 119
759 110
759 111
759 112
759 113
759 114
759 115
759 116
759 117
759 118
759 119
759 120
759 121
760 111
760 112
760 113
760 114
760 115
760 116
760 117
760 118
760 119
760 120
760 121
760 122
761 113
761 114
761 115
761 116
761 117
761 118
761 119
761 120
761 121
761 122
761 123
762 114
762 115
762 116
762 117
762 118
762 119
762 120
762 121
762 122
762 123
762 124
762 125
763 115
763 116
763 117
763 118
763 119
763 120
763 121
763 122
763 123
763 124
763 125
763 126
764 116
764 117
764 118
764 119
764 120
764 121
764 122
764 123
764 124
764 125
764 126
764 127
765 117
765 118
765 119
765 120
765 121
765 122
765 123
765 124
765 125
765 126
765 127
765 128
765 129
766 118
766 119
766 120
766 121
766 122
766 123
766 124
766 125
766 126
766 127
766 128
766 129
766 130
767 120
767 121
767 122
767 123
767 124
767 125
767 126
767 127
767 128
767 129
767 130
767 131
768 121
768 122
768 123
768 124
768 125
768 126
768 127
768 128
768 129
768 130
768 131
768 132
769 122
769 123
769 124
769 125
769 126
769 127
769 128
769 129
769 130
769 131
769 132
769 133
770 124
770 125
770 126
770 127
770 128
770 129
770 130
770 131
770 132
770 133
770 134
770 135
771 125
771 126
771 127
771 128
771 129
771 130
771 131
771 132
771 133
771 134
771 135
771 136
772 126
772 127
772 128
772 129
772 130
772 131
772 132
772 133
772 134
772 135
772 136
772 137
773 128
773 129
773 130
773 131
773 132
773 133
773 134
773 135
773 136
773 137
773 138
774 129
774 130
774 131
774 132
774 133
774 134
774 135
774 136
774 137
774 138
774 139
775 130
775 131
775 132
775 133
775 134
775 135
775 136
775 137
775 138
775 139
775 140
776 132
776 133
776 134
776 135
776 136
776 137
776 138
776 139
776 140
776 141
777 133
777 134
777 135
777 136
777 137
777 138
777 139
777 140
777 141
777 142
778 135
778 136
778 137
778 138
778 139
778 140
778 141
778 142
778 143
779 136
779 137
779 138
779 139
779 140
779 141
779 142
779 143
779 144
780 138
780 139
780 140
780 141
780 142
780 143
780 144
780 145
781 140
781 141
781 142
781 143
781 144
781 145
782 141
782 142
782 143
782 144
782 145
782 146
783 144
783 145
783 146
821 116
822 116
822 117
822 118
823 117
823 118
823 119
824 118
824 119
824 120
824 121
825 119
825 120
825 121
825 122
826 120
826 121
826 122
826 123
826 124
827 121
827 122
827 123
827 124
827 125
828 123
828 124
828 125
828 126
829 124
829 125
829 126
829 127
830 125
830 126
830 127
830 128
831 127
831 128
831 129
832 128
832 129
832 130
833 130
833 131
2136 221
2136 222
2136 223
2137 222
2137 223
2137 224
2138 223
2138 224
2138 225
2138 226
2139 223
2139 224
2139 225
2139 226
2139 227
2140 224
2140 225
2140 226
2140 227
2140 228
2140 229
2141 226
2141 227
2141 228
2141 229
2141 230
2142 227
2142 228
2142 229
2142 230
2142 231
2142 232
2143 228
2143 229
2143 230
2143 231
2143 232
2143 233
2144 229
2144 230
2144 231
2144 232
2144 233
2144 234
2145 230
2145 231
2145 232
2145 233
2145 234
2145 235
2145 236
2146 231
2146 232
2146 233
2146 234
2146 235
2146 236
2146 237
2147 233
2147 234
2147 235
2147 236
2147 237
2147 238
2148 234
2148 235
2148 236
2148 237
2148 238
2148 239
2149 235
2149 236
2149 237
2149 238
2149 239
2149 240
2150 237
2150 238
2150 239
2150 240
2150 241
2151 238
2151 239
2151 240
2151 241
2151 242
2151 243
2152 240
2152 241
2152 242
2152 243
2152 244
2153 241
2153 242
2153 243
2153 244
2154 243
2154 244
2154 245
2155 245
2155 246
2190 210
2190 211
2190 212
2190 213
2191 211
2191 212
2191 213
2191 214
2191 215
2192 211
2192 212
2192 213
2192 214
2192 215
2192 216
2193 212
2193 213
2193 214
2193 215
2193 216
2193 217
2193 218
2194 213
2194 214
2194 215
2194 216
2194 217
2194 218
2194 219
2194 220
2195 214
2195 215
2195 216
2195 217
2195 218
2195 219
2195 220
2195 221
2196 215
2196 216
2196 217
2196 218
2196 219
2196 220
2196 221
2196 222
2196 223
2197 216
2197 217
2197 218
2197 219
2197 220
2197 221
2197 222
2197 223
2197 224
2198 217
2198 218
2198 219
2198 220
2198 221
2198 222
2198 223
2198 224
2198 225
2198 226
2199 218
2199 219
2199 220
2199 221
2199 222
2199 223
2199 224
2199 225
2199 226
2199 227
2200 219
2200 220
2200 221
2200 222
2200 223
2200 224
2200 225
2200 226
2200 227
2200 228
2201 220
2201 221
2201 222
2201 223
2201 224
2201 225
2201 226
2201 227
2201 228
2201 229
2201 230
2202 221
2202 222
2202 223
2202 224
2202 225
2202 226
2202 227
2202 228
2202 229
2202 230
2202 231
2203 222
2203 223
2203 224
2203 225
2203 226
2203 227
2203 228
2203 229
2203 230
2203 231
2203 232
2203 233
2204 223
2204 224
2204 225
2204 226
2204 227
2204 228
2204 229
2204 230
2204 231
2204 232
2204 233
2204 234
2205 224
2205 225
2205 226
2205 227
2205 228
2205 229
2205 230
2205 231
2205 232
2205 233
2205 234
2205 235
2206 226
2206 227
2206 228
2206 229
2206 230
2206 231
2206 232
2206 233
2206 234
2206 235
2206 236
2206 237
2207 227
2207 228
2207 229
2207 230
2207 231
2207 232
2207 233
2207 234
2207 235
2207 236
2207 237
2207 238
2208 228
2208 229
2208 230
2208 231
2208 232
2208 233
2208 234
2208 235
2208 236
2208 237
2208 238
2208 239
2209 229
2209 230
2209 231
2209 232
2209 233
2209 234
2209 235
2209 236
2209 237
2209 238
2209 239
2209 240
2210 231
2210 232
2210 233
2210 234
2210 235
2210 236
2210 237
2210 238
2210 239
2210 240
2210 241
2210 242
2211 232
2211 233
2211 234
2211 235
2211 236
2211 237
2211 238
2211 239
2211 240
2211 241
2211 242
2211 243
2212 233
2212 234
2212 235
2212 236
2212 237
2212 238
2212 239
2212 240
2212 241
2212 242
2212 243
2212 244
2213 235
2213 236
2213 237
2213 238
2213 239
2213 240
2213 241
2213 242
2213 243
2213 244
2213 245
2214 236
2214 237
2214 238
2214 239
2214 240
2214 241
2214 242
2214 243
2214 244
2214 245
2214 246
2215 237
2215 238
2215 239
2215 240
2215 241
2215 242
2215 243
2215 244
2215 245
2215 246
2215 247
2215 248
2216 239
2216 240
2216 241
2216 242
2216 243
2216 244
2216 245
2216 246
2216 247
2216 248
2216 249
2217 240
2217 241
2217 242
2217 243
2217 244
2217 245
2217 246
2217 247
2217 248
2217 249
2217 250
2218 242
2218 243
2218 244
2218 245
2218 246
2218 247
2218 248
2218 249
2218 250
2218 251
2219 243
2219 244
2219 245
2219 246
2219 247
2219 248
2219 249
2219 250
2219 251
2219 252
2220 245
2220 246
2220 247
2220 248
2220 249
2220 250
2220 251
2220 252
2220 253
2221 246
2221 247
2221 248
2221 249
2221 250
2221 251
2221 252
2221 253
2221 254
2222 248
2222 249
2222 250
2222 251
2222 252
2222 253
2222 254
2222 255
2223 249
2223 250
2223 251
2223 252
2223 253
2223 254
2223 255
2223 256
2224 251
2224 252
2224 253
2224 254
2224 255
2224 256
2225 253
2225 254
2225 255
2225 256
2225 257
2226 256
2226 257
2249 207
2250 207
2250 208
2250 209
2250 210
2251 207
2251 208
2251 209
2251 210
2251 211
2251 212
2252 208
2252 209
2252 210
2252 211
2252 212
2252 213
2252 214
2253 208
2253 209
2253 210
2253 211
2253 212
2253 213
2253 214
2253 215
2254 209
2254 210
2254 211
2254 212
2254 213
2254 214
2254 215
2254 216
2254 217
2255 210
2255 211
2255 212
2255 213
2255 214
2255 215
2255 216
2255 217
2255 218
2255 219
2256 211
2256 212
2256 213
2256 214
2256 215
2256 216
2256 217
2256 218
2256 219
2256 220
2257 212
2257 213
2257 214
2257 215
2257 216
2257 217
2257 218
2257 219
2257 220
2257 221
2257 222
2258 213
2258 214
2258 215
2258 216
2258 217
2258 218
2258 219
2258 220
2258 221
2258 222
2258 223
2259 214
2259 215
2259 216
2259 217
2259 218
2259 219
2259 220
2259 221
2259 222
2259 223
2259 224
2259 225
2260 215
2260 216
2260 217
2260 218
2260 219
2260 220
2260 221
2260 222
2260 223
2260 224
2260 225
2260 226
2261 216
2261 217
2261 218
2261 219
2261 220
2261 221
2261 222
2261 223
2261 224
2261 225
2261 226
2261 227
2262 217
2262 218
2262 219
2262 220
2262 221
2262 222
2262 223
2262 224
2262 225
2262 226
2262 227
2262 228
2262 229
2263 218
2263 219
2263 220
2263 221
2263 222
2263 223
2263 224
2263 225
2263 226
2263 227
2263 228
2263 229
2263 230
2264 219
2264 220
2264 221
2264 222
2264 223
2264 224
2264 225
2264 226
2264 227
2264 228
2264 229
2264 230
2264 231
2264 232
2265 221
2265 222
2265 223
2265 224
2265 225
2265 226
2265 227
2265 228
2265 229
2265 230
2265 231
2265 232
2265 233
2266 222
2266 223
2266 224
2266 225
2266 226
2266 227
2266 228
2266 229
2266 230
2266 231
2266 232
2266 233
2266 234
2267 223
2267 224
2267 225
2267 226
2267 227
2267 228
2267 229
2267 230
2267 231
2267 232
2267 233
2267 234
2267 235
2267 236
2268 224
2268 225
2268 226
2268 227
2268 228
2268 229
2268 230
2268 231
2268 232
2268 233
2268 234
2268 235
2268 236
2268 237
2269 225
2269 226
2269 227
2269 228
2269 229
2269 230
2269 231
2269 232
2269 233
2269 234
2269 235
2269 236
2269 237
2269 238
2270 227
2270 228
2270 229
2270 230
2270 231
2270 232
2270 233
2270 234
2270 235
2270 236
2270 237
2270 238
2270 239
2270 240
2271 228
2271 229
2271 230
2271 231
2271 232
2271 233
2271 234
2271 235
2271 236
2271 237
2271 238
2271 239
2271 240
2271 241
2272 229
2272 230
2272 231
2272 232
2272 233
2272 234
2272 235
2272 236
2272 237
2272 238
2272 239
2272 240
2272 241
2272 242
2273 230
2273 231
2273 232
2273 233
2273 234
2273 235
2273 236
2273 237
2273 238
2273 239
2273 240
2273 241
2273 242
2273 243
2274 232
2274 233
2274 234
2274 235
2274 236
2274 237
2274 238
2274 239
2274 240
2274 241
2274 242
2274 243
2274 244
2274 245
2275 233
2275 234
2275 235
2275 236
2275 237
2275 238
2275 239
2275 240
2275 241
2275 242
2275 243
2275 244
2275 245
2275 246
2276 234
2276 235
2276 236
2276 237
2276 238
2276 239
2276 240
2276 241
2276 242
2276 243
2276 244
2276 245
2276 246
2276 247
2277 236
2277 237
2277 238
2277 239
2277 240
2277 241
2277 242
2277 243
2277 244
2277 245
2277 246
2277 247
2277 248
2278 237
2278 238
2278 239
2278 240
2278 241
2278 242
2278 243
2278 244
2278 245
2278 246
2278 247
2278 248
2278 249
2279 239
2279 240
2279 241
2279 242
2279 243
2279 244
2279 245
2279 246
2279 247
2279 248
2279 249
2279 250
2279 251
2280 240
2280 241
2280 242
2280 243
2280 244
2280 245
2280 246
2280 247
2280 248
2280 249
2280 250
2280 251
2280 252
2281 242
2281 243
2281 244
2281 245
2281 246
2281 247
2281 248
2281 249
2281 250
2281 251
2281 252
2281 253
2282 243
2282 244
2282 245
2282 246
2282 247
2282 248
2282 249
2282 250
2282 251
2282 252
2282 253
2282 254
2283 245
2283 246
2283 247
2283 248
2283 249
2283 250
2283 251
2283 252
2283 253
2283 254
2283 255
2284 246
2284 247
2284 248
2284 249
2284 250
2284 251
2284 252
2284 253
2284 254
2284 255
2284 256
2285 248
2285 249
2285 250
2285 251
2285 252
2285 253
2285 254
2285 255
2285 256
2285 257
2286 249
2286 250
2286 251
2286 252
2286 253
2286 254
2286 255
2286 256
2286 257
2286 258
2287 251
2287 252
2287 253
2287 254
2287 255
2287 256
2287 257
2287 258
2287 259
2288 253
2288 254
2288 255
2288 256
2288 257
2288 258
2288 259
2289 255
2289 256
2289 257
2289 258
2289 259
2289 260
2290 257
2290 258
2290 259
2290 260
2290 261
2291 260
2312 206
2312 207
2312 208
2312 209
2313 207
2313 208
2313 209
2313 210
2313 211
2314 207
2314 208
2314 209
2314 210
2314 211
2314 212
2314 213
2315 208
2315 209
2315 210
2315 211
2315 212
2315 213
2315 214
2315 215
2316 209
2316 210
2316 211
2316 212
2316 213
2316 214
2316 215
2316 216
2317 209
2317 210
2317 211
2317 212
2317 213
2317 214
2317 215
2317 216
2317 217
2317 218
2318 210
2318 211
2318 212
2318 213
2318 214
2318 215
2318 216
2318 217
2318 218
2318 219
2318 220
2319 211
2319 212
2319 213
2319 214
2319 215
2319 216
2319 217
2319 218
2319 219
2319 220
2319 221
2320 212
2320 213
2320 214
2320 215
2320 216
2320 217
2320 218
2320 219
2320 220
2320 221
2320 222
2320 223
2321 213
2321 214
2321 215
2321 216
2321 217
2321 218
2321 219
2321 220
2321 221
2321 222
2321 223
2321 224
2322 214
2322 215
2322 216
2322 217
2322 218
2322 219
2322 220
2322 221
2322 222
2322 223
2322 224
2322 225
2322 226
2323 215
2323 216
2323 217
2323 218
2323 219
2323 220
2323 221
2323 222
2323 223
2323 224
2323 225
2323 226
2323 227
2324 217
2324 218
2324 219
2324 220
2324 221
2324 222
2324 223
2324 224
2324 225
2324 226
2324 227
2324 228
2325 218
2325 219
2325 220
2325 221
2325 222
2325 223
2325 224
2325 225
2325 226
2325 227
2325 228
2325 229
2325 230
2326 219
2326 220
2326 221
2326 222
2326 223
2326 224
2326 225
2326 226
2326 227
2326 228
2326 229
2326 230
2326 231
2327 220
2327 221
2327 222
2327 223
2327 224
2327 225
2327 226
2327 227
2327 228
2327 229
2327 230
2327 231
2327 232
2327 233
2328 221
2328 222
2328 223
2328 224
2328 225
2328 226
2328 227
2328 228
2328 229
2328 230
2328 231
2328 232
2328 233
2328 234
2329 222
2329 223
2329 224
2329 225
2329 226
2329 227
2329 228
2329 229
2329 230
2329 231
2329 232
2329 233
2329 234
2329 235
2330 224
2330 225
2330 226
2330 227
2330 228
2330 229
2330 230
2330 231
2330 232
2330 233
2330 234
2330 235
2330 236
2330 237
2331 225
2331 226
2331 227
2331 228
2331 229
2331 230
2331 231
2331 232
2331 233
2331 234
2331 235
2331 236
2331 237
2331 238
2332 226
2332 227
2332 228
2332 229
2332 230
2332 231
2332 232
2332 233
2332 234
2332 235
2332 236
2332 237
2332 238
2332 239
2333 227
2333 228
2333 229
2333 230
2333 231
2333 232
2333 233
2333 234
2333 235
2333 236
2333 237
2333 238
2333 239
2333 240
2333 241
2334 229
2334 230
2334 231
2334 232
2334 233
2334 234
2334 235
2334 236
2334 237
2334 238
2334 239
2334 240
2334 241
2334 242
2335 230
2335 231
2335 232
2335 233
2335 234
2335 235
2335 236
2335 237
2335 238
2335 239
2335 240
2335 241
2335 242
2335 243
2336 231
2336 232
2336 233
2336 234
2336 235
2336 236
2336 237
2336 238
2336 239
2336 240
2336 241
2336 242
2336 243
2336 244
2337 233
2337 234
2337 235
2337 236
2337 237
2337 238
2337 239
2337 240
2337 241
2337 242
2337 243
2337 244
2337 245
2337 246
2338 234
2338 235
2338 236
2338 237
2338 238
2338 239
2338 240
2338 241
2338 242
2338 243
2338 244
2338 245
2338 246
2338 247
2339 236
2339 237
2339 238
2339 239
2339 240
2339 241
2339 242
2339 243
2339 244
2339 245
2339 246
2339 247
2339 248
2340 237
2340 238
2340 239
2340 240
2340 241
2340 242
2340 243
2340 244
2340 245
2340 246
2340 247
2340 248
2340 249
2341 239
2341 240
2341 241
2341 242
2341 243
2341 244
2341 245
2341 246
2341 247
2341 248
2341 249
2341 250
2342 240
2342 241
2342 242
2342 243
2342 244
2342 245
2342 246
2342 247
2342 248
2342 249
2342 250
2342 251
2343 242
2343 243
2343 244
2343 245
2343 246
2343 247
2343 248
2343 249
2343 250
2343 251
2343 252
2343 253
2344 243
2344 244
2344 245
2344 246
2344 247
2344 248
2344 249
2344 250
2344 251
2344 252
2344 253
2344 254
2345 245
2345 246
2345 247
2345 248
2345 249
2345 250
2345 251
2345 252
2345 253
2345 254
2345 255
2346 246
2346 247
2346 248
2346 249
2346 250
2346 251
2346 252
2346 253
2346 254
2346 255
2346 256
2347 248
2347 249
2347 250
2347 251
2347 252
2347 253
2347 254
2347 255
2347 256
2347 257
2348 250
2348 251
2348 252
2348 253
2348 254
2348 255
2348 256
2348 257
2348 258
2349 251
2349 252
2349 253
2349 254
2349 255
2349 256
2349 257
2349 258
2350 253
2350 254
2350 255
2350 256
2350 257
2350 258
2350 259
2351 255
2351 256
2351 257
2351 258
2351 259
2351 260
2352 258
2352 259
2352 260
2376 209
2376 210
2377 209
2377 210
2377 211
2377 212
2378 209
2378 210
2378 211
2378 212
2378 213
2378 214
2379 210
2379 211
2379 212
2379 213
2379 214
2379 215
2379 216
2380 211
2380 212
2380 213
2380 214
2380 215
2380 216
2380 217
2380 218
2381 212
2381 213
2381 214
2381 215
2381 216
2381 217
2381 218
2381 219
2382 213
2382 214
2382 215
2382 216
2382 217
2382 218
2382 219
2382 220
2382 221
2383 214
2383 215
2383 216
2383 217
2383 218
2383 219
2383 220
2383 221
2383 222
2383 223
2384 215
2384 216
2384 217
2384 218
2384 219
2384 220
2384 221
2384 222
2384 223
2384 224
2385 216
2385 217
2385 218
2385 219
2385 220
2385 221
2385 222
2385 223
2385 224
2385 225
2385 226
2386 217
2386 218
2386 219
2386 220
2386 221
2386 222
2386 223
2386 224
2386 225
2386 226
2386 227
2387 218
2387 219
2387 220
2387 221
2387 222
2387 223
2387 224
2387 225
2387 226
2387 227
2387 228
2388 219
2388 220
2388 221
2388 222
2388 223
2388 224
2388 225
2388 226
2388 227
2388 228
2388 229
2388 230
2389 221
2389 222
2389 223
2389 224
2389 225
2389 226
2389 227
2389 228
2389 229
2389 230
2389 231
2390 222
2390 223
2390 224
2390 225
2390 226
2390 227
2390 228
2390 229
2390 230
2390 231
2390 232
2390 233
2391 223
2391 224
2391 225
2391 226
2391 227
2391 228
2391 229
2391 230
2391 231
2391 232
2391 233
2391 234
2392 224
2392 225
2392 226
2392 227
2392 228
2392 229
2392 230
2392 231
2392 232
2392 233
2392 234
2392 235
2393 226
2393 227
2393 228
2393 229
2393 230
2393 231
2393 232
2393 233
2393 234
2393 235
2393 236
2393 237
2394 227
2394 228
2394 229
2394 230
2394 231
2394 232
2394 233
2394 234
2394 235
2394 236
2394 237
2394 238
2395 228
2395 229
2395 230
2395 231
2395 232
2395 233
2395 234
2395 235
2395 236
2395 237
2395 238
2395 239
2396 230
2396 231
2396 232
2396 233
2396 234
2396 235
2396 236
2396 237
2396 238
2396 239
2396 240
2397 231
2397 232
2397 233
2397 234
2397 235
2397 236
2397 237
2397 238
2397 239
2397 240
2397 241
2397 242
2398 232
2398 233
2398 234
2398 235
2398 236
2398 237
2398 238
2398 239
2398 240
2398 241
2398 242
2398 243
2399 234
2399 235
2399 236
2399 237
2399 238
2399 239
2399 240
2399 241
2399 242
2399 243
2399 244
2400 235
2400 236
2400 237
2400 238
2400 239
2400 240
2400 241
2400 242
2400 243
2400 244
2400 245
2401 237
2401 238
2401 239
2401 240
2401 241
2401 242
2401 243
2401 244
2401 245
2401 246
2401 247
2402 238
2402 239
2402 240
2402 241
2402 242
2402 243
2402 244
2402 245
2402 246
2402 247
2402 248
2403 240
2403 241
2403 242
2403 243
2403 244
2403 245
2403 246
2403 247
2403 248
2403 249
2404 241
2404 242
2404 243
2404 244
2404 245
2404 246
2404 247
2404 248
2404 249
2404 250
2405 243
2405 244
2405 245
2405 246
2405 247
2405 248
2405 249
2405 250
2405 251
2406 245
2406 246
2406 247
2406 248
2406 249
2406 250
2406 251
2406 252
2407 247
2407 248
2407 249
2407 250
2407 251
2407 252
2407 253
2408 249
2408 250
2408 251
2408 252
2408 253
2408 254
2409 251
2409 252
2409 253
2409 254
2410 253
2410 254
2447 220
2447 221
2448 220
2448 221
2448 222
2448 223
2449 221
2449 222
2449 223
2449 224
2450 222
2450 223
2450 224
2450 225
2450 226
2451 224
2451 225
2451 226
2451 227
2452 225
2452 226
2452 227
2452 228
2452 229
2453 226
2453 227
2453 228
2453 229
2453 230
2454 227
2454 228
2454 229
2454 230
2454 231
2454 232
2455 229
2455 230
2455 231
2455 232
2455 233
2456 230
2456 231
2456 232
2456 233
2456 234
2457 232
2457 233
2457 234
2457 235
2458 233
2458 234
2458 235
2458 236
2459 235
2459 236
2459 237
2460 237
2460 238
3681 158
3681 159
3681 160
3681 161
3682 159
3682 160
3682 161
3682 162
3682 163
3683 159
3683 160
3683 161
3683 162
3683 163
3683 164
3683 165
3684 161
3684 162
3684 163
3684 164
3684 165
3684 166
3684 167
3685 162
3685 163
3685 164
3685 165
3685 166
3685 167
3685 168
3685 169
3686 163
3686 164
3686 165
3686 166
3686 167
3686 168
3686 169
3686 170
3687 164
3687 165
3687 166
3687 167
3687 168
3687 169
3687 170
3687 171
3687 172
3688 166
3688 167
3688 168
3688 169
3688 170
3688 171
3688 172
3688 173
3688 174
3689 167
3689 168
3689 169
3689 170
3689 171
3689 172
3689 173
3689 174
3689 175
3690 168
3690 169
3690 170
3690 171
3690 172
3690 173
3690 174
3690 175
3690 176
3690 177
3691 170
3691 171
3691 172
3691 173
3691 174
3691 175
3691 176
3691 177
3691 178
3692 171
3692 172
3692 173
3692 174
3692 175
3692 176
3692 177
3692 178
3692 179
3692 180
3693 173
3693 174
3693 175
3693 176
3693 177
3693 178
3693 179
3693 180
3693 181
3694 175
3694 176
3694 177
3694 178
3694 179
3694 180
3694 181
3694 182
3695 176
3695 177
3695 178
3695 179
3695 180
3695 181
3695 182
3695 183
3695 184
3696 178
3696 179
3696 180
3696 181
3696 182
3696 183
3696 184
3696 185
3697 180
3697 181
3697 182
3697 183
3697 184
3697 185
3697 186
3698 182
3698 183
3698 184
3698 185
3698 186
3698 187
3699 184
3699 185
3699 186
3699 187
3699 188
3700 186
3700 187
3700 188
3700 189
3735 146
3735 147
3735 148
3735 149
3736 147
3736 148
3736 149
3736 150
3736 151
3736 152
3737 147
3737 148
3737 149
3737 150
3737 151
3737 152
3737 153
3737 154
3738 148
3738 149
3738 150
3738 151
3738 152
3738 153
3738 154
3738 155
3738 156
3739 149
3739 150
3739 151
3739 152
3739 153
3739 154
3739 155
3739 156
3739 157
3739 158
3740 150
3740 151
3740 152
3740 153
3740 154
3740 155
3740 156
3740 157
3740 158
3740 159
3740 160
3741 151
3741 152
3741 153
3741 154
3741 155
3741 156
3741 157
3741 158
3741 159
3741 160
3741 161
3741 162
3742 153
3742 154
3742 155
3742 156
3742 157
3742 158
3742 159
3742 160
3742 161
3742 162
3742 163
3742 164
3743 154
3743 155
3743 156
3743 157
3743 158
3743 159
3743 160
3743 161
3743 162
3743 163
3743 164
3743 165
3744 155
3744 156
3744 157
3744 158
3744 159
3744 160
3744 161
3744 162
3744 163
3744 164
3744 165
3744 166
3744 167
3745 156
3745 157
3745 158
3745 159
3745 160
3745 161
3745 162
3745 163
3745 164
3745 165
3745 166
3745 167
3745 168
3745 169
3746 158
3746 159
3746 160
3746 161
3746 162
3746 163
3746 164
3746 165
3746 166
3746 167
3746 168
3746 169
3746 170
3747 159
3747 160
3747 161
3747 162
3747 163
3747 164
3747 165
3747 166
3747 167
3747 168
3747 169
3747 170
3747 171
3747 172
3748 161
3748 162
3748 163
3748 164
3748 165
3748 166
3748 167
3748 168
3748 169
3748 170
3748 171
3748 172
3748 173
3749 162
3749 163
3749 164
3749 165
3749 166
3749 167
3749 168
3749 169
3749 170
3749 171
3749 172
3749 173
3749 174
3749 175
3750 163
3750 164
3750 165
3750 166
3750 167
3750 168
3750 169
3750 170
3750 171
3750 172
3750 173
3750 174
3750 175
3750 176
3751 165
3751 166
3751 167
3751 168
3751 169
3751 170
3751 171
3751 172
3751 173
3751 174
3751 175
3751 176
3751 177
3751 178
3752 166
3752 167
3752 168
3752 169
3752 170
3752 171
3752 172
3752 173
3752 174
3752 175
3752 176
3752 177
3752 178
3752 179
3753 168
3753 169
3753 170
3753 171
3753 172
3753 173
3753 174
3753 175
3753 176
3753 177
3753 178
3753 179
3753 180
3753 181
3754 170
3754 171
3754 172
3754 173
3754 174
3754 175
3754 176
3754 177
3754 178
3754 179
3754 180
3754 181
3754 182
3755 171
3755 172
3755 173
3755 174
3755 175
3755 176
3755 177
3755 178
3755 179
3755 180
3755 181
3755 182
3755 183
3755 184
3756 173
3756 174
3756 175
3756 176
3756 177
3756 178
3756 179
3756 180
3756 181
3756 182
3756 183
3756 184
3756 185
3757 175
3757 176
3757 177
3757 178
3757 179
3757 180
3757 181
3757 182
3757 183
3757 184
3757 185
3757 186
3758 176
3758 177
3758 178
3758 179
3758 180
3758 181
3758 182
3758 183
3758 184
3758 185
3758 186
3758 187
3758 188
3759 178
3759 179
3759 180
3759 181
3759 182
3759 183
3759 184
3759 185
3759 186
3759 187
3759 188
3759 189
3760 180
3760 181
3760 182
3760 183
3760 184
3760 185
3760 186
3760 187
3760 188
3760 189
3760 190
3761 182
3761 183
3761 184
3761 185
3761 186
3761 187
3761 188
3761 189
3761 190
3761 191
3762 184
3762 185
3762 186
3762 187
3762 188
3762 189
3762 190
3762 191
3762 192
3762 193
3763 186
3763 187
3763 188
3763 189
3763 190
3763 191
3763 192
3763 193
3763 194
3764 188
3764 189
3764 190
3764 191
3764 192
3764 193
3764 194
3764 195
3765 190
3765 191
3765 192
3765 193
3765 194
3765 195
3765 196
3766 193
3766 194
3766 195
3766 196
3792 140
3792 141
3793 140
3793 141
3793 142
3793 143
3793 144
3793 145
3794 140
3794 141
3794 142
3794 143
3794 144
3794 145
3794 146
3794 147
3795 141
3795 142
3795 143
3795 144
3795 145
3795 146
3795 147
3795 148
3795 149
3796 142
3796 143
3796 144
3796 145
3796 146
3796 147
3796 148
3796 149
3796 150
3796 151
3797 143
3797 144
3797 145
3797 146
3797 147
3797 148
3797 149
3797 150
3797 151
3797 152
3797 153
3798 144
3798 145
3798 146
3798 147
3798 148
3798 149
3798 150
3798 151
3798 152
3798 153
3798 154
3798 155
3799 145
3799 146
3799 147
3799 148
3799 149
3799 150
3799 151
3799 152
3799 153
3799 154
3799 155
3799 156
3799 157
3800 146
3800 147
3800 148
3800 149
3800 150
3800 151
3800 152
3800 153
3800 154
3800 155
3800 156
3800 157
3800 158
3800 159
3801 148
3801 149
3801 150
3801 151
3801 152
3801 153
3801 154
3801 155
3801 156
3801 157
3801 158
3801 159
3801 160
3801 161
3802 149
3802 150
3802 151
3802 152
3802 153
3802 154
3802 155
3802 156
3802 157
3802 158
3802 159
3802 160
3802 161
3802 162
3803 150
3803 151
3803 152
3803 153
3803 154
3803 155
3803 156
3803 157
3803 158
3803 159
3803 160
3803 161
3803 162
3803 163
3803 164
3804 152
3804 153
3804 154
3804 155
3804 156
3804 157
3804 158
3804 159
3804 160
3804 161
3804 162
3804 163
3804 164
3804 165
3804 166
3805 153
3805 154
3805 155
3805 156
3805 157
3805 158
3805 159
3805 160
3805 161
3805 162
3805 163
3805 164
3805 165
3805 166
3805 167
3806 154
3806 155
3806 156
3806 157
3806 158
3806 159
3806 160
3806 161
3806 162
3806 163
3806 164
3806 165
3806 166
3806 167
3806 168
3806 169
3807 156
3807 157
3807 158
3807 159
3807 160
3807 161
3807 162
3807 163
3807 164
3807 165
3807 166
3807 167
3807 168
3807 169
3807 170
3808 157
3808 158
3808 159
3808 160
3808 161
3808 162
3808 163
3808 164
3808 165
3808 166
3808 167
3808 168
3808 169
3808 170
3808 171
3808 172
3809 159
3809 160
3809 161
3809 162
3809 163
3809 164
3809 165
3809 166
3809 167
3809 168
3809 169
3809 170
3809 171
3809 172
3809 173
3810 160
3810 161
3810 162
3810 163
3810 164
3810 165
3810 166
3810 167
3810 168
3810 169
3810 170
3810 171
3810 172
3810 173
3810 174
3810 175
3811 162
3811 163
3811 164
3811 165
3811 166
3811 167
3811 168
3811 169
3811 170
3811 171
3811 172
3811 173
3811 174
3811 175
3811 176
3812 163
3812 164
3812 165
3812 166
3812 167
3812 168
3812 169
3812 170
3812 171
3812 172
3812 173
3812 174
3812 175
3812 176
3812 177
3812 178
3813 165
3813 166
3813 167
3813 168
3813 169
3813 170
3813 171
3813 172
3813 173
3813 174
3813 175
3813 176
3813 177
3813 178
3813 179
3814 166
3814 167
3814 168
3814 169
3814 170
3814 171
3814 172
3814 173
3814 174
3814 175
3814 176
3814 177
3814 178
3814 179
3814 180
3814 181
3815 168
3815 169
3815 170
3815 171
3815 172
3815 173
3815 174
3815 175
3815 176
3815 177
3815 178
3815 179
3815 180
3815 181
3815 182
3816 169
3816 170
3816 171
3816 172
3816 173
3816 174
3816 175
3816 176
3816 177
3816 178
3816 179
3816 180
3816 181
3816 182
3816 183
3816 184
3817 171
3817 172
3817 173
3817 174
3817 175
3817 176
3817 177
3817 178
3817 179
3817 180
3817 181
3817 182
3817 183
3817 184
3817 185
3818 173
3818 174
3818 175
3818 176
3818 177
3818 178
3818 179
3818 180
3818 181
3818 182
3818 183
3818 184
3818 185
3818 186
3819 174
3819 175
3819 176
3819 177
3819 178
3819 179
3819 180
3819 181
3819 182
3819 183
3819 184
3819 185
3819 186
3819 187
3819 188
3820 176
3820 177
3820 178
3820 179
3820 180
3820 181
3820 182
3820 183
3820 184
3820 185
3820 186
3820 187
3820 188
3820 189
3821 178
3821 179
3821 180
3821 181
3821 182
3821 183
3821 184
3821 185
3821 186
3821 187
3821 188
3821 189
3821 190
3822 180
3822 181
3822 182
3822 183
3822 184
3822 185
3822 186
3822 187
3822 188
3822 189
3822 190
3822 191
3823 181
3823 182
3823 183
3823 184
3823 185
3823 186
3823 187
3823 188
3823 189
3823 190
3823 191
3823 192
3823 193
3824 183
3824 184
3824 185
3824 186
3824 187
3824 188
3824 189
3824 190
3824 191
3824 192
3824 193
3824 194
3825 185
3825 186
3825 187
3825 188
3825 189
3825 190
3825 191
3825 192
3825 193
3825 194
3825 195
3826 187
3826 188
3826 189
3826 190
3826 191
3826 192
3826 193
3826 194
3826 195
3826 196
3827 189
3827 190
3827 191
3827 192
3827 193
3827 194
3827 195
3827 196
3827 197
3828 192
3828 193
3828 194
3828 195
3828 196
3828 197
3828 198
3829 194
3829 195
3829 196
3829 197
3829 198
3852 136
3852 137
3852 138
3852 139
3852 140
3853 137
3853 138
3853 139
3853 140
3853 141
3853 142
3853 143
3854 137
3854 138
3854 139
3854 140
3854 141
3854 142
3854 143
3854 144
3854 145
3855 138
3855 139
3855 140
3855 141
3855 142
3855 143
3855 144
3855 145
3855 146
3855 147
3856 139
3856 140
3856 141
3856 142
3856 143
3856 144
3856 145
3856 146
3856 147
3856 148
3856 149
3857 140
3857 141
3857 142
3857 143
3857 144
3857 145
3857 146
3857 147
3857 148
3857 149
3857 150
3857 151
3858 141
3858 142
3858 143
3858 144
3858 145
3858 146
3858 147
3858 148
3858 149
3858 150
3858 151
3858 152
3858 153
3859 142
3859 143
3859 144
3859 145
3859 146
3859 147
3859 148
3859 149
3859 150
3859 151
3859 152
3859 153
3859 154
3859 155
3860 144
3860 145
3860 146
3860 147
3860 148
3860 149
3860 150
3860 151
3860 152
3860 153
3860 154
3860 155
3860 156
3860 157
3861 145
3861 146
3861 147
3861 148
3861 149
3861 150
3861 151
3861 152
3861 153
3861 154
3861 155
3861 156
3861 157
3861 158
3862 146
3862 147
3862 148
3862 149
3862 150
3862 151
3862 152
3862 153
3862 154
3862 155
3862 156
3862 157
3862 158
3862 159
3862 160
3863 148
3863 149
3863 150
3863 151
3863 152
3863 153
3863 154
3863 155
3863 156
3863 157
3863 158
3863 159
3863 160
3863 161
3863 162
3864 149
3864 150
3864 151
3864 152
3864 153
3864 154
3864 155
3864 156
3864 157
3864 158
3864 159
3864 160
3864 161
3864 162
3864 163
3865 150
3865 151
3865 152
3865 153
3865 154
3865 155
3865 156
3865 157
3865 158
3865 159
3865 160
3865 161
3865 162
3865 163
3865 164
3865 165
3866 152
3866 153
3866 154
3866 155
3866 156
3866 157
3866 158
3866 159
3866 160
3866 161
3866 162
3866 163
3866 164
3866 165
3866 166
3867 153
3867 154
3867 155
3867 156
3867 157
3867 158
3867 159
3867 160
3867 161
3867 162
3867 163
3867 164
3867 165
3867 166
3867 167
3867 168
3868 155
3868 156
3868 157
3868 158
3868 159
3868 160
3868 161
3868 162
3868 163
3868 164
3868 165
3868 166
3868 167
3868 168
3868 169
3868 170
3869 156
3869 157
3869 158
3869 159
3869 160
3869 161
3869 162
3869 163
3869 164
3869 165
3869 166
3869 167
3869 168
3869 169
3869 170
3869 171
3870 157
3870 158
3870 159
3870 160
3870 161
3870 162
3870 163
3870 164
3870 165
3870 166
3870 167
3870 168
3870 169
3870 170
3870 171
3870 172
3870 173
3871 159
3871 160
3871 161
3871 162
3871 163
3871 164
3871 165
3871 166
3871 167
3871 168
3871 169
3871 170
3871 171
3871 172
3871 173
3871 174
3872 160
3872 161
3872 162
3872 163
3872 164
3872 165
3872 166
3872 167
3872 168
3872 169
3872 170
3872 171
3872 172
3872 173
3872 174
3872 175
3872 176
3873 162
3873 163
3873 164
3873 165
3873 166
3873 167
3873 168
3873 169
3873 170
3873 171
3873 172
3873 173
3873 174
3873 175
3873 176
3873 177
3874 164
3874 165
3874 166
3874 167
3874 168
3874 169
3874 170
3874 171
3874 172
3874 173
3874 174
3874 175
3874 176
3874 177
3874 178
3875 165
3875 166
3875 167
3875 168
3875 169
3875 170
3875 171
3875 172
3875 173
3875 174
3875 175
3875 176
3875 177
3875 178
3875 179
3875 180
3876 167
3876 168
3876 169
3876 170
3876 171
3876 172
3876 173
3876 174
3876 175
3876 176
3876 177
3876 178
3876 179
3876 180
3876 181
3877 168
3877 169
3877 170
3877 171
3877 172
3877 173
3877 174
3877 175
3877 176
3877 177
3877 178
3877 179
3877 180
3877 181
3877 182
3877 183
3878 170
3878 171
3878 172
3878 173
3878 174
3878 175
3878 176
3878 177
3878 178
3878 179
3878 180
3878 181
3878 182
3878 183
3878 184
3879 172
3879 173
3879 174
3879 175
3879 176
3879 177
3879 178
3879 179
3879 180
3879 181
3879 182
3879 183
3879 184
3879 185
3880 173
3880 174
3880 175
3880 176
3880 177
3880 178
3880 179
3880 180
3880 181
3880 182
3880 183
3880 184
3880 185
3880 186
3880 187
3881 175
3881 176
3881 177
3881 178
3881 179
3881 180
3881 181
3881 182
3881 183
3881 184
3881 185
3881 186
3881 187
3881 188
3882 177
3882 178
3882 179
3882 180
3882 181
3882 182
3882 183
3882 184
3882 185
3882 186
3882 187
3882 188
3882 189
3883 178
3883 179
3883 180
3883 181
3883 182
3883 183
3883 184
3883 185
3883 186
3883 187
3883 188
3883 189
3883 190
3883 191
3884 180
3884 181
3884 182
3884 183
3884 184
3884 185
3884 186
3884 187
3884 188
3884 189
3884 190
3884 191
3884 192
3885 182
3885 183
3885 184
3885 185
3885 186
3885 187
3885 188
3885 189
3885 190
3885 191
3885 192
3885 193
3886 184
3886 185
3886 186
3886 187
3886 188
3886 189
3886 190
3886 191
3886 192
3886 193
3886 194
3887 186
3887 187
3887 188
3887 189
3887 190
3887 191
3887 192
3887 193
3887 194
3887 195
3888 188
3888 189
3888 190
3888 191
3888 192
3888 193
3888 194
3888 195
3888 196
3889 190
3889 191
3889 192
3889 193
3889 194
3889 195
3889 196
3889 197
3890 193
3890 194
3890 195
3890 196
3890 197
3890 198
3891 195
3891 196
3891 197
3891 198
3914 136
3914 137
3914 138
3914 139
3914 140
3914 141
3915 137
3915 138
3915 139
3915 140
3915 141
3915 142
3915 143
3916 138
3916 139
3916 140
3916 141
3916 142
3916 143
3916 144
3916 145
3916 146
3917 139
3917 140
3917 141
3917 142
3917 143
3917 144
3917 145
3917 146
3917 147
3917 148
3918 140
3918 141
3918 142
3918 143
3918 144
3918 145
3918 146
3918 147
3918 148
3918 149
3918 150
3919 141
3919 142
3919 143
3919 144
3919 145
3919 146
3919 147
3919 148
3919 149
3919 150
3919 151
3920 142
3920 143
3920 144
3920 145
3920 146
3920 147
3920 148
3920 149
3920 150
3920 151
3920 152
3920 153
3921 143
3921 144
3921 145
3921 146
3921 147
3921 148
3921 149
3921 150
3921 151
3921 152
3921 153
3921 154
3921 155
3922 145
3922 146
3922 147
3922 148
3922 149
3922 150
3922 151
3922 152
3922 153
3922 154
3922 155
3922 156
3922 157
3923 146
3923 147
3923 148
3923 149
3923 150
3923 151
3923 152
3923 153
3923 154
3923 155
3923 156
3923 157
3923 158
3923 159
3924 147
3924 148
3924 149
3924 150
3924 151
3924 152
3924 153
3924 154
3924 155
3924 156
3924 157
3924 158
3924 159
3924 160
3925 149
3925 150
3925 151
3925 152
3925 153
3925 154
3925 155
3925 156
3925 157
3925 158
3925 159
3925 160
3925 161
3925 162
3926 150
3926 151
3926 152
3926 153
3926 154
3926 155
3926 156
3926 157
3926 158
3926 159
3926 160
3926 161
3926 162
3926 163
3927 151
3927 152
3927 153
3927 154
3927 155
3927 156
3927 157
3927 158
3927 159
3927 160
3927 161
3927 162
3927 163
3927 164
3927 165
3928 153
3928 154
3928 155
3928 156
3928 157
3928 158
3928 159
3928 160
3928 161
3928 162
3928 163
3928 164
3928 165
3928 166
3928 167
3929 154
3929 155
3929 156
3929 157
3929 158
3929 159
3929 160
3929 161
3929 162
3929 163
3929 164
3929 165
3929 166
3929 167
3929 168
3930 156
3930 157
3930 158
3930 159
3930 160
3930 161
3930 162
3930 163
3930 164
3930 165
3930 166
3930 167
3930 168
3930 169
3930 170
3931 157
3931 158
3931 159
3931 160
3931 161
3931 162
3931 163
3931 164
3931 165
3931 166
3931 167
3931 168
3931 169
3931 170
3931 171
3932 159
3932 160
3932 161
3932 162
3932 163
3932 164
3932 165
3932 166
3932 167
3932 168
3932 169
3932 170
3932 171
3932 172
3932 173
3933 160
3933 161
3933 162
3933 163
3933 164
3933 165
3933 166
3933 167
3933 168
3933 169
3933 170
3933 171
3933 172
3933 173
3933 174
3934 162
3934 163
3934 164
3934 165
3934 166
3934 167
3934 168
3934 169
3934 170
3934 171
3934 172
3934 173
3934 174
3934 175
3934 176
3935 163
3935 164
3935 165
3935 166
3935 167
3935 168
3935 169
3935 170
3935 171
3935 172
3935 173
3935 174
3935 175
3935 176
3935 177
3936 165
3936 166
3936 167
3936 168
3936 169
3936 170
3936 171
3936 172
3936 173
3936 174
3936 175
3936 176
3936 177
3936 178
3937 167
3937 168
3937 169
3937 170
3937 171
3937 172
3937 173
3937 174
3937 175
3937 176
3937 177
3937 178
3937 179
3937 180
3938 168
3938 169
3938 170
3938 171
3938 172
3938 173
3938 174
3938 175
3938 176
3938 177
3938 178
3938 179
3938 180
3938 181
3939 170
3939 171
3939 172
3939 173
3939 174
3939 175
3939 176
3939 177
3939 178
3939 179
3939 180
3939 181
3939 182
3940 171
3940 172
3940 173
3940 174
3940 175
3940 176
3940 177
3940 178
3940 179
3940 180
3940 181
3940 182
3940 183
3940 184
3941 173
3941 174
3941 175
3941 176
3941 177
3941 178
3941 179
3941 180
3941 181
3941 182
3941 183
3941 184
3941 185
3942 175
3942 176
3942 177
3942 178
3942 179
3942 180
3942 181
3942 182
3942 183
3942 184
3942 185
3942 186
3943 177
3943 178
3943 179
3943 180
3943 181
3943 182
3943 183
3943 184
3943 185
3943 186
3943 187
3943 188
3944 178
3944 179
3944 180
3944 181
3944 182
3944 183
3944 184
3944 185
3944 186
3944 187
3944 188
3944 189
3945 180
3945 181
3945 182
3945 183
3945 184
3945 185
3945 186
3945 187
3945 188
3945 189
3945 190
3946 182
3946 183
3946 184
3946 185
3946 186
3946 187
3946 188
3946 189
3946 190
3946 191
3947 184
3947 185
3947 186
3947 187
3947 188
3947 189
3947 190
3947 191
3947 192
3948 186
3948 187
3948 188
3948 189
3948 190
3948 191
3948 192
3948 193
3949 188
3949 189
3949 190
3949 191
3949 192
3949 193
3949 194
3950 190
3950 191
3950 192
3950 193
3950 194
3950 195
3951 193
3951 194
3951 195
3978 142
3978 143
3979 142
3979 143
3979 144
3979 145
3979 146
3980 143
3980 144
3980 145
3980 146
3980 147
3980 148
3981 144
3981 145
3981 146
3981 147
3981 148
3981 149
3981 150
3982 145
3982 146
3982 147
3982 148
3982 149
3982 150
3982 151
3982 152
3983 146
3983 147
3983 148
3983 149
3983 150
3983 151
3983 152
3983 153
3983 154
3984 147
3984 148
3984 149
3984 150
3984 151
3984 152
3984 153
3984 154
3984 155
3984 156
3985 148
3985 149
3985 150
3985 151
3985 152
3985 153
3985 154
3985 155
3985 156
3985 157
3986 150
3986 151
3986 152
3986 153
3986 154
3986 155
3986 156
3986 157
3986 158
3986 159
3987 151
3987 152
3987 153
3987 154
3987 155
3987 156
3987 157
3987 158
3987 159
3987 160
3987 161
3988 152
3988 153
3988 154
3988 155
3988 156
3988 157
3988 158
3988 159
3988 160
3988 161
3988 162
3989 154
3989 155
3989 156
3989 157
3989 158
3989 159
3989 160
3989 161
3989 162
3989 163
3989 164
3990 155
3990 156
3990 157
3990 158
3990 159
3990 160
3990 161
3990 162
3990 163
3990 164
3990 165
3990 166
3991 157
3991 158
3991 159
3991 160
3991 161
3991 162
3991 163
3991 164
3991 165
3991 166
3991 167
3992 158
3992 159
3992 160
3992 161
3992 162
3992 163
3992 164
3992 165
3992 166
3992 167
3992 168
3992 169
3993 160
3993 161
3993 162
3993 163
3993 164
3993 165
3993 166
3993 167
3993 168
3993 169
3993 170
3994 161
3994 162
3994 163
3994 164
3994 165
3994 166
3994 167
3994 168
3994 169
3994 170
3994 171
3994 172
3995 163
3995 164
3995 165
3995 166
3995 167
3995 168
3995 169
3995 170
3995 171
3995 172
3995 173
3996 164
3996 165
3996 166
3996 167
3996 168
3996 169
3996 170
3996 171
3996 172
3996 173
3996 174
3997 166
3997 167
3997 168
3997 169
3997 170
3997 171
3997 172
3997 173
3997 174
3997 175
3997 176
3998 168
3998 169
3998 170
3998 171
3998 172
3998 173
3998 174
3998 175
3998 176
3998 177
3999 169
3999 170
3999 171
3999 172
3999 173
3999 174
3999 175
3999 176
3999 177
3999 178
4000 171
4000 172
4000 173
4000 174
4000 175
4000 176
4000 177
4000 178
4000 179
4000 180
4001 173
4001 174
4001 175
4001 176
4001 177
4001 178
4001 179
4001 180
4001 181
4002 174
4002 175
4002 176
4002 177
4002 178
4002 179
4002 180
4002 181
4002 182
4003 176
4003 177
4003 178
4003 179
4003 180
4003 181
4003 182
4003 183
4003 184
4004 178
4004 179
4004 180
4004 181
4004 182
4004 183
4004 184
4004 185
4005 180
4005 181
4005 182
4005 183
4005 184
4005 185
4005 186
4006 182
4006 183
4006 184
4006 185
4006 186
4006 187
4007 184
4007 185
4007 186
4007 187
4007 188
4008 186
4008 187
4008 188
