3166 79
3166 80
3167 80
3167 81
3167 82
3167 83
3167 84
3167 85
3168 82
3168 83
3168 84
3168 85
3168 86
3168 87
3168 88
3169 85
3169 86
3169 87
3169 88
3169 89
3169 90
3169 91
3169 92
3170 87
3170 88
3170 89
3170 90
3170 91
3170 92
3170 93
3170 94
3170 95
3171 90
3171 91
3171 92
3171 93
3171 94
3171 95
3171 96
3171 97
3171 98
3172 93
3172 94
3172 95
3172 96
3172 97
3172 98
3172 99
3172 100
3172 101
3173 95
3173 96
3173 97
3173 98
3173 99
3173 100
3173 101
3173 102
3173 103
3173 104
3174 98
3174 99
3174 100
3174 101
3174 102
3174 103
3174 104
3174 105
3174 106
3174 107
3175 101
3175 102
3175 103
3175 104
3175 105
3175 106
3175 107
3175 108
3175 109
3175 110
3176 104
3176 105
3176 106
3176 107
3176 108
3176 109
3176 110
3176 111
3176 112
3177 108
3177 109
3177 110
3177 111
3177 112
3177 113
3177 114
3177 115
3178 111
3178 112
3178 113
3178 114
3178 115
3178 116
3178 117
3179 115
3179 116
3179 117
3179 118
3179 119
3179 120
3180 119
3180 120
3180 121
3197 70
3197 71
3197 72
3197 73
3198 72
3198 73
3198 74
3198 75
3198 76
3198 77
3198 78
3199 74
3199 75
3199 76
3199 77
3199 78
3199 79
3199 80
3199 81
3200 76
3200 77
3200 78
3200 79
3200 80
3200 81
3200 82
3200 83
3200 84
3200 85
3201 78
3201 79
3201 80
3201 81
3201 82
3201 83
3201 84
3201 85
3201 86
3201 87
3201 88
3202 81
3202 82
3202 83
3202 84
3202 85
3202 86
3202 87
3202 88
3202 89
3202 90
3202 91
3203 83
3203 84
3203 85
3203 86
3203 87
3203 88
3203 89
3203 90
3203 91
3203 92
3203 93
3203 94
3203 95
3204 86
3204 87
3204 88
3204 89
3204 90
3204 91
3204 92
3204 93
3204 94
3204 95
3204 96
3204 97
3204 98
3205 89
3205 90
3205 91
3205 92
3205 93
3205 94
3205 95
3205 96
3205 97
3205 98
3205 99
3205 100
3205 101
3206 91
3206 92
3206 93
3206 94
3206 95
3206 96
3206 97
3206 98
3206 99
3206 100
3206 101
3206 102
3206 103
3207 94
3207 95
3207 96
3207 97
3207 98
3207 99
3207 100
3207 101
3207 102
3207 103
3207 104
3207 105
3207 106
3208 97
3208 98
3208 99
3208 100
3208 101
3208 102
3208 103
3208 104
3208 105
3208 106
3208 107
3208 108
3208 109
3209 100
3209 101
3209 102
3209 103
3209 104
3209 105
3209 106
3209 107
3209 108
3209 109
3209 110
3209 111
3209 112
3210 103
3210 104
3210 105
3210 106
3210 107
3210 108
3210 109
3210 110
3210 111
3210 112
3210 113
3210 114
3210 115
3211 106
3211 107
3211 108
3211 109
3211 110
3211 111
3211 112
3211 113
3211 114
3211 115
3211 116
3211 117
3212 110
3212 111
3212 112
3212 113
3212 114
3212 115
3212 116
3212 117
3212 118
3212 119
3212 120
3213 113
3213 114
3213 115
3213 116
3213 117
3213 118
3213 119
3213 120
3213 121
3213 122
3214 117
3214 118
3214 119
3214 120
3214 121
3214 122
3214 123
3214 124
3214 125
3215 120
3215 121
3215 122
3215 123
3215 124
3215 125
3215 126
3215 127
3216 125
3216 126
3216 127
3216 128
3216 129
3229 64
3229 65
3229 66
3229 67
3229 68
3229 69
3230 66
3230 67
3230 68
3230 69
3230 70
3230 71
3230 72
3230 73
3231 68
3231 69
3231 70
3231 71
3231 72
3231 73
3231 74
3231 75
3231 76
3231 77
3232 70
3232 71
3232 72
3232 73
3232 74
3232 75
3232 76
3232 77
3232 78
3232 79
3232 80
3232 81
3233 72
3233 73
3233 74
3233 75
3233 76
3233 77
3233 78
3233 79
3233 80
3233 81
3233 82
3233 83
3233 84
3234 75
3234 76
3234 77
3234 78
3234 79
3234 80
3234 81
3234 82
3234 83
3234 84
3234 85
3234 86
3234 87
3235 77
3235 78
3235 79
3235 80
3235 81
3235 82
3235 83
3235 84
3235 85
3235 86
3235 87
3235 88
3235 89
3235 90
3236 80
3236 81
3236 82
3236 83
3236 84
3236 85
3236 86
3236 87
3236 88
3236 89
3236 90
3236 91
3236 92
3236 93
3237 82
3237 83
3237 84
3237 85
3237 86
3237 87
3237 88
3237 89
3237 90
3237 91
3237 92
3237 93
3237 94
3237 95
3237 96
3238 85
3238 86
3238 87
3238 88
3238 89
3238 90
3238 91
3238 92
3238 93
3238 94
3238 95
3238 96
3238 97
3238 98
3238 99
3239 88
3239 89
3239 90
3239 91
3239 92
3239 93
3239 94
3239 95
3239 96
3239 97
3239 98
3239 99
3239 100
3239 101
3239 102
3240 91
3240 92
3240 93
3240 94
3240 95
3240 96
3240 97
3240 98
3240 99
3240 100
3240 101
3240 102
3240 103
3240 104
3240 105
3241 94
3241 95
3241 96
3241 97
3241 98
3241 99
3241 100
3241 101
3241 102
3241 103
3241 104
3241 105
3241 106
3241 107
3241 108
3242 97
3242 98
3242 99
3242 100
3242 101
3242 102
3242 103
3242 104
3242 105
3242 106
3242 107
3242 108
3242 109
3242 110
3242 111
3243 100
3243 101
3243 102
3243 103
3243 104
3243 105
3243 106
3243 107
3243 108
3243 109
3243 110
3243 111
3243 112
3243 113
3243 114
3244 103
3244 104
3244 105
3244 106
3244 107
3244 108
3244 109
3244 110
3244 111
3244 112
3244 113
3244 114
3244 115
3244 116
3245 106
3245 107
3245 108
3245 109
3245 110
3245 111
3245 112
3245 113
3245 114
3245 115
3245 116
3245 117
3245 118
3245 119
3246 109
3246 110
3246 111
3246 112
3246 113
3246 114
3246 115
3246 116
3246 117
3246 118
3246 119
3246 120
3246 121
3247 113
3247 114
3247 115
3247 116
3247 117
3247 118
3247 119
3247 120
3247 121
3247 122
3247 123
3247 124
3248 116
3248 117
3248 118
3248 119
3248 120
3248 121
3248 122
3248 123
3248 124
3248 125
3248 126
3249 120
3249 121
3249 122
3249 123
3249 124
3249 125
3249 126
3249 127
3249 128
3249 129
3250 123
3250 124
3250 125
3250 126
3250 127
3250 128
3250 129
3250 130
3250 131
3251 128
3251 129
3251 130
3251 131
3251 132
3251 133
3252 133
3261 60
3261 61
3261 62
3261 63
3261 64
3262 61
3262 62
3262 63
3262 64
3262 65
3262 66
3262 67
3262 68
3263 63
3263 64
3263 65
3263 66
3263 67
3263 68
3263 69
3263 70
3263 71
3263 72
3264 65
3264 66
3264 67
3264 68
3264 69
3264 70
3264 71
3264 72
3264 73
3264 74
3264 75
3264 76
3265 67
3265 68
3265 69
3265 70
3265 71
3265 72
3265 73
3265 74
3265 75
3265 76
3265 77
3265 78
3265 79
3266 69
3266 70
3266 71
3266 72
3266 73
3266 74
3266 75
3266 76
3266 77
3266 78
3266 79
3266 80
3266 81
3266 82
3267 72
3267 73
3267 74
3267 75
3267 76
3267 77
3267 78
3267 79
3267 80
3267 81
3267 82
3267 83
3267 84
3267 85
3267 86
3268 74
3268 75
3268 76
3268 77
3268 78
3268 79
3268 80
3268 81
3268 82
3268 83
3268 84
3268 85
3268 86
3268 87
3268 88
3268 89
3269 77
3269 78
3269 79
3269 80
3269 81
3269 82
3269 83
3269 84
3269 85
3269 86
3269 87
3269 88
3269 89
3269 90
3269 91
3269 92
3270 79
3270 80
3270 81
3270 82
3270 83
3270 84
3270 85
3270 86
3270 87
3270 88
3270 89
3270 90
3270 91
3270 92
3270 93
3270 94
3270 95
3271 82
3271 83
3271 84
3271 85
3271 86
3271 87
3271 88
3271 89
3271 90
3271 91
3271 92
3271 93
3271 94
3271 95
3271 96
3271 97
3271 98
3272 85
3272 86
3272 87
3272 88
3272 89
3272 90
3272 91
3272 92
3272 93
3272 94
3272 95
3272 96
3272 97
3272 98
3272 99
3272 100
3272 101
3273 88
3273 89
3273 90
3273 91
3273 92
3273 93
3273 94
3273 95
3273 96
3273 97
3273 98
3273 99
3273 100
3273 101
3273 102
3273 103
3273 104
3274 91
3274 92
3274 93
3274 94
3274 95
3274 96
3274 97
3274 98
3274 99
3274 100
3274 101
3274 102
3274 103
3274 104
3274 105
3274 106
3275 94
3275 95
3275 96
3275 97
3275 98
3275 99
3275 100
3275 101
3275 102
3275 103
3275 104
3275 105
3275 106
3275 107
3275 108
3275 109
3276 97
3276 98
3276 99
3276 100
3276 101
3276 102
3276 103
3276 104
3276 105
3276 106
3276 107
3276 108
3276 109
3276 110
3276 111
3276 112
3277 100
3277 101
3277 102
3277 103
3277 104
3277 105
3277 106
3277 107
3277 108
3277 109
3277 110
3277 111
3277 112
3277 113
3277 114
3277 115
3278 103
3278 104
3278 105
3278 106
3278 107
3278 108
3278 109
3278 110
3278 111
3278 112
3278 113
3278 114
3278 115
3278 116
3278 117
3279 106
3279 107
3279 108
3279 109
3279 110
3279 111
3279 112
3279 113
3279 114
3279 115
3279 116
3279 117
3279 118
3279 119
3279 120
3280 109
3280 110
3280 111
3280 112
3280 113
3280 114
3280 115
3280 116
3280 117
3280 118
3280 119
3280 120
3280 121
3280 122
3280 123
3281 113
3281 114
3281 115
3281 116
3281 117
3281 118
3281 119
3281 120
3281 121
3281 122
3281 123
3281 124
3281 125
3282 116
3282 117
3282 118
3282 119
3282 120
3282 121
3282 122
3282 123
3282 124
3282 125
3282 126
3282 127
3282 128
3283 120
3283 121
3283 122
3283 123
3283 124
3283 125
3283 126
3283 127
3283 128
3283 129
3283 130
3284 123
3284 124
3284 125
3284 126
3284 127
3284 128
3284 129
3284 130
3284 131
3284 132
3285 127
3285 128
3285 129
3285 130
3285 131
3285 132
3285 133
3285 134
3286 132
3286 133
3286 134
3286 135
3286 136
3293 57
3294 56
3294 57
3294 58
3294 59
3294 60
3294 61
3294 62
3294 63
3295 58
3295 59
3295 60
3295 61
3295 62
3295 63
3295 64
3295 65
3295 66
3295 67
3296 60
3296 61
3296 62
3296 63
3296 64
3296 65
3296 66
3296 67
3296 68
3296 69
3296 70
3296 71
3297 62
3297 63
3297 64
3297 65
3297 66
3297 67
3297 68
3297 69
3297 70
3297 71
3297 72
3297 73
3297 74
3298 64
3298 65
3298 66
3298 67
3298 68
3298 69
3298 70
3298 71
3298 72
3298 73
3298 74
3298 75
3298 76
3298 77
3299 66
3299 67
3299 68
3299 69
3299 70
3299 71
3299 72
3299 73
3299 74
3299 75
3299 76
3299 77
3299 78
3299 79
3299 80
3299 81
3300 69
3300 70
3300 71
3300 72
3300 73
3300 74
3300 75
3300 76
3300 77
3300 78
3300 79
3300 80
3300 81
3300 82
3300 83
3300 84
3301 71
3301 72
3301 73
3301 74
3301 75
3301 76
3301 77
3301 78
3301 79
3301 80
3301 81
3301 82
3301 83
3301 84
3301 85
3301 86
3301 87
3302 74
3302 75
3302 76
3302 77
3302 78
3302 79
3302 80
3302 81
3302 82
3302 83
3302 84
3302 85
3302 86
3302 87
3302 88
3302 89
3302 90
3303 77
3303 78
3303 79
3303 80
3303 81
3303 82
3303 83
3303 84
3303 85
3303 86
3303 87
3303 88
3303 89
3303 90
3303 91
3303 92
3303 93
3304 79
3304 80
3304 81
3304 82
3304 83
3304 84
3304 85
3304 86
3304 87
3304 88
3304 89
3304 90
3304 91
3304 92
3304 93
3304 94
3304 95
3304 96
3305 82
3305 83
3305 84
3305 85
3305 86
3305 87
3305 88
3305 89
3305 90
3305 91
3305 92
3305 93
3305 94
3305 95
3305 96
3305 97
3305 98
3305 99
3306 85
3306 86
3306 87
3306 88
3306 89
3306 90
3306 91
3306 92
3306 93
3306 94
3306 95
3306 96
3306 97
3306 98
3306 99
3306 100
3306 101
3306 102
3307 88
3307 89
3307 90
3307 91
3307 92
3307 93
3307 94
3307 95
3307 96
3307 97
3307 98
3307 99
3307 100
3307 101
3307 102
3307 103
3307 104
3307 105
3308 91
3308 92
3308 93
3308 94
3308 95
3308 96
3308 97
3308 98
3308 99
3308 100
3308 101
3308 102
3308 103
3308 104
3308 105
3308 106
3308 107
3308 108
3309 94
3309 95
3309 96
3309 97
3309 98
3309 99
3309 100
3309 101
3309 102
3309 103
3309 104
3309 105
3309 106
3309 107
3309 108
3309 109
3309 110
3310 97
3310 98
3310 99
3310 100
3310 101
3310 102
3310 103
3310 104
3310 105
3310 106
3310 107
3310 108
3310 109
3310 110
3310 111
3310 112
3310 113
3311 100
3311 101
3311 102
3311 103
3311 104
3311 105
3311 106
3311 107
3311 108
3311 109
3311 110
3311 111
3311 112
3311 113
3311 114
3311 115
3311 116
3312 103
3312 104
3312 105
3312 106
3312 107
3312 108
3312 109
3312 110
3312 111
3312 112
3312 113
3312 114
3312 115
3312 116
3312 117
3312 118
3313 106
3313 107
3313 108
3313 109
3313 110
3313 111
3313 112
3313 113
3313 114
3313 115
3313 116
3313 117
3313 118
3313 119
3313 120
3313 121
3314 109
3314 110
3314 111
3314 112
3314 113
3314 114
3314 115
3314 116
3314 117
3314 118
3314 119
3314 120
3314 121
3314 122
3314 123
3314 124
3315 113
3315 114
3315 115
3315 116
3315 117
3315 118
3315 119
3315 120
3315 121
3315 122
3315 123
3315 124
3315 125
3315 126
3316 116
3316 117
3316 118
3316 119
3316 120
3316 121
3316 122
3316 123
3316 124
3316 125
3316 126
3316 127
3316 128
3317 120
3317 121
3317 122
3317 123
3317 124
3317 125
3317 126
3317 127
3317 128
3317 129
3317 130
3317 131
3318 124
3318 125
3318 126
3318 127
3318 128
3318 129
3318 130
3318 131
3318 132
3318 133
3319 128
3319 129
3319 130
3319 131
3319 132
3319 133
3319 134
3319 135
3320 132
3320 133
3320 134
3320 135
3320 136
3326 53
3326 54
3326 55
3326 56
3327 54
3327 55
3327 56
3327 57
3327 58
3327 59
3327 60
3327 61
3328 55
3328 56
3328 57
3328 58
3328 59
3328 60
3328 61
3328 62
3328 63
3328 64
3328 65
3329 57
3329 58
3329 59
3329 60
3329 61
3329 62
3329 63
3329 64
3329 65
3329 66
3329 67
3329 68
3329 69
3330 59
3330 60
3330 61
3330 62
3330 63
3330 64
3330 65
3330 66
3330 67
3330 68
3330 69
3330 70
3330 71
3330 72
3331 61
3331 62
3331 63
3331 64
3331 65
3331 66
3331 67
3331 68
3331 69
3331 70
3331 71
3331 72
3331 73
3331 74
3331 75
3332 64
3332 65
3332 66
3332 67
3332 68
3332 69
3332 70
3332 71
3332 72
3332 73
3332 74
3332 75
3332 76
3332 77
3332 78
3332 79
3333 66
3333 67
3333 68
3333 69
3333 70
3333 71
3333 72
3333 73
3333 74
3333 75
3333 76
3333 77
3333 78
3333 79
3333 80
3333 81
3333 82
3334 69
3334 70
3334 71
3334 72
3334 73
3334 74
3334 75
3334 76
3334 77
3334 78
3334 79
3334 80
3334 81
3334 82
3334 83
3334 84
3334 85
3335 71
3335 72
3335 73
3335 74
3335 75
3335 76
3335 77
3335 78
3335 79
3335 80
3335 81
3335 82
3335 83
3335 84
3335 85
3335 86
3335 87
3335 88
3336 74
3336 75
3336 76
3336 77
3336 78
3336 79
3336 80
3336 81
3336 82
3336 83
3336 84
3336 85
3336 86
3336 87
3336 88
3336 89
3336 90
3336 91
3337 77
3337 78
3337 79
3337 80
3337 81
3337 82
3337 83
3337 84
3337 85
3337 86
3337 87
3337 88
3337 89
3337 90
3337 91
3337 92
3337 93
3337 94
3338 79
3338 80
3338 81
3338 82
3338 83
3338 84
3338 85
3338 86
3338 87
3338 88
3338 89
3338 90
3338 91
3338 92
3338 93
3338 94
3338 95
3338 96
3338 97
3339 82
3339 83
3339 84
3339 85
3339 86
3339 87
3339 88
3339 89
3339 90
3339 91
3339 92
3339 93
3339 94
3339 95
3339 96
3339 97
3339 98
3339 99
3339 100
3340 85
3340 86
3340 87
3340 88
3340 89
3340 90
3340 91
3340 92
3340 93
3340 94
3340 95
3340 96
3340 97
3340 98
3340 99
3340 100
3340 101
3340 102
3340 103
3341 88
3341 89
3341 90
3341 91
3341 92
3341 93
3341 94
3341 95
3341 96
3341 97
3341 98
3341 99
3341 100
3341 101
3341 102
3341 103
3341 104
3341 105
3341 106
3342 91
3342 92
3342 93
3342 94
3342 95
3342 96
3342 97
3342 98
3342 99
3342 100
3342 101
3342 102
3342 103
3342 104
3342 105
3342 106
3342 107
3342 108
3343 94
3343 95
3343 96
3343 97
3343 98
3343 99
3343 100
3343 101
3343 102
3343 103
3343 104
3343 105
3343 106
3343 107
3343 108
3343 109
3343 110
3343 111
3344 97
3344 98
3344 99
3344 100
3344 101
3344 102
3344 103
3344 104
3344 105
3344 106
3344 107
3344 108
3344 109
3344 110
3344 111
3344 112
3344 113
3344 114
3345 100
3345 101
3345 102
3345 103
3345 104
3345 105
3345 106
3345 107
3345 108
3345 109
3345 110
3345 111
3345 112
3345 113
3345 114
3345 115
3345 116
3346 103
3346 104
3346 105
3346 106
3346 107
3346 108
3346 109
3346 110
3346 111
3346 112
3346 113
3346 114
3346 115
3346 116
3346 117
3346 118
3346 119
3347 107
3347 108
3347 109
3347 110
3347 111
3347 112
3347 113
3347 114
3347 115
3347 116
3347 117
3347 118
3347 119
3347 120
3347 121
3347 122
3348 110
3348 111
3348 112
3348 113
3348 114
3348 115
3348 116
3348 117
3348 118
3348 119
3348 120
3348 121
3348 122
3348 123
3348 124
3349 113
3349 114
3349 115
3349 116
3349 117
3349 118
3349 119
3349 120
3349 121
3349 122
3349 123
3349 124
3349 125
3349 126
3349 127
3350 117
3350 118
3350 119
3350 120
3350 121
3350 122
3350 123
3350 124
3350 125
3350 126
3350 127
3350 128
3350 129
3351 121
3351 122
3351 123
3351 124
3351 125
3351 126
3351 127
3351 128
3351 129
3351 130
3351 131
3352 125
3352 126
3352 127
3352 128
3352 129
3352 130
3352 131
3352 132
3352 133
3353 129
3353 130
3353 131
3353 132
3353 133
3353 134
3353 135
3354 135
3359 51
3359 52
3359 53
3360 52
3360 53
3360 54
3360 55
3360 56
3360 57
3360 58
3361 53
3361 54
3361 55
3361 56
3361 57
3361 58
3361 59
3361 60
3361 61
3361 62
3361 63
3362 55
3362 56
3362 57
3362 58
3362 59
3362 60
3362 61
3362 62
3362 63
3362 64
3362 65
3362 66
3363 57
3363 58
3363 59
3363 60
3363 61
3363 62
3363 63
3363 64
3363 65
3363 66
3363 67
3363 68
3363 69
3363 70
3364 59
3364 60
3364 61
3364 62
3364 63
3364 64
3364 65
3364 66
3364 67
3364 68
3364 69
3364 70
3364 71
3364 72
3364 73
3365 61
3365 62
3365 63
3365 64
3365 65
3365 66
3365 67
3365 68
3365 69
3365 70
3365 71
3365 72
3365 73
3365 74
3365 75
3365 76
3366 64
3366 65
3366 66
3366 67
3366 68
3366 69
3366 70
3366 71
3366 72
3366 73
3366 74
3366 75
3366 76
3366 77
3366 78
3366 79
3366 80
3367 66
3367 67
3367 68
3367 69
3367 70
3367 71
3367 72
3367 73
3367 74
3367 75
3367 76
3367 77
3367 78
3367 79
3367 80
3367 81
3367 82
3367 83
3368 69
3368 70
3368 71
3368 72
3368 73
3368 74
3368 75
3368 76
3368 77
3368 78
3368 79
3368 80
3368 81
3368 82
3368 83
3368 84
3368 85
3368 86
3369 72
3369 73
3369 74
3369 75
3369 76
3369 77
3369 78
3369 79
3369 80
3369 81
3369 82
3369 83
3369 84
3369 85
3369 86
3369 87
3369 88
3369 89
3370 74
3370 75
3370 76
3370 77
3370 78
3370 79
3370 80
3370 81
3370 82
3370 83
3370 84
3370 85
3370 86
3370 87
3370 88
3370 89
3370 90
3370 91
3370 92
3371 77
3371 78
3371 79
3371 80
3371 81
3371 82
3371 83
3371 84
3371 85
3371 86
3371 87
3371 88
3371 89
3371 90
3371 91
3371 92
3371 93
3371 94
3371 95
3372 80
3372 81
3372 82
3372 83
3372 84
3372 85
3372 86
3372 87
3372 88
3372 89
3372 90
3372 91
3372 92
3372 93
3372 94
3372 95
3372 96
3372 97
3372 98
3373 83
3373 84
3373 85
3373 86
3373 87
3373 88
3373 89
3373 90
3373 91
3373 92
3373 93
3373 94
3373 95
3373 96
3373 97
3373 98
3373 99
3373 100
3373 101
3374 86
3374 87
3374 88
3374 89
3374 90
3374 91
3374 92
3374 93
3374 94
3374 95
3374 96
3374 97
3374 98
3374 99
3374 100
3374 101
3374 102
3374 103
3375 88
3375 89
3375 90
3375 91
3375 92
3375 93
3375 94
3375 95
3375 96
3375 97
3375 98
3375 99
3375 100
3375 101
3375 102
3375 103
3375 104
3375 105
3375 106
3376 91
3376 92
3376 93
3376 94
3376 95
3376 96
3376 97
3376 98
3376 99
3376 100
3376 101
3376 102
3376 103
3376 104
3376 105
3376 106
3376 107
3376 108
3376 109
3377 95
3377 96
3377 97
3377 98
3377 99
3377 100
3377 101
3377 102
3377 103
3377 104
3377 105
3377 106
3377 107
3377 108
3377 109
3377 110
3377 111
3377 112
3378 98
3378 99
3378 100
3378 101
3378 102
3378 103
3378 104
3378 105
3378 106
3378 107
3378 108
3378 109
3378 110
3378 111
3378 112
3378 113
3378 114
3379 101
3379 102
3379 103
3379 104
3379 105
3379 106
3379 107
3379 108
3379 109
3379 110
3379 111
3379 112
3379 113
3379 114
3379 115
3379 116
3379 117
3380 104
3380 105
3380 106
3380 107
3380 108
3380 109
3380 110
3380 111
3380 112
3380 113
3380 114
3380 115
3380 116
3380 117
3380 118
3380 119
3381 107
3381 108
3381 109
3381 110
3381 111
3381 112
3381 113
3381 114
3381 115
3381 116
3381 117
3381 118
3381 119
3381 120
3381 121
3381 122
3382 111
3382 112
3382 113
3382 114
3382 115
3382 116
3382 117
3382 118
3382 119
3382 120
3382 121
3382 122
3382 123
3382 124
3383 114
3383 115
3383 116
3383 117
3383 118
3383 119
3383 120
3383 121
3383 122
3383 123
3383 124
3383 125
3383 126
3383 127
3384 118
3384 119
3384 120
3384 121
3384 122
3384 123
3384 124
3384 125
3384 126
3384 127
3384 128
3384 129
3385 122
3385 123
3385 124
3385 125
3385 126
3385 127
3385 128
3385 129
3385 130
3385 131
3386 126
3386 127
3386 128
3386 129
3386 130
3386 131
3386 132
3386 133
3387 131
3387 132
3387 133
3393 50
3393 51
3393 52
3393 53
3393 54
3393 55
3393 56
3394 51
3394 52
3394 53
3394 54
3394 55
3394 56
3394 57
3394 58
3394 59
3394 60
3395 53
3395 54
3395 55
3395 56
3395 57
3395 58
3395 59
3395 60
3395 61
3395 62
3395 63
3395 64
3396 55
3396 56
3396 57
3396 58
3396 59
3396 60
3396 61
3396 62
3396 63
3396 64
3396 65
3396 66
3396 67
3397 57
3397 58
3397 59
3397 60
3397 61
3397 62
3397 63
3397 64
3397 65
3397 66
3397 67
3397 68
3397 69
3397 70
3397 71
3398 59
3398 60
3398 61
3398 62
3398 63
3398 64
3398 65
3398 66
3398 67
3398 68
3398 69
3398 70
3398 71
3398 72
3398 73
3398 74
3399 62
3399 63
3399 64
3399 65
3399 66
3399 67
3399 68
3399 69
3399 70
3399 71
3399 72
3399 73
3399 74
3399 75
3399 76
3399 77
3400 64
3400 65
3400 66
3400 67
3400 68
3400 69
3400 70
3400 71
3400 72
3400 73
3400 74
3400 75
3400 76
3400 77
3400 78
3400 79
3400 80
3401 67
3401 68
3401 69
3401 70
3401 71
3401 72
3401 73
3401 74
3401 75
3401 76
3401 77
3401 78
3401 79
3401 80
3401 81
3401 82
3401 83
3401 84
3402 69
3402 70
3402 71
3402 72
3402 73
3402 74
3402 75
3402 76
3402 77
3402 78
3402 79
3402 80
3402 81
3402 82
3402 83
3402 84
3402 85
3402 86
3402 87
3403 72
3403 73
3403 74
3403 75
3403 76
3403 77
3403 78
3403 79
3403 80
3403 81
3403 82
3403 83
3403 84
3403 85
3403 86
3403 87
3403 88
3403 89
3403 90
3404 75
3404 76
3404 77
3404 78
3404 79
3404 80
3404 81
3404 82
3404 83
3404 84
3404 85
3404 86
3404 87
3404 88
3404 89
3404 90
3404 91
3404 92
3404 93
3405 77
3405 78
3405 79
3405 80
3405 81
3405 82
3405 83
3405 84
3405 85
3405 86
3405 87
3405 88
3405 89
3405 90
3405 91
3405 92
3405 93
3405 94
3405 95
3406 80
3406 81
3406 82
3406 83
3406 84
3406 85
3406 86
3406 87
3406 88
3406 89
3406 90
3406 91
3406 92
3406 93
3406 94
3406 95
3406 96
3406 97
3406 98
3407 83
3407 84
3407 85
3407 86
3407 87
3407 88
3407 89
3407 90
3407 91
3407 92
3407 93
3407 94
3407 95
3407 96
3407 97
3407 98
3407 99
3407 100
3407 101
3408 86
3408 87
3408 88
3408 89
3408 90
3408 91
3408 92
3408 93
3408 94
3408 95
3408 96
3408 97
3408 98
3408 99
3408 100
3408 101
3408 102
3408 103
3408 104
3409 89
3409 90
3409 91
3409 92
3409 93
3409 94
3409 95
3409 96
3409 97
3409 98
3409 99
3409 100
3409 101
3409 102
3409 103
3409 104
3409 105
3409 106
3409 107
3410 92
3410 93
3410 94
3410 95
3410 96
3410 97
3410 98
3410 99
3410 100
3410 101
3410 102
3410 103
3410 104
3410 105
3410 106
3410 107
3410 108
3410 109
3411 95
3411 96
3411 97
3411 98
3411 99
3411 100
3411 101
3411 102
3411 103
3411 104
3411 105
3411 106
3411 107
3411 108
3411 109
3411 110
3411 111
3411 112
3412 98
3412 99
3412 100
3412 101
3412 102
3412 103
3412 104
3412 105
3412 106
3412 107
3412 108
3412 109
3412 110
3412 111
3412 112
3412 113
3412 114
3412 115
3413 102
3413 103
3413 104
3413 105
3413 106
3413 107
3413 108
3413 109
3413 110
3413 111
3413 112
3413 113
3413 114
3413 115
3413 116
3413 117
3414 105
3414 106
3414 107
3414 108
3414 109
3414 110
3414 111
3414 112
3414 113
3414 114
3414 115
3414 116
3414 117
3414 118
3414 119
3414 120
3415 108
3415 109
3415 110
3415 111
3415 112
3415 113
3415 114
3415 115
3415 116
3415 117
3415 118
3415 119
3415 120
3415 121
3415 122
3416 112
3416 113
3416 114
3416 115
3416 116
3416 117
3416 118
3416 119
3416 120
3416 121
3416 122
3416 123
3416 124
3417 116
3417 117
3417 118
3417 119
3417 120
3417 121
3417 122
3417 123
3417 124
3417 125
3417 126
3418 120
3418 121
3418 122
3418 123
3418 124
3418 125
3418 126
3418 127
3418 128
3419 124
3419 125
3419 126
3419 127
3419 128
3419 129
3419 130
3426 48
3426 49
3426 50
3426 51
3426 52
3427 49
3427 50
3427 51
3427 52
3427 53
3427 54
3427 55
3427 56
3427 57
3428 51
3428 52
3428 53
3428 54
3428 55
3428 56
3428 57
3428 58
3428 59
3428 60
3428 61
3429 53
3429 54
3429 55
3429 56
3429 57
3429 58
3429 59
3429 60
3429 61
3429 62
3429 63
3429 64
3429 65
3430 55
3430 56
3430 57
3430 58
3430 59
3430 60
3430 61
3430 62
3430 63
3430 64
3430 65
3430 66
3430 67
3430 68
3431 57
3431 58
3431 59
3431 60
3431 61
3431 62
3431 63
3431 64
3431 65
3431 66
3431 67
3431 68
3431 69
3431 70
3431 71
3432 60
3432 61
3432 62
3432 63
3432 64
3432 65
3432 66
3432 67
3432 68
3432 69
3432 70
3432 71
3432 72
3432 73
3432 74
3432 75
3433 62
3433 63
3433 64
3433 65
3433 66
3433 67
3433 68
3433 69
3433 70
3433 71
3433 72
3433 73
3433 74
3433 75
3433 76
3433 77
3433 78
3434 65
3434 66
3434 67
3434 68
3434 69
3434 70
3434 71
3434 72
3434 73
3434 74
3434 75
3434 76
3434 77
3434 78
3434 79
3434 80
3434 81
3435 67
3435 68
3435 69
3435 70
3435 71
3435 72
3435 73
3435 74
3435 75
3435 76
3435 77
3435 78
3435 79
3435 80
3435 81
3435 82
3435 83
3435 84
3436 70
3436 71
3436 72
3436 73
3436 74
3436 75
3436 76
3436 77
3436 78
3436 79
3436 80
3436 81
3436 82
3436 83
3436 84
3436 85
3436 86
3436 87
3437 73
3437 74
3437 75
3437 76
3437 77
3437 78
3437 79
3437 80
3437 81
3437 82
3437 83
3437 84
3437 85
3437 86
3437 87
3437 88
3437 89
3437 90
3438 75
3438 76
3438 77
3438 78
3438 79
3438 80
3438 81
3438 82
3438 83
3438 84
3438 85
3438 86
3438 87
3438 88
3438 89
3438 90
3438 91
3438 92
3438 93
3439 78
3439 79
3439 80
3439 81
3439 82
3439 83
3439 84
3439 85
3439 86
3439 87
3439 88
3439 89
3439 90
3439 91
3439 92
3439 93
3439 94
3439 95
3439 96
3440 81
3440 82
3440 83
3440 84
3440 85
3440 86
3440 87
3440 88
3440 89
3440 90
3440 91
3440 92
3440 93
3440 94
3440 95
3440 96
3440 97
3440 98
3440 99
3441 84
3441 85
3441 86
3441 87
3441 88
3441 89
3441 90
3441 91
3441 92
3441 93
3441 94
3441 95
3441 96
3441 97
3441 98
3441 99
3441 100
3441 101
3442 87
3442 88
3442 89
3442 90
3442 91
3442 92
3442 93
3442 94
3442 95
3442 96
3442 97
3442 98
3442 99
3442 100
3442 101
3442 102
3442 103
3442 104
3443 90
3443 91
3443 92
3443 93
3443 94
3443 95
3443 96
3443 97
3443 98
3443 99
3443 100
3443 101
3443 102
3443 103
3443 104
3443 105
3443 106
3443 107
3444 93
3444 94
3444 95
3444 96
3444 97
3444 98
3444 99
3444 100
3444 101
3444 102
3444 103
3444 104
3444 105
3444 106
3444 107
3444 108
3444 109
3445 96
3445 97
3445 98
3445 99
3445 100
3445 101
3445 102
3445 103
3445 104
3445 105
3445 106
3445 107
3445 108
3445 109
3445 110
3445 111
3445 112
3446 99
3446 100
3446 101
3446 102
3446 103
3446 104
3446 105
3446 106
3446 107
3446 108
3446 109
3446 110
3446 111
3446 112
3446 113
3446 114
3447 103
3447 104
3447 105
3447 106
3447 107
3447 108
3447 109
3447 110
3447 111
3447 112
3447 113
3447 114
3447 115
3447 116
3447 117
3448 106
3448 107
3448 108
3448 109
3448 110
3448 111
3448 112
3448 113
3448 114
3448 115
3448 116
3448 117
3448 118
3448 119
3449 110
3449 111
3449 112
3449 113
3449 114
3449 115
3449 116
3449 117
3449 118
3449 119
3449 120
3449 121
3450 114
3450 115
3450 116
3450 117
3450 118
3450 119
3450 120
3450 121
3450 122
3450 123
3450 124
3451 118
3451 119
3451 120
3451 121
3451 122
3451 123
3451 124
3451 125
3452 122
3452 123
3452 124
3452 125
3452 126
3460 48
3460 49
3460 50
3460 51
3460 52
3460 53
3460 54
3461 49
3461 50
3461 51
3461 52
3461 53
3461 54
3461 55
3461 56
3461 57
3461 58
3462 51
3462 52
3462 53
3462 54
3462 55
3462 56
3462 57
3462 58
3462 59
3462 60
3462 61
3462 62
3463 53
3463 54
3463 55
3463 56
3463 57
3463 58
3463 59
3463 60
3463 61
3463 62
3463 63
3463 64
3463 65
3464 55
3464 56
3464 57
3464 58
3464 59
3464 60
3464 61
3464 62
3464 63
3464 64
3464 65
3464 66
3464 67
3464 68
3464 69
3465 58
3465 59
3465 60
3465 61
3465 62
3465 63
3465 64
3465 65
3465 66
3465 67
3465 68
3465 69
3465 70
3465 71
3465 72
3466 60
3466 61
3466 62
3466 63
3466 64
3466 65
3466 66
3466 67
3466 68
3466 69
3466 70
3466 71
3466 72
3466 73
3466 74
3466 75
3467 63
3467 64
3467 65
3467 66
3467 67
3467 68
3467 69
3467 70
3467 71
3467 72
3467 73
3467 74
3467 75
3467 76
3467 77
3467 78
3468 65
3468 66
3468 67
3468 68
3468 69
3468 70
3468 71
3468 72
3468 73
3468 74
3468 75
3468 76
3468 77
3468 78
3468 79
3468 80
3468 81
3469 68
3469 69
3469 70
3469 71
3469 72
3469 73
3469 74
3469 75
3469 76
3469 77
3469 78
3469 79
3469 80
3469 81
3469 82
3469 83
3469 84
3470 70
3470 71
3470 72
3470 73
3470 74
3470 75
3470 76
3470 77
3470 78
3470 79
3470 80
3470 81
3470 82
3470 83
3470 84
3470 85
3470 86
3470 87
3471 73
3471 74
3471 75
3471 76
3471 77
3471 78
3471 79
3471 80
3471 81
3471 82
3471 83
3471 84
3471 85
3471 86
3471 87
3471 88
3471 89
3471 90
3472 76
3472 77
3472 78
3472 79
3472 80
3472 81
3472 82
3472 83
3472 84
3472 85
3472 86
3472 87
3472 88
3472 89
3472 90
3472 91
3472 92
3472 93
3473 79
3473 80
3473 81
3473 82
3473 83
3473 84
3473 85
3473 86
3473 87
3473 88
3473 89
3473 90
3473 91
3473 92
3473 93
3473 94
3473 95
3473 96
3474 82
3474 83
3474 84
3474 85
3474 86
3474 87
3474 88
3474 89
3474 90
3474 91
3474 92
3474 93
3474 94
3474 95
3474 96
3474 97
3474 98
3474 99
3475 85
3475 86
3475 87
3475 88
3475 89
3475 90
3475 91
3475 92
3475 93
3475 94
3475 95
3475 96
3475 97
3475 98
3475 99
3475 100
3475 101
3476 88
3476 89
3476 90
3476 91
3476 92
3476 93
3476 94
3476 95
3476 96
3476 97
3476 98
3476 99
3476 100
3476 101
3476 102
3476 103
3476 104
3477 91
3477 92
3477 93
3477 94
3477 95
3477 96
3477 97
3477 98
3477 99
3477 100
3477 101
3477 102
3477 103
3477 104
3477 105
3477 106
3477 107
3478 94
3478 95
3478 96
3478 97
3478 98
3478 99
3478 100
3478 101
3478 102
3478 103
3478 104
3478 105
3478 106
3478 107
3478 108
3478 109
3479 97
3479 98
3479 99
3479 100
3479 101
3479 102
3479 103
3479 104
3479 105
3479 106
3479 107
3479 108
3479 109
3479 110
3479 111
3479 112
3480 101
3480 102
3480 103
3480 104
3480 105
3480 106
3480 107
3480 108
3480 109
3480 110
3480 111
3480 112
3480 113
3480 114
3481 104
3481 105
3481 106
3481 107
3481 108
3481 109
3481 110
3481 111
3481 112
3481 113
3481 114
3481 115
3481 116
3482 108
3482 109
3482 110
3482 111
3482 112
3482 113
3482 114
3482 115
3482 116
3482 117
3482 118
3483 112
3483 113
3483 114
3483 115
3483 116
3483 117
3483 118
3483 119
3483 120
3484 116
3484 117
3484 118
3484 119
3484 120
3484 121
3484 122
3493 48
3493 49
3494 48
3494 49
3494 50
3494 51
3494 52
3494 53
3494 54
3495 50
3495 51
3495 52
3495 53
3495 54
3495 55
3495 56
3495 57
3495 58
3496 51
3496 52
3496 53
3496 54
3496 55
3496 56
3496 57
3496 58
3496 59
3496 60
3496 61
3496 62
3497 54
3497 55
3497 56
3497 57
3497 58
3497 59
3497 60
3497 61
3497 62
3497 63
3497 64
3497 65
3497 66
3498 56
3498 57
3498 58
3498 59
3498 60
3498 61
3498 62
3498 63
3498 64
3498 65
3498 66
3498 67
3498 68
3498 69
3499 58
3499 59
3499 60
3499 61
3499 62
3499 63
3499 64
3499 65
3499 66
3499 67
3499 68
3499 69
3499 70
3499 71
3499 72
3500 61
3500 62
3500 63
3500 64
3500 65
3500 66
3500 67
3500 68
3500 69
3500 70
3500 71
3500 72
3500 73
3500 74
3500 75
3501 63
3501 64
3501 65
3501 66
3501 67
3501 68
3501 69
3501 70
3501 71
3501 72
3501 73
3501 74
3501 75
3501 76
3501 77
3501 78
3502 66
3502 67
3502 68
3502 69
3502 70
3502 71
3502 72
3502 73
3502 74
3502 75
3502 76
3502 77
3502 78
3502 79
3502 80
3502 81
3503 69
3503 70
3503 71
3503 72
3503 73
3503 74
3503 75
3503 76
3503 77
3503 78
3503 79
3503 80
3503 81
3503 82
3503 83
3503 84
3504 71
3504 72
3504 73
3504 74
3504 75
3504 76
3504 77
3504 78
3504 79
3504 80
3504 81
3504 82
3504 83
3504 84
3504 85
3504 86
3504 87
3505 74
3505 75
3505 76
3505 77
3505 78
3505 79
3505 80
3505 81
3505 82
3505 83
3505 84
3505 85
3505 86
3505 87
3505 88
3505 89
3505 90
3506 77
3506 78
3506 79
3506 80
3506 81
3506 82
3506 83
3506 84
3506 85
3506 86
3506 87
3506 88
3506 89
3506 90
3506 91
3506 92
3506 93
3507 80
3507 81
3507 82
3507 83
3507 84
3507 85
3507 86
3507 87
3507 88
3507 89
3507 90
3507 91
3507 92
3507 93
3507 94
3507 95
3507 96
3508 83
3508 84
3508 85
3508 86
3508 87
3508 88
3508 89
3508 90
3508 91
3508 92
3508 93
3508 94
3508 95
3508 96
3508 97
3508 98
3509 86
3509 87
3509 88
3509 89
3509 90
3509 91
3509 92
3509 93
3509 94
3509 95
3509 96
3509 97
3509 98
3509 99
3509 100
3509 101
3510 89
3510 90
3510 91
3510 92
3510 93
3510 94
3510 95
3510 96
3510 97
3510 98
3510 99
3510 100
3510 101
3510 102
3510 103
3510 104
3511 92
3511 93
3511 94
3511 95
3511 96
3511 97
3511 98
3511 99
3511 100
3511 101
3511 102
3511 103
3511 104
3511 105
3511 106
3512 96
3512 97
3512 98
3512 99
3512 100
3512 101
3512 102
3512 103
3512 104
3512 105
3512 106
3512 107
3512 108
3513 99
3513 100
3513 101
3513 102
3513 103
3513 104
3513 105
3513 106
3513 107
3513 108
3513 109
3513 110
3513 111
3514 103
3514 104
3514 105
3514 106
3514 107
3514 108
3514 109
3514 110
3514 111
3514 112
3514 113
3515 106
3515 107
3515 108
3515 109
3515 110
3515 111
3515 112
3515 113
3515 114
3515 115
3516 111
3516 112
3516 113
3516 114
3516 115
3516 116
3527 48
3527 49
3528 49
3528 50
3528 51
3528 52
3528 53
3528 54
3528 55
3529 50
3529 51
3529 52
3529 53
3529 54
3529 55
3529 56
3529 57
3529 58
3529 59
3530 52
3530 53
3530 54
3530 55
3530 56
3530 57
3530 58
3530 59
3530 60
3530 61
3530 62
3531 54
3531 55
3531 56
3531 57
3531 58
3531 59
3531 60
3531 61
3531 62
3531 63
3531 64
3531 65
3531 66
3532 57
3532 58
3532 59
3532 60
3532 61
3532 62
3532 63
3532 64
3532 65
3532 66
3532 67
3532 68
3532 69
3533 59
3533 60
3533 61
3533 62
3533 63
3533 64
3533 65
3533 66
3533 67
3533 68
3533 69
3533 70
3533 71
3533 72
3534 61
3534 62
3534 63
3534 64
3534 65
3534 66
3534 67
3534 68
3534 69
3534 70
3534 71
3534 72
3534 73
3534 74
3534 75
3535 64
3535 65
3535 66
3535 67
3535 68
3535 69
3535 70
3535 71
3535 72
3535 73
3535 74
3535 75
3535 76
3535 77
3535 78
3536 67
3536 68
3536 69
3536 70
3536 71
3536 72
3536 73
3536 74
3536 75
3536 76
3536 77
3536 78
3536 79
3536 80
3536 81
3537 69
3537 70
3537 71
3537 72
3537 73
3537 74
3537 75
3537 76
3537 77
3537 78
3537 79
3537 80
3537 81
3537 82
3537 83
3537 84
3538 72
3538 73
3538 74
3538 75
3538 76
3538 77
3538 78
3538 79
3538 80
3538 81
3538 82
3538 83
3538 84
3538 85
3538 86
3538 87
3539 75
3539 76
3539 77
3539 78
3539 79
3539 80
3539 81
3539 82
3539 83
3539 84
3539 85
3539 86
3539 87
3539 88
3539 89
3539 90
3540 78
3540 79
3540 80
3540 81
3540 82
3540 83
3540 84
3540 85
3540 86
3540 87
3540 88
3540 89
3540 90
3540 91
3540 92
3540 93
3541 81
3541 82
3541 83
3541 84
3541 85
3541 86
3541 87
3541 88
3541 89
3541 90
3541 91
3541 92
3541 93
3541 94
3541 95
3542 84
3542 85
3542 86
3542 87
3542 88
3542 89
3542 90
3542 91
3542 92
3542 93
3542 94
3542 95
3542 96
3542 97
3542 98
3543 87
3543 88
3543 89
3543 90
3543 91
3543 92
3543 93
3543 94
3543 95
3543 96
3543 97
3543 98
3543 99
3543 100
3544 91
3544 92
3544 93
3544 94
3544 95
3544 96
3544 97
3544 98
3544 99
3544 100
3544 101
3544 102
3544 103
3545 94
3545 95
3545 96
3545 97
3545 98
3545 99
3545 100
3545 101
3545 102
3545 103
3545 104
3545 105
3546 98
3546 99
3546 100
3546 101
3546 102
3546 103
3546 104
3546 105
3546 106
3546 107
3547 101
3547 102
3547 103
3547 104
3547 105
3547 106
3547 107
3547 108
3547 109
3548 106
3548 107
3548 108
3548 109
3548 110
3562 49
3562 50
3562 51
3562 52
3562 53
3562 54
3563 51
3563 52
3563 53
3563 54
3563 55
3563 56
3563 57
3563 58
3563 59
3564 53
3564 54
3564 55
3564 56
3564 57
3564 58
3564 59
3564 60
3564 61
3564 62
3565 55
3565 56
3565 57
3565 58
3565 59
3565 60
3565 61
3565 62
3565 63
3565 64
3565 65
3565 66
3566 57
3566 58
3566 59
3566 60
3566 61
3566 62
3566 63
3566 64
3566 65
3566 66
3566 67
3566 68
3566 69
3567 60
3567 61
3567 62
3567 63
3567 64
3567 65
3567 66
3567 67
3567 68
3567 69
3567 70
3567 71
3567 72
3568 62
3568 63
3568 64
3568 65
3568 66
3568 67
3568 68
3568 69
3568 70
3568 71
3568 72
3568 73
3568 74
3568 75
3569 65
3569 66
3569 67
3569 68
3569 69
3569 70
3569 71
3569 72
3569 73
3569 74
3569 75
3569 76
3569 77
3569 78
3570 68
3570 69
3570 70
3570 71
3570 72
3570 73
3570 74
3570 75
3570 76
3570 77
3570 78
3570 79
3570 80
3570 81
3571 71
3571 72
3571 73
3571 74
3571 75
3571 76
3571 77
3571 78
3571 79
3571 80
3571 81
3571 82
3571 83
3571 84
3572 74
3572 75
3572 76
3572 77
3572 78
3572 79
3572 80
3572 81
3572 82
3572 83
3572 84
3572 85
3572 86
3573 77
3573 78
3573 79
3573 80
3573 81
3573 82
3573 83
3573 84
3573 85
3573 86
3573 87
3573 88
3573 89
3574 80
3574 81
3574 82
3574 83
3574 84
3574 85
3574 86
3574 87
3574 88
3574 89
3574 90
3574 91
3574 92
3575 83
3575 84
3575 85
3575 86
3575 87
3575 88
3575 89
3575 90
3575 91
3575 92
3575 93
3575 94
3576 86
3576 87
3576 88
3576 89
3576 90
3576 91
3576 92
3576 93
3576 94
3576 95
3576 96
3576 97
3577 89
3577 90
3577 91
3577 92
3577 93
3577 94
3577 95
3577 96
3577 97
3577 98
3577 99
3578 93
3578 94
3578 95
3578 96
3578 97
3578 98
3578 99
3578 100
3578 101
3579 97
3579 98
3579 99
3579 100
3579 101
3579 102
3579 103
3580 102
3580 103
3596 51
3596 52
3596 53
3596 54
3597 52
3597 53
3597 54
3597 55
3597 56
3597 57
3597 58
3598 54
3598 55
3598 56
3598 57
3598 58
3598 59
3598 60
3598 61
3598 62
3599 56
3599 57
3599 58
3599 59
3599 60
3599 61
3599 62
3599 63
3599 64
3599 65
3600 59
3600 60
3600 61
3600 62
3600 63
3600 64
3600 65
3600 66
3600 67
3600 68
3601 61
3601 62
3601 63
3601 64
3601 65
3601 66
3601 67
3601 68
3601 69
3601 70
3601 71
3602 64
3602 65
3602 66
3602 67
3602 68
3602 69
3602 70
3602 71
3602 72
3602 73
3602 74
3603 66
3603 67
3603 68
3603 69
3603 70
3603 71
3603 72
3603 73
3603 74
3603 75
3603 76
3603 77
3604 69
3604 70
3604 71
3604 72
3604 73
3604 74
3604 75
3604 76
3604 77
3604 78
3604 79
3604 80
3605 72
3605 73
3605 74
3605 75
3605 76
3605 77
3605 78
3605 79
3605 80
3605 81
3605 82
3605 83
3606 75
3606 76
3606 77
3606 78
3606 79
3606 80
3606 81
3606 82
3606 83
3606 84
3606 85
3607 78
3607 79
3607 80
3607 81
3607 82
3607 83
3607 84
3607 85
3607 86
3607 87
3607 88
3608 82
3608 83
3608 84
3608 85
3608 86
3608 87
3608 88
3608 89
3608 90
3609 85
3609 86
3609 87
3609 88
3609 89
3609 90
3609 91
3609 92
3610 89
3610 90
3610 91
3610 92
3610 93
3610 94
3611 93
3611 94
3611 95
3631 54
3631 55
3631 56
3631 57
3632 56
3632 57
3632 58
3632 59
3632 60
3632 61
3633 58
3633 59
3633 60
3633 61
3633 62
3633 63
3633 64
3634 60
3634 61
3634 62
3634 63
3634 64
3634 65
3634 66
3634 67
3635 63
3635 64
3635 65
3635 66
3635 67
3635 68
3635 69
3635 70
3636 66
3636 67
3636 68
3636 69
3636 70
3636 71
3636 72
3636 73
3637 68
3637 69
3637 70
3637 71
3637 72
3637 73
3637 74
3637 75
3637 76
3638 71
3638 72
3638 73
3638 74
3638 75
3638 76
3638 77
3638 78
3638 79
3639 74
3639 75
3639 76
3639 77
3639 78
3639 79
3639 80
3639 81
3640 78
3640 79
3640 80
3640 81
3640 82
3640 83
3641 81
3641 82
3641 83
3641 84
3641 85
3668 63
3668 64
3668 65
3669 66
3669 67
3669 68
3670 69
3670 70
3670 71
3671 72
3671 73
