2806 41
2806 42
2806 43
2810 33
2810 34
2810 35
2810 36
2810 37
2810 38
2814 26
2814 27
2814 28
2814 29
2814 30
2814 31
2818 20
2818 21
2818 22
2818 23
2818 24
2819 39
2819 40
2819 41
2819 42
2819 43
2819 44
2823 31
2823 32
2823 33
2823 34
2823 35
2823 36
2823 37
2823 38
2827 24
2827 25
2827 26
2827 27
2827 28
2827 29
2827 30
2827 31
2827 32
2828 45
2828 46
2828 47
2828 48
2828 49
2828 50
2831 18
2831 19
2831 20
2831 21
2831 22
2831 23
2831 24
2831 25
2832 37
2832 38
2832 39
2832 40
2832 41
2832 42
2832 43
2832 44
2832 45
2835 13
2835 14
2835 15
2835 16
2835 17
2836 30
2836 31
2836 32
2836 33
2836 34
2836 35
2836 36
2836 37
2836 38
2836 39
2840 23
2840 24
2840 25
2840 26
2840 27
2840 28
2840 29
2840 30
2840 31
2840 32
2841 44
2841 45
2841 46
2841 47
2841 48
2841 49
2841 50
2841 51
2844 16
2844 17
2844 18
2844 19
2844 20
2844 21
2844 22
2844 23
2844 24
2844 25
2845 36
2845 37
2845 38
2845 39
2845 40
2845 41
2845 42
2845 43
2845 44
2845 45
2848 11
2848 12
2848 13
2848 14
2848 15
2848 16
2848 17
2848 18
2849 28
2849 29
2849 30
2849 31
2849 32
2849 33
2849 34
2849 35
2849 36
2849 37
2849 38
2849 39
2850 52
2850 53
2850 54
2850 55
2850 56
2852 7
2852 8
2853 22
2853 23
2853 24
2853 25
2853 26
2853 27
2853 28
2853 29
2853 30
2853 31
2853 32
2854 42
2854 43
2854 44
2854 45
2854 46
2854 47
2854 48
2854 49
2854 50
2854 51
2857 15
2857 16
2857 17
2857 18
2857 19
2857 20
2857 21
2857 22
2857 23
2857 24
2857 25
2858 34
2858 35
2858 36
2858 37
2858 38
2858 39
2858 40
2858 41
2858 42
2858 43
2858 44
2858 45
2861 10
2861 11
2861 12
2861 13
2861 14
2861 15
2861 16
2861 17
2861 18
2862 27
2862 28
2862 29
2862 30
2862 31
2862 32
2862 33
2862 34
2862 35
2862 36
2862 37
2862 38
2862 39
2863 50
2863 51
2863 52
2863 53
2863 54
2863 55
2863 56
2863 57
2865 5
2865 6
2865 7
2865 8
2865 9
2865 10
2866 20
2866 21
2866 22
2866 23
2866 24
2866 25
2866 26
2866 27
2866 28
2866 29
2866 30
2866 31
2866 32
2867 41
2867 42
2867 43
2867 44
2867 45
2867 46
2867 47
2867 48
2867 49
2867 50
2867 51
2867 52
2870 14
2870 15
2870 16
2870 17
2870 18
2870 19
2870 20
2870 21
2870 22
2870 23
2870 24
2870 25
2871 33
2871 34
2871 35
2871 36
2871 37
2871 38
2871 39
2871 40
2871 41
2871 42
2871 43
2871 44
2871 45
2874 8
2874 9
2874 10
2874 11
2874 12
2874 13
2874 14
2874 15
2874 16
2874 17
2874 18
2875 26
2875 27
2875 28
2875 29
2875 30
2875 31
2875 32
2875 33
2875 34
2875 35
2875 36
2875 37
2875 38
2875 39
2876 49
2876 50
2876 51
2876 52
2876 53
2876 54
2876 55
2876 56
2876 57
2878 3
2878 4
2878 5
2878 6
2878 7
2878 8
2878 9
2878 10
2879 19
2879 20
2879 21
2879 22
2879 23
2879 24
2879 25
2879 26
2879 27
2879 28
2879 29
2879 30
2879 31
2879 32
2880 40
2880 41
2880 42
2880 43
2880 44
2880 45
2880 46
2880 47
2880 48
2880 49
2880 50
2880 51
2880 52
2883 13
2883 14
2883 15
2883 16
2883 17
2883 18
2883 19
2883 20
2883 21
2883 22
2883 23
2883 24
2883 25
2884 32
2884 33
2884 34
2884 35
2884 36
2884 37
2884 38
2884 39
2884 40
2884 41
2884 42
2884 43
2884 44
2884 45
2885 58
2885 59
2885 60
2885 61
2887 7
2887 8
2887 9
2887 10
2887 11
2887 12
2887 13
2887 14
2887 15
2887 16
2887 17
2887 18
2888 25
2888 26
2888 27
2888 28
2888 29
2888 30
2888 31
2888 32
2888 33
2888 34
2888 35
2888 36
2888 37
2888 38
2888 39
2889 48
2889 49
2889 50
2889 51
2889 52
2889 53
2889 54
2889 55
2889 56
2889 57
2891 2
2891 3
2891 4
2891 5
2891 6
2891 7
2891 8
2891 9
2891 10
2892 19
2892 20
2892 21
2892 22
2892 23
2892 24
2892 25
2892 26
2892 27
2892 28
2892 29
2892 30
2892 31
2892 32
2893 39
2893 40
2893 41
2893 42
2893 43
2893 44
2893 45
2893 46
2893 47
2893 48
2893 49
2893 50
2893 51
2896 12
2896 13
2896 14
2896 15
2896 16
2896 17
2896 18
2896 19
2896 20
2896 21
2896 22
2896 23
2896 24
2896 25
2897 32
2897 33
2897 34
2897 35
2897 36
2897 37
2897 38
2897 39
2897 40
2897 41
2897 42
2897 43
2897 44
2897 45
2898 56
2898 57
2898 58
2898 59
2898 60
2898 61
2900 6
2900 7
2900 8
2900 9
2900 10
2900 11
2900 12
2900 13
2900 14
2900 15
2900 16
2900 17
2900 18
2901 24
2901 25
2901 26
2901 27
2901 28
2901 29
2901 30
2901 31
2901 32
2901 33
2901 34
2901 35
2901 36
2901 37
2901 38
2901 39
2902 47
2902 48
2902 49
2902 50
2902 51
2902 52
2902 53
2902 54
2902 55
2902 56
2902 57
2904 1
2904 2
2904 3
2904 4
2904 5
2904 6
2904 7
2904 8
2904 9
2904 10
2905 18
2905 19
2905 20
2905 21
2905 22
2905 23
2905 24
2905 25
2905 26
2905 27
2905 28
2905 29
2905 30
2905 31
2905 32
2906 38
2906 39
2906 40
2906 41
2906 42
2906 43
2906 44
2906 45
2906 46
2906 47
2906 48
2906 49
2906 50
2906 51
2908 0
2908 1
2908 573
2908 574
2908 575
2909 11
2909 12
2909 13
2909 14
2909 15
2909 16
2909 17
2909 18
2909 19
2909 20
2909 21
2909 22
2909 23
2909 24
2909 25
2910 31
2910 32
2910 33
2910 34
2910 35
2910 36
2910 37
2910 38
2910 39
2910 40
2910 41
2910 42
2910 43
2910 44
2910 45
2911 55
2911 56
2911 57
2911 58
2911 59
2911 60
2911 61
2911 62
2913 5
2913 6
2913 7
2913 8
2913 9
2913 10
2913 11
2913 12
2913 13
2913 14
2913 15
2913 16
2913 17
2913 18
2914 24
2914 25
2914 26
2914 27
2914 28
2914 29
2914 30
2914 31
2914 32
2914 33
2914 34
2914 35
2914 36
2914 37
2914 38
2915 46
2915 47
2915 48
2915 49
2915 50
2915 51
2915 52
2915 53
2915 54
2915 55
2915 56
2915 57
2917 0
2917 1
2917 2
2917 3
2917 4
2917 5
2917 6
2917 7
2917 8
2917 9
2917 10
2918 17
2918 18
2918 19
2918 20
2918 21
2918 22
2918 23
2918 24
2918 25
2918 26
2918 27
2918 28
2918 29
2918 30
2918 31
2918 32
2919 37
2919 38
2919 39
2919 40
2919 41
2919 42
2919 43
2919 44
2919 45
2919 46
2919 47
2919 48
2919 49
2919 50
2919 51
2921 0
2921 1
2921 572
2921 573
2921 574
2921 575
2922 11
2922 12
2922 13
2922 14
2922 15
2922 16
2922 17
2922 18
2922 19
2922 20
2922 21
2922 22
2922 23
2922 24
2922 25
2923 30
2923 31
2923 32
2923 33
2923 34
2923 35
2923 36
2923 37
2923 38
2923 39
2923 40
2923 41
2923 42
2923 43
2923 44
2923 45
2924 54
2924 55
2924 56
2924 57
2924 58
2924 59
2924 60
2924 61
2926 5
2926 6
2926 7
2926 8
2926 9
2926 10
2926 11
2926 12
2926 13
2926 14
2926 15
2926 16
2926 17
2927 23
2927 24
2927 25
2927 26
2927 27
2927 28
2927 29
2927 30
2927 31
2927 32
2927 33
2927 34
2927 35
2927 36
2927 37
2927 38
2928 45
2928 46
2928 47
2928 48
2928 49
2928 50
2928 51
2928 52
2928 53
2928 54
2928 55
2928 56
2930 0
2930 1
2930 2
2930 3
2930 4
2930 5
2930 6
2930 7
2930 8
2930 9
2930 10
2930 575
2931 16
2931 17
2931 18
2931 19
2931 20
2931 21
2931 22
2931 23
2931 24
2931 25
2931 26
2931 27
2931 28
2931 29
2931 30
2931 31
2932 37
2932 38
2932 39
2932 40
2932 41
2932 42
2932 43
2932 44
2932 45
2932 46
2932 47
2932 48
2932 49
2932 50
2932 51
2934 0
2934 1
2934 571
2934 572
2934 573
2934 574
2934 575
2935 10
2935 11
2935 12
2935 13
2935 14
2935 15
2935 16
2935 17
2935 18
2935 19
2935 20
2935 21
2935 22
2935 23
2935 24
2936 29
2936 30
2936 31
2936 32
2936 33
2936 34
2936 35
2936 36
2936 37
2936 38
2936 39
2936 40
2936 41
2936 42
2936 43
2936 44
2937 53
2937 54
2937 55
2937 56
2937 57
2937 58
2937 59
2937 60
2937 61
2939 4
2939 5
2939 6
2939 7
2939 8
2939 9
2939 10
2939 11
2939 12
2939 13
2939 14
2939 15
2939 16
2939 17
2940 22
2940 23
2940 24
2940 25
2940 26
2940 27
2940 28
2940 29
2940 30
2940 31
2940 32
2940 33
2940 34
2940 35
2940 36
2940 37
2940 38
2941 44
2941 45
2941 46
2941 47
2941 48
2941 49
2941 50
2941 51
2941 52
2941 53
2941 54
2941 55
2941 56
2943 0
2943 1
2943 2
2943 3
2943 4
2943 5
2943 6
2943 7
2943 8
2943 9
2943 574
2943 575
2944 15
2944 16
2944 17
2944 18
2944 19
2944 20
2944 21
2944 22
2944 23
2944 24
2944 25
2944 26
2944 27
2944 28
2944 29
2944 30
2944 31
2945 36
2945 37
2945 38
2945 39
2945 40
2945 41
2945 42
2945 43
2945 44
2945 45
2945 46
2945 47
2945 48
2945 49
2945 50
2947 0
2947 570
2947 571
2947 572
2947 573
2947 574
2947 575
2948 9
2948 10
2948 11
2948 12
2948 13
2948 14
2948 15
2948 16
2948 17
2948 18
2948 19
2948 20
2948 21
2948 22
2948 23
2948 24
2949 28
2949 29
2949 30
2949 31
2949 32
2949 33
2949 34
2949 35
2949 36
2949 37
2949 38
2949 39
2949 40
2949 41
2949 42
2949 43
2949 44
2950 52
2950 53
2950 54
2950 55
2950 56
2950 57
2950 58
2950 59
2950 60
2950 61
2952 3
2952 4
2952 5
2952 6
2952 7
2952 8
2952 9
2952 10
2952 11
2952 12
2952 13
2952 14
2952 15
2952 16
2952 17
2953 21
2953 22
2953 23
2953 24
2953 25
2953 26
2953 27
2953 28
2953 29
2953 30
2953 31
2953 32
2953 33
2953 34
2953 35
2953 36
2953 37
2954 43
2954 44
2954 45
2954 46
2954 47
2954 48
2954 49
2954 50
2954 51
2954 52
2954 53
2954 54
2954 55
2954 56
2956 0
2956 1
2956 2
2956 3
2956 4
2956 5
2956 6
2956 7
2956 8
2956 9
2956 574
2956 575
2957 15
2957 16
2957 17
2957 18
2957 19
2957 20
2957 21
2957 22
2957 23
2957 24
2957 25
2957 26
2957 27
2957 28
2957 29
2957 30
2958 35
2958 36
2958 37
2958 38
2958 39
2958 40
2958 41
2958 42
2958 43
2958 44
2958 45
2958 46
2958 47
2958 48
2958 49
2958 50
2960 0
2960 569
2960 570
2960 571
2960 572
2960 573
2960 574
2960 575
2961 8
2961 9
2961 10
2961 11
2961 12
2961 13
2961 14
2961 15
2961 16
2961 17
2961 18
2961 19
2961 20
2961 21
2961 22
2961 23
2962 28
2962 29
2962 30
2962 31
2962 32
2962 33
2962 34
2962 35
2962 36
2962 37
2962 38
2962 39
2962 40
2962 41
2962 42
2962 43
2963 52
2963 53
2963 54
2963 55
2963 56
2963 57
2963 58
2963 59
2963 60
2965 2
2965 3
2965 4
2965 5
2965 6
2965 7
2965 8
2965 9
2965 10
2965 11
2965 12
2965 13
2965 14
2965 15
2965 16
2966 21
2966 22
2966 23
2966 24
2966 25
2966 26
2966 27
2966 28
2966 29
2966 30
2966 31
2966 32
2966 33
2966 34
2966 35
2966 36
2966 37
2967 43
2967 44
2967 45
2967 46
2967 47
2967 48
2967 49
2967 50
2967 51
2967 52
2967 53
2967 54
2967 55
2969 0
2969 1
2969 2
2969 3
2969 4
2969 5
2969 6
2969 7
2969 8
2969 573
2969 574
2969 575
2970 14
2970 15
2970 16
2970 17
2970 18
2970 19
2970 20
2970 21
2970 22
2970 23
2970 24
2970 25
2970 26
2970 27
2970 28
2970 29
2970 30
2971 35
2971 36
2971 37
2971 38
2971 39
2971 40
2971 41
2971 42
2971 43
2971 44
2971 45
2971 46
2971 47
2971 48
2971 49
2973 0
2973 569
2973 570
2973 571
2973 572
2973 573
2973 574
2973 575
2974 8
2974 9
2974 10
2974 11
2974 12
2974 13
2974 14
2974 15
2974 16
2974 17
2974 18
2974 19
2974 20
2974 21
2974 22
2974 23
2975 27
2975 28
2975 29
2975 30
2975 31
2975 32
2975 33
2975 34
2975 35
2975 36
2975 37
2975 38
2975 39
2975 40
2975 41
2975 42
2975 43
2976 51
2976 52
2976 53
2976 54
2976 55
2976 56
2976 57
2976 58
2976 59
2976 60
2978 2
2978 3
2978 4
2978 5
2978 6
2978 7
2978 8
2978 9
2978 10
2978 11
2978 12
2978 13
2978 14
2978 15
2978 16
2979 20
2979 21
2979 22
2979 23
2979 24
2979 25
2979 26
2979 27
2979 28
2979 29
2979 30
2979 31
2979 32
2979 33
2979 34
2979 35
2979 36
2980 42
2980 43
2980 44
2980 45
2980 46
2980 47
2980 48
2980 49
2980 50
2980 51
2980 52
2980 53
2980 54
2980 55
2982 0
2982 1
2982 2
2982 3
2982 4
2982 5
2982 6
2982 7
2982 8
2982 572
2982 573
2982 574
2982 575
2983 13
2983 14
2983 15
2983 16
2983 17
2983 18
2983 19
2983 20
2983 21
2983 22
2983 23
2983 24
2983 25
2983 26
2983 27
2983 28
2983 29
2984 34
2984 35
2984 36
2984 37
2984 38
2984 39
2984 40
2984 41
2984 42
2984 43
2984 44
2984 45
2984 46
2984 47
2984 48
2984 49
2986 568
2986 569
2986 570
2986 571
2986 572
2986 573
2986 574
2986 575
2987 7
2987 8
2987 9
2987 10
2987 11
2987 12
2987 13
2987 14
2987 15
2987 16
2987 17
2987 18
2987 19
2987 20
2987 21
2987 22
2988 26
2988 27
2988 28
2988 29
2988 30
2988 31
2988 32
2988 33
2988 34
2988 35
2988 36
2988 37
2988 38
2988 39
2988 40
2988 41
2988 42
2989 50
2989 51
2989 52
2989 53
2989 54
2989 55
2989 56
2989 57
2989 58
2989 59
2991 1
2991 2
2991 3
2991 4
2991 5
2991 6
2991 7
2991 8
2991 9
2991 10
2991 11
2991 12
2991 13
2991 14
2991 15
2992 19
2992 20
2992 21
2992 22
2992 23
2992 24
2992 25
2992 26
2992 27
2992 28
2992 29
2992 30
2992 31
2992 32
2992 33
2992 34
2992 35
2992 36
2993 41
2993 42
2993 43
2993 44
2993 45
2993 46
2993 47
2993 48
2993 49
2993 50
2993 51
2993 52
2993 53
2993 54
2995 0
2995 1
2995 2
2995 3
2995 4
2995 5
2995 6
2995 7
2995 572
2995 573
2995 574
2995 575
2996 13
2996 14
2996 15
2996 16
2996 17
2996 18
2996 19
2996 20
2996 21
2996 22
2996 23
2996 24
2996 25
2996 26
2996 27
2996 28
2996 29
2997 33
2997 34
2997 35
2997 36
2997 37
2997 38
2997 39
2997 40
2997 41
2997 42
2997 43
2997 44
2997 45
2997 46
2997 47
2997 48
2999 567
2999 568
2999 569
2999 570
2999 571
2999 572
2999 573
2999 574
3000 6
3000 7
3000 8
3000 9
3000 10
3000 11
3000 12
3000 13
3000 14
3000 15
3000 16
3000 17
3000 18
3000 19
3000 20
3000 21
3000 22
3001 26
3001 27
3001 28
3001 29
3001 30
3001 31
3001 32
3001 33
3001 34
3001 35
3001 36
3001 37
3001 38
3001 39
3001 40
3001 41
3001 42
3002 50
3002 51
3002 52
3002 53
3002 54
3002 55
3002 56
3002 57
3002 58
3004 0
3004 1
3004 2
3004 3
3004 4
3004 5
3004 6
3004 7
3004 8
3004 9
3004 10
3004 11
3004 12
3004 13
3004 14
3005 19
3005 20
3005 21
3005 22
3005 23
3005 24
3005 25
3005 26
3005 27
3005 28
3005 29
3005 30
3005 31
3005 32
3005 33
3005 34
3005 35
3006 41
3006 42
3006 43
3006 44
3006 45
3006 46
3006 47
3006 48
3006 49
3006 50
3006 51
3006 52
3006 53
3008 0
3008 1
3008 2
3008 3
3008 4
3008 5
3008 6
3008 7
3008 571
3008 572
3008 573
3008 574
3008 575
3009 12
3009 13
3009 14
3009 15
3009 16
3009 17
3009 18
3009 19
3009 20
3009 21
3009 22
3009 23
3009 24
3009 25
3009 26
3009 27
3009 28
3010 33
3010 34
3010 35
3010 36
3010 37
3010 38
3010 39
3010 40
3010 41
3010 42
3010 43
3010 44
3010 45
3010 46
3010 47
3012 567
3012 568
3012 569
3012 570
3012 571
3012 572
3012 573
3012 574
3013 6
3013 7
3013 8
3013 9
3013 10
3013 11
3013 12
3013 13
3013 14
3013 15
3013 16
3013 17
3013 18
3013 19
3013 20
3013 21
3014 25
3014 26
3014 27
3014 28
3014 29
3014 30
3014 31
3014 32
3014 33
3014 34
3014 35
3014 36
3014 37
3014 38
3014 39
3014 40
3014 41
3015 49
3015 50
3015 51
3015 52
3015 53
3015 54
3015 55
3015 56
3015 57
3015 58
3017 0
3017 1
3017 2
3017 3
3017 4
3017 5
3017 6
3017 7
3017 8
3017 9
3017 10
3017 11
3017 12
3017 13
3017 14
3018 18
3018 19
3018 20
3018 21
3018 22
3018 23
3018 24
3018 25
3018 26
3018 27
3018 28
3018 29
3018 30
3018 31
3018 32
3018 33
3018 34
3019 40
3019 41
3019 42
3019 43
3019 44
3019 45
3019 46
3019 47
3019 48
3019 49
3019 50
3019 51
3019 52
3019 53
3021 0
3021 1
3021 2
3021 3
3021 4
3021 5
3021 6
3021 571
3021 572
3021 573
3021 574
3021 575
3022 11
3022 12
3022 13
3022 14
3022 15
3022 16
3022 17
3022 18
3022 19
3022 20
3022 21
3022 22
3022 23
3022 24
3022 25
3022 26
3022 27
3022 28
3023 32
3023 33
3023 34
3023 35
3023 36
3023 37
3023 38
3023 39
3023 40
3023 41
3023 42
3023 43
3023 44
3023 45
3023 46
3023 47
3025 566
3025 567
3025 568
3025 569
3025 570
3025 571
3025 572
3025 573
3026 5
3026 6
3026 7
3026 8
3026 9
3026 10
3026 11
3026 12
3026 13
3026 14
3026 15
3026 16
3026 17
3026 18
3026 19
3026 20
3027 25
3027 26
3027 27
3027 28
3027 29
3027 30
3027 31
3027 32
3027 33
3027 34
3027 35
3027 36
3027 37
3027 38
3027 39
3027 40
3028 48
3028 49
3028 50
3028 51
3028 52
3028 53
3028 54
3028 55
3028 56
3028 57
3030 0
3030 1
3030 2
3030 3
3030 4
3030 5
3030 6
3030 7
3030 8
3030 9
3030 10
3030 11
3030 12
3030 13
3030 575
3031 18
3031 19
3031 20
3031 21
3031 22
3031 23
3031 24
3031 25
3031 26
3031 27
3031 28
3031 29
3031 30
3031 31
3031 32
3031 33
3031 34
3032 39
3032 40
3032 41
3032 42
3032 43
3032 44
3032 45
3032 46
3032 47
3032 48
3032 49
3032 50
3032 51
3032 52
3034 0
3034 1
3034 2
3034 3
3034 4
3034 5
3034 570
3034 571
3034 572
3034 573
3034 574
3034 575
3035 11
3035 12
3035 13
3035 14
3035 15
3035 16
3035 17
3035 18
3035 19
3035 20
3035 21
3035 22
3035 23
3035 24
3035 25
3035 26
3035 27
3036 31
3036 32
3036 33
3036 34
3036 35
3036 36
3036 37
3036 38
3036 39
3036 40
3036 41
3036 42
3036 43
3036 44
3036 45
3036 46
3038 566
3038 567
3038 568
3038 569
3038 570
3038 571
3038 572
3039 5
3039 6
3039 7
3039 8
3039 9
3039 10
3039 11
3039 12
3039 13
3039 14
3039 15
3039 16
3039 17
3039 18
3039 19
3039 20
3040 24
3040 25
3040 26
3040 27
3040 28
3040 29
3040 30
3040 31
3040 32
3040 33
3040 34
3040 35
3040 36
3040 37
3040 38
3040 39
3040 40
3041 48
3041 49
3041 50
3041 51
3041 52
3041 53
3041 54
3041 55
3041 56
3043 0
3043 1
3043 2
3043 3
3043 4
3043 5
3043 6
3043 7
3043 8
3043 9
3043 10
3043 11
3043 12
3043 575
3044 17
3044 18
3044 19
3044 20
3044 21
3044 22
3044 23
3044 24
3044 25
3044 26
3044 27
3044 28
3044 29
3044 30
3044 31
3044 32
3044 33
3045 39
3045 40
3045 41
3045 42
3045 43
3045 44
3045 45
3045 46
3045 47
3045 48
3045 49
3045 50
3045 51
3047 0
3047 1
3047 2
3047 3
3047 4
3047 570
3047 571
3047 572
3047 573
3047 574
3047 575
3048 10
3048 11
3048 12
3048 13
3048 14
3048 15
3048 16
3048 17
3048 18
3048 19
3048 20
3048 21
3048 22
3048 23
3048 24
3048 25
3048 26
3049 31
3049 32
3049 33
3049 34
3049 35
3049 36
3049 37
3049 38
3049 39
3049 40
3049 41
3049 42
3049 43
3049 44
3049 45
3051 566
3051 567
3051 568
3051 569
3051 570
3051 571
3052 4
3052 5
3052 6
3052 7
3052 8
3052 9
3052 10
3052 11
3052 12
3052 13
3052 14
3052 15
3052 16
3052 17
3052 18
3052 19
3053 23
3053 24
3053 25
3053 26
3053 27
3053 28
3053 29
3053 30
3053 31
3053 32
3053 33
3053 34
3053 35
3053 36
3053 37
3053 38
3053 39
3054 47
3054 48
3054 49
3054 50
3054 51
3054 52
3054 53
3054 54
3054 55
3056 0
3056 1
3056 2
3056 3
3056 4
3056 5
3056 6
3056 7
3056 8
3056 9
3056 10
3056 11
3056 574
3056 575
3057 16
3057 17
3057 18
3057 19
3057 20
3057 21
3057 22
3057 23
3057 24
3057 25
3057 26
3057 27
3057 28
3057 29
3057 30
3057 31
3057 32
3058 38
3058 39
3058 40
3058 41
3058 42
3058 43
3058 44
3058 45
3058 46
3058 47
3058 48
3058 49
3058 50
3060 0
3060 1
3060 2
3060 3
3060 569
3060 570
3060 571
3060 572
3060 573
3060 574
3060 575
3061 10
3061 11
3061 12
3061 13
3061 14
3061 15
3061 16
3061 17
3061 18
3061 19
3061 20
3061 21
3061 22
3061 23
3061 24
3061 25
3062 30
3062 31
3062 32
3062 33
3062 34
3062 35
3062 36
3062 37
3062 38
3062 39
3062 40
3062 41
3062 42
3062 43
3062 44
3064 566
3064 567
3064 568
3064 569
3065 3
3065 4
3065 5
3065 6
3065 7
3065 8
3065 9
3065 10
3065 11
3065 12
3065 13
3065 14
3065 15
3065 16
3065 17
3065 18
3066 23
3066 24
3066 25
3066 26
3066 27
3066 28
3066 29
3066 30
3066 31
3066 32
3066 33
3066 34
3066 35
3066 36
3066 37
3066 38
3067 47
3067 48
3067 49
3067 50
3067 51
3067 52
3067 53
3067 54
3069 0
3069 1
3069 2
3069 3
3069 4
3069 5
3069 6
3069 7
3069 8
3069 9
3069 10
3069 11
3069 574
3069 575
3070 16
3070 17
3070 18
3070 19
3070 20
3070 21
3070 22
3070 23
3070 24
3070 25
3070 26
3070 27
3070 28
3070 29
3070 30
3070 31
3071 38
3071 39
3071 40
3071 41
3071 42
3071 43
3071 44
3071 45
3071 46
3071 47
3071 48
3071 49
3073 0
3073 1
3073 2
3073 569
3073 570
3073 571
3073 572
3073 573
3073 574
3073 575
3074 9
3074 10
3074 11
3074 12
3074 13
3074 14
3074 15
3074 16
3074 17
3074 18
3074 19
3074 20
3074 21
3074 22
3074 23
3074 24
3074 25
3075 30
3075 31
3075 32
3075 33
3075 34
3075 35
3075 36
3075 37
3075 38
3075 39
3075 40
3075 41
3075 42
3075 43
3077 567
3078 3
3078 4
3078 5
3078 6
3078 7
3078 8
3078 9
3078 10
3078 11
3078 12
3078 13
3078 14
3078 15
3078 16
3078 17
3079 22
3079 23
3079 24
3079 25
3079 26
3079 27
3079 28
3079 29
3079 30
3079 31
3079 32
3079 33
3079 34
3079 35
3079 36
3079 37
3080 46
3080 47
3080 48
3080 49
3080 50
3080 51
3080 52
3080 53
3082 0
3082 1
3082 2
3082 3
3082 4
3082 5
3082 6
3082 7
3082 8
3082 9
3082 10
3082 573
3082 574
3082 575
3083 15
3083 16
3083 17
3083 18
3083 19
3083 20
3083 21
3083 22
3083 23
3083 24
3083 25
3083 26
3083 27
3083 28
3083 29
3083 30
3083 31
3084 37
3084 38
3084 39
3084 40
3084 41
3084 42
3084 43
3084 44
3084 45
3084 46
3084 47
3084 48
3086 0
3086 1
3086 568
3086 569
3086 570
3086 571
3086 572
3086 573
3086 574
3086 575
3087 9
3087 10
3087 11
3087 12
3087 13
3087 14
3087 15
3087 16
3087 17
3087 18
3087 19
3087 20
3087 21
3087 22
3087 23
3087 24
3088 29
3088 30
3088 31
3088 32
3088 33
3088 34
3088 35
3088 36
3088 37
3088 38
3088 39
3088 40
3088 41
3088 42
3088 43
3091 2
3091 3
3091 4
3091 5
3091 6
3091 7
3091 8
3091 9
3091 10
3091 11
3091 12
3091 13
3091 14
3091 15
3091 16
3092 22
3092 23
3092 24
3092 25
3092 26
3092 27
3092 28
3092 29
3092 30
3092 31
3092 32
3092 33
3092 34
3092 35
3092 36
3093 46
3093 47
3093 48
3093 49
3093 50
3093 51
3093 52
3095 0
3095 1
3095 2
3095 3
3095 4
3095 5
3095 6
3095 7
3095 8
3095 9
3095 573
3095 574
3095 575
3096 15
3096 16
3096 17
3096 18
3096 19
3096 20
3096 21
3096 22
3096 23
3096 24
3096 25
3096 26
3096 27
3096 28
3096 29
3096 30
3097 36
3097 37
3097 38
3097 39
3097 40
3097 41
3097 42
3097 43
3097 44
3097 45
3097 46
3097 47
3099 0
3099 568
3099 569
3099 570
3099 571
3099 572
3099 573
3099 574
3099 575
3100 8
3100 9
3100 10
3100 11
3100 12
3100 13
3100 14
3100 15
3100 16
3100 17
3100 18
3100 19
3100 20
3100 21
3100 22
3100 23
3101 28
3101 29
3101 30
3101 31
3101 32
3101 33
3101 34
3101 35
3101 36
3101 37
3101 38
3101 39
3101 40
3101 41
3101 42
3104 2
3104 3
3104 4
3104 5
3104 6
3104 7
3104 8
3104 9
3104 10
3104 11
3104 12
3104 13
3104 14
3104 15
3104 16
3105 21
3105 22
3105 23
3105 24
3105 25
3105 26
3105 27
3105 28
3105 29
3105 30
3105 31
3105 32
3105 33
3105 34
3105 35
3106 45
3106 46
3106 47
3106 48
3106 49
3106 50
3108 0
3108 1
3108 2
3108 3
3108 4
3108 5
3108 6
3108 7
3108 8
3108 572
3108 573
3108 574
3108 575
3109 14
3109 15
3109 16
3109 17
3109 18
3109 19
3109 20
3109 21
3109 22
3109 23
3109 24
3109 25
3109 26
3109 27
3109 28
3109 29
3110 36
3110 37
3110 38
3110 39
3110 40
3110 41
3110 42
3110 43
3110 44
3110 45
3110 46
3112 568
3112 569
3112 570
3112 571
3112 572
3112 573
3112 574
3112 575
3113 8
3113 9
3113 10
3113 11
3113 12
3113 13
3113 14
3113 15
3113 16
3113 17
3113 18
3113 19
3113 20
3113 21
3113 22
3114 28
3114 29
3114 30
3114 31
3114 32
3114 33
3114 34
3114 35
3114 36
3114 37
3114 38
3114 39
3114 40
3114 41
3117 1
3117 2
3117 3
3117 4
3117 5
3117 6
3117 7
3117 8
3117 9
3117 10
3117 11
3117 12
3117 13
3117 14
3117 15
3118 20
3118 21
3118 22
3118 23
3118 24
3118 25
3118 26
3118 27
3118 28
3118 29
3118 30
3118 31
3118 32
3118 33
3118 34
3119 45
3119 46
3119 47
3119 48
3119 49
3121 0
3121 1
3121 2
3121 3
3121 4
3121 5
3121 6
3121 7
3121 572
3121 573
3121 574
3121 575
3122 14
3122 15
3122 16
3122 17
3122 18
3122 19
3122 20
3122 21
3122 22
3122 23
3122 24
3122 25
3122 26
3122 27
3122 28
3123 35
3123 36
3123 37
3123 38
3123 39
3123 40
3123 41
3123 42
3123 43
3123 44
3123 45
3125 568
3125 569
3125 570
3125 571
3125 572
3125 573
3126 7
3126 8
3126 9
3126 10
3126 11
3126 12
3126 13
3126 14
3126 15
3126 16
3126 17
3126 18
3126 19
3126 20
3126 21
3127 27
3127 28
3127 29
3127 30
3127 31
3127 32
3127 33
3127 34
3127 35
3127 36
3127 37
3127 38
3127 39
3127 40
3130 1
3130 2
3130 3
3130 4
3130 5
3130 6
3130 7
3130 8
3130 9
3130 10
3130 11
3130 12
3130 13
3131 20
3131 21
3131 22
3131 23
3131 24
3131 25
3131 26
3131 27
3131 28
3131 29
3131 30
3131 31
3131 32
3131 33
3132 45
3132 46
3132 47
3134 0
3134 1
3134 2
3134 3
3134 4
3134 5
3134 572
3134 573
3134 574
3134 575
3135 13
3135 14
3135 15
3135 16
3135 17
3135 18
3135 19
3135 20
3135 21
3135 22
3135 23
3135 24
3135 25
3135 26
3135 27
3136 35
3136 36
3136 37
3136 38
3136 39
3136 40
3136 41
3136 42
3136 43
3136 44
3138 568
3138 569
3138 570
3138 571
3139 7
3139 8
3139 9
3139 10
3139 11
3139 12
3139 13
3139 14
3139 15
3139 16
3139 17
3139 18
3139 19
3139 20
3140 27
3140 28
3140 29
3140 30
3140 31
3140 32
3140 33
3140 34
3140 35
3140 36
3140 37
3140 38
3140 39
3143 1
3143 2
3143 3
3143 4
3143 5
3143 6
3143 7
3143 8
3143 9
3143 10
3143 11
3143 12
3144 19
3144 20
3144 21
3144 22
3144 23
3144 24
3144 25
3144 26
3144 27
3144 28
3144 29
3144 30
3144 31
3144 32
3147 0
3147 1
3147 2
3147 3
3147 4
3147 571
3147 572
3147 573
3147 574
3147 575
3148 13
3148 14
3148 15
3148 16
3148 17
3148 18
3148 19
3148 20
3148 21
3148 22
3148 23
3148 24
3148 25
3148 26
3149 34
3149 35
3149 36
3149 37
3149 38
3149 39
3149 40
3149 41
3149 42
3149 43
3152 6
3152 7
3152 8
3152 9
3152 10
3152 11
3152 12
3152 13
3152 14
3152 15
3152 16
3152 17
3152 18
3152 19
3153 26
3153 27
3153 28
3153 29
3153 30
3153 31
3153 32
3153 33
3153 34
3153 35
3153 36
3153 37
3153 38
3156 0
3156 1
3156 2
3156 3
3156 4
3156 5
3156 6
3156 7
3156 8
3156 9
3156 10
3156 11
3157 19
3157 20
3157 21
3157 22
3157 23
3157 24
3157 25
3157 26
3157 27
3157 28
3157 29
3157 30
3157 31
3160 0
3160 1
3160 2
3160 3
3160 571
3160 572
3160 573
3160 574
3160 575
3161 12
3161 13
3161 14
3161 15
3161 16
3161 17
3161 18
3161 19
3161 20
3161 21
3161 22
3161 23
3161 24
3161 25
3162 34
3162 35
3162 36
3162 37
3162 38
3162 39
3162 40
3162 41
3162 42
3165 6
3165 7
3165 8
3165 9
3165 10
3165 11
3165 12
3165 13
3165 14
3165 15
3165 16
3165 17
3165 18
3166 26
3166 27
3166 28
3166 29
3166 30
3166 31
3166 32
3166 33
3166 34
3166 35
3166 36
3169 0
3169 1
3169 2
3169 3
3169 4
3169 5
3169 6
3169 7
3169 8
3169 9
3169 10
3170 18
3170 19
3170 20
3170 21
3170 22
3170 23
3170 24
3170 25
3170 26
3170 27
3170 28
3170 29
3170 30
3173 0
3173 1
3173 571
3173 572
3173 573
3173 574
3173 575
3174 12
3174 13
3174 14
3174 15
3174 16
3174 17
3174 18
3174 19
3174 20
3174 21
3174 22
3174 23
3174 24
3175 34
3175 35
3175 36
3175 37
3175 38
3175 39
3175 40
3178 5
3178 6
3178 7
3178 8
3178 9
3178 10
3178 11
3178 12
3178 13
3178 14
3178 15
3178 16
3179 25
3179 26
3179 27
3179 28
3179 29
3179 30
3179 31
3179 32
3179 33
3179 34
3179 35
3182 0
3182 1
3182 2
3182 3
3182 4
3182 5
3182 6
3182 7
3182 8
3183 18
3183 19
3183 20
3183 21
3183 22
3183 23
3183 24
3183 25
3183 26
3183 27
3183 28
3183 29
3186 572
3186 573
3186 574
3186 575
3187 11
3187 12
3187 13
3187 14
3187 15
3187 16
3187 17
3187 18
3187 19
3187 20
3187 21
3187 22
3188 33
3188 34
3188 35
3188 36
3188 37
3188 38
3188 39
3191 5
3191 6
3191 7
3191 8
3191 9
3191 10
3191 11
3191 12
3191 13
3191 14
3191 15
3192 25
3192 26
3192 27
3192 28
3192 29
3192 30
3192 31
3192 32
3192 33
3192 34
3195 0
3195 1
3195 2
3195 3
3195 4
3195 5
3195 6
3195 7
3195 575
3196 17
3196 18
3196 19
3196 20
3196 21
3196 22
3196 23
3196 24
3196 25
3196 26
3196 27
3196 28
3200 11
3200 12
3200 13
3200 14
3200 15
3200 16
3200 17
3200 18
3200 19
3200 20
3200 21
3201 33
3201 34
3201 35
3201 36
3201 37
3201 38
3204 5
3204 6
3204 7
3204 8
3204 9
3204 10
3204 11
3204 12
3204 13
3204 14
3205 24
3205 25
3205 26
3205 27
3205 28
3205 29
3205 30
3205 31
3205 32
3205 33
3208 0
3208 1
3208 2
3208 3
3208 4
3208 5
3208 575
3209 17
3209 18
3209 19
3209 20
3209 21
3209 22
3209 23
3209 24
3209 25
3209 26
3209 27
3213 10
3213 11
3213 12
3213 13
3213 14
3213 15
3213 16
3213 17
3213 18
3213 19
3213 20
3214 33
3214 34
3214 35
3214 36
3217 4
3217 5
3217 6
3217 7
3217 8
3217 9
3217 10
3217 11
3217 12
3218 24
3218 25
3218 26
3218 27
3218 28
3218 29
3218 30
3218 31
3221 0
3221 1
3221 2
3221 3
3222 17
3222 18
3222 19
3222 20
3222 21
3222 22
3222 23
3222 24
3222 25
3226 10
3226 11
3226 12
3226 13
3226 14
3226 15
3226 16
3226 17
3226 18
3227 33
3227 34
3230 4
3230 5
3230 6
3230 7
3230 8
3230 9
3230 10
3230 11
3231 24
3231 25
3231 26
3231 27
3231 28
3231 29
3231 30
3235 16
3235 17
3235 18
3235 19
3235 20
3235 21
3235 22
3235 23
3235 24
3239 10
3239 11
3239 12
3239 13
3239 14
3239 15
3239 16
3239 17
3243 4
3243 5
3243 6
3243 7
3243 8
3243 9
3244 23
3244 24
3244 25
3244 26
3244 27
3244 28
3248 16
3248 17
3248 18
3248 19
3248 20
3248 21
3248 22
3252 9
3252 10
3252 11
3252 12
3252 13
3252 14
3252 15
3256 5
3256 6
3257 23
3257 24
3257 25
3257 26
3257 27
3261 16
3261 17
3261 18
3261 19
3261 20
3261 21
3265 10
3265 11
3265 12
3265 13
3270 24
3274 16
3274 17
3274 18
3274 19
