505 105
506 107
506 108
506 109
506 110
507 110
507 111
507 112
507 113
508 114
508 115
508 116
531 105
531 106
531 107
532 107
532 108
532 109
532 110
532 111
533 110
533 111
533 112
533 113
533 114
534 114
534 115
534 116
534 117
535 118
535 119
557 106
557 107
557 108
558 109
558 110
558 111
558 112
559 111
559 112
559 113
559 114
559 115
560 115
560 116
560 117
560 118
561 119
561 120
584 111
585 114
2633 219
2633 220
2633 221
2634 222
2634 223
2634 224
2634 225
2635 225
2635 226
2635 227
2635 228
2635 229
2636 229
2636 230
2636 231
2636 232
2637 233
2637 234
2637 235
2657 212
2657 213
2657 214
2657 215
2657 216
2658 215
2658 216
2658 217
2658 218
2658 219
2658 220
2659 218
2659 219
2659 220
2659 221
2659 222
2659 223
2659 224
2660 222
2660 223
2660 224
2660 225
2660 226
2660 227
2661 225
2661 226
2661 227
2661 228
2661 229
2661 230
2662 229
2662 230
2662 231
2662 232
2662 233
2663 234
2663 235
2663 236
2681 206
2681 207
2681 208
2681 209
2682 209
2682 210
2682 211
2682 212
2682 213
2682 214
2683 212
2683 213
2683 214
2683 215
2683 216
2683 217
2683 218
2684 215
2684 216
2684 217
2684 218
2684 219
2684 220
2684 221
2684 222
2685 218
2685 219
2685 220
2685 221
2685 222
2685 223
2685 224
2685 225
2686 222
2686 223
2686 224
2686 225
2686 226
2686 227
2686 228
2687 226
2687 227
2687 228
2687 229
2687 230
2687 231
2688 231
2688 232
2688 233
2688 234
2705 200
2705 201
2705 202
2705 203
2706 202
2706 203
2706 204
2706 205
2706 206
2706 207
2707 205
2707 206
2707 207
2707 208
2707 209
2707 210
2707 211
2707 212
2708 209
2708 210
2708 211
2708 212
2708 213
2708 214
2708 215
2708 216
2709 212
2709 213
2709 214
2709 215
2709 216
2709 217
2709 218
2709 219
2710 216
2710 217
2710 218
2710 219
2710 220
2710 221
2710 222
2710 223
2711 219
2711 220
2711 221
2711 222
2711 223
2711 224
2711 225
2711 226
2712 223
2712 224
2712 225
2712 226
2712 227
2712 228
2712 229
2713 228
2713 229
2713 230
2713 231
2713 232
2730 196
2730 197
2730 198
2730 199
2730 200
2731 199
2731 200
2731 201
2731 202
2731 203
2731 204
2731 205
2732 202
2732 203
2732 204
2732 205
2732 206
2732 207
2732 208
2732 209
2733 206
2733 207
2733 208
2733 209
2733 210
2733 211
2733 212
2733 213
2734 209
2734 210
2734 211
2734 212
2734 213
2734 214
2734 215
2734 216
2734 217
2735 213
2735 214
2735 215
2735 216
2735 217
2735 218
2735 219
2735 220
2736 217
2736 218
2736 219
2736 220
2736 221
2736 222
2736 223
2736 224
2737 221
2737 222
2737 223
2737 224
2737 225
2737 226
2737 227
2738 225
2738 226
2738 227
2738 228
2738 229
2755 193
2755 194
2755 195
2755 196
2755 197
2755 198
2756 196
2756 197
2756 198
2756 199
2756 200
2756 201
2756 202
2757 199
2757 200
2757 201
2757 202
2757 203
2757 204
2757 205
2757 206
2758 203
2758 204
2758 205
2758 206
2758 207
2758 208
2758 209
2758 210
2759 206
2759 207
2759 208
2759 209
2759 210
2759 211
2759 212
2759 213
2759 214
2760 210
2760 211
2760 212
2760 213
2760 214
2760 215
2760 216
2760 217
2760 218
2761 214
2761 215
2761 216
2761 217
2761 218
2761 219
2761 220
2761 221
2762 218
2762 219
2762 220
2762 221
2762 222
2762 223
2762 224
2763 223
2763 224
2763 225
2763 226
2763 227
2780 191
2780 192
2780 193
2780 194
2781 194
2781 195
2781 196
2781 197
2781 198
2781 199
2782 197
2782 198
2782 199
2782 200
2782 201
2782 202
2782 203
2783 200
2783 201
2783 202
2783 203
2783 204
2783 205
2783 206
2783 207
2784 204
2784 205
2784 206
2784 207
2784 208
2784 209
2784 210
2784 211
2785 208
2785 209
2785 210
2785 211
2785 212
2785 213
2785 214
2785 215
2786 212
2786 213
2786 214
2786 215
2786 216
2786 217
2786 218
2787 216
2787 217
2787 218
2787 219
2787 220
2787 221
2788 222
2788 223
2806 192
2806 193
2806 194
2806 195
2807 195
2807 196
2807 197
2807 198
2807 199
2807 200
2808 198
2808 199
2808 200
2808 201
2808 202
2808 203
2808 204
2809 202
2809 203
2809 204
2809 205
2809 206
2809 207
2809 208
2810 206
2810 207
2810 208
2810 209
2810 210
2810 211
2811 210
2811 211
2811 212
2811 213
2811 214
2812 215
2812 216
2812 217
2832 194
2833 197
2833 198
2833 199
2834 201
2834 202
2834 203
2835 205
2835 206
3447 267
3447 268
3447 269
3447 270
3448 269
3448 270
3448 271
3448 272
3448 273
3448 274
3448 275
3449 272
3449 273
3449 274
3449 275
3449 276
3449 277
3449 278
3450 274
3450 275
3450 276
3450 277
3450 278
3450 279
3450 280
3450 281
3450 282
3451 277
3451 278
3451 279
3451 280
3451 281
3451 282
3451 283
3451 284
3451 285
3452 281
3452 282
3452 283
3452 284
3452 285
3452 286
3452 287
3452 288
3452 289
3453 284
3453 285
3453 286
3453 287
3453 288
3453 289
3453 290
3453 291
3453 292
3454 288
3454 289
3454 290
3454 291
3454 292
3454 293
3454 294
3455 292
3455 293
3455 294
3455 295
3455 296
3455 297
3456 296
3456 297
3456 298
3456 299
3470 260
3471 260
3471 261
3471 262
3471 263
3471 264
3471 265
3472 262
3472 263
3472 264
3472 265
3472 266
3472 267
3472 268
3472 269
3472 270
3473 264
3473 265
3473 266
3473 267
3473 268
3473 269
3473 270
3473 271
3473 272
3473 273
3473 274
3474 267
3474 268
3474 269
3474 270
3474 271
3474 272
3474 273
3474 274
3474 275
3474 276
3474 277
3475 270
3475 271
3475 272
3475 273
3475 274
3475 275
3475 276
3475 277
3475 278
3475 279
3475 280
3475 281
3476 273
3476 274
3476 275
3476 276
3476 277
3476 278
3476 279
3476 280
3476 281
3476 282
3476 283
3476 284
3477 276
3477 277
3477 278
3477 279
3477 280
3477 281
3477 282
3477 283
3477 284
3477 285
3477 286
3477 287
3477 288
3478 279
3478 280
3478 281
3478 282
3478 283
3478 284
3478 285
3478 286
3478 287
3478 288
3478 289
3478 290
3478 291
3479 283
3479 284
3479 285
3479 286
3479 287
3479 288
3479 289
3479 290
3479 291
3479 292
3479 293
3479 294
3480 286
3480 287
3480 288
3480 289
3480 290
3480 291
3480 292
3480 293
3480 294
3480 295
3480 296
3480 297
3481 290
3481 291
3481 292
3481 293
3481 294
3481 295
3481 296
3481 297
3481 298
3481 299
3482 294
3482 295
3482 296
3482 297
3482 298
3482 299
3482 300
3482 301
3482 302
3483 299
3483 300
3483 301
3483 302
3483 303
3483 304
3495 254
3495 255
3495 256
3495 257
3495 258
3495 259
3496 256
3496 257
3496 258
3496 259
3496 260
3496 261
3496 262
3496 263
3496 264
3497 258
3497 259
3497 260
3497 261
3497 262
3497 263
3497 264
3497 265
3497 266
3497 267
3497 268
3498 260
3498 261
3498 262
3498 263
3498 264
3498 265
3498 266
3498 267
3498 268
3498 269
3498 270
3498 271
3498 272
3499 263
3499 264
3499 265
3499 266
3499 267
3499 268
3499 269
3499 270
3499 271
3499 272
3499 273
3499 274
3499 275
3500 266
3500 267
3500 268
3500 269
3500 270
3500 271
3500 272
3500 273
3500 274
3500 275
3500 276
3500 277
3500 278
3500 279
3501 269
3501 270
3501 271
3501 272
3501 273
3501 274
3501 275
3501 276
3501 277
3501 278
3501 279
3501 280
3501 281
3501 282
3502 272
3502 273
3502 274
3502 275
3502 276
3502 277
3502 278
3502 279
3502 280
3502 281
3502 282
3502 283
3502 284
3502 285
3502 286
3503 275
3503 276
3503 277
3503 278
3503 279
3503 280
3503 281
3503 282
3503 283
3503 284
3503 285
3503 286
3503 287
3503 288
3503 289
3504 278
3504 279
3504 280
3504 281
3504 282
3504 283
3504 284
3504 285
3504 286
3504 287
3504 288
3504 289
3504 290
3504 291
3504 292
3505 282
3505 283
3505 284
3505 285
3505 286
3505 287
3505 288
3505 289
3505 290
3505 291
3505 292
3505 293
3505 294
3505 295
3506 286
3506 287
3506 288
3506 289
3506 290
3506 291
3506 292
3506 293
3506 294
3506 295
3506 296
3506 297
3506 298
3507 289
3507 290
3507 291
3507 292
3507 293
3507 294
3507 295
3507 296
3507 297
3507 298
3507 299
3507 300
3507 301
3508 293
3508 294
3508 295
3508 296
3508 297
3508 298
3508 299
3508 300
3508 301
3508 302
3508 303
3509 298
3509 299
3509 300
3509 301
3509 302
3509 303
3509 304
3509 305
3509 306
3510 303
3510 304
3510 305
3510 306
3510 307
3520 251
3520 252
3520 253
3520 254
3520 255
3520 256
3520 257
3521 252
3521 253
3521 254
3521 255
3521 256
3521 257
3521 258
3521 259
3521 260
3521 261
3521 262
3522 254
3522 255
3522 256
3522 257
3522 258
3522 259
3522 260
3522 261
3522 262
3522 263
3522 264
3522 265
3522 266
3523 257
3523 258
3523 259
3523 260
3523 261
3523 262
3523 263
3523 264
3523 265
3523 266
3523 267
3523 268
3523 269
3523 270
3524 259
3524 260
3524 261
3524 262
3524 263
3524 264
3524 265
3524 266
3524 267
3524 268
3524 269
3524 270
3524 271
3524 272
3524 273
3525 262
3525 263
3525 264
3525 265
3525 266
3525 267
3525 268
3525 269
3525 270
3525 271
3525 272
3525 273
3525 274
3525 275
3525 276
3525 277
3526 265
3526 266
3526 267
3526 268
3526 269
3526 270
3526 271
3526 272
3526 273
3526 274
3526 275
3526 276
3526 277
3526 278
3526 279
3526 280
3527 268
3527 269
3527 270
3527 271
3527 272
3527 273
3527 274
3527 275
3527 276
3527 277
3527 278
3527 279
3527 280
3527 281
3527 282
3527 283
3527 284
3528 271
3528 272
3528 273
3528 274
3528 275
3528 276
3528 277
3528 278
3528 279
3528 280
3528 281
3528 282
3528 283
3528 284
3528 285
3528 286
3528 287
3529 275
3529 276
3529 277
3529 278
3529 279
3529 280
3529 281
3529 282
3529 283
3529 284
3529 285
3529 286
3529 287
3529 288
3529 289
3529 290
3530 278
3530 279
3530 280
3530 281
3530 282
3530 283
3530 284
3530 285
3530 286
3530 287
3530 288
3530 289
3530 290
3530 291
3530 292
3530 293
3531 282
3531 283
3531 284
3531 285
3531 286
3531 287
3531 288
3531 289
3531 290
3531 291
3531 292
3531 293
3531 294
3531 295
3531 296
3532 285
3532 286
3532 287
3532 288
3532 289
3532 290
3532 291
3532 292
3532 293
3532 294
3532 295
3532 296
3532 297
3532 298
3532 299
3533 289
3533 290
3533 291
3533 292
3533 293
3533 294
3533 295
3533 296
3533 297
3533 298
3533 299
3533 300
3533 301
3533 302
3534 293
3534 294
3534 295
3534 296
3534 297
3534 298
3534 299
3534 300
3534 301
3534 302
3534 303
3534 304
3534 305
3535 298
3535 299
3535 300
3535 301
3535 302
3535 303
3535 304
3535 305
3535 306
3535 307
3536 303
3536 304
3536 305
3536 306
3536 307
3536 308
3544 248
3545 248
3545 249
3545 250
3545 251
3545 252
3545 253
3545 254
3545 255
3546 249
3546 250
3546 251
3546 252
3546 253
3546 254
3546 255
3546 256
3546 257
3546 258
3546 259
3547 251
3547 252
3547 253
3547 254
3547 255
3547 256
3547 257
3547 258
3547 259
3547 260
3547 261
3547 262
3547 263
3548 254
3548 255
3548 256
3548 257
3548 258
3548 259
3548 260
3548 261
3548 262
3548 263
3548 264
3548 265
3548 266
3548 267
3549 256
3549 257
3549 258
3549 259
3549 260
3549 261
3549 262
3549 263
3549 264
3549 265
3549 266
3549 267
3549 268
3549 269
3549 270
3549 271
3550 259
3550 260
3550 261
3550 262
3550 263
3550 264
3550 265
3550 266
3550 267
3550 268
3550 269
3550 270
3550 271
3550 272
3550 273
3550 274
3551 262
3551 263
3551 264
3551 265
3551 266
3551 267
3551 268
3551 269
3551 270
3551 271
3551 272
3551 273
3551 274
3551 275
3551 276
3551 277
3551 278
3552 265
3552 266
3552 267
3552 268
3552 269
3552 270
3552 271
3552 272
3552 273
3552 274
3552 275
3552 276
3552 277
3552 278
3552 279
3552 280
3552 281
3553 268
3553 269
3553 270
3553 271
3553 272
3553 273
3553 274
3553 275
3553 276
3553 277
3553 278
3553 279
3553 280
3553 281
3553 282
3553 283
3553 284
3553 285
3554 271
3554 272
3554 273
3554 274
3554 275
3554 276
3554 277
3554 278
3554 279
3554 280
3554 281
3554 282
3554 283
3554 284
3554 285
3554 286
3554 287
3554 288
3555 275
3555 276
3555 277
3555 278
3555 279
3555 280
3555 281
3555 282
3555 283
3555 284
3555 285
3555 286
3555 287
3555 288
3555 289
3555 290
3555 291
3556 278
3556 279
3556 280
3556 281
3556 282
3556 283
3556 284
3556 285
3556 286
3556 287
3556 288
3556 289
3556 290
3556 291
3556 292
3556 293
3556 294
3557 282
3557 283
3557 284
3557 285
3557 286
3557 287
3557 288
3557 289
3557 290
3557 291
3557 292
3557 293
3557 294
3557 295
3557 296
3557 297
3558 285
3558 286
3558 287
3558 288
3558 289
3558 290
3558 291
3558 292
3558 293
3558 294
3558 295
3558 296
3558 297
3558 298
3558 299
3558 300
3559 289
3559 290
3559 291
3559 292
3559 293
3559 294
3559 295
3559 296
3559 297
3559 298
3559 299
3559 300
3559 301
3559 302
3559 303
3560 293
3560 294
3560 295
3560 296
3560 297
3560 298
3560 299
3560 300
3560 301
3560 302
3560 303
3560 304
3560 305
3561 298
3561 299
3561 300
3561 301
3561 302
3561 303
3561 304
3561 305
3561 306
3561 307
3562 303
3562 304
3562 305
3562 306
3562 307
3562 308
3562 309
3570 245
3570 246
3570 247
3570 248
3570 249
3570 250
3570 251
3570 252
3571 247
3571 248
3571 249
3571 250
3571 251
3571 252
3571 253
3571 254
3571 255
3571 256
3572 249
3572 250
3572 251
3572 252
3572 253
3572 254
3572 255
3572 256
3572 257
3572 258
3572 259
3572 260
3573 251
3573 252
3573 253
3573 254
3573 255
3573 256
3573 257
3573 258
3573 259
3573 260
3573 261
3573 262
3573 263
3573 264
3574 253
3574 254
3574 255
3574 256
3574 257
3574 258
3574 259
3574 260
3574 261
3574 262
3574 263
3574 264
3574 265
3574 266
3574 267
3574 268
3575 256
3575 257
3575 258
3575 259
3575 260
3575 261
3575 262
3575 263
3575 264
3575 265
3575 266
3575 267
3575 268
3575 269
3575 270
3575 271
3575 272
3576 259
3576 260
3576 261
3576 262
3576 263
3576 264
3576 265
3576 266
3576 267
3576 268
3576 269
3576 270
3576 271
3576 272
3576 273
3576 274
3576 275
3577 262
3577 263
3577 264
3577 265
3577 266
3577 267
3577 268
3577 269
3577 270
3577 271
3577 272
3577 273
3577 274
3577 275
3577 276
3577 277
3577 278
3577 279
3578 265
3578 266
3578 267
3578 268
3578 269
3578 270
3578 271
3578 272
3578 273
3578 274
3578 275
3578 276
3578 277
3578 278
3578 279
3578 280
3578 281
3578 282
3579 268
3579 269
3579 270
3579 271
3579 272
3579 273
3579 274
3579 275
3579 276
3579 277
3579 278
3579 279
3579 280
3579 281
3579 282
3579 283
3579 284
3579 285
3580 271
3580 272
3580 273
3580 274
3580 275
3580 276
3580 277
3580 278
3580 279
3580 280
3580 281
3580 282
3580 283
3580 284
3580 285
3580 286
3580 287
3580 288
3580 289
3581 275
3581 276
3581 277
3581 278
3581 279
3581 280
3581 281
3581 282
3581 283
3581 284
3581 285
3581 286
3581 287
3581 288
3581 289
3581 290
3581 291
3581 292
3582 278
3582 279
3582 280
3582 281
3582 282
3582 283
3582 284
3582 285
3582 286
3582 287
3582 288
3582 289
3582 290
3582 291
3582 292
3582 293
3582 294
3582 295
3583 282
3583 283
3583 284
3583 285
3583 286
3583 287
3583 288
3583 289
3583 290
3583 291
3583 292
3583 293
3583 294
3583 295
3583 296
3583 297
3583 298
3584 286
3584 287
3584 288
3584 289
3584 290
3584 291
3584 292
3584 293
3584 294
3584 295
3584 296
3584 297
3584 298
3584 299
3584 300
3584 301
3585 290
3585 291
3585 292
3585 293
3585 294
3585 295
3585 296
3585 297
3585 298
3585 299
3585 300
3585 301
3585 302
3585 303
3586 294
3586 295
3586 296
3586 297
3586 298
3586 299
3586 300
3586 301
3586 302
3586 303
3586 304
3586 305
3586 306
3587 299
3587 300
3587 301
3587 302
3587 303
3587 304
3587 305
3587 306
3587 307
3587 308
3588 304
3588 305
3588 306
3588 307
3588 308
3588 309
3595 243
3595 244
3595 245
3595 246
3595 247
3595 248
3596 244
3596 245
3596 246
3596 247
3596 248
3596 249
3596 250
3596 251
3596 252
3596 253
3597 246
3597 247
3597 248
3597 249
3597 250
3597 251
3597 252
3597 253
3597 254
3597 255
3597 256
3597 257
3598 248
3598 249
3598 250
3598 251
3598 252
3598 253
3598 254
3598 255
3598 256
3598 257
3598 258
3598 259
3598 260
3598 261
3599 251
3599 252
3599 253
3599 254
3599 255
3599 256
3599 257
3599 258
3599 259
3599 260
3599 261
3599 262
3599 263
3599 264
3599 265
3600 253
3600 254
3600 255
3600 256
3600 257
3600 258
3600 259
3600 260
3600 261
3600 262
3600 263
3600 264
3600 265
3600 266
3600 267
3600 268
3600 269
3601 256
3601 257
3601 258
3601 259
3601 260
3601 261
3601 262
3601 263
3601 264
3601 265
3601 266
3601 267
3601 268
3601 269
3601 270
3601 271
3601 272
3602 259
3602 260
3602 261
3602 262
3602 263
3602 264
3602 265
3602 266
3602 267
3602 268
3602 269
3602 270
3602 271
3602 272
3602 273
3602 274
3602 275
3602 276
3603 262
3603 263
3603 264
3603 265
3603 266
3603 267
3603 268
3603 269
3603 270
3603 271
3603 272
3603 273
3603 274
3603 275
3603 276
3603 277
3603 278
3603 279
3604 265
3604 266
3604 267
3604 268
3604 269
3604 270
3604 271
3604 272
3604 273
3604 274
3604 275
3604 276
3604 277
3604 278
3604 279
3604 280
3604 281
3604 282
3604 283
3605 268
3605 269
3605 270
3605 271
3605 272
3605 273
3605 274
3605 275
3605 276
3605 277
3605 278
3605 279
3605 280
3605 281
3605 282
3605 283
3605 284
3605 285
3605 286
3606 272
3606 273
3606 274
3606 275
3606 276
3606 277
3606 278
3606 279
3606 280
3606 281
3606 282
3606 283
3606 284
3606 285
3606 286
3606 287
3606 288
3606 289
3607 275
3607 276
3607 277
3607 278
3607 279
3607 280
3607 281
3607 282
3607 283
3607 284
3607 285
3607 286
3607 287
3607 288
3607 289
3607 290
3607 291
3607 292
3608 279
3608 280
3608 281
3608 282
3608 283
3608 284
3608 285
3608 286
3608 287
3608 288
3608 289
3608 290
3608 291
3608 292
3608 293
3608 294
3608 295
3609 282
3609 283
3609 284
3609 285
3609 286
3609 287
3609 288
3609 289
3609 290
3609 291
3609 292
3609 293
3609 294
3609 295
3609 296
3609 297
3609 298
3610 286
3610 287
3610 288
3610 289
3610 290
3610 291
3610 292
3610 293
3610 294
3610 295
3610 296
3610 297
3610 298
3610 299
3610 300
3610 301
3611 290
3611 291
3611 292
3611 293
3611 294
3611 295
3611 296
3611 297
3611 298
3611 299
3611 300
3611 301
3611 302
3611 303
3611 304
3612 295
3612 296
3612 297
3612 298
3612 299
3612 300
3612 301
3612 302
3612 303
3612 304
3612 305
3612 306
3613 300
3613 301
3613 302
3613 303
3613 304
3613 305
3613 306
3613 307
3621 243
3621 244
3621 245
3621 246
3621 247
3621 248
3621 249
3622 244
3622 245
3622 246
3622 247
3622 248
3622 249
3622 250
3622 251
3622 252
3622 253
3622 254
3623 246
3623 247
3623 248
3623 249
3623 250
3623 251
3623 252
3623 253
3623 254
3623 255
3623 256
3623 257
3623 258
3624 248
3624 249
3624 250
3624 251
3624 252
3624 253
3624 254
3624 255
3624 256
3624 257
3624 258
3624 259
3624 260
3624 261
3624 262
3625 251
3625 252
3625 253
3625 254
3625 255
3625 256
3625 257
3625 258
3625 259
3625 260
3625 261
3625 262
3625 263
3625 264
3625 265
3625 266
3626 254
3626 255
3626 256
3626 257
3626 258
3626 259
3626 260
3626 261
3626 262
3626 263
3626 264
3626 265
3626 266
3626 267
3626 268
3626 269
3626 270
3627 256
3627 257
3627 258
3627 259
3627 260
3627 261
3627 262
3627 263
3627 264
3627 265
3627 266
3627 267
3627 268
3627 269
3627 270
3627 271
3627 272
3627 273
3628 259
3628 260
3628 261
3628 262
3628 263
3628 264
3628 265
3628 266
3628 267
3628 268
3628 269
3628 270
3628 271
3628 272
3628 273
3628 274
3628 275
3628 276
3628 277
3629 262
3629 263
3629 264
3629 265
3629 266
3629 267
3629 268
3629 269
3629 270
3629 271
3629 272
3629 273
3629 274
3629 275
3629 276
3629 277
3629 278
3629 279
3629 280
3630 266
3630 267
3630 268
3630 269
3630 270
3630 271
3630 272
3630 273
3630 274
3630 275
3630 276
3630 277
3630 278
3630 279
3630 280
3630 281
3630 282
3630 283
3631 269
3631 270
3631 271
3631 272
3631 273
3631 274
3631 275
3631 276
3631 277
3631 278
3631 279
3631 280
3631 281
3631 282
3631 283
3631 284
3631 285
3631 286
3632 272
3632 273
3632 274
3632 275
3632 276
3632 277
3632 278
3632 279
3632 280
3632 281
3632 282
3632 283
3632 284
3632 285
3632 286
3632 287
3632 288
3632 289
3632 290
3633 276
3633 277
3633 278
3633 279
3633 280
3633 281
3633 282
3633 283
3633 284
3633 285
3633 286
3633 287
3633 288
3633 289
3633 290
3633 291
3633 292
3633 293
3634 279
3634 280
3634 281
3634 282
3634 283
3634 284
3634 285
3634 286
3634 287
3634 288
3634 289
3634 290
3634 291
3634 292
3634 293
3634 294
3634 295
3634 296
3635 283
3635 284
3635 285
3635 286
3635 287
3635 288
3635 289
3635 290
3635 291
3635 292
3635 293
3635 294
3635 295
3635 296
3635 297
3635 298
3636 287
3636 288
3636 289
3636 290
3636 291
3636 292
3636 293
3636 294
3636 295
3636 296
3636 297
3636 298
3636 299
3636 300
3636 301
3637 291
3637 292
3637 293
3637 294
3637 295
3637 296
3637 297
3637 298
3637 299
3637 300
3637 301
3637 302
3637 303
3638 296
3638 297
3638 298
3638 299
3638 300
3638 301
3638 302
3638 303
3638 304
3638 305
3639 302
3639 303
3639 304
3639 305
3639 306
3646 242
3646 243
3646 244
3646 245
3647 243
3647 244
3647 245
3647 246
3647 247
3647 248
3647 249
3647 250
3648 244
3648 245
3648 246
3648 247
3648 248
3648 249
3648 250
3648 251
3648 252
3648 253
3648 254
3648 255
3649 246
3649 247
3649 248
3649 249
3649 250
3649 251
3649 252
3649 253
3649 254
3649 255
3649 256
3649 257
3649 258
3649 259
3650 249
3650 250
3650 251
3650 252
3650 253
3650 254
3650 255
3650 256
3650 257
3650 258
3650 259
3650 260
3650 261
3650 262
3650 263
3651 251
3651 252
3651 253
3651 254
3651 255
3651 256
3651 257
3651 258
3651 259
3651 260
3651 261
3651 262
3651 263
3651 264
3651 265
3651 266
3652 254
3652 255
3652 256
3652 257
3652 258
3652 259
3652 260
3652 261
3652 262
3652 263
3652 264
3652 265
3652 266
3652 267
3652 268
3652 269
3652 270
3653 257
3653 258
3653 259
3653 260
3653 261
3653 262
3653 263
3653 264
3653 265
3653 266
3653 267
3653 268
3653 269
3653 270
3653 271
3653 272
3653 273
3654 260
3654 261
3654 262
3654 263
3654 264
3654 265
3654 266
3654 267
3654 268
3654 269
3654 270
3654 271
3654 272
3654 273
3654 274
3654 275
3654 276
3654 277
3655 263
3655 264
3655 265
3655 266
3655 267
3655 268
3655 269
3655 270
3655 271
3655 272
3655 273
3655 274
3655 275
3655 276
3655 277
3655 278
3655 279
3655 280
3656 266
3656 267
3656 268
3656 269
3656 270
3656 271
3656 272
3656 273
3656 274
3656 275
3656 276
3656 277
3656 278
3656 279
3656 280
3656 281
3656 282
3656 283
3656 284
3657 270
3657 271
3657 272
3657 273
3657 274
3657 275
3657 276
3657 277
3657 278
3657 279
3657 280
3657 281
3657 282
3657 283
3657 284
3657 285
3657 286
3657 287
3658 273
3658 274
3658 275
3658 276
3658 277
3658 278
3658 279
3658 280
3658 281
3658 282
3658 283
3658 284
3658 285
3658 286
3658 287
3658 288
3658 289
3658 290
3659 277
3659 278
3659 279
3659 280
3659 281
3659 282
3659 283
3659 284
3659 285
3659 286
3659 287
3659 288
3659 289
3659 290
3659 291
3659 292
3659 293
3660 280
3660 281
3660 282
3660 283
3660 284
3660 285
3660 286
3660 287
3660 288
3660 289
3660 290
3660 291
3660 292
3660 293
3660 294
3660 295
3660 296
3661 284
3661 285
3661 286
3661 287
3661 288
3661 289
3661 290
3661 291
3661 292
3661 293
3661 294
3661 295
3661 296
3661 297
3661 298
3662 288
3662 289
3662 290
3662 291
3662 292
3662 293
3662 294
3662 295
3662 296
3662 297
3662 298
3662 299
3662 300
3662 301
3663 293
3663 294
3663 295
3663 296
3663 297
3663 298
3663 299
3663 300
3663 301
3663 302
3663 303
3664 298
3664 299
3664 300
3664 301
3664 302
3664 303
3664 304
3672 242
3672 243
3672 244
3672 245
3672 246
3673 243
3673 244
3673 245
3673 246
3673 247
3673 248
3673 249
3673 250
3673 251
3674 245
3674 246
3674 247
3674 248
3674 249
3674 250
3674 251
3674 252
3674 253
3674 254
3674 255
3675 247
3675 248
3675 249
3675 250
3675 251
3675 252
3675 253
3675 254
3675 255
3675 256
3675 257
3675 258
3675 259
3676 249
3676 250
3676 251
3676 252
3676 253
3676 254
3676 255
3676 256
3676 257
3676 258
3676 259
3676 260
3676 261
3676 262
3676 263
3677 252
3677 253
3677 254
3677 255
3677 256
3677 257
3677 258
3677 259
3677 260
3677 261
3677 262
3677 263
3677 264
3677 265
3677 266
3677 267
3678 255
3678 256
3678 257
3678 258
3678 259
3678 260
3678 261
3678 262
3678 263
3678 264
3678 265
3678 266
3678 267
3678 268
3678 269
3678 270
3679 258
3679 259
3679 260
3679 261
3679 262
3679 263
3679 264
3679 265
3679 266
3679 267
3679 268
3679 269
3679 270
3679 271
3679 272
3679 273
3679 274
3680 261
3680 262
3680 263
3680 264
3680 265
3680 266
3680 267
3680 268
3680 269
3680 270
3680 271
3680 272
3680 273
3680 274
3680 275
3680 276
3680 277
3681 264
3681 265
3681 266
3681 267
3681 268
3681 269
3681 270
3681 271
3681 272
3681 273
3681 274
3681 275
3681 276
3681 277
3681 278
3681 279
3681 280
3682 267
3682 268
3682 269
3682 270
3682 271
3682 272
3682 273
3682 274
3682 275
3682 276
3682 277
3682 278
3682 279
3682 280
3682 281
3682 282
3682 283
3682 284
3683 270
3683 271
3683 272
3683 273
3683 274
3683 275
3683 276
3683 277
3683 278
3683 279
3683 280
3683 281
3683 282
3683 283
3683 284
3683 285
3683 286
3683 287
3684 274
3684 275
3684 276
3684 277
3684 278
3684 279
3684 280
3684 281
3684 282
3684 283
3684 284
3684 285
3684 286
3684 287
3684 288
3684 289
3684 290
3685 278
3685 279
3685 280
3685 281
3685 282
3685 283
3685 284
3685 285
3685 286
3685 287
3685 288
3685 289
3685 290
3685 291
3685 292
3685 293
3686 281
3686 282
3686 283
3686 284
3686 285
3686 286
3686 287
3686 288
3686 289
3686 290
3686 291
3686 292
3686 293
3686 294
3686 295
3687 285
3687 286
3687 287
3687 288
3687 289
3687 290
3687 291
3687 292
3687 293
3687 294
3687 295
3687 296
3687 297
3687 298
3688 290
3688 291
3688 292
3688 293
3688 294
3688 295
3688 296
3688 297
3688 298
3688 299
3688 300
3689 295
3689 296
3689 297
3689 298
3689 299
3689 300
3689 301
3689 302
3698 243
3698 244
3698 245
3698 246
3699 244
3699 245
3699 246
3699 247
3699 248
3699 249
3699 250
3699 251
3700 246
3700 247
3700 248
3700 249
3700 250
3700 251
3700 252
3700 253
3700 254
3700 255
3701 248
3701 249
3701 250
3701 251
3701 252
3701 253
3701 254
3701 255
3701 256
3701 257
3701 258
3701 259
3702 250
3702 251
3702 252
3702 253
3702 254
3702 255
3702 256
3702 257
3702 258
3702 259
3702 260
3702 261
3702 262
3702 263
3703 253
3703 254
3703 255
3703 256
3703 257
3703 258
3703 259
3703 260
3703 261
3703 262
3703 263
3703 264
3703 265
3703 266
3703 267
3704 256
3704 257
3704 258
3704 259
3704 260
3704 261
3704 262
3704 263
3704 264
3704 265
3704 266
3704 267
3704 268
3704 269
3704 270
3705 258
3705 259
3705 260
3705 261
3705 262
3705 263
3705 264
3705 265
3705 266
3705 267
3705 268
3705 269
3705 270
3705 271
3705 272
3705 273
3705 274
3706 262
3706 263
3706 264
3706 265
3706 266
3706 267
3706 268
3706 269
3706 270
3706 271
3706 272
3706 273
3706 274
3706 275
3706 276
3706 277
3707 265
3707 266
3707 267
3707 268
3707 269
3707 270
3707 271
3707 272
3707 273
3707 274
3707 275
3707 276
3707 277
3707 278
3707 279
3707 280
3708 268
3708 269
3708 270
3708 271
3708 272
3708 273
3708 274
3708 275
3708 276
3708 277
3708 278
3708 279
3708 280
3708 281
3708 282
3708 283
3709 271
3709 272
3709 273
3709 274
3709 275
3709 276
3709 277
3709 278
3709 279
3709 280
3709 281
3709 282
3709 283
3709 284
3709 285
3709 286
3710 275
3710 276
3710 277
3710 278
3710 279
3710 280
3710 281
3710 282
3710 283
3710 284
3710 285
3710 286
3710 287
3710 288
3710 289
3711 279
3711 280
3711 281
3711 282
3711 283
3711 284
3711 285
3711 286
3711 287
3711 288
3711 289
3711 290
3711 291
3711 292
3712 283
3712 284
3712 285
3712 286
3712 287
3712 288
3712 289
3712 290
3712 291
3712 292
3712 293
3712 294
3712 295
3713 287
3713 288
3713 289
3713 290
3713 291
3713 292
3713 293
3713 294
3713 295
3713 296
3713 297
3714 292
3714 293
3714 294
3714 295
3714 296
3714 297
3714 298
3725 245
3725 246
3725 247
3725 248
3725 249
3725 250
3725 251
3726 247
3726 248
3726 249
3726 250
3726 251
3726 252
3726 253
3726 254
3726 255
3727 249
3727 250
3727 251
3727 252
3727 253
3727 254
3727 255
3727 256
3727 257
3727 258
3727 259
3728 251
3728 252
3728 253
3728 254
3728 255
3728 256
3728 257
3728 258
3728 259
3728 260
3728 261
3728 262
3728 263
3729 254
3729 255
3729 256
3729 257
3729 258
3729 259
3729 260
3729 261
3729 262
3729 263
3729 264
3729 265
3729 266
3730 257
3730 258
3730 259
3730 260
3730 261
3730 262
3730 263
3730 264
3730 265
3730 266
3730 267
3730 268
3730 269
3730 270
3731 260
3731 261
3731 262
3731 263
3731 264
3731 265
3731 266
3731 267
3731 268
3731 269
3731 270
3731 271
3731 272
3731 273
3732 263
3732 264
3732 265
3732 266
3732 267
3732 268
3732 269
3732 270
3732 271
3732 272
3732 273
3732 274
3732 275
3732 276
3732 277
3733 266
3733 267
3733 268
3733 269
3733 270
3733 271
3733 272
3733 273
3733 274
3733 275
3733 276
3733 277
3733 278
3733 279
3733 280
3734 269
3734 270
3734 271
3734 272
3734 273
3734 274
3734 275
3734 276
3734 277
3734 278
3734 279
3734 280
3734 281
3734 282
3734 283
3735 273
3735 274
3735 275
3735 276
3735 277
3735 278
3735 279
3735 280
3735 281
3735 282
3735 283
3735 284
3735 285
3735 286
3736 277
3736 278
3736 279
3736 280
3736 281
3736 282
3736 283
3736 284
3736 285
3736 286
3736 287
3736 288
3736 289
3737 281
3737 282
3737 283
3737 284
3737 285
3737 286
3737 287
3737 288
3737 289
3737 290
3737 291
3738 285
3738 286
3738 287
3738 288
3738 289
3738 290
3738 291
3738 292
3738 293
3739 290
3739 291
3739 292
3739 293
3739 294
3739 295
3751 248
3751 249
3752 248
3752 249
3752 250
3752 251
3752 252
3752 253
3752 254
3753 250
3753 251
3753 252
3753 253
3753 254
3753 255
3753 256
3753 257
3753 258
3754 253
3754 254
3754 255
3754 256
3754 257
3754 258
3754 259
3754 260
3754 261
3754 262
3755 255
3755 256
3755 257
3755 258
3755 259
3755 260
3755 261
3755 262
3755 263
3755 264
3755 265
3755 266
3756 258
3756 259
3756 260
3756 261
3756 262
3756 263
3756 264
3756 265
3756 266
3756 267
3756 268
3756 269
3757 261
3757 262
3757 263
3757 264
3757 265
3757 266
3757 267
3757 268
3757 269
3757 270
3757 271
3757 272
3757 273
3758 264
3758 265
3758 266
3758 267
3758 268
3758 269
3758 270
3758 271
3758 272
3758 273
3758 274
3758 275
3758 276
3759 268
3759 269
3759 270
3759 271
3759 272
3759 273
3759 274
3759 275
3759 276
3759 277
3759 278
3759 279
3760 271
3760 272
3760 273
3760 274
3760 275
3760 276
3760 277
3760 278
3760 279
3760 280
3760 281
3760 282
3761 275
3761 276
3761 277
3761 278
3761 279
3761 280
3761 281
3761 282
3761 283
3761 284
3761 285
3762 279
3762 280
3762 281
3762 282
3762 283
3762 284
3762 285
3762 286
3762 287
3763 283
3763 284
3763 285
3763 286
3763 287
3763 288
3763 289
3779 253
3779 254
3779 255
3779 256
3779 257
3780 255
3780 256
3780 257
3780 258
3780 259
3780 260
3780 261
3781 257
3781 258
3781 259
3781 260
3781 261
3781 262
3781 263
3781 264
3781 265
3782 260
3782 261
3782 262
3782 263
3782 264
3782 265
3782 266
3782 267
3782 268
3783 263
3783 264
3783 265
3783 266
3783 267
3783 268
3783 269
3783 270
3783 271
3784 105
3784 106
3784 107
3784 266
3784 267
3784 268
3784 269
3784 270
3784 271
3784 272
3784 273
3784 274
3785 109
3785 110
3785 270
3785 271
3785 272
3785 273
3785 274
3785 275
3785 276
3785 277
3786 273
3786 274
3786 275
3786 276
3786 277
3786 278
3786 279
3786 280
3787 278
3787 279
3787 280
3787 281
3787 282
3807 95
3807 96
3807 97
3807 98
3808 98
3808 99
3808 100
3808 101
3808 102
3808 103
3809 101
3809 102
3809 103
3809 104
3809 105
3809 106
3809 107
3810 104
3810 105
3810 106
3810 107
3810 108
3810 109
3810 110
3811 107
3811 108
3811 109
3811 110
3811 111
3811 112
3811 113
3811 114
3812 111
3812 112
3812 113
3812 114
3812 115
3812 116
3812 117
3813 115
3813 116
3813 117
3813 118
3813 119
3813 120
3814 120
3814 121
3814 122
3814 123
3832 93
3832 94
3832 95
3832 96
3833 95
3833 96
3833 97
3833 98
3833 99
3833 100
3833 101
3834 97
3834 98
3834 99
3834 100
3834 101
3834 102
3834 103
3834 104
3834 105
3835 100
3835 101
3835 102
3835 103
3835 104
3835 105
3835 106
3835 107
3835 108
3835 109
3836 104
3836 105
3836 106
3836 107
3836 108
3836 109
3836 110
3836 111
3836 112
3836 113
3837 107
3837 108
3837 109
3837 110
3837 111
3837 112
3837 113
3837 114
3837 115
3837 116
3838 111
3838 112
3838 113
3838 114
3838 115
3838 116
3838 117
3838 118
3838 119
3838 120
3839 114
3839 115
3839 116
3839 117
3839 118
3839 119
3839 120
3839 121
3839 122
3839 123
3840 118
3840 119
3840 120
3840 121
3840 122
3840 123
3840 124
3840 125
3840 126
3841 123
3841 124
3841 125
3841 126
3841 127
3841 128
3841 129
3842 127
3842 128
3842 129
3842 130
3842 131
3857 92
3858 93
3858 94
3858 95
3858 96
3858 97
3858 98
3859 95
3859 96
3859 97
3859 98
3859 99
3859 100
3859 101
3859 102
3859 103
3860 98
3860 99
3860 100
3860 101
3860 102
3860 103
3860 104
3860 105
3860 106
3860 107
3861 101
3861 102
3861 103
3861 104
3861 105
3861 106
3861 107
3861 108
3861 109
3861 110
3861 111
3862 104
3862 105
3862 106
3862 107
3862 108
3862 109
3862 110
3862 111
3862 112
3862 113
3862 114
3863 107
3863 108
3863 109
3863 110
3863 111
3863 112
3863 113
3863 114
3863 115
3863 116
3863 117
3863 118
3864 111
3864 112
3864 113
3864 114
3864 115
3864 116
3864 117
3864 118
3864 119
3864 120
3864 121
3865 114
3865 115
3865 116
3865 117
3865 118
3865 119
3865 120
3865 121
3865 122
3865 123
3865 124
3865 125
3866 118
3866 119
3866 120
3866 121
3866 122
3866 123
3866 124
3866 125
3866 126
3866 127
3866 128
3867 122
3867 123
3867 124
3867 125
3867 126
3867 127
3867 128
3867 129
3867 130
3867 131
3868 126
3868 127
3868 128
3868 129
3868 130
3868 131
3868 132
3868 133
3869 131
3869 132
3869 133
3869 134
3869 135
3869 136
3883 91
3883 92
3883 93
3883 94
3883 95
3884 93
3884 94
3884 95
3884 96
3884 97
3884 98
3884 99
3884 100
3885 96
3885 97
3885 98
3885 99
3885 100
3885 101
3885 102
3885 103
3885 104
3886 98
3886 99
3886 100
3886 101
3886 102
3886 103
3886 104
3886 105
3886 106
3886 107
3886 108
3887 101
3887 102
3887 103
3887 104
3887 105
3887 106
3887 107
3887 108
3887 109
3887 110
3887 111
3887 112
3888 104
3888 105
3888 106
3888 107
3888 108
3888 109
3888 110
3888 111
3888 112
3888 113
3888 114
3888 115
3888 116
3889 108
3889 109
3889 110
3889 111
3889 112
3889 113
3889 114
3889 115
3889 116
3889 117
3889 118
3889 119
3890 111
3890 112
3890 113
3890 114
3890 115
3890 116
3890 117
3890 118
3890 119
3890 120
3890 121
3890 122
3890 123
3891 115
3891 116
3891 117
3891 118
3891 119
3891 120
3891 121
3891 122
3891 123
3891 124
3891 125
3891 126
3892 118
3892 119
3892 120
3892 121
3892 122
3892 123
3892 124
3892 125
3892 126
3892 127
3892 128
3892 129
3893 122
3893 123
3893 124
3893 125
3893 126
3893 127
3893 128
3893 129
3893 130
3893 131
3893 132
3894 126
3894 127
3894 128
3894 129
3894 130
3894 131
3894 132
3894 133
3894 134
3894 135
3895 131
3895 132
3895 133
3895 134
3895 135
3895 136
3895 137
3895 138
3896 136
3896 137
3896 138
3896 139
3909 92
3909 93
3909 94
3909 95
3909 96
3909 97
3910 94
3910 95
3910 96
3910 97
3910 98
3910 99
3910 100
3910 101
3911 96
3911 97
3911 98
3911 99
3911 100
3911 101
3911 102
3911 103
3911 104
3911 105
3911 106
3912 99
3912 100
3912 101
3912 102
3912 103
3912 104
3912 105
3912 106
3912 107
3912 108
3912 109
3912 110
3913 102
3913 103
3913 104
3913 105
3913 106
3913 107
3913 108
3913 109
3913 110
3913 111
3913 112
3913 113
3914 105
3914 106
3914 107
3914 108
3914 109
3914 110
3914 111
3914 112
3914 113
3914 114
3914 115
3914 116
3914 117
3915 108
3915 109
3915 110
3915 111
3915 112
3915 113
3915 114
3915 115
3915 116
3915 117
3915 118
3915 119
3915 120
3916 112
3916 113
3916 114
3916 115
3916 116
3916 117
3916 118
3916 119
3916 120
3916 121
3916 122
3916 123
3916 124
3917 115
3917 116
3917 117
3917 118
3917 119
3917 120
3917 121
3917 122
3917 123
3917 124
3917 125
3917 126
3917 127
3918 119
3918 120
3918 121
3918 122
3918 123
3918 124
3918 125
3918 126
3918 127
3918 128
3918 129
3918 130
3919 123
3919 124
3919 125
3919 126
3919 127
3919 128
3919 129
3919 130
3919 131
3919 132
3919 133
3920 127
3920 128
3920 129
3920 130
3920 131
3920 132
3920 133
3920 134
3920 135
3920 136
3921 131
3921 132
3921 133
3921 134
3921 135
3921 136
3921 137
3921 138
3921 139
3922 136
3922 137
3922 138
3922 139
3922 140
3922 141
3935 93
3935 94
3935 95
3935 96
3935 97
3935 98
3936 95
3936 96
3936 97
3936 98
3936 99
3936 100
3936 101
3936 102
3937 97
3937 98
3937 99
3937 100
3937 101
3937 102
3937 103
3937 104
3937 105
3937 106
3937 107
3938 100
3938 101
3938 102
3938 103
3938 104
3938 105
3938 106
3938 107
3938 108
3938 109
3938 110
3938 111
3939 103
3939 104
3939 105
3939 106
3939 107
3939 108
3939 109
3939 110
3939 111
3939 112
3939 113
3939 114
3940 106
3940 107
3940 108
3940 109
3940 110
3940 111
3940 112
3940 113
3940 114
3940 115
3940 116
3940 117
3940 118
3941 109
3941 110
3941 111
3941 112
3941 113
3941 114
3941 115
3941 116
3941 117
3941 118
3941 119
3941 120
3941 121
3942 113
3942 114
3942 115
3942 116
3942 117
3942 118
3942 119
3942 120
3942 121
3942 122
3942 123
3942 124
3942 125
3943 116
3943 117
3943 118
3943 119
3943 120
3943 121
3943 122
3943 123
3943 124
3943 125
3943 126
3943 127
3943 128
3944 120
3944 121
3944 122
3944 123
3944 124
3944 125
3944 126
3944 127
3944 128
3944 129
3944 130
3944 131
3945 124
3945 125
3945 126
3945 127
3945 128
3945 129
3945 130
3945 131
3945 132
3945 133
3945 134
3946 128
3946 129
3946 130
3946 131
3946 132
3946 133
3946 134
3946 135
3946 136
3946 137
3947 132
3947 133
3947 134
3947 135
3947 136
3947 137
3947 138
3947 139
3948 136
3948 137
3948 138
3948 139
3948 140
3948 141
3948 142
3961 94
3961 95
3961 96
3961 97
3961 98
3961 99
3962 96
3962 97
3962 98
3962 99
3962 100
3962 101
3962 102
3962 103
3963 98
3963 99
3963 100
3963 101
3963 102
3963 103
3963 104
3963 105
3963 106
3963 107
3964 101
3964 102
3964 103
3964 104
3964 105
3964 106
3964 107
3964 108
3964 109
3964 110
3964 111
3965 104
3965 105
3965 106
3965 107
3965 108
3965 109
3965 110
3965 111
3965 112
3965 113
3965 114
3965 115
3966 107
3966 108
3966 109
3966 110
3966 111
3966 112
3966 113
3966 114
3966 115
3966 116
3966 117
3966 118
3966 119
3967 110
3967 111
3967 112
3967 113
3967 114
3967 115
3967 116
3967 117
3967 118
3967 119
3967 120
3967 121
3967 122
3968 114
3968 115
3968 116
3968 117
3968 118
3968 119
3968 120
3968 121
3968 122
3968 123
3968 124
3968 125
3969 117
3969 118
3969 119
3969 120
3969 121
3969 122
3969 123
3969 124
3969 125
3969 126
3969 127
3969 128
3970 121
3970 122
3970 123
3970 124
3970 125
3970 126
3970 127
3970 128
3970 129
3970 130
3970 131
3970 132
3971 125
3971 126
3971 127
3971 128
3971 129
3971 130
3971 131
3971 132
3971 133
3971 134
3972 129
3972 130
3972 131
3972 132
3972 133
3972 134
3972 135
3972 136
3972 137
3973 133
3973 134
3973 135
3973 136
3973 137
3973 138
3973 139
3973 140
3974 138
3974 139
3974 140
3974 141
3987 95
3987 96
3987 97
3987 98
3987 99
3988 97
3988 98
3988 99
3988 100
3988 101
3988 102
3988 103
3988 104
3989 100
3989 101
3989 102
3989 103
3989 104
3989 105
3989 106
3989 107
3989 108
3990 102
3990 103
3990 104
3990 105
3990 106
3990 107
3990 108
3990 109
3990 110
3990 111
3990 112
3991 105
3991 106
3991 107
3991 108
3991 109
3991 110
3991 111
3991 112
3991 113
3991 114
3991 115
3992 108
3992 109
3992 110
3992 111
3992 112
3992 113
3992 114
3992 115
3992 116
3992 117
3992 118
3992 119
3993 112
3993 113
3993 114
3993 115
3993 116
3993 117
3993 118
3993 119
3993 120
3993 121
3993 122
3994 115
3994 116
3994 117
3994 118
3994 119
3994 120
3994 121
3994 122
3994 123
3994 124
3994 125
3994 126
3995 118
3995 119
3995 120
3995 121
3995 122
3995 123
3995 124
3995 125
3995 126
3995 127
3995 128
3995 129
3996 122
3996 123
3996 124
3996 125
3996 126
3996 127
3996 128
3996 129
3996 130
3996 131
3996 132
3997 126
3997 127
3997 128
3997 129
3997 130
3997 131
3997 132
3997 133
3997 134
3997 135
3998 130
3998 131
3998 132
3998 133
3998 134
3998 135
3998 136
3998 137
3999 135
3999 136
3999 137
3999 138
3999 139
4014 99
4014 100
4014 101
4014 102
4014 103
4014 104
4015 101
4015 102
4015 103
4015 104
4015 105
4015 106
4015 107
4015 108
4016 104
4016 105
4016 106
4016 107
4016 108
4016 109
4016 110
4016 111
4016 112
4017 107
4017 108
4017 109
4017 110
4017 111
4017 112
4017 113
4017 114
4017 115
4017 116
4018 110
4018 111
4018 112
4018 113
4018 114
4018 115
4018 116
4018 117
4018 118
4018 119
4019 113
4019 114
4019 115
4019 116
4019 117
4019 118
4019 119
4019 120
4019 121
4019 122
4020 117
4020 118
4020 119
4020 120
4020 121
4020 122
4020 123
4020 124
4020 125
4020 126
4021 120
4021 121
4021 122
4021 123
4021 124
4021 125
4021 126
4021 127
4021 128
4021 129
4022 124
4022 125
4022 126
4022 127
4022 128
4022 129
4022 130
4022 131
4023 128
4023 129
4023 130
4023 131
4023 132
4023 133
4023 134
4024 133
4024 134
4024 135
4024 136
4041 104
4041 105
4041 106
4041 107
4042 106
4042 107
4042 108
4042 109
4042 110
4042 111
4043 109
4043 110
4043 111
4043 112
4043 113
4043 114
4043 115
4044 112
4044 113
4044 114
4044 115
4044 116
4044 117
4044 118
4044 119
4045 115
4045 116
4045 117
4045 118
4045 119
4045 120
4045 121
4045 122
4046 119
4046 120
4046 121
4046 122
4046 123
4046 124
4046 125
4047 123
4047 124
4047 125
4047 126
4047 127
4047 128
4048 127
4048 128
4048 129
4048 130
