19 238
19 239
21 234
21 235
21 236
23 230
23 231
23 232
36 242
36 243
36 244
36 245
36 246
38 238
38 239
38 240
38 241
38 242
38 243
40 233
40 234
40 235
40 236
40 237
40 238
40 239
40 240
42 229
42 230
42 231
42 232
42 233
42 234
42 235
42 236
44 226
44 227
44 228
44 229
44 230
44 231
44 232
46 223
46 224
46 225
46 226
46 227
48 220
48 221
48 222
53 249
53 250
55 243
55 244
55 245
55 246
55 247
55 248
57 238
57 239
57 240
57 241
57 242
57 243
57 244
57 245
59 234
59 235
59 236
59 237
59 238
59 239
59 240
59 241
59 242
61 230
61 231
61 232
61 233
61 234
61 235
61 236
61 237
61 238
63 226
63 227
63 228
63 229
63 230
63 231
63 232
63 233
63 234
63 235
65 222
65 223
65 224
65 225
65 226
65 227
65 228
65 229
65 230
67 219
67 220
67 221
67 222
67 223
67 224
67 225
67 226
69 216
69 217
69 218
69 219
69 220
69 221
72 249
72 250
72 251
72 252
74 244
74 245
74 246
74 247
74 248
74 249
74 250
76 239
76 240
76 241
76 242
76 243
76 244
76 245
76 246
76 247
78 235
78 236
78 237
78 238
78 239
78 240
78 241
78 242
78 243
78 244
80 231
80 232
80 233
80 234
80 235
80 236
80 237
80 238
80 239
80 240
80 241
82 227
82 228
82 229
82 230
82 231
82 232
82 233
82 234
82 235
82 236
82 237
84 223
84 224
84 225
84 226
84 227
84 228
84 229
84 230
84 231
84 232
84 233
86 219
86 220
86 221
86 222
86 223
86 224
86 225
86 226
86 227
86 228
86 229
88 216
88 217
88 218
88 219
88 220
88 221
88 222
88 223
88 224
90 213
90 214
90 215
90 216
90 217
90 218
90 219
90 220
91 251
91 252
91 253
91 254
92 211
92 212
92 213
92 214
93 245
93 246
93 247
93 248
93 249
93 250
93 251
93 252
95 240
95 241
95 242
95 243
95 244
95 245
95 246
95 247
95 248
95 249
97 236
97 237
97 238
97 239
97 240
97 241
97 242
97 243
97 244
97 245
97 246
99 232
99 233
99 234
99 235
99 236
99 237
99 238
99 239
99 240
99 241
99 242
99 243
101 228
101 229
101 230
101 231
101 232
101 233
101 234
101 235
101 236
101 237
101 238
101 239
103 224
103 225
103 226
103 227
103 228
103 229
103 230
103 231
103 232
103 233
103 234
103 235
105 220
105 221
105 222
105 223
105 224
105 225
105 226
105 227
105 228
105 229
105 230
105 231
107 217
107 218
107 219
107 220
107 221
107 222
107 223
107 224
107 225
107 226
107 227
109 213
109 214
109 215
109 216
109 217
109 218
109 219
109 220
109 221
109 222
110 253
110 254
110 255
111 210
111 211
111 212
111 213
111 214
111 215
111 216
111 217
111 218
112 247
112 248
112 249
112 250
112 251
112 252
112 253
112 254
113 208
113 209
113 210
113 211
113 212
114 242
114 243
114 244
114 245
114 246
114 247
114 248
114 249
114 250
114 251
116 237
116 238
116 239
116 240
116 241
116 242
116 243
116 244
116 245
116 246
116 247
116 248
118 233
118 234
118 235
118 236
118 237
118 238
118 239
118 240
118 241
118 242
118 243
118 244
118 245
120 229
120 230
120 231
120 232
120 233
120 234
120 235
120 236
120 237
120 238
120 239
120 240
120 241
122 225
122 226
122 227
122 228
122 229
122 230
122 231
122 232
122 233
122 234
122 235
122 236
122 237
124 221
124 222
124 223
124 224
124 225
124 226
124 227
124 228
124 229
124 230
124 231
124 232
124 233
126 218
126 219
126 220
126 221
126 222
126 223
126 224
126 225
126 226
126 227
126 228
126 229
128 214
128 215
128 216
128 217
128 218
128 219
128 220
128 221
128 222
128 223
128 224
128 225
130 211
130 212
130 213
130 214
130 215
130 216
130 217
130 218
130 219
130 220
131 249
131 250
131 251
131 252
131 253
131 254
131 255
132 208
132 209
132 210
132 211
132 212
132 213
132 214
132 215
132 216
133 244
133 245
133 246
133 247
133 248
133 249
133 250
133 251
133 252
134 205
134 206
134 207
134 208
134 209
134 210
134 211
135 239
135 240
135 241
135 242
135 243
135 244
135 245
135 246
135 247
135 248
135 249
135 250
137 235
137 236
137 237
137 238
137 239
137 240
137 241
137 242
137 243
137 244
137 245
137 246
139 230
139 231
139 232
139 233
139 234
139 235
139 236
139 237
139 238
139 239
139 240
139 241
139 242
139 243
141 226
141 227
141 228
141 229
141 230
141 231
141 232
141 233
141 234
141 235
141 236
141 237
141 238
141 239
143 222
143 223
143 224
143 225
143 226
143 227
143 228
143 229
143 230
143 231
143 232
143 233
143 234
143 235
145 219
145 220
145 221
145 222
145 223
145 224
145 225
145 226
145 227
145 228
145 229
145 230
145 231
147 215
147 216
147 217
147 218
147 219
147 220
147 221
147 222
147 223
147 224
147 225
147 226
147 227
149 212
149 213
149 214
149 215
149 216
149 217
149 218
149 219
149 220
149 221
149 222
149 223
150 251
150 252
150 253
150 254
150 255
150 256
151 208
151 209
151 210
151 211
151 212
151 213
151 214
151 215
151 216
151 217
151 218
152 245
152 246
152 247
152 248
152 249
152 250
152 251
152 252
152 253
152 254
153 205
153 206
153 207
153 208
153 209
153 210
153 211
153 212
153 213
153 214
154 241
154 242
154 243
154 244
154 245
154 246
154 247
154 248
154 249
154 250
154 251
155 203
155 204
155 205
155 206
155 207
155 208
156 236
156 237
156 238
156 239
156 240
156 241
156 242
156 243
156 244
156 245
156 246
156 247
156 248
158 232
158 233
158 234
158 235
158 236
158 237
158 238
158 239
158 240
158 241
158 242
158 243
158 244
158 245
160 228
160 229
160 230
160 231
160 232
160 233
160 234
160 235
160 236
160 237
160 238
160 239
160 240
160 241
162 224
162 225
162 226
162 227
162 228
162 229
162 230
162 231
162 232
162 233
162 234
162 235
162 236
162 237
164 220
164 221
164 222
164 223
164 224
164 225
164 226
164 227
164 228
164 229
164 230
164 231
164 232
164 233
166 216
166 217
166 218
166 219
166 220
166 221
166 222
166 223
166 224
166 225
166 226
166 227
166 228
166 229
168 213
168 214
168 215
168 216
168 217
168 218
168 219
168 220
168 221
168 222
168 223
168 224
168 225
169 254
169 255
169 256
170 209
170 210
170 211
170 212
170 213
170 214
170 215
170 216
170 217
170 218
170 219
170 220
170 221
171 248
171 249
171 250
171 251
171 252
171 253
171 254
171 255
172 206
172 207
172 208
172 209
172 210
172 211
172 212
172 213
172 214
172 215
172 216
173 243
173 244
173 245
173 246
173 247
173 248
173 249
173 250
173 251
173 252
174 203
174 204
174 205
174 206
174 207
174 208
174 209
174 210
174 211
174 212
175 238
175 239
175 240
175 241
175 242
175 243
175 244
175 245
175 246
175 247
175 248
175 249
176 201
176 202
176 203
176 204
176 205
176 206
177 234
177 235
177 236
177 237
177 238
177 239
177 240
177 241
177 242
177 243
177 244
177 245
177 246
179 229
179 230
179 231
179 232
179 233
179 234
179 235
179 236
179 237
179 238
179 239
179 240
179 241
179 242
179 243
181 225
181 226
181 227
181 228
181 229
181 230
181 231
181 232
181 233
181 234
181 235
181 236
181 237
181 238
181 239
183 221
183 222
183 223
183 224
183 225
183 226
183 227
183 228
183 229
183 230
183 231
183 232
183 233
183 234
183 235
185 218
185 219
185 220
185 221
185 222
185 223
185 224
185 225
185 226
185 227
185 228
185 229
185 230
185 231
187 214
187 215
187 216
187 217
187 218
187 219
187 220
187 221
187 222
187 223
187 224
187 225
187 226
187 227
189 210
189 211
189 212
189 213
189 214
189 215
189 216
189 217
189 218
189 219
189 220
189 221
189 222
189 223
190 250
190 251
190 252
190 253
190 254
190 255
190 256
191 207
191 208
191 209
191 210
191 211
191 212
191 213
191 214
191 215
191 216
191 217
191 218
191 219
192 245
192 246
192 247
192 248
192 249
192 250
192 251
192 252
192 253
192 254
193 204
193 205
193 206
193 207
193 208
193 209
193 210
193 211
193 212
193 213
193 214
194 240
194 241
194 242
194 243
194 244
194 245
194 246
194 247
194 248
194 249
194 250
194 251
195 201
195 202
195 203
195 204
195 205
195 206
195 207
195 208
195 209
196 235
196 236
196 237
196 238
196 239
196 240
196 241
196 242
196 243
196 244
196 245
196 246
196 247
196 248
197 198
197 199
197 200
197 201
197 202
197 203
197 204
198 231
198 232
198 233
198 234
198 235
198 236
198 237
198 238
198 239
198 240
198 241
198 242
198 243
198 244
200 227
200 228
200 229
200 230
200 231
200 232
200 233
200 234
200 235
200 236
200 237
200 238
200 239
200 240
200 241
202 223
202 224
202 225
202 226
202 227
202 228
202 229
202 230
202 231
202 232
202 233
202 234
202 235
202 236
202 237
204 219
204 220
204 221
204 222
204 223
204 224
204 225
204 226
204 227
204 228
204 229
204 230
204 231
204 232
204 233
206 215
206 216
206 217
206 218
206 219
206 220
206 221
206 222
206 223
206 224
206 225
206 226
206 227
206 228
206 229
208 212
208 213
208 214
208 215
208 216
208 217
208 218
208 219
208 220
208 221
208 222
208 223
208 224
208 225
209 253
209 254
209 255
209 256
210 208
210 209
210 210
210 211
210 212
210 213
210 214
210 215
210 216
210 217
210 218
210 219
210 220
210 221
211 247
211 248
211 249
211 250
211 251
211 252
211 253
211 254
211 255
212 205
212 206
212 207
212 208
212 209
212 210
212 211
212 212
212 213
212 214
212 215
212 216
213 242
213 243
213 244
213 245
213 246
213 247
213 248
213 249
213 250
213 251
213 252
214 201
214 202
214 203
214 204
214 205
214 206
214 207
214 208
214 209
214 210
214 211
214 212
215 237
215 238
215 239
215 240
215 241
215 242
215 243
215 244
215 245
215 246
215 247
215 248
215 249
216 199
216 200
216 201
216 202
216 203
216 204
216 205
216 206
216 207
217 233
217 234
217 235
217 236
217 237
217 238
217 239
217 240
217 241
217 242
217 243
217 244
217 245
217 246
218 196
218 197
218 198
218 199
218 200
218 201
218 202
219 229
219 230
219 231
219 232
219 233
219 234
219 235
219 236
219 237
219 238
219 239
219 240
219 241
219 242
221 225
221 226
221 227
221 228
221 229
221 230
221 231
221 232
221 233
221 234
221 235
221 236
221 237
221 238
221 239
223 221
223 222
223 223
223 224
223 225
223 226
223 227
223 228
223 229
223 230
223 231
223 232
223 233
223 234
223 235
225 217
225 218
225 219
225 220
225 221
225 222
225 223
225 224
225 225
225 226
225 227
225 228
225 229
225 230
225 231
227 213
227 214
227 215
227 216
227 217
227 218
227 219
227 220
227 221
227 222
227 223
227 224
227 225
227 226
227 227
229 209
229 210
229 211
229 212
229 213
229 214
229 215
229 216
229 217
229 218
229 219
229 220
229 221
229 222
229 223
230 250
230 251
230 252
230 253
230 254
230 255
231 206
231 207
231 208
231 209
231 210
231 211
231 212
231 213
231 214
231 215
231 216
231 217
231 218
231 219
232 244
232 245
232 246
232 247
232 248
232 249
232 250
232 251
232 252
232 253
233 203
233 204
233 205
233 206
233 207
233 208
233 209
233 210
233 211
233 212
233 213
233 214
234 239
234 240
234 241
234 242
234 243
234 244
234 245
234 246
234 247
234 248
234 249
234 250
235 199
235 200
235 201
235 202
235 203
235 204
235 205
235 206
235 207
235 208
235 209
235 210
236 235
236 236
236 237
236 238
236 239
236 240
236 241
236 242
236 243
236 244
236 245
236 246
236 247
237 196
237 197
237 198
237 199
237 200
237 201
237 202
237 203
237 204
237 205
238 231
238 232
238 233
238 234
238 235
238 236
238 237
238 238
238 239
238 240
238 241
238 242
238 243
238 244
239 194
239 195
239 196
239 197
239 198
239 199
239 200
240 226
240 227
240 228
240 229
240 230
240 231
240 232
240 233
240 234
240 235
240 236
240 237
240 238
240 239
240 240
242 222
242 223
242 224
242 225
242 226
242 227
242 228
242 229
242 230
242 231
242 232
242 233
242 234
242 235
242 236
242 237
244 218
244 219
244 220
244 221
244 222
244 223
244 224
244 225
244 226
244 227
244 228
244 229
244 230
244 231
244 232
244 233
246 215
246 216
246 217
246 218
246 219
246 220
246 221
246 222
246 223
246 224
246 225
246 226
246 227
246 228
246 229
248 211
248 212
248 213
248 214
248 215
248 216
248 217
248 218
248 219
248 220
248 221
248 222
248 223
248 224
248 225
249 253
249 254
249 255
250 207
250 208
250 209
250 210
250 211
250 212
250 213
250 214
250 215
250 216
250 217
250 218
250 219
250 220
250 221
251 247
251 248
251 249
251 250
251 251
251 252
251 253
251 254
252 204
252 205
252 206
252 207
252 208
252 209
252 210
252 211
252 212
252 213
252 214
252 215
252 216
253 242
253 243
253 244
253 245
253 246
253 247
253 248
253 249
253 250
253 251
253 252
254 200
254 201
254 202
254 203
254 204
254 205
254 206
254 207
254 208
254 209
254 210
254 211
254 212
255 237
255 238
255 239
255 240
255 241
255 242
255 243
255 244
255 245
255 246
255 247
255 248
255 249
256 197
256 198
256 199
256 200
256 201
256 202
256 203
256 204
256 205
256 206
256 207
257 233
257 234
257 235
257 236
257 237
257 238
257 239
257 240
257 241
257 242
257 243
257 244
257 245
258 194
258 195
258 196
258 197
258 198
258 199
258 200
258 201
258 202
258 203
259 228
259 229
259 230
259 231
259 232
259 233
259 234
259 235
259 236
259 237
259 238
259 239
259 240
259 241
259 242
260 192
260 193
260 194
260 195
260 196
260 197
261 224
261 225
261 226
261 227
261 228
261 229
261 230
261 231
261 232
261 233
261 234
261 235
261 236
261 237
261 238
263 220
263 221
263 222
263 223
263 224
263 225
263 226
263 227
263 228
263 229
263 230
263 231
263 232
263 233
263 234
265 216
265 217
265 218
265 219
265 220
265 221
265 222
265 223
265 224
265 225
265 226
265 227
265 228
265 229
265 230
265 231
267 212
267 213
267 214
267 215
267 216
267 217
267 218
267 219
267 220
267 221
267 222
267 223
267 224
267 225
267 226
267 227
269 209
269 210
269 211
269 212
269 213
269 214
269 215
269 216
269 217
269 218
269 219
269 220
269 221
269 222
270 250
270 251
270 252
270 253
270 254
270 255
271 205
271 206
271 207
271 208
271 209
271 210
271 211
271 212
271 213
271 214
271 215
271 216
271 217
271 218
272 244
272 245
272 246
272 247
272 248
272 249
272 250
272 251
272 252
272 253
273 202
273 203
273 204
273 205
273 206
273 207
273 208
273 209
273 210
273 211
273 212
273 213
273 214
274 239
274 240
274 241
274 242
274 243
274 244
274 245
274 246
274 247
274 248
274 249
274 250
275 198
275 199
275 200
275 201
275 202
275 203
275 204
275 205
275 206
275 207
275 208
275 209
275 210
276 235
276 236
276 237
276 238
276 239
276 240
276 241
276 242
276 243
276 244
276 245
276 246
276 247
277 195
277 196
277 197
277 198
277 199
277 200
277 201
277 202
277 203
277 204
277 205
278 230
278 231
278 232
278 233
278 234
278 235
278 236
278 237
278 238
278 239
278 240
278 241
278 242
278 243
279 192
279 193
279 194
279 195
279 196
279 197
279 198
279 199
279 200
280 226
280 227
280 228
280 229
280 230
280 231
280 232
280 233
280 234
280 235
280 236
280 237
280 238
280 239
280 240
281 190
281 191
281 192
281 193
281 194
281 195
282 222
282 223
282 224
282 225
282 226
282 227
282 228
282 229
282 230
282 231
282 232
282 233
282 234
282 235
282 236
284 218
284 219
284 220
284 221
284 222
284 223
284 224
284 225
284 226
284 227
284 228
284 229
284 230
284 231
284 232
286 214
286 215
286 216
286 217
286 218
286 219
286 220
286 221
286 222
286 223
286 224
286 225
286 226
286 227
286 228
288 210
288 211
288 212
288 213
288 214
288 215
288 216
288 217
288 218
288 219
288 220
288 221
288 222
288 223
288 224
290 207
290 208
290 209
290 210
290 211
290 212
290 213
290 214
290 215
290 216
290 217
290 218
290 219
290 220
291 247
291 248
291 249
291 250
291 251
291 252
291 253
292 203
292 204
292 205
292 206
292 207
292 208
292 209
292 210
292 211
292 212
292 213
292 214
292 215
292 216
293 242
293 243
293 244
293 245
293 246
293 247
293 248
293 249
293 250
293 251
294 200
294 201
294 202
294 203
294 204
294 205
294 206
294 207
294 208
294 209
294 210
294 211
294 212
295 237
295 238
295 239
295 240
295 241
295 242
295 243
295 244
295 245
295 246
295 247
295 248
296 196
296 197
296 198
296 199
296 200
296 201
296 202
296 203
296 204
296 205
296 206
296 207
297 232
297 233
297 234
297 235
297 236
297 237
297 238
297 239
297 240
297 241
297 242
297 243
297 244
297 245
298 193
298 194
298 195
298 196
298 197
298 198
298 199
298 200
298 201
298 202
298 203
299 228
299 229
299 230
299 231
299 232
299 233
299 234
299 235
299 236
299 237
299 238
299 239
299 240
299 241
300 190
300 191
300 192
300 193
300 194
300 195
300 196
300 197
300 198
301 224
301 225
301 226
301 227
301 228
301 229
301 230
301 231
301 232
301 233
301 234
301 235
301 236
301 237
301 238
302 188
302 189
302 190
302 191
302 192
302 193
303 220
303 221
303 222
303 223
303 224
303 225
303 226
303 227
303 228
303 229
303 230
303 231
303 232
303 233
303 234
305 216
305 217
305 218
305 219
305 220
305 221
305 222
305 223
305 224
305 225
305 226
305 227
305 228
305 229
305 230
307 212
307 213
307 214
307 215
307 216
307 217
307 218
307 219
307 220
307 221
307 222
307 223
307 224
307 225
307 226
309 208
309 209
309 210
309 211
309 212
309 213
309 214
309 215
309 216
309 217
309 218
309 219
309 220
309 221
309 222
310 251
310 252
310 253
311 205
311 206
311 207
311 208
311 209
311 210
311 211
311 212
311 213
311 214
311 215
311 216
311 217
311 218
312 245
312 246
312 247
312 248
312 249
312 250
312 251
312 252
313 201
313 202
313 203
313 204
313 205
313 206
313 207
313 208
313 209
313 210
313 211
313 212
313 213
313 214
314 239
314 240
314 241
314 242
314 243
314 244
314 245
314 246
314 247
314 248
314 249
315 198
315 199
315 200
315 201
315 202
315 203
315 204
315 205
315 206
315 207
315 208
315 209
316 235
316 236
316 237
316 238
316 239
316 240
316 241
316 242
316 243
316 244
316 245
316 246
317 194
317 195
317 196
317 197
317 198
317 199
317 200
317 201
317 202
317 203
317 204
317 205
318 230
318 231
318 232
318 233
318 234
318 235
318 236
318 237
318 238
318 239
318 240
318 241
318 242
318 243
319 191
319 192
319 193
319 194
319 195
319 196
319 197
319 198
319 199
319 200
320 226
320 227
320 228
320 229
320 230
320 231
320 232
320 233
320 234
320 235
320 236
320 237
320 238
320 239
321 188
321 189
321 190
321 191
321 192
321 193
321 194
321 195
322 222
322 223
322 224
322 225
322 226
322 227
322 228
322 229
322 230
322 231
322 232
322 233
322 234
322 235
322 236
323 186
323 187
323 188
323 189
323 190
324 218
324 219
324 220
324 221
324 222
324 223
324 224
324 225
324 226
324 227
324 228
324 229
324 230
324 231
324 232
326 214
326 215
326 216
326 217
326 218
326 219
326 220
326 221
326 222
326 223
326 224
326 225
326 226
326 227
326 228
328 210
328 211
328 212
328 213
328 214
328 215
328 216
328 217
328 218
328 219
328 220
328 221
328 222
328 223
328 224
330 206
330 207
330 208
330 209
330 210
330 211
330 212
330 213
330 214
330 215
330 216
330 217
330 218
330 219
330 220
331 248
331 249
331 250
331 251
331 252
332 203
332 204
332 205
332 206
332 207
332 208
332 209
332 210
332 211
332 212
332 213
332 214
332 215
332 216
333 242
333 243
333 244
333 245
333 246
333 247
333 248
333 249
333 250
334 199
334 200
334 201
334 202
334 203
334 204
334 205
334 206
334 207
334 208
334 209
334 210
334 211
335 237
335 238
335 239
335 240
335 241
335 242
335 243
335 244
335 245
335 246
335 247
336 196
336 197
336 198
336 199
336 200
336 201
336 202
336 203
336 204
336 205
336 206
336 207
337 233
337 234
337 235
337 236
337 237
337 238
337 239
337 240
337 241
337 242
337 243
337 244
338 192
338 193
338 194
338 195
338 196
338 197
338 198
338 199
338 200
338 201
338 202
338 203
339 228
339 229
339 230
339 231
339 232
339 233
339 234
339 235
339 236
339 237
339 238
339 239
339 240
339 241
340 189
340 190
340 191
340 192
340 193
340 194
340 195
340 196
340 197
340 198
341 224
341 225
341 226
341 227
341 228
341 229
341 230
341 231
341 232
341 233
341 234
341 235
341 236
341 237
342 186
342 187
342 188
342 189
342 190
342 191
342 192
342 193
343 220
343 221
343 222
343 223
343 224
343 225
343 226
343 227
343 228
343 229
343 230
343 231
343 232
343 233
344 184
344 185
344 186
344 187
344 188
345 216
345 217
345 218
345 219
345 220
345 221
345 222
345 223
345 224
345 225
345 226
345 227
345 228
345 229
347 212
347 213
347 214
347 215
347 216
347 217
347 218
347 219
347 220
347 221
347 222
347 223
347 224
347 225
347 226
349 208
349 209
349 210
349 211
349 212
349 213
349 214
349 215
349 216
349 217
349 218
349 219
349 220
349 221
351 204
351 205
351 206
351 207
351 208
351 209
351 210
351 211
351 212
351 213
351 214
351 215
351 216
351 217
352 246
352 247
352 248
352 249
352 250
353 201
353 202
353 203
353 204
353 205
353 206
353 207
353 208
353 209
353 210
353 211
353 212
353 213
354 240
354 241
354 242
354 243
354 244
354 245
354 246
354 247
354 248
355 197
355 198
355 199
355 200
355 201
355 202
355 203
355 204
355 205
355 206
355 207
355 208
355 209
356 235
356 236
356 237
356 238
356 239
356 240
356 241
356 242
356 243
356 244
356 245
357 194
357 195
357 196
357 197
357 198
357 199
357 200
357 201
357 202
357 203
357 204
357 205
358 231
358 232
358 233
358 234
358 235
358 236
358 237
358 238
358 239
358 240
358 241
358 242
359 190
359 191
359 192
359 193
359 194
359 195
359 196
359 197
359 198
359 199
359 200
360 226
360 227
360 228
360 229
360 230
360 231
360 232
360 233
360 234
360 235
360 236
360 237
360 238
361 187
361 188
361 189
361 190
361 191
361 192
361 193
361 194
361 195
362 222
362 223
362 224
362 225
362 226
362 227
362 228
362 229
362 230
362 231
362 232
362 233
362 234
362 235
363 184
363 185
363 186
363 187
363 188
363 189
363 190
363 191
364 218
364 219
364 220
364 221
364 222
364 223
364 224
364 225
364 226
364 227
364 228
364 229
364 230
364 231
365 182
365 183
365 184
365 185
366 214
366 215
366 216
366 217
366 218
366 219
366 220
366 221
366 222
366 223
366 224
366 225
366 226
366 227
368 210
368 211
368 212
368 213
368 214
368 215
368 216
368 217
368 218
368 219
368 220
368 221
368 222
368 223
370 206
370 207
370 208
370 209
370 210
370 211
370 212
370 213
370 214
370 215
370 216
370 217
370 218
370 219
372 203
372 204
372 205
372 206
372 207
372 208
372 209
372 210
372 211
372 212
372 213
372 214
372 215
373 243
373 244
373 245
373 246
373 247
373 248
374 199
374 200
374 201
374 202
374 203
374 204
374 205
374 206
374 207
374 208
374 209
374 210
374 211
375 238
375 239
375 240
375 241
375 242
375 243
375 244
375 245
375 246
376 195
376 196
376 197
376 198
376 199
376 200
376 201
376 202
376 203
376 204
376 205
376 206
377 233
377 234
377 235
377 236
377 237
377 238
377 239
377 240
377 241
377 242
377 243
378 192
378 193
378 194
378 195
378 196
378 197
378 198
378 199
378 200
378 201
378 202
379 229
379 230
379 231
379 232
379 233
379 234
379 235
379 236
379 237
379 238
379 239
379 240
380 189
380 190
380 191
380 192
380 193
380 194
380 195
380 196
380 197
380 198
381 224
381 225
381 226
381 227
381 228
381 229
381 230
381 231
381 232
381 233
381 234
381 235
381 236
382 185
382 186
382 187
382 188
382 189
382 190
382 191
382 192
382 193
383 220
383 221
383 222
383 223
383 224
383 225
383 226
383 227
383 228
383 229
383 230
383 231
383 232
384 182
384 183
384 184
384 185
384 186
384 187
384 188
385 216
385 217
385 218
385 219
385 220
385 221
385 222
385 223
385 224
385 225
385 226
385 227
385 228
385 229
386 180
386 181
386 182
386 183
387 212
387 213
387 214
387 215
387 216
387 217
387 218
387 219
387 220
387 221
387 222
387 223
387 224
387 225
389 208
389 209
389 210
389 211
389 212
389 213
389 214
389 215
389 216
389 217
389 218
389 219
389 220
389 221
391 204
391 205
391 206
391 207
391 208
391 209
391 210
391 211
391 212
391 213
391 214
391 215
391 216
391 217
393 201
393 202
393 203
393 204
393 205
393 206
393 207
393 208
393 209
393 210
393 211
393 212
393 213
394 242
394 243
394 244
394 245
394 246
395 197
395 198
395 199
395 200
395 201
395 202
395 203
395 204
395 205
395 206
395 207
395 208
396 236
396 237
396 238
396 239
396 240
396 241
396 242
396 243
396 244
397 193
397 194
397 195
397 196
397 197
397 198
397 199
397 200
397 201
397 202
397 203
397 204
398 231
398 232
398 233
398 234
398 235
398 236
398 237
398 238
398 239
398 240
398 241
399 190
399 191
399 192
399 193
399 194
399 195
399 196
399 197
399 198
399 199
399 200
400 227
400 228
400 229
400 230
400 231
400 232
400 233
400 234
400 235
400 236
400 237
401 187
401 188
401 189
401 190
401 191
401 192
401 193
401 194
401 195
402 222
402 223
402 224
402 225
402 226
402 227
402 228
402 229
402 230
402 231
402 232
402 233
402 234
403 183
403 184
403 185
403 186
403 187
403 188
403 189
403 190
403 191
404 218
404 219
404 220
404 221
404 222
404 223
404 224
404 225
404 226
404 227
404 228
404 229
404 230
405 180
405 181
405 182
405 183
405 184
405 185
405 186
406 214
406 215
406 216
406 217
406 218
406 219
406 220
406 221
406 222
406 223
406 224
406 225
406 226
407 178
407 179
407 180
408 210
408 211
408 212
408 213
408 214
408 215
408 216
408 217
408 218
408 219
408 220
408 221
408 222
410 206
410 207
410 208
410 209
410 210
410 211
410 212
410 213
410 214
410 215
410 216
410 217
410 218
412 203
412 204
412 205
412 206
412 207
412 208
412 209
412 210
412 211
412 212
412 213
412 214
414 199
414 200
414 201
414 202
414 203
414 204
414 205
414 206
414 207
414 208
414 209
414 210
415 240
415 241
415 242
415 243
415 244
416 195
416 196
416 197
416 198
416 199
416 200
416 201
416 202
416 203
416 204
416 205
416 206
417 234
417 235
417 236
417 237
417 238
417 239
417 240
417 241
418 192
418 193
418 194
418 195
418 196
418 197
418 198
418 199
418 200
418 201
419 230
419 231
419 232
419 233
419 234
419 235
419 236
419 237
419 238
420 188
420 189
420 190
420 191
420 192
420 193
420 194
420 195
420 196
420 197
421 225
421 226
421 227
421 228
421 229
421 230
421 231
421 232
421 233
421 234
421 235
422 185
422 186
422 187
422 188
422 189
422 190
422 191
422 192
422 193
423 221
423 222
423 223
423 224
423 225
423 226
423 227
423 228
423 229
423 230
423 231
424 182
424 183
424 184
424 185
424 186
424 187
424 188
425 217
425 218
425 219
425 220
425 221
425 222
425 223
425 224
425 225
425 226
425 227
425 228
426 178
426 179
426 180
426 181
426 182
426 183
427 213
427 214
427 215
427 216
427 217
427 218
427 219
427 220
427 221
427 222
427 223
427 224
428 176
428 177
428 178
429 209
429 210
429 211
429 212
429 213
429 214
429 215
429 216
429 217
429 218
429 219
429 220
431 205
431 206
431 207
431 208
431 209
431 210
431 211
431 212
431 213
431 214
431 215
431 216
433 201
433 202
433 203
433 204
433 205
433 206
433 207
433 208
433 209
433 210
433 211
433 212
435 197
435 198
435 199
435 200
435 201
435 202
435 203
435 204
435 205
435 206
435 207
436 239
436 240
436 241
437 194
437 195
437 196
437 197
437 198
437 199
437 200
437 201
437 202
437 203
438 233
438 234
438 235
438 236
438 237
438 238
438 239
439 190
439 191
439 192
439 193
439 194
439 195
439 196
439 197
439 198
439 199
440 228
440 229
440 230
440 231
440 232
440 233
440 234
440 235
440 236
441 186
441 187
441 188
441 189
441 190
441 191
441 192
441 193
441 194
441 195
442 223
442 224
442 225
442 226
442 227
442 228
442 229
442 230
442 231
442 232
443 183
443 184
443 185
443 186
443 187
443 188
443 189
443 190
444 219
444 220
444 221
444 222
444 223
444 224
444 225
444 226
444 227
444 228
444 229
445 180
445 181
445 182
445 183
445 184
445 185
446 215
446 216
446 217
446 218
446 219
446 220
446 221
446 222
446 223
446 224
446 225
447 177
447 178
447 179
447 180
447 181
448 211
448 212
448 213
448 214
448 215
448 216
448 217
448 218
448 219
448 220
448 221
449 174
449 175
450 207
450 208
450 209
450 210
450 211
450 212
450 213
450 214
450 215
450 216
450 217
452 203
452 204
452 205
452 206
452 207
452 208
452 209
452 210
452 211
452 212
452 213
454 199
454 200
454 201
454 202
454 203
454 204
454 205
454 206
454 207
454 208
454 209
456 196
456 197
456 198
456 199
456 200
456 201
456 202
456 203
456 204
456 205
458 192
458 193
458 194
458 195
458 196
458 197
458 198
458 199
458 200
458 201
459 232
459 233
459 234
459 235
459 236
460 188
460 189
460 190
460 191
460 192
460 193
460 194
460 195
460 196
461 227
461 228
461 229
461 230
461 231
461 232
461 233
462 185
462 186
462 187
462 188
462 189
462 190
462 191
462 192
463 222
463 223
463 224
463 225
463 226
463 227
463 228
463 229
464 181
464 182
464 183
464 184
464 185
464 186
464 187
465 218
465 219
465 220
465 221
465 222
465 223
465 224
465 225
465 226
466 178
466 179
466 180
466 181
466 182
466 183
467 214
467 215
467 216
467 217
467 218
467 219
467 220
467 221
467 222
468 175
468 176
468 177
468 178
469 209
469 210
469 211
469 212
469 213
469 214
469 215
469 216
469 217
469 218
471 205
471 206
471 207
471 208
471 209
471 210
471 211
471 212
471 213
471 214
473 202
473 203
473 204
473 205
473 206
473 207
473 208
473 209
473 210
475 198
475 199
475 200
475 201
475 202
475 203
475 204
475 205
475 206
477 194
477 195
477 196
477 197
477 198
477 199
477 200
477 201
477 202
479 190
479 191
479 192
479 193
479 194
479 195
479 196
479 197
479 198
481 187
481 188
481 189
481 190
481 191
481 192
481 193
481 194
482 226
482 227
482 228
482 229
482 230
483 183
483 184
483 185
483 186
483 187
483 188
483 189
484 221
484 222
484 223
484 224
484 225
484 226
485 179
485 180
485 181
485 182
485 183
485 184
485 185
486 217
486 218
486 219
486 220
486 221
486 222
486 223
487 176
487 177
487 178
487 179
487 180
488 212
488 213
488 214
488 215
488 216
488 217
488 218
488 219
489 173
489 174
489 175
490 208
490 209
490 210
490 211
490 212
490 213
490 214
490 215
492 204
492 205
492 206
492 207
492 208
492 209
492 210
492 211
494 200
494 201
494 202
494 203
494 204
494 205
494 206
494 207
496 196
496 197
496 198
496 199
496 200
496 201
496 202
496 203
498 192
498 193
498 194
498 195
498 196
498 197
498 198
498 199
500 189
500 190
500 191
500 192
500 193
500 194
500 195
502 185
502 186
502 187
502 188
502 189
502 190
502 191
504 181
504 182
504 183
504 184
504 185
504 186
505 221
505 222
505 223
506 178
506 179
506 180
506 181
506 182
507 216
507 217
507 218
507 219
508 175
508 176
508 177
509 211
509 212
509 213
509 214
509 215
509 216
511 207
511 208
511 209
511 210
511 211
511 212
513 203
513 204
513 205
513 206
513 207
513 208
515 199
515 200
515 201
515 202
515 203
515 204
517 195
517 196
517 197
517 198
517 199
517 200
519 191
519 192
519 193
519 194
519 195
519 196
521 187
521 188
521 189
521 190
521 191
521 192
523 184
523 185
523 186
523 187
523 188
525 180
525 181
525 182
525 183
527 177
527 178
527 179
532 207
532 208
534 203
534 204
536 198
536 199
536 200
536 201
538 194
538 195
538 196
538 197
540 190
540 191
540 192
542 187
542 188
544 183
544 184
2062 231
2062 232
2064 226
2064 227
2064 228
2066 223
2066 224
2079 236
2079 237
2079 238
2081 231
2081 232
2081 233
2081 234
2083 227
2083 228
2083 229
2083 230
2083 231
2085 223
2085 224
2085 225
2085 226
2085 227
2087 220
2087 221
2087 222
2098 237
2098 238
2098 239
2098 240
2100 232
2100 233
2100 234
2100 235
2100 236
2102 228
2102 229
2102 230
2102 231
2102 232
2104 224
2104 225
2104 226
2104 227
2104 228
2106 220
2106 221
2106 222
2106 223
2106 224
2108 217
2108 218
2108 219
2117 239
2117 240
2117 241
2119 234
2119 235
2119 236
2119 237
2119 238
2121 229
2121 230
2121 231
2121 232
2121 233
2121 234
2123 225
2123 226
2123 227
2123 228
2123 229
2123 230
2125 221
2125 222
2125 223
2125 224
2125 225
2125 226
2127 218
2127 219
2127 220
2127 221
2138 236
2138 237
2138 238
2138 239
2140 231
2140 232
2140 233
2140 234
2140 235
2142 227
2142 228
2142 229
2142 230
2142 231
2144 223
2144 224
2144 225
2144 226
2144 227
2146 220
2146 221
2146 222
2157 239
2159 233
2159 234
2159 235
2159 236
2161 229
2161 230
2161 231
2161 232
2163 225
2163 226
2163 227
2163 228
2165 222
2165 223
2863 132
2865 128
2880 136
2880 137
2880 138
2882 132
2882 133
2882 134
2882 135
2884 128
2884 129
2884 130
2884 131
2886 124
2886 125
2886 126
2886 127
2888 121
2888 122
2888 123
2897 141
2897 142
2897 143
2899 136
2899 137
2899 138
2899 139
2899 140
2901 132
2901 133
2901 134
2901 135
2901 136
2901 137
2903 128
2903 129
2903 130
2903 131
2903 132
2903 133
2905 125
2905 126
2905 127
2905 128
2905 129
2907 121
2907 122
2907 123
2907 124
2907 125
2909 118
2909 119
2909 120
2909 121
2911 115
2911 116
2916 142
2916 143
2916 144
2916 145
2918 137
2918 138
2918 139
2918 140
2918 141
2918 142
2920 133
2920 134
2920 135
2920 136
2920 137
2920 138
2922 129
2922 130
2922 131
2922 132
2922 133
2922 134
2922 135
2924 125
2924 126
2924 127
2924 128
2924 129
2924 130
2924 131
2926 122
2926 123
2926 124
2926 125
2926 126
2926 127
2928 118
2928 119
2928 120
2928 121
2928 122
2928 123
2930 115
2930 116
2930 117
2930 118
2930 119
2932 113
2935 143
2935 144
2935 145
2935 146
2937 139
2937 140
2937 141
2937 142
2937 143
2939 134
2939 135
2939 136
2939 137
2939 138
2939 139
2939 140
2941 130
2941 131
2941 132
2941 133
2941 134
2941 135
2941 136
2943 127
2943 128
2943 129
2943 130
2943 131
2943 132
2943 133
2945 123
2945 124
2945 125
2945 126
2945 127
2945 128
2945 129
2947 119
2947 120
2947 121
2947 122
2947 123
2947 124
2947 125
2949 116
2949 117
2949 118
2949 119
2949 120
2949 121
2951 113
2951 114
2951 115
2951 116
2954 145
2954 146
2954 147
2956 140
2956 141
2956 142
2956 143
2956 144
2958 136
2958 137
2958 138
2958 139
2958 140
2958 141
2960 132
2960 133
2960 134
2960 135
2960 136
2960 137
2960 138
2962 128
2962 129
2962 130
2962 131
2962 132
2962 133
2962 134
2964 124
2964 125
2964 126
2964 127
2964 128
2964 129
2964 130
2964 131
2966 120
2966 121
2966 122
2966 123
2966 124
2966 125
2966 126
2966 127
2968 117
2968 118
2968 119
2968 120
2968 121
2968 122
2968 123
2970 114
2970 115
2970 116
2970 117
2970 118
2972 111
2972 112
2972 113
2975 142
2975 143
2975 144
2975 145
2977 137
2977 138
2977 139
2977 140
2977 141
2977 142
2979 133
2979 134
2979 135
2979 136
2979 137
2979 138
2979 139
2981 129
2981 130
2981 131
2981 132
2981 133
2981 134
2981 135
2981 136
2983 125
2983 126
2983 127
2983 128
2983 129
2983 130
2983 131
2983 132
2985 122
2985 123
2985 124
2985 125
2985 126
2985 127
2985 128
2987 118
2987 119
2987 120
2987 121
2987 122
2987 123
2987 124
2989 115
2989 116
2989 117
2989 118
2989 119
2989 120
2991 112
2991 113
2991 114
2991 115
2994 144
2994 145
2994 146
2996 139
2996 140
2996 141
2996 142
2996 143
2998 135
2998 136
2998 137
2998 138
2998 139
2998 140
3000 131
3000 132
3000 133
3000 134
3000 135
3000 136
3000 137
3002 127
3002 128
3002 129
3002 130
3002 131
3002 132
3002 133
3004 123
3004 124
3004 125
3004 126
3004 127
3004 128
3004 129
3006 119
3006 120
3006 121
3006 122
3006 123
3006 124
3006 125
3006 126
3008 116
3008 117
3008 118
3008 119
3008 120
3008 121
3010 113
3010 114
3010 115
3010 116
3010 117
3012 110
3012 111
3012 112
3015 141
3015 142
3015 143
3015 144
3017 137
3017 138
3017 139
3017 140
3017 141
3019 132
3019 133
3019 134
3019 135
3019 136
3019 137
3019 138
3021 128
3021 129
3021 130
3021 131
3021 132
3021 133
3021 134
3023 124
3023 125
3023 126
3023 127
3023 128
3023 129
3023 130
3023 131
3025 121
3025 122
3025 123
3025 124
3025 125
3025 126
3025 127
3027 117
3027 118
3027 119
3027 120
3027 121
3027 122
3027 123
3029 114
3029 115
3029 116
3029 117
3029 118
3029 119
3031 111
3031 112
3031 113
3031 114
3036 139
3036 140
3036 141
3036 142
3038 134
3038 135
3038 136
3038 137
3038 138
3038 139
3040 130
3040 131
3040 132
3040 133
3040 134
3040 135
3042 126
3042 127
3042 128
3042 129
3042 130
3042 131
3042 132
3044 122
3044 123
3044 124
3044 125
3044 126
3044 127
3044 128
3046 119
3046 120
3046 121
3046 122
3046 123
3046 124
3048 115
3048 116
3048 117
3048 118
3048 119
3048 120
3050 112
3050 113
3050 114
3050 115
3057 136
3057 137
3057 138
3057 139
3059 132
3059 133
3059 134
3059 135
3059 136
3061 128
3061 129
3061 130
3061 131
3061 132
3061 133
3063 124
3063 125
3063 126
3063 127
3063 128
3063 129
3065 120
3065 121
3065 122
3065 123
3065 124
3065 125
3067 117
3067 118
3067 119
3067 120
3067 121
3069 114
3069 115
3069 116
3069 117
3078 134
3078 135
3078 136
3080 130
3080 131
3080 132
3080 133
3082 126
3082 127
3082 128
3082 129
3082 130
3084 122
3084 123
3084 124
3084 125
3084 126
3086 118
3086 119
3086 120
3086 121
3086 122
3088 115
3088 116
3088 117
3088 118
3090 113
3099 132
3099 133
3101 128
3101 129
3101 130
3103 124
3103 125
3103 126
3103 127
3105 120
3105 121
3105 122
3105 123
3107 117
3107 118
3107 119
3122 127
3124 122
3124 123
3124 124
3126 119
