1292 141
1298 133
1298 134
1298 135
1298 136
1298 137
1304 128
1304 129
1304 130
1305 139
1305 140
1305 141
1305 142
1305 143
1305 144
1311 133
1311 134
1311 135
1311 136
1311 137
1311 138
1311 139
1312 148
1312 149
1312 150
1317 127
1317 128
1317 129
1317 130
1317 131
1317 132
1317 133
1318 140
1318 141
1318 142
1318 143
1318 144
1318 145
1318 146
1318 147
1323 123
1323 124
1323 125
1323 126
1324 133
1324 134
1324 135
1324 136
1324 137
1324 138
1324 139
1324 140
1324 141
1324 142
1325 148
1325 149
1325 150
1325 151
1325 152
1330 127
1330 128
1330 129
1330 130
1330 131
1330 132
1330 133
1330 134
1330 135
1330 136
1331 140
1331 141
1331 142
1331 143
1331 144
1331 145
1331 146
1331 147
1331 148
1331 149
1336 122
1336 123
1336 124
1336 125
1336 126
1336 127
1336 128
1336 129
1337 133
1337 134
1337 135
1337 136
1337 137
1337 138
1337 139
1337 140
1337 141
1337 142
1337 143
1337 144
1338 149
1338 150
1338 151
1338 152
1338 153
1338 154
1342 119
1342 120
1342 121
1343 127
1343 128
1343 129
1343 130
1343 131
1343 132
1343 133
1343 134
1343 135
1343 136
1343 137
1343 138
1344 141
1344 142
1344 143
1344 144
1344 145
1344 146
1344 147
1344 148
1344 149
1344 150
1349 122
1349 123
1349 124
1349 125
1349 126
1349 127
1349 128
1349 129
1349 130
1349 131
1349 132
1350 134
1350 135
1350 136
1350 137
1350 138
1350 139
1350 140
1350 141
1350 142
1350 143
1350 144
1350 145
1351 149
1351 150
1351 151
1351 152
1351 153
1351 154
1351 155
1351 156
1355 118
1355 119
1355 120
1355 121
1355 122
1355 123
1355 124
1355 125
1356 128
1356 129
1356 130
1356 131
1356 132
1356 133
1356 134
1356 135
1356 136
1356 137
1356 138
1356 139
1356 140
1357 142
1357 143
1357 144
1357 145
1357 146
1357 147
1357 148
1357 149
1357 150
1357 151
1357 152
1362 123
1362 124
1362 125
1362 126
1362 127
1362 128
1362 129
1362 130
1362 131
1362 132
1362 133
1362 134
1363 135
1363 136
1363 137
1363 138
1363 139
1363 140
1363 141
1363 142
1363 143
1363 144
1363 145
1363 146
1363 147
1364 150
1364 151
1364 152
1364 153
1364 154
1364 155
1364 156
1364 157
1364 158
1368 118
1368 119
1368 120
1368 121
1368 122
1368 123
1368 124
1368 125
1368 126
1368 127
1369 129
1369 130
1369 131
1369 132
1369 133
1369 134
1369 135
1369 136
1369 137
1369 138
1369 139
1369 140
1369 141
1369 142
1370 143
1370 144
1370 145
1370 146
1370 147
1370 148
1370 149
1370 150
1370 151
1370 152
1370 153
1370 154
1374 114
1374 115
1374 116
1374 117
1374 118
1374 119
1375 123
1375 124
1375 125
1375 126
1375 127
1375 128
1375 129
1375 130
1375 131
1375 132
1375 133
1375 134
1375 135
1375 136
1376 136
1376 137
1376 138
1376 139
1376 140
1376 141
1376 142
1376 143
1376 144
1376 145
1376 146
1376 147
1376 148
1376 149
1377 151
1377 152
1377 153
1377 154
1377 155
1377 156
1377 157
1377 158
1377 159
1381 118
1381 119
1381 120
1381 121
1381 122
1381 123
1381 124
1381 125
1381 126
1381 127
1381 128
1381 129
1382 130
1382 131
1382 132
1382 133
1382 134
1382 135
1382 136
1382 137
1382 138
1382 139
1382 140
1382 141
1382 142
1382 143
1383 144
1383 145
1383 146
1383 147
1383 148
1383 149
1383 150
1383 151
1383 152
1383 153
1383 154
1383 155
1387 114
1387 115
1387 116
1387 117
1387 118
1387 119
1387 120
1387 121
1387 122
1388 124
1388 125
1388 126
1388 127
1388 128
1388 129
1388 130
1388 131
1388 132
1388 133
1388 134
1388 135
1388 136
1388 137
1389 137
1389 138
1389 139
1389 140
1389 141
1389 142
1389 143
1389 144
1389 145
1389 146
1389 147
1389 148
1389 149
1389 150
1390 153
1390 154
1390 155
1390 156
1390 157
1390 158
1390 159
1390 160
1394 119
1394 120
1394 121
1394 122
1394 123
1394 124
1394 125
1394 126
1394 127
1394 128
1394 129
1394 130
1394 131
1395 131
1395 132
1395 133
1395 134
1395 135
1395 136
1395 137
1395 138
1395 139
1395 140
1395 141
1395 142
1395 143
1395 144
1395 145
1396 145
1396 146
1396 147
1396 148
1396 149
1396 150
1396 151
1396 152
1396 153
1396 154
1396 155
1396 156
1396 157
1400 114
1400 115
1400 116
1400 117
1400 118
1400 119
1400 120
1400 121
1400 122
1400 123
1400 124
1400 125
1401 125
1401 126
1401 127
1401 128
1401 129
1401 130
1401 131
1401 132
1401 133
1401 134
1401 135
1401 136
1401 137
1401 138
1401 139
1402 138
1402 139
1402 140
1402 141
1402 142
1402 143
1402 144
1402 145
1402 146
1402 147
1402 148
1402 149
1402 150
1402 151
1402 152
1403 154
1403 155
1403 156
1403 157
1403 158
1403 159
1403 160
1403 161
1403 162
1406 111
1406 112
1406 113
1406 114
1406 115
1406 116
1406 117
1407 120
1407 121
1407 122
1407 123
1407 124
1407 125
1407 126
1407 127
1407 128
1407 129
1407 130
1407 131
1407 132
1407 133
1408 132
1408 133
1408 134
1408 135
1408 136
1408 137
1408 138
1408 139
1408 140
1408 141
1408 142
1408 143
1408 144
1408 145
1408 146
1409 146
1409 147
1409 148
1409 149
1409 150
1409 151
1409 152
1409 153
1409 154
1409 155
1409 156
1409 157
1409 158
1413 115
1413 116
1413 117
1413 118
1413 119
1413 120
1413 121
1413 122
1413 123
1413 124
1413 125
1413 126
1413 127
1414 126
1414 127
1414 128
1414 129
1414 130
1414 131
1414 132
1414 133
1414 134
1414 135
1414 136
1414 137
1414 138
1414 139
1414 140
1414 141
1415 139
1415 140
1415 141
1415 142
1415 143
1415 144
1415 145
1415 146
1415 147
1415 148
1415 149
1415 150
1415 151
1415 152
1415 153
1416 155
1416 156
1416 157
1416 158
1416 159
1416 160
1416 161
1416 162
1416 163
1419 111
1419 112
1419 113
1419 114
1419 115
1419 116
1419 117
1419 118
1419 119
1419 120
1420 121
1420 122
1420 123
1420 124
1420 125
1420 126
1420 127
1420 128
1420 129
1420 130
1420 131
1420 132
1420 133
1420 134
1420 135
1421 133
1421 134
1421 135
1421 136
1421 137
1421 138
1421 139
1421 140
1421 141
1421 142
1421 143
1421 144
1421 145
1421 146
1421 147
1421 148
1422 147
1422 148
1422 149
1422 150
1422 151
1422 152
1422 153
1422 154
1422 155
1422 156
1422 157
1422 158
1422 159
1426 116
1426 117
1426 118
1426 119
1426 120
1426 121
1426 122
1426 123
1426 124
1426 125
1426 126
1426 127
1426 128
1426 129
1427 127
1427 128
1427 129
1427 130
1427 131
1427 132
1427 133
1427 134
1427 135
1427 136
1427 137
1427 138
1427 139
1427 140
1427 141
1427 142
1428 141
1428 142
1428 143
1428 144
1428 145
1428 146
1428 147
1428 148
1428 149
1428 150
1428 151
1428 152
1428 153
1428 154
1428 155
1429 157
1429 158
1429 159
1429 160
1429 161
1429 162
1429 163
1429 164
1432 112
1432 113
1432 114
1432 115
1432 116
1432 117
1432 118
1432 119
1432 120
1432 121
1432 122
1433 122
1433 123
1433 124
1433 125
1433 126
1433 127
1433 128
1433 129
1433 130
1433 131
1433 132
1433 133
1433 134
1433 135
1433 136
1433 137
1434 134
1434 135
1434 136
1434 137
1434 138
1434 139
1434 140
1434 141
1434 142
1434 143
1434 144
1434 145
1434 146
1434 147
1434 148
1434 149
1435 149
1435 150
1435 151
1435 152
1435 153
1435 154
1435 155
1435 156
1435 157
1435 158
1435 159
1435 160
1435 161
1438 109
1438 110
1438 111
1438 112
1438 113
1438 114
1439 117
1439 118
1439 119
1439 120
1439 121
1439 122
1439 123
1439 124
1439 125
1439 126
1439 127
1439 128
1439 129
1439 130
1440 128
1440 129
1440 130
1440 131
1440 132
1440 133
1440 134
1440 135
1440 136
1440 137
1440 138
1440 139
1440 140
1440 141
1440 142
1440 143
1440 144
1441 142
1441 143
1441 144
1441 145
1441 146
1441 147
1441 148
1441 149
1441 150
1441 151
1441 152
1441 153
1441 154
1441 155
1441 156
1442 158
1442 159
1442 160
1442 161
1442 162
1442 163
1442 164
1442 165
1445 112
1445 113
1445 114
1445 115
1445 116
1445 117
1445 118
1445 119
1445 120
1445 121
1445 122
1445 123
1445 124
1446 123
1446 124
1446 125
1446 126
1446 127
1446 128
1446 129
1446 130
1446 131
1446 132
1446 133
1446 134
1446 135
1446 136
1446 137
1446 138
1447 136
1447 137
1447 138
1447 139
1447 140
1447 141
1447 142
1447 143
1447 144
1447 145
1447 146
1447 147
1447 148
1447 149
1447 150
1447 151
1448 150
1448 151
1448 152
1448 153
1448 154
1448 155
1448 156
1448 157
1448 158
1448 159
1448 160
1448 161
1448 162
1451 109
1451 110
1451 111
1451 112
1451 113
1451 114
1451 115
1451 116
1451 117
1452 118
1452 119
1452 120
1452 121
1452 122
1452 123
1452 124
1452 125
1452 126
1452 127
1452 128
1452 129
1452 130
1452 131
1452 132
1453 130
1453 131
1453 132
1453 133
1453 134
1453 135
1453 136
1453 137
1453 138
1453 139
1453 140
1453 141
1453 142
1453 143
1453 144
1453 145
1454 143
1454 144
1454 145
1454 146
1454 147
1454 148
1454 149
1454 150
1454 151
1454 152
1454 153
1454 154
1454 155
1454 156
1454 157
1455 160
1455 161
1455 162
1455 163
1455 164
1455 165
1455 166
1458 113
1458 114
1458 115
1458 116
1458 117
1458 118
1458 119
1458 120
1458 121
1458 122
1458 123
1458 124
1458 125
1458 126
1459 124
1459 125
1459 126
1459 127
1459 128
1459 129
1459 130
1459 131
1459 132
1459 133
1459 134
1459 135
1459 136
1459 137
1459 138
1459 139
1459 140
1460 137
1460 138
1460 139
1460 140
1460 141
1460 142
1460 143
1460 144
1460 145
1460 146
1460 147
1460 148
1460 149
1460 150
1460 151
1460 152
1461 152
1461 153
1461 154
1461 155
1461 156
1461 157
1461 158
1461 159
1461 160
1461 161
1461 162
1461 163
1464 109
1464 110
1464 111
1464 112
1464 113
1464 114
1464 115
1464 116
1464 117
1464 118
1464 119
1465 119
1465 120
1465 121
1465 122
1465 123
1465 124
1465 125
1465 126
1465 127
1465 128
1465 129
1465 130
1465 131
1465 132
1465 133
1465 134
1466 131
1466 132
1466 133
1466 134
1466 135
1466 136
1466 137
1466 138
1466 139
1466 140
1466 141
1466 142
1466 143
1466 144
1466 145
1466 146
1466 147
1467 145
1467 146
1467 147
1467 148
1467 149
1467 150
1467 151
1467 152
1467 153
1467 154
1467 155
1467 156
1467 157
1467 158
1467 159
1468 162
1468 163
1468 164
1468 165
1468 166
1468 167
1470 107
1470 108
1470 109
1470 110
1471 114
1471 115
1471 116
1471 117
1471 118
1471 119
1471 120
1471 121
1471 122
1471 123
1471 124
1471 125
1471 126
1471 127
1471 128
1472 125
1472 126
1472 127
1472 128
1472 129
1472 130
1472 131
1472 132
1472 133
1472 134
1472 135
1472 136
1472 137
1472 138
1472 139
1472 140
1472 141
1473 138
1473 139
1473 140
1473 141
1473 142
1473 143
1473 144
1473 145
1473 146
1473 147
1473 148
1473 149
1473 150
1473 151
1473 152
1473 153
1473 154
1474 153
1474 154
1474 155
1474 156
1474 157
1474 158
1474 159
1474 160
1474 161
1474 162
1474 163
1474 164
1477 110
1477 111
1477 112
1477 113
1477 114
1477 115
1477 116
1477 117
1477 118
1477 119
1477 120
1477 121
1478 120
1478 121
1478 122
1478 123
1478 124
1478 125
1478 126
1478 127
1478 128
1478 129
1478 130
1478 131
1478 132
1478 133
1478 134
1478 135
1479 132
1479 133
1479 134
1479 135
1479 136
1479 137
1479 138
1479 139
1479 140
1479 141
1479 142
1479 143
1479 144
1479 145
1479 146
1479 147
1479 148
1480 146
1480 147
1480 148
1480 149
1480 150
1480 151
1480 152
1480 153
1480 154
1480 155
1480 156
1480 157
1480 158
1480 159
1480 160
1481 164
1481 165
1481 166
1481 167
1483 107
1483 108
1483 109
1483 110
1483 111
1483 112
1483 113
1484 115
1484 116
1484 117
1484 118
1484 119
1484 120
1484 121
1484 122
1484 123
1484 124
1484 125
1484 126
1484 127
1484 128
1484 129
1485 127
1485 128
1485 129
1485 130
1485 131
1485 132
1485 133
1485 134
1485 135
1485 136
1485 137
1485 138
1485 139
1485 140
1485 141
1485 142
1485 143
1486 140
1486 141
1486 142
1486 143
1486 144
1486 145
1486 146
1486 147
1486 148
1486 149
1486 150
1486 151
1486 152
1486 153
1486 154
1486 155
1487 155
1487 156
1487 157
1487 158
1487 159
1487 160
1487 161
1487 162
1487 163
1487 164
1487 165
1490 111
1490 112
1490 113
1490 114
1490 115
1490 116
1490 117
1490 118
1490 119
1490 120
1490 121
1490 122
1490 123
1491 121
1491 122
1491 123
1491 124
1491 125
1491 126
1491 127
1491 128
1491 129
1491 130
1491 131
1491 132
1491 133
1491 134
1491 135
1491 136
1491 137
1492 134
1492 135
1492 136
1492 137
1492 138
1492 139
1492 140
1492 141
1492 142
1492 143
1492 144
1492 145
1492 146
1492 147
1492 148
1492 149
1492 150
1493 148
1493 149
1493 150
1493 151
1493 152
1493 153
1493 154
1493 155
1493 156
1493 157
1493 158
1493 159
1493 160
1493 161
1496 107
1496 108
1496 109
1496 110
1496 111
1496 112
1496 113
1496 114
1496 115
1496 116
1497 116
1497 117
1497 118
1497 119
1497 120
1497 121
1497 122
1497 123
1497 124
1497 125
1497 126
1497 127
1497 128
1497 129
1497 130
1497 131
1498 128
1498 129
1498 130
1498 131
1498 132
1498 133
1498 134
1498 135
1498 136
1498 137
1498 138
1498 139
1498 140
1498 141
1498 142
1498 143
1498 144
1499 142
1499 143
1499 144
1499 145
1499 146
1499 147
1499 148
1499 149
1499 150
1499 151
1499 152
1499 153
1499 154
1499 155
1499 156
1500 157
1500 158
1500 159
1500 160
1500 161
1500 162
1500 163
1500 164
1500 165
1500 166
1503 112
1503 113
1503 114
1503 115
1503 116
1503 117
1503 118
1503 119
1503 120
1503 121
1503 122
1503 123
1503 124
1503 125
1504 123
1504 124
1504 125
1504 126
1504 127
1504 128
1504 129
1504 130
1504 131
1504 132
1504 133
1504 134
1504 135
1504 136
1504 137
1504 138
1504 139
1505 135
1505 136
1505 137
1505 138
1505 139
1505 140
1505 141
1505 142
1505 143
1505 144
1505 145
1505 146
1505 147
1505 148
1505 149
1505 150
1505 151
1506 150
1506 151
1506 152
1506 153
1506 154
1506 155
1506 156
1506 157
1506 158
1506 159
1506 160
1506 161
1506 162
1509 108
1509 109
1509 110
1509 111
1509 112
1509 113
1509 114
1509 115
1509 116
1509 117
1509 118
1510 118
1510 119
1510 120
1510 121
1510 122
1510 123
1510 124
1510 125
1510 126
1510 127
1510 128
1510 129
1510 130
1510 131
1510 132
1510 133
1511 130
1511 131
1511 132
1511 133
1511 134
1511 135
1511 136
1511 137
1511 138
1511 139
1511 140
1511 141
1511 142
1511 143
1511 144
1511 145
1511 146
1512 143
1512 144
1512 145
1512 146
1512 147
1512 148
1512 149
1512 150
1512 151
1512 152
1512 153
1512 154
1512 155
1512 156
1512 157
1512 158
1513 159
1513 160
1513 161
1513 162
1513 163
1513 164
1513 165
1513 166
1513 167
1515 105
1515 106
1515 107
1515 108
1515 109
1515 110
1516 113
1516 114
1516 115
1516 116
1516 117
1516 118
1516 119
1516 120
1516 121
1516 122
1516 123
1516 124
1516 125
1516 126
1517 124
1517 125
1517 126
1517 127
1517 128
1517 129
1517 130
1517 131
1517 132
1517 133
1517 134
1517 135
1517 136
1517 137
1517 138
1517 139
1517 140
1518 137
1518 138
1518 139
1518 140
1518 141
1518 142
1518 143
1518 144
1518 145
1518 146
1518 147
1518 148
1518 149
1518 150
1518 151
1518 152
1519 151
1519 152
1519 153
1519 154
1519 155
1519 156
1519 157
1519 158
1519 159
1519 160
1519 161
1519 162
1519 163
1522 109
1522 110
1522 111
1522 112
1522 113
1522 114
1522 115
1522 116
1522 117
1522 118
1522 119
1522 120
1523 119
1523 120
1523 121
1523 122
1523 123
1523 124
1523 125
1523 126
1523 127
1523 128
1523 129
1523 130
1523 131
1523 132
1523 133
1523 134
1524 131
1524 132
1524 133
1524 134
1524 135
1524 136
1524 137
1524 138
1524 139
1524 140
1524 141
1524 142
1524 143
1524 144
1524 145
1524 146
1524 147
1525 145
1525 146
1525 147
1525 148
1525 149
1525 150
1525 151
1525 152
1525 153
1525 154
1525 155
1525 156
1525 157
1525 158
1525 159
1526 161
1526 162
1526 163
1526 164
1526 165
1526 166
1526 167
1526 168
1528 105
1528 106
1528 107
1528 108
1528 109
1528 110
1528 111
1528 112
1529 114
1529 115
1529 116
1529 117
1529 118
1529 119
1529 120
1529 121
1529 122
1529 123
1529 124
1529 125
1529 126
1529 127
1529 128
1530 126
1530 127
1530 128
1530 129
1530 130
1530 131
1530 132
1530 133
1530 134
1530 135
1530 136
1530 137
1530 138
1530 139
1530 140
1530 141
1530 142
1531 139
1531 140
1531 141
1531 142
1531 143
1531 144
1531 145
1531 146
1531 147
1531 148
1531 149
1531 150
1531 151
1531 152
1531 153
1531 154
1532 153
1532 154
1532 155
1532 156
1532 157
1532 158
1532 159
1532 160
1532 161
1532 162
1532 163
1532 164
1535 110
1535 111
1535 112
1535 113
1535 114
1535 115
1535 116
1535 117
1535 118
1535 119
1535 120
1535 121
1536 120
1536 121
1536 122
1536 123
1536 124
1536 125
1536 126
1536 127
1536 128
1536 129
1536 130
1536 131
1536 132
1536 133
1536 134
1536 135
1536 136
1537 133
1537 134
1537 135
1537 136
1537 137
1537 138
1537 139
1537 140
1537 141
1537 142
1537 143
1537 144
1537 145
1537 146
1537 147
1537 148
1538 147
1538 148
1538 149
1538 150
1538 151
1538 152
1538 153
1538 154
1538 155
1538 156
1538 157
1538 158
1538 159
1538 160
1539 163
1539 164
1539 165
1539 166
1539 167
1539 168
1541 106
1541 107
1541 108
1541 109
1541 110
1541 111
1541 112
1541 113
1541 114
1542 115
1542 116
1542 117
1542 118
1542 119
1542 120
1542 121
1542 122
1542 123
1542 124
1542 125
1542 126
1542 127
1542 128
1542 129
1542 130
1543 127
1543 128
1543 129
1543 130
1543 131
1543 132
1543 133
1543 134
1543 135
1543 136
1543 137
1543 138
1543 139
1543 140
1543 141
1543 142
1543 143
1544 140
1544 141
1544 142
1544 143
1544 144
1544 145
1544 146
1544 147
1544 148
1544 149
1544 150
1544 151
1544 152
1544 153
1544 154
1544 155
1545 155
1545 156
1545 157
1545 158
1545 159
1545 160
1545 161
1545 162
1545 163
1545 164
1545 165
1548 111
1548 112
1548 113
1548 114
1548 115
1548 116
1548 117
1548 118
1548 119
1548 120
1548 121
1548 122
1548 123
1549 122
1549 123
1549 124
1549 125
1549 126
1549 127
1549 128
1549 129
1549 130
1549 131
1549 132
1549 133
1549 134
1549 135
1549 136
1549 137
1550 134
1550 135
1550 136
1550 137
1550 138
1550 139
1550 140
1550 141
1550 142
1550 143
1550 144
1550 145
1550 146
1550 147
1550 148
1550 149
1550 150
1551 148
1551 149
1551 150
1551 151
1551 152
1551 153
1551 154
1551 155
1551 156
1551 157
1551 158
1551 159
1551 160
1551 161
1552 166
1552 167
1552 168
1554 107
1554 108
1554 109
1554 110
1554 111
1554 112
1554 113
1554 114
1554 115
1554 116
1555 117
1555 118
1555 119
1555 120
1555 121
1555 122
1555 123
1555 124
1555 125
1555 126
1555 127
1555 128
1555 129
1555 130
1555 131
1556 129
1556 130
1556 131
1556 132
1556 133
1556 134
1556 135
1556 136
1556 137
1556 138
1556 139
1556 140
1556 141
1556 142
1556 143
1556 144
1557 142
1557 143
1557 144
1557 145
1557 146
1557 147
1557 148
1557 149
1557 150
1557 151
1557 152
1557 153
1557 154
1557 155
1557 156
1558 157
1558 158
1558 159
1558 160
1558 161
1558 162
1558 163
1558 164
1558 165
1558 166
1560 105
1560 106
1560 107
1560 108
1561 112
1561 113
1561 114
1561 115
1561 116
1561 117
1561 118
1561 119
1561 120
1561 121
1561 122
1561 123
1561 124
1561 125
1562 123
1562 124
1562 125
1562 126
1562 127
1562 128
1562 129
1562 130
1562 131
1562 132
1562 133
1562 134
1562 135
1562 136
1562 137
1562 138
1562 139
1563 136
1563 137
1563 138
1563 139
1563 140
1563 141
1563 142
1563 143
1563 144
1563 145
1563 146
1563 147
1563 148
1563 149
1563 150
1563 151
1564 150
1564 151
1564 152
1564 153
1564 154
1564 155
1564 156
1564 157
1564 158
1564 159
1564 160
1564 161
1564 162
1567 108
1567 109
1567 110
1567 111
1567 112
1567 113
1567 114
1567 115
1567 116
1567 117
1567 118
1568 118
1568 119
1568 120
1568 121
1568 122
1568 123
1568 124
1568 125
1568 126
1568 127
1568 128
1568 129
1568 130
1568 131
1568 132
1568 133
1569 130
1569 131
1569 132
1569 133
1569 134
1569 135
1569 136
1569 137
1569 138
1569 139
1569 140
1569 141
1569 142
1569 143
1569 144
1569 145
1569 146
1570 144
1570 145
1570 146
1570 147
1570 148
1570 149
1570 150
1570 151
1570 152
1570 153
1570 154
1570 155
1570 156
1570 157
1571 159
1571 160
1571 161
1571 162
1571 163
1571 164
1571 165
1571 166
1571 167
1573 105
1573 106
1573 107
1573 108
1573 109
1573 110
1573 111
1574 114
1574 115
1574 116
1574 117
1574 118
1574 119
1574 120
1574 121
1574 122
1574 123
1574 124
1574 125
1574 126
1574 127
1575 125
1575 126
1575 127
1575 128
1575 129
1575 130
1575 131
1575 132
1575 133
1575 134
1575 135
1575 136
1575 137
1575 138
1575 139
1575 140
1576 138
1576 139
1576 140
1576 141
1576 142
1576 143
1576 144
1576 145
1576 146
1576 147
1576 148
1576 149
1576 150
1576 151
1576 152
1577 152
1577 153
1577 154
1577 155
1577 156
1577 157
1577 158
1577 159
1577 160
1577 161
1577 162
1577 163
1580 109
1580 110
1580 111
1580 112
1580 113
1580 114
1580 115
1580 116
1580 117
1580 118
1580 119
1580 120
1581 120
1581 121
1581 122
1581 123
1581 124
1581 125
1581 126
1581 127
1581 128
1581 129
1581 130
1581 131
1581 132
1581 133
1581 134
1582 132
1582 133
1582 134
1582 135
1582 136
1582 137
1582 138
1582 139
1582 140
1582 141
1582 142
1582 143
1582 144
1582 145
1582 146
1582 147
1583 146
1583 147
1583 148
1583 149
1583 150
1583 151
1583 152
1583 153
1583 154
1583 155
1583 156
1583 157
1583 158
1583 159
1584 162
1584 163
1584 164
1584 165
1584 166
1584 167
1586 106
1586 107
1586 108
1586 109
1586 110
1586 111
1586 112
1586 113
1587 115
1587 116
1587 117
1587 118
1587 119
1587 120
1587 121
1587 122
1587 123
1587 124
1587 125
1587 126
1587 127
1587 128
1588 127
1588 128
1588 129
1588 130
1588 131
1588 132
1588 133
1588 134
1588 135
1588 136
1588 137
1588 138
1588 139
1588 140
1588 141
1589 140
1589 141
1589 142
1589 143
1589 144
1589 145
1589 146
1589 147
1589 148
1589 149
1589 150
1589 151
1589 152
1589 153
1589 154
1590 154
1590 155
1590 156
1590 157
1590 158
1590 159
1590 160
1590 161
1590 162
1590 163
1590 164
1593 111
1593 112
1593 113
1593 114
1593 115
1593 116
1593 117
1593 118
1593 119
1593 120
1593 121
1593 122
1594 121
1594 122
1594 123
1594 124
1594 125
1594 126
1594 127
1594 128
1594 129
1594 130
1594 131
1594 132
1594 133
1594 134
1594 135
1594 136
1595 134
1595 135
1595 136
1595 137
1595 138
1595 139
1595 140
1595 141
1595 142
1595 143
1595 144
1595 145
1595 146
1595 147
1595 148
1596 148
1596 149
1596 150
1596 151
1596 152
1596 153
1596 154
1596 155
1596 156
1596 157
1596 158
1596 159
1596 160
1597 165
1597 166
1597 167
1599 107
1599 108
1599 109
1599 110
1599 111
1599 112
1599 113
1599 114
1599 115
1600 116
1600 117
1600 118
1600 119
1600 120
1600 121
1600 122
1600 123
1600 124
1600 125
1600 126
1600 127
1600 128
1600 129
1600 130
1601 128
1601 129
1601 130
1601 131
1601 132
1601 133
1601 134
1601 135
1601 136
1601 137
1601 138
1601 139
1601 140
1601 141
1601 142
1601 143
1602 141
1602 142
1602 143
1602 144
1602 145
1602 146
1602 147
1602 148
1602 149
1602 150
1602 151
1602 152
1602 153
1602 154
1602 155
1603 156
1603 157
1603 158
1603 159
1603 160
1603 161
1603 162
1603 163
1603 164
1603 165
1605 106
1606 112
1606 113
1606 114
1606 115
1606 116
1606 117
1606 118
1606 119
1606 120
1606 121
1606 122
1606 123
1607 123
1607 124
1607 125
1607 126
1607 127
1607 128
1607 129
1607 130
1607 131
1607 132
1607 133
1607 134
1607 135
1607 136
1607 137
1608 136
1608 137
1608 138
1608 139
1608 140
1608 141
1608 142
1608 143
1608 144
1608 145
1608 146
1608 147
1608 148
1608 149
1608 150
1609 150
1609 151
1609 152
1609 153
1609 154
1609 155
1609 156
1609 157
1609 158
1609 159
1609 160
1609 161
1612 108
1612 109
1612 110
1612 111
1612 112
1612 113
1612 114
1612 115
1612 116
1612 117
1613 118
1613 119
1613 120
1613 121
1613 122
1613 123
1613 124
1613 125
1613 126
1613 127
1613 128
1613 129
1613 130
1613 131
1614 130
1614 131
1614 132
1614 133
1614 134
1614 135
1614 136
1614 137
1614 138
1614 139
1614 140
1614 141
1614 142
1614 143
1614 144
1615 143
1615 144
1615 145
1615 146
1615 147
1615 148
1615 149
1615 150
1615 151
1615 152
1615 153
1615 154
1615 155
1615 156
1616 159
1616 160
1616 161
1616 162
1616 163
1616 164
1616 165
1618 105
1618 106
1618 107
1618 108
1618 109
1619 113
1619 114
1619 115
1619 116
1619 117
1619 118
1619 119
1619 120
1619 121
1619 122
1619 123
1619 124
1619 125
1620 125
1620 126
1620 127
1620 128
1620 129
1620 130
1620 131
1620 132
1620 133
1620 134
1620 135
1620 136
1620 137
1620 138
1621 137
1621 138
1621 139
1621 140
1621 141
1621 142
1621 143
1621 144
1621 145
1621 146
1621 147
1621 148
1621 149
1621 150
1621 151
1622 152
1622 153
1622 154
1622 155
1622 156
1622 157
1622 158
1622 159
1622 160
1622 161
1625 109
1625 110
1625 111
1625 112
1625 113
1625 114
1625 115
1625 116
1625 117
1625 118
1626 120
1626 121
1626 122
1626 123
1626 124
1626 125
1626 126
1626 127
1626 128
1626 129
1626 130
1626 131
1626 132
1626 133
1627 132
1627 133
1627 134
1627 135
1627 136
1627 137
1627 138
1627 139
1627 140
1627 141
1627 142
1627 143
1627 144
1627 145
1628 145
1628 146
1628 147
1628 148
1628 149
1628 150
1628 151
1628 152
1628 153
1628 154
1628 155
1628 156
1628 157
1629 161
1629 162
1629 163
1629 164
1629 165
1629 166
1631 106
1631 107
1631 108
1631 109
1631 110
1631 111
1632 115
1632 116
1632 117
1632 118
1632 119
1632 120
1632 121
1632 122
1632 123
1632 124
1632 125
1632 126
1633 127
1633 128
1633 129
1633 130
1633 131
1633 132
1633 133
1633 134
1633 135
1633 136
1633 137
1633 138
1633 139
1633 140
1634 139
1634 140
1634 141
1634 142
1634 143
1634 144
1634 145
1634 146
1634 147
1634 148
1634 149
1634 150
1634 151
1634 152
1635 154
1635 155
1635 156
1635 157
1635 158
1635 159
1635 160
1635 161
1635 162
1638 111
1638 112
1638 113
1638 114
1638 115
1638 116
1638 117
1638 118
1638 119
1638 120
1639 121
1639 122
1639 123
1639 124
1639 125
1639 126
1639 127
1639 128
1639 129
1639 130
1639 131
1639 132
1639 133
1639 134
1640 134
1640 135
1640 136
1640 137
1640 138
1640 139
1640 140
1640 141
1640 142
1640 143
1640 144
1640 145
1640 146
1640 147
1641 147
1641 148
1641 149
1641 150
1641 151
1641 152
1641 153
1641 154
1641 155
1641 156
1641 157
1641 158
1644 107
1644 108
1644 109
1644 110
1644 111
1644 112
1644 113
1645 117
1645 118
1645 119
1645 120
1645 121
1645 122
1645 123
1645 124
1645 125
1645 126
1645 127
1645 128
1646 128
1646 129
1646 130
1646 131
1646 132
1646 133
1646 134
1646 135
1646 136
1646 137
1646 138
1646 139
1646 140
1646 141
1647 141
1647 142
1647 143
1647 144
1647 145
1647 146
1647 147
1647 148
1647 149
1647 150
1647 151
1647 152
1647 153
1648 156
1648 157
1648 158
1648 159
1648 160
1648 161
1648 162
1648 163
1651 112
1651 113
1651 114
1651 115
1651 116
1651 117
1651 118
1651 119
1651 120
1651 121
1651 122
1652 123
1652 124
1652 125
1652 126
1652 127
1652 128
1652 129
1652 130
1652 131
1652 132
1652 133
1652 134
1652 135
1653 136
1653 137
1653 138
1653 139
1653 140
1653 141
1653 142
1653 143
1653 144
1653 145
1653 146
1653 147
1653 148
1654 150
1654 151
1654 152
1654 153
1654 154
1654 155
1654 156
1654 157
1654 158
1654 159
1657 109
1657 110
1657 111
1657 112
1657 113
1657 114
1657 115
1658 118
1658 119
1658 120
1658 121
1658 122
1658 123
1658 124
1658 125
1658 126
1658 127
1658 128
1658 129
1659 130
1659 131
1659 132
1659 133
1659 134
1659 135
1659 136
1659 137
1659 138
1659 139
1659 140
1659 141
1659 142
1660 144
1660 145
1660 146
1660 147
1660 148
1660 149
1660 150
1660 151
1660 152
1660 153
1660 154
1661 159
1661 160
1661 161
1661 162
1661 163
1664 114
1664 115
1664 116
1664 117
1664 118
1664 119
1664 120
1664 121
1664 122
1664 123
1665 125
1665 126
1665 127
1665 128
1665 129
1665 130
1665 131
1665 132
1665 133
1665 134
1665 135
1665 136
1665 137
1666 138
1666 139
1666 140
1666 141
1666 142
1666 143
1666 144
1666 145
1666 146
1666 147
1666 148
1666 149
1667 152
1667 153
1667 154
1667 155
1667 156
1667 157
1667 158
1667 159
1670 110
1670 111
1670 112
1670 113
1670 114
1670 115
1670 116
1671 120
1671 121
1671 122
1671 123
1671 124
1671 125
1671 126
1671 127
1671 128
1671 129
1671 130
1671 131
1672 132
1672 133
1672 134
1672 135
1672 136
1672 137
1672 138
1672 139
1672 140
1672 141
1672 142
1672 143
1672 144
1673 146
1673 147
1673 148
1673 149
1673 150
1673 151
1673 152
1673 153
1673 154
1673 155
1677 116
1677 117
1677 118
1677 119
1677 120
1677 121
1677 122
1677 123
1677 124
1678 127
1678 128
1678 129
1678 130
1678 131
1678 132
1678 133
1678 134
1678 135
1678 136
1678 137
1678 138
1679 140
1679 141
1679 142
1679 143
1679 144
1679 145
1679 146
1679 147
1679 148
1679 149
1679 150
1680 155
1680 156
1680 157
1680 158
1680 159
1680 160
1683 112
1683 113
1683 114
1683 115
1683 116
1683 117
1683 118
1684 122
1684 123
1684 124
1684 125
1684 126
1684 127
1684 128
1684 129
1684 130
1684 131
1684 132
1685 134
1685 135
1685 136
1685 137
1685 138
1685 139
1685 140
1685 141
1685 142
1685 143
1685 144
1685 145
1686 148
1686 149
1686 150
1686 151
1686 152
1686 153
1686 154
1686 155
1686 156
1690 118
1690 119
1690 120
1690 121
1690 122
1690 123
1690 124
1690 125
1690 126
1691 129
1691 130
1691 131
1691 132
1691 133
1691 134
1691 135
1691 136
1691 137
1691 138
1691 139
1692 142
1692 143
1692 144
1692 145
1692 146
1692 147
1692 148
1692 149
1692 150
1692 151
1696 114
1696 115
1696 116
1696 117
1696 118
1696 119
1697 124
1697 125
1697 126
1697 127
1697 128
1697 129
1697 130
1697 131
1697 132
1697 133
1698 137
1698 138
1698 139
1698 140
1698 141
1698 142
1698 143
1698 144
1698 145
1698 146
1699 151
1699 152
1699 153
1699 154
1699 155
1699 156
1703 119
1703 120
1703 121
1703 122
1703 123
1703 124
1703 125
1703 126
1703 127
1704 131
1704 132
1704 133
1704 134
1704 135
1704 136
1704 137
1704 138
1704 139
1704 140
1705 145
1705 146
1705 147
1705 148
1705 149
1705 150
1705 151
1705 152
1709 115
1709 116
1709 117
1709 118
1709 119
1709 120
1710 126
1710 127
1710 128
1710 129
1710 130
1710 131
1710 132
1710 133
1710 134
1711 139
1711 140
1711 141
1711 142
1711 143
1711 144
1711 145
1711 146
1711 147
1712 155
1716 122
1716 123
1716 124
1716 125
1716 126
1716 127
1716 128
1717 134
1717 135
1717 136
1717 137
1717 138
1717 139
1717 140
1717 141
1718 148
1718 149
1718 150
1718 151
1718 152
1722 118
1722 119
1722 120
1722 121
1722 122
1723 128
1723 129
1723 130
1723 131
1723 132
1723 133
1723 134
1723 135
1723 136
1724 142
1724 143
1724 144
1724 145
1724 146
1724 147
1729 124
1729 125
1729 126
1729 127
1729 128
1729 129
1730 136
1730 137
1730 138
1730 139
1730 140
1730 141
1730 142
1735 120
1735 121
1735 122
1735 123
1736 131
1736 132
1736 133
1736 134
1736 135
1736 136
1737 145
1737 146
1737 147
1742 126
1742 127
1742 128
1742 129
1742 130
1743 139
1743 140
1743 141
1743 142
1743 143
1749 134
1749 135
1749 136
1749 137
1755 129
1755 130
1755 131
3850 150
3850 151
3850 152
3850 153
3856 144
3856 145
3856 146
3856 147
3857 157
3857 158
3857 159
3857 160
3863 150
3863 151
3863 152
3863 153
3863 154
3863 155
3869 144
3869 145
3869 146
3869 147
3869 148
3869 149
3869 150
3870 158
3870 159
3870 160
3870 161
3870 162
3870 163
3875 139
3875 140
3875 141
3875 142
3875 143
3876 151
3876 152
3876 153
3876 154
3876 155
3876 156
3876 157
3876 158
3881 135
3882 145
3882 146
3882 147
3882 148
3882 149
3882 150
3882 151
3882 152
3883 159
3883 160
3883 161
3883 162
3883 163
3883 164
3883 165
3888 139
3888 140
3888 141
3888 142
3888 143
3888 144
3888 145
3888 146
3889 152
3889 153
3889 154
3889 155
3889 156
3889 157
3889 158
3889 159
3889 160
3890 169
3890 170
3894 134
3894 135
3894 136
3894 137
3894 138
3894 139
3895 146
3895 147
3895 148
3895 149
3895 150
3895 151
3895 152
3895 153
3895 154
3896 161
3896 162
3896 163
3896 164
3896 165
3896 166
3896 167
3901 140
3901 141
3901 142
3901 143
3901 144
3901 145
3901 146
3901 147
3901 148
3902 154
3902 155
3902 156
3902 157
3902 158
3902 159
3902 160
3902 161
3902 162
3903 171
3907 135
3907 136
3907 137
3907 138
3907 139
3907 140
3907 141
3907 142
3908 147
3908 148
3908 149
3908 150
3908 151
3908 152
3908 153
3908 154
3908 155
3908 156
3909 162
3909 163
3909 164
3909 165
3909 166
3909 167
3909 168
3913 131
3913 132
3913 133
3913 134
3914 141
3914 142
3914 143
3914 144
3914 145
3914 146
3914 147
3914 148
3914 149
3914 150
3914 151
3915 155
3915 156
3915 157
3915 158
3915 159
3915 160
3915 161
3915 162
3915 163
3915 164
3920 136
3920 137
3920 138
3920 139
3920 140
3920 141
3920 142
3920 143
3920 144
3921 149
3921 150
3921 151
3921 152
3921 153
3921 154
3921 155
3921 156
3921 157
3921 158
3922 163
3922 164
3922 165
3922 166
3922 167
3922 168
3922 169
3922 170
3926 131
3926 132
3926 133
3926 134
3926 135
3926 136
3926 137
3927 143
3927 144
3927 145
3927 146
3927 147
3927 148
3927 149
3927 150
3927 151
3927 152
3927 153
3928 157
3928 158
3928 159
3928 160
3928 161
3928 162
3928 163
3928 164
3928 165
3933 137
3933 138
3933 139
3933 140
3933 141
3933 142
3933 143
3933 144
3933 145
3933 146
3933 147
3934 150
3934 151
3934 152
3934 153
3934 154
3934 155
3934 156
3934 157
3934 158
3934 159
3934 160
3935 165
3935 166
3935 167
3935 168
3935 169
3935 170
3935 171
3939 132
3939 133
3939 134
3939 135
3939 136
3939 137
3939 138
3939 139
3939 140
3940 144
3940 145
3940 146
3940 147
3940 148
3940 149
3940 150
3940 151
3940 152
3940 153
3940 154
3940 155
3941 158
3941 159
3941 160
3941 161
3941 162
3941 163
3941 164
3941 165
3941 166
3941 167
3945 128
3945 129
3945 130
3945 131
3945 132
3946 138
3946 139
3946 140
3946 141
3946 142
3946 143
3946 144
3946 145
3946 146
3946 147
3946 148
3946 149
3947 152
3947 153
3947 154
3947 155
3947 156
3947 157
3947 158
3947 159
3947 160
3947 161
3947 162
3948 167
3948 168
3948 169
3948 170
3948 171
3948 172
3952 133
3952 134
3952 135
3952 136
3952 137
3952 138
3952 139
3952 140
3952 141
3952 142
3953 145
3953 146
3953 147
3953 148
3953 149
3953 150
3953 151
3953 152
3953 153
3953 154
3953 155
3953 156
3954 160
3954 161
3954 162
3954 163
3954 164
3954 165
3954 166
3954 167
3954 168
3958 129
3958 130
3958 131
3958 132
3958 133
3958 134
3958 135
3959 140
3959 141
3959 142
3959 143
3959 144
3959 145
3959 146
3959 147
3959 148
3959 149
3959 150
3959 151
3960 153
3960 154
3960 155
3960 156
3960 157
3960 158
3960 159
3960 160
3960 161
3960 162
3960 163
3961 169
3961 170
3961 171
3961 172
3961 173
3965 134
3965 135
3965 136
3965 137
3965 138
3965 139
3965 140
3965 141
3965 142
3965 143
3965 144
3966 147
3966 148
3966 149
3966 150
3966 151
3966 152
3966 153
3966 154
3966 155
3966 156
3966 157
3966 158
3967 161
3967 162
3967 163
3967 164
3967 165
3967 166
3967 167
3967 168
3967 169
3971 129
3971 130
3971 131
3971 132
3971 133
3971 134
3971 135
3971 136
3971 137
3971 138
3972 141
3972 142
3972 143
3972 144
3972 145
3972 146
3972 147
3972 148
3972 149
3972 150
3972 151
3972 152
3973 155
3973 156
3973 157
3973 158
3973 159
3973 160
3973 161
3973 162
3973 163
3973 164
3973 165
3974 171
3974 172
3974 173
3977 126
3977 127
3977 128
3977 129
3977 130
3978 136
3978 137
3978 138
3978 139
3978 140
3978 141
3978 142
3978 143
3978 144
3978 145
3978 146
3979 148
3979 149
3979 150
3979 151
3979 152
3979 153
3979 154
3979 155
3979 156
3979 157
3979 158
3979 159
3979 160
3980 163
3980 164
3980 165
3980 166
3980 167
3980 168
3980 169
3980 170
3984 131
3984 132
3984 133
3984 134
3984 135
3984 136
3984 137
3984 138
3984 139
3984 140
3985 143
3985 144
3985 145
3985 146
3985 147
3985 148
3985 149
3985 150
3985 151
3985 152
3985 153
3985 154
3986 156
3986 157
3986 158
3986 159
3986 160
3986 161
3986 162
3986 163
3986 164
3986 165
3986 166
3990 126
3990 127
3990 128
3990 129
3990 130
3990 131
3990 132
3991 137
3991 138
3991 139
3991 140
3991 141
3991 142
3991 143
3991 144
3991 145
3991 146
3991 147
3991 148
3992 150
3992 151
3992 152
3992 153
3992 154
3992 155
3992 156
3992 157
3992 158
3992 159
3992 160
3992 161
3993 165
3993 166
3993 167
3993 168
3993 169
3993 170
3993 171
3997 132
3997 133
3997 134
3997 135
3997 136
3997 137
3997 138
3997 139
3997 140
3997 141
3997 142
3998 144
3998 145
3998 146
3998 147
3998 148
3998 149
3998 150
3998 151
3998 152
3998 153
3998 154
3998 155
3998 156
3999 158
3999 159
3999 160
3999 161
3999 162
3999 163
3999 164
3999 165
3999 166
3999 167
4003 127
4003 128
4003 129
4003 130
4003 131
4003 132
4003 133
4003 134
4003 135
4004 138
4004 139
4004 140
4004 141
4004 142
4004 143
4004 144
4004 145
4004 146
4004 147
4004 148
4004 149
4004 150
4005 152
4005 153
4005 154
4005 155
4005 156
4005 157
4005 158
4005 159
4005 160
4005 161
4005 162
4006 167
4006 168
4006 169
4006 170
4006 171
4006 172
4009 125
4010 133
4010 134
4010 135
4010 136
4010 137
4010 138
4010 139
4010 140
4010 141
4010 142
4010 143
4010 144
4011 146
4011 147
4011 148
4011 149
4011 150
4011 151
4011 152
4011 153
4011 154
4011 155
4011 156
4011 157
4012 160
4012 161
4012 162
4012 163
4012 164
4012 165
4012 166
4012 167
4012 168
4016 128
4016 129
4016 130
4016 131
4016 132
4016 133
4016 134
4016 135
4016 136
4016 137
4017 140
4017 141
4017 142
4017 143
4017 144
4017 145
4017 146
4017 147
4017 148
4017 149
4017 150
4017 151
4018 153
4018 154
4018 155
4018 156
4018 157
4018 158
4018 159
4018 160
4018 161
4018 162
4018 163
4018 164
4019 170
4019 171
4019 172
4022 125
4022 126
4022 127
4022 128
4022 129
4023 135
4023 136
4023 137
4023 138
4023 139
4023 140
4023 141
4023 142
4023 143
4023 144
4023 145
4024 147
4024 148
4024 149
4024 150
4024 151
4024 152
4024 153
4024 154
4024 155
4024 156
4024 157
4024 158
4025 162
4025 163
4025 164
4025 165
4025 166
4025 167
4025 168
4025 169
4029 130
4029 131
4029 132
4029 133
4029 134
4029 135
4029 136
4029 137
4029 138
4029 139
4030 142
4030 143
4030 144
4030 145
4030 146
4030 147
4030 148
4030 149
4030 150
4030 151
4030 152
4030 153
4031 155
4031 156
4031 157
4031 158
4031 159
4031 160
4031 161
4031 162
4031 163
4031 164
4031 165
4035 126
4035 127
4035 128
4035 129
4035 130
4035 131
4036 136
4036 137
4036 138
4036 139
4036 140
4036 141
4036 142
4036 143
4036 144
4036 145
4036 146
4036 147
4037 149
4037 150
4037 151
4037 152
4037 153
4037 154
4037 155
4037 156
4037 157
4037 158
4037 159
4037 160
4038 164
4038 165
4038 166
4038 167
4038 168
4038 169
4038 170
4042 131
4042 132
4042 133
4042 134
4042 135
4042 136
4042 137
4042 138
4042 139
4042 140
4042 141
4043 143
4043 144
4043 145
4043 146
4043 147
4043 148
4043 149
4043 150
4043 151
4043 152
4043 153
4043 154
4044 157
4044 158
4044 159
4044 160
4044 161
4044 162
4044 163
4044 164
4044 165
4044 166
4048 127
4048 128
4048 129
4048 130
4048 131
4048 132
4048 133
4048 134
4049 138
4049 139
4049 140
4049 141
4049 142
4049 143
4049 144
4049 145
4049 146
4049 147
4049 148
4050 151
4050 152
4050 153
4050 154
4050 155
4050 156
4050 157
4050 158
4050 159
4050 160
4050 161
4051 167
4051 168
4051 169
4051 170
4055 133
4055 134
4055 135
4055 136
4055 137
4055 138
4055 139
4055 140
4055 141
4055 142
4056 145
4056 146
4056 147
4056 148
4056 149
4056 150
4056 151
4056 152
4056 153
4056 154
4056 155
4056 156
4057 159
4057 160
4057 161
4057 162
4057 163
4057 164
4057 165
4057 166
4061 128
4061 129
4061 130
4061 131
4061 132
4061 133
4061 134
4061 135
4062 139
4062 140
4062 141
4062 142
4062 143
4062 144
4062 145
4062 146
4062 147
4062 148
4062 149
4062 150
4063 153
4063 154
4063 155
4063 156
4063 157
4063 158
4063 159
4063 160
4063 161
4063 162
4067 126
4068 134
4068 135
4068 136
4068 137
4068 138
4068 139
4068 140
4068 141
4068 142
4068 143
4068 144
4069 147
4069 148
4069 149
4069 150
4069 151
4069 152
4069 153
4069 154
4069 155
4069 156
4069 157
4070 161
4070 162
4070 163
4070 164
4070 165
4070 166
4070 167
4074 130
4074 131
4074 132
4074 133
4074 134
4074 135
4074 136
4074 137
4075 141
4075 142
4075 143
4075 144
4075 145
4075 146
4075 147
4075 148
4075 149
4075 150
4075 151
4076 155
4076 156
4076 157
4076 158
4076 159
4076 160
4076 161
4076 162
4080 127
4080 128
4080 129
4081 136
4081 137
4081 138
4081 139
4081 140
4081 141
4081 142
4081 143
4081 144
4081 145
4082 149
4082 150
4082 151
4082 152
4082 153
4082 154
4082 155
4082 156
4082 157
4082 158
4083 164
4083 165
4083 166
4087 131
4087 132
4087 133
4087 134
4087 135
4087 136
4087 137
4087 138
4087 139
4088 143
4088 144
4088 145
4088 146
4088 147
4088 148
4088 149
4088 150
4088 151
4088 152
4089 157
4089 158
4089 159
4089 160
4089 161
4089 162
4089 163
4093 128
4093 129
4093 130
4093 131
4094 138
4094 139
4094 140
4094 141
4094 142
4094 143
4094 144
4094 145
4094 146
4095 151
4095 152
4095 153
4095 154
4095 155
4095 156
4095 157
4095 158
4100 133
4100 134
4100 135
4100 136
4100 137
4100 138
4100 139
4100 140
4101 145
4101 146
4101 147
4101 148
4101 149
4101 150
4101 151
4101 152
4101 153
4102 159
4102 160
4102 161
4102 162
4102 163
4106 129
4106 130
4106 131
4106 132
4106 133
4107 139
4107 140
4107 141
4107 142
4107 143
4107 144
4107 145
4107 146
4107 147
4107 148
4108 153
4108 154
4108 155
4108 156
4108 157
4108 158
4108 159
4113 135
4113 136
4113 137
4113 138
4113 139
4113 140
4113 141
4114 147
4114 148
4114 149
4114 150
4114 151
4114 152
4114 153
4114 154
4119 131
4119 132
4119 133
4119 134
4120 141
4120 142
4120 143
4120 144
4120 145
4120 146
4120 147
4120 148
4121 155
4121 156
4121 157
4121 158
4121 159
4126 137
4126 138
4126 139
4126 140
4126 141
4126 142
4127 149
4127 150
4127 151
4127 152
4127 153
4127 154
4132 133
4132 134
4132 135
4133 144
4133 145
4133 146
4133 147
4133 148
4133 149
4139 139
4139 140
4139 141
4139 142
4139 143
4140 152
4140 153
4140 154
4146 147
4146 148
4146 149
