2607 105
2607 106
2607 107
2618 97
2618 98
2618 99
2618 100
2618 101
2618 102
2619 104
2619 105
2619 106
2619 107
2619 108
2619 109
2619 110
2620 113
2620 114
2620 115
2620 116
2620 117
2629 92
2629 93
2629 94
2629 95
2630 97
2630 98
2630 99
2630 100
2630 101
2630 102
2630 103
2630 104
2631 104
2631 105
2631 106
2631 107
2631 108
2631 109
2631 110
2631 111
2631 112
2632 113
2632 114
2632 115
2632 116
2632 117
2632 118
2632 119
2641 91
2641 92
2641 93
2641 94
2641 95
2641 96
2641 97
2641 98
2642 97
2642 98
2642 99
2642 100
2642 101
2642 102
2642 103
2642 104
2642 105
2642 106
2643 105
2643 106
2643 107
2643 108
2643 109
2643 110
2643 111
2643 112
2643 113
2643 114
2644 113
2644 114
2644 115
2644 116
2644 117
2644 118
2644 119
2644 120
2644 121
2645 125
2652 87
2652 88
2652 89
2653 91
2653 92
2653 93
2653 94
2653 95
2653 96
2653 97
2653 98
2653 99
2653 100
2654 98
2654 99
2654 100
2654 101
2654 102
2654 103
2654 104
2654 105
2654 106
2654 107
2654 108
2655 105
2655 106
2655 107
2655 108
2655 109
2655 110
2655 111
2655 112
2655 113
2655 114
2655 115
2655 116
2656 114
2656 115
2656 116
2656 117
2656 118
2656 119
2656 120
2656 121
2656 122
2656 123
2657 125
2657 126
2657 127
2664 86
2664 87
2664 88
2664 89
2664 90
2664 91
2664 92
2665 92
2665 93
2665 94
2665 95
2665 96
2665 97
2665 98
2665 99
2665 100
2665 101
2665 102
2666 99
2666 100
2666 101
2666 102
2666 103
2666 104
2666 105
2666 106
2666 107
2666 108
2666 109
2666 110
2667 106
2667 107
2667 108
2667 109
2667 110
2667 111
2667 112
2667 113
2667 114
2667 115
2667 116
2667 117
2668 115
2668 116
2668 117
2668 118
2668 119
2668 120
2668 121
2668 122
2668 123
2668 124
2669 126
2669 127
2669 128
2669 129
2676 86
2676 87
2676 88
2676 89
2676 90
2676 91
2676 92
2676 93
2676 94
2677 92
2677 93
2677 94
2677 95
2677 96
2677 97
2677 98
2677 99
2677 100
2677 101
2677 102
2677 103
2678 99
2678 100
2678 101
2678 102
2678 103
2678 104
2678 105
2678 106
2678 107
2678 108
2678 109
2678 110
2678 111
2679 107
2679 108
2679 109
2679 110
2679 111
2679 112
2679 113
2679 114
2679 115
2679 116
2679 117
2679 118
2679 119
2680 116
2680 117
2680 118
2680 119
2680 120
2680 121
2680 122
2680 123
2680 124
2680 125
2681 128
2681 129
2681 130
2688 87
2688 88
2688 89
2688 90
2688 91
2688 92
2688 93
2688 94
2688 95
2688 96
2689 93
2689 94
2689 95
2689 96
2689 97
2689 98
2689 99
2689 100
2689 101
2689 102
2689 103
2689 104
2689 105
2690 100
2690 101
2690 102
2690 103
2690 104
2690 105
2690 106
2690 107
2690 108
2690 109
2690 110
2690 111
2690 112
2690 113
2691 109
2691 110
2691 111
2691 112
2691 113
2691 114
2691 115
2691 116
2691 117
2691 118
2691 119
2691 120
2692 118
2692 119
2692 120
2692 121
2692 122
2692 123
2692 124
2692 125
2692 126
2692 127
2693 130
2699 83
2699 84
2699 85
2699 86
2699 87
2700 87
2700 88
2700 89
2700 90
2700 91
2700 92
2700 93
2700 94
2700 95
2700 96
2700 97
2700 98
2701 94
2701 95
2701 96
2701 97
2701 98
2701 99
2701 100
2701 101
2701 102
2701 103
2701 104
2701 105
2701 106
2702 102
2702 103
2702 104
2702 105
2702 106
2702 107
2702 108
2702 109
2702 110
2702 111
2702 112
2702 113
2702 114
2703 110
2703 111
2703 112
2703 113
2703 114
2703 115
2703 116
2703 117
2703 118
2703 119
2703 120
2703 121
2704 119
2704 120
2704 121
2704 122
2704 123
2704 124
2704 125
2704 126
2704 127
2704 128
2711 83
2711 84
2711 85
2711 86
2711 87
2711 88
2711 89
2712 88
2712 89
2712 90
2712 91
2712 92
2712 93
2712 94
2712 95
2712 96
2712 97
2712 98
2712 99
2713 95
2713 96
2713 97
2713 98
2713 99
2713 100
2713 101
2713 102
2713 103
2713 104
2713 105
2713 106
2713 107
2713 108
2714 103
2714 104
2714 105
2714 106
2714 107
2714 108
2714 109
2714 110
2714 111
2714 112
2714 113
2714 114
2714 115
2715 111
2715 112
2715 113
2715 114
2715 115
2715 116
2715 117
2715 118
2715 119
2715 120
2715 121
2715 122
2715 123
2716 121
2716 122
2716 123
2716 124
2716 125
2716 126
2716 127
2716 128
2716 129
2723 83
2723 84
2723 85
2723 86
2723 87
2723 88
2723 89
2723 90
2723 91
2724 89
2724 90
2724 91
2724 92
2724 93
2724 94
2724 95
2724 96
2724 97
2724 98
2724 99
2724 100
2724 101
2725 96
2725 97
2725 98
2725 99
2725 100
2725 101
2725 102
2725 103
2725 104
2725 105
2725 106
2725 107
2725 108
2725 109
2726 104
2726 105
2726 106
2726 107
2726 108
2726 109
2726 110
2726 111
2726 112
2726 113
2726 114
2726 115
2726 116
2726 117
2727 113
2727 114
2727 115
2727 116
2727 117
2727 118
2727 119
2727 120
2727 121
2727 122
2727 123
2727 124
2728 123
2728 124
2728 125
2728 126
2728 127
2728 128
2728 129
2728 130
2735 84
2735 85
2735 86
2735 87
2735 88
2735 89
2735 90
2735 91
2735 92
2735 93
2736 90
2736 91
2736 92
2736 93
2736 94
2736 95
2736 96
2736 97
2736 98
2736 99
2736 100
2736 101
2736 102
2737 98
2737 99
2737 100
2737 101
2737 102
2737 103
2737 104
2737 105
2737 106
2737 107
2737 108
2737 109
2737 110
2738 106
2738 107
2738 108
2738 109
2738 110
2738 111
2738 112
2738 113
2738 114
2738 115
2738 116
2738 117
2738 118
2739 115
2739 116
2739 117
2739 118
2739 119
2739 120
2739 121
2739 122
2739 123
2739 124
2739 125
2740 125
2740 126
2740 127
2740 128
2740 129
2740 130
2747 85
2747 86
2747 87
2747 88
2747 89
2747 90
2747 91
2747 92
2747 93
2747 94
2748 91
2748 92
2748 93
2748 94
2748 95
2748 96
2748 97
2748 98
2748 99
2748 100
2748 101
2748 102
2748 103
2749 99
2749 100
2749 101
2749 102
2749 103
2749 104
2749 105
2749 106
2749 107
2749 108
2749 109
2749 110
2749 111
2750 107
2750 108
2750 109
2750 110
2750 111
2750 112
2750 113
2750 114
2750 115
2750 116
2750 117
2750 118
2750 119
2751 117
2751 118
2751 119
2751 120
2751 121
2751 122
2751 123
2751 124
2751 125
2751 126
2752 129
2759 86
2759 87
2759 88
2759 89
2759 90
2759 91
2759 92
2759 93
2759 94
2759 95
2760 93
2760 94
2760 95
2760 96
2760 97
2760 98
2760 99
2760 100
2760 101
2760 102
2760 103
2760 104
2761 100
2761 101
2761 102
2761 103
2761 104
2761 105
2761 106
2761 107
2761 108
2761 109
2761 110
2761 111
2761 112
2761 113
2762 109
2762 110
2762 111
2762 112
2762 113
2762 114
2762 115
2762 116
2762 117
2762 118
2762 119
2762 120
2763 119
2763 120
2763 121
2763 122
2763 123
2763 124
2763 125
2763 126
2770 83
2770 84
2771 87
2771 88
2771 89
2771 90
2771 91
2771 92
2771 93
2771 94
2771 95
2771 96
2772 94
2772 95
2772 96
2772 97
2772 98
2772 99
2772 100
2772 101
2772 102
2772 103
2772 104
2772 105
2773 102
2773 103
2773 104
2773 105
2773 106
2773 107
2773 108
2773 109
2773 110
2773 111
2773 112
2773 113
2774 111
2774 112
2774 113
2774 114
2774 115
2774 116
2774 117
2774 118
2774 119
2774 120
2774 121
2775 122
2775 123
2775 124
2775 125
2775 126
2782 84
2782 85
2782 86
2783 89
2783 90
2783 91
2783 92
2783 93
2783 94
2783 95
2783 96
2783 97
2784 96
2784 97
2784 98
2784 99
2784 100
2784 101
2784 102
2784 103
2784 104
2784 105
2784 106
2785 104
2785 105
2785 106
2785 107
2785 108
2785 109
2785 110
2785 111
2785 112
2785 113
2785 114
2786 113
2786 114
2786 115
2786 116
2786 117
2786 118
2786 119
2786 120
2786 121
2795 90
2795 91
2795 92
2795 93
2795 94
2795 95
2795 96
2795 97
2795 98
2796 98
2796 99
2796 100
2796 101
2796 102
2796 103
2796 104
2796 105
2796 106
2796 107
2797 106
2797 107
2797 108
2797 109
2797 110
2797 111
2797 112
2797 113
2797 114
2797 115
2798 116
2798 117
2798 118
2798 119
2798 120
2798 121
2807 93
2807 94
2807 95
2807 96
2807 97
2807 98
2807 99
2808 100
2808 101
2808 102
2808 103
2808 104
2808 105
2808 106
2808 107
2808 108
2809 109
2809 110
2809 111
2809 112
2809 113
2809 114
2809 115
2819 95
2819 96
2819 97
2819 98
2819 99
2820 103
2820 104
2820 105
2820 106
2820 107
2820 108
3855 152
3855 153
3855 154
3866 146
3866 147
3866 148
3866 149
3867 152
3867 153
3867 154
3867 155
3867 156
3868 161
3868 162
3877 141
3877 142
3878 146
3878 147
3878 148
3878 149
3878 150
3878 151
3879 153
3879 154
3879 155
3879 156
3879 157
3879 158
3880 162
3880 163
3880 164
3889 141
3889 142
3889 143
3889 144
3889 145
3890 147
3890 148
3890 149
3890 150
3890 151
3890 152
3890 153
3891 154
3891 155
3891 156
3891 157
3891 158
3891 159
3891 160
3892 163
3892 164
3892 165
3901 142
3901 143
3901 144
3901 145
3901 146
3901 147
3902 148
3902 149
3902 150
3902 151
3902 152
3902 153
3902 154
3903 155
3903 156
3903 157
3903 158
3903 159
3903 160
3903 161
3904 164
3904 165
3904 166
3904 167
3912 138
3912 139
3912 140
3913 143
3913 144
3913 145
3913 146
3913 147
3913 148
3914 149
3914 150
3914 151
3914 152
3914 153
3914 154
3914 155
3914 156
3915 157
3915 158
3915 159
3915 160
3915 161
3915 162
3916 166
3916 167
3924 138
3924 139
3924 140
3924 141
3924 142
3925 144
3925 145
3925 146
3925 147
3925 148
3925 149
3925 150
3926 150
3926 151
3926 152
3926 153
3926 154
3926 155
3926 156
3926 157
3927 158
3927 159
3927 160
3927 161
3927 162
3927 163
3927 164
3936 139
3936 140
3936 141
3936 142
3936 143
3936 144
3937 145
3937 146
3937 147
3937 148
3937 149
3937 150
3937 151
3938 152
3938 153
3938 154
3938 155
3938 156
3938 157
3938 158
3938 159
3939 160
3939 161
3939 162
3939 163
3939 164
3939 165
3947 136
3948 140
3948 141
3948 142
3948 143
3948 144
3948 145
3949 146
3949 147
3949 148
3949 149
3949 150
3949 151
3949 152
3949 153
3950 153
3950 154
3950 155
3950 156
3950 157
3950 158
3950 159
3950 160
3951 161
3951 162
3951 163
3951 164
3951 165
3951 166
3959 136
3959 137
3959 138
3959 139
3960 141
3960 142
3960 143
3960 144
3960 145
3960 146
3960 147
3961 147
3961 148
3961 149
3961 150
3961 151
3961 152
3961 153
3961 154
3962 155
3962 156
3962 157
3962 158
3962 159
3962 160
3962 161
3963 163
3963 164
3963 165
3963 166
3971 137
3971 138
3971 139
3971 140
3972 142
3972 143
3972 144
3972 145
3972 146
3972 147
3972 148
3973 149
3973 150
3973 151
3973 152
3973 153
3973 154
3973 155
3974 156
3974 157
3974 158
3974 159
3974 160
3974 161
3974 162
3975 166
3975 167
3983 138
3983 139
3983 140
3983 141
3983 142
3984 144
3984 145
3984 146
3984 147
3984 148
3984 149
3984 150
3985 150
3985 151
3985 152
3985 153
3985 154
3985 155
3985 156
3985 157
3986 158
3986 159
3986 160
3986 161
3986 162
3986 163
3995 139
3995 140
3995 141
3995 142
3995 143
3996 145
3996 146
3996 147
3996 148
3996 149
3996 150
3996 151
3997 152
3997 153
3997 154
3997 155
3997 156
3997 157
3997 158
3998 160
3998 161
3998 162
3998 163
4007 140
4007 141
4007 142
4007 143
4007 144
4007 145
4008 146
4008 147
4008 148
4008 149
4008 150
4008 151
4008 152
4009 154
4009 155
4009 156
4009 157
4009 158
4009 159
4010 163
4018 137
4018 138
4019 142
4019 143
4019 144
4019 145
4019 146
4020 148
4020 149
4020 150
4020 151
4020 152
4020 153
4021 155
4021 156
4021 157
4021 158
4021 159
4030 138
4030 139
4031 143
4031 144
4031 145
4031 146
4031 147
4032 150
4032 151
4032 152
4032 153
4032 154
4033 158
4033 159
4042 139
4042 140
4043 145
4043 146
4043 147
4043 148
4044 152
4044 153
4044 154
4044 155
4054 141
4055 147
4055 148
4055 149
4056 154
4067 149
