1110 163
1110 164
1110 165
1115 162
1115 163
1115 164
1115 165
1120 160
1120 161
1120 162
1120 163
1120 164
1125 158
1125 159
1125 160
1125 161
1125 162
1125 163
1130 157
1130 158
1130 159
1130 160
1130 161
1130 162
1135 155
1135 156
1135 157
1135 158
1135 159
1135 160
1135 161
1138 174
1140 154
1140 155
1140 156
1140 157
1140 158
1140 159
1140 160
1143 171
1143 172
1143 173
1143 174
1145 153
1145 154
1145 155
1145 156
1145 157
1145 158
1145 159
1148 169
1148 170
1148 171
1148 172
1148 173
1148 174
1150 151
1150 152
1150 153
1150 154
1150 155
1150 156
1150 157
1150 158
1153 168
1153 169
1153 170
1153 171
1153 172
1153 173
1155 150
1155 151
1155 152
1155 153
1155 154
1155 155
1155 156
1155 157
1158 166
1158 167
1158 168
1158 169
1158 170
1158 171
1158 172
1160 148
1160 149
1160 150
1160 151
1160 152
1160 153
1160 154
1160 155
1160 156
1163 165
1163 166
1163 167
1163 168
1163 169
1163 170
1163 171
1165 147
1165 148
1165 149
1165 150
1165 151
1165 152
1165 153
1165 154
1165 155
1168 163
1168 164
1168 165
1168 166
1168 167
1168 168
1168 169
1168 170
1168 171
1170 146
1170 147
1170 148
1170 149
1170 150
1170 151
1170 152
1170 153
1170 154
1173 162
1173 163
1173 164
1173 165
1173 166
1173 167
1173 168
1173 169
1173 170
1175 144
1175 145
1175 146
1175 147
1175 148
1175 149
1175 150
1175 151
1175 152
1175 153
1178 160
1178 161
1178 162
1178 163
1178 164
1178 165
1178 166
1178 167
1178 168
1178 169
1180 143
1180 144
1180 145
1180 146
1180 147
1180 148
1180 149
1180 150
1180 151
1180 152
1183 159
1183 160
1183 161
1183 162
1183 163
1183 164
1183 165
1183 166
1183 167
1183 168
1185 142
1185 143
1185 144
1185 145
1185 146
1185 147
1185 148
1185 149
1185 150
1185 151
1188 157
1188 158
1188 159
1188 160
1188 161
1188 162
1188 163
1188 164
1188 165
1188 166
1188 167
1190 141
1190 142
1190 143
1190 144
1190 145
1190 146
1190 147
1190 148
1190 149
1191 176
1191 177
1191 178
1191 179
1193 156
1193 157
1193 158
1193 159
1193 160
1193 161
1193 162
1193 163
1193 164
1193 165
1193 166
1195 139
1195 140
1195 141
1195 142
1195 143
1195 144
1195 145
1195 146
1195 147
1195 148
1196 174
1196 175
1196 176
1196 177
1196 178
1198 155
1198 156
1198 157
1198 158
1198 159
1198 160
1198 161
1198 162
1198 163
1198 164
1198 165
1200 138
1200 139
1200 140
1200 141
1200 142
1200 143
1200 144
1200 145
1200 146
1200 147
1201 172
1201 173
1201 174
1201 175
1201 176
1201 177
1201 178
1203 153
1203 154
1203 155
1203 156
1203 157
1203 158
1203 159
1203 160
1203 161
1203 162
1203 163
1203 164
1205 137
1205 138
1205 139
1205 140
1205 141
1205 142
1205 143
1205 144
1205 145
1205 146
1206 171
1206 172
1206 173
1206 174
1206 175
1206 176
1206 177
1208 152
1208 153
1208 154
1208 155
1208 156
1208 157
1208 158
1208 159
1208 160
1208 161
1208 162
1208 163
1210 136
1210 137
1210 138
1210 139
1210 140
1210 141
1210 142
1210 143
1210 144
1211 169
1211 170
1211 171
1211 172
1211 173
1211 174
1211 175
1211 176
1211 177
1213 151
1213 152
1213 153
1213 154
1213 155
1213 156
1213 157
1213 158
1213 159
1213 160
1213 161
1213 162
1215 135
1215 136
1215 137
1215 138
1215 139
1215 140
1215 141
1215 142
1215 143
1216 168
1216 169
1216 170
1216 171
1216 172
1216 173
1216 174
1216 175
1216 176
1218 149
1218 150
1218 151
1218 152
1218 153
1218 154
1218 155
1218 156
1218 157
1218 158
1218 159
1218 160
1218 161
1220 134
1220 135
1220 136
1220 137
1220 138
1220 139
1220 140
1220 141
1220 142
1221 166
1221 167
1221 168
1221 169
1221 170
1221 171
1221 172
1221 173
1221 174
1221 175
1223 148
1223 149
1223 150
1223 151
1223 152
1223 153
1223 154
1223 155
1223 156
1223 157
1223 158
1223 159
1225 133
1225 134
1225 135
1225 136
1225 137
1225 138
1225 139
1225 140
1226 165
1226 166
1226 167
1226 168
1226 169
1226 170
1226 171
1226 172
1226 173
1226 174
1228 147
1228 148
1228 149
1228 150
1228 151
1228 152
1228 153
1228 154
1228 155
1228 156
1228 157
1228 158
1230 131
1230 132
1230 133
1230 134
1230 135
1230 136
1230 137
1230 138
1230 139
1231 163
1231 164
1231 165
1231 166
1231 167
1231 168
1231 169
1231 170
1231 171
1231 172
1231 173
1233 146
1233 147
1233 148
1233 149
1233 150
1233 151
1233 152
1233 153
1233 154
1233 155
1233 156
1233 157
1235 130
1235 131
1235 132
1235 133
1235 134
1235 135
1235 136
1235 137
1236 162
1236 163
1236 164
1236 165
1236 166
1236 167
1236 168
1236 169
1236 170
1236 171
1236 172
1238 144
1238 145
1238 146
1238 147
1238 148
1238 149
1238 150
1238 151
1238 152
1238 153
1238 154
1238 155
1238 156
1240 130
1240 131
1240 132
1240 133
1240 134
1240 135
1240 136
1241 160
1241 161
1241 162
1241 163
1241 164
1241 165
1241 166
1241 167
1241 168
1241 169
1241 170
1241 171
1243 143
1243 144
1243 145
1243 146
1243 147
1243 148
1243 149
1243 150
1243 151
1243 152
1243 153
1243 154
1243 155
1245 129
1245 130
1245 131
1245 132
1245 133
1245 134
1246 159
1246 160
1246 161
1246 162
1246 163
1246 164
1246 165
1246 166
1246 167
1246 168
1246 169
1246 170
1248 142
1248 143
1248 144
1248 145
1248 146
1248 147
1248 148
1248 149
1248 150
1248 151
1248 152
1248 153
1248 154
1249 179
1249 180
1249 181
1250 128
1250 129
1250 130
1250 131
1250 132
1250 133
1251 158
1251 159
1251 160
1251 161
1251 162
1251 163
1251 164
1251 165
1251 166
1251 167
1251 168
1251 169
1253 141
1253 142
1253 143
1253 144
1253 145
1253 146
1253 147
1253 148
1253 149
1253 150
1253 151
1253 152
1254 177
1254 178
1254 179
1254 180
1254 181
1255 127
1255 128
1255 129
1255 130
1255 131
1256 156
1256 157
1256 158
1256 159
1256 160
1256 161
1256 162
1256 163
1256 164
1256 165
1256 166
1256 167
1256 168
1258 140
1258 141
1258 142
1258 143
1258 144
1258 145
1258 146
1258 147
1258 148
1258 149
1258 150
1258 151
1259 175
1259 176
1259 177
1259 178
1259 179
1259 180
1260 127
1260 128
1260 129
1261 155
1261 156
1261 157
1261 158
1261 159
1261 160
1261 161
1261 162
1261 163
1261 164
1261 165
1261 166
1261 167
1263 138
1263 139
1263 140
1263 141
1263 142
1263 143
1263 144
1263 145
1263 146
1263 147
1263 148
1263 149
1263 150
1264 173
1264 174
1264 175
1264 176
1264 177
1264 178
1264 179
1264 180
1266 154
1266 155
1266 156
1266 157
1266 158
1266 159
1266 160
1266 161
1266 162
1266 163
1266 164
1266 165
1266 166
1268 137
1268 138
1268 139
1268 140
1268 141
1268 142
1268 143
1268 144
1268 145
1268 146
1268 147
1268 148
1268 149
1269 171
1269 172
1269 173
1269 174
1269 175
1269 176
1269 177
1269 178
1269 179
1271 153
1271 154
1271 155
1271 156
1271 157
1271 158
1271 159
1271 160
1271 161
1271 162
1271 163
1271 164
1271 165
1273 136
1273 137
1273 138
1273 139
1273 140
1273 141
1273 142
1273 143
1273 144
1273 145
1273 146
1273 147
1274 170
1274 171
1274 172
1274 173
1274 174
1274 175
1274 176
1274 177
1274 178
1276 151
1276 152
1276 153
1276 154
1276 155
1276 156
1276 157
1276 158
1276 159
1276 160
1276 161
1276 162
1276 163
1276 164
1278 135
1278 136
1278 137
1278 138
1278 139
1278 140
1278 141
1278 142
1278 143
1278 144
1278 145
1278 146
1279 168
1279 169
1279 170
1279 171
1279 172
1279 173
1279 174
1279 175
1279 176
1279 177
1279 178
1281 150
1281 151
1281 152
1281 153
1281 154
1281 155
1281 156
1281 157
1281 158
1281 159
1281 160
1281 161
1281 162
1281 163
1283 134
1283 135
1283 136
1283 137
1283 138
1283 139
1283 140
1283 141
1283 142
1283 143
1283 144
1283 145
1284 167
1284 168
1284 169
1284 170
1284 171
1284 172
1284 173
1284 174
1284 175
1284 176
1284 177
1286 149
1286 150
1286 151
1286 152
1286 153
1286 154
1286 155
1286 156
1286 157
1286 158
1286 159
1286 160
1286 161
1286 162
1288 133
1288 134
1288 135
1288 136
1288 137
1288 138
1288 139
1288 140
1288 141
1288 142
1288 143
1289 166
1289 167
1289 168
1289 169
1289 170
1289 171
1289 172
1289 173
1289 174
1289 175
1289 176
1291 148
1291 149
1291 150
1291 151
1291 152
1291 153
1291 154
1291 155
1291 156
1291 157
1291 158
1291 159
1291 160
1291 161
1293 132
1293 133
1293 134
1293 135
1293 136
1293 137
1293 138
1293 139
1293 140
1293 141
1293 142
1294 164
1294 165
1294 166
1294 167
1294 168
1294 169
1294 170
1294 171
1294 172
1294 173
1294 174
1294 175
1296 146
1296 147
1296 148
1296 149
1296 150
1296 151
1296 152
1296 153
1296 154
1296 155
1296 156
1296 157
1296 158
1296 159
1298 131
1298 132
1298 133
1298 134
1298 135
1298 136
1298 137
1298 138
1298 139
1298 140
1298 141
1299 163
1299 164
1299 165
1299 166
1299 167
1299 168
1299 169
1299 170
1299 171
1299 172
1299 173
1299 174
1301 145
1301 146
1301 147
1301 148
1301 149
1301 150
1301 151
1301 152
1301 153
1301 154
1301 155
1301 156
1301 157
1301 158
1303 130
1303 131
1303 132
1303 133
1303 134
1303 135
1303 136
1303 137
1303 138
1303 139
1304 161
1304 162
1304 163
1304 164
1304 165
1304 166
1304 167
1304 168
1304 169
1304 170
1304 171
1304 172
1304 173
1306 144
1306 145
1306 146
1306 147
1306 148
1306 149
1306 150
1306 151
1306 152
1306 153
1306 154
1306 155
1306 156
1306 157
1308 129
1308 130
1308 131
1308 132
1308 133
1308 134
1308 135
1308 136
1308 137
1308 138
1309 160
1309 161
1309 162
1309 163
1309 164
1309 165
1309 166
1309 167
1309 168
1309 169
1309 170
1309 171
1309 172
1311 143
1311 144
1311 145
1311 146
1311 147
1311 148
1311 149
1311 150
1311 151
1311 152
1311 153
1311 154
1311 155
1311 156
1312 181
1313 129
1313 130
1313 131
1313 132
1313 133
1313 134
1313 135
1313 136
1314 159
1314 160
1314 161
1314 162
1314 163
1314 164
1314 165
1314 166
1314 167
1314 168
1314 169
1314 170
1314 171
1316 142
1316 143
1316 144
1316 145
1316 146
1316 147
1316 148
1316 149
1316 150
1316 151
1316 152
1316 153
1316 154
1316 155
1317 178
1317 179
1317 180
1317 181
1317 182
1318 128
1318 129
1318 130
1318 131
1318 132
1318 133
1318 134
1319 158
1319 159
1319 160
1319 161
1319 162
1319 163
1319 164
1319 165
1319 166
1319 167
1319 168
1319 169
1319 170
1321 141
1321 142
1321 143
1321 144
1321 145
1321 146
1321 147
1321 148
1321 149
1321 150
1321 151
1321 152
1321 153
1322 176
1322 177
1322 178
1322 179
1322 180
1322 181
1323 127
1323 128
1323 129
1323 130
1323 131
1323 132
1323 133
1324 156
1324 157
1324 158
1324 159
1324 160
1324 161
1324 162
1324 163
1324 164
1324 165
1324 166
1324 167
1324 168
1324 169
1326 140
1326 141
1326 142
1326 143
1326 144
1326 145
1326 146
1326 147
1326 148
1326 149
1326 150
1326 151
1326 152
1327 174
1327 175
1327 176
1327 177
1327 178
1327 179
1327 180
1327 181
1328 127
1328 128
1328 129
1328 130
1328 131
1329 155
1329 156
1329 157
1329 158
1329 159
1329 160
1329 161
1329 162
1329 163
1329 164
1329 165
1329 166
1329 167
1329 168
1331 139
1331 140
1331 141
1331 142
1331 143
1331 144
1331 145
1331 146
1331 147
1331 148
1331 149
1331 150
1331 151
1332 173
1332 174
1332 175
1332 176
1332 177
1332 178
1332 179
1332 180
1333 128
1334 154
1334 155
1334 156
1334 157
1334 158
1334 159
1334 160
1334 161
1334 162
1334 163
1334 164
1334 165
1334 166
1334 167
1336 138
1336 139
1336 140
1336 141
1336 142
1336 143
1336 144
1336 145
1336 146
1336 147
1336 148
1336 149
1336 150
1337 171
1337 172
1337 173
1337 174
1337 175
1337 176
1337 177
1337 178
1337 179
1339 153
1339 154
1339 155
1339 156
1339 157
1339 158
1339 159
1339 160
1339 161
1339 162
1339 163
1339 164
1339 165
1339 166
1341 137
1341 138
1341 139
1341 140
1341 141
1341 142
1341 143
1341 144
1341 145
1341 146
1341 147
1341 148
1342 170
1342 171
1342 172
1342 173
1342 174
1342 175
1342 176
1342 177
1342 178
1342 179
1344 151
1344 152
1344 153
1344 154
1344 155
1344 156
1344 157
1344 158
1344 159
1344 160
1344 161
1344 162
1344 163
1344 164
1344 165
1346 136
1346 137
1346 138
1346 139
1346 140
1346 141
1346 142
1346 143
1346 144
1346 145
1346 146
1346 147
1347 168
1347 169
1347 170
1347 171
1347 172
1347 173
1347 174
1347 175
1347 176
1347 177
1347 178
1349 150
1349 151
1349 152
1349 153
1349 154
1349 155
1349 156
1349 157
1349 158
1349 159
1349 160
1349 161
1349 162
1349 163
1351 135
1351 136
1351 137
1351 138
1351 139
1351 140
1351 141
1351 142
1351 143
1351 144
1351 145
1352 167
1352 168
1352 169
1352 170
1352 171
1352 172
1352 173
1352 174
1352 175
1352 176
1352 177
1354 149
1354 150
1354 151
1354 152
1354 153
1354 154
1354 155
1354 156
1354 157
1354 158
1354 159
1354 160
1354 161
1354 162
1356 134
1356 135
1356 136
1356 137
1356 138
1356 139
1356 140
1356 141
1356 142
1356 143
1356 144
1357 166
1357 167
1357 168
1357 169
1357 170
1357 171
1357 172
1357 173
1357 174
1357 175
1357 176
1359 148
1359 149
1359 150
1359 151
1359 152
1359 153
1359 154
1359 155
1359 156
1359 157
1359 158
1359 159
1359 160
1359 161
1361 133
1361 134
1361 135
1361 136
1361 137
1361 138
1361 139
1361 140
1361 141
1361 142
1361 143
1362 164
1362 165
1362 166
1362 167
1362 168
1362 169
1362 170
1362 171
1362 172
1362 173
1362 174
1362 175
1364 147
1364 148
1364 149
1364 150
1364 151
1364 152
1364 153
1364 154
1364 155
1364 156
1364 157
1364 158
1364 159
1364 160
1366 132
1366 133
1366 134
1366 135
1366 136
1366 137
1366 138
1366 139
1366 140
1366 141
1367 163
1367 164
1367 165
1367 166
1367 167
1367 168
1367 169
1367 170
1367 171
1367 172
1367 173
1367 174
1369 146
1369 147
1369 148
1369 149
1369 150
1369 151
1369 152
1369 153
1369 154
1369 155
1369 156
1369 157
1369 158
1369 159
1371 131
1371 132
1371 133
1371 134
1371 135
1371 136
1371 137
1371 138
1371 139
1371 140
1372 162
1372 163
1372 164
1372 165
1372 166
1372 167
1372 168
1372 169
1372 170
1372 171
1372 172
1372 173
1374 145
1374 146
1374 147
1374 148
1374 149
1374 150
1374 151
1374 152
1374 153
1374 154
1374 155
1374 156
1374 157
1376 131
1376 132
1376 133
1376 134
1376 135
1376 136
1376 137
1376 138
1377 160
1377 161
1377 162
1377 163
1377 164
1377 165
1377 166
1377 167
1377 168
1377 169
1377 170
1377 171
1377 172
1379 143
1379 144
1379 145
1379 146
1379 147
1379 148
1379 149
1379 150
1379 151
1379 152
1379 153
1379 154
1379 155
1379 156
1381 130
1381 131
1381 132
1381 133
1381 134
1381 135
1381 136
1382 159
1382 160
1382 161
1382 162
1382 163
1382 164
1382 165
1382 166
1382 167
1382 168
1382 169
1382 170
1382 171
1384 142
1384 143
1384 144
1384 145
1384 146
1384 147
1384 148
1384 149
1384 150
1384 151
1384 152
1384 153
1384 154
1384 155
1385 179
1385 180
1385 181
1386 130
1386 131
1386 132
1386 133
1386 134
1387 158
1387 159
1387 160
1387 161
1387 162
1387 163
1387 164
1387 165
1387 166
1387 167
1387 168
1387 169
1387 170
1389 141
1389 142
1389 143
1389 144
1389 145
1389 146
1389 147
1389 148
1389 149
1389 150
1389 151
1389 152
1389 153
1389 154
1390 177
1390 178
1390 179
1390 180
1390 181
1391 129
1391 130
1391 131
1391 132
1392 157
1392 158
1392 159
1392 160
1392 161
1392 162
1392 163
1392 164
1392 165
1392 166
1392 167
1392 168
1392 169
1394 140
1394 141
1394 142
1394 143
1394 144
1394 145
1394 146
1394 147
1394 148
1394 149
1394 150
1394 151
1394 152
1395 175
1395 176
1395 177
1395 178
1395 179
1395 180
1397 155
1397 156
1397 157
1397 158
1397 159
1397 160
1397 161
1397 162
1397 163
1397 164
1397 165
1397 166
1397 167
1397 168
1399 139
1399 140
1399 141
1399 142
1399 143
1399 144
1399 145
1399 146
1399 147
1399 148
1399 149
1399 150
1399 151
1400 173
1400 174
1400 175
1400 176
1400 177
1400 178
1400 179
1400 180
1402 154
1402 155
1402 156
1402 157
1402 158
1402 159
1402 160
1402 161
1402 162
1402 163
1402 164
1402 165
1402 166
1402 167
1404 138
1404 139
1404 140
1404 141
1404 142
1404 143
1404 144
1404 145
1404 146
1404 147
1404 148
1404 149
1405 172
1405 173
1405 174
1405 175
1405 176
1405 177
1405 178
1405 179
1407 153
1407 154
1407 155
1407 156
1407 157
1407 158
1407 159
1407 160
1407 161
1407 162
1407 163
1407 164
1407 165
1409 138
1409 139
1409 140
1409 141
1409 142
1409 143
1409 144
1409 145
1409 146
1409 147
1409 148
1410 170
1410 171
1410 172
1410 173
1410 174
1410 175
1410 176
1410 177
1410 178
1412 152
1412 153
1412 154
1412 155
1412 156
1412 157
1412 158
1412 159
1412 160
1412 161
1412 162
1412 163
1412 164
1414 137
1414 138
1414 139
1414 140
1414 141
1414 142
1414 143
1414 144
1414 145
1414 146
1414 147
1415 169
1415 170
1415 171
1415 172
1415 173
1415 174
1415 175
1415 176
1415 177
1417 151
1417 152
1417 153
1417 154
1417 155
1417 156
1417 157
1417 158
1417 159
1417 160
1417 161
1417 162
1417 163
1419 136
1419 137
1419 138
1419 139
1419 140
1419 141
1419 142
1419 143
1419 144
1419 145
1420 167
1420 168
1420 169
1420 170
1420 171
1420 172
1420 173
1420 174
1420 175
1420 176
1422 150
1422 151
1422 152
1422 153
1422 154
1422 155
1422 156
1422 157
1422 158
1422 159
1422 160
1422 161
1422 162
1424 135
1424 136
1424 137
1424 138
1424 139
1424 140
1424 141
1424 142
1424 143
1424 144
1425 166
1425 167
1425 168
1425 169
1425 170
1425 171
1425 172
1425 173
1425 174
1425 175
1427 149
1427 150
1427 151
1427 152
1427 153
1427 154
1427 155
1427 156
1427 157
1427 158
1427 159
1427 160
1427 161
1429 134
1429 135
1429 136
1429 137
1429 138
1429 139
1429 140
1429 141
1429 142
1430 165
1430 166
1430 167
1430 168
1430 169
1430 170
1430 171
1430 172
1430 173
1430 174
1432 148
1432 149
1432 150
1432 151
1432 152
1432 153
1432 154
1432 155
1432 156
1432 157
1432 158
1432 159
1434 134
1434 135
1434 136
1434 137
1434 138
1434 139
1434 140
1435 163
1435 164
1435 165
1435 166
1435 167
1435 168
1435 169
1435 170
1435 171
1435 172
1435 173
1437 147
1437 148
1437 149
1437 150
1437 151
1437 152
1437 153
1437 154
1437 155
1437 156
1437 157
1437 158
1439 133
1439 134
1439 135
1439 136
1439 137
1439 138
1439 139
1440 162
1440 163
1440 164
1440 165
1440 166
1440 167
1440 168
1440 169
1440 170
1440 171
1440 172
1442 146
1442 147
1442 148
1442 149
1442 150
1442 151
1442 152
1442 153
1442 154
1442 155
1442 156
1442 157
1444 133
1444 134
1444 135
1444 136
1445 161
1445 162
1445 163
1445 164
1445 165
1445 166
1445 167
1445 168
1445 169
1445 170
1445 171
1447 145
1447 146
1447 147
1447 148
1447 149
1447 150
1447 151
1447 152
1447 153
1447 154
1447 155
1450 160
1450 161
1450 162
1450 163
1450 164
1450 165
1450 166
1450 167
1450 168
1450 169
1450 170
1452 144
1452 145
1452 146
1452 147
1452 148
1452 149
1452 150
1452 151
1452 152
1452 153
1452 154
1455 159
1455 160
1455 161
1455 162
1455 163
1455 164
1455 165
1455 166
1455 167
1455 168
1455 169
1457 143
1457 144
1457 145
1457 146
1457 147
1457 148
1457 149
1457 150
1457 151
1457 152
1457 153
1460 157
1460 158
1460 159
1460 160
1460 161
1460 162
1460 163
1460 164
1460 165
1460 166
1460 167
1460 168
1462 142
1462 143
1462 144
1462 145
1462 146
1462 147
1462 148
1462 149
1462 150
1462 151
1465 156
1465 157
1465 158
1465 159
1465 160
1465 161
1465 162
1465 163
1465 164
1465 165
1465 166
1465 167
1467 141
1467 142
1467 143
1467 144
1467 145
1467 146
1467 147
1467 148
1467 149
1467 150
1468 175
1468 176
1468 177
1470 155
1470 156
1470 157
1470 158
1470 159
1470 160
1470 161
1470 162
1470 163
1470 164
1470 165
1472 140
1472 141
1472 142
1472 143
1472 144
1472 145
1472 146
1472 147
1472 148
1473 173
1473 174
1473 175
1473 176
1475 154
1475 155
1475 156
1475 157
1475 158
1475 159
1475 160
1475 161
1475 162
1475 163
1475 164
1477 140
1477 141
1477 142
1477 143
1477 144
1477 145
1477 146
1477 147
1478 172
1478 173
1478 174
1478 175
1478 176
1480 153
1480 154
1480 155
1480 156
1480 157
1480 158
1480 159
1480 160
1480 161
1480 162
1480 163
1482 139
1482 140
1482 141
1482 142
1482 143
1482 144
1482 145
1483 170
1483 171
1483 172
1483 173
1483 174
1483 175
1485 152
1485 153
1485 154
1485 155
1485 156
1485 157
1485 158
1485 159
1485 160
1485 161
1485 162
1487 139
1487 140
1487 141
1487 142
1487 143
1488 169
1488 170
1488 171
1488 172
1488 173
1488 174
1490 151
1490 152
1490 153
1490 154
1490 155
1490 156
1490 157
1490 158
1490 159
1490 160
1492 138
1492 139
1492 140
1492 141
1493 168
1493 169
1493 170
1493 171
1493 172
1493 173
1495 150
1495 151
1495 152
1495 153
1495 154
1495 155
1495 156
1495 157
1495 158
1495 159
1498 166
1498 167
1498 168
1498 169
1498 170
1498 171
1498 172
1500 149
1500 150
1500 151
1500 152
1500 153
1500 154
1500 155
1500 156
1500 157
1503 165
1503 166
1503 167
1503 168
1503 169
1503 170
1503 171
1505 148
1505 149
1505 150
1505 151
1505 152
1505 153
1505 154
1505 155
1505 156
1508 164
1508 165
1508 166
1508 167
1508 168
1508 169
1508 170
1510 148
1510 149
1510 150
1510 151
1510 152
1510 153
1510 154
1513 163
1513 164
1513 165
1513 166
1513 167
1513 168
1513 169
1515 147
1515 148
1515 149
1515 150
1515 151
1515 152
1515 153
1518 162
1518 163
1518 164
1518 165
1518 166
1518 167
1520 146
1520 147
1520 148
1520 149
1520 150
1520 151
1523 161
1523 162
1523 163
1523 164
1523 165
1523 166
1525 146
1525 147
1525 148
1525 149
1528 160
1528 161
1528 162
1528 163
1528 164
1528 165
1530 146
1530 147
1533 159
1533 160
1533 161
1533 162
1533 163
1538 158
1538 159
1538 160
1538 161
1538 162
1543 157
1543 158
1543 159
1543 160
1548 157
1548 158
2458 64
2458 65
2463 62
2463 63
2463 64
2468 61
2468 62
2468 63
2473 59
2473 60
2473 61
2473 62
2476 74
2476 75
2478 58
2478 59
2478 60
2478 61
2481 72
2481 73
2481 74
2481 75
2483 57
2483 58
2483 59
2483 60
2486 71
2486 72
2486 73
2486 74
2488 55
2488 56
2488 57
2488 58
2488 59
2491 69
2491 70
2491 71
2491 72
2491 73
2493 54
2493 55
2493 56
2493 57
2493 58
2496 68
2496 69
2496 70
2496 71
2496 72
2498 53
2498 54
2498 55
2498 56
2498 57
2501 66
2501 67
2501 68
2501 69
2501 70
2501 71
2503 52
2503 53
2503 54
2503 55
2503 56
2506 65
2506 66
2506 67
2506 68
2506 69
2506 70
2508 50
2508 51
2508 52
2508 53
2508 54
2508 55
2511 63
2511 64
2511 65
2511 66
2511 67
2511 68
2511 69
2513 49
2513 50
2513 51
2513 52
2513 53
2514 80
2514 81
2516 62
2516 63
2516 64
2516 65
2516 66
2516 67
2516 68
2518 48
2518 49
2518 50
2518 51
2518 52
2519 78
2519 79
2519 80
2521 61
2521 62
2521 63
2521 64
2521 65
2521 66
2521 67
2523 47
2523 48
2523 49
2523 50
2523 51
2524 76
2524 77
2524 78
2524 79
2524 80
2526 59
2526 60
2526 61
2526 62
2526 63
2526 64
2526 65
2526 66
2528 46
2528 47
2528 48
2528 49
2528 50
2529 75
2529 76
2529 77
2529 78
2529 79
2531 58
2531 59
2531 60
2531 61
2531 62
2531 63
2531 64
2531 65
2533 45
2533 46
2533 47
2533 48
2534 73
2534 74
2534 75
2534 76
2534 77
2534 78
2536 57
2536 58
2536 59
2536 60
2536 61
2536 62
2536 63
2536 64
2538 43
2538 44
2538 45
2538 46
2538 47
2539 72
2539 73
2539 74
2539 75
2539 76
2539 77
2541 56
2541 57
2541 58
2541 59
2541 60
2541 61
2541 62
2541 63
2543 42
2543 43
2543 44
2543 45
2543 46
2544 70
2544 71
2544 72
2544 73
2544 74
2544 75
2544 76
2546 54
2546 55
2546 56
2546 57
2546 58
2546 59
2546 60
2546 61
2546 62
2548 42
2548 43
2548 44
2549 69
2549 70
2549 71
2549 72
2549 73
2549 74
2549 75
2551 53
2551 54
2551 55
2551 56
2551 57
2551 58
2551 59
2551 60
2551 61
2553 41
2553 42
2553 43
2554 67
2554 68
2554 69
2554 70
2554 71
2554 72
2554 73
2554 74
2556 52
2556 53
2556 54
2556 55
2556 56
2556 57
2556 58
2556 59
2556 60
2558 40
2558 41
2559 66
2559 67
2559 68
2559 69
2559 70
2559 71
2559 72
2559 73
2561 51
2561 52
2561 53
2561 54
2561 55
2561 56
2561 57
2561 58
2564 65
2564 66
2564 67
2564 68
2564 69
2564 70
2564 71
2564 72
2566 49
2566 50
2566 51
2566 52
2566 53
2566 54
2566 55
2566 56
2566 57
2567 82
2567 83
2567 84
2569 63
2569 64
2569 65
2569 66
2569 67
2569 68
2569 69
2569 70
2569 71
2571 48
2571 49
2571 50
2571 51
2571 52
2571 53
2571 54
2571 55
2571 56
2572 80
2572 81
2572 82
2572 83
2574 62
2574 63
2574 64
2574 65
2574 66
2574 67
2574 68
2574 69
2574 70
2576 47
2576 48
2576 49
2576 50
2576 51
2576 52
2576 53
2576 54
2576 55
2577 78
2577 79
2577 80
2577 81
2577 82
2579 61
2579 62
2579 63
2579 64
2579 65
2579 66
2579 67
2579 68
2579 69
2581 46
2581 47
2581 48
2581 49
2581 50
2581 51
2581 52
2581 53
2582 77
2582 78
2582 79
2582 80
2582 81
2582 82
2584 60
2584 61
2584 62
2584 63
2584 64
2584 65
2584 66
2584 67
2584 68
2586 45
2586 46
2586 47
2586 48
2586 49
2586 50
2586 51
2586 52
2587 75
2587 76
2587 77
2587 78
2587 79
2587 80
2587 81
2589 58
2589 59
2589 60
2589 61
2589 62
2589 63
2589 64
2589 65
2589 66
2589 67
2591 44
2591 45
2591 46
2591 47
2591 48
2591 49
2591 50
2591 51
2592 74
2592 75
2592 76
2592 77
2592 78
2592 79
2592 80
2594 57
2594 58
2594 59
2594 60
2594 61
2594 62
2594 63
2594 64
2594 65
2594 66
2596 43
2596 44
2596 45
2596 46
2596 47
2596 48
2596 49
2596 50
2597 72
2597 73
2597 74
2597 75
2597 76
2597 77
2597 78
2597 79
2599 56
2599 57
2599 58
2599 59
2599 60
2599 61
2599 62
2599 63
2599 64
2599 65
2601 42
2601 43
2601 44
2601 45
2601 46
2601 47
2601 48
2602 71
2602 72
2602 73
2602 74
2602 75
2602 76
2602 77
2602 78
2604 55
2604 56
2604 57
2604 58
2604 59
2604 60
2604 61
2604 62
2604 63
2604 64
2606 41
2606 42
2606 43
2606 44
2606 45
2606 46
2606 47
2607 69
2607 70
2607 71
2607 72
2607 73
2607 74
2607 75
2607 76
2607 77
2609 53
2609 54
2609 55
2609 56
2609 57
2609 58
2609 59
2609 60
2609 61
2609 62
2611 40
2611 41
2611 42
2611 43
2611 44
2611 45
2611 46
2612 68
2612 69
2612 70
2612 71
2612 72
2612 73
2612 74
2612 75
2612 76
2614 52
2614 53
2614 54
2614 55
2614 56
2614 57
2614 58
2614 59
2614 60
2614 61
2616 39
2616 40
2616 41
2616 42
2616 43
2616 44
2617 67
2617 68
2617 69
2617 70
2617 71
2617 72
2617 73
2617 74
2617 75
2619 51
2619 52
2619 53
2619 54
2619 55
2619 56
2619 57
2619 58
2619 59
2619 60
2621 38
2621 39
2621 40
2621 41
2621 42
2621 43
2622 65
2622 66
2622 67
2622 68
2622 69
2622 70
2622 71
2622 72
2622 73
2622 74
2624 50
2624 51
2624 52
2624 53
2624 54
2624 55
2624 56
2624 57
2624 58
2624 59
2625 83
2625 84
2625 85
2626 37
2626 38
2626 39
2626 40
2626 41
2627 64
2627 65
2627 66
2627 67
2627 68
2627 69
2627 70
2627 71
2627 72
2627 73
2629 49
2629 50
2629 51
2629 52
2629 53
2629 54
2629 55
2629 56
2629 57
2629 58
2630 81
2630 82
2630 83
2630 84
2631 36
2631 37
2631 38
2631 39
2631 40
2632 63
2632 64
2632 65
2632 66
2632 67
2632 68
2632 69
2632 70
2632 71
2632 72
2634 48
2634 49
2634 50
2634 51
2634 52
2634 53
2634 54
2634 55
2634 56
2635 79
2635 80
2635 81
2635 82
2635 83
2635 84
2636 35
2636 36
2636 37
2636 38
2637 62
2637 63
2637 64
2637 65
2637 66
2637 67
2637 68
2637 69
2637 70
2637 71
2639 46
2639 47
2639 48
2639 49
2639 50
2639 51
2639 52
2639 53
2639 54
2639 55
2640 78
2640 79
2640 80
2640 81
2640 82
2640 83
2641 35
2641 36
2642 60
2642 61
2642 62
2642 63
2642 64
2642 65
2642 66
2642 67
2642 68
2642 69
2642 70
2644 45
2644 46
2644 47
2644 48
2644 49
2644 50
2644 51
2644 52
2644 53
2644 54
2645 76
2645 77
2645 78
2645 79
2645 80
2645 81
2645 82
2647 59
2647 60
2647 61
2647 62
2647 63
2647 64
2647 65
2647 66
2647 67
2647 68
2649 44
2649 45
2649 46
2649 47
2649 48
2649 49
2649 50
2649 51
2649 52
2649 53
2650 75
2650 76
2650 77
2650 78
2650 79
2650 80
2650 81
2652 58
2652 59
2652 60
2652 61
2652 62
2652 63
2652 64
2652 65
2652 66
2652 67
2654 43
2654 44
2654 45
2654 46
2654 47
2654 48
2654 49
2654 50
2654 51
2655 74
2655 75
2655 76
2655 77
2655 78
2655 79
2655 80
2657 57
2657 58
2657 59
2657 60
2657 61
2657 62
2657 63
2657 64
2657 65
2657 66
2659 42
2659 43
2659 44
2659 45
2659 46
2659 47
2659 48
2659 49
2659 50
2660 72
2660 73
2660 74
2660 75
2660 76
2660 77
2660 78
2660 79
2662 56
2662 57
2662 58
2662 59
2662 60
2662 61
2662 62
2662 63
2662 64
2662 65
2664 41
2664 42
2664 43
2664 44
2664 45
2664 46
2664 47
2664 48
2664 49
2665 71
2665 72
2665 73
2665 74
2665 75
2665 76
2665 77
2665 78
2667 54
2667 55
2667 56
2667 57
2667 58
2667 59
2667 60
2667 61
2667 62
2667 63
2667 64
2669 40
2669 41
2669 42
2669 43
2669 44
2669 45
2669 46
2669 47
2670 70
2670 71
2670 72
2670 73
2670 74
2670 75
2670 76
2670 77
2672 53
2672 54
2672 55
2672 56
2672 57
2672 58
2672 59
2672 60
2672 61
2672 62
2672 63
2674 39
2674 40
2674 41
2674 42
2674 43
2674 44
2674 45
2674 46
2675 68
2675 69
2675 70
2675 71
2675 72
2675 73
2675 74
2675 75
2675 76
2677 52
2677 53
2677 54
2677 55
2677 56
2677 57
2677 58
2677 59
2677 60
2677 61
2679 38
2679 39
2679 40
2679 41
2679 42
2679 43
2679 44
2680 67
2680 68
2680 69
2680 70
2680 71
2680 72
2680 73
2680 74
2680 75
2682 51
2682 52
2682 53
2682 54
2682 55
2682 56
2682 57
2682 58
2682 59
2682 60
2684 37
2684 38
2684 39
2684 40
2684 41
2684 42
2684 43
2685 66
2685 67
2685 68
2685 69
2685 70
2685 71
2685 72
2685 73
2685 74
2687 50
2687 51
2687 52
2687 53
2687 54
2687 55
2687 56
2687 57
2687 58
2687 59
2689 37
2689 38
2689 39
2689 40
2689 41
2690 64
2690 65
2690 66
2690 67
2690 68
2690 69
2690 70
2690 71
2690 72
2690 73
2692 49
2692 50
2692 51
2692 52
2692 53
2692 54
2692 55
2692 56
2692 57
2692 58
2693 82
2693 83
2693 84
2694 36
2694 37
2694 38
2694 39
2695 63
2695 64
2695 65
2695 66
2695 67
2695 68
2695 69
2695 70
2695 71
2695 72
2697 48
2697 49
2697 50
2697 51
2697 52
2697 53
2697 54
2697 55
2697 56
2698 80
2698 81
2698 82
2698 83
2699 35
2699 36
2699 37
2699 38
2700 62
2700 63
2700 64
2700 65
2700 66
2700 67
2700 68
2700 69
2700 70
2700 71
2702 46
2702 47
2702 48
2702 49
2702 50
2702 51
2702 52
2702 53
2702 54
2702 55
2703 79
2703 80
2703 81
2703 82
2703 83
2705 61
2705 62
2705 63
2705 64
2705 65
2705 66
2705 67
2705 68
2705 69
2705 70
2707 45
2707 46
2707 47
2707 48
2707 49
2707 50
2707 51
2707 52
2707 53
2707 54
2708 77
2708 78
2708 79
2708 80
2708 81
2708 82
2710 60
2710 61
2710 62
2710 63
2710 64
2710 65
2710 66
2710 67
2710 68
2712 44
2712 45
2712 46
2712 47
2712 48
2712 49
2712 50
2712 51
2712 52
2713 76
2713 77
2713 78
2713 79
2713 80
2713 81
2715 58
2715 59
2715 60
2715 61
2715 62
2715 63
2715 64
2715 65
2715 66
2715 67
2717 43
2717 44
2717 45
2717 46
2717 47
2717 48
2717 49
2717 50
2717 51
2718 75
2718 76
2718 77
2718 78
2718 79
2718 80
2720 57
2720 58
2720 59
2720 60
2720 61
2720 62
2720 63
2720 64
2720 65
2720 66
2722 42
2722 43
2722 44
2722 45
2722 46
2722 47
2722 48
2722 49
2723 73
2723 74
2723 75
2723 76
2723 77
2723 78
2723 79
2725 56
2725 57
2725 58
2725 59
2725 60
2725 61
2725 62
2725 63
2725 64
2725 65
2727 41
2727 42
2727 43
2727 44
2727 45
2727 46
2727 47
2727 48
2728 72
2728 73
2728 74
2728 75
2728 76
2728 77
2728 78
2730 55
2730 56
2730 57
2730 58
2730 59
2730 60
2730 61
2730 62
2730 63
2730 64
2732 41
2732 42
2732 43
2732 44
2732 45
2732 46
2733 70
2733 71
2733 72
2733 73
2733 74
2733 75
2733 76
2733 77
2735 54
2735 55
2735 56
2735 57
2735 58
2735 59
2735 60
2735 61
2735 62
2737 40
2737 41
2737 42
2737 43
2737 44
2737 45
2738 69
2738 70
2738 71
2738 72
2738 73
2738 74
2738 75
2738 76
2740 53
2740 54
2740 55
2740 56
2740 57
2740 58
2740 59
2740 60
2740 61
2742 39
2742 40
2742 41
2742 42
2742 43
2743 68
2743 69
2743 70
2743 71
2743 72
2743 73
2743 74
2743 75
2745 52
2745 53
2745 54
2745 55
2745 56
2745 57
2745 58
2745 59
2745 60
2747 39
2747 40
2747 41
2748 67
2748 68
2748 69
2748 70
2748 71
2748 72
2748 73
2748 74
2750 50
2750 51
2750 52
2750 53
2750 54
2750 55
2750 56
2750 57
2750 58
2752 39
2753 65
2753 66
2753 67
2753 68
2753 69
2753 70
2753 71
2753 72
2753 73
2755 49
2755 50
2755 51
2755 52
2755 53
2755 54
2755 55
2755 56
2755 57
2758 64
2758 65
2758 66
2758 67
2758 68
2758 69
2758 70
2758 71
2758 72
2760 48
2760 49
2760 50
2760 51
2760 52
2760 53
2760 54
2760 55
2760 56
2763 63
2763 64
2763 65
2763 66
2763 67
2763 68
2763 69
2763 70
2765 47
2765 48
2765 49
2765 50
2765 51
2765 52
2765 53
2765 54
2768 62
2768 63
2768 64
2768 65
2768 66
2768 67
2768 68
2768 69
2770 46
2770 47
2770 48
2770 49
2770 50
2770 51
2770 52
2770 53
2773 61
2773 62
2773 63
2773 64
2773 65
2773 66
2773 67
2773 68
2775 46
2775 47
2775 48
2775 49
2775 50
2775 51
2776 78
2776 79
2776 80
2778 60
2778 61
2778 62
2778 63
2778 64
2778 65
2778 66
2778 67
2780 45
2780 46
2780 47
2780 48
2780 49
2780 50
2781 77
2781 78
2781 79
2783 58
2783 59
2783 60
2783 61
2783 62
2783 63
2783 64
2783 65
2785 44
2785 45
2785 46
2785 47
2785 48
2786 75
2786 76
2786 77
2786 78
2788 57
2788 58
2788 59
2788 60
2788 61
2788 62
2788 63
2788 64
2790 44
2790 45
2790 46
2791 74
2791 75
2791 76
2791 77
2793 56
2793 57
2793 58
2793 59
2793 60
2793 61
2793 62
2793 63
2796 73
2796 74
2796 75
2796 76
2798 55
2798 56
2798 57
2798 58
2798 59
2798 60
2798 61
2801 71
2801 72
2801 73
2801 74
2801 75
2803 54
2803 55
2803 56
2803 57
2803 58
2803 59
2803 60
2806 70
2806 71
2806 72
2806 73
2806 74
2808 53
2808 54
2808 55
2808 56
2808 57
2808 58
2811 69
2811 70
2811 71
2811 72
2811 73
2813 52
2813 53
2813 54
2813 55
2813 56
2813 57
2816 68
2816 69
2816 70
2816 71
2816 72
2818 52
2818 53
2818 54
2818 55
2821 66
2821 67
2821 68
2821 69
2821 70
2821 71
2823 51
2823 52
2823 53
2823 54
2826 65
2826 66
2826 67
2826 68
2826 69
2828 51
2831 64
2831 65
2831 66
2831 67
2831 68
2836 63
2836 64
2836 65
2836 66
2841 62
2841 63
2841 64
2841 65
2846 61
2846 62
2846 63
2851 61
