1054 199
1054 200
1059 199
1059 200
1059 201
1059 202
1059 203
1061 185
1061 186
1061 187
1064 199
1064 200
1064 201
1064 202
1064 203
1064 204
1064 205
1066 185
1066 186
1066 187
1066 188
1066 189
1066 190
1069 200
1069 201
1069 202
1069 203
1069 204
1069 205
1069 206
1069 207
1071 186
1071 187
1071 188
1071 189
1071 190
1071 191
1071 192
1074 201
1074 202
1074 203
1074 204
1074 205
1074 206
1074 207
1074 208
1076 186
1076 187
1076 188
1076 189
1076 190
1076 191
1076 192
1076 193
1076 194
1079 202
1079 203
1079 204
1079 205
1079 206
1079 207
1079 208
1079 209
1079 210
1081 187
1081 188
1081 189
1081 190
1081 191
1081 192
1081 193
1081 194
1081 195
1081 196
1082 222
1083 175
1083 176
1083 177
1083 178
1083 179
1084 203
1084 204
1084 205
1084 206
1084 207
1084 208
1084 209
1084 210
1084 211
1084 212
1086 188
1086 189
1086 190
1086 191
1086 192
1086 193
1086 194
1086 195
1086 196
1086 197
1086 198
1087 223
1087 224
1088 175
1088 176
1088 177
1088 178
1088 179
1088 180
1088 181
1089 204
1089 205
1089 206
1089 207
1089 208
1089 209
1089 210
1089 211
1089 212
1089 213
1089 214
1091 189
1091 190
1091 191
1091 192
1091 193
1091 194
1091 195
1091 196
1091 197
1091 198
1091 199
1092 224
1092 225
1093 176
1093 177
1093 178
1093 179
1093 180
1093 181
1093 182
1093 183
1094 205
1094 206
1094 207
1094 208
1094 209
1094 210
1094 211
1094 212
1094 213
1094 214
1094 215
1096 190
1096 191
1096 192
1096 193
1096 194
1096 195
1096 196
1096 197
1096 198
1096 199
1096 200
1096 201
1097 226
1097 227
1098 177
1098 178
1098 179
1098 180
1098 181
1098 182
1098 183
1098 184
1098 185
1099 207
1099 208
1099 209
1099 210
1099 211
1099 212
1099 213
1099 214
1099 215
1099 216
1099 217
1101 191
1101 192
1101 193
1101 194
1101 195
1101 196
1101 197
1101 198
1101 199
1101 200
1101 201
1101 202
1101 203
1102 227
1102 228
1103 177
1103 178
1103 179
1103 180
1103 181
1103 182
1103 183
1103 184
1103 185
1103 186
1103 187
1104 208
1104 209
1104 210
1104 211
1104 212
1104 213
1104 214
1104 215
1104 216
1104 217
1104 218
1106 192
1106 193
1106 194
1106 195
1106 196
1106 197
1106 198
1106 199
1106 200
1106 201
1106 202
1106 203
1106 204
1108 178
1108 179
1108 180
1108 181
1108 182
1108 183
1108 184
1108 185
1108 186
1108 187
1108 188
1108 189
1109 209
1109 210
1109 211
1109 212
1109 213
1109 214
1109 215
1109 216
1109 217
1109 218
1109 219
1109 220
1110 167
1110 168
1110 169
1110 170
1110 171
1111 193
1111 194
1111 195
1111 196
1111 197
1111 198
1111 199
1111 200
1111 201
1111 202
1111 203
1111 204
1111 205
1111 206
1113 179
1113 180
1113 181
1113 182
1113 183
1113 184
1113 185
1113 186
1113 187
1113 188
1113 189
1113 190
1113 191
1114 210
1114 211
1114 212
1114 213
1114 214
1114 215
1114 216
1114 217
1114 218
1114 219
1114 220
1114 221
1115 168
1115 169
1115 170
1115 171
1115 172
1115 173
1116 195
1116 196
1116 197
1116 198
1116 199
1116 200
1116 201
1116 202
1116 203
1116 204
1116 205
1116 206
1116 207
1116 208
1118 180
1118 181
1118 182
1118 183
1118 184
1118 185
1118 186
1118 187
1118 188
1118 189
1118 190
1118 191
1118 192
1119 212
1119 213
1119 214
1119 215
1119 216
1119 217
1119 218
1119 219
1119 220
1119 221
1119 222
1119 223
1120 168
1120 169
1120 170
1120 171
1120 172
1120 173
1120 174
1120 175
1121 196
1121 197
1121 198
1121 199
1121 200
1121 201
1121 202
1121 203
1121 204
1121 205
1121 206
1121 207
1121 208
1121 209
1123 181
1123 182
1123 183
1123 184
1123 185
1123 186
1123 187
1123 188
1123 189
1123 190
1123 191
1123 192
1123 193
1123 194
1124 213
1124 214
1124 215
1124 216
1124 217
1124 218
1124 219
1124 220
1124 221
1124 222
1124 223
1124 224
1125 169
1125 170
1125 171
1125 172
1125 173
1125 174
1125 175
1125 176
1125 177
1126 197
1126 198
1126 199
1126 200
1126 201
1126 202
1126 203
1126 204
1126 205
1126 206
1126 207
1126 208
1126 209
1126 210
1126 211
1128 183
1128 184
1128 185
1128 186
1128 187
1128 188
1128 189
1128 190
1128 191
1128 192
1128 193
1128 194
1128 195
1128 196
1129 214
1129 215
1129 216
1129 217
1129 218
1129 219
1129 220
1129 221
1129 222
1129 223
1129 224
1129 225
1130 170
1130 171
1130 172
1130 173
1130 174
1130 175
1130 176
1130 177
1130 178
1130 179
1131 198
1131 199
1131 200
1131 201
1131 202
1131 203
1131 204
1131 205
1131 206
1131 207
1131 208
1131 209
1131 210
1131 211
1131 212
1133 184
1133 185
1133 186
1133 187
1133 188
1133 189
1133 190
1133 191
1133 192
1133 193
1133 194
1133 195
1133 196
1133 197
1134 216
1134 217
1134 218
1134 219
1134 220
1134 221
1134 222
1134 223
1134 224
1134 225
1134 226
1134 227
1135 171
1135 172
1135 173
1135 174
1135 175
1135 176
1135 177
1135 178
1135 179
1135 180
1135 181
1136 200
1136 201
1136 202
1136 203
1136 204
1136 205
1136 206
1136 207
1136 208
1136 209
1136 210
1136 211
1136 212
1136 213
1136 214
1138 185
1138 186
1138 187
1138 188
1138 189
1138 190
1138 191
1138 192
1138 193
1138 194
1138 195
1138 196
1138 197
1138 198
1138 199
1139 217
1139 218
1139 219
1139 220
1139 221
1139 222
1139 223
1139 224
1139 225
1139 226
1139 227
1139 228
1140 172
1140 173
1140 174
1140 175
1140 176
1140 177
1140 178
1140 179
1140 180
1140 181
1140 182
1140 183
1141 201
1141 202
1141 203
1141 204
1141 205
1141 206
1141 207
1141 208
1141 209
1141 210
1141 211
1141 212
1141 213
1141 214
1141 215
1142 163
1143 186
1143 187
1143 188
1143 189
1143 190
1143 191
1143 192
1143 193
1143 194
1143 195
1143 196
1143 197
1143 198
1143 199
1143 200
1143 201
1144 219
1144 220
1144 221
1144 222
1144 223
1144 224
1144 225
1144 226
1144 227
1144 228
1144 229
1145 173
1145 174
1145 175
1145 176
1145 177
1145 178
1145 179
1145 180
1145 181
1145 182
1145 183
1145 184
1145 185
1146 202
1146 203
1146 204
1146 205
1146 206
1146 207
1146 208
1146 209
1146 210
1146 211
1146 212
1146 213
1146 214
1146 215
1146 216
1146 217
1147 162
1147 163
1147 164
1147 165
1147 166
1148 187
1148 188
1148 189
1148 190
1148 191
1148 192
1148 193
1148 194
1148 195
1148 196
1148 197
1148 198
1148 199
1148 200
1148 201
1148 202
1149 220
1149 221
1149 222
1149 223
1149 224
1149 225
1149 226
1149 227
1149 228
1149 229
1149 230
1149 231
1150 174
1150 175
1150 176
1150 177
1150 178
1150 179
1150 180
1150 181
1150 182
1150 183
1150 184
1150 185
1150 186
1151 204
1151 205
1151 206
1151 207
1151 208
1151 209
1151 210
1151 211
1151 212
1151 213
1151 214
1151 215
1151 216
1151 217
1151 218
1152 163
1152 164
1152 165
1152 166
1152 167
1152 168
1152 169
1153 189
1153 190
1153 191
1153 192
1153 193
1153 194
1153 195
1153 196
1153 197
1153 198
1153 199
1153 200
1153 201
1153 202
1153 203
1153 204
1154 222
1154 223
1154 224
1154 225
1154 226
1154 227
1154 228
1154 229
1154 230
1154 231
1154 232
1155 175
1155 176
1155 177
1155 178
1155 179
1155 180
1155 181
1155 182
1155 183
1155 184
1155 185
1155 186
1155 187
1155 188
1156 205
1156 206
1156 207
1156 208
1156 209
1156 210
1156 211
1156 212
1156 213
1156 214
1156 215
1156 216
1156 217
1156 218
1156 219
1156 220
1157 163
1157 164
1157 165
1157 166
1157 167
1157 168
1157 169
1157 170
1157 171
1158 190
1158 191
1158 192
1158 193
1158 194
1158 195
1158 196
1158 197
1158 198
1158 199
1158 200
1158 201
1158 202
1158 203
1158 204
1158 205
1159 223
1159 224
1159 225
1159 226
1159 227
1159 228
1159 229
1159 230
1159 231
1159 232
1159 233
1160 176
1160 177
1160 178
1160 179
1160 180
1160 181
1160 182
1160 183
1160 184
1160 185
1160 186
1160 187
1160 188
1160 189
1160 190
1161 206
1161 207
1161 208
1161 209
1161 210
1161 211
1161 212
1161 213
1161 214
1161 215
1161 216
1161 217
1161 218
1161 219
1161 220
1161 221
1162 164
1162 165
1162 166
1162 167
1162 168
1162 169
1162 170
1162 171
1162 172
1162 173
1163 191
1163 192
1163 193
1163 194
1163 195
1163 196
1163 197
1163 198
1163 199
1163 200
1163 201
1163 202
1163 203
1163 204
1163 205
1163 206
1163 207
1164 225
1164 226
1164 227
1164 228
1164 229
1164 230
1164 231
1164 232
1164 233
1164 234
1165 177
1165 178
1165 179
1165 180
1165 181
1165 182
1165 183
1165 184
1165 185
1165 186
1165 187
1165 188
1165 189
1165 190
1165 191
1165 192
1166 208
1166 209
1166 210
1166 211
1166 212
1166 213
1166 214
1166 215
1166 216
1166 217
1166 218
1166 219
1166 220
1166 221
1166 222
1167 165
1167 166
1167 167
1167 168
1167 169
1167 170
1167 171
1167 172
1167 173
1167 174
1167 175
1168 192
1168 193
1168 194
1168 195
1168 196
1168 197
1168 198
1168 199
1168 200
1168 201
1168 202
1168 203
1168 204
1168 205
1168 206
1168 207
1168 208
1169 227
1169 228
1169 229
1169 230
1169 231
1169 232
1169 233
1169 234
1169 235
1170 178
1170 179
1170 180
1170 181
1170 182
1170 183
1170 184
1170 185
1170 186
1170 187
1170 188
1170 189
1170 190
1170 191
1170 192
1170 193
1171 209
1171 210
1171 211
1171 212
1171 213
1171 214
1171 215
1171 216
1171 217
1171 218
1171 219
1171 220
1171 221
1171 222
1171 223
1171 224
1172 166
1172 167
1172 168
1172 169
1172 170
1172 171
1172 172
1172 173
1172 174
1172 175
1172 176
1172 177
1173 194
1173 195
1173 196
1173 197
1173 198
1173 199
1173 200
1173 201
1173 202
1173 203
1173 204
1173 205
1173 206
1173 207
1173 208
1173 209
1173 210
1174 228
1174 229
1174 230
1174 231
1174 232
1174 233
1174 234
1174 235
1174 236
1175 179
1175 180
1175 181
1175 182
1175 183
1175 184
1175 185
1175 186
1175 187
1175 188
1175 189
1175 190
1175 191
1175 192
1175 193
1175 194
1175 195
1176 211
1176 212
1176 213
1176 214
1176 215
1176 216
1176 217
1176 218
1176 219
1176 220
1176 221
1176 222
1176 223
1176 224
1176 225
1177 167
1177 168
1177 169
1177 170
1177 171
1177 172
1177 173
1177 174
1177 175
1177 176
1177 177
1177 178
1178 195
1178 196
1178 197
1178 198
1178 199
1178 200
1178 201
1178 202
1178 203
1178 204
1178 205
1178 206
1178 207
1178 208
1178 209
1178 210
1178 211
1179 230
1179 231
1179 232
1179 233
1179 234
1179 235
1179 236
1179 237
1180 181
1180 182
1180 183
1180 184
1180 185
1180 186
1180 187
1180 188
1180 189
1180 190
1180 191
1180 192
1180 193
1180 194
1180 195
1180 196
1181 212
1181 213
1181 214
1181 215
1181 216
1181 217
1181 218
1181 219
1181 220
1181 221
1181 222
1181 223
1181 224
1181 225
1181 226
1182 168
1182 169
1182 170
1182 171
1182 172
1182 173
1182 174
1182 175
1182 176
1182 177
1182 178
1182 179
1182 180
1183 196
1183 197
1183 198
1183 199
1183 200
1183 201
1183 202
1183 203
1183 204
1183 205
1183 206
1183 207
1183 208
1183 209
1183 210
1183 211
1183 212
1183 213
1184 232
1184 233
1184 234
1184 235
1184 236
1184 237
1184 238
1185 182
1185 183
1185 184
1185 185
1185 186
1185 187
1185 188
1185 189
1185 190
1185 191
1185 192
1185 193
1185 194
1185 195
1185 196
1185 197
1185 198
1186 214
1186 215
1186 216
1186 217
1186 218
1186 219
1186 220
1186 221
1186 222
1186 223
1186 224
1186 225
1186 226
1186 227
1186 228
1187 169
1187 170
1187 171
1187 172
1187 173
1187 174
1187 175
1187 176
1187 177
1187 178
1187 179
1187 180
1187 181
1187 182
1188 198
1188 199
1188 200
1188 201
1188 202
1188 203
1188 204
1188 205
1188 206
1188 207
1188 208
1188 209
1188 210
1188 211
1188 212
1188 213
1188 214
1189 159
1189 160
1189 161
1189 162
1189 163
1189 234
1189 235
1189 236
1189 237
1189 238
1189 239
1190 183
1190 184
1190 185
1190 186
1190 187
1190 188
1190 189
1190 190
1190 191
1190 192
1190 193
1190 194
1190 195
1190 196
1190 197
1190 198
1190 199
1190 200
1191 215
1191 216
1191 217
1191 218
1191 219
1191 220
1191 221
1191 222
1191 223
1191 224
1191 225
1191 226
1191 227
1191 228
1191 229
1192 170
1192 171
1192 172
1192 173
1192 174
1192 175
1192 176
1192 177
1192 178
1192 179
1192 180
1192 181
1192 182
1192 183
1192 184
1193 199
1193 200
1193 201
1193 202
1193 203
1193 204
1193 205
1193 206
1193 207
1193 208
1193 209
1193 210
1193 211
1193 212
1193 213
1193 214
1193 215
1193 216
1194 160
1194 161
1194 162
1194 163
1194 164
1194 165
1194 236
1194 237
1194 238
1194 239
1195 185
1195 186
1195 187
1195 188
1195 189
1195 190
1195 191
1195 192
1195 193
1195 194
1195 195
1195 196
1195 197
1195 198
1195 199
1195 200
1195 201
1196 217
1196 218
1196 219
1196 220
1196 221
1196 222
1196 223
1196 224
1196 225
1196 226
1196 227
1196 228
1196 229
1196 230
1197 171
1197 172
1197 173
1197 174
1197 175
1197 176
1197 177
1197 178
1197 179
1197 180
1197 181
1197 182
1197 183
1197 184
1197 185
1198 201
1198 202
1198 203
1198 204
1198 205
1198 206
1198 207
1198 208
1198 209
1198 210
1198 211
1198 212
1198 213
1198 214
1198 215
1198 216
1198 217
1199 160
1199 161
1199 162
1199 163
1199 164
1199 165
1199 166
1199 167
1199 239
1200 186
1200 187
1200 188
1200 189
1200 190
1200 191
1200 192
1200 193
1200 194
1200 195
1200 196
1200 197
1200 198
1200 199
1200 200
1200 201
1200 202
1200 203
1201 218
1201 219
1201 220
1201 221
1201 222
1201 223
1201 224
1201 225
1201 226
1201 227
1201 228
1201 229
1201 230
1201 231
1201 232
1202 172
1202 173
1202 174
1202 175
1202 176
1202 177
1202 178
1202 179
1202 180
1202 181
1202 182
1202 183
1202 184
1202 185
1202 186
1202 187
1203 202
1203 203
1203 204
1203 205
1203 206
1203 207
1203 208
1203 209
1203 210
1203 211
1203 212
1203 213
1203 214
1203 215
1203 216
1203 217
1203 218
1203 219
1204 161
1204 162
1204 163
1204 164
1204 165
1204 166
1204 167
1204 168
1204 169
1205 187
1205 188
1205 189
1205 190
1205 191
1205 192
1205 193
1205 194
1205 195
1205 196
1205 197
1205 198
1205 199
1205 200
1205 201
1205 202
1205 203
1205 204
1206 220
1206 221
1206 222
1206 223
1206 224
1206 225
1206 226
1206 227
1206 228
1206 229
1206 230
1206 231
1206 232
1206 233
1207 174
1207 175
1207 176
1207 177
1207 178
1207 179
1207 180
1207 181
1207 182
1207 183
1207 184
1207 185
1207 186
1207 187
1207 188
1207 189
1208 204
1208 205
1208 206
1208 207
1208 208
1208 209
1208 210
1208 211
1208 212
1208 213
1208 214
1208 215
1208 216
1208 217
1208 218
1208 219
1208 220
1209 162
1209 163
1209 164
1209 165
1209 166
1209 167
1209 168
1209 169
1209 170
1209 171
1210 189
1210 190
1210 191
1210 192
1210 193
1210 194
1210 195
1210 196
1210 197
1210 198
1210 199
1210 200
1210 201
1210 202
1210 203
1210 204
1210 205
1210 206
1211 222
1211 223
1211 224
1211 225
1211 226
1211 227
1211 228
1211 229
1211 230
1211 231
1211 232
1211 233
1211 234
1212 175
1212 176
1212 177
1212 178
1212 179
1212 180
1212 181
1212 182
1212 183
1212 184
1212 185
1212 186
1212 187
1212 188
1212 189
1212 190
1213 205
1213 206
1213 207
1213 208
1213 209
1213 210
1213 211
1213 212
1213 213
1213 214
1213 215
1213 216
1213 217
1213 218
1213 219
1213 220
1213 221
1214 163
1214 164
1214 165
1214 166
1214 167
1214 168
1214 169
1214 170
1214 171
1214 172
1214 173
1215 190
1215 191
1215 192
1215 193
1215 194
1215 195
1215 196
1215 197
1215 198
1215 199
1215 200
1215 201
1215 202
1215 203
1215 204
1215 205
1215 206
1215 207
1216 223
1216 224
1216 225
1216 226
1216 227
1216 228
1216 229
1216 230
1216 231
1216 232
1216 233
1216 234
1216 235
1217 176
1217 177
1217 178
1217 179
1217 180
1217 181
1217 182
1217 183
1217 184
1217 185
1217 186
1217 187
1217 188
1217 189
1217 190
1217 191
1217 192
1218 207
1218 208
1218 209
1218 210
1218 211
1218 212
1218 213
1218 214
1218 215
1218 216
1218 217
1218 218
1218 219
1218 220
1218 221
1218 222
1218 223
1219 164
1219 165
1219 166
1219 167
1219 168
1219 169
1219 170
1219 171
1219 172
1219 173
1219 174
1219 175
1220 191
1220 192
1220 193
1220 194
1220 195
1220 196
1220 197
1220 198
1220 199
1220 200
1220 201
1220 202
1220 203
1220 204
1220 205
1220 206
1220 207
1220 208
1220 209
1221 225
1221 226
1221 227
1221 228
1221 229
1221 230
1221 231
1221 232
1221 233
1221 234
1221 235
1221 236
1222 177
1222 178
1222 179
1222 180
1222 181
1222 182
1222 183
1222 184
1222 185
1222 186
1222 187
1222 188
1222 189
1222 190
1222 191
1222 192
1222 193
1223 208
1223 209
1223 210
1223 211
1223 212
1223 213
1223 214
1223 215
1223 216
1223 217
1223 218
1223 219
1223 220
1223 221
1223 222
1223 223
1223 224
1224 165
1224 166
1224 167
1224 168
1224 169
1224 170
1224 171
1224 172
1224 173
1224 174
1224 175
1224 176
1224 177
1225 193
1225 194
1225 195
1225 196
1225 197
1225 198
1225 199
1225 200
1225 201
1225 202
1225 203
1225 204
1225 205
1225 206
1225 207
1225 208
1225 209
1225 210
1226 227
1226 228
1226 229
1226 230
1226 231
1226 232
1226 233
1226 234
1226 235
1226 236
1226 237
1227 179
1227 180
1227 181
1227 182
1227 183
1227 184
1227 185
1227 186
1227 187
1227 188
1227 189
1227 190
1227 191
1227 192
1227 193
1227 194
1227 195
1228 210
1228 211
1228 212
1228 213
1228 214
1228 215
1228 216
1228 217
1228 218
1228 219
1228 220
1228 221
1228 222
1228 223
1228 224
1228 225
1229 166
1229 167
1229 168
1229 169
1229 170
1229 171
1229 172
1229 173
1229 174
1229 175
1229 176
1229 177
1229 178
1230 194
1230 195
1230 196
1230 197
1230 198
1230 199
1230 200
1230 201
1230 202
1230 203
1230 204
1230 205
1230 206
1230 207
1230 208
1230 209
1230 210
1230 211
1230 212
1231 228
1231 229
1231 230
1231 231
1231 232
1231 233
1231 234
1231 235
1231 236
1231 237
1231 238
1232 180
1232 181
1232 182
1232 183
1232 184
1232 185
1232 186
1232 187
1232 188
1232 189
1232 190
1232 191
1232 192
1232 193
1232 194
1232 195
1232 196
1232 197
1233 211
1233 212
1233 213
1233 214
1233 215
1233 216
1233 217
1233 218
1233 219
1233 220
1233 221
1233 222
1233 223
1233 224
1233 225
1233 226
1233 227
1234 167
1234 168
1234 169
1234 170
1234 171
1234 172
1234 173
1234 174
1234 175
1234 176
1234 177
1234 178
1234 179
1234 180
1235 196
1235 197
1235 198
1235 199
1235 200
1235 201
1235 202
1235 203
1235 204
1235 205
1235 206
1235 207
1235 208
1235 209
1235 210
1235 211
1235 212
1235 213
1236 160
1236 230
1236 231
1236 232
1236 233
1236 234
1236 235
1236 236
1236 237
1236 238
1236 239
1237 181
1237 182
1237 183
1237 184
1237 185
1237 186
1237 187
1237 188
1237 189
1237 190
1237 191
1237 192
1237 193
1237 194
1237 195
1237 196
1237 197
1237 198
1238 213
1238 214
1238 215
1238 216
1238 217
1238 218
1238 219
1238 220
1238 221
1238 222
1238 223
1238 224
1238 225
1238 226
1238 227
1238 228
1239 168
1239 169
1239 170
1239 171
1239 172
1239 173
1239 174
1239 175
1239 176
1239 177
1239 178
1239 179
1239 180
1239 181
1239 182
1240 197
1240 198
1240 199
1240 200
1240 201
1240 202
1240 203
1240 204
1240 205
1240 206
1240 207
1240 208
1240 209
1240 210
1240 211
1240 212
1240 213
1240 214
1240 215
1241 159
1241 160
1241 161
1241 162
1241 163
1241 232
1241 233
1241 234
1241 235
1241 236
1241 237
1241 238
1241 239
1241 240
1242 183
1242 184
1242 185
1242 186
1242 187
1242 188
1242 189
1242 190
1242 191
1242 192
1242 193
1242 194
1242 195
1242 196
1242 197
1242 198
1242 199
1242 200
1243 214
1243 215
1243 216
1243 217
1243 218
1243 219
1243 220
1243 221
1243 222
1243 223
1243 224
1243 225
1243 226
1243 227
1243 228
1243 229
1244 170
1244 171
1244 172
1244 173
1244 174
1244 175
1244 176
1244 177
1244 178
1244 179
1244 180
1244 181
1244 182
1244 183
1244 184
1245 198
1245 199
1245 200
1245 201
1245 202
1245 203
1245 204
1245 205
1245 206
1245 207
1245 208
1245 209
1245 210
1245 211
1245 212
1245 213
1245 214
1245 215
1245 216
1246 160
1246 161
1246 162
1246 163
1246 164
1246 165
1246 234
1246 235
1246 236
1246 237
1246 238
1246 239
1246 240
1246 241
1247 184
1247 185
1247 186
1247 187
1247 188
1247 189
1247 190
1247 191
1247 192
1247 193
1247 194
1247 195
1247 196
1247 197
1247 198
1247 199
1247 200
1247 201
1248 216
1248 217
1248 218
1248 219
1248 220
1248 221
1248 222
1248 223
1248 224
1248 225
1248 226
1248 227
1248 228
1248 229
1248 230
1248 231
1249 171
1249 172
1249 173
1249 174
1249 175
1249 176
1249 177
1249 178
1249 179
1249 180
1249 181
1249 182
1249 183
1249 184
1249 185
1250 200
1250 201
1250 202
1250 203
1250 204
1250 205
1250 206
1250 207
1250 208
1250 209
1250 210
1250 211
1250 212
1250 213
1250 214
1250 215
1250 216
1250 217
1251 160
1251 161
1251 162
1251 163
1251 164
1251 165
1251 166
1251 167
1251 236
1251 237
1251 238
1251 239
1251 240
1251 241
1252 185
1252 186
1252 187
1252 188
1252 189
1252 190
1252 191
1252 192
1252 193
1252 194
1252 195
1252 196
1252 197
1252 198
1252 199
1252 200
1252 201
1252 202
1252 203
1253 218
1253 219
1253 220
1253 221
1253 222
1253 223
1253 224
1253 225
1253 226
1253 227
1253 228
1253 229
1253 230
1253 231
1253 232
1254 172
1254 173
1254 174
1254 175
1254 176
1254 177
1254 178
1254 179
1254 180
1254 181
1254 182
1254 183
1254 184
1254 185
1254 186
1254 187
1255 201
1255 202
1255 203
1255 204
1255 205
1255 206
1255 207
1255 208
1255 209
1255 210
1255 211
1255 212
1255 213
1255 214
1255 215
1255 216
1255 217
1255 218
1255 219
1256 161
1256 162
1256 163
1256 164
1256 165
1256 166
1256 167
1256 168
1256 169
1256 239
1256 240
1256 241
1257 187
1257 188
1257 189
1257 190
1257 191
1257 192
1257 193
1257 194
1257 195
1257 196
1257 197
1257 198
1257 199
1257 200
1257 201
1257 202
1257 203
1257 204
1258 219
1258 220
1258 221
1258 222
1258 223
1258 224
1258 225
1258 226
1258 227
1258 228
1258 229
1258 230
1258 231
1258 232
1258 233
1259 173
1259 174
1259 175
1259 176
1259 177
1259 178
1259 179
1259 180
1259 181
1259 182
1259 183
1259 184
1259 185
1259 186
1259 187
1259 188
1260 203
1260 204
1260 205
1260 206
1260 207
1260 208
1260 209
1260 210
1260 211
1260 212
1260 213
1260 214
1260 215
1260 216
1260 217
1260 218
1260 219
1260 220
1261 162
1261 163
1261 164
1261 165
1261 166
1261 167
1261 168
1261 169
1261 170
1261 171
1262 188
1262 189
1262 190
1262 191
1262 192
1262 193
1262 194
1262 195
1262 196
1262 197
1262 198
1262 199
1262 200
1262 201
1262 202
1262 203
1262 204
1262 205
1262 206
1263 221
1263 222
1263 223
1263 224
1263 225
1263 226
1263 227
1263 228
1263 229
1263 230
1263 231
1263 232
1263 233
1263 234
1264 175
1264 176
1264 177
1264 178
1264 179
1264 180
1264 181
1264 182
1264 183
1264 184
1264 185
1264 186
1264 187
1264 188
1264 189
1264 190
1265 204
1265 205
1265 206
1265 207
1265 208
1265 209
1265 210
1265 211
1265 212
1265 213
1265 214
1265 215
1265 216
1265 217
1265 218
1265 219
1265 220
1265 221
1266 163
1266 164
1266 165
1266 166
1266 167
1266 168
1266 169
1266 170
1266 171
1266 172
1266 173
1267 190
1267 191
1267 192
1267 193
1267 194
1267 195
1267 196
1267 197
1267 198
1267 199
1267 200
1267 201
1267 202
1267 203
1267 204
1267 205
1267 206
1267 207
1268 223
1268 224
1268 225
1268 226
1268 227
1268 228
1268 229
1268 230
1268 231
1268 232
1268 233
1268 234
1268 235
1269 176
1269 177
1269 178
1269 179
1269 180
1269 181
1269 182
1269 183
1269 184
1269 185
1269 186
1269 187
1269 188
1269 189
1269 190
1269 191
1269 192
1270 206
1270 207
1270 208
1270 209
1270 210
1270 211
1270 212
1270 213
1270 214
1270 215
1270 216
1270 217
1270 218
1270 219
1270 220
1270 221
1270 222
1270 223
1271 164
1271 165
1271 166
1271 167
1271 168
1271 169
1271 170
1271 171
1271 172
1271 173
1271 174
1271 175
1272 191
1272 192
1272 193
1272 194
1272 195
1272 196
1272 197
1272 198
1272 199
1272 200
1272 201
1272 202
1272 203
1272 204
1272 205
1272 206
1272 207
1272 208
1272 209
1273 224
1273 225
1273 226
1273 227
1273 228
1273 229
1273 230
1273 231
1273 232
1273 233
1273 234
1273 235
1273 236
1274 177
1274 178
1274 179
1274 180
1274 181
1274 182
1274 183
1274 184
1274 185
1274 186
1274 187
1274 188
1274 189
1274 190
1274 191
1274 192
1274 193
1275 208
1275 209
1275 210
1275 211
1275 212
1275 213
1275 214
1275 215
1275 216
1275 217
1275 218
1275 219
1275 220
1275 221
1275 222
1275 223
1275 224
1276 165
1276 166
1276 167
1276 168
1276 169
1276 170
1276 171
1276 172
1276 173
1276 174
1276 175
1276 176
1277 192
1277 193
1277 194
1277 195
1277 196
1277 197
1277 198
1277 199
1277 200
1277 201
1277 202
1277 203
1277 204
1277 205
1277 206
1277 207
1277 208
1277 209
1277 210
1278 226
1278 227
1278 228
1278 229
1278 230
1278 231
1278 232
1278 233
1278 234
1278 235
1278 236
1278 237
1279 179
1279 180
1279 181
1279 182
1279 183
1279 184
1279 185
1279 186
1279 187
1279 188
1279 189
1279 190
1279 191
1279 192
1279 193
1279 194
1279 195
1280 209
1280 210
1280 211
1280 212
1280 213
1280 214
1280 215
1280 216
1280 217
1280 218
1280 219
1280 220
1280 221
1280 222
1280 223
1280 224
1280 225
1281 166
1281 167
1281 168
1281 169
1281 170
1281 171
1281 172
1281 173
1281 174
1281 175
1281 176
1281 177
1281 178
1282 194
1282 195
1282 196
1282 197
1282 198
1282 199
1282 200
1282 201
1282 202
1282 203
1282 204
1282 205
1282 206
1282 207
1282 208
1282 209
1282 210
1282 211
1283 228
1283 229
1283 230
1283 231
1283 232
1283 233
1283 234
1283 235
1283 236
1283 237
1283 238
1284 180
1284 181
1284 182
1284 183
1284 184
1284 185
1284 186
1284 187
1284 188
1284 189
1284 190
1284 191
1284 192
1284 193
1284 194
1284 195
1284 196
1285 211
1285 212
1285 213
1285 214
1285 215
1285 216
1285 217
1285 218
1285 219
1285 220
1285 221
1285 222
1285 223
1285 224
1285 225
1285 226
1285 227
1286 168
1286 169
1286 170
1286 171
1286 172
1286 173
1286 174
1286 175
1286 176
1286 177
1286 178
1286 179
1286 180
1287 195
1287 196
1287 197
1287 198
1287 199
1287 200
1287 201
1287 202
1287 203
1287 204
1287 205
1287 206
1287 207
1287 208
1287 209
1287 210
1287 211
1287 212
1287 213
1288 230
1288 231
1288 232
1288 233
1288 234
1288 235
1288 236
1288 237
1288 238
1288 239
1289 181
1289 182
1289 183
1289 184
1289 185
1289 186
1289 187
1289 188
1289 189
1289 190
1289 191
1289 192
1289 193
1289 194
1289 195
1289 196
1289 197
1289 198
1290 212
1290 213
1290 214
1290 215
1290 216
1290 217
1290 218
1290 219
1290 220
1290 221
1290 222
1290 223
1290 224
1290 225
1290 226
1290 227
1290 228
1291 169
1291 170
1291 171
1291 172
1291 173
1291 174
1291 175
1291 176
1291 177
1291 178
1291 179
1291 180
1291 181
1292 197
1292 198
1292 199
1292 200
1292 201
1292 202
1292 203
1292 204
1292 205
1292 206
1292 207
1292 208
1292 209
1292 210
1292 211
1292 212
1292 213
1292 214
1293 232
1293 233
1293 234
1293 235
1293 236
1293 237
1293 238
1293 239
1293 240
1294 183
1294 184
1294 185
1294 186
1294 187
1294 188
1294 189
1294 190
1294 191
1294 192
1294 193
1294 194
1294 195
1294 196
1294 197
1294 198
1294 199
1295 214
1295 215
1295 216
1295 217
1295 218
1295 219
1295 220
1295 221
1295 222
1295 223
1295 224
1295 225
1295 226
1295 227
1295 228
1295 229
1296 170
1296 171
1296 172
1296 173
1296 174
1296 175
1296 176
1296 177
1296 178
1296 179
1296 180
1296 181
1296 182
1296 183
1297 198
1297 199
1297 200
1297 201
1297 202
1297 203
1297 204
1297 205
1297 206
1297 207
1297 208
1297 209
1297 210
1297 211
1297 212
1297 213
1297 214
1297 215
1297 216
1298 162
1298 163
1298 234
1298 235
1298 236
1298 237
1298 238
1298 239
1298 240
1298 241
1299 184
1299 185
1299 186
1299 187
1299 188
1299 189
1299 190
1299 191
1299 192
1299 193
1299 194
1299 195
1299 196
1299 197
1299 198
1299 199
1299 200
1299 201
1300 216
1300 217
1300 218
1300 219
1300 220
1300 221
1300 222
1300 223
1300 224
1300 225
1300 226
1300 227
1300 228
1300 229
1300 230
1301 171
1301 172
1301 173
1301 174
1301 175
1301 176
1301 177
1301 178
1301 179
1301 180
1301 181
1301 182
1301 183
1301 184
1301 185
1302 200
1302 201
1302 202
1302 203
1302 204
1302 205
1302 206
1302 207
1302 208
1302 209
1302 210
1302 211
1302 212
1302 213
1302 214
1302 215
1302 216
1302 217
1303 162
1303 163
1303 164
1303 165
1303 166
1303 237
1303 238
1303 239
1303 240
1303 241
1304 185
1304 186
1304 187
1304 188
1304 189
1304 190
1304 191
1304 192
1304 193
1304 194
1304 195
1304 196
1304 197
1304 198
1304 199
1304 200
1304 201
1304 202
1305 217
1305 218
1305 219
1305 220
1305 221
1305 222
1305 223
1305 224
1305 225
1305 226
1305 227
1305 228
1305 229
1305 230
1305 231
1306 173
1306 174
1306 175
1306 176
1306 177
1306 178
1306 179
1306 180
1306 181
1306 182
1306 183
1306 184
1306 185
1306 186
1307 201
1307 202
1307 203
1307 204
1307 205
1307 206
1307 207
1307 208
1307 209
1307 210
1307 211
1307 212
1307 213
1307 214
1307 215
1307 216
1307 217
1307 218
1308 163
1308 164
1308 165
1308 166
1308 167
1308 168
1309 187
1309 188
1309 189
1309 190
1309 191
1309 192
1309 193
1309 194
1309 195
1309 196
1309 197
1309 198
1309 199
1309 200
1309 201
1309 202
1309 203
1309 204
1310 219
1310 220
1310 221
1310 222
1310 223
1310 224
1310 225
1310 226
1310 227
1310 228
1310 229
1310 230
1310 231
1310 232
1310 233
1311 174
1311 175
1311 176
1311 177
1311 178
1311 179
1311 180
1311 181
1311 182
1311 183
1311 184
1311 185
1311 186
1311 187
1311 188
1312 203
1312 204
1312 205
1312 206
1312 207
1312 208
1312 209
1312 210
1312 211
1312 212
1312 213
1312 214
1312 215
1312 216
1312 217
1312 218
1312 219
1312 220
1313 164
1313 165
1313 166
1313 167
1313 168
1313 169
1313 170
1314 188
1314 189
1314 190
1314 191
1314 192
1314 193
1314 194
1314 195
1314 196
1314 197
1314 198
1314 199
1314 200
1314 201
1314 202
1314 203
1314 204
1314 205
1315 221
1315 222
1315 223
1315 224
1315 225
1315 226
1315 227
1315 228
1315 229
1315 230
1315 231
1315 232
1315 233
1315 234
1316 175
1316 176
1316 177
1316 178
1316 179
1316 180
1316 181
1316 182
1316 183
1316 184
1316 185
1316 186
1316 187
1316 188
1316 189
1317 205
1317 206
1317 207
1317 208
1317 209
1317 210
1317 211
1317 212
1317 213
1317 214
1317 215
1317 216
1317 217
1317 218
1317 219
1317 220
1317 221
1318 165
1318 166
1318 167
1318 168
1318 169
1318 170
1318 171
1318 172
1319 190
1319 191
1319 192
1319 193
1319 194
1319 195
1319 196
1319 197
1319 198
1319 199
1319 200
1319 201
1319 202
1319 203
1319 204
1319 205
1319 206
1319 207
1320 223
1320 224
1320 225
1320 226
1320 227
1320 228
1320 229
1320 230
1320 231
1320 232
1320 233
1320 234
1320 235
1321 176
1321 177
1321 178
1321 179
1321 180
1321 181
1321 182
1321 183
1321 184
1321 185
1321 186
1321 187
1321 188
1321 189
1321 190
1321 191
1322 206
1322 207
1322 208
1322 209
1322 210
1322 211
1322 212
1322 213
1322 214
1322 215
1322 216
1322 217
1322 218
1322 219
1322 220
1322 221
1322 222
1323 166
1323 167
1323 168
1323 169
1323 170
1323 171
1323 172
1323 173
1323 174
1324 191
1324 192
1324 193
1324 194
1324 195
1324 196
1324 197
1324 198
1324 199
1324 200
1324 201
1324 202
1324 203
1324 204
1324 205
1324 206
1324 207
1324 208
1325 225
1325 226
1325 227
1325 228
1325 229
1325 230
1325 231
1325 232
1325 233
1325 234
1325 235
1325 236
1326 178
1326 179
1326 180
1326 181
1326 182
1326 183
1326 184
1326 185
1326 186
1326 187
1326 188
1326 189
1326 190
1326 191
1326 192
1326 193
1327 208
1327 209
1327 210
1327 211
1327 212
1327 213
1327 214
1327 215
1327 216
1327 217
1327 218
1327 219
1327 220
1327 221
1327 222
1327 223
1327 224
1328 167
1328 168
1328 169
1328 170
1328 171
1328 172
1328 173
1328 174
1328 175
1329 193
1329 194
1329 195
1329 196
1329 197
1329 198
1329 199
1329 200
1329 201
1329 202
1329 203
1329 204
1329 205
1329 206
1329 207
1329 208
1329 209
1330 227
1330 228
1330 229
1330 230
1330 231
1330 232
1330 233
1330 234
1330 235
1330 236
1330 237
1331 179
1331 180
1331 181
1331 182
1331 183
1331 184
1331 185
1331 186
1331 187
1331 188
1331 189
1331 190
1331 191
1331 192
1331 193
1331 194
1332 209
1332 210
1332 211
1332 212
1332 213
1332 214
1332 215
1332 216
1332 217
1332 218
1332 219
1332 220
1332 221
1332 222
1332 223
1332 224
1332 225
1333 168
1333 169
1333 170
1333 171
1333 172
1333 173
1333 174
1333 175
1333 176
1333 177
1334 194
1334 195
1334 196
1334 197
1334 198
1334 199
1334 200
1334 201
1334 202
1334 203
1334 204
1334 205
1334 206
1334 207
1334 208
1334 209
1334 210
1334 211
1335 229
1335 230
1335 231
1335 232
1335 233
1335 234
1335 235
1335 236
1335 237
1336 181
1336 182
1336 183
1336 184
1336 185
1336 186
1336 187
1336 188
1336 189
1336 190
1336 191
1336 192
1336 193
1336 194
1336 195
1336 196
1337 211
1337 212
1337 213
1337 214
1337 215
1337 216
1337 217
1337 218
1337 219
1337 220
1337 221
1337 222
1337 223
1337 224
1337 225
1337 226
1338 169
1338 170
1338 171
1338 172
1338 173
1338 174
1338 175
1338 176
1338 177
1338 178
1338 179
1339 196
1339 197
1339 198
1339 199
1339 200
1339 201
1339 202
1339 203
1339 204
1339 205
1339 206
1339 207
1339 208
1339 209
1339 210
1339 211
1339 212
1340 231
1340 232
1340 233
1340 234
1340 235
1340 236
1340 237
1340 238
1341 182
1341 183
1341 184
1341 185
1341 186
1341 187
1341 188
1341 189
1341 190
1341 191
1341 192
1341 193
1341 194
1341 195
1341 196
1341 197
1342 213
1342 214
1342 215
1342 216
1342 217
1342 218
1342 219
1342 220
1342 221
1342 222
1342 223
1342 224
1342 225
1342 226
1342 227
1343 170
1343 171
1343 172
1343 173
1343 174
1343 175
1343 176
1343 177
1343 178
1343 179
1343 180
1344 197
1344 198
1344 199
1344 200
1344 201
1344 202
1344 203
1344 204
1344 205
1344 206
1344 207
1344 208
1344 209
1344 210
1344 211
1344 212
1344 213
1344 214
1345 233
1345 234
1345 235
1345 236
1345 237
1345 238
1345 239
1346 183
1346 184
1346 185
1346 186
1346 187
1346 188
1346 189
1346 190
1346 191
1346 192
1346 193
1346 194
1346 195
1346 196
1346 197
1346 198
1346 199
1347 215
1347 216
1347 217
1347 218
1347 219
1347 220
1347 221
1347 222
1347 223
1347 224
1347 225
1347 226
1347 227
1347 228
1348 171
1348 172
1348 173
1348 174
1348 175
1348 176
1348 177
1348 178
1348 179
1348 180
1348 181
1348 182
1349 199
1349 200
1349 201
1349 202
1349 203
1349 204
1349 205
1349 206
1349 207
1349 208
1349 209
1349 210
1349 211
1349 212
1349 213
1349 214
1349 215
1350 236
1350 237
1350 238
1351 185
1351 186
1351 187
1351 188
1351 189
1351 190
1351 191
1351 192
1351 193
1351 194
1351 195
1351 196
1351 197
1351 198
1351 199
1351 200
1352 216
1352 217
1352 218
1352 219
1352 220
1352 221
1352 222
1352 223
1352 224
1352 225
1352 226
1352 227
1352 228
1352 229
1353 173
1353 174
1353 175
1353 176
1353 177
1353 178
1353 179
1353 180
1353 181
1353 182
1353 183
1353 184
1354 200
1354 201
1354 202
1354 203
1354 204
1354 205
1354 206
1354 207
1354 208
1354 209
1354 210
1354 211
1354 212
1354 213
1354 214
1354 215
1354 216
1356 186
1356 187
1356 188
1356 189
1356 190
1356 191
1356 192
1356 193
1356 194
1356 195
1356 196
1356 197
1356 198
1356 199
1356 200
1356 201
1357 218
1357 219
1357 220
1357 221
1357 222
1357 223
1357 224
1357 225
1357 226
1357 227
1357 228
1357 229
1357 230
1357 231
1358 174
1358 175
1358 176
1358 177
1358 178
1358 179
1358 180
1358 181
1358 182
1358 183
1358 184
1358 185
1359 202
1359 203
1359 204
1359 205
1359 206
1359 207
1359 208
1359 209
1359 210
1359 211
1359 212
1359 213
1359 214
1359 215
1359 216
1359 217
1359 218
1361 188
1361 189
1361 190
1361 191
1361 192
1361 193
1361 194
1361 195
1361 196
1361 197
1361 198
1361 199
1361 200
1361 201
1361 202
1361 203
1362 220
1362 221
1362 222
1362 223
1362 224
1362 225
1362 226
1362 227
1362 228
1362 229
1362 230
1362 231
1362 232
1363 175
1363 176
1363 177
1363 178
1363 179
1363 180
1363 181
1363 182
1363 183
1363 184
1363 185
1363 186
1363 187
1364 204
1364 205
1364 206
1364 207
1364 208
1364 209
1364 210
1364 211
1364 212
1364 213
1364 214
1364 215
1364 216
1364 217
1364 218
1364 219
1366 189
1366 190
1366 191
1366 192
1366 193
1366 194
1366 195
1366 196
1366 197
1366 198
1366 199
1366 200
1366 201
1366 202
1366 203
1366 204
1367 222
1367 223
1367 224
1367 225
1367 226
1367 227
1367 228
1367 229
1367 230
1367 231
1367 232
1367 233
1368 177
1368 178
1368 179
1368 180
1368 181
1368 182
1368 183
1368 184
1368 185
1368 186
1368 187
1368 188
1369 205
1369 206
1369 207
1369 208
1369 209
1369 210
1369 211
1369 212
1369 213
1369 214
1369 215
1369 216
1369 217
1369 218
1369 219
1369 220
1371 191
1371 192
1371 193
1371 194
1371 195
1371 196
1371 197
1371 198
1371 199
1371 200
1371 201
1371 202
1371 203
1371 204
1371 205
1371 206
1372 224
1372 225
1372 226
1372 227
1372 228
1372 229
1372 230
1372 231
1372 232
1372 233
1373 178
1373 179
1373 180
1373 181
1373 182
1373 183
1373 184
1373 185
1373 186
1373 187
1373 188
1373 189
1373 190
1374 207
1374 208
1374 209
1374 210
1374 211
1374 212
1374 213
1374 214
1374 215
1374 216
1374 217
1374 218
1374 219
1374 220
1374 221
1376 192
1376 193
1376 194
1376 195
1376 196
1376 197
1376 198
1376 199
1376 200
1376 201
1376 202
1376 203
1376 204
1376 205
1376 206
1376 207
1377 226
1377 227
1377 228
1377 229
1377 230
1377 231
1377 232
1377 233
1377 234
1378 179
1378 180
1378 181
1378 182
1378 183
1378 184
1378 185
1378 186
1378 187
1378 188
1378 189
1378 190
1378 191
1379 209
1379 210
1379 211
1379 212
1379 213
1379 214
1379 215
1379 216
1379 217
1379 218
1379 219
1379 220
1379 221
1379 222
1380 171
1380 172
1381 194
1381 195
1381 196
1381 197
1381 198
1381 199
1381 200
1381 201
1381 202
1381 203
1381 204
1381 205
1381 206
1381 207
1381 208
1382 228
1382 229
1382 230
1382 231
1382 232
1382 233
1382 234
1382 235
1383 181
1383 182
1383 183
1383 184
1383 185
1383 186
1383 187
1383 188
1383 189
1383 190
1383 191
1383 192
1383 193
1384 211
1384 212
1384 213
1384 214
1384 215
1384 216
1384 217
1384 218
1384 219
1384 220
1384 221
1384 222
1384 223
1384 224
1385 172
1385 173
1385 174
1386 195
1386 196
1386 197
1386 198
1386 199
1386 200
1386 201
1386 202
1386 203
1386 204
1386 205
1386 206
1386 207
1386 208
1386 209
1386 210
1387 231
1387 232
1387 233
1387 234
1387 235
1388 182
1388 183
1388 184
1388 185
1388 186
1388 187
1388 188
1388 189
1388 190
1388 191
1388 192
1388 193
1388 194
1389 212
1389 213
1389 214
1389 215
1389 216
1389 217
1389 218
1389 219
1389 220
1389 221
1389 222
1389 223
1389 224
1389 225
1390 173
1390 174
1390 175
1390 176
1391 197
1391 198
1391 199
1391 200
1391 201
1391 202
1391 203
1391 204
1391 205
1391 206
1391 207
1391 208
1391 209
1391 210
1391 211
1393 184
1393 185
1393 186
1393 187
1393 188
1393 189
1393 190
1393 191
1393 192
1393 193
1393 194
1393 195
1393 196
1394 214
1394 215
1394 216
1394 217
1394 218
1394 219
1394 220
1394 221
1394 222
1394 223
1394 224
1394 225
1394 226
1395 174
1395 175
1395 176
1395 177
1395 178
1396 199
1396 200
1396 201
1396 202
1396 203
1396 204
1396 205
1396 206
1396 207
1396 208
1396 209
1396 210
1396 211
1396 212
1398 185
1398 186
1398 187
1398 188
1398 189
1398 190
1398 191
1398 192
1398 193
1398 194
1398 195
1398 196
1398 197
1399 216
1399 217
1399 218
1399 219
1399 220
1399 221
1399 222
1399 223
1399 224
1399 225
1399 226
1399 227
1400 175
1400 176
1400 177
1400 178
1400 179
1401 200
1401 201
1401 202
1401 203
1401 204
1401 205
1401 206
1401 207
1401 208
1401 209
1401 210
1401 211
1401 212
1401 213
1401 214
1403 187
1403 188
1403 189
1403 190
1403 191
1403 192
1403 193
1403 194
1403 195
1403 196
1403 197
1403 198
1404 218
1404 219
1404 220
1404 221
1404 222
1404 223
1404 224
1404 225
1404 226
1404 227
1404 228
1405 176
1405 177
1405 178
1405 179
1405 180
1405 181
1406 202
1406 203
1406 204
1406 205
1406 206
1406 207
1406 208
1406 209
1406 210
1406 211
1406 212
1406 213
1406 214
1406 215
1408 188
1408 189
1408 190
1408 191
1408 192
1408 193
1408 194
1408 195
1408 196
1408 197
1408 198
1408 199
1408 200
1409 220
1409 221
1409 222
1409 223
1409 224
1409 225
1409 226
1409 227
1409 228
1409 229
1410 177
1410 178
1410 179
1410 180
1410 181
1410 182
1410 183
1411 204
1411 205
1411 206
1411 207
1411 208
1411 209
1411 210
1411 211
1411 212
1411 213
1411 214
1411 215
1411 216
1413 190
1413 191
1413 192
1413 193
1413 194
1413 195
1413 196
1413 197
1413 198
1413 199
1413 200
1413 201
1414 222
1414 223
1414 224
1414 225
1414 226
1414 227
1414 228
1414 229
1415 179
1415 180
1415 181
1415 182
1415 183
1415 184
1416 205
1416 206
1416 207
1416 208
1416 209
1416 210
1416 211
1416 212
1416 213
1416 214
1416 215
1416 216
1416 217
1418 191
1418 192
1418 193
1418 194
1418 195
1418 196
1418 197
1418 198
1418 199
1418 200
1418 201
1418 202
1418 203
1419 225
1419 226
1419 227
1419 228
1419 229
1419 230
1420 180
1420 181
1420 182
1420 183
1420 184
1420 185
1420 186
1421 207
1421 208
1421 209
1421 210
1421 211
1421 212
1421 213
1421 214
1421 215
1421 216
1421 217
1421 218
1423 193
1423 194
1423 195
1423 196
1423 197
1423 198
1423 199
1423 200
1423 201
1423 202
1423 203
1423 204
1424 228
1424 229
1425 181
1425 182
1425 183
1425 184
1425 185
1425 186
1425 187
1426 209
1426 210
1426 211
1426 212
1426 213
1426 214
1426 215
1426 216
1426 217
1426 218
1426 219
1428 195
1428 196
1428 197
1428 198
1428 199
1428 200
1428 201
1428 202
1428 203
1428 204
1428 205
1430 183
1430 184
1430 185
1430 186
1430 187
1430 188
1431 211
1431 212
1431 213
1431 214
1431 215
1431 216
1431 217
1431 218
1431 219
1431 220
1433 196
1433 197
1433 198
1433 199
1433 200
1433 201
1433 202
1433 203
1433 204
1433 205
1433 206
1435 184
1435 185
1435 186
1435 187
1435 188
1435 189
1435 190
1436 213
1436 214
1436 215
1436 216
1436 217
1436 218
1436 219
1436 220
1436 221
1438 198
1438 199
1438 200
1438 201
1438 202
1438 203
1438 204
1438 205
1438 206
1438 207
1438 208
1440 186
1440 187
1440 188
1440 189
1440 190
1440 191
1441 215
1441 216
1441 217
1441 218
1441 219
1441 220
1441 221
1441 222
1443 200
1443 201
1443 202
1443 203
1443 204
1443 205
1443 206
1443 207
1443 208
1443 209
1445 187
1445 188
1445 189
1445 190
1445 191
1445 192
1446 218
1446 219
1446 220
1446 221
1446 222
1446 223
1448 202
1448 203
1448 204
1448 205
1448 206
1448 207
1448 208
1448 209
1448 210
1450 189
1450 190
1450 191
1450 192
1450 193
1450 194
1451 221
1451 222
1453 203
1453 204
1453 205
1453 206
1453 207
1453 208
1453 209
1453 210
1453 211
1455 191
1455 192
1455 193
1455 194
1455 195
1458 205
1458 206
1458 207
1458 208
1458 209
1458 210
1458 211
1458 212
1460 193
1460 194
1460 195
1460 196
1463 208
1463 209
1463 210
1463 211
1463 212
1465 195
1465 196
1465 197
1468 210
1468 211
1468 212
1468 213
2380 200
2380 201
2385 201
2385 202
2385 203
2390 202
2390 203
2390 204
2395 203
2395 204
2395 205
2395 206
2400 204
2400 205
2400 206
2400 207
2400 208
2405 206
2405 207
2405 208
2405 209
2410 207
2410 208
2410 209
2410 210
2412 194
2412 195
2415 209
2415 210
2415 211
2415 212
2417 194
2417 195
2417 196
2417 197
2420 210
2420 211
2420 212
2420 213
2422 195
2422 196
2422 197
2422 198
2422 199
2425 212
2425 213
2425 214
2427 197
2427 198
2427 199
2427 200
2432 198
2432 199
2432 200
2432 201
2432 202
2437 199
2437 200
2437 201
2437 202
2437 203
2442 201
2442 202
2442 203
2442 204
2442 205
2447 202
2447 203
2447 204
2447 205
2447 206
2452 204
2452 205
2452 206
2452 207
2457 205
2457 206
2457 207
2457 208
2457 209
2462 207
2462 208
2462 209
2462 210
2467 209
2467 210
2469 195
2474 196
2474 197
2479 197
2479 198
2484 199
2484 200
2489 201
