0 194
0 195
0 196
0 197
0 198
0 199
0 200
0 201
0 202
0 203
0 204
0 205
0 206
0 207
0 208
1 196
1 197
1 198
1 199
1 200
1 201
1 202
1 203
1 204
1 205
1 206
1 207
1 208
1 209
1 210
2 197
2 198
2 199
2 200
2 201
2 202
2 203
2 204
2 205
2 206
2 207
2 208
2 209
2 210
2 211
2 212
3 199
3 200
3 201
3 202
3 203
3 204
3 205
3 206
3 207
3 208
3 209
3 210
3 211
3 212
3 213
4 201
4 202
4 203
4 204
4 205
4 206
4 207
4 208
4 209
4 210
4 211
4 212
4 213
4 214
4 215
5 203
5 204
5 205
5 206
5 207
5 208
5 209
5 210
5 211
5 212
5 213
5 214
5 215
5 216
5 217
6 204
6 205
6 206
6 207
6 208
6 209
6 210
6 211
6 212
6 213
6 214
6 215
6 216
6 217
6 218
6 219
7 206
7 207
7 208
7 209
7 210
7 211
7 212
7 213
7 214
7 215
7 216
7 217
7 218
7 219
7 220
7 221
8 208
8 209
8 210
8 211
8 212
8 213
8 214
8 215
8 216
8 217
8 218
8 219
8 220
8 221
8 222
9 210
9 211
9 212
9 213
9 214
9 215
9 216
9 217
9 218
9 219
9 220
9 221
9 222
9 223
9 224
10 212
10 213
10 214
10 215
10 216
10 217
10 218
10 219
10 220
10 221
10 222
10 223
10 224
10 225
10 226
11 213
11 214
11 215
11 216
11 217
11 218
11 219
11 220
11 221
11 222
11 223
11 224
11 225
11 226
11 227
12 215
12 216
12 217
12 218
12 219
12 220
12 221
12 222
12 223
12 224
12 225
12 226
12 227
12 228
12 229
13 217
13 218
13 219
13 220
13 221
13 222
13 223
13 224
13 225
13 226
13 227
13 228
13 229
13 230
13 231
14 219
14 220
14 221
14 222
14 223
14 224
14 225
14 226
14 227
14 228
14 229
14 230
14 231
14 232
15 221
15 222
15 223
15 224
15 225
15 226
15 227
15 228
15 229
15 230
15 231
15 232
15 233
15 234
16 159
16 160
16 222
16 223
16 224
16 225
16 226
16 227
16 228
16 229
16 230
16 231
16 232
16 233
16 234
16 235
16 236
17 159
17 160
17 161
17 162
17 163
17 224
17 225
17 226
17 227
17 228
17 229
17 230
17 231
17 232
17 233
17 234
17 235
17 236
17 237
18 160
18 161
18 162
18 163
18 164
18 165
18 226
18 227
18 228
18 229
18 230
18 231
18 232
18 233
18 234
18 235
18 236
18 237
18 238
18 239
19 162
19 163
19 164
19 165
19 166
19 167
19 168
19 228
19 229
19 230
19 231
19 232
19 233
19 234
19 235
19 236
19 237
19 238
19 239
19 240
19 241
20 163
20 164
20 165
20 166
20 167
20 168
20 169
20 170
20 230
20 231
20 232
20 233
20 234
20 235
20 236
20 237
20 238
20 239
20 240
20 241
20 242
21 164
21 165
21 166
21 167
21 168
21 169
21 170
21 171
21 172
21 232
21 233
21 234
21 235
21 236
21 237
21 238
21 239
21 240
21 241
21 242
21 243
21 244
22 166
22 167
22 168
22 169
22 170
22 171
22 172
22 173
22 174
22 233
22 234
22 235
22 236
22 237
22 238
22 239
22 240
22 241
22 242
22 243
22 244
22 245
23 167
23 168
23 169
23 170
23 171
23 172
23 173
23 174
23 175
23 176
23 235
23 236
23 237
23 238
23 239
23 240
23 241
23 242
23 243
23 244
23 245
23 246
23 247
24 168
24 169
24 170
24 171
24 172
24 173
24 174
24 175
24 176
24 177
24 178
24 237
24 238
24 239
24 240
24 241
24 242
24 243
24 244
24 245
24 246
24 247
24 248
25 170
25 171
25 172
25 173
25 174
25 175
25 176
25 177
25 178
25 179
25 180
25 239
25 240
25 241
25 242
25 243
25 244
25 245
25 246
25 247
25 248
25 249
25 250
26 172
26 173
26 174
26 175
26 176
26 177
26 178
26 179
26 180
26 181
26 182
26 241
26 242
26 243
26 244
26 245
26 246
26 247
26 248
26 249
26 250
26 251
27 173
27 174
27 175
27 176
27 177
27 178
27 179
27 180
27 181
27 182
27 183
27 184
27 243
27 244
27 245
27 246
27 247
27 248
27 249
27 250
27 251
27 252
28 175
28 176
28 177
28 178
28 179
28 180
28 181
28 182
28 183
28 184
28 185
28 186
28 245
28 246
28 247
28 248
28 249
28 250
28 251
28 252
28 253
28 254
29 176
29 177
29 178
29 179
29 180
29 181
29 182
29 183
29 184
29 185
29 186
29 187
29 188
29 247
29 248
29 249
29 250
29 251
29 252
29 253
29 254
29 255
30 178
30 179
30 180
30 181
30 182
30 183
30 184
30 185
30 186
30 187
30 188
30 189
30 249
30 250
30 251
30 252
30 253
30 254
30 255
30 256
31 180
31 181
31 182
31 183
31 184
31 185
31 186
31 187
31 188
31 189
31 190
31 191
31 251
31 252
31 253
31 254
31 255
31 256
31 257
32 181
32 182
32 183
32 184
32 185
32 186
32 187
32 188
32 189
32 190
32 191
32 192
32 193
32 254
32 255
32 256
32 257
32 258
33 183
33 184
33 185
33 186
33 187
33 188
33 189
33 190
33 191
33 192
33 193
33 194
33 195
33 256
33 257
33 258
33 259
34 184
34 185
34 186
34 187
34 188
34 189
34 190
34 191
34 192
34 193
34 194
34 195
34 196
34 197
35 186
35 187
35 188
35 189
35 190
35 191
35 192
35 193
35 194
35 195
35 196
35 197
35 198
35 199
36 188
36 189
36 190
36 191
36 192
36 193
36 194
36 195
36 196
36 197
36 198
36 199
36 200
36 201
37 190
37 191
37 192
37 193
37 194
37 195
37 196
37 197
37 198
37 199
37 200
37 201
37 202
37 203
38 191
38 192
38 193
38 194
38 195
38 196
38 197
38 198
38 199
38 200
38 201
38 202
38 203
38 204
39 193
39 194
39 195
39 196
39 197
39 198
39 199
39 200
39 201
39 202
39 203
39 204
39 205
39 206
40 195
40 196
40 197
40 198
40 199
40 200
40 201
40 202
40 203
40 204
40 205
40 206
40 207
40 208
41 196
41 197
41 198
41 199
41 200
41 201
41 202
41 203
41 204
41 205
41 206
41 207
41 208
41 209
41 210
42 198
42 199
42 200
42 201
42 202
42 203
42 204
42 205
42 206
42 207
42 208
42 209
42 210
42 211
42 212
43 200
43 201
43 202
43 203
43 204
43 205
43 206
43 207
43 208
43 209
43 210
43 211
43 212
43 213
44 202
44 203
44 204
44 205
44 206
44 207
44 208
44 209
44 210
44 211
44 212
44 213
44 214
44 215
45 203
45 204
45 205
45 206
45 207
45 208
45 209
45 210
45 211
45 212
45 213
45 214
45 215
45 216
45 217
46 205
46 206
46 207
46 208
46 209
46 210
46 211
46 212
46 213
46 214
46 215
46 216
46 217
46 218
46 219
47 207
47 208
47 209
47 210
47 211
47 212
47 213
47 214
47 215
47 216
47 217
47 218
47 219
47 220
48 209
48 210
48 211
48 212
48 213
48 214
48 215
48 216
48 217
48 218
48 219
48 220
48 221
48 222
49 211
49 212
49 213
49 214
49 215
49 216
49 217
49 218
49 219
49 220
49 221
49 222
49 223
49 224
50 212
50 213
50 214
50 215
50 216
50 217
50 218
50 219
50 220
50 221
50 222
50 223
50 224
50 225
50 226
51 214
51 215
51 216
51 217
51 218
51 219
51 220
51 221
51 222
51 223
51 224
51 225
51 226
51 227
52 216
52 217
52 218
52 219
52 220
52 221
52 222
52 223
52 224
52 225
52 226
52 227
52 228
52 229
53 218
53 219
53 220
53 221
53 222
53 223
53 224
53 225
53 226
53 227
53 228
53 229
53 230
53 231
54 219
54 220
54 221
54 222
54 223
54 224
54 225
54 226
54 227
54 228
54 229
54 230
54 231
54 232
55 221
55 222
55 223
55 224
55 225
55 226
55 227
55 228
55 229
55 230
55 231
55 232
55 233
55 234
56 223
56 224
56 225
56 226
56 227
56 228
56 229
56 230
56 231
56 232
56 233
56 234
56 235
56 236
57 225
57 226
57 227
57 228
57 229
57 230
57 231
57 232
57 233
57 234
57 235
57 236
57 237
58 162
58 163
58 164
58 165
58 227
58 228
58 229
58 230
58 231
58 232
58 233
58 234
58 235
58 236
58 237
58 238
58 239
59 163
59 164
59 165
59 166
59 167
59 229
59 230
59 231
59 232
59 233
59 234
59 235
59 236
59 237
59 238
59 239
59 240
60 164
60 165
60 166
60 167
60 168
60 169
60 230
60 231
60 232
60 233
60 234
60 235
60 236
60 237
60 238
60 239
60 240
60 241
60 242
61 165
61 166
61 167
61 168
61 169
61 170
61 171
61 232
61 233
61 234
61 235
61 236
61 237
61 238
61 239
61 240
61 241
61 242
61 243
62 167
62 168
62 169
62 170
62 171
62 172
62 173
62 174
62 234
62 235
62 236
62 237
62 238
62 239
62 240
62 241
62 242
62 243
62 244
62 245
63 168
63 169
63 170
63 171
63 172
63 173
63 174
63 175
63 176
63 236
63 237
63 238
63 239
63 240
63 241
63 242
63 243
63 244
63 245
63 246
64 170
64 171
64 172
64 173
64 174
64 175
64 176
64 177
64 178
64 238
64 239
64 240
64 241
64 242
64 243
64 244
64 245
64 246
64 247
64 248
65 171
65 172
65 173
65 174
65 175
65 176
65 177
65 178
65 179
65 180
65 240
65 241
65 242
65 243
65 244
65 245
65 246
65 247
65 248
65 249
66 173
66 174
66 175
66 176
66 177
66 178
66 179
66 180
66 181
66 182
66 242
66 243
66 244
66 245
66 246
66 247
66 248
66 249
66 250
67 174
67 175
67 176
67 177
67 178
67 179
67 180
67 181
67 182
67 183
67 244
67 245
67 246
67 247
67 248
67 249
67 250
67 251
67 252
68 176
68 177
68 178
68 179
68 180
68 181
68 182
68 183
68 184
68 185
68 246
68 247
68 248
68 249
68 250
68 251
68 252
68 253
69 177
69 178
69 179
69 180
69 181
69 182
69 183
69 184
69 185
69 186
69 187
69 248
69 249
69 250
69 251
69 252
69 253
69 254
70 179
70 180
70 181
70 182
70 183
70 184
70 185
70 186
70 187
70 188
70 189
70 250
70 251
70 252
70 253
70 254
70 255
71 181
71 182
71 183
71 184
71 185
71 186
71 187
71 188
71 189
71 190
71 191
71 253
71 254
71 255
71 256
72 182
72 183
72 184
72 185
72 186
72 187
72 188
72 189
72 190
72 191
72 192
72 193
72 256
73 184
73 185
73 186
73 187
73 188
73 189
73 190
73 191
73 192
73 193
73 194
73 195
74 186
74 187
74 188
74 189
74 190
74 191
74 192
74 193
74 194
74 195
74 196
74 197
75 187
75 188
75 189
75 190
75 191
75 192
75 193
75 194
75 195
75 196
75 197
75 198
75 199
76 189
76 190
76 191
76 192
76 193
76 194
76 195
76 196
76 197
76 198
76 199
76 200
76 201
77 191
77 192
77 193
77 194
77 195
77 196
77 197
77 198
77 199
77 200
77 201
77 202
78 192
78 193
78 194
78 195
78 196
78 197
78 198
78 199
78 200
78 201
78 202
78 203
78 204
79 194
79 195
79 196
79 197
79 198
79 199
79 200
79 201
79 202
79 203
79 204
79 205
79 206
80 196
80 197
80 198
80 199
80 200
80 201
80 202
80 203
80 204
80 205
80 206
80 207
80 208
81 197
81 198
81 199
81 200
81 201
81 202
81 203
81 204
81 205
81 206
81 207
81 208
81 209
81 210
82 199
82 200
82 201
82 202
82 203
82 204
82 205
82 206
82 207
82 208
82 209
82 210
82 211
83 201
83 202
83 203
83 204
83 205
83 206
83 207
83 208
83 209
83 210
83 211
83 212
83 213
84 203
84 204
84 205
84 206
84 207
84 208
84 209
84 210
84 211
84 212
84 213
84 214
84 215
85 204
85 205
85 206
85 207
85 208
85 209
85 210
85 211
85 212
85 213
85 214
85 215
85 216
85 217
86 206
86 207
86 208
86 209
86 210
86 211
86 212
86 213
86 214
86 215
86 216
86 217
86 218
87 208
87 209
87 210
87 211
87 212
87 213
87 214
87 215
87 216
87 217
87 218
87 219
87 220
88 210
88 211
88 212
88 213
88 214
88 215
88 216
88 217
88 218
88 219
88 220
88 221
88 222
89 211
89 212
89 213
89 214
89 215
89 216
89 217
89 218
89 219
89 220
89 221
89 222
89 223
89 224
90 213
90 214
90 215
90 216
90 217
90 218
90 219
90 220
90 221
90 222
90 223
90 224
90 225
91 215
91 216
91 217
91 218
91 219
91 220
91 221
91 222
91 223
91 224
91 225
91 226
91 227
92 217
92 218
92 219
92 220
92 221
92 222
92 223
92 224
92 225
92 226
92 227
92 228
92 229
93 219
93 220
93 221
93 222
93 223
93 224
93 225
93 226
93 227
93 228
93 229
93 230
94 220
94 221
94 222
94 223
94 224
94 225
94 226
94 227
94 228
94 229
94 230
94 231
94 232
95 222
95 223
95 224
95 225
95 226
95 227
95 228
95 229
95 230
95 231
95 232
95 233
96 224
96 225
96 226
96 227
96 228
96 229
96 230
96 231
96 232
96 233
96 234
96 235
97 226
97 227
97 228
97 229
97 230
97 231
97 232
97 233
97 234
97 235
97 236
97 237
98 228
98 229
98 230
98 231
98 232
98 233
98 234
98 235
98 236
98 237
98 238
99 230
99 231
99 232
99 233
99 234
99 235
99 236
99 237
99 238
99 239
99 240
100 166
100 167
100 168
100 231
100 232
100 233
100 234
100 235
100 236
100 237
100 238
100 239
100 240
100 241
101 167
101 168
101 169
101 170
101 233
101 234
101 235
101 236
101 237
101 238
101 239
101 240
101 241
101 242
101 243
102 169
102 170
102 171
102 172
102 235
102 236
102 237
102 238
102 239
102 240
102 241
102 242
102 243
102 244
103 170
103 171
103 172
103 173
103 174
103 175
103 237
103 238
103 239
103 240
103 241
103 242
103 243
103 244
103 245
104 171
104 172
104 173
104 174
104 175
104 176
104 177
104 239
104 240
104 241
104 242
104 243
104 244
104 245
104 246
104 247
105 173
105 174
105 175
105 176
105 177
105 178
105 179
105 241
105 242
105 243
105 244
105 245
105 246
105 247
105 248
106 174
106 175
106 176
106 177
106 178
106 179
106 180
106 181
106 243
106 244
106 245
106 246
106 247
106 248
106 249
107 176
107 177
107 178
107 179
107 180
107 181
107 182
107 183
107 245
107 246
107 247
107 248
107 249
107 250
108 177
108 178
108 179
108 180
108 181
108 182
108 183
108 184
108 185
108 248
108 249
108 250
108 251
109 179
109 180
109 181
109 182
109 183
109 184
109 185
109 186
109 187
109 250
109 251
109 252
110 180
110 181
110 182
110 183
110 184
110 185
110 186
110 187
110 188
110 189
111 182
111 183
111 184
111 185
111 186
111 187
111 188
111 189
111 190
112 184
112 185
112 186
112 187
112 188
112 189
112 190
112 191
112 192
113 185
113 186
113 187
113 188
113 189
113 190
113 191
113 192
113 193
113 194
114 187
114 188
114 189
114 190
114 191
114 192
114 193
114 194
114 195
114 196
115 189
115 190
115 191
115 192
115 193
115 194
115 195
115 196
115 197
115 198
116 190
116 191
116 192
116 193
116 194
116 195
116 196
116 197
116 198
116 199
116 200
117 192
117 193
117 194
117 195
117 196
117 197
117 198
117 199
117 200
117 201
117 202
118 194
118 195
118 196
118 197
118 198
118 199
118 200
118 201
118 202
118 203
119 195
119 196
119 197
119 198
119 199
119 200
119 201
119 202
119 203
119 204
119 205
120 197
120 198
120 199
120 200
120 201
120 202
120 203
120 204
120 205
120 206
120 207
121 199
121 200
121 201
121 202
121 203
121 204
121 205
121 206
121 207
121 208
121 209
122 201
122 202
122 203
122 204
122 205
122 206
122 207
122 208
122 209
122 210
122 211
123 202
123 203
123 204
123 205
123 206
123 207
123 208
123 209
123 210
123 211
123 212
124 204
124 205
124 206
124 207
124 208
124 209
124 210
124 211
124 212
124 213
124 214
125 206
125 207
125 208
125 209
125 210
125 211
125 212
125 213
125 214
125 215
125 216
126 207
126 208
126 209
126 210
126 211
126 212
126 213
126 214
126 215
126 216
126 217
126 218
127 209
127 210
127 211
127 212
127 213
127 214
127 215
127 216
127 217
127 218
127 219
128 211
128 212
128 213
128 214
128 215
128 216
128 217
128 218
128 219
128 220
128 221
129 213
129 214
129 215
129 216
129 217
129 218
129 219
129 220
129 221
129 222
129 223
130 215
130 216
130 217
130 218
130 219
130 220
130 221
130 222
130 223
130 224
131 216
131 217
131 218
131 219
131 220
131 221
131 222
131 223
131 224
131 225
131 226
132 218
132 219
132 220
132 221
132 222
132 223
132 224
132 225
132 226
132 227
132 228
133 220
133 221
133 222
133 223
133 224
133 225
133 226
133 227
133 228
133 229
134 222
134 223
134 224
134 225
134 226
134 227
134 228
134 229
134 230
134 231
135 224
135 225
135 226
135 227
135 228
135 229
135 230
135 231
135 232
136 225
136 226
136 227
136 228
136 229
136 230
136 231
136 232
136 233
136 234
137 227
137 228
137 229
137 230
137 231
137 232
137 233
137 234
137 235
138 229
138 230
138 231
138 232
138 233
138 234
138 235
138 236
138 237
139 231
139 232
139 233
139 234
139 235
139 236
139 237
139 238
140 233
140 234
140 235
140 236
140 237
140 238
140 239
140 240
141 235
141 236
141 237
141 238
141 239
141 240
141 241
142 237
142 238
142 239
142 240
142 241
142 242
143 239
143 240
143 241
143 242
143 243
143 244
144 241
144 242
144 243
144 244
144 245
145 244
145 245
145 246
146 177
146 178
147 178
147 179
147 180
148 180
148 181
148 182
148 183
149 181
149 182
149 183
149 184
149 185
150 183
150 184
150 185
150 186
150 187
151 184
151 185
151 186
151 187
151 188
151 189
152 186
152 187
152 188
152 189
152 190
152 191
153 187
153 188
153 189
153 190
153 191
153 192
154 189
154 190
154 191
154 192
154 193
154 194
155 191
155 192
155 193
155 194
155 195
155 196
156 192
156 193
156 194
156 195
156 196
156 197
156 198
157 194
157 195
157 196
157 197
157 198
157 199
157 200
158 196
158 197
158 198
158 199
158 200
158 201
158 202
159 197
159 198
159 199
159 200
159 201
159 202
159 203
159 204
160 199
160 200
160 201
160 202
160 203
160 204
160 205
161 201
161 202
161 203
161 204
161 205
161 206
161 207
162 202
162 203
162 204
162 205
162 206
162 207
162 208
162 209
163 204
163 205
163 206
163 207
163 208
163 209
163 210
163 211
164 206
164 207
164 208
164 209
164 210
164 211
164 212
165 208
165 209
165 210
165 211
165 212
165 213
165 214
166 209
166 210
166 211
166 212
166 213
166 214
166 215
166 216
167 211
167 212
167 213
167 214
167 215
167 216
167 217
167 218
168 213
168 214
168 215
168 216
168 217
168 218
168 219
169 215
169 216
169 217
169 218
169 219
169 220
169 221
170 217
170 218
170 219
170 220
170 221
170 222
171 218
171 219
171 220
171 221
171 222
171 223
171 224
172 220
172 221
172 222
172 223
172 224
172 225
172 226
173 222
173 223
173 224
173 225
173 226
173 227
174 224
174 225
174 226
174 227
174 228
174 229
175 226
175 227
175 228
175 229
175 230
176 228
176 229
176 230
176 231
177 230
177 231
177 232
177 233
178 232
178 233
178 234
1576 128
1576 129
1577 129
1577 130
1577 131
1578 130
1578 131
1578 132
1578 133
1579 131
1579 132
1579 133
1579 134
1579 135
1580 133
1580 134
1580 135
1580 136
1580 137
1581 134
1581 135
1581 136
1581 137
1581 138
1582 136
1582 137
1582 138
1582 139
1582 140
1583 137
1583 138
1583 139
1583 140
1583 141
1583 142
1584 139
1584 140
1584 141
1584 142
1584 143
1585 141
1585 142
1585 143
1585 144
1585 145
1586 143
1586 144
1586 145
1586 146
1587 145
1587 146
1587 147
1588 147
1588 148
1588 149
1589 149
1611 119
1611 120
1612 120
1612 121
1612 122
1612 123
1613 121
1613 122
1613 123
1613 124
1613 125
1614 122
1614 123
1614 124
1614 125
1614 126
1614 127
1615 124
1615 125
1615 126
1615 127
1615 128
1615 129
1616 125
1616 126
1616 127
1616 128
1616 129
1616 130
1616 131
1617 126
1617 127
1617 128
1617 129
1617 130
1617 131
1617 132
1617 133
1618 128
1618 129
1618 130
1618 131
1618 132
1618 133
1618 134
1618 135
1619 129
1619 130
1619 131
1619 132
1619 133
1619 134
1619 135
1619 136
1620 131
1620 132
1620 133
1620 134
1620 135
1620 136
1620 137
1620 138
1621 132
1621 133
1621 134
1621 135
1621 136
1621 137
1621 138
1621 139
1621 140
1622 134
1622 135
1622 136
1622 137
1622 138
1622 139
1622 140
1622 141
1623 136
1623 137
1623 138
1623 139
1623 140
1623 141
1623 142
1623 143
1624 137
1624 138
1624 139
1624 140
1624 141
1624 142
1624 143
1624 144
1625 139
1625 140
1625 141
1625 142
1625 143
1625 144
1625 145
1625 146
1626 141
1626 142
1626 143
1626 144
1626 145
1626 146
1626 147
1627 143
1627 144
1627 145
1627 146
1627 147
1627 148
1627 149
1628 144
1628 145
1628 146
1628 147
1628 148
1628 149
1628 150
1629 146
1629 147
1629 148
1629 149
1629 150
1629 151
1629 152
1630 148
1630 149
1630 150
1630 151
1630 152
1630 153
1631 151
1631 152
1631 153
1631 154
1632 153
1632 154
1648 114
1648 115
1649 115
1649 116
1649 117
1649 118
1650 116
1650 117
1650 118
1650 119
1650 120
1651 117
1651 118
1651 119
1651 120
1651 121
1651 122
1652 118
1652 119
1652 120
1652 121
1652 122
1652 123
1652 124
1653 119
1653 120
1653 121
1653 122
1653 123
1653 124
1653 125
1653 126
1654 121
1654 122
1654 123
1654 124
1654 125
1654 126
1654 127
1654 128
1655 122
1655 123
1655 124
1655 125
1655 126
1655 127
1655 128
1655 129
1655 130
1656 124
1656 125
1656 126
1656 127
1656 128
1656 129
1656 130
1656 131
1656 132
1657 125
1657 126
1657 127
1657 128
1657 129
1657 130
1657 131
1657 132
1657 133
1658 127
1658 128
1658 129
1658 130
1658 131
1658 132
1658 133
1658 134
1658 135
1659 128
1659 129
1659 130
1659 131
1659 132
1659 133
1659 134
1659 135
1659 136
1659 137
1660 130
1660 131
1660 132
1660 133
1660 134
1660 135
1660 136
1660 137
1660 138
1661 131
1661 132
1661 133
1661 134
1661 135
1661 136
1661 137
1661 138
1661 139
1661 140
1662 133
1662 134
1662 135
1662 136
1662 137
1662 138
1662 139
1662 140
1662 141
1662 142
1663 135
1663 136
1663 137
1663 138
1663 139
1663 140
1663 141
1663 142
1663 143
1664 136
1664 137
1664 138
1664 139
1664 140
1664 141
1664 142
1664 143
1664 144
1664 145
1665 138
1665 139
1665 140
1665 141
1665 142
1665 143
1665 144
1665 145
1665 146
1666 140
1666 141
1666 142
1666 143
1666 144
1666 145
1666 146
1666 147
1666 148
1667 142
1667 143
1667 144
1667 145
1667 146
1667 147
1667 148
1667 149
1668 144
1668 145
1668 146
1668 147
1668 148
1668 149
1668 150
1668 151
1669 146
1669 147
1669 148
1669 149
1669 150
1669 151
1669 152
1670 148
1670 149
1670 150
1670 151
1670 152
1670 153
1671 150
1671 151
1671 152
1671 153
1671 154
1672 152
1672 153
1672 154
1672 155
1686 111
1687 111
1687 112
1687 113
1687 114
1688 112
1688 113
1688 114
1688 115
1688 116
1688 117
1689 113
1689 114
1689 115
1689 116
1689 117
1689 118
1689 119
1690 114
1690 115
1690 116
1690 117
1690 118
1690 119
1690 120
1690 121
1691 116
1691 117
1691 118
1691 119
1691 120
1691 121
1691 122
1691 123
1692 117
1692 118
1692 119
1692 120
1692 121
1692 122
1692 123
1692 124
1692 125
1693 118
1693 119
1693 120
1693 121
1693 122
1693 123
1693 124
1693 125
1693 126
1694 120
1694 121
1694 122
1694 123
1694 124
1694 125
1694 126
1694 127
1694 128
1695 121
1695 122
1695 123
1695 124
1695 125
1695 126
1695 127
1695 128
1695 129
1695 130
1696 123
1696 124
1696 125
1696 126
1696 127
1696 128
1696 129
1696 130
1696 131
1696 132
1697 124
1697 125
1697 126
1697 127
1697 128
1697 129
1697 130
1697 131
1697 132
1697 133
1697 134
1698 126
1698 127
1698 128
1698 129
1698 130
1698 131
1698 132
1698 133
1698 134
1698 135
1699 128
1699 129
1699 130
1699 131
1699 132
1699 133
1699 134
1699 135
1699 136
1699 137
1700 129
1700 130
1700 131
1700 132
1700 133
1700 134
1700 135
1700 136
1700 137
1700 138
1701 131
1701 132
1701 133
1701 134
1701 135
1701 136
1701 137
1701 138
1701 139
1701 140
1702 133
1702 134
1702 135
1702 136
1702 137
1702 138
1702 139
1702 140
1702 141
1702 142
1703 134
1703 135
1703 136
1703 137
1703 138
1703 139
1703 140
1703 141
1703 142
1703 143
1704 136
1704 137
1704 138
1704 139
1704 140
1704 141
1704 142
1704 143
1704 144
1704 145
1705 138
1705 139
1705 140
1705 141
1705 142
1705 143
1705 144
1705 145
1705 146
1706 140
1706 141
1706 142
1706 143
1706 144
1706 145
1706 146
1706 147
1706 148
1707 142
1707 143
1707 144
1707 145
1707 146
1707 147
1707 148
1707 149
1708 144
1708 145
1708 146
1708 147
1708 148
1708 149
1708 150
1709 146
1709 147
1709 148
1709 149
1709 150
1709 151
1710 148
1710 149
1710 150
1710 151
1710 152
1710 153
1711 151
1711 152
1711 153
1725 108
1725 109
1725 110
1726 109
1726 110
1726 111
1726 112
1727 110
1727 111
1727 112
1727 113
1727 114
1727 115
1728 111
1728 112
1728 113
1728 114
1728 115
1728 116
1728 117
1729 112
1729 113
1729 114
1729 115
1729 116
1729 117
1729 118
1729 119
1730 114
1730 115
1730 116
1730 117
1730 118
1730 119
1730 120
1730 121
1731 115
1731 116
1731 117
1731 118
1731 119
1731 120
1731 121
1731 122
1731 123
1732 116
1732 117
1732 118
1732 119
1732 120
1732 121
1732 122
1732 123
1732 124
1732 125
1733 118
1733 119
1733 120
1733 121
1733 122
1733 123
1733 124
1733 125
1733 126
1734 119
1734 120
1734 121
1734 122
1734 123
1734 124
1734 125
1734 126
1734 127
1734 128
1735 121
1735 122
1735 123
1735 124
1735 125
1735 126
1735 127
1735 128
1735 129
1735 130
1736 123
1736 124
1736 125
1736 126
1736 127
1736 128
1736 129
1736 130
1736 131
1736 132
1737 124
1737 125
1737 126
1737 127
1737 128
1737 129
1737 130
1737 131
1737 132
1737 133
1738 126
1738 127
1738 128
1738 129
1738 130
1738 131
1738 132
1738 133
1738 134
1738 135
1739 128
1739 129
1739 130
1739 131
1739 132
1739 133
1739 134
1739 135
1739 136
1740 129
1740 130
1740 131
1740 132
1740 133
1740 134
1740 135
1740 136
1740 137
1740 138
1741 131
1741 132
1741 133
1741 134
1741 135
1741 136
1741 137
1741 138
1741 139
1741 140
1742 133
1742 134
1742 135
1742 136
1742 137
1742 138
1742 139
1742 140
1742 141
1743 135
1743 136
1743 137
1743 138
1743 139
1743 140
1743 141
1743 142
1743 143
1744 137
1744 138
1744 139
1744 140
1744 141
1744 142
1744 143
1744 144
1745 139
1745 140
1745 141
1745 142
1745 143
1745 144
1745 145
1746 141
1746 142
1746 143
1746 144
1746 145
1746 146
1746 147
1747 143
1747 144
1747 145
1747 146
1747 147
1747 148
1748 145
1748 146
1748 147
1748 148
1748 149
1749 147
1749 148
1749 149
1749 150
1764 107
1765 107
1765 108
1765 109
1765 110
1766 108
1766 109
1766 110
1766 111
1766 112
1767 109
1767 110
1767 111
1767 112
1767 113
1767 114
1767 115
1768 111
1768 112
1768 113
1768 114
1768 115
1768 116
1768 117
1769 112
1769 113
1769 114
1769 115
1769 116
1769 117
1769 118
1770 113
1770 114
1770 115
1770 116
1770 117
1770 118
1770 119
1770 120
1771 115
1771 116
1771 117
1771 118
1771 119
1771 120
1771 121
1771 122
1772 116
1772 117
1772 118
1772 119
1772 120
1772 121
1772 122
1772 123
1772 124
1773 118
1773 119
1773 120
1773 121
1773 122
1773 123
1773 124
1773 125
1773 126
1774 120
1774 121
1774 122
1774 123
1774 124
1774 125
1774 126
1774 127
1775 121
1775 122
1775 123
1775 124
1775 125
1775 126
1775 127
1775 128
1775 129
1776 123
1776 124
1776 125
1776 126
1776 127
1776 128
1776 129
1776 130
1776 131
1777 125
1777 126
1777 127
1777 128
1777 129
1777 130
1777 131
1777 132
1778 126
1778 127
1778 128
1778 129
1778 130
1778 131
1778 132
1778 133
1778 134
1779 128
1779 129
1779 130
1779 131
1779 132
1779 133
1779 134
1779 135
1779 136
1780 130
1780 131
1780 132
1780 133
1780 134
1780 135
1780 136
1780 137
1781 132
1781 133
1781 134
1781 135
1781 136
1781 137
1781 138
1781 139
1782 134
1782 135
1782 136
1782 137
1782 138
1782 139
1782 140
1783 136
1783 137
1783 138
1783 139
1783 140
1783 141
1784 138
1784 139
1784 140
1784 141
1784 142
1785 140
1785 141
1785 142
1785 143
1786 143
1786 144
1805 107
1805 108
1805 109
1806 108
1806 109
1806 110
1806 111
1806 112
1807 109
1807 110
1807 111
1807 112
1807 113
1807 114
1808 111
1808 112
1808 113
1808 114
1808 115
1808 116
1809 112
1809 113
1809 114
1809 115
1809 116
1809 117
1809 118
1810 114
1810 115
1810 116
1810 117
1810 118
1810 119
1811 115
1811 116
1811 117
1811 118
1811 119
1811 120
1811 121
1812 117
1812 118
1812 119
1812 120
1812 121
1812 122
1812 123
1813 118
1813 119
1813 120
1813 121
1813 122
1813 123
1813 124
1813 125
1814 120
1814 121
1814 122
1814 123
1814 124
1814 125
1814 126
1815 122
1815 123
1815 124
1815 125
1815 126
1815 127
1815 128
1816 124
1816 125
1816 126
1816 127
1816 128
1816 129
1817 126
1817 127
1817 128
1817 129
1817 130
1817 131
1818 127
1818 128
1818 129
1818 130
1818 131
1818 132
1819 129
1819 130
1819 131
1819 132
1819 133
1819 134
1820 132
1820 133
1820 134
1820 135
1821 134
1821 135
1821 136
1847 111
1848 112
1848 113
1849 114
1849 115
1850 115
1850 116
1850 117
1851 117
1851 118
1851 119
1852 119
1852 120
1853 120
1853 121
1853 122
1854 123
3885 154
3885 155
3886 155
3886 156
3886 157
3887 157
3887 158
3887 159
3888 158
3888 159
3888 160
3888 161
3889 160
3889 161
3889 162
3889 163
3890 162
3890 163
3890 164
3890 165
3891 164
3891 165
3891 166
3892 166
3892 167
3892 168
3893 168
3893 169
3894 170
3894 171
3895 172
3923 152
3924 153
3924 154
3924 155
3925 154
3925 155
3925 156
3925 157
3926 156
3926 157
3926 158
3926 159
3927 157
3927 158
3927 159
3927 160
3927 161
3928 159
3928 160
3928 161
3928 162
3928 163
3929 160
3929 161
3929 162
3929 163
3929 164
3929 165
3930 162
3930 163
3930 164
3930 165
3930 166
3930 167
3931 164
3931 165
3931 166
3931 167
3931 168
3931 169
3932 166
3932 167
3932 168
3932 169
3932 170
3933 167
3933 168
3933 169
3933 170
3933 171
3933 172
3934 169
3934 170
3934 171
3934 172
3934 173
3934 174
3935 171
3935 172
3935 173
3935 174
3935 175
3936 173
3936 174
3936 175
3936 176
3936 177
3937 175
3937 176
3937 177
3937 178
3938 178
3938 179
3938 180
3939 180
3939 181
3963 153
3963 154
3964 154
3964 155
3964 156
3965 155
3965 156
3965 157
3965 158
3965 159
3966 156
3966 157
3966 158
3966 159
3966 160
3966 161
3967 158
3967 159
3967 160
3967 161
3967 162
3967 163
3968 160
3968 161
3968 162
3968 163
3968 164
3968 165
3969 161
3969 162
3969 163
3969 164
3969 165
3969 166
3969 167
3970 163
3970 164
3970 165
3970 166
3970 167
3970 168
3970 169
3971 165
3971 166
3971 167
3971 168
3971 169
3971 170
3971 171
3972 166
3972 167
3972 168
3972 169
3972 170
3972 171
3972 172
3973 168
3973 169
3973 170
3973 171
3973 172
3973 173
3973 174
3974 170
3974 171
3974 172
3974 173
3974 174
3974 175
3974 176
3975 172
3975 173
3975 174
3975 175
3975 176
3975 177
3975 178
3976 174
3976 175
3976 176
3976 177
3976 178
3976 179
3977 176
3977 177
3977 178
3977 179
3977 180
3977 181
3978 178
3978 179
3978 180
3978 181
3978 182
3978 183
3979 180
3979 181
3979 182
3979 183
3979 184
3980 182
3980 183
3980 184
3980 185
3981 184
3981 185
3981 186
3981 187
3982 187
3982 188
4003 154
4003 155
4004 155
4004 156
4004 157
4004 158
4005 156
4005 157
4005 158
4005 159
4005 160
4006 158
4006 159
4006 160
4006 161
4006 162
4006 163
4007 159
4007 160
4007 161
4007 162
4007 163
4007 164
4007 165
4008 161
4008 162
4008 163
4008 164
4008 165
4008 166
4008 167
4009 162
4009 163
4009 164
4009 165
4009 166
4009 167
4009 168
4009 169
4010 164
4010 165
4010 166
4010 167
4010 168
4010 169
4010 170
4010 171
4011 166
4011 167
4011 168
4011 169
4011 170
4011 171
4011 172
4012 167
4012 168
4012 169
4012 170
4012 171
4012 172
4012 173
4012 174
4013 169
4013 170
4013 171
4013 172
4013 173
4013 174
4013 175
4013 176
4014 171
4014 172
4014 173
4014 174
4014 175
4014 176
4014 177
4014 178
4015 173
4015 174
4015 175
4015 176
4015 177
4015 178
4015 179
4015 180
4016 174
4016 175
4016 176
4016 177
4016 178
4016 179
4016 180
4016 181
4017 176
4017 177
4017 178
4017 179
4017 180
4017 181
4017 182
4017 183
4018 178
4018 179
4018 180
4018 181
4018 182
4018 183
4018 184
4018 185
4019 180
4019 181
4019 182
4019 183
4019 184
4019 185
4019 186
4019 187
4020 182
4020 183
4020 184
4020 185
4020 186
4020 187
4020 188
4021 184
4021 185
4021 186
4021 187
4021 188
4021 189
4021 190
4022 186
4022 187
4022 188
4022 189
4022 190
4022 191
4023 189
4023 190
4023 191
4023 192
4023 193
4024 191
4024 192
4024 193
4024 194
4025 194
4025 195
4043 155
4043 156
4043 157
4044 156
4044 157
4044 158
4044 159
4044 160
4045 158
4045 159
4045 160
4045 161
4045 162
4046 159
4046 160
4046 161
4046 162
4046 163
4046 164
4047 160
4047 161
4047 162
4047 163
4047 164
4047 165
4047 166
4048 162
4048 163
4048 164
4048 165
4048 166
4048 167
4048 168
4049 163
4049 164
4049 165
4049 166
4049 167
4049 168
4049 169
4049 170
4050 165
4050 166
4050 167
4050 168
4050 169
4050 170
4050 171
4050 172
4051 167
4051 168
4051 169
4051 170
4051 171
4051 172
4051 173
4051 174
4052 168
4052 169
4052 170
4052 171
4052 172
4052 173
4052 174
4052 175
4052 176
4053 170
4053 171
4053 172
4053 173
4053 174
4053 175
4053 176
4053 177
4053 178
4054 172
4054 173
4054 174
4054 175
4054 176
4054 177
4054 178
4054 179
4054 180
4055 173
4055 174
4055 175
4055 176
4055 177
4055 178
4055 179
4055 180
4055 181
4055 182
4056 175
4056 176
4056 177
4056 178
4056 179
4056 180
4056 181
4056 182
4056 183
4056 184
4057 177
4057 178
4057 179
4057 180
4057 181
4057 182
4057 183
4057 184
4057 185
4058 179
4058 180
4058 181
4058 182
4058 183
4058 184
4058 185
4058 186
4058 187
4059 181
4059 182
4059 183
4059 184
4059 185
4059 186
4059 187
4059 188
4059 189
4060 183
4060 184
4060 185
4060 186
4060 187
4060 188
4060 189
4060 190
4060 191
4061 185
4061 186
4061 187
4061 188
4061 189
4061 190
4061 191
4061 192
4062 187
4062 188
4062 189
4062 190
4062 191
4062 192
4062 193
4062 194
4063 189
4063 190
4063 191
4063 192
4063 193
4063 194
4063 195
4063 196
4064 191
4064 192
4064 193
4064 194
4064 195
4064 196
4064 197
4065 193
4065 194
4065 195
4065 196
4065 197
4065 198
4065 199
4066 195
4066 196
4066 197
4066 198
4066 199
4066 200
4066 201
4067 198
4067 199
4067 200
4067 201
4067 202
4068 200
4068 201
4068 202
4068 203
4068 204
4069 202
4069 203
4069 204
4069 205
4070 206
4083 156
4083 157
4083 158
4083 159
4084 157
4084 158
4084 159
4084 160
4084 161
4084 162
4085 159
4085 160
4085 161
4085 162
4085 163
4085 164
4086 160
4086 161
4086 162
4086 163
4086 164
4086 165
4086 166
4087 161
4087 162
4087 163
4087 164
4087 165
4087 166
4087 167
4087 168
4088 163
4088 164
4088 165
4088 166
4088 167
4088 168
4088 169
4088 170
4089 164
4089 165
4089 166
4089 167
4089 168
4089 169
4089 170
4089 171
4089 172
4090 166
4090 167
4090 168
4090 169
4090 170
4090 171
4090 172
4090 173
4090 174
4091 168
4091 169
4091 170
4091 171
4091 172
4091 173
4091 174
4091 175
4091 176
4092 169
4092 170
4092 171
4092 172
4092 173
4092 174
4092 175
4092 176
4092 177
4092 178
4093 171
4093 172
4093 173
4093 174
4093 175
4093 176
4093 177
4093 178
4093 179
4093 180
4094 173
4094 174
4094 175
4094 176
4094 177
4094 178
4094 179
4094 180
4094 181
4094 182
4095 174
4095 175
4095 176
4095 177
4095 178
4095 179
4095 180
4095 181
4095 182
4095 183
4095 184
4096 176
4096 177
4096 178
4096 179
4096 180
4096 181
4096 182
4096 183
4096 184
4096 185
4096 186
4097 178
4097 179
4097 180
4097 181
4097 182
4097 183
4097 184
4097 185
4097 186
4097 187
4097 188
4098 180
4098 181
4098 182
4098 183
4098 184
4098 185
4098 186
4098 187
4098 188
4098 189
4099 182
4099 183
4099 184
4099 185
4099 186
4099 187
4099 188
4099 189
4099 190
4099 191
4100 184
4100 185
4100 186
4100 187
4100 188
4100 189
4100 190
4100 191
4100 192
4100 193
4101 185
4101 186
4101 187
4101 188
4101 189
4101 190
4101 191
4101 192
4101 193
4101 194
4101 195
4102 187
4102 188
4102 189
4102 190
4102 191
4102 192
4102 193
4102 194
4102 195
4102 196
4102 197
4103 189
4103 190
4103 191
4103 192
4103 193
4103 194
4103 195
4103 196
4103 197
4103 198
4103 199
4104 191
4104 192
4104 193
4104 194
4104 195
4104 196
4104 197
4104 198
4104 199
4104 200
4105 193
4105 194
4105 195
4105 196
4105 197
4105 198
4105 199
4105 200
4105 201
4105 202
4106 195
4106 196
4106 197
4106 198
4106 199
4106 200
4106 201
4106 202
4106 203
4106 204
4107 197
4107 198
4107 199
4107 200
4107 201
4107 202
4107 203
4107 204
4107 205
4107 206
4108 199
4108 200
4108 201
4108 202
4108 203
4108 204
4108 205
4108 206
4108 207
4109 202
4109 203
4109 204
4109 205
4109 206
4109 207
4109 208
4109 209
4110 204
4110 205
4110 206
4110 207
4110 208
4110 209
4110 210
4110 211
4111 206
4111 207
4111 208
4111 209
4111 210
4111 211
4111 212
4111 213
4112 208
4112 209
4112 210
4112 211
4112 212
4112 213
4112 214
4113 210
4113 211
4113 212
4113 213
4113 214
4113 215
4113 216
4114 212
4114 213
4114 214
4114 215
4114 216
4114 217
4114 218
4115 215
4115 216
4115 217
4115 218
4115 219
4116 217
4116 218
4116 219
4116 220
4116 221
4117 220
4117 221
4117 222
4118 222
4118 223
4122 157
4122 158
4122 159
4123 157
4123 158
4123 159
4123 160
4123 161
4124 158
4124 159
4124 160
4124 161
4124 162
4124 163
4124 164
4125 160
4125 161
4125 162
4125 163
4125 164
4125 165
4125 166
4126 161
4126 162
4126 163
4126 164
4126 165
4126 166
4126 167
4126 168
4127 162
4127 163
4127 164
4127 165
4127 166
4127 167
4127 168
4127 169
4127 170
4128 164
4128 165
4128 166
4128 167
4128 168
4128 169
4128 170
4128 171
4128 172
4129 165
4129 166
4129 167
4129 168
4129 169
4129 170
4129 171
4129 172
4129 173
4129 174
4130 167
4130 168
4130 169
4130 170
4130 171
4130 172
4130 173
4130 174
4130 175
4130 176
4131 169
4131 170
4131 171
4131 172
4131 173
4131 174
4131 175
4131 176
4131 177
4131 178
4132 170
4132 171
4132 172
4132 173
4132 174
4132 175
4132 176
4132 177
4132 178
4132 179
4132 180
4133 172
4133 173
4133 174
4133 175
4133 176
4133 177
4133 178
4133 179
4133 180
4133 181
4133 182
4134 174
4134 175
4134 176
4134 177
4134 178
4134 179
4134 180
4134 181
4134 182
4134 183
4134 184
4135 175
4135 176
4135 177
4135 178
4135 179
4135 180
4135 181
4135 182
4135 183
4135 184
4135 185
4135 186
4136 177
4136 178
4136 179
4136 180
4136 181
4136 182
4136 183
4136 184
4136 185
4136 186
4136 187
4136 188
4137 179
4137 180
4137 181
4137 182
4137 183
4137 184
4137 185
4137 186
4137 187
4137 188
4137 189
4137 190
4138 181
4138 182
4138 183
4138 184
4138 185
4138 186
4138 187
4138 188
4138 189
4138 190
4138 191
4138 192
4139 182
4139 183
4139 184
4139 185
4139 186
4139 187
4139 188
4139 189
4139 190
4139 191
4139 192
4139 193
4140 184
4140 185
4140 186
4140 187
4140 188
4140 189
4140 190
4140 191
4140 192
4140 193
4140 194
4140 195
4141 186
4141 187
4141 188
4141 189
4141 190
4141 191
4141 192
4141 193
4141 194
4141 195
4141 196
4141 197
4142 188
4142 189
4142 190
4142 191
4142 192
4142 193
4142 194
4142 195
4142 196
4142 197
4142 198
4142 199
4143 190
4143 191
4143 192
4143 193
4143 194
4143 195
4143 196
4143 197
4143 198
4143 199
4143 200
4143 201
4144 192
4144 193
4144 194
4144 195
4144 196
4144 197
4144 198
4144 199
4144 200
4144 201
4144 202
4144 203
4145 194
4145 195
4145 196
4145 197
4145 198
4145 199
4145 200
4145 201
4145 202
4145 203
4145 204
4145 205
4146 196
4146 197
4146 198
4146 199
4146 200
4146 201
4146 202
4146 203
4146 204
4146 205
4146 206
4146 207
4147 198
4147 199
4147 200
4147 201
4147 202
4147 203
4147 204
4147 205
4147 206
4147 207
4147 208
4148 200
4148 201
4148 202
4148 203
4148 204
4148 205
4148 206
4148 207
4148 208
4148 209
4148 210
4149 202
4149 203
4149 204
4149 205
4149 206
4149 207
4149 208
4149 209
4149 210
4149 211
4149 212
4150 204
4150 205
4150 206
4150 207
4150 208
4150 209
4150 210
4150 211
4150 212
4150 213
4150 214
4151 206
4151 207
4151 208
4151 209
4151 210
4151 211
4151 212
4151 213
4151 214
4151 215
4151 216
4152 208
4152 209
4152 210
4152 211
4152 212
4152 213
4152 214
4152 215
4152 216
4152 217
4153 210
4153 211
4153 212
4153 213
4153 214
4153 215
4153 216
4153 217
4153 218
4153 219
4154 212
4154 213
4154 214
4154 215
4154 216
4154 217
4154 218
4154 219
4154 220
4154 221
4155 214
4155 215
4155 216
4155 217
4155 218
4155 219
4155 220
4155 221
4155 222
4155 223
4156 216
4156 217
4156 218
4156 219
4156 220
4156 221
4156 222
4156 223
4156 224
4156 225
4157 218
4157 219
4157 220
4157 221
4157 222
4157 223
4157 224
4157 225
4157 226
4158 220
4158 221
4158 222
4158 223
4158 224
4158 225
4158 226
4158 227
4158 228
4159 222
4159 223
4159 224
4159 225
4159 226
4159 227
4159 228
4159 229
4159 230
4160 224
4160 225
4160 226
4160 227
4160 228
4160 229
4160 230
4160 231
4161 157
4161 158
4161 226
4161 227
4161 228
4161 229
4161 230
4161 231
4161 232
4161 233
4162 157
4162 158
4162 159
4162 160
4162 161
4162 228
4162 229
4162 230
4162 231
4162 232
4162 233
4162 234
4162 235
4163 158
4163 159
4163 160
4163 161
4163 162
4163 163
4163 230
4163 231
4163 232
4163 233
4163 234
4163 235
4163 236
4164 159
4164 160
4164 161
4164 162
4164 163
4164 164
4164 165
4164 166
4164 232
4164 233
4164 234
4164 235
4164 236
4164 237
4164 238
4165 161
4165 162
4165 163
4165 164
4165 165
4165 166
4165 167
4165 168
4165 235
4165 236
4165 237
4165 238
4165 239
4166 162
4166 163
4166 164
4166 165
4166 166
4166 167
4166 168
4166 169
4166 170
4166 237
4166 238
4166 239
4166 240
4166 241
4167 163
4167 164
4167 165
4167 166
4167 167
4167 168
4167 169
4167 170
4167 171
4167 172
4167 239
4167 240
4167 241
4167 242
4168 165
4168 166
4168 167
4168 168
4168 169
4168 170
4168 171
4168 172
4168 173
4168 174
4168 242
4168 243
4169 166
4169 167
4169 168
4169 169
4169 170
4169 171
4169 172
4169 173
4169 174
4169 175
4169 176
4170 168
4170 169
4170 170
4170 171
4170 172
4170 173
4170 174
4170 175
4170 176
4170 177
4170 178
4171 170
4171 171
4171 172
4171 173
4171 174
4171 175
4171 176
4171 177
4171 178
4171 179
4171 180
4172 171
4172 172
4172 173
4172 174
4172 175
4172 176
4172 177
4172 178
4172 179
4172 180
4172 181
4172 182
4173 173
4173 174
4173 175
4173 176
4173 177
4173 178
4173 179
4173 180
4173 181
4173 182
4173 183
4173 184
4174 174
4174 175
4174 176
4174 177
4174 178
4174 179
4174 180
4174 181
4174 182
4174 183
4174 184
4174 185
4174 186
4175 176
4175 177
4175 178
4175 179
4175 180
4175 181
4175 182
4175 183
4175 184
4175 185
4175 186
4175 187
4175 188
4176 178
4176 179
4176 180
4176 181
4176 182
4176 183
4176 184
4176 185
4176 186
4176 187
4176 188
4176 189
4176 190
4177 180
4177 181
4177 182
4177 183
4177 184
4177 185
4177 186
4177 187
4177 188
4177 189
4177 190
4177 191
4177 192
4178 181
4178 182
4178 183
4178 184
4178 185
4178 186
4178 187
4178 188
4178 189
4178 190
4178 191
4178 192
4178 193
4178 194
4179 183
4179 184
4179 185
4179 186
4179 187
4179 188
4179 189
4179 190
4179 191
4179 192
4179 193
4179 194
4179 195
4180 185
4180 186
4180 187
4180 188
4180 189
4180 190
4180 191
4180 192
4180 193
4180 194
4180 195
4180 196
4180 197
4181 187
4181 188
4181 189
4181 190
4181 191
4181 192
4181 193
4181 194
4181 195
4181 196
4181 197
4181 198
4181 199
4182 189
4182 190
4182 191
4182 192
4182 193
4182 194
4182 195
4182 196
4182 197
4182 198
4182 199
4182 200
4182 201
4183 190
4183 191
4183 192
4183 193
4183 194
4183 195
4183 196
4183 197
4183 198
4183 199
4183 200
4183 201
4183 202
4183 203
4184 192
4184 193
4184 194
4184 195
4184 196
4184 197
4184 198
4184 199
4184 200
4184 201
4184 202
4184 203
4184 204
4184 205
4185 194
4185 195
4185 196
4185 197
4185 198
4185 199
4185 200
4185 201
4185 202
4185 203
4185 204
4185 205
4185 206
4185 207
4186 196
4186 197
4186 198
4186 199
4186 200
4186 201
4186 202
4186 203
4186 204
4186 205
4186 206
4186 207
4186 208
4186 209
4187 198
4187 199
4187 200
4187 201
4187 202
4187 203
4187 204
4187 205
4187 206
4187 207
4187 208
4187 209
4187 210
4188 200
4188 201
4188 202
4188 203
4188 204
4188 205
4188 206
4188 207
4188 208
4188 209
4188 210
4188 211
4188 212
4189 202
4189 203
4189 204
4189 205
4189 206
4189 207
4189 208
4189 209
4189 210
4189 211
4189 212
4189 213
4189 214
4190 204
4190 205
4190 206
4190 207
4190 208
4190 209
4190 210
4190 211
4190 212
4190 213
4190 214
4190 215
4190 216
4191 206
4191 207
4191 208
4191 209
4191 210
4191 211
4191 212
4191 213
4191 214
4191 215
4191 216
4191 217
4191 218
4192 208
4192 209
4192 210
4192 211
4192 212
4192 213
4192 214
4192 215
4192 216
4192 217
4192 218
4192 219
4192 220
4193 210
4193 211
4193 212
4193 213
4193 214
4193 215
4193 216
4193 217
4193 218
4193 219
4193 220
4193 221
4194 211
4194 212
4194 213
4194 214
4194 215
4194 216
4194 217
4194 218
4194 219
4194 220
4194 221
4194 222
4194 223
4195 213
4195 214
4195 215
4195 216
4195 217
4195 218
4195 219
4195 220
4195 221
4195 222
4195 223
4195 224
4195 225
4196 215
4196 216
4196 217
4196 218
4196 219
4196 220
4196 221
4196 222
4196 223
4196 224
4196 225
4196 226
4196 227
4197 217
4197 218
4197 219
4197 220
4197 221
4197 222
4197 223
4197 224
4197 225
4197 226
4197 227
4197 228
4197 229
4198 219
4198 220
4198 221
4198 222
4198 223
4198 224
4198 225
4198 226
4198 227
4198 228
4198 229
4198 230
4199 221
4199 222
4199 223
4199 224
4199 225
4199 226
4199 227
4199 228
4199 229
4199 230
4199 231
4199 232
4200 157
4200 223
4200 224
4200 225
4200 226
4200 227
4200 228
4200 229
4200 230
4200 231
4200 232
4200 233
4200 234
4201 157
4201 158
4201 159
4201 160
4201 225
4201 226
4201 227
4201 228
4201 229
4201 230
4201 231
4201 232
4201 233
4201 234
4201 235
4202 158
4202 159
4202 160
4202 161
4202 162
4202 163
4202 227
4202 228
4202 229
4202 230
4202 231
4202 232
4202 233
4202 234
4202 235
4202 236
4202 237
4203 159
4203 160
4203 161
4203 162
4203 163
4203 164
4203 165
4203 229
4203 230
4203 231
4203 232
4203 233
4203 234
4203 235
4203 236
4203 237
4203 238
4203 239
4204 160
4204 161
4204 162
4204 163
4204 164
4204 165
4204 166
4204 167
4204 231
4204 232
4204 233
4204 234
4204 235
4204 236
4204 237
4204 238
4204 239
4204 240
4205 161
4205 162
4205 163
4205 164
4205 165
4205 166
4205 167
4205 168
4205 169
4205 170
4205 233
4205 234
4205 235
4205 236
4205 237
4205 238
4205 239
4205 240
4205 241
4205 242
4206 163
4206 164
4206 165
4206 166
4206 167
4206 168
4206 169
4206 170
4206 171
4206 172
4206 235
4206 236
4206 237
4206 238
4206 239
4206 240
4206 241
4206 242
4206 243
4206 244
4207 164
4207 165
4207 166
4207 167
4207 168
4207 169
4207 170
4207 171
4207 172
4207 173
4207 174
4207 237
4207 238
4207 239
4207 240
4207 241
4207 242
4207 243
4207 244
4207 245
4208 166
4208 167
4208 168
4208 169
4208 170
4208 171
4208 172
4208 173
4208 174
4208 175
4208 176
4208 239
4208 240
4208 241
4208 242
4208 243
4208 244
4208 245
4208 246
4208 247
4209 167
4209 168
4209 169
4209 170
4209 171
4209 172
4209 173
4209 174
4209 175
4209 176
4209 177
4209 178
4209 242
4209 243
4209 244
4209 245
4209 246
4209 247
4209 248
4210 169
4210 170
4210 171
4210 172
4210 173
4210 174
4210 175
4210 176
4210 177
4210 178
4210 179
4210 180
4210 244
4210 245
4210 246
4210 247
4210 248
4210 249
4211 170
4211 171
4211 172
4211 173
4211 174
4211 175
4211 176
4211 177
4211 178
4211 179
4211 180
4211 181
4211 182
4211 246
4211 247
4211 248
4211 249
4211 250
4211 251
4212 172
4212 173
4212 174
4212 175
4212 176
4212 177
4212 178
4212 179
4212 180
4212 181
4212 182
4212 183
4212 184
4212 248
4212 249
4212 250
4212 251
4212 252
4213 174
4213 175
4213 176
4213 177
4213 178
4213 179
4213 180
4213 181
4213 182
4213 183
4213 184
4213 185
4213 186
4213 251
4213 252
4214 175
4214 176
4214 177
4214 178
4214 179
4214 180
4214 181
4214 182
4214 183
4214 184
4214 185
4214 186
4214 187
4214 188
4215 177
4215 178
4215 179
4215 180
4215 181
4215 182
4215 183
4215 184
4215 185
4215 186
4215 187
4215 188
4215 189
4216 179
4216 180
4216 181
4216 182
4216 183
4216 184
4216 185
4216 186
4216 187
4216 188
4216 189
4216 190
4216 191
4217 180
4217 181
4217 182
4217 183
4217 184
4217 185
4217 186
4217 187
4217 188
4217 189
4217 190
4217 191
4217 192
4217 193
4218 182
4218 183
4218 184
4218 185
4218 186
4218 187
4218 188
4218 189
4218 190
4218 191
4218 192
4218 193
4218 194
4218 195
4219 184
4219 185
4219 186
4219 187
4219 188
4219 189
4219 190
4219 191
4219 192
4219 193
4219 194
4219 195
4219 196
4219 197
4220 186
4220 187
4220 188
4220 189
4220 190
4220 191
4220 192
4220 193
4220 194
4220 195
4220 196
4220 197
4220 198
4220 199
4221 187
4221 188
4221 189
4221 190
4221 191
4221 192
4221 193
4221 194
4221 195
4221 196
4221 197
4221 198
4221 199
4221 200
4221 201
4222 189
4222 190
4222 191
4222 192
4222 193
4222 194
4222 195
4222 196
4222 197
4222 198
4222 199
4222 200
4222 201
4222 202
4222 203
4223 191
4223 192
4223 193
4223 194
4223 195
4223 196
4223 197
4223 198
4223 199
4223 200
4223 201
4223 202
4223 203
4223 204
4223 205
4224 193
4224 194
4224 195
4224 196
4224 197
4224 198
4224 199
4224 200
4224 201
4224 202
4224 203
4224 204
4224 205
4224 206
4224 207
4225 195
4225 196
4225 197
4225 198
4225 199
4225 200
4225 201
4225 202
4225 203
4225 204
4225 205
4225 206
4225 207
4225 208
4226 197
4226 198
4226 199
4226 200
4226 201
4226 202
4226 203
4226 204
4226 205
4226 206
4226 207
4226 208
4226 209
4226 210
4227 198
4227 199
4227 200
4227 201
4227 202
4227 203
4227 204
4227 205
4227 206
4227 207
4227 208
4227 209
4227 210
4227 211
4227 212
4228 200
4228 201
4228 202
4228 203
4228 204
4228 205
4228 206
4228 207
4228 208
4228 209
4228 210
4228 211
4228 212
4228 213
4228 214
4229 202
4229 203
4229 204
4229 205
4229 206
4229 207
4229 208
4229 209
4229 210
4229 211
4229 212
4229 213
4229 214
4229 215
4229 216
4230 204
4230 205
4230 206
4230 207
4230 208
4230 209
4230 210
4230 211
4230 212
4230 213
4230 214
4230 215
4230 216
4230 217
4230 218
4231 206
4231 207
4231 208
4231 209
4231 210
4231 211
4231 212
4231 213
4231 214
4231 215
4231 216
4231 217
4231 218
4231 219
4232 208
4232 209
4232 210
4232 211
4232 212
4232 213
4232 214
4232 215
4232 216
4232 217
4232 218
4232 219
4232 220
4232 221
4233 210
4233 211
4233 212
4233 213
4233 214
4233 215
4233 216
4233 217
4233 218
4233 219
4233 220
4233 221
4233 222
4233 223
4234 212
4234 213
4234 214
4234 215
4234 216
4234 217
4234 218
4234 219
4234 220
4234 221
4234 222
4234 223
4234 224
4234 225
4235 213
4235 214
4235 215
4235 216
4235 217
4235 218
4235 219
4235 220
4235 221
4235 222
4235 223
4235 224
4235 225
4235 226
4235 227
4236 215
4236 216
4236 217
4236 218
4236 219
4236 220
4236 221
4236 222
4236 223
4236 224
4236 225
4236 226
4236 227
4236 228
4237 217
4237 218
4237 219
4237 220
4237 221
4237 222
4237 223
4237 224
4237 225
4237 226
4237 227
4237 228
4237 229
4237 230
4238 219
4238 220
4238 221
4238 222
4238 223
4238 224
4238 225
4238 226
4238 227
4238 228
4238 229
4238 230
4238 231
4238 232
4239 221
4239 222
4239 223
4239 224
4239 225
4239 226
4239 227
4239 228
4239 229
4239 230
4239 231
4239 232
4239 233
4239 234
4240 156
4240 157
4240 158
4240 159
4240 160
4240 223
4240 224
4240 225
4240 226
4240 227
4240 228
4240 229
4240 230
4240 231
4240 232
4240 233
4240 234
4240 235
4241 157
4241 158
4241 159
4241 160
4241 161
4241 162
4241 225
4241 226
4241 227
4241 228
4241 229
4241 230
4241 231
4241 232
4241 233
4241 234
4241 235
4241 236
4241 237
4242 158
4242 159
4242 160
4242 161
4242 162
4242 163
4242 164
4242 165
4242 227
4242 228
4242 229
4242 230
4242 231
4242 232
4242 233
4242 234
4242 235
4242 236
4242 237
4242 238
4242 239
4243 160
4243 161
4243 162
4243 163
4243 164
4243 165
4243 166
4243 167
4243 229
4243 230
4243 231
4243 232
4243 233
4243 234
4243 235
4243 236
4243 237
4243 238
4243 239
4243 240
4244 161
4244 162
4244 163
4244 164
4244 165
4244 166
4244 167
4244 168
4244 169
4244 231
4244 232
4244 233
4244 234
4244 235
4244 236
4244 237
4244 238
4244 239
4244 240
4244 241
4244 242
4245 162
4245 163
4245 164
4245 165
4245 166
4245 167
4245 168
4245 169
4245 170
4245 171
4245 233
4245 234
4245 235
4245 236
4245 237
4245 238
4245 239
4245 240
4245 241
4245 242
4245 243
4245 244
4246 164
4246 165
4246 166
4246 167
4246 168
4246 169
4246 170
4246 171
4246 172
4246 173
4246 235
4246 236
4246 237
4246 238
4246 239
4246 240
4246 241
4246 242
4246 243
4246 244
4246 245
4247 165
4247 166
4247 167
4247 168
4247 169
4247 170
4247 171
4247 172
4247 173
4247 174
4247 175
4247 237
4247 238
4247 239
4247 240
4247 241
4247 242
4247 243
4247 244
4247 245
4247 246
4247 247
4248 167
4248 168
4248 169
4248 170
4248 171
4248 172
4248 173
4248 174
4248 175
4248 176
4248 177
4248 239
4248 240
4248 241
4248 242
4248 243
4248 244
4248 245
4248 246
4248 247
4248 248
4249 168
4249 169
4249 170
4249 171
4249 172
4249 173
4249 174
4249 175
4249 176
4249 177
4249 178
4249 179
4249 241
4249 242
4249 243
4249 244
4249 245
4249 246
4249 247
4249 248
4249 249
4249 250
4250 170
4250 171
4250 172
4250 173
4250 174
4250 175
4250 176
4250 177
4250 178
4250 179
4250 180
4250 181
4250 243
4250 244
4250 245
4250 246
4250 247
4250 248
4250 249
4250 250
4250 251
4251 171
4251 172
4251 173
4251 174
4251 175
4251 176
4251 177
4251 178
4251 179
4251 180
4251 181
4251 182
4251 183
4251 245
4251 246
4251 247
4251 248
4251 249
4251 250
4251 251
4251 252
4252 173
4252 174
4252 175
4252 176
4252 177
4252 178
4252 179
4252 180
4252 181
4252 182
4252 183
4252 184
4252 185
4252 247
4252 248
4252 249
4252 250
4252 251
4252 252
4252 253
4252 254
4253 174
4253 175
4253 176
4253 177
4253 178
4253 179
4253 180
4253 181
4253 182
4253 183
4253 184
4253 185
4253 186
4253 187
4253 249
4253 250
4253 251
4253 252
4253 253
4253 254
4253 255
4254 176
4254 177
4254 178
4254 179
4254 180
4254 181
4254 182
4254 183
4254 184
4254 185
4254 186
4254 187
4254 188
4254 189
4254 251
4254 252
4254 253
4254 254
4254 255
4254 256
4255 178
4255 179
4255 180
4255 181
4255 182
4255 183
4255 184
4255 185
4255 186
4255 187
4255 188
4255 189
4255 190
4255 191
4255 254
4255 255
4255 256
4255 257
4256 179
4256 180
4256 181
4256 182
4256 183
4256 184
4256 185
4256 186
4256 187
4256 188
4256 189
4256 190
4256 191
4256 192
4256 193
4257 181
4257 182
4257 183
4257 184
4257 185
4257 186
4257 187
4257 188
4257 189
4257 190
4257 191
4257 192
4257 193
4257 194
4257 195
4258 183
4258 184
4258 185
4258 186
4258 187
4258 188
4258 189
4258 190
4258 191
4258 192
4258 193
4258 194
4258 195
4258 196
4258 197
4259 185
4259 186
4259 187
4259 188
4259 189
4259 190
4259 191
4259 192
4259 193
4259 194
4259 195
4259 196
4259 197
4259 198
4260 186
4260 187
4260 188
4260 189
4260 190
4260 191
4260 192
4260 193
4260 194
4260 195
4260 196
4260 197
4260 198
4260 199
4260 200
4261 188
4261 189
4261 190
4261 191
4261 192
4261 193
4261 194
4261 195
4261 196
4261 197
4261 198
4261 199
4261 200
4261 201
4261 202
4262 190
4262 191
4262 192
4262 193
4262 194
4262 195
4262 196
4262 197
4262 198
4262 199
4262 200
4262 201
4262 202
4262 203
4262 204
4263 192
4263 193
4263 194
4263 195
4263 196
4263 197
4263 198
4263 199
4263 200
4263 201
4263 202
4263 203
4263 204
4263 205
4263 206
4264 194
4264 195
4264 196
4264 197
4264 198
4264 199
4264 200
4264 201
4264 202
4264 203
4264 204
4264 205
4264 206
4264 207
4264 208
4265 195
4265 196
4265 197
4265 198
4265 199
4265 200
4265 201
4265 202
4265 203
4265 204
4265 205
4265 206
4265 207
4265 208
4265 209
4265 210
4266 197
4266 198
4266 199
4266 200
4266 201
4266 202
4266 203
4266 204
4266 205
4266 206
4266 207
4266 208
4266 209
4266 210
4266 211
4266 212
4267 199
4267 200
4267 201
4267 202
4267 203
4267 204
4267 205
4267 206
4267 207
4267 208
4267 209
4267 210
4267 211
4267 212
4267 213
4268 201
4268 202
4268 203
4268 204
4268 205
4268 206
4268 207
4268 208
4268 209
4268 210
4268 211
4268 212
4268 213
4268 214
4268 215
4269 203
4269 204
4269 205
4269 206
4269 207
4269 208
4269 209
4269 210
4269 211
4269 212
4269 213
4269 214
4269 215
4269 216
4269 217
4270 204
4270 205
4270 206
4270 207
4270 208
4270 209
4270 210
4270 211
4270 212
4270 213
4270 214
4270 215
4270 216
4270 217
4270 218
4270 219
4271 206
4271 207
4271 208
4271 209
4271 210
4271 211
4271 212
4271 213
4271 214
4271 215
4271 216
4271 217
4271 218
4271 219
4271 220
4271 221
4272 208
4272 209
4272 210
4272 211
4272 212
4272 213
4272 214
4272 215
4272 216
4272 217
4272 218
4272 219
4272 220
4272 221
4272 222
4273 210
4273 211
4273 212
4273 213
4273 214
4273 215
4273 216
4273 217
4273 218
4273 219
4273 220
4273 221
4273 222
4273 223
4273 224
4274 212
4274 213
4274 214
4274 215
4274 216
4274 217
4274 218
4274 219
4274 220
4274 221
4274 222
4274 223
4274 224
4274 225
4274 226
4275 214
4275 215
4275 216
4275 217
4275 218
4275 219
4275 220
4275 221
4275 222
4275 223
4275 224
4275 225
4275 226
4275 227
4275 228
4276 216
4276 217
4276 218
4276 219
4276 220
4276 221
4276 222
4276 223
4276 224
4276 225
4276 226
4276 227
4276 228
4276 229
4277 217
4277 218
4277 219
4277 220
4277 221
4277 222
4277 223
4277 224
4277 225
4277 226
4277 227
4277 228
4277 229
4277 230
4277 231
4278 219
4278 220
4278 221
4278 222
4278 223
4278 224
4278 225
4278 226
4278 227
4278 228
4278 229
4278 230
4278 231
4278 232
4278 233
4279 156
4279 157
4279 158
4279 221
4279 222
4279 223
4279 224
4279 225
4279 226
4279 227
4279 228
4279 229
4279 230
4279 231
4279 232
4279 233
4279 234
4279 235
4280 157
4280 158
4280 159
4280 160
4280 161
4280 223
4280 224
4280 225
4280 226
4280 227
4280 228
4280 229
4280 230
4280 231
4280 232
4280 233
4280 234
4280 235
4280 236
4281 158
4281 159
4281 160
4281 161
4281 162
4281 163
4281 164
4281 225
4281 226
4281 227
4281 228
4281 229
4281 230
4281 231
4281 232
4281 233
4281 234
4281 235
4281 236
4281 237
4281 238
4282 159
4282 160
4282 161
4282 162
4282 163
4282 164
4282 165
4282 166
4282 227
4282 228
4282 229
4282 230
4282 231
4282 232
4282 233
4282 234
4282 235
4282 236
4282 237
4282 238
4282 239
4282 240
4283 160
4283 161
4283 162
4283 163
4283 164
4283 165
4283 166
4283 167
4283 168
4283 229
4283 230
4283 231
4283 232
4283 233
4283 234
4283 235
4283 236
4283 237
4283 238
4283 239
4283 240
4283 241
4284 162
4284 163
4284 164
4284 165
4284 166
4284 167
4284 168
4284 169
4284 170
4284 231
4284 232
4284 233
4284 234
4284 235
4284 236
4284 237
4284 238
4284 239
4284 240
4284 241
4284 242
4284 243
4285 163
4285 164
4285 165
4285 166
4285 167
4285 168
4285 169
4285 170
4285 171
4285 172
4285 233
4285 234
4285 235
4285 236
4285 237
4285 238
4285 239
4285 240
4285 241
4285 242
4285 243
4285 244
4286 164
4286 165
4286 166
4286 167
4286 168
4286 169
4286 170
4286 171
4286 172
4286 173
4286 174
4286 235
4286 236
4286 237
4286 238
4286 239
4286 240
4286 241
4286 242
4286 243
4286 244
4286 245
4286 246
4287 166
4287 167
4287 168
4287 169
4287 170
4287 171
4287 172
4287 173
4287 174
4287 175
4287 176
4287 236
4287 237
4287 238
4287 239
4287 240
4287 241
4287 242
4287 243
4287 244
4287 245
4287 246
4287 247
4287 248
4288 167
4288 168
4288 169
4288 170
4288 171
4288 172
4288 173
4288 174
4288 175
4288 176
4288 177
4288 178
4288 238
4288 239
4288 240
4288 241
4288 242
4288 243
4288 244
4288 245
4288 246
4288 247
4288 248
4288 249
4289 169
4289 170
4289 171
4289 172
4289 173
4289 174
4289 175
4289 176
4289 177
4289 178
4289 179
4289 180
4289 240
4289 241
4289 242
4289 243
4289 244
4289 245
4289 246
4289 247
4289 248
4289 249
4289 250
4289 251
4290 170
4290 171
4290 172
4290 173
4290 174
4290 175
4290 176
4290 177
4290 178
4290 179
4290 180
4290 181
4290 182
4290 242
4290 243
4290 244
4290 245
4290 246
4290 247
4290 248
4290 249
4290 250
4290 251
4290 252
4291 172
4291 173
4291 174
4291 175
4291 176
4291 177
4291 178
4291 179
4291 180
4291 181
4291 182
4291 183
4291 184
4291 244
4291 245
4291 246
4291 247
4291 248
4291 249
4291 250
4291 251
4291 252
4291 253
4292 174
4292 175
4292 176
4292 177
4292 178
4292 179
4292 180
4292 181
4292 182
4292 183
4292 184
4292 185
4292 186
4292 246
4292 247
4292 248
4292 249
4292 250
4292 251
4292 252
4292 253
4292 254
4292 255
4293 175
4293 176
4293 177
4293 178
4293 179
4293 180
4293 181
4293 182
4293 183
4293 184
4293 185
4293 186
4293 187
4293 188
4293 249
4293 250
4293 251
4293 252
4293 253
4293 254
4293 255
4293 256
4294 177
4294 178
4294 179
4294 180
4294 181
4294 182
4294 183
4294 184
4294 185
4294 186
4294 187
4294 188
4294 189
4294 190
4294 251
4294 252
4294 253
4294 254
4294 255
4294 256
4294 257
4295 179
4295 180
4295 181
4295 182
4295 183
4295 184
4295 185
4295 186
4295 187
4295 188
4295 189
4295 190
4295 191
4295 192
4295 253
4295 254
4295 255
4295 256
4295 257
4295 258
4296 180
4296 181
4296 182
4296 183
4296 184
4296 185
4296 186
4296 187
4296 188
4296 189
4296 190
4296 191
4296 192
4296 193
4296 194
4296 255
4296 256
4296 257
4296 258
4296 259
4297 182
4297 183
4297 184
4297 185
4297 186
4297 187
4297 188
4297 189
4297 190
4297 191
4297 192
4297 193
4297 194
4297 195
4297 196
4297 258
4297 259
4297 260
4298 184
4298 185
4298 186
4298 187
4298 188
4298 189
4298 190
4298 191
4298 192
4298 193
4298 194
4298 195
4298 196
4298 197
4298 198
4299 185
4299 186
4299 187
4299 188
4299 189
4299 190
4299 191
4299 192
4299 193
4299 194
4299 195
4299 196
4299 197
4299 198
4299 199
4300 187
4300 188
4300 189
4300 190
4300 191
4300 192
4300 193
4300 194
4300 195
4300 196
4300 197
4300 198
4300 199
4300 200
4300 201
4301 189
4301 190
4301 191
4301 192
4301 193
4301 194
4301 195
4301 196
4301 197
4301 198
4301 199
4301 200
4301 201
4301 202
4301 203
4302 191
4302 192
4302 193
4302 194
4302 195
4302 196
4302 197
4302 198
4302 199
4302 200
4302 201
4302 202
4302 203
4302 204
4302 205
4303 192
4303 193
4303 194
4303 195
4303 196
4303 197
4303 198
4303 199
4303 200
4303 201
4303 202
4303 203
4303 204
4303 205
4303 206
4303 207
4304 194
4304 195
4304 196
4304 197
4304 198
4304 199
4304 200
4304 201
4304 202
4304 203
4304 204
4304 205
4304 206
4304 207
4304 208
4304 209
4305 196
4305 197
4305 198
4305 199
4305 200
4305 201
4305 202
4305 203
4305 204
4305 205
4305 206
4305 207
4305 208
4305 209
4305 210
4305 211
4306 198
4306 199
4306 200
4306 201
4306 202
4306 203
4306 204
4306 205
4306 206
4306 207
4306 208
4306 209
4306 210
4306 211
4306 212
4307 200
4307 201
4307 202
4307 203
4307 204
4307 205
4307 206
4307 207
4307 208
4307 209
4307 210
4307 211
4307 212
4307 213
4307 214
4308 201
4308 202
4308 203
4308 204
4308 205
4308 206
4308 207
4308 208
4308 209
4308 210
4308 211
4308 212
4308 213
4308 214
4308 215
4308 216
4309 203
4309 204
4309 205
4309 206
4309 207
4309 208
4309 209
4309 210
4309 211
4309 212
4309 213
4309 214
4309 215
4309 216
4309 217
4309 218
4310 205
4310 206
4310 207
4310 208
4310 209
4310 210
4310 211
4310 212
4310 213
4310 214
4310 215
4310 216
4310 217
4310 218
4310 219
4310 220
4311 207
4311 208
4311 209
4311 210
4311 211
4311 212
4311 213
4311 214
4311 215
4311 216
4311 217
4311 218
4311 219
4311 220
4311 221
4312 209
4312 210
4312 211
4312 212
4312 213
4312 214
4312 215
4312 216
4312 217
4312 218
4312 219
4312 220
4312 221
4312 222
4312 223
4313 210
4313 211
4313 212
4313 213
4313 214
4313 215
4313 216
4313 217
4313 218
4313 219
4313 220
4313 221
4313 222
4313 223
4313 224
4313 225
4314 212
4314 213
4314 214
4314 215
4314 216
4314 217
4314 218
4314 219
4314 220
4314 221
4314 222
4314 223
4314 224
4314 225
4314 226
4314 227
4315 214
4315 215
4315 216
4315 217
4315 218
4315 219
4315 220
4315 221
4315 222
4315 223
4315 224
4315 225
4315 226
4315 227
4315 228
4316 216
4316 217
4316 218
4316 219
4316 220
4316 221
4316 222
4316 223
4316 224
4316 225
4316 226
4316 227
4316 228
4316 229
4316 230
4317 218
4317 219
4317 220
4317 221
4317 222
4317 223
4317 224
4317 225
4317 226
4317 227
4317 228
4317 229
4317 230
4317 231
4317 232
4318 220
4318 221
4318 222
4318 223
4318 224
4318 225
4318 226
4318 227
4318 228
4318 229
4318 230
4318 231
4318 232
4318 233
4318 234
4319 157
4319 158
4319 159
4319 160
4319 221
4319 222
4319 223
4319 224
4319 225
4319 226
4319 227
4319 228
4319 229
4319 230
4319 231
4319 232
4319 233
4319 234
4319 235
4320 158
4320 159
4320 160
4320 161
4320 162
4320 223
4320 224
4320 225
4320 226
4320 227
4320 228
4320 229
4320 230
4320 231
4320 232
4320 233
4320 234
4320 235
4320 236
4320 237
4321 159
4321 160
4321 161
4321 162
4321 163
4321 164
4321 165
4321 225
4321 226
4321 227
4321 228
4321 229
4321 230
4321 231
4321 232
4321 233
4321 234
4321 235
4321 236
4321 237
4321 238
4321 239
4322 160
4322 161
4322 162
4322 163
4322 164
4322 165
4322 166
4322 167
4322 227
4322 228
4322 229
4322 230
4322 231
4322 232
4322 233
4322 234
4322 235
4322 236
4322 237
4322 238
4322 239
4322 240
4323 161
4323 162
4323 163
4323 164
4323 165
4323 166
4323 167
4323 168
4323 169
4323 229
4323 230
4323 231
4323 232
4323 233
4323 234
4323 235
4323 236
4323 237
4323 238
4323 239
4323 240
4323 241
4323 242
4324 162
4324 163
4324 164
4324 165
4324 166
4324 167
4324 168
4324 169
4324 170
4324 171
4324 231
4324 232
4324 233
4324 234
4324 235
4324 236
4324 237
4324 238
4324 239
4324 240
4324 241
4324 242
4324 243
4325 164
4325 165
4325 166
4325 167
4325 168
4325 169
4325 170
4325 171
4325 172
4325 173
4325 233
4325 234
4325 235
4325 236
4325 237
4325 238
4325 239
4325 240
4325 241
4325 242
4325 243
4325 244
4325 245
4326 165
4326 166
4326 167
4326 168
4326 169
4326 170
4326 171
4326 172
4326 173
4326 174
4326 175
4326 235
4326 236
4326 237
4326 238
4326 239
4326 240
4326 241
4326 242
4326 243
4326 244
4326 245
4326 246
4326 247
4327 167
4327 168
4327 169
4327 170
4327 171
4327 172
4327 173
4327 174
4327 175
4327 176
4327 177
4327 237
4327 238
4327 239
4327 240
4327 241
4327 242
4327 243
4327 244
4327 245
4327 246
4327 247
4327 248
4328 168
4328 169
4328 170
4328 171
4328 172
4328 173
4328 174
4328 175
4328 176
4328 177
4328 178
4328 179
4328 238
4328 239
4328 240
4328 241
4328 242
4328 243
4328 244
4328 245
4328 246
4328 247
4328 248
4328 249
4328 250
4329 170
4329 171
4329 172
4329 173
4329 174
4329 175
4329 176
4329 177
4329 178
4329 179
4329 180
4329 181
4329 240
4329 241
4329 242
4329 243
4329 244
4329 245
4329 246
4329 247
4329 248
4329 249
4329 250
4329 251
4330 171
4330 172
4330 173
4330 174
4330 175
4330 176
4330 177
4330 178
4330 179
4330 180
4330 181
4330 182
4330 183
4330 242
4330 243
4330 244
4330 245
4330 246
4330 247
4330 248
4330 249
4330 250
4330 251
4330 252
4331 173
4331 174
4331 175
4331 176
4331 177
4331 178
4331 179
4331 180
4331 181
4331 182
4331 183
4331 184
4331 185
4331 244
4331 245
4331 246
4331 247
4331 248
4331 249
4331 250
4331 251
4331 252
4331 253
4331 254
4332 174
4332 175
4332 176
4332 177
4332 178
4332 179
4332 180
4332 181
4332 182
4332 183
4332 184
4332 185
4332 186
4332 187
4332 246
4332 247
4332 248
4332 249
4332 250
4332 251
4332 252
4332 253
4332 254
4332 255
4333 176
4333 177
4333 178
4333 179
4333 180
4333 181
4333 182
4333 183
4333 184
4333 185
4333 186
4333 187
4333 188
4333 189
4333 248
4333 249
4333 250
4333 251
4333 252
4333 253
4333 254
4333 255
4333 256
4333 257
4334 178
4334 179
4334 180
4334 181
4334 182
4334 183
4334 184
4334 185
4334 186
4334 187
4334 188
4334 189
4334 190
4334 191
4334 251
4334 252
4334 253
4334 254
4334 255
4334 256
4334 257
4334 258
4335 179
4335 180
4335 181
4335 182
4335 183
4335 184
4335 185
4335 186
4335 187
4335 188
4335 189
4335 190
4335 191
4335 192
4335 193
4335 253
4335 254
4335 255
4335 256
4335 257
4335 258
4335 259
4336 181
4336 182
4336 183
4336 184
4336 185
4336 186
4336 187
4336 188
4336 189
4336 190
4336 191
4336 192
4336 193
4336 194
4336 195
4336 255
4336 256
4336 257
4336 258
4336 259
4336 260
4337 183
4337 184
4337 185
4337 186
4337 187
4337 188
4337 189
4337 190
4337 191
4337 192
4337 193
4337 194
4337 195
4337 196
4337 258
4337 259
4337 260
4337 261
4338 184
4338 185
4338 186
4338 187
4338 188
4338 189
4338 190
4338 191
4338 192
4338 193
4338 194
4338 195
4338 196
4338 197
4338 198
4339 186
4339 187
4339 188
4339 189
4339 190
4339 191
4339 192
4339 193
4339 194
4339 195
4339 196
4339 197
4339 198
4339 199
4339 200
4340 188
4340 189
4340 190
4340 191
4340 192
4340 193
4340 194
4340 195
4340 196
4340 197
4340 198
4340 199
4340 200
4340 201
4340 202
4341 190
4341 191
4341 192
4341 193
4341 194
4341 195
4341 196
4341 197
4341 198
4341 199
4341 200
4341 201
4341 202
4341 203
4341 204
4342 191
4342 192
4342 193
4342 194
4342 195
4342 196
4342 197
4342 198
4342 199
4342 200
4342 201
4342 202
4342 203
4342 204
4342 205
4342 206
4343 193
4343 194
4343 195
4343 196
4343 197
4343 198
4343 199
4343 200
4343 201
4343 202
4343 203
4343 204
4343 205
4343 206
4343 207
4343 208
4344 195
4344 196
4344 197
4344 198
4344 199
4344 200
4344 201
4344 202
4344 203
4344 204
4344 205
4344 206
4344 207
4344 208
4344 209
4345 197
4345 198
4345 199
4345 200
4345 201
4345 202
4345 203
4345 204
4345 205
4345 206
4345 207
4345 208
4345 209
4345 210
4345 211
4346 198
4346 199
4346 200
4346 201
4346 202
4346 203
4346 204
4346 205
4346 206
4346 207
4346 208
4346 209
4346 210
4346 211
4346 212
4346 213
4347 200
4347 201
4347 202
4347 203
4347 204
4347 205
4347 206
4347 207
4347 208
4347 209
4347 210
4347 211
4347 212
4347 213
4347 214
4347 215
4348 202
4348 203
4348 204
4348 205
4348 206
4348 207
4348 208
4348 209
4348 210
4348 211
4348 212
4348 213
4348 214
4348 215
4348 216
4348 217
4349 204
4349 205
4349 206
4349 207
4349 208
4349 209
4349 210
4349 211
4349 212
4349 213
4349 214
4349 215
4349 216
4349 217
4349 218
4350 206
4350 207
4350 208
4350 209
4350 210
4350 211
4350 212
4350 213
4350 214
4350 215
4350 216
4350 217
4350 218
4350 219
4350 220
4351 207
4351 208
4351 209
4351 210
4351 211
4351 212
4351 213
4351 214
4351 215
4351 216
4351 217
4351 218
4351 219
4351 220
4351 221
4351 222
4352 209
4352 210
4352 211
4352 212
4352 213
4352 214
4352 215
4352 216
4352 217
4352 218
4352 219
4352 220
4352 221
4352 222
4352 223
4352 224
4353 211
4353 212
4353 213
4353 214
4353 215
4353 216
4353 217
4353 218
4353 219
4353 220
4353 221
4353 222
4353 223
4353 224
4353 225
4353 226
4354 213
4354 214
4354 215
4354 216
4354 217
4354 218
4354 219
4354 220
4354 221
4354 222
4354 223
4354 224
4354 225
4354 226
4354 227
4355 215
4355 216
4355 217
4355 218
4355 219
4355 220
4355 221
4355 222
4355 223
4355 224
4355 225
4355 226
4355 227
4355 228
4355 229
4356 216
4356 217
4356 218
4356 219
4356 220
4356 221
4356 222
4356 223
4356 224
4356 225
4356 226
4356 227
4356 228
4356 229
4356 230
4356 231
4357 218
4357 219
4357 220
4357 221
4357 222
4357 223
4357 224
4357 225
4357 226
4357 227
4357 228
4357 229
4357 230
4357 231
4357 232
4358 220
4358 221
4358 222
4358 223
4358 224
4358 225
4358 226
4358 227
4358 228
4358 229
4358 230
4358 231
4358 232
4358 233
4358 234
4359 158
4359 159
4359 160
4359 222
4359 223
4359 224
4359 225
4359 226
4359 227
4359 228
4359 229
4359 230
4359 231
4359 232
4359 233
4359 234
4359 235
4359 236
4360 158
4360 159
4360 160
4360 161
4360 162
4360 163
4360 224
4360 225
4360 226
4360 227
4360 228
4360 229
4360 230
4360 231
4360 232
4360 233
4360 234
4360 235
4360 236
4360 237
4361 159
4361 160
4361 161
4361 162
4361 163
4361 164
4361 165
4361 226
4361 227
4361 228
4361 229
4361 230
4361 231
4361 232
4361 233
4361 234
4361 235
4361 236
4361 237
4361 238
4361 239
4362 161
4362 162
4362 163
4362 164
4362 165
4362 166
4362 167
4362 227
4362 228
4362 229
4362 230
4362 231
4362 232
4362 233
4362 234
4362 235
4362 236
4362 237
4362 238
4362 239
4362 240
4362 241
4363 162
4363 163
4363 164
4363 165
4363 166
4363 167
4363 168
4363 169
4363 170
4363 229
4363 230
4363 231
4363 232
4363 233
4363 234
4363 235
4363 236
4363 237
4363 238
4363 239
4363 240
4363 241
4363 242
4364 163
4364 164
4364 165
4364 166
4364 167
4364 168
4364 169
4364 170
4364 171
4364 172
4364 231
4364 232
4364 233
4364 234
4364 235
4364 236
4364 237
4364 238
4364 239
4364 240
4364 241
4364 242
4364 243
4364 244
4365 165
4365 166
4365 167
4365 168
4365 169
4365 170
4365 171
4365 172
4365 173
4365 174
4365 233
4365 234
4365 235
4365 236
4365 237
4365 238
4365 239
4365 240
4365 241
4365 242
4365 243
4365 244
4365 245
4366 166
4366 167
4366 168
4366 169
4366 170
4366 171
4366 172
4366 173
4366 174
4366 175
4366 176
4366 235
4366 236
4366 237
4366 238
4366 239
4366 240
4366 241
4366 242
4366 243
4366 244
4366 245
4366 246
4366 247
4367 168
4367 169
4367 170
4367 171
4367 172
4367 173
4367 174
4367 175
4367 176
4367 177
4367 178
4367 237
4367 238
4367 239
4367 240
4367 241
4367 242
4367 243
4367 244
4367 245
4367 246
4367 247
4367 248
4368 169
4368 170
4368 171
4368 172
4368 173
4368 174
4368 175
4368 176
4368 177
4368 178
4368 179
4368 180
4368 239
4368 240
4368 241
4368 242
4368 243
4368 244
4368 245
4368 246
4368 247
4368 248
4368 249
4368 250
4369 171
4369 172
4369 173
4369 174
4369 175
4369 176
4369 177
4369 178
4369 179
4369 180
4369 181
4369 182
4369 241
4369 242
4369 243
4369 244
4369 245
4369 246
4369 247
4369 248
4369 249
4369 250
4369 251
4370 172
4370 173
4370 174
4370 175
4370 176
4370 177
4370 178
4370 179
4370 180
4370 181
4370 182
4370 183
4370 184
4370 243
4370 244
4370 245
4370 246
4370 247
4370 248
4370 249
4370 250
4370 251
4370 252
4370 253
4371 174
4371 175
4371 176
4371 177
4371 178
4371 179
4371 180
4371 181
4371 182
4371 183
4371 184
4371 185
4371 245
4371 246
4371 247
4371 248
4371 249
4371 250
4371 251
4371 252
4371 253
4371 254
4372 175
4372 176
4372 177
4372 178
4372 179
4372 180
4372 181
4372 182
4372 183
4372 184
4372 185
4372 186
4372 187
4372 247
4372 248
4372 249
4372 250
4372 251
4372 252
4372 253
4372 254
4372 255
4373 177
4373 178
4373 179
4373 180
4373 181
4373 182
4373 183
4373 184
4373 185
4373 186
4373 187
4373 188
4373 189
4373 249
4373 250
4373 251
4373 252
4373 253
4373 254
4373 255
4373 256
4373 257
4374 179
4374 180
4374 181
4374 182
4374 183
4374 184
4374 185
4374 186
4374 187
4374 188
4374 189
4374 190
4374 191
4374 251
4374 252
4374 253
4374 254
4374 255
4374 256
4374 257
4374 258
4375 180
4375 181
4375 182
4375 183
4375 184
4375 185
4375 186
4375 187
4375 188
4375 189
4375 190
4375 191
4375 192
4375 193
4375 253
4375 254
4375 255
4375 256
4375 257
4375 258
4375 259
4376 182
4376 183
4376 184
4376 185
4376 186
4376 187
4376 188
4376 189
4376 190
4376 191
4376 192
4376 193
4376 194
4376 195
4376 255
4376 256
4376 257
4376 258
4376 259
4376 260
4377 184
4377 185
4377 186
4377 187
4377 188
4377 189
4377 190
4377 191
4377 192
4377 193
4377 194
4377 195
4377 196
4377 197
4377 258
4377 259
4377 260
4378 185
4378 186
4378 187
4378 188
4378 189
4378 190
4378 191
4378 192
4378 193
4378 194
4378 195
4378 196
4378 197
4378 198
4378 199
4379 187
4379 188
4379 189
4379 190
4379 191
4379 192
4379 193
4379 194
4379 195
4379 196
4379 197
4379 198
4379 199
4379 200
4379 201
4380 189
4380 190
4380 191
4380 192
4380 193
4380 194
4380 195
4380 196
4380 197
4380 198
4380 199
4380 200
4380 201
4380 202
4380 203
4381 190
4381 191
4381 192
4381 193
4381 194
4381 195
4381 196
4381 197
4381 198
4381 199
4381 200
4381 201
4381 202
4381 203
4381 204
4382 192
4382 193
4382 194
4382 195
4382 196
4382 197
4382 198
4382 199
4382 200
4382 201
4382 202
4382 203
4382 204
4382 205
4382 206
