3709 225
3714 215
3714 216
3717 221
3717 222
3717 223
3720 228
3720 229
3722 213
3722 214
3725 218
3725 219
3725 220
3725 221
3728 224
3728 225
3728 226
3728 227
3730 210
3730 211
3731 232
3733 215
3733 216
3733 217
3733 218
3733 219
3736 221
3736 222
3736 223
3736 224
3736 225
3738 208
3739 228
3739 229
3739 230
3739 231
3741 213
3741 214
3741 215
3741 216
3744 219
3744 220
3744 221
3744 222
3744 223
3747 225
3747 226
3747 227
3747 228
3747 229
3749 210
3749 211
3749 212
3749 213
3749 214
3750 232
3750 233
3750 234
3752 216
3752 217
3752 218
3752 219
3752 220
3755 222
3755 223
3755 224
3755 225
3755 226
3755 227
3757 208
3757 209
3757 210
3757 211
3758 229
3758 230
3758 231
3758 232
3760 213
3760 214
3760 215
3760 216
3760 217
3760 218
3763 219
3763 220
3763 221
3763 222
3763 223
3763 224
3765 205
3765 206
3765 207
3765 208
3766 226
3766 227
3766 228
3766 229
3766 230
3768 211
3768 212
3768 213
3768 214
3768 215
3769 233
3769 234
3769 235
3771 217
3771 218
3771 219
3771 220
3771 221
3771 222
3773 204
3773 205
3774 223
3774 224
3774 225
3774 226
3774 227
3774 228
3776 208
3776 209
3776 210
3776 211
3776 212
3776 213
3777 230
3777 231
3777 232
3777 233
3777 234
3779 214
3779 215
3779 216
3779 217
3779 218
3779 219
3782 220
3782 221
3782 222
3782 223
3782 224
3782 225
3782 226
3784 206
3784 207
3784 208
3784 209
3784 210
3785 227
3785 228
3785 229
3785 230
3785 231
3787 212
3787 213
3787 214
3787 215
3787 216
3787 217
3788 234
3788 235
3788 236
3788 237
3790 218
3790 219
3790 220
3790 221
3790 222
3790 223
3792 204
3792 205
3792 206
3792 207
3793 224
3793 225
3793 226
3793 227
3793 228
3793 229
3795 209
3795 210
3795 211
3795 212
3795 213
3795 214
3796 231
3796 232
3796 233
3796 234
3796 235
3798 215
3798 216
3798 217
3798 218
3798 219
3798 220
3798 221
3800 202
3800 203
3801 221
3801 222
3801 223
3801 224
3801 225
3801 226
3801 227
3803 207
3803 208
3803 209
3803 210
3803 211
3804 228
3804 229
3804 230
3804 231
3804 232
3804 233
3806 212
3806 213
3806 214
3806 215
3806 216
3806 217
3806 218
3807 236
3807 237
3809 219
3809 220
3809 221
3809 222
3809 223
3809 224
3811 205
3811 206
3811 207
3811 208
3812 225
3812 226
3812 227
3812 228
3812 229
3812 230
3814 210
3814 211
3814 212
3814 213
3814 214
3814 215
3815 232
3815 233
3815 234
3815 235
3815 236
3817 216
3817 217
3817 218
3817 219
3817 220
3817 221
3817 222
3819 203
3819 204
3819 205
3820 223
3820 224
3820 225
3820 226
3820 227
3820 228
3822 208
3822 209
3822 210
3822 211
3822 212
3822 213
3823 229
3823 230
3823 231
3823 232
3823 233
3823 234
3825 214
3825 215
3825 216
3825 217
3825 218
3825 219
3826 238
3827 201
3828 220
3828 221
3828 222
3828 223
3828 224
3828 225
3828 226
3830 205
3830 206
3830 207
3830 208
3830 209
3830 210
3831 227
3831 228
3831 229
3831 230
3831 231
3833 211
3833 212
3833 213
3833 214
3833 215
3833 216
3833 217
3834 234
3834 235
3834 236
3834 237
3836 217
3836 218
3836 219
3836 220
3836 221
3836 222
3836 223
3838 203
3838 204
3838 205
3838 206
3838 207
3839 224
3839 225
3839 226
3839 227
3839 228
3839 229
3841 209
3841 210
3841 211
3841 212
3841 213
3841 214
3842 231
3842 232
3842 233
3842 234
3842 235
3844 215
3844 216
3844 217
3844 218
3844 219
3844 220
3846 202
3846 203
3847 221
3847 222
3847 223
3847 224
3847 225
3847 226
3847 227
3849 207
3849 208
3849 209
3849 210
3849 211
3850 228
3850 229
3850 230
3850 231
3850 232
3852 212
3852 213
3852 214
3852 215
3852 216
3852 217
3852 218
3853 236
3853 237
3855 219
3855 220
3855 221
3855 222
3855 223
3855 224
3857 205
3857 206
3857 207
3857 208
3858 225
3858 226
3858 227
3858 228
3858 229
3858 230
3860 210
3860 211
3860 212
3860 213
3860 214
3860 215
3861 233
3861 234
3861 235
3863 216
3863 217
3863 218
3863 219
3863 220
3863 221
3865 203
3865 204
3866 223
3866 224
3866 225
3866 226
3866 227
3866 228
3868 208
3868 209
3868 210
3868 211
3868 212
3869 230
3869 231
3869 232
3869 233
3871 214
3871 215
3871 216
3871 217
3871 218
3871 219
3874 220
3874 221
3874 222
3874 223
3874 224
3874 225
3876 206
3876 207
3876 208
3876 209
3877 227
3877 228
3877 229
3877 230
3877 231
3879 211
3879 212
3879 213
3879 214
3879 215
3879 216
3880 235
3882 218
3882 219
3882 220
3882 221
3882 222
3884 204
3884 205
3885 224
3885 225
3885 226
3885 227
3885 228
3887 209
3887 210
3887 211
3887 212
3887 213
3888 231
3888 232
3888 233
3888 234
3890 215
3890 216
3890 217
3890 218
3890 219
3890 220
3893 222
3893 223
3893 224
3893 225
3893 226
3895 207
3895 208
3895 209
3895 210
3896 229
3896 230
3896 231
3898 213
3898 214
3898 215
3898 216
3898 217
3901 219
3901 220
3901 221
3901 222
3901 223
3904 226
3904 227
3904 228
3904 229
3906 211
3906 212
3906 213
3906 214
3909 217
3909 218
3909 219
3909 220
3912 223
3912 224
3912 225
3912 226
3914 209
3914 210
3917 215
3917 216
3917 217
3920 221
3920 222
3920 223
3925 213
3925 214
3928 219
3928 220
