549 166
552 159
555 152
556 168
556 169
559 161
559 162
562 154
562 155
563 171
563 172
565 148
566 164
566 165
569 156
569 157
569 158
570 174
572 150
572 151
573 166
573 167
573 168
576 159
576 160
576 161
579 152
579 153
579 154
580 169
580 170
582 145
582 146
583 162
583 163
586 154
586 155
586 156
587 172
587 173
589 148
589 149
590 164
590 165
590 166
593 157
593 158
593 159
596 150
596 151
596 152
597 167
597 168
597 169
599 144
600 160
600 161
600 162
603 153
603 154
603 155
604 170
604 171
606 146
606 147
607 162
607 163
607 164
610 155
610 156
610 157
611 173
613 148
613 149
613 150
614 165
614 166
614 167
616 142
617 158
617 159
617 160
620 151
620 152
620 153
621 168
621 169
623 144
623 145
624 161
624 162
624 163
627 153
627 154
627 155
627 156
630 147
630 148
631 163
631 164
631 165
634 156
634 157
634 158
637 149
637 150
637 151
638 166
638 167
640 143
641 159
641 160
641 161
644 152
644 153
644 154
647 145
647 146
648 162
648 163
651 154
651 155
651 156
654 148
654 149
655 165
655 166
658 157
658 158
658 159
661 150
661 151
661 152
665 160
665 161
668 153
668 154
672 163
672 164
675 156
675 157
678 149
682 159
685 152
692 155
