2617 117
2618 123
2618 124
2626 113
2626 114
2627 119
2627 120
2627 121
2628 126
2628 127
2636 115
2636 116
2636 117
2636 118
2637 121
2637 122
2637 123
2637 124
2637 125
2638 128
2638 129
2638 130
2638 131
2645 111
2645 112
2645 113
2645 114
2646 117
2646 118
2646 119
2646 120
2646 121
2647 124
2647 125
2647 126
2647 127
2647 128
2648 132
2648 133
2654 108
2654 109
2654 110
2655 114
2655 115
2655 116
2655 117
2655 118
2656 120
2656 121
2656 122
2656 123
2656 124
2657 127
2657 128
2657 129
2657 130
2657 131
2658 135
2658 136
2664 110
2664 111
2664 112
2664 113
2664 114
2665 116
2665 117
2665 118
2665 119
2665 120
2665 121
2666 123
2666 124
2666 125
2666 126
2666 127
2666 128
2667 130
2667 131
2667 132
2667 133
2667 134
2673 107
2673 108
2673 109
2673 110
2674 113
2674 114
2674 115
2674 116
2674 117
2675 119
2675 120
2675 121
2675 122
2675 123
2675 124
2676 126
2676 127
2676 128
2676 129
2676 130
2676 131
2677 133
2677 134
2677 135
2677 136
2682 104
2682 105
2683 109
2683 110
2683 111
2683 112
2683 113
2683 114
2684 115
2684 116
2684 117
2684 118
2684 119
2684 120
2684 121
2685 122
2685 123
2685 124
2685 125
2685 126
2685 127
2686 129
2686 130
2686 131
2686 132
2686 133
2687 137
2687 138
2687 139
2692 106
2692 107
2692 108
2692 109
2692 110
2693 112
2693 113
2693 114
2693 115
2693 116
2693 117
2694 118
2694 119
2694 120
2694 121
2694 122
2694 123
2694 124
2695 125
2695 126
2695 127
2695 128
2695 129
2695 130
2696 132
2696 133
2696 134
2696 135
2696 136
2697 141
2701 103
2701 104
2701 105
2702 109
2702 110
2702 111
2702 112
2702 113
2703 115
2703 116
2703 117
2703 118
2703 119
2703 120
2704 121
2704 122
2704 123
2704 124
2704 125
2704 126
2704 127
2705 128
2705 129
2705 130
2705 131
2705 132
2705 133
2706 136
2706 137
2706 138
2706 139
2711 106
2711 107
2711 108
2711 109
2712 111
2712 112
2712 113
2712 114
2712 115
2712 116
2712 117
2713 118
2713 119
2713 120
2713 121
2713 122
2713 123
2714 124
2714 125
2714 126
2714 127
2714 128
2714 129
2714 130
2715 131
2715 132
2715 133
2715 134
2715 135
2715 136
2716 139
2716 140
2716 141
2720 103
2720 104
2720 105
2721 108
2721 109
2721 110
2721 111
2721 112
2721 113
2722 114
2722 115
2722 116
2722 117
2722 118
2722 119
2722 120
2723 121
2723 122
2723 123
2723 124
2723 125
2723 126
2723 127
2724 127
2724 128
2724 129
2724 130
2724 131
2724 132
2724 133
2725 135
2725 136
2725 137
2725 138
2730 105
2730 106
2730 107
2730 108
2730 109
2731 111
2731 112
2731 113
2731 114
2731 115
2731 116
2732 117
2732 118
2732 119
2732 120
2732 121
2732 122
2732 123
2733 124
2733 125
2733 126
2733 127
2733 128
2733 129
2734 131
2734 132
2734 133
2734 134
2734 135
2735 138
2735 139
2735 140
2735 141
2739 103
2739 104
2739 105
2740 108
2740 109
2740 110
2740 111
2740 112
2741 114
2741 115
2741 116
2741 117
2741 118
2741 119
2742 120
2742 121
2742 122
2742 123
2742 124
2742 125
2742 126
2743 127
2743 128
2743 129
2743 130
2743 131
2743 132
2744 134
2744 135
2744 136
2744 137
2744 138
2749 105
2749 106
2749 107
2749 108
2750 110
2750 111
2750 112
2750 113
2750 114
2750 115
2750 116
2751 117
2751 118
2751 119
2751 120
2751 121
2751 122
2752 123
2752 124
2752 125
2752 126
2752 127
2752 128
2752 129
2753 130
2753 131
2753 132
2753 133
2753 134
2753 135
2754 138
2754 139
2754 140
2758 102
2758 103
2758 104
2759 107
2759 108
2759 109
2759 110
2759 111
2759 112
2760 113
2760 114
2760 115
2760 116
2760 117
2760 118
2760 119
2761 120
2761 121
2761 122
2761 123
2761 124
2761 125
2762 126
2762 127
2762 128
2762 129
2762 130
2762 131
2762 132
2763 134
2763 135
2763 136
2763 137
2764 142
2768 104
2768 105
2768 106
2768 107
2768 108
2769 110
2769 111
2769 112
2769 113
2769 114
2769 115
2770 116
2770 117
2770 118
2770 119
2770 120
2770 121
2770 122
2771 123
2771 124
2771 125
2771 126
2771 127
2771 128
2772 130
2772 131
2772 132
2772 133
2772 134
2773 137
2773 138
2773 139
2773 140
2777 102
2777 103
2778 107
2778 108
2778 109
2778 110
2778 111
2779 113
2779 114
2779 115
2779 116
2779 117
2779 118
2780 119
2780 120
2780 121
2780 122
2780 123
2780 124
2780 125
2781 126
2781 127
2781 128
2781 129
2781 130
2781 131
2782 133
2782 134
2782 135
2782 136
2782 137
2787 104
2787 105
2787 106
2787 107
2788 110
2788 111
2788 112
2788 113
2788 114
2789 116
2789 117
2789 118
2789 119
2789 120
2789 121
2790 122
2790 123
2790 124
2790 125
2790 126
2790 127
2791 129
2791 130
2791 131
2791 132
2791 133
2792 137
2792 138
2792 139
2797 107
2797 108
2797 109
2797 110
2798 113
2798 114
2798 115
2798 116
2798 117
2799 119
2799 120
2799 121
2799 122
2799 123
2799 124
2800 126
2800 127
2800 128
2800 129
2800 130
2801 133
2801 134
2801 135
2801 136
2806 105
2806 106
2807 110
2807 111
2807 112
2807 113
2807 114
2808 116
2808 117
2808 118
2808 119
2808 120
2809 122
2809 123
2809 124
2809 125
2809 126
2809 127
2810 129
2810 130
2810 131
2810 132
2810 133
2811 137
2811 138
2816 107
2816 108
2816 109
2817 113
2817 114
2817 115
2817 116
2817 117
2818 119
2818 120
2818 121
2818 122
2818 123
2819 126
2819 127
2819 128
2819 129
2820 133
2820 134
2820 135
2826 110
2826 111
2826 112
2826 113
2827 116
2827 117
2827 118
2827 119
2828 122
2828 123
2828 124
2828 125
2828 126
2829 129
2829 130
2829 131
2836 113
2836 114
2836 115
2837 119
2837 120
2837 121
2837 122
2838 126
2838 127
2838 128
2845 111
2846 116
2846 117
2846 118
2847 123
2847 124
2856 120
