469 138
478 134
478 135
478 136
478 137
479 141
479 142
479 143
486 126
486 127
487 132
487 133
487 134
487 135
488 138
488 139
488 140
488 141
488 142
489 146
489 147
489 148
495 124
495 125
496 129
496 130
496 131
496 132
496 133
497 136
497 137
497 138
497 139
497 140
498 143
498 144
498 145
498 146
504 122
504 123
505 127
505 128
505 129
505 130
505 131
506 133
506 134
506 135
506 136
506 137
506 138
507 140
507 141
507 142
507 143
507 144
507 145
508 147
508 148
508 149
508 150
513 119
513 120
514 124
514 125
514 126
514 127
514 128
514 129
515 130
515 131
515 132
515 133
515 134
515 135
515 136
516 137
516 138
516 139
516 140
516 141
516 142
516 143
517 144
517 145
517 146
517 147
517 148
517 149
518 153
522 118
523 122
523 123
523 124
523 125
523 126
523 127
524 128
524 129
524 130
524 131
524 132
524 133
524 134
525 135
525 136
525 137
525 138
525 139
525 140
525 141
526 142
526 143
526 144
526 145
526 146
526 147
527 149
527 150
527 151
527 152
527 153
532 120
532 121
532 122
532 123
532 124
533 126
533 127
533 128
533 129
533 130
533 131
533 132
534 132
534 133
534 134
534 135
534 136
534 137
534 138
534 139
535 139
535 140
535 141
535 142
535 143
535 144
535 145
536 146
536 147
536 148
536 149
536 150
536 151
541 118
541 119
541 120
541 121
541 122
542 123
542 124
542 125
542 126
542 127
542 128
542 129
542 130
543 130
543 131
543 132
543 133
543 134
543 135
543 136
543 137
544 136
544 137
544 138
544 139
544 140
544 141
544 142
544 143
545 144
545 145
545 146
545 147
545 148
545 149
546 151
546 152
546 153
546 154
546 155
550 116
550 117
550 118
550 119
550 120
551 121
551 122
551 123
551 124
551 125
551 126
551 127
552 127
552 128
552 129
552 130
552 131
552 132
552 133
552 134
552 135
553 134
553 135
553 136
553 137
553 138
553 139
553 140
553 141
554 141
554 142
554 143
554 144
554 145
554 146
554 147
554 148
555 148
555 149
555 150
555 151
555 152
555 153
559 114
559 115
559 116
559 117
560 119
560 120
560 121
560 122
560 123
560 124
560 125
561 125
561 126
561 127
561 128
561 129
561 130
561 131
561 132
562 131
562 132
562 133
562 134
562 135
562 136
562 137
562 138
562 139
563 138
563 139
563 140
563 141
563 142
563 143
563 144
563 145
563 146
564 146
564 147
564 148
564 149
564 150
564 151
565 154
565 155
565 156
568 112
568 113
568 114
569 117
569 118
569 119
569 120
569 121
569 122
569 123
570 123
570 124
570 125
570 126
570 127
570 128
570 129
570 130
571 129
571 130
571 131
571 132
571 133
571 134
571 135
571 136
571 137
572 136
572 137
572 138
572 139
572 140
572 141
572 142
572 143
572 144
573 143
573 144
573 145
573 146
573 147
573 148
573 149
573 150
574 151
574 152
574 153
574 154
574 155
578 115
578 116
578 117
578 118
578 119
578 120
579 121
579 122
579 123
579 124
579 125
579 126
579 127
579 128
580 127
580 128
580 129
580 130
580 131
580 132
580 133
580 134
580 135
581 133
581 134
581 135
581 136
581 137
581 138
581 139
581 140
581 141
582 140
582 141
582 142
582 143
582 144
582 145
582 146
582 147
582 148
583 148
583 149
583 150
583 151
583 152
583 153
584 156
584 157
584 158
587 113
587 114
587 115
587 116
587 117
587 118
588 118
588 119
588 120
588 121
588 122
588 123
588 124
588 125
589 125
589 126
589 127
589 128
589 129
589 130
589 131
589 132
589 133
590 131
590 132
590 133
590 134
590 135
590 136
590 137
590 138
590 139
591 138
591 139
591 140
591 141
591 142
591 143
591 144
591 145
591 146
592 145
592 146
592 147
592 148
592 149
592 150
592 151
592 152
593 153
593 154
593 155
593 156
593 157
596 111
596 112
596 113
596 114
596 115
597 116
597 117
597 118
597 119
597 120
597 121
597 122
597 123
598 122
598 123
598 124
598 125
598 126
598 127
598 128
598 129
598 130
599 129
599 130
599 131
599 132
599 133
599 134
599 135
599 136
599 137
600 135
600 136
600 137
600 138
600 139
600 140
600 141
600 142
600 143
600 144
601 142
601 143
601 144
601 145
601 146
601 147
601 148
601 149
601 150
602 150
602 151
602 152
602 153
602 154
602 155
605 110
605 111
605 112
606 114
606 115
606 116
606 117
606 118
606 119
606 120
606 121
607 120
607 121
607 122
607 123
607 124
607 125
607 126
607 127
607 128
608 126
608 127
608 128
608 129
608 130
608 131
608 132
608 133
608 134
608 135
609 133
609 134
609 135
609 136
609 137
609 138
609 139
609 140
609 141
610 140
610 141
610 142
610 143
610 144
610 145
610 146
610 147
610 148
611 147
611 148
611 149
611 150
611 151
611 152
611 153
611 154
612 155
612 156
612 157
612 158
612 159
615 113
615 114
615 115
615 116
615 117
615 118
616 118
616 119
616 120
616 121
616 122
616 123
616 124
616 125
616 126
617 124
617 125
617 126
617 127
617 128
617 129
617 130
617 131
617 132
617 133
618 131
618 132
618 133
618 134
618 135
618 136
618 137
618 138
618 139
619 137
619 138
619 139
619 140
619 141
619 142
619 143
619 144
619 145
619 146
620 144
620 145
620 146
620 147
620 148
620 149
620 150
620 151
620 152
621 152
621 153
621 154
621 155
621 156
621 157
624 111
624 112
624 113
624 114
624 115
625 116
625 117
625 118
625 119
625 120
625 121
625 122
625 123
626 122
626 123
626 124
626 125
626 126
626 127
626 128
626 129
626 130
627 128
627 129
627 130
627 131
627 132
627 133
627 134
627 135
627 136
627 137
628 135
628 136
628 137
628 138
628 139
628 140
628 141
628 142
628 143
628 144
629 142
629 143
629 144
629 145
629 146
629 147
629 148
629 149
629 150
630 149
630 150
630 151
630 152
630 153
630 154
630 155
631 157
631 158
631 159
631 160
633 109
633 110
633 111
633 112
634 114
634 115
634 116
634 117
634 118
634 119
634 120
634 121
635 120
635 121
635 122
635 123
635 124
635 125
635 126
635 127
635 128
636 126
636 127
636 128
636 129
636 130
636 131
636 132
636 133
636 134
636 135
637 133
637 134
637 135
637 136
637 137
637 138
637 139
637 140
637 141
638 139
638 140
638 141
638 142
638 143
638 144
638 145
638 146
638 147
638 148
639 147
639 148
639 149
639 150
639 151
639 152
639 153
639 154
640 154
640 155
640 156
640 157
640 158
640 159
643 112
643 113
643 114
643 115
643 116
643 117
643 118
644 118
644 119
644 120
644 121
644 122
644 123
644 124
644 125
645 124
645 125
645 126
645 127
645 128
645 129
645 130
645 131
645 132
646 130
646 131
646 132
646 133
646 134
646 135
646 136
646 137
646 138
646 139
647 137
647 138
647 139
647 140
647 141
647 142
647 143
647 144
647 145
647 146
648 144
648 145
648 146
648 147
648 148
648 149
648 150
648 151
648 152
649 151
649 152
649 153
649 154
649 155
649 156
649 157
650 160
650 161
652 111
652 112
652 113
652 114
652 115
653 116
653 117
653 118
653 119
653 120
653 121
653 122
653 123
654 122
654 123
654 124
654 125
654 126
654 127
654 128
654 129
654 130
655 128
655 129
655 130
655 131
655 132
655 133
655 134
655 135
655 136
655 137
656 135
656 136
656 137
656 138
656 139
656 140
656 141
656 142
656 143
657 141
657 142
657 143
657 144
657 145
657 146
657 147
657 148
657 149
657 150
658 149
658 150
658 151
658 152
658 153
658 154
658 155
659 156
659 157
659 158
659 159
659 160
661 109
661 110
661 111
661 112
662 114
662 115
662 116
662 117
662 118
662 119
662 120
663 120
663 121
663 122
663 123
663 124
663 125
663 126
663 127
663 128
664 126
664 127
664 128
664 129
664 130
664 131
664 132
664 133
664 134
664 135
665 132
665 133
665 134
665 135
665 136
665 137
665 138
665 139
665 140
665 141
666 139
666 140
666 141
666 142
666 143
666 144
666 145
666 146
666 147
666 148
667 146
667 147
667 148
667 149
667 150
667 151
667 152
667 153
668 153
668 154
668 155
668 156
668 157
668 158
668 159
671 112
671 113
671 114
671 115
671 116
671 117
671 118
672 118
672 119
672 120
672 121
672 122
672 123
672 124
672 125
673 124
673 125
673 126
673 127
673 128
673 129
673 130
673 131
673 132
674 130
674 131
674 132
674 133
674 134
674 135
674 136
674 137
674 138
674 139
675 137
675 138
675 139
675 140
675 141
675 142
675 143
675 144
675 145
676 143
676 144
676 145
676 146
676 147
676 148
676 149
676 150
676 151
676 152
677 151
677 152
677 153
677 154
677 155
677 156
677 157
678 159
678 160
678 161
678 162
680 111
680 112
680 113
680 114
680 115
681 116
681 117
681 118
681 119
681 120
681 121
681 122
681 123
682 122
682 123
682 124
682 125
682 126
682 127
682 128
682 129
682 130
683 128
683 129
683 130
683 131
683 132
683 133
683 134
683 135
683 136
683 137
684 134
684 135
684 136
684 137
684 138
684 139
684 140
684 141
684 142
684 143
685 141
685 142
685 143
685 144
685 145
685 146
685 147
685 148
685 149
686 148
686 149
686 150
686 151
686 152
686 153
686 154
686 155
687 155
687 156
687 157
687 158
687 159
687 160
687 161
689 110
689 111
690 114
690 115
690 116
690 117
690 118
690 119
690 120
691 120
691 121
691 122
691 123
691 124
691 125
691 126
691 127
692 126
692 127
692 128
692 129
692 130
692 131
692 132
692 133
692 134
693 132
693 133
693 134
693 135
693 136
693 137
693 138
693 139
693 140
693 141
694 139
694 140
694 141
694 142
694 143
694 144
694 145
694 146
694 147
695 145
695 146
695 147
695 148
695 149
695 150
695 151
695 152
695 153
696 153
696 154
696 155
696 156
696 157
696 158
696 159
697 161
697 162
697 163
697 164
699 112
699 113
699 114
699 115
699 116
699 117
700 118
700 119
700 120
700 121
700 122
700 123
700 124
700 125
701 124
701 125
701 126
701 127
701 128
701 129
701 130
701 131
701 132
702 130
702 131
702 132
702 133
702 134
702 135
702 136
702 137
702 138
702 139
703 136
703 137
703 138
703 139
703 140
703 141
703 142
703 143
703 144
703 145
704 143
704 144
704 145
704 146
704 147
704 148
704 149
704 150
704 151
705 150
705 151
705 152
705 153
705 154
705 155
705 156
705 157
706 158
706 159
706 160
706 161
706 162
708 111
708 112
708 113
708 114
709 116
709 117
709 118
709 119
709 120
709 121
709 122
710 122
710 123
710 124
710 125
710 126
710 127
710 128
710 129
711 128
711 129
711 130
711 131
711 132
711 133
711 134
711 135
711 136
712 134
712 135
712 136
712 137
712 138
712 139
712 140
712 141
712 142
712 143
713 140
713 141
713 142
713 143
713 144
713 145
713 146
713 147
713 148
713 149
714 147
714 148
714 149
714 150
714 151
714 152
714 153
714 154
714 155
715 155
715 156
715 157
715 158
715 159
715 160
715 161
716 163
716 164
716 165
718 114
718 115
718 116
718 117
718 118
718 119
719 120
719 121
719 122
719 123
719 124
719 125
719 126
719 127
720 125
720 126
720 127
720 128
720 129
720 130
720 131
720 132
720 133
720 134
721 132
721 133
721 134
721 135
721 136
721 137
721 138
721 139
721 140
721 141
722 138
722 139
722 140
722 141
722 142
722 143
722 144
722 145
722 146
722 147
723 145
723 146
723 147
723 148
723 149
723 150
723 151
723 152
723 153
724 152
724 153
724 154
724 155
724 156
724 157
724 158
724 159
725 160
725 161
725 162
725 163
725 164
727 113
727 114
727 115
727 116
728 118
728 119
728 120
728 121
728 122
728 123
728 124
729 123
729 124
729 125
729 126
729 127
729 128
729 129
729 130
729 131
730 129
730 130
730 131
730 132
730 133
730 134
730 135
730 136
730 137
730 138
731 136
731 137
731 138
731 139
731 140
731 141
731 142
731 143
731 144
731 145
732 142
732 143
732 144
732 145
732 146
732 147
732 148
732 149
732 150
732 151
733 149
733 150
733 151
733 152
733 153
733 154
733 155
733 156
733 157
734 157
734 158
734 159
734 160
734 161
734 162
734 163
735 165
735 166
735 167
736 112
736 113
737 116
737 117
737 118
737 119
737 120
737 121
738 121
738 122
738 123
738 124
738 125
738 126
738 127
738 128
738 129
739 127
739 128
739 129
739 130
739 131
739 132
739 133
739 134
739 135
739 136
740 133
740 134
740 135
740 136
740 137
740 138
740 139
740 140
740 141
740 142
740 143
741 140
741 141
741 142
741 143
741 144
741 145
741 146
741 147
741 148
741 149
742 147
742 148
742 149
742 150
742 151
742 152
742 153
742 154
742 155
743 154
743 155
743 156
743 157
743 158
743 159
743 160
743 161
744 161
744 162
744 163
744 164
744 165
744 166
746 114
746 115
746 116
746 117
746 118
746 119
747 120
747 121
747 122
747 123
747 124
747 125
747 126
748 125
748 126
748 127
748 128
748 129
748 130
748 131
748 132
748 133
749 131
749 132
749 133
749 134
749 135
749 136
749 137
749 138
749 139
749 140
750 138
750 139
750 140
750 141
750 142
750 143
750 144
750 145
750 146
750 147
751 144
751 145
751 146
751 147
751 148
751 149
751 150
751 151
751 152
751 153
752 151
752 152
752 153
752 154
752 155
752 156
752 157
752 158
752 159
753 158
753 159
753 160
753 161
753 162
753 163
753 164
753 165
754 167
754 168
754 169
755 113
755 114
755 115
756 118
756 119
756 120
756 121
756 122
756 123
756 124
757 123
757 124
757 125
757 126
757 127
757 128
757 129
757 130
757 131
758 129
758 130
758 131
758 132
758 133
758 134
758 135
758 136
758 137
758 138
759 135
759 136
759 137
759 138
759 139
759 140
759 141
759 142
759 143
759 144
760 142
760 143
760 144
760 145
760 146
760 147
760 148
760 149
760 150
760 151
761 149
761 150
761 151
761 152
761 153
761 154
761 155
761 156
761 157
762 156
762 157
762 158
762 159
762 160
762 161
762 162
762 163
763 163
763 164
763 165
763 166
763 167
763 168
765 116
765 117
765 118
765 119
765 120
765 121
766 121
766 122
766 123
766 124
766 125
766 126
766 127
766 128
767 127
767 128
767 129
767 130
767 131
767 132
767 133
767 134
767 135
768 133
768 134
768 135
768 136
768 137
768 138
768 139
768 140
768 141
768 142
769 139
769 140
769 141
769 142
769 143
769 144
769 145
769 146
769 147
769 148
769 149
770 146
770 147
770 148
770 149
770 150
770 151
770 152
770 153
770 154
770 155
771 153
771 154
771 155
771 156
771 157
771 158
771 159
771 160
771 161
772 160
772 161
772 162
772 163
772 164
772 165
772 166
772 167
773 169
773 170
773 171
774 115
774 116
774 117
775 120
775 121
775 122
775 123
775 124
775 125
775 126
776 125
776 126
776 127
776 128
776 129
776 130
776 131
776 132
776 133
777 131
777 132
777 133
777 134
777 135
777 136
777 137
777 138
777 139
777 140
778 137
778 138
778 139
778 140
778 141
778 142
778 143
778 144
778 145
778 146
779 144
779 145
779 146
779 147
779 148
779 149
779 150
779 151
779 152
779 153
780 150
780 151
780 152
780 153
780 154
780 155
780 156
780 157
780 158
780 159
781 158
781 159
781 160
781 161
781 162
781 163
781 164
781 165
782 165
782 166
782 167
782 168
782 169
782 170
784 118
784 119
784 120
784 121
784 122
784 123
785 123
785 124
785 125
785 126
785 127
785 128
785 129
785 130
786 129
786 130
786 131
786 132
786 133
786 134
786 135
786 136
786 137
787 135
787 136
787 137
787 138
787 139
787 140
787 141
787 142
787 143
787 144
788 141
788 142
788 143
788 144
788 145
788 146
788 147
788 148
788 149
788 150
788 151
789 148
789 149
789 150
789 151
789 152
789 153
789 154
789 155
789 156
789 157
790 155
790 156
790 157
790 158
790 159
790 160
790 161
790 162
790 163
791 162
791 163
791 164
791 165
791 166
791 167
791 168
792 171
792 172
792 173
793 117
793 118
793 119
794 121
794 122
794 123
794 124
794 125
794 126
794 127
794 128
795 127
795 128
795 129
795 130
795 131
795 132
795 133
795 134
795 135
796 133
796 134
796 135
796 136
796 137
796 138
796 139
796 140
796 141
796 142
797 139
797 140
797 141
797 142
797 143
797 144
797 145
797 146
797 147
797 148
798 145
798 146
798 147
798 148
798 149
798 150
798 151
798 152
798 153
798 154
798 155
799 152
799 153
799 154
799 155
799 156
799 157
799 158
799 159
799 160
799 161
800 159
800 160
800 161
800 162
800 163
800 164
800 165
800 166
800 167
801 167
801 168
801 169
801 170
801 171
801 172
803 120
803 121
803 122
803 123
803 124
803 125
804 125
804 126
804 127
804 128
804 129
804 130
804 131
804 132
805 131
805 132
805 133
805 134
805 135
805 136
805 137
805 138
805 139
806 137
806 138
806 139
806 140
806 141
806 142
806 143
806 144
806 145
806 146
807 143
807 144
807 145
807 146
807 147
807 148
807 149
807 150
807 151
807 152
807 153
808 150
808 151
808 152
808 153
808 154
808 155
808 156
808 157
808 158
808 159
809 157
809 158
809 159
809 160
809 161
809 162
809 163
809 164
809 165
810 164
810 165
810 166
810 167
810 168
810 169
810 170
811 173
811 174
811 175
812 118
812 119
812 120
812 121
812 122
813 123
813 124
813 125
813 126
813 127
813 128
813 129
813 130
814 129
814 130
814 131
814 132
814 133
814 134
814 135
814 136
814 137
815 135
815 136
815 137
815 138
815 139
815 140
815 141
815 142
815 143
815 144
816 141
816 142
816 143
816 144
816 145
816 146
816 147
816 148
816 149
816 150
817 147
817 148
817 149
817 150
817 151
817 152
817 153
817 154
817 155
817 156
817 157
818 154
818 155
818 156
818 157
818 158
818 159
818 160
818 161
818 162
818 163
819 161
819 162
819 163
819 164
819 165
819 166
819 167
819 168
819 169
820 169
820 170
820 171
820 172
820 173
820 174
822 121
822 122
822 123
822 124
822 125
822 126
822 127
823 127
823 128
823 129
823 130
823 131
823 132
823 133
823 134
824 132
824 133
824 134
824 135
824 136
824 137
824 138
824 139
824 140
824 141
825 138
825 139
825 140
825 141
825 142
825 143
825 144
825 145
825 146
825 147
825 148
826 145
826 146
826 147
826 148
826 149
826 150
826 151
826 152
826 153
826 154
826 155
827 152
827 153
827 154
827 155
827 156
827 157
827 158
827 159
827 160
827 161
828 159
828 160
828 161
828 162
828 163
828 164
828 165
828 166
828 167
829 166
829 167
829 168
829 169
829 170
829 171
829 172
830 175
830 176
831 120
831 121
831 122
831 123
831 124
832 125
832 126
832 127
832 128
832 129
832 130
832 131
832 132
833 130
833 131
833 132
833 133
833 134
833 135
833 136
833 137
833 138
833 139
834 136
834 137
834 138
834 139
834 140
834 141
834 142
834 143
834 144
834 145
834 146
835 143
835 144
835 145
835 146
835 147
835 148
835 149
835 150
835 151
835 152
836 149
836 150
836 151
836 152
836 153
836 154
836 155
836 156
836 157
836 158
836 159
837 156
837 157
837 158
837 159
837 160
837 161
837 162
837 163
837 164
837 165
838 163
838 164
838 165
838 166
838 167
838 168
838 169
838 170
838 171
839 171
839 172
839 173
839 174
839 175
839 176
840 119
840 120
841 123
841 124
841 125
841 126
841 127
841 128
841 129
842 128
842 129
842 130
842 131
842 132
842 133
842 134
842 135
842 136
843 134
843 135
843 136
843 137
843 138
843 139
843 140
843 141
843 142
843 143
844 140
844 141
844 142
844 143
844 144
844 145
844 146
844 147
844 148
844 149
844 150
845 147
845 148
845 149
845 150
845 151
845 152
845 153
845 154
845 155
845 156
845 157
846 153
846 154
846 155
846 156
846 157
846 158
846 159
846 160
846 161
846 162
846 163
847 160
847 161
847 162
847 163
847 164
847 165
847 166
847 167
847 168
847 169
848 168
848 169
848 170
848 171
848 172
848 173
848 174
849 177
849 178
850 122
850 123
850 124
850 125
850 126
851 126
851 127
851 128
851 129
851 130
851 131
851 132
851 133
851 134
852 132
852 133
852 134
852 135
852 136
852 137
852 138
852 139
852 140
852 141
853 138
853 139
853 140
853 141
853 142
853 143
853 144
853 145
853 146
853 147
853 148
854 144
854 145
854 146
854 147
854 148
854 149
854 150
854 151
854 152
854 153
854 154
854 155
855 151
855 152
855 153
855 154
855 155
855 156
855 157
855 158
855 159
855 160
855 161
856 158
856 159
856 160
856 161
856 162
856 163
856 164
856 165
856 166
856 167
857 165
857 166
857 167
857 168
857 169
857 170
857 171
857 172
857 173
858 173
858 174
858 175
858 176
858 177
858 178
859 121
859 122
860 125
860 126
860 127
860 128
860 129
860 130
860 131
861 130
861 131
861 132
861 133
861 134
861 135
861 136
861 137
861 138
862 136
862 137
862 138
862 139
862 140
862 141
862 142
862 143
862 144
862 145
863 142
863 143
863 144
863 145
863 146
863 147
863 148
863 149
863 150
863 151
863 152
864 149
864 150
864 151
864 152
864 153
864 154
864 155
864 156
864 157
864 158
864 159
865 155
865 156
865 157
865 158
865 159
865 160
865 161
865 162
865 163
865 164
865 165
866 162
866 163
866 164
866 165
866 166
866 167
866 168
866 169
866 170
866 171
867 170
867 171
867 172
867 173
867 174
867 175
867 176
869 123
869 124
869 125
869 126
869 127
869 128
870 128
870 129
870 130
870 131
870 132
870 133
870 134
870 135
870 136
871 134
871 135
871 136
871 137
871 138
871 139
871 140
871 141
871 142
871 143
872 140
872 141
872 142
872 143
872 144
872 145
872 146
872 147
872 148
872 149
872 150
873 146
873 147
873 148
873 149
873 150
873 151
873 152
873 153
873 154
873 155
873 156
873 157
874 153
874 154
874 155
874 156
874 157
874 158
874 159
874 160
874 161
874 162
874 163
875 160
875 161
875 162
875 163
875 164
875 165
875 166
875 167
875 168
875 169
876 167
876 168
876 169
876 170
876 171
876 172
876 173
876 174
876 175
877 175
877 176
877 177
877 178
877 179
877 180
878 122
878 123
878 124
878 125
879 126
879 127
879 128
879 129
879 130
879 131
879 132
879 133
880 132
880 133
880 134
880 135
880 136
880 137
880 138
880 139
880 140
881 138
881 139
881 140
881 141
881 142
881 143
881 144
881 145
881 146
881 147
882 144
882 145
882 146
882 147
882 148
882 149
882 150
882 151
882 152
882 153
882 154
883 150
883 151
883 152
883 153
883 154
883 155
883 156
883 157
883 158
883 159
883 160
883 161
884 157
884 158
884 159
884 160
884 161
884 162
884 163
884 164
884 165
884 166
884 167
885 164
885 165
885 166
885 167
885 168
885 169
885 170
885 171
885 172
885 173
886 172
886 173
886 174
886 175
886 176
886 177
886 178
888 125
888 126
888 127
888 128
888 129
888 130
889 130
889 131
889 132
889 133
889 134
889 135
889 136
889 137
889 138
890 135
890 136
890 137
890 138
890 139
890 140
890 141
890 142
890 143
890 144
890 145
891 142
891 143
891 144
891 145
891 146
891 147
891 148
891 149
891 150
891 151
891 152
892 148
892 149
892 150
892 151
892 152
892 153
892 154
892 155
892 156
892 157
892 158
892 159
893 155
893 156
893 157
893 158
893 159
893 160
893 161
893 162
893 163
893 164
893 165
894 162
894 163
894 164
894 165
894 166
894 167
894 168
894 169
894 170
894 171
895 169
895 170
895 171
895 172
895 173
895 174
895 175
895 176
895 177
896 178
896 179
896 180
896 181
897 123
897 124
897 125
897 126
897 127
898 128
898 129
898 130
898 131
898 132
898 133
898 134
898 135
899 133
899 134
899 135
899 136
899 137
899 138
899 139
899 140
899 141
899 142
900 139
900 140
900 141
900 142
900 143
900 144
900 145
900 146
900 147
900 148
900 149
900 150
901 146
901 147
901 148
901 149
901 150
901 151
901 152
901 153
901 154
901 155
901 156
902 152
902 153
902 154
902 155
902 156
902 157
902 158
902 159
902 160
902 161
902 162
902 163
903 159
903 160
903 161
903 162
903 163
903 164
903 165
903 166
903 167
903 168
903 169
904 166
904 167
904 168
904 169
904 170
904 171
904 172
904 173
904 174
904 175
905 174
905 175
905 176
905 177
905 178
905 179
905 180
907 126
907 127
907 128
907 129
907 130
907 131
907 132
908 131
908 132
908 133
908 134
908 135
908 136
908 137
908 138
908 139
908 140
909 137
909 138
909 139
909 140
909 141
909 142
909 143
909 144
909 145
909 146
909 147
910 143
910 144
910 145
910 146
910 147
910 148
910 149
910 150
910 151
910 152
910 153
910 154
911 150
911 151
911 152
911 153
911 154
911 155
911 156
911 157
911 158
911 159
911 160
911 161
912 157
912 158
912 159
912 160
912 161
912 162
912 163
912 164
912 165
912 166
912 167
913 164
913 165
913 166
913 167
913 168
913 169
913 170
913 171
913 172
913 173
914 171
914 172
914 173
914 174
914 175
914 176
914 177
914 178
914 179
915 180
915 181
915 182
915 183
916 125
916 126
916 127
916 128
916 129
917 130
917 131
917 132
917 133
917 134
917 135
917 136
917 137
918 135
918 136
918 137
918 138
918 139
918 140
918 141
918 142
918 143
918 144
918 145
919 141
919 142
919 143
919 144
919 145
919 146
919 147
919 148
919 149
919 150
919 151
919 152
920 148
920 149
920 150
920 151
920 152
920 153
920 154
920 155
920 156
920 157
920 158
921 154
921 155
921 156
921 157
921 158
921 159
921 160
921 161
921 162
921 163
921 164
921 165
922 161
922 162
922 163
922 164
922 165
922 166
922 167
922 168
922 169
922 170
922 171
923 169
923 170
923 171
923 172
923 173
923 174
923 175
923 176
923 177
924 177
924 178
924 179
924 180
924 181
924 182
925 124
925 125
926 128
926 129
926 130
926 131
926 132
926 133
926 134
927 133
927 134
927 135
927 136
927 137
927 138
927 139
927 140
927 141
927 142
928 139
928 140
928 141
928 142
928 143
928 144
928 145
928 146
928 147
928 148
928 149
929 145
929 146
929 147
929 148
929 149
929 150
929 151
929 152
929 153
929 154
929 155
929 156
930 152
930 153
930 154
930 155
930 156
930 157
930 158
930 159
930 160
930 161
930 162
930 163
931 159
931 160
931 161
931 162
931 163
931 164
931 165
931 166
931 167
931 168
931 169
932 166
932 167
932 168
932 169
932 170
932 171
932 172
932 173
932 174
932 175
933 174
933 175
933 176
933 177
933 178
933 179
933 180
933 181
934 183
934 184
935 126
935 127
935 128
935 129
935 130
935 131
936 131
936 132
936 133
936 134
936 135
936 136
936 137
936 138
936 139
937 137
937 138
937 139
937 140
937 141
937 142
937 143
937 144
937 145
937 146
937 147
938 143
938 144
938 145
938 146
938 147
938 148
938 149
938 150
938 151
938 152
938 153
938 154
939 149
939 150
939 151
939 152
939 153
939 154
939 155
939 156
939 157
939 158
939 159
939 160
940 156
940 157
940 158
940 159
940 160
940 161
940 162
940 163
940 164
940 165
940 166
940 167
941 163
941 164
941 165
941 166
941 167
941 168
941 169
941 170
941 171
941 172
941 173
942 171
942 172
942 173
942 174
942 175
942 176
942 177
942 178
942 179
943 179
943 180
943 181
943 182
943 183
943 184
944 125
944 126
944 127
944 128
945 130
945 131
945 132
945 133
945 134
945 135
945 136
946 135
946 136
946 137
946 138
946 139
946 140
946 141
946 142
946 143
946 144
947 141
947 142
947 143
947 144
947 145
947 146
947 147
947 148
947 149
947 150
947 151
948 147
948 148
948 149
948 150
948 151
948 152
948 153
948 154
948 155
948 156
948 157
948 158
949 154
949 155
949 156
949 157
949 158
949 159
949 160
949 161
949 162
949 163
949 164
949 165
950 161
950 162
950 163
950 164
950 165
950 166
950 167
950 168
950 169
950 170
950 171
951 168
951 169
951 170
951 171
951 172
951 173
951 174
951 175
951 176
951 177
952 176
952 177
952 178
952 179
952 180
952 181
952 182
954 128
954 129
954 130
954 131
954 132
954 133
955 133
955 134
955 135
955 136
955 137
955 138
955 139
955 140
955 141
956 139
956 140
956 141
956 142
956 143
956 144
956 145
956 146
956 147
956 148
956 149
957 145
957 146
957 147
957 148
957 149
957 150
957 151
957 152
957 153
957 154
957 155
957 156
958 151
958 152
958 153
958 154
958 155
958 156
958 157
958 158
958 159
958 160
958 161
958 162
959 158
959 159
959 160
959 161
959 162
959 163
959 164
959 165
959 166
959 167
959 168
959 169
960 165
960 166
960 167
960 168
960 169
960 170
960 171
960 172
960 173
960 174
960 175
961 173
961 174
961 175
961 176
961 177
961 178
961 179
961 180
961 181
962 182
962 183
962 184
962 185
963 127
963 128
963 129
963 130
964 131
964 132
964 133
964 134
964 135
964 136
964 137
964 138
964 139
965 137
965 138
965 139
965 140
965 141
965 142
965 143
965 144
965 145
965 146
966 143
966 144
966 145
966 146
966 147
966 148
966 149
966 150
966 151
966 152
966 153
967 149
967 150
967 151
967 152
967 153
967 154
967 155
967 156
967 157
967 158
967 159
967 160
968 156
968 157
968 158
968 159
968 160
968 161
968 162
968 163
968 164
968 165
968 166
968 167
969 163
969 164
969 165
969 166
969 167
969 168
969 169
969 170
969 171
969 172
969 173
970 170
970 171
970 172
970 173
970 174
970 175
970 176
970 177
970 178
970 179
971 178
971 179
971 180
971 181
971 182
971 183
971 184
973 130
973 131
973 132
973 133
973 134
973 135
973 136
974 135
974 136
974 137
974 138
974 139
974 140
974 141
974 142
974 143
975 141
975 142
975 143
975 144
975 145
975 146
975 147
975 148
975 149
975 150
975 151
976 147
976 148
976 149
976 150
976 151
976 152
976 153
976 154
976 155
976 156
976 157
976 158
977 153
977 154
977 155
977 156
977 157
977 158
977 159
977 160
977 161
977 162
977 163
977 164
977 165
978 160
978 161
978 162
978 163
978 164
978 165
978 166
978 167
978 168
978 169
978 170
978 171
979 168
979 169
979 170
979 171
979 172
979 173
979 174
979 175
979 176
979 177
980 175
980 176
980 177
980 178
980 179
980 180
980 181
980 182
981 185
981 186
982 128
982 129
982 130
982 131
982 132
983 133
983 134
983 135
983 136
983 137
983 138
983 139
983 140
983 141
984 139
984 140
984 141
984 142
984 143
984 144
984 145
984 146
984 147
984 148
985 145
985 146
985 147
985 148
985 149
985 150
985 151
985 152
985 153
985 154
985 155
986 151
986 152
986 153
986 154
986 155
986 156
986 157
986 158
986 159
986 160
986 161
986 162
987 158
987 159
987 160
987 161
987 162
987 163
987 164
987 165
987 166
987 167
987 168
987 169
988 165
988 166
988 167
988 168
988 169
988 170
988 171
988 172
988 173
988 174
988 175
989 173
989 174
989 175
989 176
989 177
989 178
989 179
989 180
989 181
990 181
990 182
990 183
990 184
990 185
992 131
992 132
992 133
992 134
992 135
992 136
992 137
992 138
993 137
993 138
993 139
993 140
993 141
993 142
993 143
993 144
993 145
993 146
994 143
994 144
994 145
994 146
994 147
994 148
994 149
994 150
994 151
994 152
994 153
995 149
995 150
995 151
995 152
995 153
995 154
995 155
995 156
995 157
995 158
995 159
995 160
996 156
996 157
996 158
996 159
996 160
996 161
996 162
996 163
996 164
996 165
996 166
997 163
997 164
997 165
997 166
997 167
997 168
997 169
997 170
997 171
997 172
997 173
998 170
998 171
998 172
998 173
998 174
998 175
998 176
998 177
998 178
998 179
999 178
999 179
999 180
999 181
999 182
999 183
999 184
1001 130
1001 131
1001 132
1001 133
1001 134
1002 135
1002 136
1002 137
1002 138
1002 139
1002 140
1002 141
1002 142
1002 143
1003 141
1003 142
1003 143
1003 144
1003 145
1003 146
1003 147
1003 148
1003 149
1003 150
1004 147
1004 148
1004 149
1004 150
1004 151
1004 152
1004 153
1004 154
1004 155
1004 156
1004 157
1005 153
1005 154
1005 155
1005 156
1005 157
1005 158
1005 159
1005 160
1005 161
1005 162
1005 163
1005 164
1006 160
1006 161
1006 162
1006 163
1006 164
1006 165
1006 166
1006 167
1006 168
1006 169
1006 170
1006 171
1007 167
1007 168
1007 169
1007 170
1007 171
1007 172
1007 173
1007 174
1007 175
1007 176
1007 177
1008 175
1008 176
1008 177
1008 178
1008 179
1008 180
1008 181
1008 182
1009 184
1009 185
1009 186
1011 133
1011 134
1011 135
1011 136
1011 137
1011 138
1011 139
1011 140
1012 139
1012 140
1012 141
1012 142
1012 143
1012 144
1012 145
1012 146
1012 147
1012 148
1013 145
1013 146
1013 147
1013 148
1013 149
1013 150
1013 151
1013 152
1013 153
1013 154
1013 155
1014 151
1014 152
1014 153
1014 154
1014 155
1014 156
1014 157
1014 158
1014 159
1014 160
1014 161
1014 162
1015 158
1015 159
1015 160
1015 161
1015 162
1015 163
1015 164
1015 165
1015 166
1015 167
1015 168
1016 165
1016 166
1016 167
1016 168
1016 169
1016 170
1016 171
1016 172
1016 173
1016 174
1016 175
1017 172
1017 173
1017 174
1017 175
1017 176
1017 177
1017 178
1017 179
1017 180
1017 181
1018 181
1018 182
1018 183
1018 184
1018 185
1020 132
1020 133
1020 134
1020 135
1020 136
1020 137
1021 137
1021 138
1021 139
1021 140
1021 141
1021 142
1021 143
1021 144
1021 145
1022 143
1022 144
1022 145
1022 146
1022 147
1022 148
1022 149
1022 150
1022 151
1022 152
1023 149
1023 150
1023 151
1023 152
1023 153
1023 154
1023 155
1023 156
1023 157
1023 158
1023 159
1024 155
1024 156
1024 157
1024 158
1024 159
1024 160
1024 161
1024 162
1024 163
1024 164
1024 165
1024 166
1025 162
1025 163
1025 164
1025 165
1025 166
1025 167
1025 168
1025 169
1025 170
1025 171
1025 172
1025 173
1026 170
1026 171
1026 172
1026 173
1026 174
1026 175
1026 176
1026 177
1026 178
1026 179
1027 178
1027 179
1027 180
1027 181
1027 182
1027 183
1027 184
1029 132
1030 135
1030 136
1030 137
1030 138
1030 139
1030 140
1030 141
1030 142
1031 141
1031 142
1031 143
1031 144
1031 145
1031 146
1031 147
1031 148
1031 149
1031 150
1032 147
1032 148
1032 149
1032 150
1032 151
1032 152
1032 153
1032 154
1032 155
1032 156
1032 157
1033 153
1033 154
1033 155
1033 156
1033 157
1033 158
1033 159
1033 160
1033 161
1033 162
1033 163
1033 164
1034 160
1034 161
1034 162
1034 163
1034 164
1034 165
1034 166
1034 167
1034 168
1034 169
1034 170
1035 167
1035 168
1035 169
1035 170
1035 171
1035 172
1035 173
1035 174
1035 175
1035 176
1035 177
1036 175
1036 176
1036 177
1036 178
1036 179
1036 180
1036 181
1036 182
1037 184
1037 185
1037 186
1039 134
1039 135
1039 136
1039 137
1039 138
1039 139
1040 139
1040 140
1040 141
1040 142
1040 143
1040 144
1040 145
1040 146
1040 147
1041 145
1041 146
1041 147
1041 148
1041 149
1041 150
1041 151
1041 152
1041 153
1041 154
1042 151
1042 152
1042 153
1042 154
1042 155
1042 156
1042 157
1042 158
1042 159
1042 160
1042 161
1043 158
1043 159
1043 160
1043 161
1043 162
1043 163
1043 164
1043 165
1043 166
1043 167
1043 168
1044 165
1044 166
1044 167
1044 168
1044 169
1044 170
1044 171
1044 172
1044 173
1044 174
1045 172
1045 173
1045 174
1045 175
1045 176
1045 177
1045 178
1045 179
1045 180
1046 181
1046 182
1046 183
1046 184
1046 185
1048 133
1048 134
1049 137
1049 138
1049 139
1049 140
1049 141
1049 142
1049 143
1049 144
1050 143
1050 144
1050 145
1050 146
1050 147
1050 148
1050 149
1050 150
1050 151
1050 152
1051 149
1051 150
1051 151
1051 152
1051 153
1051 154
1051 155
1051 156
1051 157
1051 158
1051 159
1052 155
1052 156
1052 157
1052 158
1052 159
1052 160
1052 161
1052 162
1052 163
1052 164
1052 165
1052 166
1053 162
1053 163
1053 164
1053 165
1053 166
1053 167
1053 168
1053 169
1053 170
1053 171
1053 172
1054 170
1054 171
1054 172
1054 173
1054 174
1054 175
1054 176
1054 177
1054 178
1055 178
1055 179
1055 180
1055 181
1055 182
1055 183
1055 184
1058 136
1058 137
1058 138
1058 139
1058 140
1059 141
1059 142
1059 143
1059 144
1059 145
1059 146
1059 147
1059 148
1059 149
1060 147
1060 148
1060 149
1060 150
1060 151
1060 152
1060 153
1060 154
1060 155
1060 156
1061 153
1061 154
1061 155
1061 156
1061 157
1061 158
1061 159
1061 160
1061 161
1061 162
1061 163
1062 160
1062 161
1062 162
1062 163
1062 164
1062 165
1062 166
1062 167
1062 168
1062 169
1062 170
1063 167
1063 168
1063 169
1063 170
1063 171
1063 172
1063 173
1063 174
1063 175
1063 176
1064 175
1064 176
1064 177
1064 178
1064 179
1064 180
1064 181
1064 182
1065 184
1065 185
1065 186
1067 136
1068 139
1068 140
1068 141
1068 142
1068 143
1068 144
1068 145
1068 146
1069 145
1069 146
1069 147
1069 148
1069 149
1069 150
1069 151
1069 152
1069 153
1070 151
1070 152
1070 153
1070 154
1070 155
1070 156
1070 157
1070 158
1070 159
1070 160
1070 161
1071 158
1071 159
1071 160
1071 161
1071 162
1071 163
1071 164
1071 165
1071 166
1071 167
1072 165
1072 166
1072 167
1072 168
1072 169
1072 170
1072 171
1072 172
1072 173
1072 174
1073 172
1073 173
1073 174
1073 175
1073 176
1073 177
1073 178
1073 179
1073 180
1074 181
1074 182
1074 183
1074 184
1074 185
1077 138
1077 139
1077 140
1077 141
1077 142
1078 143
1078 144
1078 145
1078 146
1078 147
1078 148
1078 149
1078 150
1078 151
1079 149
1079 150
1079 151
1079 152
1079 153
1079 154
1079 155
1079 156
1079 157
1079 158
1080 156
1080 157
1080 158
1080 159
1080 160
1080 161
1080 162
1080 163
1080 164
1080 165
1081 163
1081 164
1081 165
1081 166
1081 167
1081 168
1081 169
1081 170
1081 171
1082 170
1082 171
1082 172
1082 173
1082 174
1082 175
1082 176
1082 177
1082 178
1083 178
1083 179
1083 180
1083 181
1083 182
1083 183
1087 142
1087 143
1087 144
1087 145
1087 146
1087 147
1088 147
1088 148
1088 149
1088 150
1088 151
1088 152
1088 153
1088 154
1088 155
1089 154
1089 155
1089 156
1089 157
1089 158
1089 159
1089 160
1089 161
1089 162
1090 160
1090 161
1090 162
1090 163
1090 164
1090 165
1090 166
1090 167
1090 168
1090 169
1091 167
1091 168
1091 169
1091 170
1091 171
1091 172
1091 173
1091 174
1091 175
1092 175
1092 176
1092 177
1092 178
1092 179
1092 180
1092 181
1096 141
1096 142
1096 143
1096 144
1097 146
1097 147
1097 148
1097 149
1097 150
1097 151
1097 152
1098 152
1098 153
1098 154
1098 155
1098 156
1098 157
1098 158
1098 159
1098 160
1099 158
1099 159
1099 160
1099 161
1099 162
1099 163
1099 164
1099 165
1099 166
1099 167
1100 165
1100 166
1100 167
1100 168
1100 169
1100 170
1100 171
1100 172
1100 173
1101 173
1101 174
1101 175
1101 176
1101 177
1101 178
1101 179
1102 181
1102 182
1102 183
1102 184
1106 144
1106 145
1106 146
1106 147
1106 148
1106 149
1107 150
1107 151
1107 152
1107 153
1107 154
1107 155
1107 156
1107 157
1108 156
1108 157
1108 158
1108 159
1108 160
1108 161
1108 162
1108 163
1108 164
1109 163
1109 164
1109 165
1109 166
1109 167
1109 168
1109 169
1109 170
1109 171
1110 170
1110 171
1110 172
1110 173
1110 174
1110 175
1110 176
1110 177
1111 179
1111 180
1111 181
1111 182
1115 144
1115 145
1116 148
1116 149
1116 150
1116 151
1116 152
1116 153
1116 154
1117 154
1117 155
1117 156
1117 157
1117 158
1117 159
1117 160
1117 161
1118 161
1118 162
1118 163
1118 164
1118 165
1118 166
1118 167
1118 168
1119 168
1119 169
1119 170
1119 171
1119 172
1119 173
1119 174
1120 176
1120 177
1120 178
1120 179
1120 180
1125 147
1125 148
1125 149
1125 150
1126 152
1126 153
1126 154
1126 155
1126 156
1126 157
1126 158
1127 159
1127 160
1127 161
1127 162
1127 163
1127 164
1127 165
1128 166
1128 167
1128 168
1128 169
1128 170
1128 171
1128 172
1129 173
1129 174
1129 175
1129 176
1129 177
1129 178
1135 151
1135 152
1135 153
1135 154
1135 155
1136 157
1136 158
1136 159
1136 160
1136 161
1136 162
1137 164
1137 165
1137 166
1137 167
1137 168
1137 169
1138 171
1138 172
1138 173
1138 174
1138 175
1145 156
1145 157
1145 158
1145 159
1146 162
1146 163
1146 164
1146 165
1146 166
1147 169
1147 170
1147 171
1147 172
1147 173
1155 161
1155 162
1155 163
1156 167
1156 168
1156 169
1156 170
2184 111
2184 112
2185 118
2193 108
2193 109
2193 110
2194 114
2194 115
2194 116
2194 117
2194 118
2195 122
2195 123
2202 105
2202 106
2202 107
2202 108
2202 109
2203 111
2203 112
2203 113
2203 114
2203 115
2203 116
2204 118
2204 119
2204 120
2204 121
2204 122
2205 127
2211 103
2211 104
2211 105
2211 106
2212 109
2212 110
2212 111
2212 112
2212 113
2212 114
2213 115
2213 116
2213 117
2213 118
2213 119
2213 120
2213 121
2214 123
2214 124
2214 125
2214 126
2214 127
2220 101
2220 102
2220 103
2220 104
2221 106
2221 107
2221 108
2221 109
2221 110
2221 111
2221 112
2222 112
2222 113
2222 114
2222 115
2222 116
2222 117
2222 118
2222 119
2223 120
2223 121
2223 122
2223 123
2223 124
2223 125
2223 126
2224 128
2224 129
2224 130
2224 131
2229 100
2229 101
2230 104
2230 105
2230 106
2230 107
2230 108
2230 109
2230 110
2231 110
2231 111
2231 112
2231 113
2231 114
2231 115
2231 116
2231 117
2232 117
2232 118
2232 119
2232 120
2232 121
2232 122
2232 123
2232 124
2233 124
2233 125
2233 126
2233 127
2233 128
2233 129
2233 130
2239 102
2239 103
2239 104
2239 105
2239 106
2239 107
2239 108
2240 108
2240 109
2240 110
2240 111
2240 112
2240 113
2240 114
2240 115
2241 114
2241 115
2241 116
2241 117
2241 118
2241 119
2241 120
2241 121
2241 122
2242 121
2242 122
2242 123
2242 124
2242 125
2242 126
2242 127
2242 128
2242 129
2243 129
2243 130
2243 131
2243 132
2243 133
2243 134
2248 100
2248 101
2248 102
2248 103
2248 104
2248 105
2249 105
2249 106
2249 107
2249 108
2249 109
2249 110
2249 111
2249 112
2249 113
2250 112
2250 113
2250 114
2250 115
2250 116
2250 117
2250 118
2250 119
2250 120
2251 119
2251 120
2251 121
2251 122
2251 123
2251 124
2251 125
2251 126
2251 127
2252 126
2252 127
2252 128
2252 129
2252 130
2252 131
2252 132
2252 133
2253 136
2253 137
2253 138
2257 98
2257 99
2257 100
2257 101
2257 102
2258 103
2258 104
2258 105
2258 106
2258 107
2258 108
2258 109
2258 110
2258 111
2259 109
2259 110
2259 111
2259 112
2259 113
2259 114
2259 115
2259 116
2259 117
2259 118
2260 116
2260 117
2260 118
2260 119
2260 120
2260 121
2260 122
2260 123
2260 124
2260 125
2261 123
2261 124
2261 125
2261 126
2261 127
2261 128
2261 129
2261 130
2261 131
2261 132
2262 132
2262 133
2262 134
2262 135
2262 136
2262 137
2266 97
2266 98
2266 99
2267 101
2267 102
2267 103
2267 104
2267 105
2267 106
2267 107
2267 108
2268 107
2268 108
2268 109
2268 110
2268 111
2268 112
2268 113
2268 114
2268 115
2268 116
2269 114
2269 115
2269 116
2269 117
2269 118
2269 119
2269 120
2269 121
2269 122
2269 123
2270 121
2270 122
2270 123
2270 124
2270 125
2270 126
2270 127
2270 128
2270 129
2270 130
2271 128
2271 129
2271 130
2271 131
2271 132
2271 133
2271 134
2271 135
2271 136
2272 138
2272 139
2272 140
2276 99
2276 100
2276 101
2276 102
2276 103
2276 104
2276 105
2276 106
2277 105
2277 106
2277 107
2277 108
2277 109
2277 110
2277 111
2277 112
2277 113
2277 114
2278 111
2278 112
2278 113
2278 114
2278 115
2278 116
2278 117
2278 118
2278 119
2278 120
2278 121
2279 118
2279 119
2279 120
2279 121
2279 122
2279 123
2279 124
2279 125
2279 126
2279 127
2279 128
2280 125
2280 126
2280 127
2280 128
2280 129
2280 130
2280 131
2280 132
2280 133
2280 134
2281 134
2281 135
2281 136
2281 137
2281 138
2281 139
2281 140
2285 98
2285 99
2285 100
2285 101
2285 102
2285 103
2286 103
2286 104
2286 105
2286 106
2286 107
2286 108
2286 109
2286 110
2286 111
2287 109
2287 110
2287 111
2287 112
2287 113
2287 114
2287 115
2287 116
2287 117
2287 118
2287 119
2288 116
2288 117
2288 118
2288 119
2288 120
2288 121
2288 122
2288 123
2288 124
2288 125
2288 126
2289 123
2289 124
2289 125
2289 126
2289 127
2289 128
2289 129
2289 130
2289 131
2289 132
2290 131
2290 132
2290 133
2290 134
2290 135
2290 136
2290 137
2290 138
2290 139
2291 141
2291 142
2291 143
2294 96
2294 97
2294 98
2294 99
2294 100
2295 101
2295 102
2295 103
2295 104
2295 105
2295 106
2295 107
2295 108
2295 109
2296 107
2296 108
2296 109
2296 110
2296 111
2296 112
2296 113
2296 114
2296 115
2296 116
2297 113
2297 114
2297 115
2297 116
2297 117
2297 118
2297 119
2297 120
2297 121
2297 122
2297 123
2297 124
2298 120
2298 121
2298 122
2298 123
2298 124
2298 125
2298 126
2298 127
2298 128
2298 129
2298 130
2299 128
2299 129
2299 130
2299 131
2299 132
2299 133
2299 134
2299 135
2299 136
2299 137
2300 136
2300 137
2300 138
2300 139
2300 140
2300 141
2300 142
2304 99
2304 100
2304 101
2304 102
2304 103
2304 104
2304 105
2304 106
2305 105
2305 106
2305 107
2305 108
2305 109
2305 110
2305 111
2305 112
2305 113
2305 114
2306 111
2306 112
2306 113
2306 114
2306 115
2306 116
2306 117
2306 118
2306 119
2306 120
2306 121
2307 118
2307 119
2307 120
2307 121
2307 122
2307 123
2307 124
2307 125
2307 126
2307 127
2307 128
2308 125
2308 126
2308 127
2308 128
2308 129
2308 130
2308 131
2308 132
2308 133
2308 134
2308 135
2309 133
2309 134
2309 135
2309 136
2309 137
2309 138
2309 139
2309 140
2309 141
2310 144
2313 97
2313 98
2313 99
2313 100
2313 101
2313 102
2313 103
2314 103
2314 104
2314 105
2314 106
2314 107
2314 108
2314 109
2314 110
2314 111
2315 109
2315 110
2315 111
2315 112
2315 113
2315 114
2315 115
2315 116
2315 117
2315 118
2315 119
2316 115
2316 116
2316 117
2316 118
2316 119
2316 120
2316 121
2316 122
2316 123
2316 124
2316 125
2316 126
2317 122
2317 123
2317 124
2317 125
2317 126
2317 127
2317 128
2317 129
2317 130
2317 131
2317 132
2317 133
2318 130
2318 131
2318 132
2318 133
2318 134
2318 135
2318 136
2318 137
2318 138
2318 139
2319 139
2319 140
2319 141
2319 142
2319 143
2319 144
2319 145
2322 96
2322 97
2322 98
2322 99
2322 100
2323 101
2323 102
2323 103
2323 104
2323 105
2323 106
2323 107
2323 108
2323 109
2324 106
2324 107
2324 108
2324 109
2324 110
2324 111
2324 112
2324 113
2324 114
2324 115
2324 116
2324 117
2325 113
2325 114
2325 115
2325 116
2325 117
2325 118
2325 119
2325 120
2325 121
2325 122
2325 123
2325 124
2326 120
2326 121
2326 122
2326 123
2326 124
2326 125
2326 126
2326 127
2326 128
2326 129
2326 130
2326 131
2327 127
2327 128
2327 129
2327 130
2327 131
2327 132
2327 133
2327 134
2327 135
2327 136
2327 137
2327 138
2328 136
2328 137
2328 138
2328 139
2328 140
2328 141
2328 142
2328 143
2332 99
2332 100
2332 101
2332 102
2332 103
2332 104
2332 105
2332 106
2333 104
2333 105
2333 106
2333 107
2333 108
2333 109
2333 110
2333 111
2333 112
2333 113
2333 114
2334 111
2334 112
2334 113
2334 114
2334 115
2334 116
2334 117
2334 118
2334 119
2334 120
2334 121
2334 122
2335 117
2335 118
2335 119
2335 120
2335 121
2335 122
2335 123
2335 124
2335 125
2335 126
2335 127
2335 128
2335 129
2336 125
2336 126
2336 127
2336 128
2336 129
2336 130
2336 131
2336 132
2336 133
2336 134
2336 135
2336 136
2337 133
2337 134
2337 135
2337 136
2337 137
2337 138
2337 139
2337 140
2337 141
2337 142
2338 142
2338 143
2338 144
2338 145
2338 146
2338 147
2341 97
2341 98
2341 99
2341 100
2341 101
2341 102
2341 103
2342 102
2342 103
2342 104
2342 105
2342 106
2342 107
2342 108
2342 109
2342 110
2342 111
2342 112
2343 109
2343 110
2343 111
2343 112
2343 113
2343 114
2343 115
2343 116
2343 117
2343 118
2343 119
2344 115
2344 116
2344 117
2344 118
2344 119
2344 120
2344 121
2344 122
2344 123
2344 124
2344 125
2344 126
2344 127
2345 122
2345 123
2345 124
2345 125
2345 126
2345 127
2345 128
2345 129
2345 130
2345 131
2345 132
2345 133
2346 130
2346 131
2346 132
2346 133
2346 134
2346 135
2346 136
2346 137
2346 138
2346 139
2346 140
2347 139
2347 140
2347 141
2347 142
2347 143
2347 144
2347 145
2347 146
2350 96
2350 97
2350 98
2350 99
2350 100
2351 101
2351 102
2351 103
2351 104
2351 105
2351 106
2351 107
2351 108
2351 109
2352 106
2352 107
2352 108
2352 109
2352 110
2352 111
2352 112
2352 113
2352 114
2352 115
2352 116
2352 117
2353 113
2353 114
2353 115
2353 116
2353 117
2353 118
2353 119
2353 120
2353 121
2353 122
2353 123
2353 124
2354 120
2354 121
2354 122
2354 123
2354 124
2354 125
2354 126
2354 127
2354 128
2354 129
2354 130
2354 131
2355 127
2355 128
2355 129
2355 130
2355 131
2355 132
2355 133
2355 134
2355 135
2355 136
2355 137
2355 138
2356 136
2356 137
2356 138
2356 139
2356 140
2356 141
2356 142
2356 143
2356 144
2357 146
2357 147
2357 148
2360 99
2360 100
2360 101
2360 102
2360 103
2360 104
2360 105
2360 106
2361 104
2361 105
2361 106
2361 107
2361 108
2361 109
2361 110
2361 111
2361 112
2361 113
2361 114
2362 111
2362 112
2362 113
2362 114
2362 115
2362 116
2362 117
2362 118
2362 119
2362 120
2362 121
2362 122
2363 117
2363 118
2363 119
2363 120
2363 121
2363 122
2363 123
2363 124
2363 125
2363 126
2363 127
2363 128
2363 129
2364 125
2364 126
2364 127
2364 128
2364 129
2364 130
2364 131
2364 132
2364 133
2364 134
2364 135
2364 136
2365 133
2365 134
2365 135
2365 136
2365 137
2365 138
2365 139
2365 140
2365 141
2365 142
2366 142
2366 143
2366 144
2366 145
2366 146
2366 147
2366 148
2369 97
2369 98
2369 99
2369 100
2369 101
2369 102
2369 103
2370 102
2370 103
2370 104
2370 105
2370 106
2370 107
2370 108
2370 109
2370 110
2370 111
2370 112
2371 109
2371 110
2371 111
2371 112
2371 113
2371 114
2371 115
2371 116
2371 117
2371 118
2371 119
2372 115
2372 116
2372 117
2372 118
2372 119
2372 120
2372 121
2372 122
2372 123
2372 124
2372 125
2372 126
2372 127
2373 122
2373 123
2373 124
2373 125
2373 126
2373 127
2373 128
2373 129
2373 130
2373 131
2373 132
2373 133
2373 134
2374 130
2374 131
2374 132
2374 133
2374 134
2374 135
2374 136
2374 137
2374 138
2374 139
2374 140
2375 139
2375 140
2375 141
2375 142
2375 143
2375 144
2375 145
2375 146
2378 96
2378 97
2378 98
2378 99
2379 101
2379 102
2379 103
2379 104
2379 105
2379 106
2379 107
2379 108
2379 109
2380 106
2380 107
2380 108
2380 109
2380 110
2380 111
2380 112
2380 113
2380 114
2380 115
2380 116
2380 117
2381 113
2381 114
2381 115
2381 116
2381 117
2381 118
2381 119
2381 120
2381 121
2381 122
2381 123
2381 124
2382 120
2382 121
2382 122
2382 123
2382 124
2382 125
2382 126
2382 127
2382 128
2382 129
2382 130
2382 131
2382 132
2383 127
2383 128
2383 129
2383 130
2383 131
2383 132
2383 133
2383 134
2383 135
2383 136
2383 137
2383 138
2384 136
2384 137
2384 138
2384 139
2384 140
2384 141
2384 142
2384 143
2384 144
2384 145
2385 146
2385 147
2385 148
2385 149
2388 99
2388 100
2388 101
2388 102
2388 103
2388 104
2388 105
2388 106
2389 104
2389 105
2389 106
2389 107
2389 108
2389 109
2389 110
2389 111
2389 112
2389 113
2389 114
2390 111
2390 112
2390 113
2390 114
2390 115
2390 116
2390 117
2390 118
2390 119
2390 120
2390 121
2390 122
2391 118
2391 119
2391 120
2391 121
2391 122
2391 123
2391 124
2391 125
2391 126
2391 127
2391 128
2391 129
2392 125
2392 126
2392 127
2392 128
2392 129
2392 130
2392 131
2392 132
2392 133
2392 134
2392 135
2392 136
2393 133
2393 134
2393 135
2393 136
2393 137
2393 138
2393 139
2393 140
2393 141
2393 142
2393 143
2394 142
2394 143
2394 144
2394 145
2394 146
2394 147
2394 148
2397 98
2397 99
2397 100
2397 101
2397 102
2397 103
2398 103
2398 104
2398 105
2398 106
2398 107
2398 108
2398 109
2398 110
2398 111
2398 112
2399 109
2399 110
2399 111
2399 112
2399 113
2399 114
2399 115
2399 116
2399 117
2399 118
2399 119
2400 115
2400 116
2400 117
2400 118
2400 119
2400 120
2400 121
2400 122
2400 123
2400 124
2400 125
2400 126
2400 127
2401 123
2401 124
2401 125
2401 126
2401 127
2401 128
2401 129
2401 130
2401 131
2401 132
2401 133
2401 134
2402 130
2402 131
2402 132
2402 133
2402 134
2402 135
2402 136
2402 137
2402 138
2402 139
2402 140
2402 141
2403 139
2403 140
2403 141
2403 142
2403 143
2403 144
2403 145
2403 146
2403 147
2406 97
2406 98
2406 99
2407 101
2407 102
2407 103
2407 104
2407 105
2407 106
2407 107
2407 108
2407 109
2408 107
2408 108
2408 109
2408 110
2408 111
2408 112
2408 113
2408 114
2408 115
2408 116
2408 117
2409 113
2409 114
2409 115
2409 116
2409 117
2409 118
2409 119
2409 120
2409 121
2409 122
2409 123
2409 124
2410 120
2410 121
2410 122
2410 123
2410 124
2410 125
2410 126
2410 127
2410 128
2410 129
2410 130
2410 131
2410 132
2411 128
2411 129
2411 130
2411 131
2411 132
2411 133
2411 134
2411 135
2411 136
2411 137
2411 138
2412 136
2412 137
2412 138
2412 139
2412 140
2412 141
2412 142
2412 143
2412 144
2412 145
2413 146
2413 147
2413 148
2413 149
2413 150
2416 99
2416 100
2416 101
2416 102
2416 103
2416 104
2416 105
2416 106
2417 105
2417 106
2417 107
2417 108
2417 109
2417 110
2417 111
2417 112
2417 113
2417 114
2418 111
2418 112
2418 113
2418 114
2418 115
2418 116
2418 117
2418 118
2418 119
2418 120
2418 121
2418 122
2419 118
2419 119
2419 120
2419 121
2419 122
2419 123
2419 124
2419 125
2419 126
2419 127
2419 128
2419 129
2420 125
2420 126
2420 127
2420 128
2420 129
2420 130
2420 131
2420 132
2420 133
2420 134
2420 135
2420 136
2421 133
2421 134
2421 135
2421 136
2421 137
2421 138
2421 139
2421 140
2421 141
2421 142
2421 143
2422 142
2422 143
2422 144
2422 145
2422 146
2422 147
2422 148
2425 98
2425 99
2425 100
2425 101
2425 102
2426 103
2426 104
2426 105
2426 106
2426 107
2426 108
2426 109
2426 110
2426 111
2427 109
2427 110
2427 111
2427 112
2427 113
2427 114
2427 115
2427 116
2427 117
2427 118
2427 119
2428 116
2428 117
2428 118
2428 119
2428 120
2428 121
2428 122
2428 123
2428 124
2428 125
2428 126
2428 127
2429 123
2429 124
2429 125
2429 126
2429 127
2429 128
2429 129
2429 130
2429 131
2429 132
2429 133
2429 134
2430 131
2430 132
2430 133
2430 134
2430 135
2430 136
2430 137
2430 138
2430 139
2430 140
2430 141
2431 139
2431 140
2431 141
2431 142
2431 143
2431 144
2431 145
2431 146
2431 147
2435 101
2435 102
2435 103
2435 104
2435 105
2435 106
2435 107
2435 108
2436 107
2436 108
2436 109
2436 110
2436 111
2436 112
2436 113
2436 114
2436 115
2436 116
2436 117
2437 113
2437 114
2437 115
2437 116
2437 117
2437 118
2437 119
2437 120
2437 121
2437 122
2437 123
2437 124
2438 120
2438 121
2438 122
2438 123
2438 124
2438 125
2438 126
2438 127
2438 128
2438 129
2438 130
2438 131
2438 132
2439 128
2439 129
2439 130
2439 131
2439 132
2439 133
2439 134
2439 135
2439 136
2439 137
2439 138
2439 139
2440 136
2440 137
2440 138
2440 139
2440 140
2440 141
2440 142
2440 143
2440 144
2440 145
2441 147
2441 148
2441 149
2444 100
2444 101
2444 102
2444 103
2444 104
2444 105
2445 105
2445 106
2445 107
2445 108
2445 109
2445 110
2445 111
2445 112
2445 113
2445 114
2446 111
2446 112
2446 113
2446 114
2446 115
2446 116
2446 117
2446 118
2446 119
2446 120
2446 121
2446 122
2447 118
2447 119
2447 120
2447 121
2447 122
2447 123
2447 124
2447 125
2447 126
2447 127
2447 128
2447 129
2448 126
2448 127
2448 128
2448 129
2448 130
2448 131
2448 132
2448 133
2448 134
2448 135
2448 136
2449 134
2449 135
2449 136
2449 137
2449 138
2449 139
2449 140
2449 141
2449 142
2449 143
2450 143
2450 144
2450 145
2450 146
2450 147
2450 148
2453 99
2453 100
2453 101
2453 102
2454 103
2454 104
2454 105
2454 106
2454 107
2454 108
2454 109
2454 110
2454 111
2455 109
2455 110
2455 111
2455 112
2455 113
2455 114
2455 115
2455 116
2455 117
2455 118
2455 119
2456 116
2456 117
2456 118
2456 119
2456 120
2456 121
2456 122
2456 123
2456 124
2456 125
2456 126
2456 127
2457 123
2457 124
2457 125
2457 126
2457 127
2457 128
2457 129
2457 130
2457 131
2457 132
2457 133
2457 134
2458 131
2458 132
2458 133
2458 134
2458 135
2458 136
2458 137
2458 138
2458 139
2458 140
2458 141
2459 140
2459 141
2459 142
2459 143
2459 144
2459 145
2459 146
2459 147
2463 102
2463 103
2463 104
2463 105
2463 106
2463 107
2463 108
2464 107
2464 108
2464 109
2464 110
2464 111
2464 112
2464 113
2464 114
2464 115
2464 116
2464 117
2465 114
2465 115
2465 116
2465 117
2465 118
2465 119
2465 120
2465 121
2465 122
2465 123
2465 124
2466 121
2466 122
2466 123
2466 124
2466 125
2466 126
2466 127
2466 128
2466 129
2466 130
2466 131
2466 132
2467 129
2467 130
2467 131
2467 132
2467 133
2467 134
2467 135
2467 136
2467 137
2467 138
2468 137
2468 138
2468 139
2468 140
2468 141
2468 142
2468 143
2468 144
2468 145
2469 148
2472 100
2472 101
2472 102
2472 103
2472 104
2472 105
2473 106
2473 107
2473 108
2473 109
2473 110
2473 111
2473 112
2473 113
2473 114
2474 112
2474 113
2474 114
2474 115
2474 116
2474 117
2474 118
2474 119
2474 120
2474 121
2474 122
2475 119
2475 120
2475 121
2475 122
2475 123
2475 124
2475 125
2475 126
2475 127
2475 128
2475 129
2476 126
2476 127
2476 128
2476 129
2476 130
2476 131
2476 132
2476 133
2476 134
2476 135
2476 136
2477 134
2477 135
2477 136
2477 137
2477 138
2477 139
2477 140
2477 141
2477 142
2477 143
2478 144
2478 145
2478 146
2478 147
2478 148
2481 100
2482 104
2482 105
2482 106
2482 107
2482 108
2482 109
2482 110
2482 111
2483 110
2483 111
2483 112
2483 113
2483 114
2483 115
2483 116
2483 117
2483 118
2483 119
2484 117
2484 118
2484 119
2484 120
2484 121
2484 122
2484 123
2484 124
2484 125
2484 126
2484 127
2485 124
2485 125
2485 126
2485 127
2485 128
2485 129
2485 130
2485 131
2485 132
2485 133
2485 134
2486 132
2486 133
2486 134
2486 135
2486 136
2486 137
2486 138
2486 139
2486 140
2486 141
2487 141
2487 142
2487 143
2487 144
2487 145
2487 146
2491 102
2491 103
2491 104
2491 105
2491 106
2491 107
2491 108
2492 108
2492 109
2492 110
2492 111
2492 112
2492 113
2492 114
2492 115
2492 116
2493 114
2493 115
2493 116
2493 117
2493 118
2493 119
2493 120
2493 121
2493 122
2493 123
2493 124
2494 122
2494 123
2494 124
2494 125
2494 126
2494 127
2494 128
2494 129
2494 130
2494 131
2495 129
2495 130
2495 131
2495 132
2495 133
2495 134
2495 135
2495 136
2495 137
2495 138
2496 138
2496 139
2496 140
2496 141
2496 142
2496 143
2496 144
2500 101
2500 102
2500 103
2500 104
2501 106
2501 107
2501 108
2501 109
2501 110
2501 111
2501 112
2501 113
2502 112
2502 113
2502 114
2502 115
2502 116
2502 117
2502 118
2502 119
2502 120
2502 121
2503 119
2503 120
2503 121
2503 122
2503 123
2503 124
2503 125
2503 126
2503 127
2503 128
2503 129
2504 127
2504 128
2504 129
2504 130
2504 131
2504 132
2504 133
2504 134
2504 135
2504 136
2505 135
2505 136
2505 137
2505 138
2505 139
2505 140
2505 141
2505 142
2506 145
2506 146
2506 147
2510 105
2510 106
2510 107
2510 108
2510 109
2510 110
2511 110
2511 111
2511 112
2511 113
2511 114
2511 115
2511 116
2511 117
2511 118
2511 119
2512 117
2512 118
2512 119
2512 120
2512 121
2512 122
2512 123
2512 124
2512 125
2512 126
2513 125
2513 126
2513 127
2513 128
2513 129
2513 130
2513 131
2513 132
2513 133
2513 134
2514 132
2514 133
2514 134
2514 135
2514 136
2514 137
2514 138
2514 139
2514 140
2515 142
2515 143
2515 144
2515 145
2515 146
2519 103
2519 104
2519 105
2519 106
2519 107
2520 109
2520 110
2520 111
2520 112
2520 113
2520 114
2520 115
2520 116
2521 115
2521 116
2521 117
2521 118
2521 119
2521 120
2521 121
2521 122
2521 123
2521 124
2522 122
2522 123
2522 124
2522 125
2522 126
2522 127
2522 128
2522 129
2522 130
2522 131
2523 130
2523 131
2523 132
2523 133
2523 134
2523 135
2523 136
2523 137
2523 138
2524 139
2524 140
2524 141
2524 142
2524 143
2524 144
2529 107
2529 108
2529 109
2529 110
2529 111
2529 112
2529 113
2530 113
2530 114
2530 115
2530 116
2530 117
2530 118
2530 119
2530 120
2530 121
2531 120
2531 121
2531 122
2531 123
2531 124
2531 125
2531 126
2531 127
2531 128
2531 129
2532 128
2532 129
2532 130
2532 131
2532 132
2532 133
2532 134
2532 135
2532 136
2533 136
2533 137
2533 138
2533 139
2533 140
2533 141
2533 142
2538 105
2538 106
2538 107
2538 108
2538 109
2538 110
2539 111
2539 112
2539 113
2539 114
2539 115
2539 116
2539 117
2539 118
2540 118
2540 119
2540 120
2540 121
2540 122
2540 123
2540 124
2540 125
2540 126
2541 125
2541 126
2541 127
2541 128
2541 129
2541 130
2541 131
2541 132
2541 133
2542 134
2542 135
2542 136
2542 137
2542 138
2542 139
2542 140
2547 105
2547 106
2548 110
2548 111
2548 112
2548 113
2548 114
2548 115
2549 116
2549 117
2549 118
2549 119
2549 120
2549 121
2549 122
2549 123
2550 123
2550 124
2550 125
2550 126
2550 127
2550 128
2550 129
2550 130
2550 131
2551 131
2551 132
2551 133
2551 134
2551 135
2551 136
2551 137
2552 141
2552 142
2557 108
2557 109
2557 110
2557 111
2557 112
2558 114
2558 115
2558 116
2558 117
2558 118
2558 119
2558 120
2558 121
2559 121
2559 122
2559 123
2559 124
2559 125
2559 126
2559 127
2559 128
2560 129
2560 130
2560 131
2560 132
2560 133
2560 134
2560 135
2561 138
2561 139
2561 140
2561 141
2566 107
2566 108
2566 109
2567 112
2567 113
2567 114
2567 115
2567 116
2567 117
2567 118
2568 119
2568 120
2568 121
2568 122
2568 123
2568 124
2568 125
2568 126
2569 126
2569 127
2569 128
2569 129
2569 130
2569 131
2569 132
2569 133
2570 135
2570 136
2570 137
2570 138
2570 139
2576 111
2576 112
2576 113
2576 114
2576 115
2577 117
2577 118
2577 119
2577 120
2577 121
2577 122
2577 123
2578 124
2578 125
2578 126
2578 127
2578 128
2578 129
2578 130
2579 132
2579 133
2579 134
2579 135
2579 136
2579 137
2585 110
2585 111
2586 115
2586 116
2586 117
2586 118
2586 119
2586 120
2587 122
2587 123
2587 124
2587 125
2587 126
2587 127
2587 128
2588 130
2588 131
2588 132
2588 133
2588 134
2595 114
2595 115
2595 116
2595 117
2596 120
2596 121
2596 122
2596 123
2596 124
2596 125
2597 128
2597 129
2597 130
2597 131
2597 132
2604 112
2604 113
2605 118
2605 119
2605 120
2605 121
2605 122
2606 126
2606 127
2606 128
2606 129
2614 117
2614 118
2614 119
2615 124
2615 125
2615 126
2615 127
2624 122
2624 123
2624 124
2882 99
2882 100
2882 101
2883 107
2883 108
2890 90
2891 96
2891 97
2891 98
2891 99
2892 103
2892 104
2892 105
2892 106
2893 111
2893 112
2893 113
2899 87
2899 88
2900 93
2900 94
2900 95
2900 96
2900 97
2901 101
2901 102
2901 103
2901 104
2902 108
2902 109
2902 110
2902 111
2903 116
2903 117
2903 118
2908 84
2908 85
2908 86
2909 91
2909 92
2909 93
2909 94
2910 98
2910 99
2910 100
2910 101
2910 102
2911 105
2911 106
2911 107
2911 108
2911 109
2911 110
2912 113
2912 114
2912 115
2912 116
2917 82
2917 83
2917 84
2918 88
2918 89
2918 90
2918 91
2918 92
2919 95
2919 96
2919 97
2919 98
2919 99
2919 100
2920 102
2920 103
2920 104
2920 105
2920 106
2920 107
2920 108
2921 110
2921 111
2921 112
2921 113
2921 114
2922 118
2922 119
2922 120
2922 121
2926 79
2926 80
2926 81
2927 86
2927 87
2927 88
2927 89
2927 90
2928 93
2928 94
2928 95
2928 96
2928 97
2928 98
2929 100
2929 101
2929 102
2929 103
2929 104
2929 105
2930 107
2930 108
2930 109
2930 110
2930 111
2930 112
2930 113
2931 115
2931 116
2931 117
2931 118
2931 119
2932 124
2932 125
2935 77
2935 78
2935 79
2936 83
2936 84
2936 85
2936 86
2936 87
2936 88
2937 90
2937 91
2937 92
2937 93
2937 94
2937 95
2937 96
2938 97
2938 98
2938 99
2938 100
2938 101
2938 102
2938 103
2939 104
2939 105
2939 106
2939 107
2939 108
2939 109
2939 110
2939 111
2940 112
2940 113
2940 114
2940 115
2940 116
2940 117
2941 120
2941 121
2941 122
2941 123
2941 124
2944 75
2944 76
2945 81
2945 82
2945 83
2945 84
2945 85
2946 87
2946 88
2946 89
2946 90
2946 91
2946 92
2946 93
2947 94
2947 95
2947 96
2947 97
2947 98
2947 99
2947 100
2947 101
2948 102
2948 103
2948 104
2948 105
2948 106
2948 107
2948 108
2949 109
2949 110
2949 111
2949 112
2949 113
2949 114
2949 115
2950 117
2950 118
2950 119
2950 120
2950 121
2950 122
2951 126
2951 127
2953 73
2953 74
2954 78
2954 79
2954 80
2954 81
2954 82
2954 83
2955 85
2955 86
2955 87
2955 88
2955 89
2955 90
2955 91
2956 92
2956 93
2956 94
2956 95
2956 96
2956 97
2956 98
2956 99
2957 99
2957 100
2957 101
2957 102
2957 103
2957 104
2957 105
2957 106
2958 106
2958 107
2958 108
2958 109
2958 110
2958 111
2958 112
2958 113
2959 114
2959 115
2959 116
2959 117
2959 118
2959 119
2959 120
2960 122
2960 123
2960 124
2960 125
2960 126
2963 76
2963 77
2963 78
2963 79
2963 80
2964 83
2964 84
2964 85
2964 86
2964 87
2964 88
2964 89
2965 89
2965 90
2965 91
2965 92
2965 93
2965 94
2965 95
2965 96
2965 97
2966 96
2966 97
2966 98
2966 99
2966 100
2966 101
2966 102
2966 103
2966 104
2967 104
2967 105
2967 106
2967 107
2967 108
2967 109
2967 110
2967 111
2968 111
2968 112
2968 113
2968 114
2968 115
2968 116
2968 117
2968 118
2969 119
2969 120
2969 121
2969 122
2969 123
2969 124
2969 125
2970 128
2970 129
2970 130
2972 74
2972 75
2972 76
2972 77
2972 78
2973 80
2973 81
2973 82
2973 83
2973 84
2973 85
2973 86
2974 87
2974 88
2974 89
2974 90
2974 91
2974 92
2974 93
2974 94
2975 94
2975 95
2975 96
2975 97
2975 98
2975 99
2975 100
2975 101
2975 102
2976 101
2976 102
2976 103
2976 104
2976 105
2976 106
2976 107
2976 108
2976 109
2977 109
2977 110
2977 111
2977 112
2977 113
2977 114
2977 115
2977 116
2978 116
2978 117
2978 118
2978 119
2978 120
2978 121
2978 122
2978 123
2979 124
2979 125
2979 126
2979 127
2979 128
2979 129
2981 72
2981 73
2981 74
2981 75
2982 78
2982 79
2982 80
2982 81
2982 82
2982 83
2982 84
2983 85
2983 86
2983 87
2983 88
2983 89
2983 90
2983 91
2983 92
2984 91
2984 92
2984 93
2984 94
2984 95
2984 96
2984 97
2984 98
2984 99
2984 100
2985 99
2985 100
2985 101
2985 102
2985 103
2985 104
2985 105
2985 106
2985 107
2986 106
2986 107
2986 108
2986 109
2986 110
2986 111
2986 112
2986 113
2986 114
2987 113
2987 114
2987 115
2987 116
2987 117
2987 118
2987 119
2987 120
2987 121
2988 121
2988 122
2988 123
2988 124
2988 125
2988 126
2988 127
2989 130
2989 131
2989 132
2989 133
2990 70
2990 71
2990 72
2991 76
2991 77
2991 78
2991 79
2991 80
2991 81
2992 82
2992 83
2992 84
2992 85
2992 86
2992 87
2992 88
2992 89
2993 89
2993 90
2993 91
2993 92
2993 93
2993 94
2993 95
2993 96
2993 97
2994 96
2994 97
2994 98
2994 99
2994 100
2994 101
2994 102
2994 103
2994 104
2994 105
2995 103
2995 104
2995 105
2995 106
2995 107
2995 108
2995 109
2995 110
2995 111
2995 112
2996 111
2996 112
2996 113
2996 114
2996 115
2996 116
2996 117
2996 118
2996 119
2997 118
2997 119
2997 120
2997 121
2997 122
2997 123
2997 124
2997 125
2998 127
2998 128
2998 129
2998 130
2998 131
3000 74
3000 75
3000 76
3000 77
3000 78
3000 79
3001 80
3001 81
3001 82
3001 83
3001 84
3001 85
3001 86
3001 87
3002 87
3002 88
3002 89
3002 90
3002 91
3002 92
3002 93
3002 94
3002 95
3003 94
3003 95
3003 96
3003 97
3003 98
3003 99
3003 100
3003 101
3003 102
3004 101
3004 102
3004 103
3004 104
3004 105
3004 106
3004 107
3004 108
3004 109
3004 110
3005 108
3005 109
3005 110
3005 111
3005 112
3005 113
3005 114
3005 115
3005 116
3005 117
3006 116
3006 117
3006 118
3006 119
3006 120
3006 121
3006 122
3006 123
3007 124
3007 125
3007 126
3007 127
3007 128
3007 129
3007 130
3008 132
3008 133
3008 134
3008 135
3009 72
3009 73
3009 74
3009 75
3009 76
3010 78
3010 79
3010 80
3010 81
3010 82
3010 83
3010 84
3011 84
3011 85
3011 86
3011 87
3011 88
3011 89
3011 90
3011 91
3011 92
3012 91
3012 92
3012 93
3012 94
3012 95
3012 96
3012 97
3012 98
3012 99
3012 100
3013 98
3013 99
3013 100
3013 101
3013 102
3013 103
3013 104
3013 105
3013 106
3013 107
3014 105
3014 106
3014 107
3014 108
3014 109
3014 110
3014 111
3014 112
3014 113
3014 114
3014 115
3015 113
3015 114
3015 115
3015 116
3015 117
3015 118
3015 119
3015 120
3015 121
3016 121
3016 122
3016 123
3016 124
3016 125
3016 126
3016 127
3016 128
3017 129
3017 130
3017 131
3017 132
3017 133
3017 134
3018 70
3018 71
3018 72
3018 73
3019 76
3019 77
3019 78
3019 79
3019 80
3019 81
3019 82
3020 82
3020 83
3020 84
3020 85
3020 86
3020 87
3020 88
3020 89
3020 90
3021 89
3021 90
3021 91
3021 92
3021 93
3021 94
3021 95
3021 96
3021 97
3021 98
3022 96
3022 97
3022 98
3022 99
3022 100
3022 101
3022 102
3022 103
3022 104
3022 105
3023 103
3023 104
3023 105
3023 106
3023 107
3023 108
3023 109
3023 110
3023 111
3023 112
3024 110
3024 111
3024 112
3024 113
3024 114
3024 115
3024 116
3024 117
3024 118
3024 119
3025 118
3025 119
3025 120
3025 121
3025 122
3025 123
3025 124
3025 125
3025 126
3026 126
3026 127
3026 128
3026 129
3026 130
3026 131
3026 132
3027 69
3027 135
3027 136
3027 137
3028 74
3028 75
3028 76
3028 77
3028 78
3028 79
3029 80
3029 81
3029 82
3029 83
3029 84
3029 85
3029 86
3029 87
3030 86
3030 87
3030 88
3030 89
3030 90
3030 91
3030 92
3030 93
3030 94
3030 95
3031 93
3031 94
3031 95
3031 96
3031 97
3031 98
3031 99
3031 100
3031 101
3031 102
3031 103
3032 100
3032 101
3032 102
3032 103
3032 104
3032 105
3032 106
3032 107
3032 108
3032 109
3032 110
3033 108
3033 109
3033 110
3033 111
3033 112
3033 113
3033 114
3033 115
3033 116
3033 117
3034 115
3034 116
3034 117
3034 118
3034 119
3034 120
3034 121
3034 122
3034 123
3034 124
3035 123
3035 124
3035 125
3035 126
3035 127
3035 128
3035 129
3035 130
3036 131
3036 132
3036 133
3036 134
3036 135
3036 136
3037 72
3037 73
3037 74
3037 75
3037 76
3038 78
3038 79
3038 80
3038 81
3038 82
3038 83
3038 84
3038 85
3039 84
3039 85
3039 86
3039 87
3039 88
3039 89
3039 90
3039 91
3039 92
3039 93
3040 91
3040 92
3040 93
3040 94
3040 95
3040 96
3040 97
3040 98
3040 99
3040 100
3041 98
3041 99
3041 100
3041 101
3041 102
3041 103
3041 104
3041 105
3041 106
3041 107
3041 108
3042 105
3042 106
3042 107
3042 108
3042 109
3042 110
3042 111
3042 112
3042 113
3042 114
3042 115
3043 113
3043 114
3043 115
3043 116
3043 117
3043 118
3043 119
3043 120
3043 121
3043 122
3044 120
3044 121
3044 122
3044 123
3044 124
3044 125
3044 126
3044 127
3044 128
3044 129
3045 128
3045 129
3045 130
3045 131
3045 132
3045 133
3045 134
3045 135
3046 70
3046 71
3046 72
3046 73
3046 137
3046 138
3046 139
3047 76
3047 77
3047 78
3047 79
3047 80
3047 81
3047 82
3048 82
3048 83
3048 84
3048 85
3048 86
3048 87
3048 88
3048 89
3048 90
3049 89
3049 90
3049 91
3049 92
3049 93
3049 94
3049 95
3049 96
3049 97
3049 98
3050 96
3050 97
3050 98
3050 99
3050 100
3050 101
3050 102
3050 103
3050 104
3050 105
3050 106
3051 103
3051 104
3051 105
3051 106
3051 107
3051 108
3051 109
3051 110
3051 111
3051 112
3051 113
3052 110
3052 111
3052 112
3052 113
3052 114
3052 115
3052 116
3052 117
3052 118
3052 119
3052 120
3053 118
3053 119
3053 120
3053 121
3053 122
3053 123
3053 124
3053 125
3053 126
3053 127
3054 125
3054 126
3054 127
3054 128
3054 129
3054 130
3054 131
3054 132
3054 133
3055 69
3055 134
3055 135
3055 136
3055 137
3055 138
3056 74
3056 75
3056 76
3056 77
3056 78
3056 79
3057 80
3057 81
3057 82
3057 83
3057 84
3057 85
3057 86
3057 87
3057 88
3058 86
3058 87
3058 88
3058 89
3058 90
3058 91
3058 92
3058 93
3058 94
3058 95
3058 96
3059 93
3059 94
3059 95
3059 96
3059 97
3059 98
3059 99
3059 100
3059 101
3059 102
3059 103
3060 100
3060 101
3060 102
3060 103
3060 104
3060 105
3060 106
3060 107
3060 108
3060 109
3060 110
3060 111
3061 108
3061 109
3061 110
3061 111
3061 112
3061 113
3061 114
3061 115
3061 116
3061 117
3061 118
3062 115
3062 116
3062 117
3062 118
3062 119
3062 120
3062 121
3062 122
3062 123
3062 124
3062 125
3063 123
3063 124
3063 125
3063 126
3063 127
3063 128
3063 129
3063 130
3063 131
3064 131
3064 132
3064 133
3064 134
3064 135
3064 136
3064 137
3065 72
3065 73
3065 74
3065 75
3065 76
3065 140
3065 141
3066 78
3066 79
3066 80
3066 81
3066 82
3066 83
3066 84
3066 85
3067 84
3067 85
3067 86
3067 87
3067 88
3067 89
3067 90
3067 91
3067 92
3067 93
3068 91
3068 92
3068 93
3068 94
3068 95
3068 96
3068 97
3068 98
3068 99
3068 100
3068 101
3069 98
3069 99
3069 100
3069 101
3069 102
3069 103
3069 104
3069 105
3069 106
3069 107
3069 108
3070 105
3070 106
3070 107
3070 108
3070 109
3070 110
3070 111
3070 112
3070 113
3070 114
3070 115
3070 116
3071 112
3071 113
3071 114
3071 115
3071 116
3071 117
3071 118
3071 119
3071 120
3071 121
3071 122
3072 120
3072 121
3072 122
3072 123
3072 124
3072 125
3072 126
3072 127
3072 128
3072 129
3073 128
3073 129
3073 130
3073 131
3073 132
3073 133
3073 134
3073 135
3074 71
3074 72
3074 73
3074 136
3074 137
3074 138
3074 139
3074 140
3074 141
3075 76
3075 77
3075 78
3075 79
3075 80
3075 81
3075 82
3076 82
3076 83
3076 84
3076 85
3076 86
3076 87
3076 88
3076 89
3076 90
3076 91
3077 89
3077 90
3077 91
3077 92
3077 93
3077 94
3077 95
3077 96
3077 97
3077 98
3078 95
3078 96
3078 97
3078 98
3078 99
3078 100
3078 101
3078 102
3078 103
3078 104
3078 105
3078 106
3079 103
3079 104
3079 105
3079 106
3079 107
3079 108
3079 109
3079 110
3079 111
3079 112
3079 113
3080 110
3080 111
3080 112
3080 113
3080 114
3080 115
3080 116
3080 117
3080 118
3080 119
3080 120
3081 117
3081 118
3081 119
3081 120
3081 121
3081 122
3081 123
3081 124
3081 125
3081 126
3081 127
3082 125
3082 126
3082 127
3082 128
3082 129
3082 130
3082 131
3082 132
3082 133
3082 134
3083 133
3083 134
3083 135
3083 136
3083 137
3083 138
3083 139
3084 74
3084 75
3084 76
3084 77
3084 78
3084 79
3085 80
3085 81
3085 82
3085 83
3085 84
3085 85
3085 86
3085 87
3085 88
3086 86
3086 87
3086 88
3086 89
3086 90
3086 91
3086 92
3086 93
3086 94
3086 95
3086 96
3087 93
3087 94
3087 95
3087 96
3087 97
3087 98
3087 99
3087 100
3087 101
3087 102
3087 103
3087 104
3088 100
3088 101
3088 102
3088 103
3088 104
3088 105
3088 106
3088 107
3088 108
3088 109
3088 110
3088 111
3089 107
3089 108
3089 109
3089 110
3089 111
3089 112
3089 113
3089 114
3089 115
3089 116
3089 117
3089 118
3090 115
3090 116
3090 117
3090 118
3090 119
3090 120
3090 121
3090 122
3090 123
3090 124
3090 125
3091 122
3091 123
3091 124
3091 125
3091 126
3091 127
3091 128
3091 129
3091 130
3091 131
3091 132
3092 130
3092 131
3092 132
3092 133
3092 134
3092 135
3092 136
3092 137
3092 138
3093 72
3093 73
3093 74
3093 75
3093 76
3093 139
3093 140
3093 141
3093 142
3093 143
3094 78
3094 79
3094 80
3094 81
3094 82
3094 83
3094 84
3094 85
3095 84
3095 85
3095 86
3095 87
3095 88
3095 89
3095 90
3095 91
3095 92
3095 93
3096 91
3096 92
3096 93
3096 94
3096 95
3096 96
3096 97
3096 98
3096 99
3096 100
3096 101
3097 98
3097 99
3097 100
3097 101
3097 102
3097 103
3097 104
3097 105
3097 106
3097 107
3097 108
3097 109
3098 105
3098 106
3098 107
3098 108
3098 109
3098 110
3098 111
3098 112
3098 113
3098 114
3098 115
3098 116
3099 112
3099 113
3099 114
3099 115
3099 116
3099 117
3099 118
3099 119
3099 120
3099 121
3099 122
3099 123
3100 120
3100 121
3100 122
3100 123
3100 124
3100 125
3100 126
3100 127
3100 128
3100 129
3100 130
3101 128
3101 129
3101 130
3101 131
3101 132
3101 133
3101 134
3101 135
3101 136
3102 72
3102 136
3102 137
3102 138
3102 139
3102 140
3102 141
3103 76
3103 77
3103 78
3103 79
3103 80
3103 81
3103 82
3104 82
3104 83
3104 84
3104 85
3104 86
3104 87
3104 88
3104 89
3104 90
3104 91
3105 89
3105 90
3105 91
3105 92
3105 93
3105 94
3105 95
3105 96
3105 97
3105 98
3105 99
3106 96
3106 97
3106 98
3106 99
3106 100
3106 101
3106 102
3106 103
3106 104
3106 105
3106 106
3107 103
3107 104
3107 105
3107 106
3107 107
3107 108
3107 109
3107 110
3107 111
3107 112
3107 113
3107 114
3108 110
3108 111
3108 112
3108 113
3108 114
3108 115
3108 116
3108 117
3108 118
3108 119
3108 120
3108 121
3109 117
3109 118
3109 119
3109 120
3109 121
3109 122
3109 123
3109 124
3109 125
3109 126
3109 127
3109 128
3110 125
3110 126
3110 127
3110 128
3110 129
3110 130
3110 131
3110 132
3110 133
3110 134
3111 133
3111 134
3111 135
3111 136
3111 137
3111 138
3111 139
3111 140
3112 75
3112 76
3112 77
3112 78
3112 79
3112 143
3112 144
3113 80
3113 81
3113 82
3113 83
3113 84
3113 85
3113 86
3113 87
3113 88
3114 87
3114 88
3114 89
3114 90
3114 91
3114 92
3114 93
3114 94
3114 95
3114 96
3115 93
3115 94
3115 95
3115 96
3115 97
3115 98
3115 99
3115 100
3115 101
3115 102
3115 103
3115 104
3116 100
3116 101
3116 102
3116 103
3116 104
3116 105
3116 106
3116 107
3116 108
3116 109
3116 110
3116 111
3117 107
3117 108
3117 109
3117 110
3117 111
3117 112
3117 113
3117 114
3117 115
3117 116
3117 117
3117 118
3118 115
3118 116
3118 117
3118 118
3118 119
3118 120
3118 121
3118 122
3118 123
3118 124
3118 125
3119 122
3119 123
3119 124
3119 125
3119 126
3119 127
3119 128
3119 129
3119 130
3119 131
3119 132
3120 130
3120 131
3120 132
3120 133
3120 134
3120 135
3120 136
3120 137
3120 138
3121 73
3121 74
3121 75
3121 76
3121 139
3121 140
3121 141
3121 142
3121 143
3121 144
3122 78
3122 79
3122 80
3122 81
3122 82
3122 83
3122 84
3122 85
3123 84
3123 85
3123 86
3123 87
3123 88
3123 89
3123 90
3123 91
3123 92
3123 93
3124 91
3124 92
3124 93
3124 94
3124 95
3124 96
3124 97
3124 98
3124 99
3124 100
3124 101
3125 98
3125 99
3125 100
3125 101
3125 102
3125 103
3125 104
3125 105
3125 106
3125 107
3125 108
3125 109
3126 105
3126 106
3126 107
3126 108
3126 109
3126 110
3126 111
3126 112
3126 113
3126 114
3126 115
3126 116
3127 112
3127 113
3127 114
3127 115
3127 116
3127 117
3127 118
3127 119
3127 120
3127 121
3127 122
3127 123
3128 120
3128 121
3128 122
3128 123
3128 124
3128 125
3128 126
3128 127
3128 128
3128 129
3128 130
3129 128
3129 129
3129 130
3129 131
3129 132
3129 133
3129 134
3129 135
3129 136
3130 136
3130 137
3130 138
3130 139
3130 140
3130 141
3130 142
3131 77
3131 78
3131 79
3131 80
3131 81
3131 82
3132 83
3132 84
3132 85
3132 86
3132 87
3132 88
3132 89
3132 90
3132 91
3133 89
3133 90
3133 91
3133 92
3133 93
3133 94
3133 95
3133 96
3133 97
3133 98
3133 99
3134 96
3134 97
3134 98
3134 99
3134 100
3134 101
3134 102
3134 103
3134 104
3134 105
3134 106
3135 103
3135 104
3135 105
3135 106
3135 107
3135 108
3135 109
3135 110
3135 111
3135 112
3135 113
3135 114
3136 110
3136 111
3136 112
3136 113
3136 114
3136 115
3136 116
3136 117
3136 118
3136 119
3136 120
3136 121
3137 117
3137 118
3137 119
3137 120
3137 121
3137 122
3137 123
3137 124
3137 125
3137 126
3137 127
3137 128
3138 125
3138 126
3138 127
3138 128
3138 129
3138 130
3138 131
3138 132
3138 133
3138 134
3139 133
3139 134
3139 135
3139 136
3139 137
3139 138
3139 139
3139 140
3139 141
3140 75
3140 76
3140 77
3140 78
3140 79
3140 142
3140 143
3140 144
3140 145
3141 81
3141 82
3141 83
3141 84
3141 85
3141 86
3141 87
3141 88
3142 87
3142 88
3142 89
3142 90
3142 91
3142 92
3142 93
3142 94
3142 95
3142 96
3143 93
3143 94
3143 95
3143 96
3143 97
3143 98
3143 99
3143 100
3143 101
3143 102
3143 103
3143 104
3144 100
3144 101
3144 102
3144 103
3144 104
3144 105
3144 106
3144 107
3144 108
3144 109
3144 110
3144 111
3145 108
3145 109
3145 110
3145 111
3145 112
3145 113
3145 114
3145 115
3145 116
3145 117
3145 118
3145 119
3146 115
3146 116
3146 117
3146 118
3146 119
3146 120
3146 121
3146 122
3146 123
3146 124
3146 125
3146 126
3147 122
3147 123
3147 124
3147 125
3147 126
3147 127
3147 128
3147 129
3147 130
3147 131
3147 132
3148 130
3148 131
3148 132
3148 133
3148 134
3148 135
3148 136
3148 137
3148 138
3148 139
3149 139
3149 140
3149 141
3149 142
3149 143
3149 144
3150 79
3150 80
3150 81
3150 82
3150 83
3150 84
3150 85
3151 85
3151 86
3151 87
3151 88
3151 89
3151 90
3151 91
3151 92
3151 93
3152 91
3152 92
3152 93
3152 94
3152 95
3152 96
3152 97
3152 98
3152 99
3152 100
3152 101
3153 98
3153 99
3153 100
3153 101
3153 102
3153 103
3153 104
3153 105
3153 106
3153 107
3153 108
3153 109
3154 105
3154 106
3154 107
3154 108
3154 109
3154 110
3154 111
3154 112
3154 113
3154 114
3154 115
3154 116
3155 112
3155 113
3155 114
3155 115
3155 116
3155 117
3155 118
3155 119
3155 120
3155 121
3155 122
3155 123
3155 124
3156 120
3156 121
3156 122
3156 123
3156 124
3156 125
3156 126
3156 127
3156 128
3156 129
3156 130
3157 128
3157 129
3157 130
3157 131
3157 132
3157 133
3157 134
3157 135
3157 136
3157 137
3158 136
3158 137
3158 138
3158 139
3158 140
3158 141
3158 142
3158 143
3159 78
3159 79
3159 80
3159 81
3160 83
3160 84
3160 85
3160 86
3160 87
3160 88
3160 89
3160 90
3161 89
3161 90
3161 91
3161 92
3161 93
3161 94
3161 95
3161 96
3161 97
3161 98
3161 99
3162 96
3162 97
3162 98
3162 99
3162 100
3162 101
3162 102
3162 103
3162 104
3162 105
3162 106
3163 103
3163 104
3163 105
3163 106
3163 107
3163 108
3163 109
3163 110
3163 111
3163 112
3163 113
3163 114
3164 110
3164 111
3164 112
3164 113
3164 114
3164 115
3164 116
3164 117
3164 118
3164 119
3164 120
3164 121
3165 118
3165 119
3165 120
3165 121
3165 122
3165 123
3165 124
3165 125
3165 126
3165 127
3165 128
3166 125
3166 126
3166 127
3166 128
3166 129
3166 130
3166 131
3166 132
3166 133
3166 134
3166 135
3167 133
3167 134
3167 135
3167 136
3167 137
3167 138
3167 139
3167 140
3167 141
3168 143
3168 144
3168 145
3168 146
3169 81
3169 82
3169 83
3169 84
3169 85
3169 86
3169 87
3170 87
3170 88
3170 89
3170 90
3170 91
3170 92
3170 93
3170 94
3170 95
3170 96
3171 94
3171 95
3171 96
3171 97
3171 98
3171 99
3171 100
3171 101
3171 102
3171 103
3171 104
3172 101
3172 102
3172 103
3172 104
3172 105
3172 106
3172 107
3172 108
3172 109
3172 110
3172 111
3172 112
3173 108
3173 109
3173 110
3173 111
3173 112
3173 113
3173 114
3173 115
3173 116
3173 117
3173 118
3173 119
3174 115
3174 116
3174 117
3174 118
3174 119
3174 120
3174 121
3174 122
3174 123
3174 124
3174 125
3174 126
3175 123
3175 124
3175 125
3175 126
3175 127
3175 128
3175 129
3175 130
3175 131
3175 132
3175 133
3176 131
3176 132
3176 133
3176 134
3176 135
3176 136
3176 137
3176 138
3176 139
3177 139
3177 140
3177 141
3177 142
3177 143
3177 144
3177 145
3178 80
3178 81
3178 82
3178 83
3178 84
3179 86
3179 87
3179 88
3179 89
3179 90
3179 91
3179 92
3179 93
3180 92
3180 93
3180 94
3180 95
3180 96
3180 97
3180 98
3180 99
3180 100
3180 101
3181 99
3181 100
3181 101
3181 102
3181 103
3181 104
3181 105
3181 106
3181 107
3181 108
3181 109
3182 106
3182 107
3182 108
3182 109
3182 110
3182 111
3182 112
3182 113
3182 114
3182 115
3182 116
3182 117
3183 113
3183 114
3183 115
3183 116
3183 117
3183 118
3183 119
3183 120
3183 121
3183 122
3183 123
3183 124
3184 120
3184 121
3184 122
3184 123
3184 124
3184 125
3184 126
3184 127
3184 128
3184 129
3184 130
3184 131
3185 128
3185 129
3185 130
3185 131
3185 132
3185 133
3185 134
3185 135
3185 136
3185 137
3186 137
3186 138
3186 139
3186 140
3186 141
3186 142
3186 143
3188 84
3188 85
3188 86
3188 87
3188 88
3188 89
3188 90
3189 90
3189 91
3189 92
3189 93
3189 94
3189 95
3189 96
3189 97
3189 98
3190 96
3190 97
3190 98
3190 99
3190 100
3190 101
3190 102
3190 103
3190 104
3190 105
3190 106
3191 103
3191 104
3191 105
3191 106
3191 107
3191 108
3191 109
3191 110
3191 111
3191 112
3191 113
3191 114
3192 110
3192 111
3192 112
3192 113
3192 114
3192 115
3192 116
3192 117
3192 118
3192 119
3192 120
3192 121
3193 118
3193 119
3193 120
3193 121
3193 122
3193 123
3193 124
3193 125
3193 126
3193 127
3193 128
3194 126
3194 127
3194 128
3194 129
3194 130
3194 131
3194 132
3194 133
3194 134
3194 135
3195 134
3195 135
3195 136
3195 137
3195 138
3195 139
3195 140
3195 141
3196 143
3196 144
3196 145
3196 146
3197 83
3197 84
3197 85
3197 86
3198 88
3198 89
3198 90
3198 91
3198 92
3198 93
3198 94
3198 95
3198 96
3199 94
3199 95
3199 96
3199 97
3199 98
3199 99
3199 100
3199 101
3199 102
3199 103
3199 104
3200 101
3200 102
3200 103
3200 104
3200 105
3200 106
3200 107
3200 108
3200 109
3200 110
3200 111
3200 112
3201 108
3201 109
3201 110
3201 111
3201 112
3201 113
3201 114
3201 115
3201 116
3201 117
3201 118
3201 119
3202 116
3202 117
3202 118
3202 119
3202 120
3202 121
3202 122
3202 123
3202 124
3202 125
3202 126
3203 123
3203 124
3203 125
3203 126
3203 127
3203 128
3203 129
3203 130
3203 131
3203 132
3203 133
3204 131
3204 132
3204 133
3204 134
3204 135
3204 136
3204 137
3204 138
3204 139
3205 140
3205 141
3205 142
3205 143
3205 144
3205 145
3207 86
3207 87
3207 88
3207 89
3207 90
3207 91
3207 92
3208 92
3208 93
3208 94
3208 95
3208 96
3208 97
3208 98
3208 99
3208 100
3208 101
3209 99
3209 100
3209 101
3209 102
3209 103
3209 104
3209 105
3209 106
3209 107
3209 108
3209 109
3210 106
3210 107
3210 108
3210 109
3210 110
3210 111
3210 112
3210 113
3210 114
3210 115
3210 116
3210 117
3211 113
3211 114
3211 115
3211 116
3211 117
3211 118
3211 119
3211 120
3211 121
3211 122
3211 123
3211 124
3212 121
3212 122
3212 123
3212 124
3212 125
3212 126
3212 127
3212 128
3212 129
3212 130
3212 131
3213 129
3213 130
3213 131
3213 132
3213 133
3213 134
3213 135
3213 136
3213 137
3214 137
3214 138
3214 139
3214 140
3214 141
3214 142
3214 143
3216 85
3216 86
3216 87
3216 88
3216 89
3217 91
3217 92
3217 93
3217 94
3217 95
3217 96
3217 97
3217 98
3218 97
3218 98
3218 99
3218 100
3218 101
3218 102
3218 103
3218 104
3218 105
3218 106
3219 104
3219 105
3219 106
3219 107
3219 108
3219 109
3219 110
3219 111
3219 112
3219 113
3219 114
3220 111
3220 112
3220 113
3220 114
3220 115
3220 116
3220 117
3220 118
3220 119
3220 120
3220 121
3221 118
3221 119
3221 120
3221 121
3221 122
3221 123
3221 124
3221 125
3221 126
3221 127
3221 128
3221 129
3222 126
3222 127
3222 128
3222 129
3222 130
3222 131
3222 132
3222 133
3222 134
3222 135
3223 135
3223 136
3223 137
3223 138
3223 139
3223 140
3223 141
3223 142
3224 145
3226 89
3226 90
3226 91
3226 92
3226 93
3226 94
3226 95
3227 95
3227 96
3227 97
3227 98
3227 99
3227 100
3227 101
3227 102
3227 103
3228 102
3228 103
3228 104
3228 105
3228 106
3228 107
3228 108
3228 109
3228 110
3228 111
3229 109
3229 110
3229 111
3229 112
3229 113
3229 114
3229 115
3229 116
3229 117
3229 118
3229 119
3230 116
3230 117
3230 118
3230 119
3230 120
3230 121
3230 122
3230 123
3230 124
3230 125
3230 126
3231 124
3231 125
3231 126
3231 127
3231 128
3231 129
3231 130
3231 131
3231 132
3231 133
3232 132
3232 133
3232 134
3232 135
3232 136
3232 137
3232 138
3232 139
3232 140
3233 141
3233 142
3233 143
3233 144
3233 145
3235 88
3235 89
3235 90
3235 91
3236 93
3236 94
3236 95
3236 96
3236 97
3236 98
3236 99
3236 100
3237 100
3237 101
3237 102
3237 103
3237 104
3237 105
3237 106
3237 107
3237 108
3237 109
3238 107
3238 108
3238 109
3238 110
3238 111
3238 112
3238 113
3238 114
3238 115
3238 116
3239 114
3239 115
3239 116
3239 117
3239 118
3239 119
3239 120
3239 121
3239 122
3239 123
3239 124
3240 122
3240 123
3240 124
3240 125
3240 126
3240 127
3240 128
3240 129
3240 130
3240 131
3241 130
3241 131
3241 132
3241 133
3241 134
3241 135
3241 136
3241 137
3241 138
3242 138
3242 139
3242 140
3242 141
3242 142
3242 143
3245 92
3245 93
3245 94
3245 95
3245 96
3245 97
3246 98
3246 99
3246 100
3246 101
3246 102
3246 103
3246 104
3246 105
3246 106
3247 105
3247 106
3247 107
3247 108
3247 109
3247 110
3247 111
3247 112
3247 113
3247 114
3248 112
3248 113
3248 114
3248 115
3248 116
3248 117
3248 118
3248 119
3248 120
3248 121
3249 119
3249 120
3249 121
3249 122
3249 123
3249 124
3249 125
3249 126
3249 127
3249 128
3249 129
3250 127
3250 128
3250 129
3250 130
3250 131
3250 132
3250 133
3250 134
3250 135
3251 136
3251 137
3251 138
3251 139
3251 140
3251 141
3251 142
3254 91
3254 92
3254 93
3255 96
3255 97
3255 98
3255 99
3255 100
3255 101
3255 102
3255 103
3256 103
3256 104
3256 105
3256 106
3256 107
3256 108
3256 109
3256 110
3256 111
3257 110
3257 111
3257 112
3257 113
3257 114
3257 115
3257 116
3257 117
3257 118
3257 119
3258 117
3258 118
3258 119
3258 120
3258 121
3258 122
3258 123
3258 124
3258 125
3258 126
3259 125
3259 126
3259 127
3259 128
3259 129
3259 130
3259 131
3259 132
3259 133
3260 133
3260 134
3260 135
3260 136
3260 137
3260 138
3260 139
3260 140
3264 95
3264 96
3264 97
3264 98
3264 99
3265 101
3265 102
3265 103
3265 104
3265 105
3265 106
3265 107
3265 108
3266 108
3266 109
3266 110
3266 111
3266 112
3266 113
3266 114
3266 115
3266 116
3267 115
3267 116
3267 117
3267 118
3267 119
3267 120
3267 121
3267 122
3267 123
3267 124
3268 123
3268 124
3268 125
3268 126
3268 127
3268 128
3268 129
3268 130
3268 131
3269 131
3269 132
3269 133
3269 134
3269 135
3269 136
3269 137
3269 138
3270 140
3270 141
3270 142
3270 143
3274 100
3274 101
3274 102
3274 103
3274 104
3274 105
3275 106
3275 107
3275 108
3275 109
3275 110
3275 111
3275 112
3275 113
3276 113
3276 114
3276 115
3276 116
3276 117
3276 118
3276 119
3276 120
3276 121
3277 121
3277 122
3277 123
3277 124
3277 125
3277 126
3277 127
3277 128
3277 129
3278 129
3278 130
3278 131
3278 132
3278 133
3278 134
3278 135
3279 138
3279 139
3279 140
3279 141
3283 99
3283 100
3283 101
3284 104
3284 105
3284 106
3284 107
3284 108
3284 109
3284 110
3285 111
3285 112
3285 113
3285 114
3285 115
3285 116
3285 117
3285 118
3286 119
3286 120
3286 121
3286 122
3286 123
3286 124
3286 125
3286 126
3287 126
3287 127
3287 128
3287 129
3287 130
3287 131
3287 132
3287 133
3288 135
3288 136
3288 137
3288 138
3288 139
3293 103
3293 104
3293 105
3293 106
3293 107
3294 110
3294 111
3294 112
3294 113
3294 114
3294 115
3294 116
3295 117
3295 118
3295 119
3295 120
3295 121
3295 122
3295 123
3296 124
3296 125
3296 126
3296 127
3296 128
3296 129
3296 130
3296 131
3297 133
3297 134
3297 135
3297 136
3297 137
3303 108
3303 109
3303 110
3303 111
3303 112
3304 115
3304 116
3304 117
3304 118
3304 119
3304 120
3304 121
3305 122
3305 123
3305 124
3305 125
3305 126
3305 127
3305 128
3306 131
3306 132
3306 133
3306 134
3306 135
3313 113
3313 114
3313 115
3313 116
3313 117
3314 121
3314 122
3314 123
3314 124
3314 125
3315 129
3315 130
3315 131
3315 132
3323 119
3323 120
3323 121
3323 122
3324 127
3324 128
3324 129
