554 188
554 189
560 184
560 185
560 186
561 194
561 195
561 196
566 181
566 182
566 183
567 190
567 191
567 192
567 193
572 178
572 179
573 187
573 188
573 189
573 190
574 197
574 198
574 199
578 175
578 176
579 183
579 184
579 185
579 186
579 187
580 193
580 194
580 195
580 196
585 180
585 181
585 182
585 183
586 189
586 190
586 191
586 192
586 193
587 200
587 201
587 202
591 176
591 177
591 178
591 179
591 180
592 186
592 187
592 188
592 189
592 190
593 196
593 197
593 198
593 199
593 200
597 173
597 174
597 175
597 176
598 182
598 183
598 184
598 185
598 186
598 187
599 192
599 193
599 194
599 195
599 196
599 197
600 204
600 205
603 170
603 171
603 172
603 173
604 179
604 180
604 181
604 182
604 183
604 184
605 189
605 190
605 191
605 192
605 193
605 194
606 200
606 201
606 202
606 203
610 176
610 177
610 178
610 179
610 180
611 185
611 186
611 187
611 188
611 189
611 190
611 191
612 196
612 197
612 198
612 199
612 200
616 173
616 174
616 175
616 176
616 177
617 182
617 183
617 184
617 185
617 186
617 187
618 192
618 193
618 194
618 195
618 196
618 197
619 203
619 204
619 205
619 206
622 170
622 171
622 172
622 173
623 178
623 179
623 180
623 181
623 182
623 183
623 184
624 188
624 189
624 190
624 191
624 192
624 193
624 194
625 199
625 200
625 201
625 202
625 203
628 167
628 168
628 169
629 175
629 176
629 177
629 178
629 179
629 180
629 181
630 185
630 186
630 187
630 188
630 189
630 190
630 191
631 195
631 196
631 197
631 198
631 199
631 200
632 207
632 208
635 172
635 173
635 174
635 175
635 176
635 177
636 181
636 182
636 183
636 184
636 185
636 186
636 187
636 188
637 191
637 192
637 193
637 194
637 195
637 196
637 197
638 202
638 203
638 204
638 205
638 206
641 169
641 170
641 171
641 172
641 173
642 178
642 179
642 180
642 181
642 182
642 183
642 184
643 188
643 189
643 190
643 191
643 192
643 193
643 194
644 198
644 199
644 200
644 201
644 202
644 203
644 204
647 166
647 167
647 168
647 169
647 170
648 174
648 175
648 176
648 177
648 178
648 179
648 180
648 181
649 184
649 185
649 186
649 187
649 188
649 189
649 190
649 191
650 195
650 196
650 197
650 198
650 199
650 200
650 201
651 206
651 207
651 208
651 209
653 164
653 165
654 171
654 172
654 173
654 174
654 175
654 176
654 177
655 181
655 182
655 183
655 184
655 185
655 186
655 187
655 188
656 191
656 192
656 193
656 194
656 195
656 196
656 197
656 198
657 202
657 203
657 204
657 205
657 206
660 168
660 169
660 170
660 171
660 172
660 173
660 174
661 177
661 178
661 179
661 180
661 181
661 182
661 183
661 184
662 187
662 188
662 189
662 190
662 191
662 192
662 193
662 194
663 198
663 199
663 200
663 201
663 202
663 203
663 204
664 210
664 211
666 165
666 166
666 167
666 168
666 169
666 170
667 174
667 175
667 176
667 177
667 178
667 179
667 180
667 181
668 184
668 185
668 186
668 187
668 188
668 189
668 190
668 191
669 194
669 195
669 196
669 197
669 198
669 199
669 200
669 201
670 206
670 207
670 208
670 209
672 163
672 164
672 165
672 166
673 171
673 172
673 173
673 174
673 175
673 176
673 177
674 180
674 181
674 182
674 183
674 184
674 185
674 186
674 187
674 188
675 190
675 191
675 192
675 193
675 194
675 195
675 196
675 197
675 198
676 201
676 202
676 203
676 204
676 205
676 206
676 207
679 168
679 169
679 170
679 171
679 172
679 173
679 174
680 177
680 178
680 179
680 180
680 181
680 182
680 183
680 184
680 185
681 187
681 188
681 189
681 190
681 191
681 192
681 193
681 194
681 195
682 198
682 199
682 200
682 201
682 202
682 203
682 204
683 210
683 211
683 212
685 165
685 166
685 167
685 168
685 169
685 170
686 174
686 175
686 176
686 177
686 178
686 179
686 180
686 181
687 183
687 184
687 185
687 186
687 187
687 188
687 189
687 190
687 191
688 194
688 195
688 196
688 197
688 198
688 199
688 200
688 201
689 205
689 206
689 207
689 208
689 209
691 162
691 163
691 164
691 165
691 166
692 170
692 171
692 172
692 173
692 174
692 175
692 176
692 177
692 178
693 180
693 181
693 182
693 183
693 184
693 185
693 186
693 187
693 188
694 190
694 191
694 192
694 193
694 194
694 195
694 196
694 197
694 198
695 201
695 202
695 203
695 204
695 205
695 206
695 207
697 160
697 161
698 167
698 168
698 169
698 170
698 171
698 172
698 173
698 174
699 176
699 177
699 178
699 179
699 180
699 181
699 182
699 183
699 184
699 185
700 186
700 187
700 188
700 189
700 190
700 191
700 192
700 193
700 194
700 195
701 197
701 198
701 199
701 200
701 201
701 202
701 203
701 204
702 209
702 210
702 211
702 212
704 164
704 165
704 166
704 167
704 168
704 169
704 170
705 173
705 174
705 175
705 176
705 177
705 178
705 179
705 180
705 181
706 183
706 184
706 185
706 186
706 187
706 188
706 189
706 190
706 191
707 193
707 194
707 195
707 196
707 197
707 198
707 199
707 200
707 201
708 205
708 206
708 207
708 208
708 209
708 210
710 161
710 162
710 163
710 164
710 165
710 166
711 170
711 171
711 172
711 173
711 174
711 175
711 176
711 177
711 178
712 179
712 180
712 181
712 182
712 183
712 184
712 185
712 186
712 187
712 188
713 190
713 191
713 192
713 193
713 194
713 195
713 196
713 197
713 198
714 201
714 202
714 203
714 204
714 205
714 206
714 207
716 159
716 160
716 161
716 162
717 167
717 168
717 169
717 170
717 171
717 172
717 173
717 174
718 176
718 177
718 178
718 179
718 180
718 181
718 182
718 183
718 184
718 185
719 186
719 187
719 188
719 189
719 190
719 191
719 192
719 193
719 194
719 195
720 197
720 198
720 199
720 200
720 201
720 202
720 203
720 204
721 209
721 210
721 211
721 212
723 164
723 165
723 166
723 167
723 168
723 169
723 170
724 173
724 174
724 175
724 176
724 177
724 178
724 179
724 180
724 181
725 183
725 184
725 185
725 186
725 187
725 188
725 189
725 190
725 191
726 193
726 194
726 195
726 196
726 197
726 198
726 199
726 200
726 201
727 204
727 205
727 206
727 207
727 208
727 209
727 210
729 161
729 162
729 163
729 164
729 165
729 166
730 169
730 170
730 171
730 172
730 173
730 174
730 175
730 176
730 177
730 178
731 179
731 180
731 181
731 182
731 183
731 184
731 185
731 186
731 187
731 188
732 189
732 190
732 191
732 192
732 193
732 194
732 195
732 196
732 197
732 198
733 200
733 201
733 202
733 203
733 204
733 205
733 206
733 207
735 158
735 159
735 160
735 161
735 162
736 166
736 167
736 168
736 169
736 170
736 171
736 172
736 173
736 174
737 176
737 177
737 178
737 179
737 180
737 181
737 182
737 183
737 184
737 185
738 186
738 187
738 188
738 189
738 190
738 191
738 192
738 193
738 194
738 195
739 197
739 198
739 199
739 200
739 201
739 202
739 203
739 204
740 208
740 209
740 210
740 211
740 212
741 157
742 163
742 164
742 165
742 166
742 167
742 168
742 169
742 170
743 172
743 173
743 174
743 175
743 176
743 177
743 178
743 179
743 180
743 181
744 182
744 183
744 184
744 185
744 186
744 187
744 188
744 189
744 190
744 191
745 193
745 194
745 195
745 196
745 197
745 198
745 199
745 200
745 201
746 204
746 205
746 206
746 207
746 208
746 209
746 210
748 160
748 161
748 162
748 163
748 164
748 165
748 166
749 169
749 170
749 171
749 172
749 173
749 174
749 175
749 176
749 177
749 178
750 179
750 180
750 181
750 182
750 183
750 184
750 185
750 186
750 187
750 188
751 189
751 190
751 191
751 192
751 193
751 194
751 195
751 196
751 197
751 198
752 200
752 201
752 202
752 203
752 204
752 205
752 206
752 207
753 213
753 214
754 158
754 159
754 160
754 161
754 162
755 166
755 167
755 168
755 169
755 170
755 171
755 172
755 173
755 174
756 175
756 176
756 177
756 178
756 179
756 180
756 181
756 182
756 183
756 184
756 185
757 185
757 186
757 187
757 188
757 189
757 190
757 191
757 192
757 193
757 194
757 195
758 196
758 197
758 198
758 199
758 200
758 201
758 202
758 203
758 204
759 208
759 209
759 210
759 211
759 212
760 156
760 157
760 158
761 163
761 164
761 165
761 166
761 167
761 168
761 169
761 170
762 172
762 173
762 174
762 175
762 176
762 177
762 178
762 179
762 180
762 181
763 182
763 183
763 184
763 185
763 186
763 187
763 188
763 189
763 190
763 191
764 192
764 193
764 194
764 195
764 196
764 197
764 198
764 199
764 200
764 201
765 204
765 205
765 206
765 207
765 208
765 209
765 210
767 160
767 161
767 162
767 163
767 164
767 165
767 166
768 169
768 170
768 171
768 172
768 173
768 174
768 175
768 176
768 177
768 178
769 178
769 179
769 180
769 181
769 182
769 183
769 184
769 185
769 186
769 187
769 188
770 189
770 190
770 191
770 192
770 193
770 194
770 195
770 196
770 197
770 198
771 200
771 201
771 202
771 203
771 204
771 205
771 206
771 207
772 213
772 214
773 157
773 158
773 159
773 160
773 161
773 162
774 165
774 166
774 167
774 168
774 169
774 170
774 171
774 172
774 173
774 174
775 175
775 176
775 177
775 178
775 179
775 180
775 181
775 182
775 183
775 184
775 185
776 185
776 186
776 187
776 188
776 189
776 190
776 191
776 192
776 193
776 194
776 195
777 196
777 197
777 198
777 199
777 200
777 201
777 202
777 203
777 204
778 208
778 209
778 210
778 211
778 212
779 155
779 156
779 157
779 158
780 162
780 163
780 164
780 165
780 166
780 167
780 168
780 169
780 170
781 172
781 173
781 174
781 175
781 176
781 177
781 178
781 179
781 180
781 181
782 182
782 183
782 184
782 185
782 186
782 187
782 188
782 189
782 190
782 191
783 192
783 193
783 194
783 195
783 196
783 197
783 198
783 199
783 200
783 201
784 204
784 205
784 206
784 207
784 208
784 209
784 210
786 159
786 160
786 161
786 162
786 163
786 164
786 165
786 166
787 168
787 169
787 170
787 171
787 172
787 173
787 174
787 175
787 176
787 177
787 178
788 178
788 179
788 180
788 181
788 182
788 183
788 184
788 185
788 186
788 187
788 188
789 188
789 189
789 190
789 191
789 192
789 193
789 194
789 195
789 196
789 197
789 198
790 200
790 201
790 202
790 203
790 204
790 205
790 206
790 207
791 213
791 214
792 157
792 158
792 159
792 160
792 161
792 162
793 165
793 166
793 167
793 168
793 169
793 170
793 171
793 172
793 173
793 174
794 175
794 176
794 177
794 178
794 179
794 180
794 181
794 182
794 183
794 184
794 185
795 185
795 186
795 187
795 188
795 189
795 190
795 191
795 192
795 193
795 194
795 195
796 196
796 197
796 198
796 199
796 200
796 201
796 202
796 203
796 204
797 208
797 209
797 210
797 211
797 212
798 154
798 155
798 156
798 157
798 158
799 162
799 163
799 164
799 165
799 166
799 167
799 168
799 169
799 170
800 171
800 172
800 173
800 174
800 175
800 176
800 177
800 178
800 179
800 180
800 181
801 181
801 182
801 183
801 184
801 185
801 186
801 187
801 188
801 189
801 190
801 191
802 192
802 193
802 194
802 195
802 196
802 197
802 198
802 199
802 200
802 201
803 203
803 204
803 205
803 206
803 207
803 208
803 209
803 210
805 159
805 160
805 161
805 162
805 163
805 164
805 165
805 166
806 168
806 169
806 170
806 171
806 172
806 173
806 174
806 175
806 176
806 177
806 178
807 178
807 179
807 180
807 181
807 182
807 183
807 184
807 185
807 186
807 187
807 188
808 188
808 189
808 190
808 191
808 192
808 193
808 194
808 195
808 196
808 197
808 198
809 199
809 200
809 201
809 202
809 203
809 204
809 205
809 206
809 207
810 213
810 214
811 156
811 157
811 158
811 159
811 160
811 161
811 162
812 165
812 166
812 167
812 168
812 169
812 170
812 171
812 172
812 173
812 174
813 174
813 175
813 176
813 177
813 178
813 179
813 180
813 181
813 182
813 183
813 184
813 185
814 185
814 186
814 187
814 188
814 189
814 190
814 191
814 192
814 193
814 194
814 195
815 196
815 197
815 198
815 199
815 200
815 201
815 202
815 203
815 204
816 208
816 209
816 210
816 211
816 212
817 154
817 155
817 156
817 157
817 158
818 162
818 163
818 164
818 165
818 166
818 167
818 168
818 169
818 170
819 171
819 172
819 173
819 174
819 175
819 176
819 177
819 178
819 179
819 180
819 181
820 181
820 182
820 183
820 184
820 185
820 186
820 187
820 188
820 189
820 190
820 191
821 192
821 193
821 194
821 195
821 196
821 197
821 198
821 199
821 200
821 201
822 203
822 204
822 205
822 206
822 207
822 208
822 209
822 210
824 159
824 160
824 161
824 162
824 163
824 164
824 165
824 166
825 168
825 169
825 170
825 171
825 172
825 173
825 174
825 175
825 176
825 177
826 177
826 178
826 179
826 180
826 181
826 182
826 183
826 184
826 185
826 186
826 187
826 188
827 188
827 189
827 190
827 191
827 192
827 193
827 194
827 195
827 196
827 197
827 198
828 199
828 200
828 201
828 202
828 203
828 204
828 205
828 206
828 207
829 213
830 156
830 157
830 158
830 159
830 160
830 161
830 162
831 164
831 165
831 166
831 167
831 168
831 169
831 170
831 171
831 172
831 173
831 174
832 174
832 175
832 176
832 177
832 178
832 179
832 180
832 181
832 182
832 183
832 184
833 184
833 185
833 186
833 187
833 188
833 189
833 190
833 191
833 192
833 193
833 194
834 195
834 196
834 197
834 198
834 199
834 200
834 201
834 202
834 203
834 204
835 208
835 209
835 210
835 211
835 212
836 153
836 154
836 155
836 156
836 157
836 158
837 161
837 162
837 163
837 164
837 165
837 166
837 167
837 168
837 169
837 170
838 171
838 172
838 173
838 174
838 175
838 176
838 177
838 178
838 179
838 180
838 181
839 181
839 182
839 183
839 184
839 185
839 186
839 187
839 188
839 189
839 190
839 191
840 191
840 192
840 193
840 194
840 195
840 196
840 197
840 198
840 199
840 200
840 201
841 203
841 204
841 205
841 206
841 207
841 208
841 209
842 152
842 153
843 158
843 159
843 160
843 161
843 162
843 163
843 164
843 165
843 166
844 167
844 168
844 169
844 170
844 171
844 172
844 173
844 174
844 175
844 176
844 177
845 177
845 178
845 179
845 180
845 181
845 182
845 183
845 184
845 185
845 186
845 187
845 188
846 188
846 189
846 190
846 191
846 192
846 193
846 194
846 195
846 196
846 197
846 198
847 199
847 200
847 201
847 202
847 203
847 204
847 205
847 206
847 207
849 155
849 156
849 157
849 158
849 159
849 160
849 161
849 162
850 164
850 165
850 166
850 167
850 168
850 169
850 170
850 171
850 172
850 173
850 174
851 174
851 175
851 176
851 177
851 178
851 179
851 180
851 181
851 182
851 183
851 184
852 184
852 185
852 186
852 187
852 188
852 189
852 190
852 191
852 192
852 193
852 194
853 195
853 196
853 197
853 198
853 199
853 200
853 201
853 202
853 203
853 204
854 208
854 209
854 210
854 211
854 212
855 153
855 154
855 155
855 156
855 157
855 158
856 161
856 162
856 163
856 164
856 165
856 166
856 167
856 168
856 169
856 170
857 170
857 171
857 172
857 173
857 174
857 175
857 176
857 177
857 178
857 179
857 180
857 181
858 180
858 181
858 182
858 183
858 184
858 185
858 186
858 187
858 188
858 189
858 190
858 191
859 191
859 192
859 193
859 194
859 195
859 196
859 197
859 198
859 199
859 200
859 201
860 203
860 204
860 205
860 206
860 207
860 208
860 209
861 151
861 152
861 153
862 158
862 159
862 160
862 161
862 162
862 163
862 164
862 165
862 166
863 167
863 168
863 169
863 170
863 171
863 172
863 173
863 174
863 175
863 176
863 177
864 177
864 178
864 179
864 180
864 181
864 182
864 183
864 184
864 185
864 186
864 187
864 188
865 187
865 188
865 189
865 190
865 191
865 192
865 193
865 194
865 195
865 196
865 197
866 199
866 200
866 201
866 202
866 203
866 204
866 205
866 206
868 155
868 156
868 157
868 158
868 159
868 160
868 161
868 162
869 164
869 165
869 166
869 167
869 168
869 169
869 170
869 171
869 172
869 173
870 173
870 174
870 175
870 176
870 177
870 178
870 179
870 180
870 181
870 182
870 183
870 184
871 184
871 185
871 186
871 187
871 188
871 189
871 190
871 191
871 192
871 193
871 194
872 195
872 196
872 197
872 198
872 199
872 200
872 201
872 202
872 203
873 208
873 209
873 210
873 211
874 152
874 153
874 154
874 155
874 156
874 157
874 158
875 161
875 162
875 163
875 164
875 165
875 166
875 167
875 168
875 169
875 170
876 170
876 171
876 172
876 173
876 174
876 175
876 176
876 177
876 178
876 179
876 180
876 181
877 180
877 181
877 182
877 183
877 184
877 185
877 186
877 187
877 188
877 189
877 190
877 191
878 191
878 192
878 193
878 194
878 195
878 196
878 197
878 198
878 199
878 200
879 203
879 204
879 205
879 206
879 207
879 208
879 209
880 150
880 151
880 152
880 153
881 157
881 158
881 159
881 160
881 161
881 162
881 163
881 164
881 165
881 166
882 167
882 168
882 169
882 170
882 171
882 172
882 173
882 174
882 175
882 176
882 177
883 177
883 178
883 179
883 180
883 181
883 182
883 183
883 184
883 185
883 186
883 187
884 187
884 188
884 189
884 190
884 191
884 192
884 193
884 194
884 195
884 196
884 197
885 199
885 200
885 201
885 202
885 203
885 204
885 205
885 206
887 155
887 156
887 157
887 158
887 159
887 160
887 161
887 162
888 163
888 164
888 165
888 166
888 167
888 168
888 169
888 170
888 171
888 172
888 173
889 173
889 174
889 175
889 176
889 177
889 178
889 179
889 180
889 181
889 182
889 183
889 184
890 184
890 185
890 186
890 187
890 188
890 189
890 190
890 191
890 192
890 193
890 194
891 195
891 196
891 197
891 198
891 199
891 200
891 201
891 202
891 203
892 208
892 209
892 210
892 211
893 152
893 153
893 154
893 155
893 156
893 157
894 160
894 161
894 162
894 163
894 164
894 165
894 166
894 167
894 168
894 169
895 170
895 171
895 172
895 173
895 174
895 175
895 176
895 177
895 178
895 179
895 180
896 180
896 181
896 182
896 183
896 184
896 185
896 186
896 187
896 188
896 189
896 190
896 191
897 191
897 192
897 193
897 194
897 195
897 196
897 197
897 198
897 199
897 200
898 203
898 204
898 205
898 206
898 207
898 208
898 209
899 150
899 151
899 152
900 157
900 158
900 159
900 160
900 161
900 162
900 163
900 164
900 165
901 166
901 167
901 168
901 169
901 170
901 171
901 172
901 173
901 174
901 175
901 176
901 177
902 176
902 177
902 178
902 179
902 180
902 181
902 182
902 183
902 184
902 185
902 186
902 187
903 187
903 188
903 189
903 190
903 191
903 192
903 193
903 194
903 195
903 196
903 197
904 199
904 200
904 201
904 202
904 203
904 204
904 205
904 206
906 154
906 155
906 156
906 157
906 158
906 159
906 160
906 161
907 163
907 164
907 165
907 166
907 167
907 168
907 169
907 170
907 171
907 172
907 173
908 173
908 174
908 175
908 176
908 177
908 178
908 179
908 180
908 181
908 182
908 183
908 184
909 183
909 184
909 185
909 186
909 187
909 188
909 189
909 190
909 191
909 192
909 193
909 194
910 195
910 196
910 197
910 198
910 199
910 200
910 201
910 202
910 203
911 208
911 209
911 210
912 152
912 153
912 154
912 155
912 156
912 157
913 160
913 161
913 162
913 163
913 164
913 165
913 166
913 167
913 168
913 169
914 169
914 170
914 171
914 172
914 173
914 174
914 175
914 176
914 177
914 178
914 179
914 180
915 180
915 181
915 182
915 183
915 184
915 185
915 186
915 187
915 188
915 189
915 190
916 191
916 192
916 193
916 194
916 195
916 196
916 197
916 198
916 199
916 200
917 203
917 204
917 205
917 206
917 207
917 208
918 150
918 151
918 152
919 157
919 158
919 159
919 160
919 161
919 162
919 163
919 164
919 165
920 166
920 167
920 168
920 169
920 170
920 171
920 172
920 173
920 174
920 175
920 176
921 176
921 177
921 178
921 179
921 180
921 181
921 182
921 183
921 184
921 185
921 186
921 187
922 187
922 188
922 189
922 190
922 191
922 192
922 193
922 194
922 195
922 196
922 197
923 199
923 200
923 201
923 202
923 203
923 204
923 205
923 206
925 154
925 155
925 156
925 157
925 158
925 159
925 160
925 161
926 163
926 164
926 165
926 166
926 167
926 168
926 169
926 170
926 171
926 172
926 173
927 173
927 174
927 175
927 176
927 177
927 178
927 179
927 180
927 181
927 182
927 183
928 183
928 184
928 185
928 186
928 187
928 188
928 189
928 190
928 191
928 192
928 193
929 195
929 196
929 197
929 198
929 199
929 200
929 201
929 202
929 203
930 209
931 151
931 152
931 153
931 154
931 155
931 156
931 157
932 160
932 161
932 162
932 163
932 164
932 165
932 166
932 167
932 168
932 169
933 169
933 170
933 171
933 172
933 173
933 174
933 175
933 176
933 177
933 178
933 179
933 180
934 179
934 180
934 181
934 182
934 183
934 184
934 185
934 186
934 187
934 188
934 189
934 190
935 191
935 192
935 193
935 194
935 195
935 196
935 197
935 198
935 199
935 200
936 203
936 204
936 205
936 206
936 207
936 208
937 149
937 150
937 151
937 152
938 156
938 157
938 158
938 159
938 160
938 161
938 162
938 163
938 164
938 165
939 166
939 167
939 168
939 169
939 170
939 171
939 172
939 173
939 174
939 175
939 176
940 176
940 177
940 178
940 179
940 180
940 181
940 182
940 183
940 184
940 185
940 186
940 187
941 187
941 188
941 189
941 190
941 191
941 192
941 193
941 194
941 195
941 196
942 199
942 200
942 201
942 202
942 203
942 204
942 205
944 154
944 155
944 156
944 157
944 158
944 159
944 160
944 161
945 162
945 163
945 164
945 165
945 166
945 167
945 168
945 169
945 170
945 171
945 172
946 172
946 173
946 174
946 175
946 176
946 177
946 178
946 179
946 180
946 181
946 182
946 183
947 183
947 184
947 185
947 186
947 187
947 188
947 189
947 190
947 191
947 192
947 193
948 195
948 196
948 197
948 198
948 199
948 200
948 201
948 202
950 151
950 152
950 153
950 154
950 155
950 156
951 159
951 160
951 161
951 162
951 163
951 164
951 165
951 166
951 167
951 168
952 169
952 170
952 171
952 172
952 173
952 174
952 175
952 176
952 177
952 178
952 179
953 179
953 180
953 181
953 182
953 183
953 184
953 185
953 186
953 187
953 188
953 189
953 190
954 191
954 192
954 193
954 194
954 195
954 196
954 197
954 198
954 199
955 203
955 204
955 205
955 206
955 207
956 149
956 150
956 151
957 156
957 157
957 158
957 159
957 160
957 161
957 162
957 163
957 164
958 165
958 166
958 167
958 168
958 169
958 170
958 171
958 172
958 173
958 174
958 175
958 176
959 176
959 177
959 178
959 179
959 180
959 181
959 182
959 183
959 184
959 185
959 186
960 187
960 188
960 189
960 190
960 191
960 192
960 193
960 194
960 195
960 196
961 199
961 200
961 201
961 202
961 203
961 204
961 205
963 153
963 154
963 155
963 156
963 157
963 158
963 159
963 160
964 162
964 163
964 164
964 165
964 166
964 167
964 168
964 169
964 170
964 171
964 172
965 172
965 173
965 174
965 175
965 176
965 177
965 178
965 179
965 180
965 181
965 182
965 183
966 183
966 184
966 185
966 186
966 187
966 188
966 189
966 190
966 191
966 192
966 193
967 195
967 196
967 197
967 198
967 199
967 200
967 201
967 202
969 151
969 152
969 153
969 154
969 155
969 156
970 159
970 160
970 161
970 162
970 163
970 164
970 165
970 166
970 167
970 168
971 169
971 170
971 171
971 172
971 173
971 174
971 175
971 176
971 177
971 178
971 179
972 179
972 180
972 181
972 182
972 183
972 184
972 185
972 186
972 187
972 188
972 189
973 190
973 191
973 192
973 193
973 194
973 195
973 196
973 197
973 198
973 199
974 204
974 205
974 206
975 149
975 150
976 156
976 157
976 158
976 159
976 160
976 161
976 162
976 163
976 164
977 165
977 166
977 167
977 168
977 169
977 170
977 171
977 172
977 173
977 174
977 175
978 175
978 176
978 177
978 178
978 179
978 180
978 181
978 182
978 183
978 184
978 185
978 186
979 187
979 188
979 189
979 190
979 191
979 192
979 193
979 194
979 195
979 196
980 199
980 200
980 201
980 202
980 203
980 204
982 153
982 154
982 155
982 156
982 157
982 158
982 159
982 160
983 162
983 163
983 164
983 165
983 166
983 167
983 168
983 169
983 170
983 171
984 172
984 173
984 174
984 175
984 176
984 177
984 178
984 179
984 180
984 181
984 182
985 183
985 184
985 185
985 186
985 187
985 188
985 189
985 190
985 191
985 192
986 195
986 196
986 197
986 198
986 199
986 200
986 201
988 151
988 152
988 153
988 154
988 155
989 159
989 160
989 161
989 162
989 163
989 164
989 165
989 166
989 167
990 168
990 169
990 170
990 171
990 172
990 173
990 174
990 175
990 176
990 177
990 178
990 179
991 179
991 180
991 181
991 182
991 183
991 184
991 185
991 186
991 187
991 188
991 189
992 190
992 191
992 192
992 193
992 194
992 195
992 196
992 197
992 198
993 205
995 156
995 157
995 158
995 159
995 160
995 161
995 162
995 163
996 165
996 166
996 167
996 168
996 169
996 170
996 171
996 172
996 173
996 174
996 175
997 175
997 176
997 177
997 178
997 179
997 180
997 181
997 182
997 183
997 184
997 185
998 186
998 187
998 188
998 189
998 190
998 191
998 192
998 193
998 194
998 195
999 199
999 200
999 201
999 202
999 203
999 204
1001 153
1001 154
1001 155
1001 156
1001 157
1001 158
1001 159
1002 162
1002 163
1002 164
1002 165
1002 166
1002 167
1002 168
1002 169
1002 170
1002 171
1003 172
1003 173
1003 174
1003 175
1003 176
1003 177
1003 178
1003 179
1003 180
1003 181
1003 182
1004 183
1004 184
1004 185
1004 186
1004 187
1004 188
1004 189
1004 190
1004 191
1004 192
1005 195
1005 196
1005 197
1005 198
1005 199
1005 200
1005 201
1007 150
1007 151
1007 152
1007 153
1007 154
1008 158
1008 159
1008 160
1008 161
1008 162
1008 163
1008 164
1008 165
1008 166
1008 167
1009 168
1009 169
1009 170
1009 171
1009 172
1009 173
1009 174
1009 175
1009 176
1009 177
1009 178
1010 179
1010 180
1010 181
1010 182
1010 183
1010 184
1010 185
1010 186
1010 187
1010 188
1011 190
1011 191
1011 192
1011 193
1011 194
1011 195
1011 196
1011 197
1011 198
1014 155
1014 156
1014 157
1014 158
1014 159
1014 160
1014 161
1014 162
1014 163
1015 165
1015 166
1015 167
1015 168
1015 169
1015 170
1015 171
1015 172
1015 173
1015 174
1016 175
1016 176
1016 177
1016 178
1016 179
1016 180
1016 181
1016 182
1016 183
1016 184
1016 185
1017 186
1017 187
1017 188
1017 189
1017 190
1017 191
1017 192
1017 193
1017 194
1017 195
1018 199
1018 200
1018 201
1018 202
1018 203
1020 153
1020 154
1020 155
1020 156
1020 157
1020 158
1021 161
1021 162
1021 163
1021 164
1021 165
1021 166
1021 167
1021 168
1021 169
1021 170
1022 172
1022 173
1022 174
1022 175
1022 176
1022 177
1022 178
1022 179
1022 180
1022 181
1023 183
1023 184
1023 185
1023 186
1023 187
1023 188
1023 189
1023 190
1023 191
1024 195
1024 196
1024 197
1024 198
1024 199
1024 200
1026 151
1026 152
1026 153
1027 158
1027 159
1027 160
1027 161
1027 162
1027 163
1027 164
1027 165
1027 166
1028 168
1028 169
1028 170
1028 171
1028 172
1028 173
1028 174
1028 175
1028 176
1028 177
1028 178
1029 179
1029 180
1029 181
1029 182
1029 183
1029 184
1029 185
1029 186
1029 187
1029 188
1030 191
1030 192
1030 193
1030 194
1030 195
1030 196
1030 197
1033 155
1033 156
1033 157
1033 158
1033 159
1033 160
1033 161
1033 162
1034 165
1034 166
1034 167
1034 168
1034 169
1034 170
1034 171
1034 172
1034 173
1034 174
1035 175
1035 176
1035 177
1035 178
1035 179
1035 180
1035 181
1035 182
1035 183
1035 184
1036 186
1036 187
1036 188
1036 189
1036 190
1036 191
1036 192
1036 193
1036 194
1037 200
1037 201
1037 202
1039 153
1039 154
1039 155
1039 156
1039 157
1039 158
1040 161
1040 162
1040 163
1040 164
1040 165
1040 166
1040 167
1040 168
1040 169
1040 170
1041 171
1041 172
1041 173
1041 174
1041 175
1041 176
1041 177
1041 178
1041 179
1041 180
1041 181
1042 182
1042 183
1042 184
1042 185
1042 186
1042 187
1042 188
1042 189
1042 190
1042 191
1043 195
1043 196
1043 197
1043 198
1043 199
1043 200
1045 151
1045 152
1046 158
1046 159
1046 160
1046 161
1046 162
1046 163
1046 164
1046 165
1046 166
1047 168
1047 169
1047 170
1047 171
1047 172
1047 173
1047 174
1047 175
1047 176
1047 177
1048 179
1048 180
1048 181
1048 182
1048 183
1048 184
1048 185
1048 186
1048 187
1049 191
1049 192
1049 193
1049 194
1049 195
1049 196
1049 197
1052 155
1052 156
1052 157
1052 158
1052 159
1052 160
1052 161
1053 164
1053 165
1053 166
1053 167
1053 168
1053 169
1053 170
1053 171
1053 172
1053 173
1054 175
1054 176
1054 177
1054 178
1054 179
1054 180
1054 181
1054 182
1054 183
1054 184
1055 186
1055 187
1055 188
1055 189
1055 190
1055 191
1055 192
1055 193
1055 194
1058 153
1058 154
1058 155
1058 156
1058 157
1059 161
1059 162
1059 163
1059 164
1059 165
1059 166
1059 167
1059 168
1059 169
1060 171
1060 172
1060 173
1060 174
1060 175
1060 176
1060 177
1060 178
1060 179
1060 180
1061 183
1061 184
1061 185
1061 186
1061 187
1061 188
1061 189
1061 190
1062 196
1062 197
1062 198
1062 199
1065 158
1065 159
1065 160
1065 161
1065 162
1065 163
1065 164
1065 165
1066 168
1066 169
1066 170
1066 171
1066 172
1066 173
1066 174
1066 175
1066 176
1067 179
1067 180
1067 181
1067 182
1067 183
1067 184
1067 185
1067 186
1067 187
1068 191
1068 192
1068 193
1068 194
1068 195
1068 196
1071 155
1071 156
1071 157
1071 158
1071 159
1071 160
1072 164
1072 165
1072 166
1072 167
1072 168
1072 169
1072 170
1072 171
1072 172
1073 175
1073 176
1073 177
1073 178
1073 179
1073 180
1073 181
1073 182
1073 183
1074 187
1074 188
1074 189
1074 190
1074 191
1074 192
1074 193
1077 153
1077 154
1077 155
1078 161
1078 162
1078 163
1078 164
1078 165
1078 166
1078 167
1078 168
1079 171
1079 172
1079 173
1079 174
1079 175
1079 176
1079 177
1079 178
1079 179
1080 183
1080 184
1080 185
1080 186
1080 187
1080 188
1080 189
1080 190
1081 197
1084 158
1084 159
1084 160
1084 161
1084 162
1084 163
1084 164
1085 168
1085 169
1085 170
1085 171
1085 172
1085 173
1085 174
1085 175
1085 176
1086 179
1086 180
1086 181
1086 182
1086 183
1086 184
1086 185
1086 186
1087 191
1087 192
1087 193
1087 194
1087 195
1090 155
1090 156
1090 157
1090 158
1090 159
1091 164
1091 165
1091 166
1091 167
1091 168
1091 169
1091 170
1091 171
1091 172
1092 175
1092 176
1092 177
1092 178
1092 179
1092 180
1092 181
1092 182
1093 187
1093 188
1093 189
1093 190
1093 191
1093 192
1097 161
1097 162
1097 163
1097 164
1097 165
1097 166
1097 167
1098 171
1098 172
1098 173
1098 174
1098 175
1098 176
1098 177
1098 178
1098 179
1099 183
1099 184
1099 185
1099 186
1099 187
1099 188
1099 189
1103 158
1103 159
1103 160
1103 161
1103 162
1103 163
1104 168
1104 169
1104 170
1104 171
1104 172
1104 173
1104 174
1104 175
1105 179
1105 180
1105 181
1105 182
1105 183
1105 184
1105 185
1106 192
1106 193
1106 194
1109 156
1109 157
1109 158
1110 164
1110 165
1110 166
1110 167
1110 168
1110 169
1110 170
1110 171
1111 175
1111 176
1111 177
1111 178
1111 179
1111 180
1111 181
1111 182
1112 187
1112 188
1112 189
1112 190
1112 191
1116 161
1116 162
1116 163
1116 164
1116 165
1116 166
1117 171
1117 172
1117 173
1117 174
1117 175
1117 176
1117 177
1117 178
1118 183
1118 184
1118 185
1118 186
1118 187
1118 188
1122 159
1122 160
1122 161
1122 162
1123 168
1123 169
1123 170
1123 171
1123 172
1123 173
1123 174
1124 179
1124 180
1124 181
1124 182
1124 183
1124 184
1129 165
1129 166
1129 167
1129 168
1129 169
1129 170
1130 175
1130 176
1130 177
1130 178
1130 179
1130 180
1130 181
1131 188
1131 189
1131 190
1135 162
1135 163
1135 164
1135 165
1136 172
1136 173
1136 174
1136 175
1136 176
1136 177
1137 184
1137 185
1137 186
1137 187
1142 168
1142 169
1142 170
1142 171
1142 172
1142 173
1143 179
1143 180
1143 181
1143 182
1143 183
1148 165
1148 166
1148 167
1148 168
1148 169
1149 176
1149 177
1149 178
1149 179
1149 180
1154 163
1155 172
1155 173
1155 174
1155 175
1155 176
1161 169
1161 170
1161 171
1161 172
1162 180
1162 181
1162 182
1167 166
1168 176
1168 177
1168 178
1174 173
1174 174
2273 214
2273 215
2273 216
2274 225
2274 226
2274 227
2274 228
2279 210
2279 211
2279 212
2279 213
2280 220
2280 221
2280 222
2280 223
2280 224
2280 225
2281 233
2281 234
2281 235
2285 206
2285 207
2285 208
2285 209
2286 216
2286 217
2286 218
2286 219
2286 220
2286 221
2287 227
2287 228
2287 229
2287 230
2287 231
2287 232
2291 202
2291 203
2291 204
2291 205
2292 212
2292 213
2292 214
2292 215
2292 216
2292 217
2292 218
2293 223
2293 224
2293 225
2293 226
2293 227
2293 228
2293 229
2294 235
2294 236
2294 237
2294 238
2294 239
2297 198
2297 199
2297 200
2297 201
2298 208
2298 209
2298 210
2298 211
2298 212
2298 213
2298 214
2299 219
2299 220
2299 221
2299 222
2299 223
2299 224
2299 225
2299 226
2300 230
2300 231
2300 232
2300 233
2300 234
2300 235
2300 236
2301 243
2301 244
2301 245
2301 246
2304 204
2304 205
2304 206
2304 207
2304 208
2304 209
2304 210
2305 214
2305 215
2305 216
2305 217
2305 218
2305 219
2305 220
2305 221
2305 222
2306 226
2306 227
2306 228
2306 229
2306 230
2306 231
2306 232
2306 233
2307 238
2307 239
2307 240
2307 241
2307 242
2307 243
2310 200
2310 201
2310 202
2310 203
2310 204
2310 205
2310 206
2311 210
2311 211
2311 212
2311 213
2311 214
2311 215
2311 216
2311 217
2311 218
2312 221
2312 222
2312 223
2312 224
2312 225
2312 226
2312 227
2312 228
2312 229
2312 230
2313 233
2313 234
2313 235
2313 236
2313 237
2313 238
2313 239
2313 240
2314 246
2314 247
2314 248
2314 249
2316 197
2316 198
2316 199
2316 200
2316 201
2316 202
2317 206
2317 207
2317 208
2317 209
2317 210
2317 211
2317 212
2317 213
2317 214
2318 217
2318 218
2318 219
2318 220
2318 221
2318 222
2318 223
2318 224
2318 225
2318 226
2319 229
2319 230
2319 231
2319 232
2319 233
2319 234
2319 235
2319 236
2319 237
2320 241
2320 242
2320 243
2320 244
2320 245
2320 246
2320 247
2322 193
2322 194
2322 195
2322 196
2322 197
2323 203
2323 204
2323 205
2323 206
2323 207
2323 208
2323 209
2323 210
2323 211
2324 213
2324 214
2324 215
2324 216
2324 217
2324 218
2324 219
2324 220
2324 221
2324 222
2325 224
2325 225
2325 226
2325 227
2325 228
2325 229
2325 230
2325 231
2325 232
2325 233
2325 234
2326 236
2326 237
2326 238
2326 239
2326 240
2326 241
2326 242
2326 243
2326 244
2327 249
2327 250
2327 251
2327 252
2327 253
2328 191
2328 192
2329 199
2329 200
2329 201
2329 202
2329 203
2329 204
2329 205
2329 206
2330 209
2330 210
2330 211
2330 212
2330 213
2330 214
2330 215
2330 216
2330 217
2330 218
2330 219
2331 220
2331 221
2331 222
2331 223
2331 224
2331 225
2331 226
2331 227
2331 228
2331 229
2331 230
2332 232
2332 233
2332 234
2332 235
2332 236
2332 237
2332 238
2332 239
2332 240
2332 241
2333 244
2333 245
2333 246
2333 247
2333 248
2333 249
2333 250
2333 251
2335 196
2335 197
2335 198
2335 199
2335 200
2335 201
2335 202
2336 205
2336 206
2336 207
2336 208
2336 209
2336 210
2336 211
2336 212
2336 213
2336 214
2336 215
2337 216
2337 217
2337 218
2337 219
2337 220
2337 221
2337 222
2337 223
2337 224
2337 225
2337 226
2338 227
2338 228
2338 229
2338 230
2338 231
2338 232
2338 233
2338 234
2338 235
2338 236
2338 237
2339 239
2339 240
2339 241
2339 242
2339 243
2339 244
2339 245
2339 246
2339 247
2339 248
2340 253
2340 254
2340 255
2340 256
2341 192
2341 193
2341 194
2341 195
2341 196
2341 197
2341 198
2342 202
2342 203
2342 204
2342 205
2342 206
2342 207
2342 208
2342 209
2342 210
2342 211
2343 212
2343 213
2343 214
2343 215
2343 216
2343 217
2343 218
2343 219
2343 220
2343 221
2343 222
2343 223
2344 223
2344 224
2344 225
2344 226
2344 227
2344 228
2344 229
2344 230
2344 231
2344 232
2344 233
2344 234
2345 235
2345 236
2345 237
2345 238
2345 239
2345 240
2345 241
2345 242
2345 243
2345 244
2346 247
2346 248
2346 249
2346 250
2346 251
2346 252
2346 253
2346 254
2347 189
2347 190
2347 191
2347 192
2347 193
2348 198
2348 199
2348 200
2348 201
2348 202
2348 203
2348 204
2348 205
2348 206
2348 207
2349 208
2349 209
2349 210
2349 211
2349 212
2349 213
2349 214
2349 215
2349 216
2349 217
2349 218
2349 219
2350 219
2350 220
2350 221
2350 222
2350 223
2350 224
2350 225
2350 226
2350 227
2350 228
2350 229
2350 230
2351 231
2351 232
2351 233
2351 234
2351 235
2351 236
2351 237
2351 238
2351 239
2351 240
2351 241
2352 243
2352 244
2352 245
2352 246
2352 247
2352 248
2352 249
2352 250
2352 251
2353 256
2353 257
2353 258
2353 259
2354 195
2354 196
2354 197
2354 198
2354 199
2354 200
2354 201
2354 202
2355 205
2355 206
2355 207
2355 208
2355 209
2355 210
2355 211
2355 212
2355 213
2355 214
2355 215
2356 215
2356 216
2356 217
2356 218
2356 219
2356 220
2356 221
2356 222
2356 223
2356 224
2356 225
2356 226
2356 227
2357 226
2357 227
2357 228
2357 229
2357 230
2357 231
2357 232
2357 233
2357 234
2357 235
2357 236
2357 237
2357 238
2358 238
2358 239
2358 240
2358 241
2358 242
2358 243
2358 244
2358 245
2358 246
2358 247
2358 248
2359 251
2359 252
2359 253
2359 254
2359 255
2359 256
2359 257
2360 191
2360 192
2360 193
2360 194
2360 195
2360 196
2360 197
2360 198
2361 201
2361 202
2361 203
2361 204
2361 205
2361 206
2361 207
2361 208
2361 209
2361 210
2361 211
2362 211
2362 212
2362 213
2362 214
2362 215
2362 216
2362 217
2362 218
2362 219
2362 220
2362 221
2362 222
2362 223
2363 222
2363 223
2363 224
2363 225
2363 226
2363 227
2363 228
2363 229
2363 230
2363 231
2363 232
2363 233
2363 234
2364 234
2364 235
2364 236
2364 237
2364 238
2364 239
2364 240
2364 241
2364 242
2364 243
2364 244
2364 245
2365 246
2365 247
2365 248
2365 249
2365 250
2365 251
2365 252
2365 253
2365 254
2366 189
2366 190
2366 191
2366 192
2366 193
2366 260
2366 261
2366 262
2367 197
2367 198
2367 199
2367 200
2367 201
2367 202
2367 203
2367 204
2367 205
2367 206
2367 207
2368 208
2368 209
2368 210
2368 211
2368 212
2368 213
2368 214
2368 215
2368 216
2368 217
2368 218
2368 219
2369 218
2369 219
2369 220
2369 221
2369 222
2369 223
2369 224
2369 225
2369 226
2369 227
2369 228
2369 229
2369 230
2370 230
2370 231
2370 232
2370 233
2370 234
2370 235
2370 236
2370 237
2370 238
2370 239
2370 240
2370 241
2371 242
2371 243
2371 244
2371 245
2371 246
2371 247
2371 248
2371 249
2371 250
2371 251
2372 187
2372 254
2372 255
2372 256
2372 257
2372 258
2372 259
2372 260
2373 194
2373 195
2373 196
2373 197
2373 198
2373 199
2373 200
2373 201
2373 202
2373 203
2374 204
2374 205
2374 206
2374 207
2374 208
2374 209
2374 210
2374 211
2374 212
2374 213
2374 214
2374 215
2375 215
2375 216
2375 217
2375 218
2375 219
2375 220
2375 221
2375 222
2375 223
2375 224
2375 225
2375 226
2375 227
2376 226
2376 227
2376 228
2376 229
2376 230
2376 231
2376 232
2376 233
2376 234
2376 235
2376 236
2376 237
2376 238
2377 237
2377 238
2377 239
2377 240
2377 241
2377 242
2377 243
2377 244
2377 245
2377 246
2377 247
2377 248
2378 249
2378 250
2378 251
2378 252
2378 253
2378 254
2378 255
2378 256
2378 257
2378 258
2379 191
2379 192
2379 193
2379 194
2379 195
2379 196
2379 197
2379 198
2380 200
2380 201
2380 202
2380 203
2380 204
2380 205
2380 206
2380 207
2380 208
2380 209
2380 210
2380 211
2381 211
2381 212
2381 213
2381 214
2381 215
2381 216
2381 217
2381 218
2381 219
2381 220
2381 221
2381 222
2381 223
2382 222
2382 223
2382 224
2382 225
2382 226
2382 227
2382 228
2382 229
2382 230
2382 231
2382 232
2382 233
2382 234
2383 233
2383 234
2383 235
2383 236
2383 237
2383 238
2383 239
2383 240
2383 241
2383 242
2383 243
2383 244
2383 245
2384 245
2384 246
2384 247
2384 248
2384 249
2384 250
2384 251
2384 252
2384 253
2384 254
2384 255
2385 188
2385 189
2385 190
2385 191
2385 192
2385 193
2385 258
2385 259
2385 260
2385 261
2385 262
2385 263
2386 197
2386 198
2386 199
2386 200
2386 201
2386 202
2386 203
2386 204
2386 205
2386 206
2386 207
2387 207
2387 208
2387 209
2387 210
2387 211
2387 212
2387 213
2387 214
2387 215
2387 216
2387 217
2387 218
2387 219
2388 218
2388 219
2388 220
2388 221
2388 222
2388 223
2388 224
2388 225
2388 226
2388 227
2388 228
2388 229
2388 230
2389 229
2389 230
2389 231
2389 232
2389 233
2389 234
2389 235
2389 236
2389 237
2389 238
2389 239
2389 240
2389 241
2390 240
2390 241
2390 242
2390 243
2390 244
2390 245
2390 246
2390 247
2390 248
2390 249
2390 250
2390 251
2391 186
2391 187
2391 188
2391 253
2391 254
2391 255
2391 256
2391 257
2391 258
2391 259
2391 260
2391 261
2392 193
2392 194
2392 195
2392 196
2392 197
2392 198
2392 199
2392 200
2392 201
2392 202
2393 203
2393 204
2393 205
2393 206
2393 207
2393 208
2393 209
2393 210
2393 211
2393 212
2393 213
2393 214
2393 215
2394 214
2394 215
2394 216
2394 217
2394 218
2394 219
2394 220
2394 221
2394 222
2394 223
2394 224
2394 225
2394 226
2394 227
2395 225
2395 226
2395 227
2395 228
2395 229
2395 230
2395 231
2395 232
2395 233
2395 234
2395 235
2395 236
2395 237
2395 238
2396 236
2396 237
2396 238
2396 239
2396 240
2396 241
2396 242
2396 243
2396 244
2396 245
2396 246
2396 247
2396 248
2397 248
2397 249
2397 250
2397 251
2397 252
2397 253
2397 254
2397 255
2397 256
2397 257
2397 258
2398 190
2398 191
2398 192
2398 193
2398 194
2398 195
2398 196
2398 197
2398 198
2398 262
2398 263
2398 264
2398 265
2398 266
2399 200
2399 201
2399 202
2399 203
2399 204
2399 205
2399 206
2399 207
2399 208
2399 209
2399 210
2399 211
2400 210
2400 211
2400 212
2400 213
2400 214
2400 215
2400 216
2400 217
2400 218
2400 219
2400 220
2400 221
2400 222
2400 223
2401 221
2401 222
2401 223
2401 224
2401 225
2401 226
2401 227
2401 228
2401 229
2401 230
2401 231
2401 232
2401 233
2401 234
2402 232
2402 233
2402 234
2402 235
2402 236
2402 237
2402 238
2402 239
2402 240
2402 241
2402 242
2402 243
2402 244
2402 245
2403 244
2403 245
2403 246
2403 247
2403 248
2403 249
2403 250
2403 251
2403 252
2403 253
2403 254
2403 255
2404 188
2404 189
2404 190
2404 191
2404 192
2404 193
2404 256
2404 257
2404 258
2404 259
2404 260
2404 261
2404 262
2404 263
2404 264
2405 196
2405 197
2405 198
2405 199
2405 200
2405 201
2405 202
2405 203
2405 204
2405 205
2405 206
2405 207
2406 206
2406 207
2406 208
2406 209
2406 210
2406 211
2406 212
2406 213
2406 214
2406 215
2406 216
2406 217
2406 218
2406 219
2407 217
2407 218
2407 219
2407 220
2407 221
2407 222
2407 223
2407 224
2407 225
2407 226
2407 227
2407 228
2407 229
2407 230
2408 228
2408 229
2408 230
2408 231
2408 232
2408 233
2408 234
2408 235
2408 236
2408 237
2408 238
2408 239
2408 240
2408 241
2409 240
2409 241
2409 242
2409 243
2409 244
2409 245
2409 246
2409 247
2409 248
2409 249
2409 250
2409 251
2410 186
2410 187
2410 188
2410 252
2410 253
2410 254
2410 255
2410 256
2410 257
2410 258
2410 259
2410 260
2410 261
2411 193
2411 194
2411 195
2411 196
2411 197
2411 198
2411 199
2411 200
2411 201
2411 202
2411 266
2411 267
2411 268
2412 203
2412 204
2412 205
2412 206
2412 207
2412 208
2412 209
2412 210
2412 211
2412 212
2412 213
2412 214
2412 215
2413 213
2413 214
2413 215
2413 216
2413 217
2413 218
2413 219
2413 220
2413 221
2413 222
2413 223
2413 224
2413 225
2413 226
2414 224
2414 225
2414 226
2414 227
2414 228
2414 229
2414 230
2414 231
2414 232
2414 233
2414 234
2414 235
2414 236
2414 237
2415 235
2415 236
2415 237
2415 238
2415 239
2415 240
2415 241
2415 242
2415 243
2415 244
2415 245
2415 246
2415 247
2415 248
2416 247
2416 248
2416 249
2416 250
2416 251
2416 252
2416 253
2416 254
2416 255
2416 256
2416 257
2416 258
2417 190
2417 191
2417 192
2417 193
2417 194
2417 195
2417 196
2417 197
2417 198
2417 260
2417 261
2417 262
2417 263
2417 264
2417 265
2417 266
2418 199
2418 200
2418 201
2418 202
2418 203
2418 204
2418 205
2418 206
2418 207
2418 208
2418 209
2418 210
2418 211
2419 209
2419 210
2419 211
2419 212
2419 213
2419 214
2419 215
2419 216
2419 217
2419 218
2419 219
2419 220
2419 221
2419 222
2420 220
2420 221
2420 222
2420 223
2420 224
2420 225
2420 226
2420 227
2420 228
2420 229
2420 230
2420 231
2420 232
2420 233
2420 234
2421 231
2421 232
2421 233
2421 234
2421 235
2421 236
2421 237
2421 238
2421 239
2421 240
2421 241
2421 242
2421 243
2421 244
2422 243
2422 244
2422 245
2422 246
2422 247
2422 248
2422 249
2422 250
2422 251
2422 252
2422 253
2422 254
2422 255
2423 187
2423 188
2423 189
2423 190
2423 191
2423 192
2423 193
2423 255
2423 256
2423 257
2423 258
2423 259
2423 260
2423 261
2423 262
2423 263
2423 264
2424 196
2424 197
2424 198
2424 199
2424 200
2424 201
2424 202
2424 203
2424 204
2424 205
2424 206
2425 206
2425 207
2425 208
2425 209
2425 210
2425 211
2425 212
2425 213
2425 214
2425 215
2425 216
2425 217
2425 218
2425 219
2426 216
2426 217
2426 218
2426 219
2426 220
2426 221
2426 222
2426 223
2426 224
2426 225
2426 226
2426 227
2426 228
2426 229
2426 230
2427 227
2427 228
2427 229
2427 230
2427 231
2427 232
2427 233
2427 234
2427 235
2427 236
2427 237
2427 238
2427 239
2427 240
2427 241
2428 239
2428 240
2428 241
2428 242
2428 243
2428 244
2428 245
2428 246
2428 247
2428 248
2428 249
2428 250
2428 251
2429 186
2429 187
2429 251
2429 252
2429 253
2429 254
2429 255
2429 256
2429 257
2429 258
2429 259
2429 260
2429 261
2430 193
2430 194
2430 195
2430 196
2430 197
2430 198
2430 199
2430 200
2430 201
2430 202
2430 264
2430 265
2430 266
2430 267
2430 268
2430 269
2431 202
2431 203
2431 204
2431 205
2431 206
2431 207
2431 208
2431 209
2431 210
2431 211
2431 212
2431 213
2431 214
2431 215
2432 213
2432 214
2432 215
2432 216
2432 217
2432 218
2432 219
2432 220
2432 221
2432 222
2432 223
2432 224
2432 225
2432 226
2433 224
2433 225
2433 226
2433 227
2433 228
2433 229
2433 230
2433 231
2433 232
2433 233
2433 234
2433 235
2433 236
2433 237
2434 235
2434 236
2434 237
2434 238
2434 239
2434 240
2434 241
2434 242
2434 243
2434 244
2434 245
2434 246
2434 247
2434 248
2435 246
2435 247
2435 248
2435 249
2435 250
2435 251
2435 252
2435 253
2435 254
2435 255
2435 256
2435 257
2435 258
2436 190
2436 191
2436 192
2436 193
2436 194
2436 195
2436 196
2436 197
2436 198
2436 259
2436 260
2436 261
2436 262
2436 263
2436 264
2436 265
2436 266
2436 267
2437 199
2437 200
2437 201
2437 202
2437 203
2437 204
2437 205
2437 206
2437 207
2437 208
2437 209
2437 210
2438 209
2438 210
2438 211
2438 212
2438 213
2438 214
2438 215
2438 216
2438 217
2438 218
2438 219
2438 220
2438 221
2438 222
2439 220
2439 221
2439 222
2439 223
2439 224
2439 225
2439 226
2439 227
2439 228
2439 229
2439 230
2439 231
2439 232
2439 233
2439 234
2440 231
2440 232
2440 233
2440 234
2440 235
2440 236
2440 237
2440 238
2440 239
2440 240
2440 241
2440 242
2440 243
2440 244
2441 242
2441 243
2441 244
2441 245
2441 246
2441 247
2441 248
2441 249
2441 250
2441 251
2441 252
2441 253
2441 254
2442 187
2442 188
2442 189
2442 190
2442 191
2442 192
2442 193
2442 254
2442 255
2442 256
2442 257
2442 258
2442 259
2442 260
2442 261
2442 262
2442 263
2442 264
2443 196
2443 197
2443 198
2443 199
2443 200
2443 201
2443 202
2443 203
2443 204
2443 205
2443 206
2443 268
2443 269
2443 270
2443 271
2444 205
2444 206
2444 207
2444 208
2444 209
2444 210
2444 211
2444 212
2444 213
2444 214
2444 215
2444 216
2444 217
2444 218
2445 216
2445 217
2445 218
2445 219
2445 220
2445 221
2445 222
2445 223
2445 224
2445 225
2445 226
2445 227
2445 228
2445 229
2445 230
2446 227
2446 228
2446 229
2446 230
2446 231
2446 232
2446 233
2446 234
2446 235
2446 236
2446 237
2446 238
2446 239
2446 240
2446 241
2447 238
2447 239
2447 240
2447 241
2447 242
2447 243
2447 244
2447 245
2447 246
2447 247
2447 248
2447 249
2447 250
2447 251
2448 186
2448 187
2448 250
2448 251
2448 252
2448 253
2448 254
2448 255
2448 256
2448 257
2448 258
2448 259
2448 260
2448 261
2449 192
2449 193
2449 194
2449 195
2449 196
2449 197
2449 198
2449 199
2449 200
2449 201
2449 202
2449 263
2449 264
2449 265
2449 266
2449 267
2449 268
2449 269
2450 202
2450 203
2450 204
2450 205
2450 206
2450 207
2450 208
2450 209
2450 210
2450 211
2450 212
2450 213
2450 214
2451 212
2451 213
2451 214
2451 215
2451 216
2451 217
2451 218
2451 219
2451 220
2451 221
2451 222
2451 223
2451 224
2451 225
2451 226
2452 223
2452 224
2452 225
2452 226
2452 227
2452 228
2452 229
2452 230
2452 231
2452 232
2452 233
2452 234
2452 235
2452 236
2452 237
2453 234
2453 235
2453 236
2453 237
2453 238
2453 239
2453 240
2453 241
2453 242
2453 243
2453 244
2453 245
2453 246
2453 247
2453 248
2454 246
2454 247
2454 248
2454 249
2454 250
2454 251
2454 252
2454 253
2454 254
2454 255
2454 256
2454 257
2454 258
2455 190
2455 191
2455 192
2455 193
2455 194
2455 195
2455 196
2455 197
2455 258
2455 259
2455 260
2455 261
2455 262
2455 263
2455 264
2455 265
2455 266
2455 267
2456 199
2456 200
2456 201
2456 202
2456 203
2456 204
2456 205
2456 206
2456 207
2456 208
2456 209
2456 210
2457 209
2457 210
2457 211
2457 212
2457 213
2457 214
2457 215
2457 216
2457 217
2457 218
2457 219
2457 220
2457 221
2457 222
2458 219
2458 220
2458 221
2458 222
2458 223
2458 224
2458 225
2458 226
2458 227
2458 228
2458 229
2458 230
2458 231
2458 232
2458 233
2459 230
2459 231
2459 232
2459 233
2459 234
2459 235
2459 236
2459 237
2459 238
2459 239
2459 240
2459 241
2459 242
2459 243
2459 244
2460 242
2460 243
2460 244
2460 245
2460 246
2460 247
2460 248
2460 249
2460 250
2460 251
2460 252
2460 253
2460 254
2461 187
2461 188
2461 189
2461 190
2461 191
2461 192
2461 253
2461 254
2461 255
2461 256
2461 257
2461 258
2461 259
2461 260
2461 261
2461 262
2461 263
2461 264
2462 195
2462 196
2462 197
2462 198
2462 199
2462 200
2462 201
2462 202
2462 203
2462 204
2462 205
2462 206
2462 267
2462 268
2462 269
2462 270
2462 271
2462 272
2463 205
2463 206
2463 207
2463 208
2463 209
2463 210
2463 211
2463 212
2463 213
2463 214
2463 215
2463 216
2463 217
2463 218
2464 215
2464 216
2464 217
2464 218
2464 219
2464 220
2464 221
2464 222
2464 223
2464 224
2464 225
2464 226
2464 227
2464 228
2464 229
2465 226
2465 227
2465 228
2465 229
2465 230
2465 231
2465 232
2465 233
2465 234
2465 235
2465 236
2465 237
2465 238
2465 239
2465 240
2466 237
2466 238
2466 239
2466 240
2466 241
2466 242
2466 243
2466 244
2466 245
2466 246
2466 247
2466 248
2466 249
2466 250
2466 251
2467 249
2467 250
2467 251
2467 252
2467 253
2467 254
2467 255
2467 256
2467 257
2467 258
2467 259
2467 260
2467 261
2468 192
2468 193
2468 194
2468 195
2468 196
2468 197
2468 198
2468 199
2468 200
2468 201
2468 202
2468 262
2468 263
2468 264
2468 265
2468 266
2468 267
2468 268
2468 269
2469 202
2469 203
2469 204
2469 205
2469 206
2469 207
2469 208
2469 209
2469 210
2469 211
2469 212
2469 213
2469 214
2470 212
2470 213
2470 214
2470 215
2470 216
2470 217
2470 218
2470 219
2470 220
2470 221
2470 222
2470 223
2470 224
2470 225
2470 226
2471 222
2471 223
2471 224
2471 225
2471 226
2471 227
2471 228
2471 229
2471 230
2471 231
2471 232
2471 233
2471 234
2471 235
2471 236
2471 237
2472 234
2472 235
2472 236
2472 237
2472 238
2472 239
2472 240
2472 241
2472 242
2472 243
2472 244
2472 245
2472 246
2472 247
2473 245
2473 246
2473 247
2473 248
2473 249
2473 250
2473 251
2473 252
2473 253
2473 254
2473 255
2473 256
2473 257
2474 189
2474 190
2474 191
2474 192
2474 193
2474 194
2474 195
2474 196
2474 197
2474 257
2474 258
2474 259
2474 260
2474 261
2474 262
2474 263
2474 264
2474 265
2474 266
2474 267
2475 198
2475 199
2475 200
2475 201
2475 202
2475 203
2475 204
2475 205
2475 206
2475 207
2475 208
2475 209
2475 210
2475 271
2475 272
2475 273
2476 208
2476 209
2476 210
2476 211
2476 212
2476 213
2476 214
2476 215
2476 216
2476 217
2476 218
2476 219
2476 220
2476 221
2476 222
2477 219
2477 220
2477 221
2477 222
2477 223
2477 224
2477 225
2477 226
2477 227
2477 228
2477 229
2477 230
2477 231
2477 232
2477 233
2478 230
2478 231
2478 232
2478 233
2478 234
2478 235
2478 236
2478 237
2478 238
2478 239
2478 240
2478 241
2478 242
2478 243
2478 244
2479 241
2479 242
2479 243
2479 244
2479 245
2479 246
2479 247
2479 248
2479 249
2479 250
2479 251
2479 252
2479 253
2479 254
2480 187
2480 188
2480 189
2480 190
2480 191
2480 192
2480 253
2480 254
2480 255
2480 256
2480 257
2480 258
2480 259
2480 260
2480 261
2480 262
2480 263
2480 264
2481 195
2481 196
2481 197
2481 198
2481 199
2481 200
2481 201
2481 202
2481 203
2481 204
2481 205
2481 206
2481 266
2481 267
2481 268
2481 269
2481 270
2481 271
2481 272
2482 205
2482 206
2482 207
2482 208
2482 209
2482 210
2482 211
2482 212
2482 213
2482 214
2482 215
2482 216
2482 217
2482 218
2483 215
2483 216
2483 217
2483 218
2483 219
2483 220
2483 221
2483 222
2483 223
2483 224
2483 225
2483 226
2483 227
2483 228
2483 229
2484 226
2484 227
2484 228
2484 229
2484 230
2484 231
2484 232
2484 233
2484 234
2484 235
2484 236
2484 237
2484 238
2484 239
2484 240
2485 237
2485 238
2485 239
2485 240
2485 241
2485 242
2485 243
2485 244
2485 245
2485 246
2485 247
2485 248
2485 249
2485 250
2485 251
2486 249
2486 250
2486 251
2486 252
2486 253
2486 254
2486 255
2486 256
2486 257
2486 258
2486 259
2486 260
2487 192
2487 193
2487 194
2487 195
2487 196
2487 197
2487 198
2487 199
2487 200
2487 201
2487 261
2487 262
2487 263
2487 264
2487 265
2487 266
2487 267
2487 268
2487 269
2488 201
2488 202
2488 203
2488 204
2488 205
2488 206
2488 207
2488 208
2488 209
2488 210
2488 211
2488 212
2488 213
2488 214
2489 211
2489 212
2489 213
2489 214
2489 215
2489 216
2489 217
2489 218
2489 219
2489 220
2489 221
2489 222
2489 223
2489 224
2489 225
2490 222
2490 223
2490 224
2490 225
2490 226
2490 227
2490 228
2490 229
2490 230
2490 231
2490 232
2490 233
2490 234
2490 235
2490 236
2491 233
2491 234
2491 235
2491 236
2491 237
2491 238
2491 239
2491 240
2491 241
2491 242
2491 243
2491 244
2491 245
2491 246
2491 247
2492 244
2492 245
2492 246
2492 247
2492 248
2492 249
2492 250
2492 251
2492 252
2492 253
2492 254
2492 255
2492 256
2492 257
2493 189
2493 190
2493 191
2493 192
2493 193
2493 194
2493 195
2493 196
2493 197
2493 256
2493 257
2493 258
2493 259
2493 260
2493 261
2493 262
2493 263
2493 264
2493 265
2493 266
2494 198
2494 199
2494 200
2494 201
2494 202
2494 203
2494 204
2494 205
2494 206
2494 207
2494 208
2494 209
2494 210
2494 270
2494 271
2494 272
2494 273
2494 274
2495 208
2495 209
2495 210
2495 211
2495 212
2495 213
2495 214
2495 215
2495 216
2495 217
2495 218
2495 219
2495 220
2495 221
2496 218
2496 219
2496 220
2496 221
2496 222
2496 223
2496 224
2496 225
2496 226
2496 227
2496 228
2496 229
2496 230
2496 231
2496 232
2496 233
2497 229
2497 230
2497 231
2497 232
2497 233
2497 234
2497 235
2497 236
2497 237
2497 238
2497 239
2497 240
2497 241
2497 242
2497 243
2498 240
2498 241
2498 242
2498 243
2498 244
2498 245
2498 246
2498 247
2498 248
2498 249
2498 250
2498 251
2498 252
2498 253
2498 254
2499 187
2499 188
2499 189
2499 190
2499 191
2499 192
2499 252
2499 253
2499 254
2499 255
2499 256
2499 257
2499 258
2499 259
2499 260
2499 261
2499 262
2499 263
2500 195
2500 196
2500 197
2500 198
2500 199
2500 200
2500 201
2500 202
2500 203
2500 204
2500 205
2500 265
2500 266
2500 267
2500 268
2500 269
2500 270
2500 271
2500 272
2501 204
2501 205
2501 206
2501 207
2501 208
2501 209
2501 210
2501 211
2501 212
2501 213
2501 214
2501 215
2501 216
2501 217
2502 215
2502 216
2502 217
2502 218
2502 219
2502 220
2502 221
2502 222
2502 223
2502 224
2502 225
2502 226
2502 227
2502 228
2502 229
2503 225
2503 226
2503 227
2503 228
2503 229
2503 230
2503 231
2503 232
2503 233
2503 234
2503 235
2503 236
2503 237
2503 238
2503 239
2503 240
2504 236
2504 237
2504 238
2504 239
2504 240
2504 241
2504 242
2504 243
2504 244
2504 245
2504 246
2504 247
2504 248
2504 249
2504 250
2505 248
2505 249
2505 250
2505 251
2505 252
2505 253
2505 254
2505 255
2505 256
2505 257
2505 258
2505 259
2505 260
2506 192
2506 193
2506 194
2506 195
2506 196
2506 197
2506 198
2506 199
2506 200
2506 201
2506 260
2506 261
2506 262
2506 263
2506 264
2506 265
2506 266
2506 267
2506 268
2506 269
2507 201
2507 202
2507 203
2507 204
2507 205
2507 206
2507 207
2507 208
2507 209
2507 210
2507 211
2507 212
2507 213
2508 211
2508 212
2508 213
2508 214
2508 215
2508 216
2508 217
2508 218
2508 219
2508 220
2508 221
2508 222
2508 223
2508 224
2508 225
2509 222
2509 223
2509 224
2509 225
2509 226
2509 227
2509 228
2509 229
2509 230
2509 231
2509 232
2509 233
2509 234
2509 235
2509 236
2510 232
2510 233
2510 234
2510 235
2510 236
2510 237
2510 238
2510 239
2510 240
2510 241
2510 242
2510 243
2510 244
2510 245
2510 246
2510 247
2511 244
2511 245
2511 246
2511 247
2511 248
2511 249
2511 250
2511 251
2511 252
2511 253
2511 254
2511 255
2511 256
2511 257
2512 190
2512 191
2512 192
2512 193
2512 194
2512 195
2512 196
2512 256
2512 257
2512 258
2512 259
2512 260
2512 261
2512 262
2512 263
2512 264
2512 265
2512 266
2513 198
2513 199
2513 200
2513 201
2513 202
2513 203
2513 204
2513 205
2513 206
2513 207
2513 208
2513 209
2513 269
2513 270
2513 271
2513 272
2513 273
2513 274
2514 208
2514 209
2514 210
2514 211
2514 212
2514 213
2514 214
2514 215
2514 216
2514 217
2514 218
2514 219
2514 220
2514 221
2515 218
2515 219
2515 220
2515 221
2515 222
2515 223
2515 224
2515 225
2515 226
2515 227
2515 228
2515 229
2515 230
2515 231
2515 232
2516 229
2516 230
2516 231
2516 232
2516 233
2516 234
2516 235
2516 236
2516 237
2516 238
2516 239
2516 240
2516 241
2516 242
2516 243
2517 240
2517 241
2517 242
2517 243
2517 244
2517 245
2517 246
2517 247
2517 248
2517 249
2517 250
2517 251
2517 252
2517 253
2518 188
2518 189
2518 190
2518 191
2518 251
2518 252
2518 253
2518 254
2518 255
2518 256
2518 257
2518 258
2518 259
2518 260
2518 261
2518 262
2518 263
2519 195
2519 196
2519 197
2519 198
2519 199
2519 200
2519 201
2519 202
2519 203
2519 204
2519 205
2519 264
2519 265
2519 266
2519 267
2519 268
2519 269
2519 270
2519 271
2519 272
2520 204
2520 205
2520 206
2520 207
2520 208
2520 209
2520 210
2520 211
2520 212
2520 213
2520 214
2520 215
2520 216
2520 217
2521 214
2521 215
2521 216
2521 217
2521 218
2521 219
2521 220
2521 221
2521 222
2521 223
2521 224
2521 225
2521 226
2521 227
2521 228
2522 225
2522 226
2522 227
2522 228
2522 229
2522 230
2522 231
2522 232
2522 233
2522 234
2522 235
2522 236
2522 237
2522 238
2522 239
2523 236
2523 237
2523 238
2523 239
2523 240
2523 241
2523 242
2523 243
2523 244
2523 245
2523 246
2523 247
2523 248
2523 249
2523 250
2524 247
2524 248
2524 249
2524 250
2524 251
2524 252
2524 253
2524 254
2524 255
2524 256
2524 257
2524 258
2524 259
2524 260
2525 192
2525 193
2525 194
2525 195
2525 196
2525 197
2525 198
2525 199
2525 200
2525 201
2525 260
2525 261
2525 262
2525 263
2525 264
2525 265
2525 266
2525 267
2525 268
2525 269
2526 201
2526 202
2526 203
2526 204
2526 205
2526 206
2526 207
2526 208
2526 209
2526 210
2526 211
2526 212
2526 213
2526 274
2526 275
2527 211
2527 212
2527 213
2527 214
2527 215
2527 216
2527 217
2527 218
2527 219
2527 220
2527 221
2527 222
2527 223
2527 224
2527 225
2528 221
2528 222
2528 223
2528 224
2528 225
2528 226
2528 227
2528 228
2528 229
2528 230
2528 231
2528 232
2528 233
2528 234
2528 235
2528 236
2529 232
2529 233
2529 234
2529 235
2529 236
2529 237
2529 238
2529 239
2529 240
2529 241
2529 242
2529 243
2529 244
2529 245
2529 246
2530 243
2530 244
2530 245
2530 246
2530 247
2530 248
2530 249
2530 250
2530 251
2530 252
2530 253
2530 254
2530 255
2530 256
2531 190
2531 191
2531 192
2531 193
2531 194
2531 195
2531 196
2531 255
2531 256
2531 257
2531 258
2531 259
2531 260
2531 261
2531 262
2531 263
2531 264
2531 265
2531 266
2532 198
2532 199
2532 200
2532 201
2532 202
2532 203
2532 204
2532 205
2532 206
2532 207
2532 208
2532 209
2532 268
2532 269
2532 270
2532 271
2532 272
2532 273
2532 274
2533 207
2533 208
2533 209
2533 210
2533 211
2533 212
2533 213
2533 214
2533 215
2533 216
2533 217
2533 218
2533 219
2533 220
2533 221
2534 218
2534 219
2534 220
2534 221
2534 222
2534 223
2534 224
2534 225
2534 226
2534 227
2534 228
2534 229
2534 230
2534 231
2534 232
2535 228
2535 229
2535 230
2535 231
2535 232
2535 233
2535 234
2535 235
2535 236
2535 237
2535 238
2535 239
2535 240
2535 241
2535 242
2535 243
2536 239
2536 240
2536 241
2536 242
2536 243
2536 244
2536 245
2536 246
2536 247
2536 248
2536 249
2536 250
2536 251
2536 252
2536 253
2537 188
2537 189
2537 190
2537 251
2537 252
2537 253
2537 254
2537 255
2537 256
2537 257
2537 258
2537 259
2537 260
2537 261
2537 262
2537 263
2538 195
2538 196
2538 197
2538 198
2538 199
2538 200
2538 201
2538 202
2538 203
2538 204
2538 205
2538 263
2538 264
2538 265
2538 266
2538 267
2538 268
2538 269
2538 270
2538 271
2539 204
2539 205
2539 206
2539 207
2539 208
2539 209
2539 210
2539 211
2539 212
2539 213
2539 214
2539 215
2539 216
2539 217
2540 214
2540 215
2540 216
2540 217
2540 218
2540 219
2540 220
2540 221
2540 222
2540 223
2540 224
2540 225
2540 226
2540 227
2540 228
2541 225
2541 226
2541 227
2541 228
2541 229
2541 230
2541 231
2541 232
2541 233
2541 234
2541 235
2541 236
2541 237
2541 238
2541 239
2542 236
2542 237
2542 238
2542 239
2542 240
2542 241
2542 242
2542 243
2542 244
2542 245
2542 246
2542 247
2542 248
2542 249
2543 247
2543 248
2543 249
2543 250
2543 251
2543 252
2543 253
2543 254
2543 255
2543 256
2543 257
2543 258
2543 259
2544 192
2544 193
2544 194
2544 195
2544 196
2544 197
2544 198
2544 199
2544 200
2544 259
2544 260
2544 261
2544 262
2544 263
2544 264
2544 265
2544 266
2544 267
2544 268
2544 269
2545 201
2545 202
2545 203
2545 204
2545 205
2545 206
2545 207
2545 208
2545 209
2545 210
2545 211
2545 212
2545 213
2545 273
2545 274
2545 275
2545 276
2546 211
2546 212
2546 213
2546 214
2546 215
2546 216
2546 217
2546 218
2546 219
2546 220
2546 221
2546 222
2546 223
2546 224
2547 221
2547 222
2547 223
2547 224
2547 225
2547 226
2547 227
2547 228
2547 229
2547 230
2547 231
2547 232
2547 233
2547 234
2547 235
2548 232
2548 233
2548 234
2548 235
2548 236
2548 237
2548 238
2548 239
2548 240
2548 241
2548 242
2548 243
2548 244
2548 245
2548 246
2549 243
2549 244
2549 245
2549 246
2549 247
2549 248
2549 249
2549 250
2549 251
2549 252
2549 253
2549 254
2549 255
2549 256
2550 190
2550 191
2550 192
2550 193
2550 194
2550 195
2550 255
2550 256
2550 257
2550 258
2550 259
2550 260
2550 261
2550 262
2550 263
2550 264
2550 265
2551 198
2551 199
2551 200
2551 201
2551 202
2551 203
2551 204
2551 205
2551 206
2551 207
2551 208
2551 268
2551 269
2551 270
2551 271
2551 272
2551 273
2551 274
2552 207
2552 208
2552 209
2552 210
2552 211
2552 212
2552 213
2552 214
2552 215
2552 216
2552 217
2552 218
2552 219
2552 220
2553 217
2553 218
2553 219
2553 220
2553 221
2553 222
2553 223
2553 224
2553 225
2553 226
2553 227
2553 228
2553 229
2553 230
2553 231
2554 228
2554 229
2554 230
2554 231
2554 232
2554 233
2554 234
2554 235
2554 236
2554 237
2554 238
2554 239
2554 240
2554 241
2554 242
2555 239
2555 240
2555 241
2555 242
2555 243
2555 244
2555 245
2555 246
2555 247
2555 248
2555 249
2555 250
2555 251
2555 252
2555 253
2556 251
2556 252
2556 253
2556 254
2556 255
2556 256
2556 257
2556 258
2556 259
2556 260
2556 261
2556 262
2557 195
2557 196
2557 197
2557 198
2557 199
2557 200
2557 201
2557 202
2557 203
2557 204
2557 263
2557 264
2557 265
2557 266
2557 267
2557 268
2557 269
2557 270
2557 271
2558 204
2558 205
2558 206
2558 207
2558 208
2558 209
2558 210
2558 211
2558 212
2558 213
2558 214
2558 215
2558 216
2559 214
2559 215
2559 216
2559 217
2559 218
2559 219
2559 220
2559 221
2559 222
2559 223
2559 224
2559 225
2559 226
2559 227
2559 228
2560 224
2560 225
2560 226
2560 227
2560 228
2560 229
2560 230
2560 231
2560 232
2560 233
2560 234
2560 235
2560 236
2560 237
2560 238
2560 239
2561 235
2561 236
2561 237
2561 238
2561 239
2561 240
2561 241
2561 242
2561 243
2561 244
2561 245
2561 246
2561 247
2561 248
2561 249
2562 246
2562 247
2562 248
2562 249
2562 250
2562 251
2562 252
2562 253
2562 254
2562 255
2562 256
2562 257
2562 258
2562 259
2563 192
2563 193
2563 194
2563 195
2563 196
2563 197
2563 198
2563 199
2563 200
2563 259
2563 260
2563 261
2563 262
2563 263
2563 264
2563 265
2563 266
2563 267
2563 268
2564 201
2564 202
2564 203
2564 204
2564 205
2564 206
2564 207
2564 208
2564 209
2564 210
2564 211
2564 212
2564 272
2564 273
2564 274
2564 275
2565 210
2565 211
2565 212
2565 213
2565 214
2565 215
2565 216
2565 217
2565 218
2565 219
2565 220
2565 221
2565 222
2565 223
2565 224
2566 221
2566 222
2566 223
2566 224
2566 225
2566 226
2566 227
2566 228
2566 229
2566 230
2566 231
2566 232
2566 233
2566 234
2566 235
2567 231
2567 232
2567 233
2567 234
2567 235
2567 236
2567 237
2567 238
2567 239
2567 240
2567 241
2567 242
2567 243
2567 244
2567 245
2568 243
2568 244
2568 245
2568 246
2568 247
2568 248
2568 249
2568 250
2568 251
2568 252
2568 253
2568 254
2568 255
2568 256
2569 190
2569 191
2569 192
2569 193
2569 194
2569 195
2569 254
2569 255
2569 256
2569 257
2569 258
2569 259
2569 260
2569 261
2569 262
2569 263
2569 264
2569 265
2570 198
2570 199
2570 200
2570 201
2570 202
2570 203
2570 204
2570 205
2570 206
2570 207
2570 208
2570 267
2570 268
2570 269
2570 270
2570 271
2570 272
2570 273
2571 207
2571 208
2571 209
2571 210
2571 211
2571 212
2571 213
2571 214
2571 215
2571 216
2571 217
2571 218
2571 219
2571 220
2572 217
2572 218
2572 219
2572 220
2572 221
2572 222
2572 223
2572 224
2572 225
2572 226
2572 227
2572 228
2572 229
2572 230
2572 231
2573 228
2573 229
2573 230
2573 231
2573 232
2573 233
2573 234
2573 235
2573 236
2573 237
2573 238
2573 239
2573 240
2573 241
2573 242
2574 239
2574 240
2574 241
2574 242
2574 243
2574 244
2574 245
2574 246
2574 247
2574 248
2574 249
2574 250
2574 251
2574 252
2575 250
2575 251
2575 252
2575 253
2575 254
2575 255
2575 256
2575 257
2575 258
2575 259
2575 260
2575 261
2575 262
2576 195
2576 196
2576 197
2576 198
2576 199
2576 200
2576 201
2576 202
2576 203
2576 204
2576 263
2576 264
2576 265
2576 266
2576 267
2576 268
2576 269
2576 270
2576 271
2577 204
2577 205
2577 206
2577 207
2577 208
2577 209
2577 210
2577 211
2577 212
2577 213
2577 214
2577 215
2577 216
2578 214
2578 215
2578 216
2578 217
2578 218
2578 219
2578 220
2578 221
2578 222
2578 223
2578 224
2578 225
2578 226
2578 227
2579 224
2579 225
2579 226
2579 227
2579 228
2579 229
2579 230
2579 231
2579 232
2579 233
2579 234
2579 235
2579 236
2579 237
2579 238
2580 235
2580 236
2580 237
2580 238
2580 239
2580 240
2580 241
2580 242
2580 243
2580 244
2580 245
2580 246
2580 247
2580 248
2581 246
2581 247
2581 248
2581 249
2581 250
2581 251
2581 252
2581 253
2581 254
2581 255
2581 256
2581 257
2581 258
2582 193
2582 194
2582 195
2582 196
2582 197
2582 198
2582 199
2582 258
2582 259
2582 260
2582 261
2582 262
2582 263
2582 264
2582 265
2582 266
2582 267
2582 268
2583 201
2583 202
2583 203
2583 204
2583 205
2583 206
2583 207
2583 208
2583 209
2583 210
2583 211
2583 212
2583 272
2583 273
2583 274
2583 275
2584 210
2584 211
2584 212
2584 213
2584 214
2584 215
2584 216
2584 217
2584 218
2584 219
2584 220
2584 221
2584 222
2584 223
2585 220
2585 221
2585 222
2585 223
2585 224
2585 225
2585 226
2585 227
2585 228
2585 229
2585 230
2585 231
2585 232
2585 233
2585 234
2586 231
2586 232
2586 233
2586 234
2586 235
2586 236
2586 237
2586 238
2586 239
2586 240
2586 241
2586 242
2586 243
2586 244
2586 245
2587 242
2587 243
2587 244
2587 245
2587 246
2587 247
2587 248
2587 249
2587 250
2587 251
2587 252
2587 253
2587 254
2587 255
2588 191
2588 192
2588 193
2588 194
2588 254
2588 255
2588 256
2588 257
2588 258
2588 259
2588 260
2588 261
2588 262
2588 263
2588 264
2588 265
2589 198
2589 199
2589 200
2589 201
2589 202
2589 203
2589 204
2589 205
2589 206
2589 207
2589 267
2589 268
2589 269
2589 270
2589 271
2589 272
2589 273
2590 207
2590 208
2590 209
2590 210
2590 211
2590 212
2590 213
2590 214
2590 215
2590 216
2590 217
2590 218
2590 219
2591 217
2591 218
2591 219
2591 220
2591 221
2591 222
2591 223
2591 224
2591 225
2591 226
2591 227
2591 228
2591 229
2591 230
2591 231
2592 227
2592 228
2592 229
2592 230
2592 231
2592 232
2592 233
2592 234
2592 235
2592 236
2592 237
2592 238
2592 239
2592 240
2592 241
2593 238
2593 239
2593 240
2593 241
2593 242
2593 243
2593 244
2593 245
2593 246
2593 247
2593 248
2593 249
2593 250
2593 251
2593 252
2594 250
2594 251
2594 252
2594 253
2594 254
2594 255
2594 256
2594 257
2594 258
2594 259
2594 260
2594 261
2595 195
2595 196
2595 197
2595 198
2595 199
2595 200
2595 201
2595 202
2595 203
2595 262
2595 263
2595 264
2595 265
2595 266
2595 267
2595 268
2595 269
2595 270
2596 204
2596 205
2596 206
2596 207
2596 208
2596 209
2596 210
2596 211
2596 212
2596 213
2596 214
2596 215
2597 214
2597 215
2597 216
2597 217
2597 218
2597 219
2597 220
2597 221
2597 222
2597 223
2597 224
2597 225
2597 226
2597 227
2598 224
2598 225
2598 226
2598 227
2598 228
2598 229
2598 230
2598 231
2598 232
2598 233
2598 234
2598 235
2598 236
2598 237
2598 238
2599 235
2599 236
2599 237
2599 238
2599 239
2599 240
2599 241
2599 242
2599 243
2599 244
2599 245
2599 246
2599 247
2599 248
2600 246
2600 247
2600 248
2600 249
2600 250
2600 251
2600 252
2600 253
2600 254
2600 255
2600 256
2600 257
2600 258
2601 193
2601 194
2601 195
2601 196
2601 197
2601 198
2601 258
2601 259
2601 260
2601 261
2601 262
2601 263
2601 264
2601 265
2601 266
2601 267
2602 201
2602 202
2602 203
2602 204
2602 205
2602 206
2602 207
2602 208
2602 209
2602 210
2602 211
2602 272
2602 273
2602 274
2603 210
2603 211
2603 212
2603 213
2603 214
2603 215
2603 216
2603 217
2603 218
2603 219
2603 220
2603 221
2603 222
2603 223
2604 220
2604 221
2604 222
2604 223
2604 224
2604 225
2604 226
2604 227
2604 228
2604 229
2604 230
2604 231
2604 232
2604 233
2604 234
2605 231
2605 232
2605 233
2605 234
2605 235
2605 236
2605 237
2605 238
2605 239
2605 240
2605 241
2605 242
2605 243
2605 244
2606 242
2606 243
2606 244
2606 245
2606 246
2606 247
2606 248
2606 249
2606 250
2606 251
2606 252
2606 253
2606 254
2607 254
2607 255
2607 256
2607 257
2607 258
2607 259
2607 260
2607 261
2607 262
2607 263
2607 264
2608 198
2608 199
2608 200
2608 201
2608 202
2608 203
2608 204
2608 205
2608 206
2608 207
2608 267
2608 268
2608 269
2608 270
2608 271
2608 272
2609 207
2609 208
2609 209
2609 210
2609 211
2609 212
2609 213
2609 214
2609 215
2609 216
2609 217
2609 218
2609 219
2610 217
2610 218
2610 219
2610 220
2610 221
2610 222
2610 223
2610 224
2610 225
2610 226
2610 227
2610 228
2610 229
2610 230
2611 227
2611 228
2611 229
2611 230
2611 231
2611 232
2611 233
2611 234
2611 235
2611 236
2611 237
2611 238
2611 239
2611 240
2611 241
2612 238
2612 239
2612 240
2612 241
2612 242
2612 243
2612 244
2612 245
2612 246
2612 247
2612 248
2612 249
2612 250
2612 251
2613 250
2613 251
2613 252
2613 253
2613 254
2613 255
2613 256
2613 257
2613 258
2613 259
2613 260
2613 261
2614 195
2614 196
2614 197
2614 198
2614 199
2614 200
2614 201
2614 202
2614 262
2614 263
2614 264
2614 265
2614 266
2614 267
2614 268
2614 269
2614 270
2615 204
2615 205
2615 206
2615 207
2615 208
2615 209
2615 210
2615 211
2615 212
2615 213
2615 214
2615 215
2616 213
2616 214
2616 215
2616 216
2616 217
2616 218
2616 219
2616 220
2616 221
2616 222
2616 223
2616 224
2616 225
2616 226
2617 224
2617 225
2617 226
2617 227
2617 228
2617 229
2617 230
2617 231
2617 232
2617 233
2617 234
2617 235
2617 236
2617 237
2618 234
2618 235
2618 236
2618 237
2618 238
2618 239
2618 240
2618 241
2618 242
2618 243
2618 244
2618 245
2618 246
2618 247
2619 246
2619 247
2619 248
2619 249
2619 250
2619 251
2619 252
2619 253
2619 254
2619 255
2619 256
2619 257
2620 193
2620 194
2620 195
2620 196
2620 197
2620 198
2620 258
2620 259
2620 260
2620 261
2620 262
2620 263
2620 264
2620 265
2620 266
2620 267
2621 201
2621 202
2621 203
2621 204
2621 205
2621 206
2621 207
2621 208
2621 209
2621 210
2621 211
2621 273
2622 210
2622 211
2622 212
2622 213
2622 214
2622 215
2622 216
2622 217
2622 218
2622 219
2622 220
2622 221
2622 222
2623 220
2623 221
2623 222
2623 223
2623 224
2623 225
2623 226
2623 227
2623 228
2623 229
2623 230
2623 231
2623 232
2623 233
2624 231
2624 232
2624 233
2624 234
2624 235
2624 236
2624 237
2624 238
2624 239
2624 240
2624 241
2624 242
2624 243
2624 244
2625 242
2625 243
2625 244
2625 245
2625 246
2625 247
2625 248
2625 249
2625 250
2625 251
2625 252
2625 253
2625 254
2626 254
2626 255
2626 256
2626 257
2626 258
2626 259
2626 260
2626 261
2626 262
2626 263
2627 198
2627 199
2627 200
2627 201
2627 202
2627 203
2627 204
2627 205
2627 206
2627 267
2627 268
2627 269
2627 270
2627 271
2628 207
2628 208
2628 209
2628 210
2628 211
2628 212
2628 213
2628 214
2628 215
2628 216
2628 217
2628 218
2629 217
2629 218
2629 219
2629 220
2629 221
2629 222
2629 223
2629 224
2629 225
2629 226
2629 227
2629 228
2629 229
2630 227
2630 228
2630 229
2630 230
2630 231
2630 232
2630 233
2630 234
2630 235
2630 236
2630 237
2630 238
2630 239
2630 240
2631 238
2631 239
2631 240
2631 241
2631 242
2631 243
2631 244
2631 245
2631 246
2631 247
2631 248
2631 249
2631 250
2632 250
2632 251
2632 252
2632 253
2632 254
2632 255
2632 256
2632 257
2632 258
2632 259
2632 260
2633 196
2633 197
2633 198
2633 199
2633 200
2633 201
2633 202
2633 262
2633 263
2633 264
2633 265
2633 266
2633 267
2633 268
2633 269
2634 204
2634 205
2634 206
2634 207
2634 208
2634 209
2634 210
2634 211
2634 212
2634 213
2634 214
2635 213
2635 214
2635 215
2635 216
2635 217
2635 218
2635 219
2635 220
2635 221
2635 222
2635 223
2635 224
2635 225
2635 226
2636 224
2636 225
2636 226
2636 227
2636 228
2636 229
2636 230
2636 231
2636 232
2636 233
2636 234
2636 235
2636 236
2637 234
2637 235
2637 236
2637 237
2637 238
2637 239
2637 240
2637 241
2637 242
2637 243
2637 244
2637 245
2637 246
2637 247
2638 246
2638 247
2638 248
2638 249
2638 250
2638 251
2638 252
2638 253
2638 254
2638 255
2638 256
2638 257
2639 194
2639 195
2639 196
2639 258
2639 259
2639 260
2639 261
2639 262
2639 263
2639 264
2639 265
2639 266
2640 201
2640 202
2640 203
2640 204
2640 205
2640 206
2640 207
2640 208
2640 209
2640 210
2641 210
2641 211
2641 212
2641 213
2641 214
2641 215
2641 216
2641 217
2641 218
2641 219
2641 220
2641 221
2641 222
2642 220
2642 221
2642 222
2642 223
2642 224
2642 225
2642 226
2642 227
2642 228
2642 229
2642 230
2642 231
2642 232
2642 233
2643 231
2643 232
2643 233
2643 234
2643 235
2643 236
2643 237
2643 238
2643 239
2643 240
2643 241
2643 242
2643 243
2644 242
2644 243
2644 244
2644 245
2644 246
2644 247
2644 248
2644 249
2644 250
2644 251
2644 252
2644 253
2645 254
2645 255
2645 256
2645 257
2645 258
2645 259
2645 260
2645 261
2645 262
2645 263
2646 198
2646 199
2646 200
2646 201
2646 202
2646 203
2646 204
2646 205
2646 206
2646 267
2646 268
2646 269
2646 270
2647 207
2647 208
2647 209
2647 210
2647 211
2647 212
2647 213
2647 214
2647 215
2647 216
2647 217
2647 218
2648 217
2648 218
2648 219
2648 220
2648 221
2648 222
2648 223
2648 224
2648 225
2648 226
2648 227
2648 228
2648 229
2649 227
2649 228
2649 229
2649 230
2649 231
2649 232
2649 233
2649 234
2649 235
2649 236
2649 237
2649 238
2649 239
2650 238
2650 239
2650 240
2650 241
2650 242
2650 243
2650 244
2650 245
2650 246
2650 247
2650 248
2650 249
2650 250
2651 250
2651 251
2651 252
2651 253
2651 254
2651 255
2651 256
2651 257
2651 258
2651 259
2652 196
2652 197
2652 198
2652 199
2652 200
2652 201
2652 262
2652 263
2652 264
2652 265
2652 266
2652 267
2652 268
2653 204
2653 205
2653 206
2653 207
2653 208
2653 209
2653 210
2653 211
2653 212
2653 213
2653 214
2654 214
2654 215
2654 216
2654 217
2654 218
2654 219
2654 220
2654 221
2654 222
2654 223
2654 224
2654 225
2655 224
2655 225
2655 226
2655 227
2655 228
2655 229
2655 230
2655 231
2655 232
2655 233
2655 234
2655 235
2655 236
2656 234
2656 235
2656 236
2656 237
2656 238
2656 239
2656 240
2656 241
2656 242
2656 243
2656 244
2656 245
2656 246
2657 246
2657 247
2657 248
2657 249
2657 250
2657 251
2657 252
2657 253
2657 254
2657 255
2657 256
2658 258
2658 259
2658 260
2658 261
2658 262
2658 263
2658 264
2658 265
2659 201
2659 202
2659 203
2659 204
2659 205
2659 206
2659 207
2659 208
2659 209
2660 210
2660 211
2660 212
2660 213
2660 214
2660 215
2660 216
2660 217
2660 218
2660 219
2660 220
2660 221
2661 220
2661 221
2661 222
2661 223
2661 224
2661 225
2661 226
2661 227
2661 228
2661 229
2661 230
2661 231
2661 232
2662 231
2662 232
2662 233
2662 234
2662 235
2662 236
2662 237
2662 238
2662 239
2662 240
2662 241
2662 242
2663 242
2663 243
2663 244
2663 245
2663 246
2663 247
2663 248
2663 249
2663 250
2663 251
2663 252
2663 253
2664 254
2664 255
2664 256
2664 257
2664 258
2664 259
2664 260
2664 261
2664 262
2665 199
2665 200
2665 201
2665 202
2665 203
2665 204
2665 205
2666 207
2666 208
2666 209
2666 210
2666 211
2666 212
2666 213
2666 214
2666 215
2666 216
2666 217
2667 217
2667 218
2667 219
2667 220
2667 221
2667 222
2667 223
2667 224
2667 225
2667 226
2667 227
2667 228
2668 227
2668 228
2668 229
2668 230
2668 231
2668 232
2668 233
2668 234
2668 235
2668 236
2668 237
2668 238
2668 239
2669 238
2669 239
2669 240
2669 241
2669 242
2669 243
2669 244
2669 245
2669 246
2669 247
2669 248
2669 249
2670 250
2670 251
2670 252
2670 253
2670 254
2670 255
2670 256
2670 257
2670 258
2670 259
2671 197
2671 198
2671 199
2671 200
2671 263
2671 264
2671 265
2671 266
2671 267
2672 204
2672 205
2672 206
2672 207
2672 208
2672 209
2672 210
2672 211
2672 212
2672 213
2673 214
2673 215
2673 216
2673 217
2673 218
2673 219
2673 220
2673 221
2673 222
2673 223
2673 224
2674 224
2674 225
2674 226
2674 227
2674 228
2674 229
2674 230
2674 231
2674 232
2674 233
2674 234
2674 235
2675 234
2675 235
2675 236
2675 237
2675 238
2675 239
2675 240
2675 241
2675 242
2675 243
2675 244
2675 245
2676 246
2676 247
2676 248
2676 249
2676 250
2676 251
2676 252
2676 253
2676 254
2676 255
2677 258
2677 259
2677 260
2677 261
2677 262
2677 263
2677 264
2678 202
2678 203
2678 204
2678 205
2678 206
2678 207
2678 208
2678 209
2679 211
2679 212
2679 213
2679 214
2679 215
2679 216
2679 217
2679 218
2679 219
2679 220
2680 220
2680 221
2680 222
2680 223
2680 224
2680 225
2680 226
2680 227
2680 228
2680 229
2680 230
2680 231
2681 231
2681 232
2681 233
2681 234
2681 235
2681 236
2681 237
2681 238
2681 239
2681 240
2681 241
2681 242
2682 242
2682 243
2682 244
2682 245
2682 246
2682 247
2682 248
2682 249
2682 250
2682 251
2682 252
2683 254
2683 255
2683 256
2683 257
2683 258
2683 259
2683 260
2683 261
2684 199
2684 200
2684 201
2684 202
2684 203
2684 204
2685 208
2685 209
2685 210
2685 211
2685 212
2685 213
2685 214
2685 215
2685 216
2686 217
2686 218
2686 219
2686 220
2686 221
2686 222
2686 223
2686 224
2686 225
2686 226
2686 227
2687 227
2687 228
2687 229
2687 230
2687 231
2687 232
2687 233
2687 234
2687 235
2687 236
2687 237
2687 238
2688 238
2688 239
2688 240
2688 241
2688 242
2688 243
2688 244
2688 245
2688 246
2688 247
2688 248
2689 250
2689 251
2689 252
2689 253
2689 254
2689 255
2689 256
2689 257
2689 258
2691 205
2691 206
2691 207
2691 208
2691 209
2691 210
2691 211
2691 212
2692 214
2692 215
2692 216
2692 217
2692 218
2692 219
2692 220
2692 221
2692 222
2692 223
2693 224
2693 225
2693 226
2693 227
2693 228
2693 229
2693 230
2693 231
2693 232
2693 233
2693 234
2694 235
2694 236
2694 237
2694 238
2694 239
2694 240
2694 241
2694 242
2694 243
2694 244
2694 245
2695 246
2695 247
2695 248
2695 249
2695 250
2695 251
2695 252
2695 253
2695 254
2696 259
2696 260
2696 261
2696 262
2697 202
2697 203
2697 204
2697 205
2697 206
2697 207
2697 208
2698 211
2698 212
2698 213
2698 214
2698 215
2698 216
2698 217
2698 218
2698 219
2699 221
2699 222
2699 223
2699 224
2699 225
2699 226
2699 227
2699 228
2699 229
2699 230
2700 231
2700 232
2700 233
2700 234
2700 235
2700 236
2700 237
2700 238
2700 239
2700 240
2700 241
2701 242
2701 243
2701 244
2701 245
2701 246
2701 247
2701 248
2701 249
2701 250
2701 251
2702 255
2702 256
2702 257
2702 258
2702 259
2703 201
2703 202
2704 208
2704 209
2704 210
2704 211
2704 212
2704 213
2704 214
2704 215
2705 217
2705 218
2705 219
2705 220
2705 221
2705 222
2705 223
2705 224
2705 225
2705 226
2705 227
2706 228
2706 229
2706 230
2706 231
2706 232
2706 233
2706 234
2706 235
2706 236
2706 237
2707 239
2707 240
2707 241
2707 242
2707 243
2707 244
2707 245
2707 246
2707 247
2708 251
2708 252
2708 253
2708 254
2708 255
2708 256
2710 205
2710 206
2710 207
2710 208
2710 209
2710 210
2710 211
2711 214
2711 215
2711 216
2711 217
2711 218
2711 219
2711 220
2711 221
2711 222
2711 223
2712 224
2712 225
2712 226
2712 227
2712 228
2712 229
2712 230
2712 231
2712 232
2712 233
2713 235
2713 236
2713 237
2713 238
2713 239
2713 240
2713 241
2713 242
2713 243
2713 244
2714 247
2714 248
2714 249
2714 250
2714 251
2714 252
2714 253
2716 203
2716 204
2716 205
2716 206
2717 211
2717 212
2717 213
2717 214
2717 215
2717 216
2717 217
2717 218
2717 219
2718 221
2718 222
2718 223
2718 224
2718 225
2718 226
2718 227
2718 228
2718 229
2718 230
2719 232
2719 233
2719 234
2719 235
2719 236
2719 237
2719 238
2719 239
2719 240
2720 243
2720 244
2720 245
2720 246
2720 247
2720 248
2720 249
2720 250
2723 209
2723 210
2723 211
2723 212
2723 213
2723 214
2724 218
2724 219
2724 220
2724 221
2724 222
2724 223
2724 224
2724 225
2724 226
2725 228
2725 229
2725 230
2725 231
2725 232
2725 233
2725 234
2725 235
2725 236
2726 239
2726 240
2726 241
2726 242
2726 243
2726 244
2726 245
2726 246
2727 252
2727 253
2727 254
2729 206
2729 207
2729 208
2729 209
2729 210
2730 215
2730 216
2730 217
2730 218
2730 219
2730 220
2730 221
2730 222
2731 225
2731 226
2731 227
2731 228
2731 229
2731 230
2731 231
2731 232
2732 236
2732 237
2732 238
2732 239
2732 240
2732 241
2732 242
2733 248
2733 249
2733 250
2733 251
2736 212
2736 213
2736 214
2736 215
2736 216
2736 217
2737 222
2737 223
2737 224
2737 225
2737 226
2737 227
2737 228
2738 232
2738 233
2738 234
2738 235
2738 236
2738 237
2738 238
2738 239
2739 244
2739 245
2739 246
2739 247
2739 248
2742 210
2742 211
2742 212
2742 213
2743 219
2743 220
2743 221
2743 222
2743 223
2743 224
2744 229
2744 230
2744 231
2744 232
2744 233
2744 234
2744 235
2745 240
2745 241
2745 242
2745 243
2745 244
2749 216
2749 217
2749 218
2749 219
2749 220
2750 226
2750 227
2750 228
2750 229
2750 230
2750 231
2751 237
2751 238
2751 239
2751 240
2751 241
2755 214
2755 215
2756 223
2756 224
2756 225
2756 226
2756 227
2757 234
2757 235
2757 236
2757 237
2762 220
2762 221
2762 222
2762 223
2763 231
2763 232
2763 233
2769 228
