653 136
656 135
656 136
659 134
659 135
659 136
662 133
662 134
662 135
662 136
665 133
665 134
665 135
668 132
668 133
668 134
668 135
671 131
671 132
671 133
671 134
671 135
674 131
674 132
674 133
674 134
674 135
677 130
677 131
677 132
677 133
677 134
680 130
680 131
680 132
680 133
680 134
681 151
681 152
683 129
683 130
683 131
683 132
683 133
684 150
684 151
684 152
686 128
686 129
686 130
686 131
686 132
686 133
687 149
687 150
687 151
687 152
689 128
689 129
689 130
689 131
689 132
689 133
690 148
690 149
690 150
690 151
692 127
692 128
692 129
692 130
692 131
692 132
693 147
693 148
693 149
693 150
693 151
695 127
695 128
695 129
695 130
695 131
695 132
696 147
696 148
696 149
696 150
696 151
698 126
698 127
698 128
698 129
698 130
698 131
699 146
699 147
699 148
699 149
699 150
699 151
701 126
701 127
701 128
701 129
701 130
701 131
702 145
702 146
702 147
702 148
702 149
702 150
704 125
704 126
704 127
704 128
704 129
704 130
704 131
705 145
705 146
705 147
705 148
705 149
705 150
707 125
707 126
707 127
707 128
707 129
707 130
708 144
708 145
708 146
708 147
708 148
708 149
708 150
710 124
710 125
710 126
710 127
710 128
710 129
710 130
711 143
711 144
711 145
711 146
711 147
711 148
711 149
713 124
713 125
713 126
713 127
713 128
713 129
714 143
714 144
714 145
714 146
714 147
714 148
714 149
716 123
716 124
716 125
716 126
716 127
716 128
716 129
717 142
717 143
717 144
717 145
717 146
717 147
717 148
717 149
719 123
719 124
719 125
719 126
719 127
719 128
720 142
720 143
720 144
720 145
720 146
720 147
720 148
722 122
722 123
722 124
722 125
722 126
722 127
722 128
723 141
723 142
723 143
723 144
723 145
723 146
723 147
723 148
725 122
725 123
725 124
725 125
725 126
725 127
726 141
726 142
726 143
726 144
726 145
726 146
726 147
726 148
728 121
728 122
728 123
728 124
728 125
728 126
728 127
729 140
729 141
729 142
729 143
729 144
729 145
729 146
729 147
731 121
731 122
731 123
731 124
731 125
731 126
732 139
732 140
732 141
732 142
732 143
732 144
732 145
732 146
732 147
734 120
734 121
734 122
734 123
734 124
734 125
734 126
735 139
735 140
735 141
735 142
735 143
735 144
735 145
735 146
737 120
737 121
737 122
737 123
737 124
737 125
738 138
738 139
738 140
738 141
738 142
738 143
738 144
738 145
738 146
740 119
740 120
740 121
740 122
740 123
740 124
740 125
741 138
741 139
741 140
741 141
741 142
741 143
741 144
741 145
741 146
742 160
742 161
743 119
743 120
743 121
743 122
743 123
743 124
743 125
744 137
744 138
744 139
744 140
744 141
744 142
744 143
744 144
744 145
745 159
745 160
745 161
746 119
746 120
746 121
746 122
746 123
746 124
747 137
747 138
747 139
747 140
747 141
747 142
747 143
747 144
747 145
748 158
748 159
748 160
748 161
749 118
749 119
749 120
749 121
749 122
749 123
749 124
750 136
750 137
750 138
750 139
750 140
750 141
750 142
750 143
750 144
751 158
751 159
751 160
751 161
752 118
752 119
752 120
752 121
752 122
752 123
753 136
753 137
753 138
753 139
753 140
753 141
753 142
753 143
753 144
754 157
754 158
754 159
754 160
754 161
755 117
755 118
755 119
755 120
755 121
755 122
755 123
756 135
756 136
756 137
756 138
756 139
756 140
756 141
756 142
756 143
757 156
757 157
757 158
757 159
757 160
757 161
758 117
758 118
758 119
758 120
758 121
758 122
759 135
759 136
759 137
759 138
759 139
759 140
759 141
759 142
759 143
760 156
760 157
760 158
760 159
760 160
761 117
761 118
761 119
761 120
761 121
762 134
762 135
762 136
762 137
762 138
762 139
762 140
762 141
762 142
762 143
763 155
763 156
763 157
763 158
763 159
763 160
764 116
764 117
764 118
764 119
764 120
764 121
765 134
765 135
765 136
765 137
765 138
765 139
765 140
765 141
765 142
766 154
766 155
766 156
766 157
766 158
766 159
766 160
767 116
767 117
767 118
767 119
767 120
768 133
768 134
768 135
768 136
768 137
768 138
768 139
768 140
768 141
768 142
769 154
769 155
769 156
769 157
769 158
769 159
770 115
770 116
770 117
770 118
770 119
770 120
771 133
771 134
771 135
771 136
771 137
771 138
771 139
771 140
771 141
772 153
772 154
772 155
772 156
772 157
772 158
772 159
773 115
773 116
773 117
773 118
773 119
774 132
774 133
774 134
774 135
774 136
774 137
774 138
774 139
774 140
774 141
775 153
775 154
775 155
775 156
775 157
775 158
775 159
776 115
776 116
776 117
776 118
776 119
777 132
777 133
777 134
777 135
777 136
777 137
777 138
777 139
777 140
778 152
778 153
778 154
778 155
778 156
778 157
778 158
779 114
779 115
779 116
779 117
779 118
780 131
780 132
780 133
780 134
780 135
780 136
780 137
780 138
780 139
780 140
781 151
781 152
781 153
781 154
781 155
781 156
781 157
781 158
782 114
782 115
782 116
782 117
782 118
783 131
783 132
783 133
783 134
783 135
783 136
783 137
783 138
783 139
784 151
784 152
784 153
784 154
784 155
784 156
784 157
784 158
785 114
785 115
785 116
785 117
786 130
786 131
786 132
786 133
786 134
786 135
786 136
786 137
786 138
786 139
787 150
787 151
787 152
787 153
787 154
787 155
787 156
787 157
788 113
788 114
788 115
788 116
789 130
789 131
789 132
789 133
789 134
789 135
789 136
789 137
789 138
789 139
790 150
790 151
790 152
790 153
790 154
790 155
790 156
790 157
791 113
791 114
791 115
791 116
792 129
792 130
792 131
792 132
792 133
792 134
792 135
792 136
792 137
792 138
793 149
793 150
793 151
793 152
793 153
793 154
793 155
793 156
793 157
794 113
794 114
794 115
795 129
795 130
795 131
795 132
795 133
795 134
795 135
795 136
795 137
795 138
796 149
796 150
796 151
796 152
796 153
796 154
796 155
796 156
797 113
797 114
798 128
798 129
798 130
798 131
798 132
798 133
798 134
798 135
798 136
798 137
799 148
799 149
799 150
799 151
799 152
799 153
799 154
799 155
799 156
800 113
800 114
801 128
801 129
801 130
801 131
801 132
801 133
801 134
801 135
801 136
801 137
802 148
802 149
802 150
802 151
802 152
802 153
802 154
802 155
803 113
804 128
804 129
804 130
804 131
804 132
804 133
804 134
804 135
804 136
805 147
805 148
805 149
805 150
805 151
805 152
805 153
805 154
805 155
807 127
807 128
807 129
807 130
807 131
807 132
807 133
807 134
807 135
807 136
808 147
808 148
808 149
808 150
808 151
808 152
808 153
808 154
810 127
810 128
810 129
810 130
810 131
810 132
810 133
810 134
810 135
811 146
811 147
811 148
811 149
811 150
811 151
811 152
811 153
811 154
813 126
813 127
813 128
813 129
813 130
813 131
813 132
813 133
813 134
813 135
814 146
814 147
814 148
814 149
814 150
814 151
814 152
814 153
814 154
816 126
816 127
816 128
816 129
816 130
816 131
816 132
816 133
816 134
817 145
817 146
817 147
817 148
817 149
817 150
817 151
817 152
817 153
819 125
819 126
819 127
819 128
819 129
819 130
819 131
819 132
819 133
819 134
820 145
820 146
820 147
820 148
820 149
820 150
820 151
820 152
820 153
822 125
822 126
822 127
822 128
822 129
822 130
822 131
822 132
822 133
823 144
823 145
823 146
823 147
823 148
823 149
823 150
823 151
823 152
825 125
825 126
825 127
825 128
825 129
825 130
825 131
825 132
825 133
826 144
826 145
826 146
826 147
826 148
826 149
826 150
826 151
826 152
828 124
828 125
828 126
828 127
828 128
828 129
828 130
828 131
828 132
829 143
829 144
829 145
829 146
829 147
829 148
829 149
829 150
829 151
829 152
831 124
831 125
831 126
831 127
831 128
831 129
831 130
831 131
831 132
832 143
832 144
832 145
832 146
832 147
832 148
832 149
832 150
832 151
834 123
834 124
834 125
834 126
834 127
834 128
834 129
834 130
834 131
835 142
835 143
835 144
835 145
835 146
835 147
835 148
835 149
835 150
835 151
836 165
836 166
837 123
837 124
837 125
837 126
837 127
837 128
837 129
837 130
837 131
838 142
838 143
838 144
838 145
838 146
838 147
838 148
838 149
838 150
839 164
839 165
839 166
840 123
840 124
840 125
840 126
840 127
840 128
840 129
840 130
841 141
841 142
841 143
841 144
841 145
841 146
841 147
841 148
841 149
841 150
842 164
842 165
843 122
843 123
843 124
843 125
843 126
843 127
843 128
843 129
843 130
844 141
844 142
844 143
844 144
844 145
844 146
844 147
844 148
844 149
845 163
845 164
845 165
846 122
846 123
846 124
846 125
846 126
846 127
846 128
846 129
847 140
847 141
847 142
847 143
847 144
847 145
847 146
847 147
847 148
847 149
848 162
848 163
848 164
848 165
849 121
849 122
849 123
849 124
849 125
849 126
849 127
849 128
849 129
850 140
850 141
850 142
850 143
850 144
850 145
850 146
850 147
850 148
851 162
851 163
851 164
852 121
852 122
852 123
852 124
852 125
852 126
852 127
852 128
853 140
853 141
853 142
853 143
853 144
853 145
853 146
853 147
853 148
854 161
854 162
854 163
854 164
855 121
855 122
855 123
855 124
855 125
855 126
855 127
855 128
856 139
856 140
856 141
856 142
856 143
856 144
856 145
856 146
856 147
856 148
857 160
857 161
857 162
857 163
857 164
858 120
858 121
858 122
858 123
858 124
858 125
858 126
858 127
859 139
859 140
859 141
859 142
859 143
859 144
859 145
859 146
859 147
860 160
860 161
860 162
860 163
861 120
861 121
861 122
861 123
861 124
861 125
861 126
861 127
862 138
862 139
862 140
862 141
862 142
862 143
862 144
862 145
862 146
862 147
863 159
863 160
863 161
863 162
863 163
864 120
864 121
864 122
864 123
864 124
864 125
864 126
865 138
865 139
865 140
865 141
865 142
865 143
865 144
865 145
865 146
866 159
866 160
866 161
866 162
866 163
867 119
867 120
867 121
867 122
867 123
867 124
867 125
867 126
868 137
868 138
868 139
868 140
868 141
868 142
868 143
868 144
868 145
868 146
869 158
869 159
869 160
869 161
869 162
870 119
870 120
870 121
870 122
870 123
870 124
870 125
871 137
871 138
871 139
871 140
871 141
871 142
871 143
871 144
871 145
872 158
872 159
872 160
872 161
872 162
873 119
873 120
873 121
873 122
873 123
873 124
873 125
874 137
874 138
874 139
874 140
874 141
874 142
874 143
874 144
874 145
875 157
875 158
875 159
875 160
875 161
875 162
876 118
876 119
876 120
876 121
876 122
876 123
876 124
877 136
877 137
877 138
877 139
877 140
877 141
877 142
877 143
877 144
878 157
878 158
878 159
878 160
878 161
879 118
879 119
879 120
879 121
879 122
879 123
879 124
880 136
880 137
880 138
880 139
880 140
880 141
880 142
880 143
880 144
881 156
881 157
881 158
881 159
881 160
881 161
882 118
882 119
882 120
882 121
882 122
882 123
883 135
883 136
883 137
883 138
883 139
883 140
883 141
883 142
883 143
884 156
884 157
884 158
884 159
884 160
885 117
885 118
885 119
885 120
885 121
885 122
886 135
886 136
886 137
886 138
886 139
886 140
886 141
886 142
886 143
887 155
887 156
887 157
887 158
887 159
887 160
888 117
888 118
888 119
888 120
888 121
888 122
889 134
889 135
889 136
889 137
889 138
889 139
889 140
889 141
889 142
890 155
890 156
890 157
890 158
890 159
891 117
891 118
891 119
891 120
891 121
892 134
892 135
892 136
892 137
892 138
892 139
892 140
892 141
892 142
893 154
893 155
893 156
893 157
893 158
893 159
894 117
894 118
894 119
894 120
894 121
895 134
895 135
895 136
895 137
895 138
895 139
895 140
895 141
896 154
896 155
896 156
896 157
896 158
896 159
897 116
897 117
897 118
897 119
897 120
898 133
898 134
898 135
898 136
898 137
898 138
898 139
898 140
898 141
899 154
899 155
899 156
899 157
899 158
900 116
900 117
900 118
900 119
901 133
901 134
901 135
901 136
901 137
901 138
901 139
901 140
902 153
902 154
902 155
902 156
902 157
902 158
903 116
903 117
903 118
904 133
904 134
904 135
904 136
904 137
904 138
904 139
904 140
905 153
905 154
905 155
905 156
905 157
906 116
906 117
906 118
907 132
907 133
907 134
907 135
907 136
907 137
907 138
907 139
908 152
908 153
908 154
908 155
908 156
908 157
909 116
909 117
910 132
910 133
910 134
910 135
910 136
910 137
910 138
910 139
911 152
911 153
911 154
911 155
911 156
913 131
913 132
913 133
913 134
913 135
913 136
913 137
913 138
914 151
914 152
914 153
914 154
914 155
914 156
916 131
916 132
916 133
916 134
916 135
916 136
916 137
916 138
917 151
917 152
917 153
917 154
917 155
919 131
919 132
919 133
919 134
919 135
919 136
919 137
920 151
920 152
920 153
920 154
920 155
922 130
922 131
922 132
922 133
922 134
922 135
922 136
922 137
923 150
923 151
923 152
923 153
923 154
925 130
925 131
925 132
925 133
925 134
925 135
925 136
926 150
926 151
926 152
926 153
926 154
928 130
928 131
928 132
928 133
928 134
928 135
928 136
929 149
929 150
929 151
929 152
929 153
931 129
931 130
931 131
931 132
931 133
931 134
931 135
932 149
932 150
932 151
932 152
932 153
934 129
934 130
934 131
934 132
934 133
934 134
935 149
935 150
935 151
935 152
937 129
937 130
937 131
937 132
937 133
937 134
938 148
938 149
938 150
938 151
938 152
940 129
940 130
940 131
940 132
940 133
941 148
941 149
941 150
941 151
943 128
943 129
943 130
943 131
943 132
943 133
944 148
944 149
944 150
944 151
946 128
946 129
946 130
946 131
946 132
947 147
947 148
947 149
947 150
949 128
949 129
949 130
949 131
950 147
950 148
950 149
950 150
952 128
952 129
952 130
952 131
953 147
953 148
953 149
955 128
955 129
955 130
956 147
956 148
958 127
958 128
958 129
959 147
959 148
961 127
961 128
961 129
962 147
1408 289
1411 288
1411 289
1414 287
1414 288
1414 289
1417 287
1417 288
1417 289
1420 286
1420 287
1420 288
1423 286
1423 287
1423 288
1426 285
1426 286
1426 287
1426 288
1429 285
1429 286
1429 287
1429 288
1432 284
1432 285
1432 286
1432 287
1435 284
1435 285
1435 286
1435 287
1438 283
1438 284
1438 285
1438 286
1438 287
1441 283
1441 284
1441 285
1441 286
1444 282
1444 283
1444 284
1444 285
1444 286
1447 282
1447 283
1447 284
1447 285
1447 286
1450 281
1450 282
1450 283
1450 284
1450 285
1453 281
1453 282
1453 283
1453 284
1453 285
1456 280
1456 281
1456 282
1456 283
1456 284
1459 280
1459 281
1459 282
1459 283
1459 284
1462 279
1462 280
1462 281
1462 282
1462 283
1462 284
1465 279
1465 280
1465 281
1465 282
1465 283
1468 278
1468 279
1468 280
1468 281
1468 282
1468 283
1471 278
1471 279
1471 280
1471 281
1471 282
1474 278
1474 279
1474 280
1474 281
1474 282
1477 277
1477 278
1477 279
1477 280
1477 281
1480 277
1480 278
1480 279
1480 280
1480 281
1483 276
1483 277
1483 278
1483 279
1483 280
1483 281
1486 276
1486 277
1486 278
1486 279
1486 280
1489 276
1489 277
1489 278
1489 279
1489 280
1492 275
1492 276
1492 277
1492 278
1492 279
1495 275
1495 276
1495 277
1495 278
1495 279
1498 275
1498 276
1498 277
1498 278
1501 274
1501 275
1501 276
1501 277
1501 278
1504 274
1504 275
1504 276
1504 277
1507 274
1507 275
1507 276
1507 277
1510 273
1510 274
1510 275
1510 276
1513 273
1513 274
1513 275
1513 276
1516 273
1516 274
1516 275
1519 273
1519 274
1520 293
1522 272
1522 273
1522 274
1523 293
1525 272
1525 273
1526 292
1529 292
1532 291
1532 292
1535 291
1538 290
1538 291
1541 290
1544 290
1547 289
1751 512
1754 511
1754 512
1757 510
1757 511
1760 509
1760 510
1760 511
1763 509
1763 510
1763 511
1766 508
1766 509
1766 510
1769 508
1769 509
1769 510
1772 507
1772 508
1772 509
1772 510
1775 507
1775 508
1775 509
1778 506
1778 507
1778 508
1778 509
1781 506
1781 507
1781 508
1784 505
1784 506
1784 507
1784 508
1787 505
1787 506
1787 507
1787 508
1790 504
1790 505
1790 506
1790 507
1793 504
1793 505
1793 506
1793 507
1796 503
1796 504
1796 505
1796 506
1799 503
1799 504
1799 505
1799 506
1802 503
1802 504
1802 505
1803 523
1805 502
1805 503
1805 504
1806 522
1806 523
1808 502
1808 503
1808 504
1809 521
1809 522
1809 523
1811 502
1811 503
1812 521
1812 522
1812 523
1814 501
1814 502
1814 503
1815 520
1815 521
1815 522
1817 501
1817 502
1818 519
1818 520
1818 521
1818 522
1820 501
1821 519
1821 520
1821 521
1821 522
1824 518
1824 519
1824 520
1824 521
1827 518
1827 519
1827 520
1827 521
1830 517
1830 518
1830 519
1830 520
1830 521
1833 517
1833 518
1833 519
1833 520
1836 516
1836 517
1836 518
1836 519
1836 520
1839 516
1839 517
1839 518
1839 519
1842 515
1842 516
1842 517
1842 518
1842 519
1845 515
1845 516
1845 517
1845 518
1845 519
1848 514
1848 515
1848 516
1848 517
1848 518
1851 514
1851 515
1851 516
1851 517
1851 518
1854 513
1854 514
1854 515
1854 516
1854 517
1857 513
1857 514
1857 515
1857 516
1857 517
1860 512
1860 513
1860 514
1860 515
1860 516
1863 512
1863 513
1863 514
1863 515
1863 516
1866 511
1866 512
1866 513
1866 514
1866 515
1869 511
1869 512
1869 513
1869 514
1869 515
1872 511
1872 512
1872 513
1872 514
1875 510
1875 511
1875 512
1875 513
1875 514
1878 510
1878 511
1878 512
1878 513
1881 509
1881 510
1881 511
1881 512
1884 509
1884 510
1884 511
1884 512
1887 509
1887 510
1887 511
1890 508
1890 509
1890 510
1893 508
1893 509
1893 510
1896 508
1896 509
